ÃÄ«~¥N½X,¦³®Ä¤é´Á(°_),¦³®Ä¤é´Á(¨´),ÃÄ«~ª¬ºA,°Ó«~¤¤¤å¦WºÙ,°Ó«~­^¤å¦WºÙ,°Ó«~¾Ç¦W,³~®|,ÀW²v,ÃÄ²z¤ÀÃþ1,ÃÄ²z¤ÀÃþ2,¾¯«¬,¦¸³æ¦ì¾¯¶q,³q¥Î°Ó«~¦W,²Õ®Mµù°O,DCµù°O,DC´À¥NÃÄ,Á{±Äµù°O,¥i°hÃÄ,ÃÄ¥]¾÷,°·«O­­¨î,ÃÄÅÒ¦C¦Lµù°O,ÃÄ«~¶i¦ìµù°O,¾AÀ³¯g(¤¤)1,¾AÀ³¯g(¤¤)2,¾AÀ³¯g(­^)1,¾AÀ³¯g(­^)2,¥~Æ[(¤¤),¥~Æ[(­^),°Æ§@¥Î(¤¤),°Æ§@¥Î(­^),ºÞ¨î§Ü¥Í¯ÀÃþ§O,ªù¦í¶E¨Ï¥Îµù°O,¤¤¤å°Ó«~¦W,¼ÐÅÒ°Ó«~¦W,¬Ì­]ºØÃþ,¥»°|­­¨î,¶^­Ë°ª­·ÀIÃÄª«,»ó­GºÞ¥i¥Î,­¹ª«¥æ¤¬§@¥Î,Äµ»y(¤¤)1,Äµ»y(¤¤)2,Äµ»y(­^)1,Äµ»y(­^)2,³Æ¥ÎÄæ,³Æµù(­^),ÃÄ§½¤º³¡·¾³qMEMO,¯S®íÃÄ¨ÆªA°È¶O,³B¤èÅÒ¦C¦L¤ÀÃþ,Äµ»y,°ªÄµ°T,¾¯«¬´£¥Ü,³Ì¤jìH­È,³Ì¤pìH­È,»ÝªþªÅ°w,¥]¸Ë¶q,ÂIºw,¶E¶¡´£¥Ü,©T©w³~®|­­¨î,©T©wÀW²v­­¨î,ÃÄ«~¦¨¤Àµù°O,µoÃÄ½Ã±Ð,³s³B¦^§åµù°O,³s³B¶}¥ß­­¨î,¿i¯»µù°O,UD·|¹L±b,ÃÄ§½Àx¦ì,ªù¶E¨C¦¸¶q,¦í°|¨C¦¸¶q,ªù¶E¨C¦¸¶q³Ì¤j¶q,¦í°|¨C¦¸¶q³Ì¤j¶q,ªù¶E³Ì¤jµ¹ÃÄ¤Ñ¼Æ,¦í°|³Ì¤jµ¹ÃÄ¤Ñ¼Æ,ªù¶E¹w³]ªA¥Î¤Ñ¼Æ,¦í°|¹w³]ªA¥Î¤Ñ¼Æ,ªù¶E¨C¤é³Ì¤j¶q,¦í°|¨C¤é³Ì¤j¶q,ªù¦í¤p¨à¨C¤é·¥¶q/kg,ªù¦í¤p¨à¨C¦¸·¥¶q/kg,¨C¦¸¦í°|³Ì¤jÁ`¶q,¹Ï¤ù,¤p¨à°®¯»µ}ÄÀ²G,¤p¨à¾¯¶q´«ºâ1,¤p¨à¾¯¶q´«ºâ2,¤p¨à¾¯¶q´«ºâ3,¤p¨à¤é¾¯¶q«ØÄ³,ATC_CODE_1,ATC_CODE_2,ATC_CODE_3,ATC_CODE_4,ATC_CODE_5,DDD³æ¦ì¾¯¶q_­È,DDD³æ¦ì¾¯¶q_³æ¦ì,DDD_­È,DDD_³æ¦ì,­p»ù³æ¦ì,¨Æ«e¼f¬d,ªù¶Eµ¹¥I,¦í°|µ¹¥I,°·«O®Ö»ù¦¨¤À¦WºÙ,°·«OATC_CODE,°·«O¥N½X,¯S¶E°ê»ÚÂåÀø±M¥Î,HL7¾¯«¬¥N½X1,HL7¾¯«¬¥N½X2,¦M®`©ÊÃÄª«,ª`®g¾¯¦¸¤ÀÃþ,ª`®g¾¯¥]¸Ë¾¯¶q_­È,ª`®g¾¯¥]¸Ë¾¯¶q_³æ¦ì,¥]¸ËÅé¿n_­È,¥]¸ËÅé¿n_³æ¦ì,IVDµ}ÄÀ,¿éª`¼Ò¦¡,²§°Ê¤H­û,²§°Ê®É¶¡,°·«O»ù®æ,¦Û¶O»ù®æ
EAAO,20090401,99999999,°±¥Î,Alcos-Anal oint 20gm,Alcos-Anal oint 20gm,Sod Oleate + Poldocanol + Chlorocarvacrol,RECT,,ALIM,GI-08-00,¥~¥Î,¾A¶q,Alcos-Anal,«D²Õ®M,¼t°Ó¯Ê³f¡A¥i¬dÃþ¦üÃÄ,EXYL,¤@¯ë¥i¥Î,¬O,¤£¥i¥ÎÃÄ¥]¾÷,¥i¥Î,¤@¯ë,Á`¶q¶i¦ì,¾AÀ³¯g:²©½H,,Indication:Hemorrhoids; pruritus ani.,,¥~ Æ[:¥Õºñ¬Û¶¡³nºÞ,Appearance:20gm white/green tube,¼È®Éªº¨`¼ö·P,Transient burning,,¥u¥Î©óªù¶E¤Î¦í°|STAT,¯q²©±d³n»I,Alcos-Anal oint 20gm,,,§_,¬O,,¬°¥~¥ÎÃÄ«~¡A ½Ð§½³¡¨Ï¥Î¡A ¤Å±µÄ²²´·ú©Î»~ªA,,For external use. Avoid contact with the eyes or oral consumption.,,,,,¤@¯ë,¤@¯ë,Äµ »y: ¥»«~¬°¥~¥ÎÃÄ«~¡A½Ð§½³¡¨Ï¥Î¡A¤Å±µÄ²²´·ú©Î»~ªA¡C,,³n»I,,,§_,99.0,,§_,¬O,§_,½Æ¤è,§_,¥i¥Î,¥i¥Î,¤£¥i¿i,¬O,,1.00,1.00,9.00,9.00,999,999,1,1,99.00,99.00,0,0,,¦³¹Ï¤ù,,0,,0,,C05AX03,C05BB02,,,,,,,,TUB,§_,°·«Oµ¹¥I,°·«Oµ¹¥I,CHLORCARVACROL 1MG/GM + SODIUM OLETATE 100MG/GM + THESIT(=POLIDOCANOL) 20MG/GM,C05AD,AC42844338,§_,LiquidLiquidEmulsion,RECOINT,,,,,,,,,PH047,202303141703,46.80,61.00
EAAS,19960101,99999999,¥i¥Î,Alcos-Anal ®ê¾¯,Alcos-Anal suppository,Sodium Oleate,RECT,,ALIM,GI-08-00,¥~¥Î,SUP,Alcos-Anal,«D²Õ®M,,,¤@¯ë¥i¥Î,¬O,¥i¥ÎÃÄ¥]¾÷,¥i¥Î,¤@¯ë,Á`¶q¶i¦ì,¾AÀ³¯g:¥Dªv¤º²©,,Indication:Hemorrhoids;internal piles,,¥~ Æ[:¥Õ¦â¥~¥]¸Ë¨zªù¥Î®ê¾¯¡A ¤W¦³alcos-anal¦r¼Ë,Appearance:White suppository,¼È®Éªº¨`¼ö·P,Transient burning,,¬Ò¥i¥Î,¯q²©±d®ê¾¯,Alcos-Anal suppository,,,§_,¬O,,¨zªù®ê¾¯½Ð¸m©ó25¢J¥H¤UÀx¦s¡A ¨Ã©ó­é¥~¥]¸Ë«á¨Ï¥Î,,Anal suppository. Store under 25¢XC in a dry place.,,,,,¤@¯ë,¤@¯ë,Äµ »y:¨zªù®ê¾¯½Ð¸m©ó25¢J¥H¤UÀx¦s¡A ¨Ã©ó­é¥~¥]¸Ë«á¨Ï¥Î,,®ê¾¯,,,§_,1.0,,§_,¬O,§_,½Æ¤è,§_,¥i¥Î,¥i¥Î,¤£¥i¿i,¬O,,1.00,1.00,2.00,2.00,999,999,1,1,6.00,6.00,0,0,,¦³¹Ï¤ù,,0,,0,,C05BB02,,,,,,,,,SUP,§_,°·«Oµ¹¥I,°·«Oµ¹¥I,CHLORCARVACROL 0.7MG + SODIUM OLETATE 200MG + THESIT(=POLIDOCANOL) 20MG,C05AD,AC43161500,§_,SolidDrugForm,RECSUPP,,,,,,,,,PH047,202303141703,5.00,7.00
EACG,20220607,99999999,¥i¥Î,Accu-Chek Guide 50 strips(Ã¹¤ó´¼¯è),Accu-Chek Guide test strips¡A 50 strips,Test Strips,EXT,ASORDER,ZOTH,MEDD,½Ã§÷,¤ù,Ã¹¤ó´¼¯è¦å¿}¸Õ¯È,«D²Õ®M,,,¤@¯ë¥i¥Î,§_,¥i¥ÎÃÄ¥]¾÷,±ø¥ó¤Uµ¹¥I,¤@¯ë,Á`¶q¶i¦ì,¥Î³~:·f°tÃ¹¤ó¦å¿}¾÷¨Ï¥Îªº¸Õ¯È,,Indication: Accu-Chek Guide system Test Strips,,¥~ Æ[:¯È²°¥]¸Ë,Appearance:Paper package box,,,,¥u¥Î©óªù¶E,Ã¹¤ó´¼¯è¦å¿}¸Õ¯È,Accu-Chek Guide 50 strips,,,,¬O,,¥´¶}¸Õ¯È²~»\®É½Ð«O«ùÂù¤â°®Àê¡A,¨ú¥X¸Õ¯È«á½Ð¥ß§Y»\ºò²~»\¡C,Keep hands dry when opening the test strip bottle cap.,Immediately close the bottle cap after removing the test strip.,½Ð¤Å§N­á¡BÁ×§K¼ÉÅS©ó°ª·Å¼éÀã³B¡C,Do not freeze. Avoid exposure to high temperatures and humidity.,2022.06¨ú¥N[EPER],¤@¯ë,¤@¯ë,,,,0,0,§_,50.0,,§_,¬O,§_,³æ¤è,§_,¥i¥Î,¥i¥Î,¤£¥i¿i,¬O,,1.00,1.00,5.00,5.00,90,30,1,1,5.00,5.00,0,0,,¦³¹Ï¤ù,,0,,0,,,,,,,0,,0,,¤ù,,°·«Oµ¹¥I,°·«Oµ¹¥I,,,TSS01000091R,§_,AdministrableDrugForm,APPFUL,,,0,,0,,,,PH022,202312221642,8.51,28.00
EACN,19960101,99999999,°±¥Î,Acne lotion 4% 100mL,Acne lotion 4% 100mL,Sulfur Precipitated,EXT,,TDER,DE-07-00,¥~¥Î,¾A¶q,Acne lotion,«D²Õ®M,°±¥Î,EBIO,¤@¯ë¥i¥Î,¬O,¤£¥i¥ÎÃÄ¥]¾÷,°·«O¤£µ¹¥I,¤@¯ë,Á`¶q¶i¦ì,¾AÀ³¯g:¥Dªv«C¬Kµk¡A ¤òÅnª¢¡A ¦½´³¡A ¬Î½Hµ¥,,Indication:Acne¡A subacute & chronic dermatitis.,,¥~ Æ[: ¥Õ¦â100mL¥~²~,Appearance:100 mL white bottle,§½³¡¨ë¿E¡A ±µÄ²©Ê¥Ö½§ª¢¡A ¥Ö½§¹L±Ó©Êµoª¢,Irritation¡A contact skin inflammation¡A skin inflammation venenata,,¥u¥Î©óªù¶E¤Î¦í°|STAT,·RÃC¬~¾¯4%¡]¨H¾ý²¸¡^,Acne lotion,,,§_,¬O,,¬°¥~¥ÎÃÄ«~¡A ½Ð§½³¡¨Ï¥Î¡A ¤Å±µÄ²²´·ú©Î»~ªA,,For external use. Avoid contact with the eyes or oral consumption.,,³Æµù: ªvÀø´Á¶¡À³°µ¦n¨¾ÅÎ±¹¬I,Avoid exposure to sunlight or UV light.,,¤@¯ë,¤@¯ë,Äµ »y: ¥»«~¬°¥~¥ÎÃÄ«~¡A½Ð§½³¡¨Ï¥Î¡A¤Å±µÄ²²´·ú©Î»~ªA¡C,LA ¥~Æ[¬Û¦ü,,,,§_,99.0,,§_,§_,§_,³æ¤è,§_,¥i¥Î,¥i¥Î,¤£¥i¿i,§_,,1.00,1.00,9.00,9.00,999,999,7,1,99.00,99.00,0,0,,¦³¹Ï¤ù,,0,,0,,D10AB02,,,,,,,,,BOT,§_,¤£µ¹¥I¶·¦Û¥I,¤£µ¹¥I¶·¦Û¥I,,,,§_,LiquidLiquidEmulsion,TOPLTN,,,,,,,,,PH047,202303141703,0,39.00
EACR,20060630,99999999,°±¥Î,Acrinol soln 450mL,Acrinol soln 450mL,Ethacridine,EXT,,TDER,DE-01-00,¥~¥Î,BOT,,«D²Õ®M,¼t°Ó¯Ê³f,EACR5,¤@¯ë¥i¥Î,¬O,¥i¥ÎÃÄ¥]¾÷,,¤@¯ë,Á`¶q¶i¦ì,¾AÀ³¯g:±þµß®ø¬r,,Indication:Antiseptics & disinfectants.,,¥~ Æ[:²`¾ï¦â450mL¥~²~,,,,,¥u¥Î©óªù¶E¤Î¦í°|STAT,¶ÀÃÄ¤ô,Acrinol,,,§_,¬O,,,,,,,,,¤@¯ë,¤@¯ë,Äµ »y: ¥»«~¬°¥~¥ÎÃÄ«~¡A½Ð§½³¡¨Ï¥Î¡A¤Å±µÄ²²´·ú©Î»~ªA¡C,,,,,§_,1.0,,§_,§_,§_,³æ¤è,§_,¥i¥Î,¥i¥Î,¤£¥i¿i,¬O,,1.00,1.00,9.00,9.00,999,999,7,1,99.00,99.00,0,0,,¦³¹Ï¤ù,,0,,0,,B05CA08,D08AA01,,,,,,,,BOT,§_,¤£µ¹¥I¶·¦Û¥I,¤£µ¹¥I¶·¦Û¥I,,,,§_,Liquid,TOPSOL,,,,,,,,,PH047,202303141635,0,88.00
EACR5,20141215,99999999,¥i¥Î,Acrinol solution 500mL,Acrinol solution 500mL,Acrinol,EXT,,TDER,DE-01-00,¥~¥Î,¾A¶q,,«D²Õ®M,,,¤@¯ë¥i¥Î,¬O,¥i¥ÎÃÄ¥]¾÷,,¤@¯ë,Á`¶q¶i¦ì,¾AÀ³¯g:±þµß®ø¬r,,Indication:Antiseptics & disinfectants.,,¥~ Æ[:¥Õ¦â500mL¶ì½¦²~,Appearance: 500mL white plastic bottle.,¹L±Ó,Allergy,,¬Ò¥i¥Î,¶ÀÃÄ¤ô,Acrinol solution 500mL,,,,¬O,,¬°¥~¥ÎÃÄ«~¡A ½Ð§½³¡¨Ï¥Î¡A ¤Å±µÄ²²´·ú©Î»~ªA,,For external use. Avoid contact with the eyes or oral consumption.,,,,,¤@¯ë,¤@¯ë,Äµ »y: ¥»«~¬°¥~¥ÎÃÄ«~¡A½Ð§½³¡¨Ï¥Î¡A¤Å±µÄ²²´·ú©Î»~ªA¡C,,,0,0,§_,99.0,,§_,¬O,§_,³æ¤è,§_,°±¥Î,°±¥Î,¤£¥i¿i,§_,,1.00,1.00,9.00,9.00,999,999,7,1,99.00,99.00,0,0,,¦³¹Ï¤ù,,0,,0,,D08AA01,,,,,0,,0,,BOT,§_,¤£µ¹¥I¶·¦Û¥I,¤£µ¹¥I¶·¦Û¥I,,,,§_,Liquid,TOPSOL,,,,,,,,,PH047,202401111044,0,132.00
EACU,20020107,99999999,°±¥Î,Acure gel 0.1% 15gm,Acure gel 0.1% 15gm,Adapalene,EXT,,TDER,DE-07-00,¥~¥Î,TUB,Acure,«D²Õ®M,°±¥Î,EANE,¤@¯ë¥i¥Î,¬O,¤£¥i¥ÎÃÄ¥]¾÷,¥i¥Î,¤@¯ë,Á`¶q¶i¦ì,¾AÀ³¯g:ªvÀø´M±`©ÊÚµ½H(«C¬Kµk¡B¯»¨ë),,Indication:Treatment of acne vulgaris.,,¥~ Æ[:ÂÅ¥Õ¦â³nºÞ¡A ¤W¦³Acure Gel¦r¼Ë,Appearance:White/blue tube,¥Ö½§¨`¼ö¡A ¨ëµh·P¡A °®Àê¡A ²æ¥Ö¡A Äo¡A ÅÜ¬õ,Burning sensation or stining of skin¡A dryness and peeling of skin¡A itching of sk,,¥u¥Î©óªù¶E¤Î¦í°|STAT,·R¥i¾®½¦,Acure gel,,,§_,¬O,,¥¥°ü¸T¤î¨Ï¥Î¥»ÃÄ«~¡A ¤Å±µÄ²²´¡B¤f©Î»óµÄ¡A ¨ÃÁ×§K¤éÅÎ,,Avoid during pregnancy. For external use; avoid exposure to sunlight.,,³Æµù: ªvÀø´Á¶¡À³°µ¦n¨¾ÅÎ±¹¬I,Avoid exposure to sunlight or UV light.,,¤@¯ë,¤@¯ë,Äµ »y:¥¥°ü¸T¤î¨Ï¥Î¥»ÃÄ«~¡A¤Å±µÄ²²´¡B¤f©Î»óµÄ¡A¨ÃÁ×§K¤éÅÎ,,,,,§_,99.0,,§_,§_,§_,³æ¤è,§_,¥i¥Î,¥i¥Î,¤£¥i¿i,§_,,1.00,1.00,9.00,9.00,999,999,7,7,99.00,99.00,0,0,,¦³¹Ï¤ù,,0,,0,,D10AD03,,,,,,,,,TUB,,°·«Oµ¹¥I,°·«Oµ¹¥I,ADAPALENE,D10AD03,AC44573335,§_,LiquidSolidSuspension,TOPGEL,,,,,,,,,PH047,202303141635,68.00,85.00
EACUL,20070101,99999999,°±¥Î,Acular 0.5%¡A 5mL ophthalmic solution,Acular 0.5%¡A 5mL ophthalmic solution,Ketorolac,OU,,TOPH,OP-06-00,¥~¥Î,ºw,Acular oph,«D²Õ®M,°±¥Î,EKEL,¤@¯ë¥i¥Î,¬O,¥i¥ÎÃÄ¥]¾÷,¥i¥Î,¤@¯ë,Á`¶q¶i¦ì,¾AÀ³¯g:½w¸Ñ²´³¡¹L±Ó·kÄo¡A ³N«á²´³¡µoª¢,,Indication:Relief itching¡A post-operative eyes inflammation,,¥~ Æ[:¥Õ¦â²`ÂÅ¦â¥~²°¡A¤W¦³ACULAR¦r¼Ë,Appearance:White/dark blue box¡A 5mL eye drop bottle,¼È®É©Ê¨ë¿E¨`¼ö·P¡A ¹L±Ó¤ÏÀ³,Transient stinging & burning¡A allergic reactions,,¬Ò¥i¥Î,·R§J¼Ö²´ÃÄ¤ô,Acular 0.5% ophthalmic soln,,,§_,¬O,,¥i¯à¦³¼È®É©Ê¤£¾A·P¡A °tÀ¹Áô§Î²´Ãè®É¤£¥i§ë¤©¥»«~,,Do not apply this medicine while you are wearing contact lenses.,,³Æµù: ­Y¦P®É¨Ï¥Î¨âºØ²´ÃÄ¤ô¡A ½Ð¶¡¹j5¤ÀÄÁ¡A ­YµLÂå®v«ü¥Ü¡A µL¥ý«á¨Ï¥Î¶¶§Ç,,,¤@¯ë,¤@¯ë,Äµ »y:¥i¯à¦³¼È®É©Ê¤£¾A·P¡A °tÀ¹Áô§Î²´Ãè®É¤£¥i§ë¤©¥»«~,,,,,§_,99.0,,§_,¬O,§_,³æ¤è,§_,¥i¥Î,¥i¥Î,¤£¥i¿i,§_,,1.00,1.00,1.00,1.00,60,30,28,1,24.00,24.00,0,0,,¦³¹Ï¤ù,,0,,0,,S01BC05,,,,,,,,,BOT,,°·«Oµ¹¥I,°·«Oµ¹¥I,KETOROLAC,S01BC05,BC22653421,§_,AdministrableDrugForm,OPDROP,,,,,,,,,PH047,202303141635,86.00,108.00
EACZ,20161228,99999999,¥i¥Î,Aczo gel 50mg/gm¡A 10gm,Aczo gel 50mg/gm¡A 10gm,Benzoyl Peroxide,EXT,,TDER,DE-07-00,¥~¥Î,¾A¶q,Acne,«D²Õ®M,,,¤@¯ë¥i¥Î,¬O,¥i¥ÎÃÄ¥]¾÷,¥i¥Î,¤@¯ë,Á`¶q¶i¦ì,¾AÀ³¯g:ªvÀø´M±`©ÊÚµ½H,,Indication:Treatment of acne vulgaris.,,¥~ Æ[:10¤½§J¥Õ¬õ¦â³nºÞ,Appearance:10gm white/red tube,¨ëµh·P¡A °®Àê¡A ²æ¥Ö,Stining of skin¡A dryness and peeling of skin,,¬Ò¥i¥Î,¶®­Y¾®½¦,Aczo gel 50mg/gm¡A 10gm,,,,¬O,,¶È­­©ó¥~¥Î; Á×§K±µÄ²²´·ú¡A²´Â¥¡A¼L®B¡A¤fµÄ©MÖß½¤¡C,¶î©Ù³¡¦ìÀ³Á×§K¤éÅÎ,Avoid contact with eye¡A eyelids¡A lips¡A mouth¡A and mucous membranes.,avoid exposure to sunlight.,¥»ÃÄ¬°®ñ¤Æ¾¯¡A·|¨ÏÀY¾v¿Æ¦â¡B¦çªA²æ¦â,The drug may bleach hair¡A colored fabric¡A or carpet.,105-4 ÃÄ©e·|³q¹L·s¶i,¤@¯ë,¤@¯ë,Äµ »y:¤Å±µÄ²²´¡B¤f¡B»óµÄµ¥ÂH½¤³¡¦ì¡A¨ÃÁ×§K¤éÅÎ,,,0,0,§_,99.0,,§_,¬O,§_,³æ¤è,§_,¥i¥Î,¥i¥Î,¤£¥i¿i,¬O,,1.00,1.00,9.00,9.00,999,999,7,7,99.00,99.00,0,0,,¦³¹Ï¤ù,,0,,0,,D10AE01,,,,,0,,0,,TUB,,°·«Oµ¹¥I,°·«Oµ¹¥I,BENZOYL PEROXIDE,D10AE01,A034127329,§_,LiquidSolidSuspension,TOPGEL,,,,,,,,,PH022,202312221643,28.00,36.00
EAGNO3,19960101,99999999,°±¥Î,Silver nitrate 10%¡A 10mL,Silver nitrate 10%¡A 10mL,Silver Nitrate,EXT,,TDER,DE-11-00,¥~¥Î,¾A¶q,Silver Nitrate,«D²Õ®M,,,¤@¯ë¥i¥Î,¬O,¤£¥i¥ÎÃÄ¥]¾÷,,¤@¯ë,Á`¶q¶i¦ì,¾AÀ³¯g:±þµß¡B¨¾»G¡B¦¬ÀÄµ¥¥Î³~,,,,,,,,,¥u¥Î©óªù¶E¤Î¦í°|STAT,µv»Ä»È²G,Silver nitrate 10%¡A 10mL,,,§_,¬O,,,,,,,,,¤@¯ë,¤@¯ë,,,,,,§_,99.0,,§_,¬O,§_,³æ¤è,§_,¥i¥Î,¥i¥Î,¤£¥i¿i,§_,,1.00,1.00,999.00,999.00,999,999,1,1,99.00,99.00,0,0,,µL¹Ï¤ù,,0,,0,,D08AL01,,,,,,,,,BOT,§_,¤£µ¹¥I¶·¦Û¥I,¤£µ¹¥I¶·¦Û¥I,,,,§_,Liquid,TOPSOL,,,,,,,,,PH047,202303141635,0,438.00
EAGNO3P,20070322,99999999,°±¥Î,Silver nitrate powder 25gm,Silver nitrate powder 25gm,Silver Nitrate,EXT,,AGENT,,¥~¥Î,GM,Silver nitrate powder,«D²Õ®M,°±¥Î¡A¥i¬dÃþ¦üÃÄ,,¤@¯ë¥i¥Î,¬O,¥i¥ÎÃÄ¥]¾÷,¥i¥Î,¤£¦LÃÄÅÒ,Á`¶q¶i¦ì,¦Û»s»s¾¯­ì®Æ,,,,,,,,,¬Ò¥i¥Î,µv»Ä»È­ì®Æ,Silver nitrate powder 25gm,,,§_,¬O,,,,,,,,,¤@¯ë,¤@¯ë,,,,,,§_,25.0,,§_,§_,¬O,³æ¤è,§_,°±¥Î,¥i¥Î,¥i¿i,¬O,,1.00,1.00,1.00,1.00,1,1,1,1,99.00,99.00,0,0,,µL¹Ï¤ù,,0,,0,,,,,,,,,,,GM,,¤£µ¹¥I¶·¦Û¥I,¤£µ¹¥I¶·¦Û¥I,,,,§_,SolidDrugForm,POWD,,,,,,,,,PH047,202303141635,0,5760.00
EAIR,19960101,99999999,°±¥Î,Airol cream 0.05% 20gm,Airol cream 0.05% 20gm,Tretinoin,EXT,,TDER,DE-07-00,¥~¥Î,¾A¶q,Airol Cream,«D²Õ®M,°±¥Î¡A¥i¬dÃþ¦üÃÄ,,¤@¯ë¥i¥Î,¬O,¤£¥i¥ÎÃÄ¥]¾÷,,¤£¦LÃÄÅÒ,Á`¶q¶i¦ì,¾AÀ³¯g:¥Dªv¯»¨ë¡B´M±`©ÊÚµ½Hµ¥,,,,,,,,,¥u¥Î©óªù¶E,,Airol cream 0.05% 20gm,,,§_,¬O,,,,,,,,,¤@¯ë,¤@¯ë,Äµ »y:¥i¯à¦³¼È®É©Ê¤£¾A·P¡A °tÀ¹Áô§Î²´Ãè®É¤£¥i§ë¤©¥»«~,,,,,§_,99.0,,¬O,§_,§_,³æ¤è,§_,¥i¥Î,¥i¥Î,¤£¥i¿i,¬O,,1.00,1.00,999.00,999.00,999,999,7,1,99.00,99.00,0,0,,µL¹Ï¤ù,,0,,0,,,,,,,,,,,TUB,§_,°·«Oµ¹¥I,°·«Oµ¹¥I,RETINOIC ACID (=TRETINOIN),D10AD01,B022065338,§_,LiquidLiquidEmulsion,TOPCRM,,,,,,,,,PH047,202303141635,231.00,277.00
EAL0C9,19960101,99999999,°±¥Î,95% Alcohol,95% Alcohol,95% Alcohol,EXT,,TDER,DE-01-00,¥~¥Î,ML,Alcohol,«D²Õ®M,°±¥Î¡A¥i¬dÃþ¦üÃÄ,EALC9,¤@¯ë¥i¥Î,¬O,¤£¥i¥ÎÃÄ¥]¾÷,,¤@¯ë,Á`¶q¶i¦ì,¾AÀ³¯g:®ø¬r±þµß,,,,,,,,,,,95% Alcohol,,,§_,¬O,,,,,,,,,¤@¯ë,¤@¯ë,,,,,,§_,1.0,,§_,§_,§_,³æ¤è,§_,¥i¥Î,¥i¥Î,¤£¥i¿i,¬O,,1.00,1.00,999.00,999.00,999,999,1,1,99.00,99.00,0,0,,µL¹Ï¤ù,,0,,0,,,,,,,,,,,CC,§_,¤£µ¹¥I¶·¦Û¥I,¤£µ¹¥I¶·¦Û¥I,,,,§_,Liquid,TOPSOL,,,,,,,,,PH047,202303141635,0,2.00
EALB,19960101,99999999,°±¥Î,Albothyl vag supp 90mg,Albothyl vag supp 90mg,Policresulen,VAG,Q2D,SGU,UR-01-00,¥~¥Î,V.T,Albotyl,«D²Õ®M,°±¥Î,EPOLI,¤@¯ë¥i¥Î,¬O,¥i¥ÎÃÄ¥]¾÷,,¤@¯ë,Á`¶q¶i¦ì,¾AÀ³¯g:¥Dªv¤l®cÀVª¢¡A ³±¹Dª¢¡A ¥Õ±aµ¥,,Indication:Local treatment of cervical & vag inflammatory,,¥~ Æ[:¥Õ¦â¥~¥]¸Ë³±¹D®ê¾¯¡A¤W¦³Albothyl¦r¼Ë,Appearance:Light orange vag supp,»´·L§½³¡¤£¾A,Mild local discomfort,,¬Ò¥i¥Î,¦w¥iªv³±¹D®ê¾¯(½Ð©óºÎ«e¨Ï¥Î),Albothyl vag supp,,,§_,¬O,,³±¹D®ê¾¯¸m©ó25¢J¥H¤UÀx¦s¡A ½Ð¥ý¥h°£¥~¥]¸Ë«á¦A¥Î,,Vaginal suppository¡A store under 25¢XC in a dry place.,,,,,¤@¯ë,¤@¯ë,Äµ »y:³±¹D®ê¾¯¸m©ó25¢J¥H¤UÀx¦s¡A ½Ð¥ý¥h°£¥~¥]¸Ë«á¦A¥Î,,,,,§_,1.0,,§_,§_,§_,³æ¤è,§_,¥i¥Î,¥i¥Î,¤£¥i¿i,¬O,,1.00,1.00,1.00,1.00,999,999,6,1,1.00,1.00,0,0,,¦³¹Ï¤ù,,0,,0,,G01AX03,,,,,0,,0,,V.T,§_,°·«Oµ¹¥I,°·«Oµ¹¥I,POLICRESULEN,G01AX03,BC16229500,§_,SolidDrugForm,VAGSUPP,,,,,,,,,PH047,202303141635,10.90,14.00
EALBS,20021004,99999999,°±¥Î,Albothyl solution,Albothyl solution,Policresulen,TOPI,,SGU,UR-01-00,¥~¥Î,ML,,«D²Õ®M,°±¥Î¡A¥i¬dÃþ¦üÃÄ,,¤@¯ë¥i¥Î,¬O,¥i¥ÎÃÄ¥]¾÷,¥i¥Î,¤@¯ë,Á`¶q¶i¦ì,¾AÀ³¯g:¥Dªv¤l®cÀVª¢¡B³±¹Dª¢¡B¥Õ±aµ¥,,Indication:Local treatment of cervical & vag inflammatory,,,,,,,¥u¥Î©óªù¶E¤Î¦í°|STAT,¦w¥iªv¿@ÁY²G,Albothyl solution,,,§_,¬O,,,,,,,,,¤@¯ë,¤@¯ë,Äµ »y: ¥»«~¬°¥~¥ÎÃÄ«~¡A½Ð§½³¡¨Ï¥Î¡A¤Å±µÄ²²´·ú©Î»~ªA¡C,,,,,§_,1.0,,§_,§_,§_,³æ¤è,§_,¥i¥Î,¥i¥Î,¤£¥i¿i,§_,,0,0,0,0,0,0,0,0,999.00,999.00,0,0,,µL¹Ï¤ù,,0,,0,,G01AX03,,,,,,,,,ML,,¤£µ¹¥I¶·¦Û¥I,¤£µ¹¥I¶·¦Û¥I,,,,§_,Liquid,MUCTOPSOL,,,,,,,,,PH047,202303141635,0,10.00
EALC1,20120224,99999999,°±¥Î,75% Alcohol 10mL/bot,75% Alcohol 10mL/bot,Alcohol,EXT,,TDER,DE-01-00,¥~¥Î,¾A¶q,alcohol,«D²Õ®M,°±¥Î¡A¥i¬dÃþ¦üÃÄ,,¤@¯ë¥i¥Î,§_,¤£¥i¥ÎÃÄ¥]¾÷,,¤@¯ë,Á`¶q¶i¦ì,¾AÀ³¯g:®ø¬r±þµß,,Indication:Antiseptics & disinfectants.,,¥~ Æ[:10mL³z©ú¤p²~,,»´·L§½³¡¤£¾A,Mild local discomfort.,,¥u¥Î©óªù¶E¤Î¦í°|STAT,75% °sºë(­­¥~¥Î),75% Alcohol 10mL/bot,,,§_,¬O,,¬°¥~¥ÎÃÄ«~¡A ½Ð§½³¡¨Ï¥Î¡A ¤Å±µÄ²²´·ú©Î»~ªA,,For external use. Avoid contact with the eyes or oral consumption.,,³Æµù: ¶}«Ê¹O¤@­Ó¤ë«á½Ð¤Å¦A¨Ï¥Î,Use within 1 month after opening package.,,¤@¯ë,¤@¯ë,Äµ »y: ¥»«~¬°¥~¥ÎÃÄ«~¡A½Ð§½³¡¨Ï¥Î¡A¤Å±µÄ²²´·ú©Î»~ªA¡C,,,0,0,§_,99.0,,§_,§_,§_,³æ¤è,§_,°±¥Î,¥i¥Î,¤£¥i¿i,§_,,1.00,1.00,99.00,99.00,7,7,1,1,99.00,99.00,0,0,,µL¹Ï¤ù,,0,,0,,,,,,,,,,,BOT,§_,¤£µ¹¥I¶·¦Û¥I,¤£µ¹¥I¶·¦Û¥I,,,,§_,Liquid,TOPSOL,,,,,,,,,PH047,202303141635,0,15.00
EALC2,19960101,99999999,¥i¥Î,75% Alcohol 20mL/bottle,75% Alcohol 20mL/bottle,Alcohol,EXT,,TDER,DE-01-00,¥~¥Î,¾A¶q,Alcohol,«D²Õ®M,,,¤@¯ë¥i¥Î,§_,¥i¥ÎÃÄ¥]¾÷,,¤@¯ë,Á`¶q¶i¦ì,¾AÀ³¯g:®ø¬r±þµß,,Indication:Antiseptics & disinfectants.,,¥~ Æ[:20mL³z©ú¤p²~,Appearance:20mL little bottle,»´·L§½³¡¤£¾A,Mild local discomfort.,,¥u¥Î©óªù¶E¤Î¦í°|STAT,75% °sºë(­­¥~¥Î),75% Alcohol 20ml,,,§_,¬O,,¬°¥~¥ÎÃÄ«~¡A ½Ð§½³¡¨Ï¥Î¡A ¤Å±µÄ²²´·ú©Î»~ªA,,For external use. Avoid contact with the eyes or oral consumption.,,³Æµù: ¶}«Ê¹O¤@­Ó¤ë«á½Ð¤Å¦A¨Ï¥Î,Use within 1 month after opening package.,[Rx_x]¤À¸ËÃÄ«~¡A³B¤è¶°¤£Åã¥Ü,¤@¯ë,¤@¯ë,Äµ »y: ¥»«~¬°¥~¥ÎÃÄ«~¡A½Ð§½³¡¨Ï¥Î¡A¤Å±µÄ²²´·ú©Î»~ªA¡C,,,,,§_,99.0,,§_,¬O,§_,³æ¤è,§_,°±¥Î,°±¥Î,¤£¥i¿i,§_,,1.00,1.00,9.00,9.00,999,999,1,1,99.00,99.00,0,0,,¦³¹Ï¤ù,,0,,0,,D08AX08,,,,,,,,,BOT,§_,¤£µ¹¥I¶·¦Û¥I,¤£µ¹¥I¶·¦Û¥I,,,,§_,Liquid,TOPSOL,,,,,,,,,PH047,202303141635,0,24.00
EALC4,20050105,99999999,°±¥Î,75% Alcohol 4000mL/bot,75% Alcohol 4000mL/bot,Alcohol,EXT,,TDER,DE-01-00,¥~¥Î,¾A¶q,Alcohol,«D²Õ®M,°±¥Î¡A¥i¬dÃþ¦üÃÄ,,¤@¯ë¥i¥Î,¬O,¤£¥i¥ÎÃÄ¥]¾÷,,¤£¦LÃÄÅÒ,Á`¶q¶i¦ì,¾AÀ³¯g:®ø¬r±þµß,,Indication:Antiseptics & disinfectants.,,¥~ Æ[: 4000 ml²~¸Ë·»²G,,,,,¥u¥Î©óªù¶E¤Î¦í°|STAT,,75% Alcohol 4000mL/bot,,,§_,¬O,,,,,,,,,¤@¯ë,¤@¯ë,Äµ »y: ¥»«~¬°¥~¥ÎÃÄ«~¡A½Ð§½³¡¨Ï¥Î¡A¤Å±µÄ²²´·ú©Î»~ªA¡C,,,,,§_,1.0,,§_,§_,§_,³æ¤è,§_,°±¥Î,¥i¥Î,¤£¥i¿i,¬O,,1.00,1.00,999.00,999.00,999,999,1,1,0,0,0,0,,¦³¹Ï¤ù,,0,,0,,,,,,,,,,,BOT,,¤£µ¹¥I¶·¦Û¥I,¤£µ¹¥I¶·¦Û¥I,,,,§_,Liquid,TOPSOL,,,,,,,,,PH047,202303141636,0,481.00
EALC5,19960101,99999999,°±¥Î,75% Alcohol 500mL,75% Alcohol 500mL,Alcohol,EXT,,TDER,DE-01-00,¥~¥Î,¾A¶q,Alcohol,«D²Õ®M,°±¥Î¡A¥i¬dÃþ¦üÃÄ,,¤@¯ë¥i¥Î,¬O,¤£¥i¥ÎÃÄ¥]¾÷,,¤@¯ë,Á`¶q¶i¦ì,¾AÀ³¯g:®ø¬r±þµß,,,,,,,,,¥u¥Î©óªù¶E¤Î¦í°|STAT,,75% Alcohol 500mL,,,§_,¬O,,,,,,,,,¤@¯ë,¤@¯ë,,,,,,§_,1.0,,§_,§_,§_,³æ¤è,§_,¥i¥Î,¥i¥Î,¤£¥i¿i,§_,,1.00,1.00,999.00,999.00,999,999,1,1,0,0,0,0,,µL¹Ï¤ù,,0,,0,,,,,,,,,,,BOT,§_,¤£µ¹¥I¶·¦Û¥I,¤£µ¹¥I¶·¦Û¥I,,,,§_,Liquid,TOPSOL,,,,,,,,,PH047,202303141636,0,80.00
EALC752,20191201,99999999,¥i¥Î,75% Alcohol 200mL/bottle,75% Alcohol 200mL/bottle,Alcohol,EXT,,TDER,DE-01-00,¥~¥Î,¾A¶q,³æ¦ì½Ð»â75%°sºë,«D²Õ®M,°±¥Î,,¤@¯ë¥i¥Î,¬O,¥i¥ÎÃÄ¥]¾÷,°·«O¤£µ¹¥I,¤@¯ë,Á`¶q¶i¦ì,¾AÀ³¯g:®ø¬r±þµß,,Indication:Antiseptics & disinfectants.,,,,,,,¬Ò¥i¥Î,75% °sºë(­­¥~¥Î),75% Alcohol 200mL/bottle,,,,¬O,,¬°¥~¥ÎÃÄ«~¡A ½Ð§½³¡¨Ï¥Î¡A ¤Å±µÄ²²´·ú©Î»~ªA,,For external use. Avoid contact with the eyes or oral consumption.,,,,[Rx_x]¤j²~°sºë³B¤è¶°¤£Åã¥Ü,¤@¯ë,¤@¯ë,,,,0,0,§_,1.0,,§_,¬O,§_,³æ¤è,,°±¥Î,°±¥Î,¤£¥i¿i,§_,,1.00,1.00,1.00,1.00,99,99,1,1,1.00,1.00,0,0,,µL¹Ï¤ù,,0,,0,,,,,,,0,,0,,BOT,,¤£µ¹¥I¶·¦Û¥I,¤£µ¹¥I¶·¦Û¥I,,,,,,,,,0,,0,mL,,,PH034,202110310942,0,42.00
EALC754,20191201,99999999,¥i¥Î,75% Alcohol 4000mL/bottle,75% Alcohol 4000mL/bottle,Alcohol,EXT,,TDER,DE-01-00,¥~¥Î,¾A¶q,³æ¦ì½Ð»â75%°sºë,«D²Õ®M,°±¥Î,,¤@¯ë¥i¥Î,¬O,¥i¥ÎÃÄ¥]¾÷,°·«O¤£µ¹¥I,¤@¯ë,Á`¶q¶i¦ì,¾AÀ³¯g:®ø¬r±þµß,,Indication:Antiseptics & disinfectants.,,,,,,,¬Ò¥i¥Î,75% °sºë(­­¥~¥Î),75% Alcohol 4000mL/bottle,,,,¬O,,¬°¥~¥ÎÃÄ«~¡A ½Ð§½³¡¨Ï¥Î¡A ¤Å±µÄ²²´·ú©Î»~ªA,,For external use. Avoid contact with the eyes or oral consumption.,,,,[Rx_x]¤j²~°sºë³B¤è¶°¤£Åã¥Ü,¤@¯ë,¤@¯ë,,,,0,0,§_,1.0,,§_,¬O,§_,³æ¤è,,°±¥Î,,¤£¥i¿i,§_,,1.00,1.00,1.00,1.00,1,1,1,1,1.00,1.00,0,0,,µL¹Ï¤ù,,0,,0,,,,,,,0,,0,,BOT,,¤£µ¹¥I¶·¦Û¥I,¤£µ¹¥I¶·¦Û¥I,,,,,,,,,0,,0,,,,PH034,202203011516,0,372.00
EALC755,20191201,99999999,¥i¥Î,75% Alcohol 500mL/bottle,75% Alcohol 500mL/bottle,Alcohol,EXT,,TDER,DE-01-00,¥~¥Î,¾A¶q,³æ¦ì½Ð»â75%°sºë,«D²Õ®M,°±¥Î,,¤@¯ë¥i¥Î,¬O,¥i¥ÎÃÄ¥]¾÷,¥i¥Î,¤@¯ë,Á`¶q¶i¦ì,¾AÀ³¯g:®ø¬r±þµß,,Indication:Antiseptics & disinfectants,,,,,,,¥u¥Î©óªù¶E¤Î¦í°|STAT,75% °sºë(­­¥~¥Î),75% Alcohol 500mL/bottle,,,,¬O,,¬°¥~¥ÎÃÄ«~¡A ½Ð§½³¡¨Ï¥Î¡A ¤Å±µÄ²²´·ú©Î»~ªA,,For external use. Avoid contact with the eyes or oral consumption.,,,,[Rx_x]¤j²~°sºë³B¤è¶°¤£Åã¥Ü,¤@¯ë,¤@¯ë,,,,0,0,§_,1.0,,§_,¬O,§_,³æ¤è,,°±¥Î,,¤£¥i¿i,§_,,1.00,1.00,1.00,1.00,1,1,1,1,1.00,1.00,0,0,,µL¹Ï¤ù,,0,,0,,,,,,,0,,0,,BOT,,¤£µ¹¥I¶·¦Û¥I,¤£µ¹¥I¶·¦Û¥I,,,,,,,,,0,,0,,,,PH034,202110310944,0,65.00
EALC8,20110608,99999999,°±¥Î,95% Alcohol 4000mL,95% Alcohol 4000mL,Alcohol,EXT,,TDER,DE-01-00,¥~¥Î,BOT,,«D²Õ®M,°±¥Î¡A¥i¬dÃþ¦üÃÄ,,¤@¯ë¥i¥Î,¬O,¤£¥i¥ÎÃÄ¥]¾÷,¥i¥Î,¤@¯ë,Á`¶q¶i¦ì,¾AÀ³¯g:®ø¬r±þµß,,Indication:Antiseptics & disinfectants.,,,,,,,¬Ò¥i¥Î,,95% Alcohol 4000mL,,,§_,¬O,,,,,,,,,¤@¯ë,¤@¯ë,Äµ »y: ¥»«~¬°¥~¥ÎÃÄ«~¡A½Ð§½³¡¨Ï¥Î¡A¤Å±µÄ²²´·ú©Î»~ªA¡C,,,,,§_,1.0,,§_,§_,§_,³æ¤è,§_,°±¥Î,¥i¥Î,¤£¥i¿i,¬O,,1.00,1.00,10.00,10.00,99,99,1,1,0,0,0,0,,µL¹Ï¤ù,,0,,0,,,,,,,,,,,BOT,,¤£µ¹¥I¶·¦Û¥I,¤£µ¹¥I¶·¦Û¥I,,,,§_,Liquid,TOPSOL,,,,,,,,,PH047,202303141636,0,403.00
EALC9,19960101,99999999,¥i¥Î,95% Alcohol,95% Alcohol,Alcohol,EXT,,TDER,DE-01-00,¥~¥Î,ML,Alcohol,«D²Õ®M,,,¤@¯ë¥i¥Î,¬O,¥i¥ÎÃÄ¥]¾÷,,¤@¯ë,Á`¶q¶i¦ì,¾AÀ³¯g:®ø¬r±þµß,,Indication:Antiseptics & disinfectants.,,,,,,,¬Ò¥i¥Î,95% °sºë(­­¥~¥Î),95% Alcohol,,,§_,¬O,,,,,,,,[Rx_x]¤À¸ËÃÄ«~¡A³B¤è¶°¤£Åã¥Ü,¤@¯ë,¤@¯ë,Äµ »y: ¥»«~¬°¥~¥ÎÃÄ«~¡A½Ð§½³¡¨Ï¥Î¡A¤Å±µÄ²²´·ú©Î»~ªA¡C,,,,,§_,1.0,,§_,¬O,§_,³æ¤è,§_,°±¥Î,°±¥Î,¤£¥i¿i,§_,,1.00,1.00,999.00,999.00,999,999,1,1,999.00,999.00,0,0,,µL¹Ï¤ù,,0,,0,,D08AX08,,,,,,,,,CC,§_,¤£µ¹¥I¶·¦Û¥I,¤£µ¹¥I¶·¦Û¥I,,,,§_,Liquid,TOPSOL,,,,,,,,,PH047,202303141636,0,2.00
EALCA,19960101,99999999,°±¥Î,Alcaine 0.5%¡A 15mL,Alcaine 0.5%¡A 15mL,Proparacaine,OU,,TOPH,OP-08-00,¥~¥Î,ºw,Alcaine,«D²Õ®M,°±¥Î,,¤@¯ë¥i¥Î,¬O,¤£¥i¥ÎÃÄ¥]¾÷,,¤@¯ë,Á`¶q¶i¦ì,¾AÀ³¯g:²´¬ì±M¥Îªí­±³Â¾K¾¯,,Indication:Ophthalmic anesthetics,,¥~ Æ[:¶À/¥Õ¦â¥~²°,Appearance:Yellow/white box,¼È®É©Ê¨ë¿E¨`¼ö·P¡A µ²½¤¬õ¸~,Transient stinging & burning¡A conjunctival redness.,,¥u¥Î©óªù¶E¤Î¦í°|STAT,·Rº¸¥d¦]ÂI²´²G,Alcaine 0.5%,,,§_,¬O,,»Ý©ó¦B½c§NÂÃ(2-8¢XC)¡C,,Store in a fridge(2-8¢XC).,,,,104-3 ÃÄ©e·|§R°£,¤@¯ë,¤@¯ë,Äµ »y:½Ð¸m©óÄá¤ó 2-8 «×¦B½cÁ×¥ú§NÂÃ«O¦s¡C,,,,,§_,300.0,,§_,§_,§_,³æ¤è,§_,¥i¥Î,¥i¥Î,¤£¥i¿i,§_,,1.00,1.00,2.00,2.00,999,999,1,1,24.00,24.00,0,0,,¦³¹Ï¤ù,,0,,0,,S01HA04,,,,,,,,,BOT,§_,¥Ó³ø¤£­p»ù,¥Ó³ø¤£­p»ù,,,,§_,AdministrableDrugForm,OPDROP,,,,,,,,,PH047,202303141636,0,156.00
EALD,19960101,99999999,°±¥Î,Aldecin Inhaler(50mcg/puff),Aldecin Inhaler(50mcg/puff),Beclomethason Dipronate,IH,,ERSP,RE-03-00,¥~¥Î,PFF,Aldecin,«D²Õ®M,°±¥Î,,¤w°±¥Î,¬O,¤£¥i¥ÎÃÄ¥]¾÷,,¤@¯ë,Á`¶q¶i¦ì,¾AÀ³¯g:¤ä®ðºÞ®ð³Ý,,,,,,,,,,,Aldecin Inhaler(50mcg/puff),,,§_,¬O,,,,,,,,,¤@¯ë,¤@¯ë,Äµ »y:§l¤J¾¯¡A¨Ï¥Î«á©yº¤¤f,,,,,§_,60.0,,§_,§_,§_,³æ¤è,§_,¥i¥Î,¥i¥Î,¤£¥i¿i,¬O,,1.00,1.00,999.00,999.00,999,999,1,1,99.00,99.00,0,0,,µL¹Ï¤ù,,0,,0,,,,,,,,,,,CAN,§_,°·«Oµ¹¥I,°·«Oµ¹¥I,BECLOMETHASONE DIPROPIONATE,R03BA01,B008996129,§_,GasSolidSpray,ORINHL,,,,,,,,,PH047,202303141636,142.00,199.00
EALL,20121030,99999999,°±¥Î,Allergopos Eye Drops 10mL,Allergopos Eye Drops 10mL,Antazoline + Tetrahydrozoline,OU,,TOPH,OP-06-00,¥~¥Î,ºw,Allergopos Eye Drops,«D²Õ®M,°±¥Î,,¤@¯ë¥i¥Î,¬O,¤£¥i¥ÎÃÄ¥]¾÷,¥i¥Î,¤@¯ë,Á`¶q¶i¦ì,¾AÀ³¯g:²´³¡µoª¢µ¥¯gª¬,,Indication:Ocular inflammation and other symptoms .,,¥~ Æ[:³z©ú10mL¶ì½¦¥~²~¡A ¥Õ¦â¶À¦â¥~²°,Appearance:10mL eye drop bottle¡A white/yellow box,Àû¤ÕÂX±i¡A ¨`¼ö·P¡A ¨ëµh·P,pupillary dilation; burning or stinging sensation,,¥u¥Î©óªù¶E¤Î¦í°|STAT,²´¦Ê¾A²´ÃÄ¤ô,Allergopos Eye Drops,,,§_,¬O,,½Ð¨Ì·Ó«ü¥Ü´Á­­¤º¨Ï¥Î¡A «ØÄ³ÃÄ«~¶}«Ê¤@­Ó¤ë«á¤£À³¦A¥Î,,Follow doctor's advice. Use within one month after opening package.,,³Æµù: ­Y¦P®É¨Ï¥Î¨âºØ²´ÃÄ¤ô¡A ½Ð¶¡¹j5¤ÀÄÁ¡A ­YµLÂå®v«ü¥Ü¡A µL¥ý«á¨Ï¥Î¶¶§Ç,Allow at least 5 minutes between different eye preparations.,2018.12 ÃÄ©e·|§R°£,¤@¯ë,¤@¯ë,Äµ »y:½Ð¨Ì·Ó«ü¥Ü´Á­­¤º¨Ï¥Î¡A«ØÄ³ÃÄ«~¶}«Ê¤@­Ó¤ë«á¤£À³¦A¥Î,,,0,0,§_,200.0,,§_,§_,§_,½Æ¤è,§_,¥i¥Î,¥i¥Î,¤£¥i¿i,¬O,,1.00,1.00,1.00,1.00,999,999,7,1,24.00,24.00,0,0,,¦³¹Ï¤ù,,0,,0,,S01GA52,R01AC04,S01GA02,S01AX09,,,,,,BOT,,°·«Oµ¹¥I,°·«Oµ¹¥I,TETRAHYDROZOLINE 0.5MG/ML + ANTAZOLINE 0.15MG/ML + CHLORHEXIDINE 0.05MG/ML,S01GA52,BC13304429,§_,AdministrableDrugForm,OPDROP,,,,,,,,,PH006,201901060949,37.90,49.00
EALM,20181212,99999999,¥i¥Î,Alminto eye drops 10mL,Alminto eye drops 10mL,Antazoline + Tetrahydrozoline + Chlorhexidine,OU,,TOPH,OP-06-00,¥~¥Î,ºw,Allergopos Eye Drops,«D²Õ®M,,,¤@¯ë¥i¥Î,¬O,¥i¥ÎÃÄ¥]¾÷,¥i¥Î,¤@¯ë,Á`¶q¶i¦ì,¾AÀ³¯g:²´³¡µoª¢µ¥¯gª¬,,Indication:Ocular inflammation and other symptoms.,,¥~ Æ[:³z©ú10mL¶ì½¦¥~²~,Appearance:10mL eye drop bottle,Àû¤ÕÂX±i¡A ¨`¼ö·P¡A ¨ëµh·P,pupillary dilation; burning or stinging sensation,,¬Ò¥i¥Î,¦w±Ó©ö²´ÃÄ¤ô,Alminto eye drops 10mL,,,,¬O,,½Ð¨Ì·Ó«ü¥Ü´Á­­¤º¨Ï¥Î¡A «ØÄ³ÃÄ«~¶}«Ê¤@­Ó¤ë«á¤£À³¦A¥Î,,Follow doctor's advice. Use within one month after opening package.,,³Æµù: ­Y¦P®É¨Ï¥Î¨âºØ²´ÃÄ¤ô¡A ½Ð¶¡¹j5¤ÀÄÁ¡A ­YµLÂå®v«ü¥Ü¡A µL¥ý«á,Allow at least 5 minutes between different eye preparations.,2018.12ÃÄ©e·s¶i,¤@¯ë,¤@¯ë,Äµ »y:½Ð¨Ì·Ó«ü¥Ü´Á­­¤º¨Ï¥Î¡A«ØÄ³ÃÄ«~¶}«Ê¤@­Ó¤ë«á¤£À³¦A¥Î,,,0,0,§_,200.0,,§_,¬O,§_,½Æ¤è,,¥i¥Î,°±¥Î,¤£¥i¿i,¬O,,1.00,1.00,2.00,2.00,999,999,7,1,8.00,8.00,0,0,,¦³¹Ï¤ù,,0,,0,,R01AC04,S01GA02,S01AX09,S01GA52,,0,,0,,BOT,,°·«Oµ¹¥I,°·«Oµ¹¥I,TETRAHYDROZOLINE 0.5MG/ML + ANTAZOLINE 0.15MG/ML + CHLORHEXIDINE 0.05MG/ML,S01GA52,AC48389429,,AdministrableDrugForm,OPDROP,,,0,,0,,,,PH022,202312221644,34.60,45.00
EALP,20041019,99999999,¥i¥Î,Alphagan-P 0.15%¡A 5mL ophthalmic solution,Alphagan-P 0.15%¡A 5mL ophthalmic solution,Brimonidine,OU,TID,TOPH,OP-05-01,¥~¥Î,ºw,Alphagan,«D²Õ®M,,,¤@¯ë¥i¥Î,¬O,¥i¥ÎÃÄ¥]¾÷,¥i¥Î,¤@¯ë,Á`¶q¶i¦ì,¾AÀ³¯g:¶}©ñ¨¤¶¨«C¥ú²´©Î°ª²´À£,,Indication:Lowering of ocular pressure,,¥~ Æ[:ºñ¦â¥~²~µµ¦â»\¤l¡A ¥~²°¬°¥Õ¦â,Appearance:White/dark blue box¡A 5mL eye drop bottle,ÀYµh¡A ²´·úµoÄo©Îµo¬õ¡A ¨`¼ö·P¡A ¬y²\¡A ©ü©ü±ýºÎ¡A ¤f°®,Headache¡A itching of eye¡A redness of eye¡A tearing of eye¡A burning¡A stinging¡A or,,¬Ò¥i¥Î,¦ã¥±¥ØP,Alphagan-P 0.15% oph soln,,,§_,¬O,,½Ð¿í·ÓÂå®v«ü¥Ü¨Ï¥Î¡A ­Yµo¥Í¹L±Ó²{¶H½Ð»PÂå®vÁpµ¸,,Follow doctor's advice. Check with doctor if you notice any allergic symptoms.,,³Æµù: ­Y¦P®É¨Ï¥Î¨âºØ²´ÃÄ¤ô¡A ½Ð¶¡¹j5¤ÀÄÁ¡A ­YµLÂå®v«ü¥Ü¡A µL¥ý«á¨Ï¥Î¶¶§Ç,,,¤@¯ë,¤@¯ë,Äµ »y:½Ð¿í·ÓÂå®v«ü¥Ü¨Ï¥Î¡A­Yµo¥Í¹L±Ó²{¶H½Ð»PÂå®vÁpµ¸,,,,,§_,100.0,,§_,¬O,§_,³æ¤è,§_,¥i¥Î,¥i¥Î,¤£¥i¿i,¬O,,1.00,1.00,1.00,1.00,999,999,7,7,24.00,24.00,0,0,,¦³¹Ï¤ù,,0,,0,,S01EA05,,,,,,,,,BOT,,°·«Oµ¹¥I,°·«Oµ¹¥I,BRIMONIDINE,S01EA05,BC23695421,§_,AdministrableDrugForm,OPDROP,,,,,,,,,PH022,202312221644,221.00,265.00
EALV,20121227,99999999,¥i¥Î,Alvesco Inhaler 160mcg/puff¡A 60 puffs,Alvesco Inhaler 160mcg/puff¡A 60 puffs,Ciclesonide,IH,QD,ERSP,RE-03-00,¥~¥Î,PFF,Alvesco,«D²Õ®M,,,¤@¯ë¥i¥Î,¬O,¥i¥ÎÃÄ¥]¾÷,±ø¥ó¤Uµ¹¥I,¤@¯ë,Á`¶q¶i¦ì,¾AÀ³¯g:¦¨¤H¡B«C¤Ö¦~¤Î¥|·³¥H¤W¨àµ£¤§«ùÄò©Ê®ð³Ý¡C,,Indication: Treat asthma in patients aged 4 and above.,,¥~ Æ[:¥Õ¦â¥~²°¦L¦³Alvesco 160 Inhaler,Appearance:White box print Alvesco 160 Inhaler,äú¤ß¡B¨ý¹D¤£¨Î¡BÁn­µ¨F°×¡B°f²z©Ê®ðºÞµjÅË,Nausea¡A unpleasant taste¡A hoarse voice¡A paradoxical bronchospasm,,¬Ò¥i¥Î,¡¨«O½Ã±d¡¨ªv³Ý¼Ö§l¤J¾¯160·L¤½§J,Alvesco Inhaler 160mcg/puff,,,§_,¬O,,§l¤J¾¯¡A¨Ï¥Î«á©yº¤¤f,,For inhalation¡A gargle the mouth after use.,,Alvesco¤£¯à¥Î©ó´î½w«æ©Ê®ð³Ý¯gª¬,Alvesco is not indicated for rapid relief of bronchospasm or acute asthma.,2015¦~²Ä¥|¦¸ÃÄ©e·|³q¹L§R°£¡F202307 EFLIE¯Ê³f´À¥N,¤@¯ë,¤@¯ë,Äµ »y:§l¤J¾¯¡A¨Ï¥Î«á©yº¤¤f,,,0,0,§_,60.0,,§_,¬O,§_,³æ¤è,§_,¥i¥Î,¥i¥Î,¤£¥i¿i,¬O,,1.00,1.00,2.00,2.00,60,60,28,1,4.00,4.00,0,0,,¦³¹Ï¤ù,,0,,0,,R03BA08,,,,,0.16,mg,0.16,mg,¤ä,,°·«Oµ¹¥I,°·«Oµ¹¥I,CICLESONIDE,R03BA08,BC24786151,§_,GasSolidSpray,MDINHLPWD,,,,,,,,,PH047,202308161457,356.00,427.00
EAMO,20120924,99999999,¥i¥Î,Amocoat Nail Lacquer 5mL,Amocoat Nail Lacquer 5mL,Amorolfine,EXT,QW,TDER,DE-03-00,¥~¥Î,¾A¶q,,«D²Õ®M,,,¤@¯ë¥i¥Î,¬O,¥i¥ÎÃÄ¥]¾÷,,¤@¯ë,Á`¶q¶i¦ì,¾AÀ³¯g:¥Ö¯uµß¡A »Ã¥Àµß¤ÎÅðµß¤Þ°_¤§¥ÒÅ~,,Indication:Fungal nail infections.,,¥~ Æ[:5mL´Ä¦â¬Á¼þ²~,,¥Ö½§¨ë¿E¡A ¨`¼ö·P¡A ¹L±Ó©Ê¤ÏÀ³,Skin irritation¡A burning sensation¡A hypersensitivity reactions.,,¬Ò¥i¥Î,¶®µÎ¦w §Ü¥ÒÅ~ªo¾¯,Amocoat Nail Lacquer 5mL,,,§_,¬O,,ªvÀø´Á¶¡Á×§K¨Ï¥Î¤Æ§©«~«ü¥Òªo¤Î¤H¤u«ü¥Ò,¬°¥~¥ÎÃÄ«~¡A ½Ð§½³¡¨Ï¥Î¡A ¤Å±µÄ²²´·ú©Î»~ªA,Avoid nail polish during therapy.,For external use. Avoid contact with the eyes or oral consumption.,ÃÄ²~¨Ï¥Î«á¡A½Ð¥ß§Y±NÃÄ»\±Ûºò¡A¥H§KÃÄ«~´§µo°®±¼¡C,Close the bottle tightly to prevent the solution from drying out.,,¤@¯ë,¤@¯ë,Äµ »y:ªvÀø´Á¶¡Á×§K¨Ï¥Î¤Æ§©«~«ü¥Òªo¤Î¤H¤u«ü¥Ò,,,0,0,§_,99.0,,§_,¬O,§_,³æ¤è,§_,°±¥Î,°±¥Î,¤£¥i¿i,¬O,,1.00,1.00,9.00,9.00,30,30,28,28,99.00,99.00,0,0,,¦³¹Ï¤ù,,0,,0,,D01AE16,,,,,,,,,BOT,,°·«Oµ¹¥I,°·«Oµ¹¥I,AMOROLFINE HCL,D01AE,AC48884321,§_,Liquid,TOPOIL,,,,,,,,,PH022,202312221644,684.00,821.00
EAND,20070907,99999999,¥i¥Î,Androgel 50mg,Androgel 50mg,Testosterone,EXT,QD,HM,HR-03-01,¥~¥Î,PK,Testosterone,«D²Õ®M,,,¤@¯ë¥i¥Î,¬O,¥i¥ÎÃÄ¥]¾÷,°·«O¤£µ¹¥I,¤@¯ë,Á`¶q¶i¦ì,¾AÀ³¯g:¨k©Ê¸A©Tà¬¯Ê¥F¤§´À¥NªvÀø,,Indication:Testosterone replacement therapy in male,,¥~ Æ[:¥Õ¦â5gmªø³n³U,Appearance:White tube,«C¬Kµk¡A ¨rÀY¡A §½³¡¹L±Ó¡A µL¤O¡A §íÆ{,Acne¡A alopecia¡A application site reaction¡A asthenia¡A depression,,¬Ò¥i¥Î,©ù´µ§´¾®½¦,Androgel 50mg,,,§_,¬O,,«ØÄ³¶î©óªÓ³¡¡A ¤âÁu©Î¸¡³¡¡A ¨Ã¤Å¥Î©ó¨àµ£,,Apply to shoulder¡A arm or abdominal region¡A do not use for children.,,³Æµù: ¥¥°üÁ×§K±µÄ²ÃÄª«,Pregnant women should avoid skin contact with it.,,¤@¯ë,¤@¯ë,Äµ »y:«ØÄ³¶î©óªÓ³¡¡B¤âÁu©Î¸¡³¡¡A¨Ã¤Å¥Î©ó¨àµ£,,,,,§_,1.0,,§_,¬O,§_,³æ¤è,§_,°±¥Î,°±¥Î,¤£¥i¿i,¬O,,1.00,1.00,1.00,1.00,999,999,3,1,1.00,1.00,0,0,,¦³¹Ï¤ù,,0,,0,,G03BA03,,,,,,,,,PK,,¤£µ¹¥I¶·¦Û¥I,¤£µ¹¥I¶·¦Û¥I,,,,§_,LiquidSolidSuspension,TOPGEL,¦M®`¤G¯Å(¡I),,,,,,,,PH047,202307071944,0,126.00
EANE,20191114,99999999,°±¥Î,Anefree gel 0.1% 15gm,Anefree gel 0.1% 15gm,Adapalene,EXT,,TDER,DE-07-00,¥~¥Î,¾A¶q,Acure,«D²Õ®M,°±¥Î,EDIFF,¤@¯ë¥i¥Î,¬O,¤£¥i¥ÎÃÄ¥]¾÷,¥i¥Î,¤@¯ë,Á`¶q¶i¦ì,¾AÀ³¯g:ªvÀø´M±`©ÊÚµ½H(«C¬Kµk¡B¯»¨ë),,Indication:Treatment of acne vulgaris.,,¥~ Æ[:ÂÅ¥Õ¦â³nºÞ,Appearance:White/blue tube,¥Ö½§¨`¼ö¡A ¨ëµh·P¡A °®Àê¡A ²æ¥Ö¡A Äo¡A ÅÜ¬õ,Burning sensation¡A staining¡A dryness¡A peeling or itching of the skin,,¬Ò¥i¥Î,¦ã¥ñÂ÷¾®½¦,Anefree Gel 0.1% 15gm,,,,¬O,,¥¥°ü¸T¤î¨Ï¥Î¥»ÃÄ«~¡A ¤Å±µÄ²²´¡B¤f©Î»óµÄ¡A ¨ÃÁ×§K¤éÅÎ,,Avoid during pregnancy. For external use; avoid exposure to sunlight.,,³Æµù: ªvÀø´Á¶¡À³°µ¦n¨¾ÅÎ±¹¬I,Avoid exposure to sunlight or UV light.,2019.11Acure gel ¯Ê³f¨ú¥N,¤@¯ë,¤@¯ë,Äµ »y:¥¥°ü¸T¤î¨Ï¥Î¥»ÃÄ«~¡A¤Å±µÄ²²´¡B¤f©Î»óµÄ¡A¨ÃÁ×§K¤éÅÎ,,,0,0,§_,99.0,,§_,¬O,§_,³æ¤è,§_,¥i¥Î,¥i¥Î,¤£¥i¿i,§_,,1.00,1.00,9.00,9.00,30,30,7,7,99.00,99.00,0,0,,¦³¹Ï¤ù,,0,,0,,D10AD03,,,,,0,,0,,TUB,,°·«Oµ¹¥I,°·«Oµ¹¥I,ADAPALENE,D10AD03,AC48286335,,LiquidSolidSuspension,TOPGEL,,,0,,0,mL,,,PH006,202104191015,65.00,81.00
EANO,20230628,99999999,¥i¥Î,Anoro Ellipta 55/22mcg inhalation powder,Anoro Ellipta 55/22mcg inhalation powder,Umeclidinium + Vilanterol trifenatate,IH,QD,ERSP,RE-04-00,¥~¥Î,PFF,Anoro Ellipta,«D²Õ®M,,,¤@¯ë¥i¥Î,¬O,¥i¥ÎÃÄ¥]¾÷,±ø¥ó¤Uµ¹¥I,¤@¯ë,Á`¶q¶i¦ì,¾AÀ³¯g:ºC©Êªý¶ë©ÊªÍ¯f(COPD)±wªÌ¤§®ð¹Dªý¶ë¯gª¬ªººû«ùªvÀø¡C,,Indication: Chronic obstructive pulmonary disease,,¥~ Æ[: ¶ì½¦»s¦Ç¦â°®¯»§l¤J¾¹¡B¬õ¦â§l¤f»\¡C,Appearance:Gray plastic inhaler¡A red mouthpiece cover.,ÀYµh¡A»ó«|ª¢¡A¤W©I§l¹D·P¬V¡C,Headache¡A nasopharyngitis¡A upper respiratory tract infection.,,¬Ò¥i¥Î,¦wªÍ¼Ö©ö§Q¹F 55/22mcg °®¯»§l¤J¾¯,Anoro Ellipta 55/22mcg,,,,¬O,,ÄY­«¨Å³J¥Õ¹L±ÓªÌ¸T¥Î¡C,ÃÄ²°¤º¸Ë¦³¤@¥]°®Àê¾¯¡A¤Á¤Å§]­¹©Î§l­¹¡C,Do not use in patients with severe hypersensitivity to milk proteins.,The tray contains a desiccant¡A don't eat or inhale.,¥»ÃÄ¤£¾A¥Î©óªvÀø®ð³Ý¡C,This medication is not for the treatment of asthma.,,¤@¯ë,¤@¯ë,ÄY­«¨Å³J¥Õ¹L±ÓªÌ¸T¥Î¡C,,,0,0,§_,30.0,,§_,¬O,¬O,½Æ¤è,,¥i¥Î,¥i¥Î,¤£¥i¿i,¬O,,1.00,1.00,1.00,1.00,999,999,0,0,1.00,1.00,0,0,,¦³¹Ï¤ù,,0,,0,,R03AL03,R03BB07,,,,0,,0,,BOX,,°·«Oµ¹¥I,°·«Oµ¹¥I,Vilanterol 22 MCG/DOSE + Umeclidinium 55 MCG/DOSE,R03AL03,BC26315143,§_,GasSolidSpray,INHLPWD,,,0,,0,,,,PH047,202308161454,1244.00,1493.00
EART1,19960101,99999999,°±¥Î,Arteoptic 1% oph sol 5mL,Arteoptic 1% oph sol 5mL,Carteolol,OU,,TOPH,OP-05-04,¥~¥Î,ºw,Arteoptic,«D²Õ®M,°±¥Î,,¤@¯ë¥i¥Î,¬O,¤£¥i¥ÎÃÄ¥]¾÷,¥i¥Î,¤@¯ë,Á`¶q¶i¦ì,¾AÀ³¯g:¥Dªv«C¥ú²´¡B°ª²´À£µ¥,,Indication:Lowering of ocular pressure,,¥~ Æ[:ºñ¦â¥~²~¾ï¬õ¦â»\¤l,,,,,¥u¥Î©óªù¶E¤Î¦í°|STAT,1% ¬ü¯S®Ô,Arteoptic 1% oph sol 5mL,,,§_,¬O,,,,,,,,,¤@¯ë,¤@¯ë,Äµ »y:­Y¦³®ð³Ý©ÎµjÅË©Ê®ðºÞª¢®É¡AÀ³¤p¤ß¨Ï¥Î¥»ÃÄ,,,,,§_,100.0,,§_,§_,§_,³æ¤è,§_,¥i¥Î,¥i¥Î,¤£¥i¿i,¬O,,1.00,1.00,99.00,99.00,99,99,0,0,24.00,24.00,0,0,,¦³¹Ï¤ù,,0,,0,,,,,,,,,,,BOT,§_,°·«Oµ¹¥I,°·«Oµ¹¥I,CARTEOLOL,S01ED05,B015293421,§_,AdministrableDrugForm,OPDROP,,,,,,,,,PH047,202303141636,227.00,272.00
EART2,19960101,99999999,°±¥Î,Arteoptic 2% oph sol 5mL,Arteoptic 2% oph sol 5mL,Carteolol,OU,,TOPH,OP-05-04,¥~¥Î,ºw,Arteoptic,«D²Õ®M,°±¥Î,EMIK,¤@¯ë¥i¥Î,¬O,¤£¥i¥ÎÃÄ¥]¾÷,,¤@¯ë,Á`¶q¶i¦ì,¾AÀ³¯g:¥Dªv«C¥ú²´¡A °ª²´À£,,Indication:Lowering of ocular pressure,,¥~ Æ[:ºñ¦â¥~²~¬õ¦â»\¤l,Apperance:Green bottle¡A red cap¡A 5mL eye drop bottle,§½³¡¨ë¿E¡A µøÄ±»ÙÃª¡A ²§ª«·P,Local irritation¡A visual disturbances¡A foreign body sensation,,¥u¥Î©óªù¶E¤Î¦í°|STAT,2% ¬ü¯S®Ô,Arteoptic 2%,,,§_,¬O,,­Y¦³®ð³Ý©ÎµjÅË©Ê®ðºÞª¢®É¡A À³¤p¤ß¨Ï¥Î¥»ÃÄ,,Should not use this medicine if patient has asthma that is not well-controlled.,,³Æµù: ­Y¦P®É¨Ï¥Î¨âºØ²´ÃÄ¤ô¡A ½Ð¶¡¹j5¤ÀÄÁ¡A ­YµLÂå®v«ü¥Ü¡A µL¥ý«á¨Ï¥Î¶¶§Ç,,2014¦~²Ä¤G¦¸ÃÄ©e·|¨MÄ³§R°£,¤@¯ë,¤@¯ë,Äµ »y:­Y¦³®ð³Ý©ÎµjÅË©Ê®ðºÞª¢®É¡AÀ³¤p¤ß¨Ï¥Î¥»ÃÄ,,,,,§_,100.0,,§_,§_,§_,³æ¤è,§_,°±¥Î,¥i¥Î,¤£¥i¿i,§_,,1.00,1.00,1.00,1.00,999,999,30,1,12.00,12.00,0,0,,¦³¹Ï¤ù,,0,,0,,S01ED05,,,,,,,,,BOT,§_,°·«Oµ¹¥I,°·«Oµ¹¥I,CARTEOLOL,S01ED05,B015292421,§_,AdministrableDrugForm,OPDROP,,,,,,,,,PH047,202303141636,229.00,275.00
EARTI,20040901,99999999,°±¥Î,Artificial tear 10mL,Artificial tear 10mL,Hydroxypropylmethylcellulose,OU,,TOPH,OP-07-00,¥~¥Î,ºw,Artificial tear,«D²Õ®M,°±¥Î,ETEA,¤@¯ë¥i¥Î,¬O,¤£¥i¥ÎÃÄ¥]¾÷,¥i¥Î,¤@¯ë,Á`¶q¶i¦ì,¾AÀ³¯g:¤H¤u²\²G,,,,,,,,,¥u¥Î©óªù¶E¤Î¦í°|STAT,ºwµøÂI²´²G,Artificial tear 10mL,,,§_,¬O,,,,,,,,,¤@¯ë,¤@¯ë,Äµ »y:½Ð¨Ì·Ó«ü¥Ü´Á­­¤º¨Ï¥Î¡A«ØÄ³ÃÄ«~¶}«Ê¤@­Ó¤ë«á¤£À³¦A¥Î,,,,,§_,99.0,,§_,§_,§_,³æ¤è,§_,¥i¥Î,¥i¥Î,¤£¥i¿i,§_,,1.00,1.00,999.00,999.00,999,999,1,1,99.00,99.00,0,0,,µL¹Ï¤ù,,0,,0,,,,,,,,,,,BOT,,°·«Oµ¹¥I,°·«Oµ¹¥I,HYDROXYPROPYL METHYLCELLULOSE,S01XA20,A034503429,§_,AdministrableDrugForm,OPDROP,,,,,,,,,PH047,202303141636,28.90,36.00
EASA,20021105,99999999,¥i¥Î,Asacol 500mg suppository,Asacol 500mg suppository,Mesalazine,RECT,,ALIM,GI-09-00,¥~¥Î,SUP,Asacol,«D²Õ®M,Á{±ÄÃÄ¡A½Ð³qª¾ÃÄ§½¥~ÁÊ,,¥»°|Á{±Ä²M³æ,¬O,¥i¥ÎÃÄ¥]¾÷,­­¥Î,¤@¯ë,Á`¶q¶i¦ì,¾AÀ³¯g: ¼ìºÅ©Êµ²¸zª¢¡B»´«×¨ì¤¤«×ª½¸zª¢¤Îª½¸z¤Aª¬µ²¸zª¢¡C,,Indication:Ulcerative proctitis¡A colitis¡A proctosigmoiditis.,,¥~ Æ[:²H½Å¦â®ê¾¯¡A¥i¯à¦³´³ÂI¡A¶ì½¦¥~¥]¸Ë,Appearance:light tan suppositories¡A maybe with blotches.,äú¤ß¡A ¸¡Âm¡A ¸¡µh¡A ÀYµh,Nausea¡A diarrhea¡A abdominal pain¡A headache,,¬Ò¥i¥Î,¦w¸z§J®ê¾¯,Asacol 500mg suppository,,,§_,¬O,,Àx¦s©ó°®Àê³±²D(15-25¢J)³B,,Keep away from direct heat or humidity(Store at 15-25¢J).,,½ÐÀx¦s©ó­ì¥]¸Ë¤¤Á×¥ú«O¦s¡A¨Ï¥Î«e»Ý©î¶}¶ì½¦¥]¸Ë.,Store in supplied boxes¡A avoid light. Remove the plastic wrapper before using.,2022Q3³q¹LÁ{±Ä²M³æ,¤@¯ë,¤@¯ë,Äµ »y:¨zªù®ê¾¯½Ð¸m©ó25¢J¥H¤UÀx¦s¡A ¨Ã©ó­é¥~¥]¸Ë«á¨Ï¥Î,,,,,§_,1.0,,§_,¬O,§_,³æ¤è,§_,¥i¥Î,¥i¥Î,¤£¥i¿i,¬O,,1.00,1.00,2.00,2.00,99,99,3,1,6.00,6.00,0,0,,¦³¹Ï¤ù,,0,,0,,A07EC02,,,,,,,,,SUP,,°·«Oµ¹¥I,°·«Oµ¹¥I,MESALAZINE,A07EC02,BC21083500,§_,SolidDrugForm,RECSUPP,,,,,,,,,PH047,202311281516,25.00,33.00
EATL,20231013,99999999,¥i¥Î,Artelac eye drops 10mL,Artelac eye drops 10mL,Hydroxypropylmethylcellulose,OU,,TOPH,OP-07-00,¥~¥Î,ºw,Artelac (HPMC 2906),«D²Õ®M,¼t°Ó¯Ê³f,EPAT,¤@¯ë¥i¥Î,¬O,¥i¥ÎÃÄ¥]¾÷,±ø¥ó¤Uµ¹¥I,¤@¯ë,Á`¶q¶i¦ì,¾AÀ³¯g:¼È®É½w¸Ñ¦]²´·ú°®Àß©Ò¤Þ°_¨`¼ö·P»P¨ë¿E·P¡C,,Indication: Relieves dry eye burning and irritation.,,¥~ Æ[:10mL¶ì½¦ÂI²´²~,Appearance: 10mL plastic eye dropper bottle.,°¸¦³²´·ú¬õ¸~¡B¨`¼ö¡B¨ëµh·P¡C,Occasional eye redness¡A swelling¡A burning¡A and stinging sensation.,,¬Ò¥i¥Î,·R¯S²\ÂI²´²G,Artelac eye drops 10mL,,,,¬O,,­Y²´·ú«ùÄòµo¬õ¡B¨ëµh©Î³sÄò¨Ï¥Î¤T¤Ñ¯gª¬¥¼§ïµ½¡A½Ð¥ß§Y°±¥Î¨Ã¦^¶E¡C,¶}²~28¤Ñ«á½Ð¤ÅÄ~Äò¨Ï¥Î¡C,Report any vision changes¡A and stop after 3 days with no improvement.,Don't use after 28 days of opening.,³Æµù¡G­Y¦P®É¨Ï¥Î¨âºØ²´ÃÄ¤ô¡A½Ð¶¡¹j5¤ÀÄÁ¡C­YµLÂå®v«ü¥Ü¡A«hµL¥ý«á¶¶§Ç¡C,If using two eye drops together¡A please wait 5 minutes between applications.,202310 ·s¼W (2023/11/1 °_Tears Naturale°·«O¤£µ¹¥I),¤@¯ë,¤@¯ë,Äµ »y:­Y²´·ú«ùÄòµo¬õ¡B¨ëµh©Î³sÄò¨Ï¥Î¤T¤Ñ¯gª¬¥¼§ïµ½¡A½Ð¥ß§Y°±¥Î¨Ã¦^¶E¡C,,,0,0,§_,200.0,,§_,¬O,§_,³æ¤è,,°±¥Î,°±¥Î,¤£¥i¿i,¬O,,1.00,1.00,2.00,2.00,999,999,28,1,8.00,8.00,0,0,,¦³¹Ï¤ù,,0,,0,,S01XA20,,,,,0,,0,,BOT,§_,°·«Oµ¹¥I,°·«Oµ¹¥I,HYDROXYPROPYL METHYLCELLULOSE,S01XA20,B020735429,,AdministrableDrugForm,OPDROP,,,0,,0,,,,PH070,202312281043,106.00,127.00
EATR1,20130922,99999999,¥i¥Î,Antol 0.125%¡A 5mL,Antol 0.125%¡A 5mL,Atropine,OU,HS,TOPH,OP-04-00,¥~¥Î,ºw,Atropine,«D²Õ®M,,,¤@¯ë¥i¥Î,¬O,¥i¥ÎÃÄ¥]¾÷,°·«O¤£µ¹¥I,¤@¯ë,Á`¶q¶i¦ì,¾AÀ³¯g:¥Dªv°²©Êªñµø,,Indication:Pseudomyopia,,¥~ Æ[:5 ²@¤ÉÂI²´²~¸Ë,Appearance: 5 mL eye drop in plastic bottle,µø½u¼Ò½k¡A ¹ï¥ú¦³±Ó·P©Ê,Blurred vision¡A sensitivity to light,,¬Ò¥i¥Î,¦w§´,Antol 0.125%¡A 5mL,,,§_,¬O,,À³Á×§K¶}¨®©Î»Ý­nµøÄ±©Êªº¤u§@,,Make sure your vision is clear before you drive¡A or use machines.,,³Æµù: ­Y¦P®É¨Ï¥Î¨âºØ²´ÃÄ¤ô¡A ½Ð¶¡¹j5¤ÀÄÁ¡A ­YµLÂå®v«ü¥Ü¡A µL¥ý«á¨Ï¥Î¶¶§Ç,Allow at least 5 minutes between different eye preparations.,102¦~²Ä¥|¦¸ÃÄ©e·|¨MÄ³´À¥N (¦¨¥»°ª©ó°·«O»ù¡A¬G¦Û¶O),¤@¯ë,¤@¯ë,Äµ»y:À³Á×§K¶}¨®©Î»Ý­nµøÄ±©Êªº¤u§@,LA ¥~Æ[¬Û¦ü,,0,0,§_,100.0,,§_,¬O,§_,³æ¤è,§_,°±¥Î,°±¥Î,¤£¥i¿i,¬O,,1.00,1.00,2.00,2.00,999,999,7,7,8.00,8.00,0,0,,¦³¹Ï¤ù,,0,,0,,S01FA01,,,,,,,,,BOT,§_,¤£µ¹¥I¶·¦Û¥I,¤£µ¹¥I¶·¦Û¥I,,,,§_,AdministrableDrugForm,OPDROP,,,,,,,,,PH022,202312221645,0,10.00
EATR2,19960101,99999999,°±¥Î,Atropine 0.25%¡A 10mL,Atropine 0.25%¡A 10mL,Atropine,OU,HS,TOPH,OP-04-00,¥~¥Î,ºw,Atropine,«D²Õ®M,°±¥Î,,¤@¯ë¥i¥Î,¬O,¤£¥i¥ÎÃÄ¥]¾÷,°·«O¤£µ¹¥I,¤@¯ë,Á`¶q¶i¦ì,¾AÀ³¯g:¥Dªv°²©Êªñµø,,Indication:Pseudomyopia,,¥~ Æ[:10 CCÂÅ»\ÂI²´²~¸Ë,,µø½u¼Ò½k¡A ¹ï¥ú¦³±Ó·P©Ê,Blurred vision¡A sensitivity to light,,¥u¥Î©óªù¶E¤Î¦í°|STAT,0.25% ªü¦«¥­ÂI²´²G,Atropine 0.25%¡A 10mL,,,§_,¬O,,½Ð¶J©ñ©ó¦B½c§NÂÃ¡A ¨Ã¯d·N¨Ï¥Î«á·|¾É­Pµø¤O¼Ò½k,,Store in a refrigerator (2-8¢XC). May cause blurred vision.,,³Æµù: ­Y¦P®É¨Ï¥Î¨âºØ²´ÃÄ¤ô¡A ½Ð¶¡¹j5¤ÀÄÁ¡A ­YµLÂå®v«ü¥Ü¡A µL¥ý«á¨Ï¥Î¶¶§Ç,,,¤@¯ë,¤@¯ë,Äµ »y:½Ð¶J©ñ©ó¦B½c§NÂÃ¡A ¨Ã¯d·N¨Ï¥Î«á·|¾É­Pµø¤O¼Ò½k,SA «÷­µ¬Û¦ü,,,,§_,200.0,,§_,§_,§_,³æ¤è,§_,¥i¥Î,¥i¥Î,¤£¥i¿i,§_,,1.00,1.00,1.00,1.00,999,999,7,1,99.00,99.00,0,0,,¦³¹Ï¤ù,,0,,0,,S01FA01,,,,,,,,,BOT,§_,¤£µ¹¥I¶·¦Û¥I,¤£µ¹¥I¶·¦Û¥I,,,,§_,AdministrableDrugForm,OPDROP,,,,,,,,,PH047,202303141636,0,60.00
EATR3,20130922,99999999,°±¥Î,0.3% ANTOL¡A 5mL,0.3% ANTOL¡A 5mL,Atropine,OU,,TOPH,OP-04-00,¥~¥Î,ºw,Atropine,«D²Õ®M,°±¥Î,,¤@¯ë¥i¥Î,§_,¤£¥i¥ÎÃÄ¥]¾÷,,¤@¯ë,Á`¶q¶i¦ì,¾AÀ³¯g:¥Dªv°²©Êªñµø,,Indication:Pseudomyopia,,¥~ Æ[:5 ²@¤ÉÂI²´²~¸Ë,Appearance: 5 mL eye drop in plastic bottle,µø½u¼Ò½k¡A ¹ï¥ú¦³±Ó·P©Ê,Blurred vision¡A sensitivity to light,,¬Ò¥i¥Î,¦w§´,ANTOL 0.3%,,,§_,¬O,,À³Á×§K¶}¨®©Î»Ý­nµøÄ±©Êªº¤u§@,,,,³Æµù: ­Y¦P®É¨Ï¥Î¨âºØ²´ÃÄ¤ô¡A ½Ð¶¡¹j5¤ÀÄÁ¡A ­YµLÂå®v«ü¥Ü¡A µL¥ý«á¨Ï¥Î¶¶§Ç,,102¦~²Ä¥|¦¸ÃÄ©e·|¨MÄ³´À¥N¡A110¦~Q1ÃÄ©e·|§R°£,¤@¯ë,¤@¯ë,Äµ»y:À³Á×§K¶}¨®©Î»Ý­nµøÄ±©Êªº¤u§@,LA ¥~Æ[¬Û¦ü,,0,0,§_,100.0,,§_,¬O,§_,³æ¤è,§_,°±¥Î,°±¥Î,¤£¥i¿i,§_,,1.00,1.00,2.00,2.00,999,999,7,7,8.00,8.00,0,0,,¦³¹Ï¤ù,,0,,0,,S01FA01,,,,,,,,,BOT,§_,°·«Oµ¹¥I,°·«Oµ¹¥I,ATROPINE,S01FA01,AC45721421,§_,AdministrableDrugForm,OPDROP,,,,,,,,,PH034,202109011441,12.00,16.00
EATR5,19960101,99999999,°±¥Î,Atropine oph soln 0.5%,Atropine oph soln 0.5%,Atropine,OU,,TOPH,OP-04-00,¥~¥Î,ºw,Atropine,«D²Õ®M,°±¥Î,,¤@¯ë¥i¥Î,¬O,¤£¥i¥ÎÃÄ¥]¾÷,,¤@¯ë,Á`¶q¶i¦ì,¾AÀ³¯g:¥Dªv°²©Êªñµø,,,,,,µø½u¼Ò½k¡A ¹ï¥ú¦³±Ó·P©Ê,Blurred vision¡A sensitivity to light,,,,Atropine oph soln 0.5%,,,§_,¬O,,,,,,,,,¤@¯ë,¤@¯ë,Äµ »y:½Ð¶J©ñ©ó¦B½c§NÂÃ¡A ¨Ã¯d·N¨Ï¥Î«á·|¾É­Pµø¤O¼Ò½k,,,,,§_,1.0,,§_,§_,§_,³æ¤è,§_,¥i¥Î,¥i¥Î,¤£¥i¿i,¬O,,1.00,1.00,999.00,999.00,999,999,1,1,99.00,99.00,0,0,,µL¹Ï¤ù,,0,,0,,,,,,,,,,,BOT,§_,°·«Oµ¹¥I,°·«Oµ¹¥I,ATROPINE,S01FA01,A032058429,§_,AdministrableDrugForm,OPDROP,,,,,,,,,PH047,202303141636,33.90,42.00
EATRC,19960101,99999999,°±¥Î,Colircusi ATROPINE 0.5%¡A10mL,Colircusi ATROPINE 0.5%¡A10mL,Atropine,OU,HS,TOPH,OP-04-00,¥~¥Î,ºw,Atropine,«D²Õ®M,°±¥Î¡A¥i¬dÃþ¦üÃÄ,,¤@¯ë¥i¥Î,¬O,¤£¥i¥ÎÃÄ¥]¾÷,,¤@¯ë,Á`¶q¶i¦ì,¾AÀ³¯g:´²Àû¡A ·ûª¬¦Ù³Â·ôµ¥§@¥Î,,Indication:Mydriasis & cycloplegia,,¥~ Æ[:10 mL¬õ»\ÂI²´²~¸Ë,,µø½u¼Ò½k¡A ¹ï¥ú¦³±Ó·P©Ê,Blurred vision¡A sensitivity to light,,¥u¥Î©óªù¶E¤Î¦í°|STAT,0.5% ·R¦«¥­ÂI²´²G,Colircusi ATROPINE 0.5%¡A10mL,,,§_,¬O,,À³Á×§K¶}¨®©Î»Ý­nµøÄ±©Êªº¤u§@,,Make sure your vision is clear before you drive¡A or operate machines.,,³Æµù: ­Y¦P®É¨Ï¥Î¨âºØ²´ÃÄ¤ô¡A ½Ð¶¡¹j5¤ÀÄÁ¡A ­YµLÂå®v«ü¥Ü¡A µL¥ý«á¨Ï¥Î¶¶§Ç,,,¤@¯ë,¤@¯ë,Äµ »y:À³Á×§K¶}¨®©Î»Ý­nµøÄ±©Êªº¤u§@,,,,,§_,200.0,,§_,§_,§_,³æ¤è,§_,°±¥Î,¥i¥Î,¤£¥i¿i,§_,,1.00,1.00,1.00,1.00,999,999,7,1,99.00,99.00,0,0,,¦³¹Ï¤ù,,0,,0,,S01FA01,,,,,,,,,BOT,§_,¤£µ¹¥I¶·¦Û¥I,¤£µ¹¥I¶·¦Û¥I,,,,§_,AdministrableDrugForm,OPDROP,,,,,,,,,PH047,202303141636,0,41.00
EATRD,19960101,99999999,°±¥Î,Atropine 1% ÂI²´²G¡A 5mL,Atropine 1% oph soln¡A 5mL,Atropine,OU,,TOPH,OP-04-00,¥~¥Î,ºw,Atropine,«D²Õ®M,°±¥Î¡A¥i¬dÃþ¦üÃÄ,,¤@¯ë¥i¥Î,¬O,¤£¥i¥ÎÃÄ¥]¾÷,,¤@¯ë,Á`¶q¶i¦ì,¾AÀ³¯g:´²Àû¡A ·ûª¬¦Ù³Â·ôµ¥§@¥Î,,Indication:Mydriasis & cycloplegia,,¥~ Æ[:5 CC¦Ç»\¥Õ¦âÂI²´²~¸Ë,Appearance:Gray cap¡A white bottle¡A 5mL eye drop bottle,µø½u¼Ò½k¡A ¹ï¥ú¦³±Ó·P©Ê,Blurred vision¡A sensitivity to light,,¥u¥Î©óªù¶E¤Î¦í°|STAT,1.0% ¾A§´«~ÂI²´²G,Atropine 1% oph soln¡A 5mL,,,§_,¬O,,À³Á×§K¶}¨®©Î»Ý­nµøÄ±©Êªº¤u§@,,Make sure your vision is clear before you drive¡A or operate machines.,,³Æµù: ­Y¦P®É¨Ï¥Î¨âºØ²´ÃÄ¤ô¡A ½Ð¶¡¹j5¤ÀÄÁ¡A ­YµLÂå®v«ü¥Ü¡A µL¥ý«á¨Ï¥Î¶¶§Ç,,,¤@¯ë,¤@¯ë,Äµ »y:À³Á×§K¶}¨®©Î»Ý­nµøÄ±©Êªº¤u§@,,,,,§_,100.0,,§_,§_,§_,³æ¤è,§_,¥i¥Î,¥i¥Î,¤£¥i¿i,§_,,1.00,1.00,1.00,1.00,999,999,7,1,99.00,99.00,0,0,,¦³¹Ï¤ù,,0,,0,,S01FA01,,,,,,,,,BOT,§_,¤£µ¹¥I¶·¦Û¥I,¤£µ¹¥I¶·¦Û¥I,ATROPINE,S01FA01,A018848421,§_,AdministrableDrugForm,OPDROP,,,,,,,,,PH047,202303141637,29.90,38.00
EATREU,20210325,99999999,°±¥Î,Atropine Eye Drops 0.01%¡A 0.5mL/¤ä,Atropine Eye Drops 0.01%¡A 0.5mL/¤ä,Atropine,OU,HS,TOPH,OP-04-00,¥~¥Î,ºw,Atropine,«D²Õ®M,°±¥Î,ESAT,¤@¯ë¥i¥Î,¬O,¥i¥ÎÃÄ¥]¾÷,°·«O¤£µ¹¥I,¤@¯ë,Á`¶q¶i¦ì,¾AÀ³¯g:´²Àû©Î³Â·ô·ûª¬¦Ù,,Indication:Mydriasis or cycloplegia,,¥~ Æ[: 0.5²@¤É³æ¤ä¸Ë²´ÃÄ¤ô,Appearance: 0.5mL eye drop in plastic container.,µø½u¼Ò½k¡A ¹ï¥ú¦³±Ó·P©Ê,Blurred vision¡A sensitivity to light,,¬Ò¥i¥Î,¨È§´©ú²´ÃÄ¤ô0.01%,Atropine Eye Drops 0.01%,,,,¬O,,À³Á×§K¶}¨®©Î»Ý­nµøÄ±©Êªº¤u§@,¥i¦^»\¦¡¥]¸Ë¡A»Ý©ó24¤p®É¤º¨Ï¥Î§¹²¦.«C¥ú²´±wªÌ¤£¥i¨Ï¥Î,Make sure your vision is clear before you drive¡A or use machines.,The re-cap package¡A and used up within 24 hours. Avoid for glaucoma patients,³Æµù: ­Y¦P®É¨Ï¥Î¨âºØ²´ÃÄ¤ô½Ð¶¡¹j5¤ÀÄÁ¡A­YµLÂå®v«ü¥Ü¡A µL¥ý«á¶¶§Ç,Allow at least 5 minutes between different eye preparation,2021.Q1ÃÄ©e·s¶i,¤@¯ë,¤@¯ë,Äµ»y:À³Á×§K¶}¨®©Î»Ý­nµøÄ±©Êªº¤u§@,,,0,0,§_,1.0,,¬O,¬O,§_,³æ¤è,§_,°±¥Î,°±¥Î,¤£¥i¿i,¬O,,1.00,1.00,1.00,1.00,999,999,30,30,1.00,1.00,0,0,,¦³¹Ï¤ù,,0,,0,,S01FA01,,,,,0,,0,,¤ä,§_,¤£µ¹¥I¶·¦Û¥I,¤£µ¹¥I¶·¦Û¥I,,,,§_,AdministrableDrugForm,OPDROP,,,0,,0,,,,PH006,202401281003,0,30.00
EATRI,20040901,99999999,°±¥Î,Atrovent MDI 200pff/10mL,Atrovent MDI 200pff/10mL,Ipratropium,IH,AS,ERSP,RE-01-00,¥~¥Î,PFF,Atrovent,«D²Õ®M,°±¥Î,,¤@¯ë¥i¥Î,¬O,¤£¥i¥ÎÃÄ¥]¾÷,¥i¥Î,¤@¯ë,Á`¶q¶i¦ì,¾AÀ³¯g:¥DªvºC©Êªý¶ë©Ê®ðºÞª¢¡B¤ä®ðºÞ®ð³Ýµ¥,,,,,,,,,¥u¥Î©óªù¶E¤Î¦í°|STAT,©w³Ý¼Ö¼QÃú²G,Atrovent MDI 200pff/10mL,,,§_,¬O,,,,,,,,,¤@¯ë,¤@¯ë,Äµ »y:¬°§l¤J¾¯,,,,,§_,200.0,,§_,§_,§_,³æ¤è,§_,¥i¥Î,¥i¥Î,¤£¥i¿i,§_,,2.00,2.00,2.00,2.00,60,30,30,30,99.00,99.00,0,0,,µL¹Ï¤ù,,0,,0,,,,,,,,,,,BOT,§_,°·«Oµ¹¥I,°·«Oµ¹¥I,IPRATROPIUM,R03BB01,A035504129,§_,GasSolidSpray,MDINHLPWD,,,,,,,,,PH047,202303141637,170.00,204.00
EATRU,20031225,99999999,°±¥Î,Atrovent U.D.V.0.5mg,Atrovent U.D.V.0.5mg,Ipratropium,IH,,ERSP,RE-01-00,¥~¥Î,VAL,,«D²Õ®M,°±¥Î,,¤@¯ë¥i¥Î,¬O,¤£¥i¥ÎÃÄ¥]¾÷,¥i¥Î,¤@¯ë,¦¸­p¶q¶i¦ì,¾AÀ³¯g:¥DªvºC©Êªý¶ë©Ê®ðºÞª¢¡B¤ä®ðºÞ®ð³Ýµ¥,,,,¥~ Æ[: 2 ml ¶ì½¦¦wÞÀ,,,,,¬Ò¥i¥Î,©w³Ý¼Ö³æ¤@¾¯¶q§l¤J²G,Atrovent U.D.V.0.5mg,,,§_,¬O,,,,,,,,,¤@¯ë,¤@¯ë,Äµ »y: °t¦XÃú¤Æ¾¹¨Ï¥Î¤§©I§lªvÀø¥ÎÃÄ¡A»ÝÁ×¥úÀx¦s©óÄá¤ó25«×¥H¤U«Ç·Å¡C,,,,,§_,1.0,,§_,§_,§_,³æ¤è,§_,¥i¥Î,¥i¥Î,¤£¥i¿i,¬O,,1.00,1.00,999.00,999.00,999,999,1,1,99.00,99.00,0,0,,µL¹Ï¤ù,,0,,0,,,,,,,,,,,VAL,§_,°·«Oµ¹¥I,°·«Oµ¹¥I,IPRATROPIUM,R03BB01,BC18863412,§_,GasLiquidMixture,INHLSOL,,,,,,,,,PH047,202303141637,7.40,10.00
EAVA,20101001,99999999,¥i¥Î,Avamys 27.5mcg/dose¡A 120dose nasal spray,Avamys 27.5mcg/dose¡A 120dose nasal spray,Fluticasone,IN,QD,TENT,EN-02-00,¥~¥Î,PFF,Fluticasone,«D²Õ®M,,,¤@¯ë¥i¥Î,¬O,¥i¥ÎÃÄ¥]¾÷,¥i¥Î,¤@¯ë,Á`¶q¶i¦ì,¾AÀ³¯g:ªvÀø2·³¥H¤Wªº¨àµ£¡B«C¤Ö¦~»P¦¨¤Hªº¹L±Ó©Ê»óª¢¡C,,Indication:Seasonal & perennial rhinitis,,¥~ Æ[: ¥Õ¦â¥~²~²LÂÅ¦â»\¤l,Appaerance: an off-white plastic device with a blue lid,»´·L§½³¡¤£¾A¡A¬y»ó¦å¡A»ó¤lµh,Mild local discomfort¡A nosebleeds¡A nasal sores,,¬Ò¥i¥Î,¦ã±ÓÄÀ»ó¥Î¼Q²GÄa¯B¾¯,Avamys 27.5mcg/dose¡A 120dose,,,§_,¬O,,­Y¦³»óµÄ¥~¶Ë©Î¤â³NªÌ¡A »Ýµ¥¨ì¶Ë¤fÂ¡¦X«á¤~¨Ï¥Î¥»¼Q¾¯,,Do not use this spray if you have nasal wound.,,,,,¤@¯ë,¤@¯ë,Äµ »y:­Y¦³»óµÄ¥~¶Ë©Î¤â³NªÌ¡A »Ýµ¥¨ì¶Ë¤fÂ¡¦X«á¤~¨Ï¥Î¥»¼Q¾¯,,,,,§_,120.0,,§_,¬O,§_,³æ¤è,§_,¥i¥Î,°±¥Î,¤£¥i¿i,¬O,,1.00,1.00,2.00,2.00,999,999,28,30,4.00,4.00,0,0,0,¦³¹Ï¤ù,,0,,0,,R01AD12,R03BA09,,,,,,,,BOT,,°·«Oµ¹¥I,°·«Oµ¹¥I,FLUTICASONE,R01AD12,BC248774FK,§_,GasLiquidMixture,NASSPRY,,,,,,,,,PH006,202307101012,220.00,264.00
EAZA,20140616,99999999,¥i¥Î,Azarga 0.5/1%¡A 5mL ophthalmic suspension,Azarga 0.5/1%¡A 5mL ophthalmic suspension,Timolol + Brinzolamide,OU,BID,TOPH,OP-05-06,¥~¥Î,ºw,Azarga,«D²Õ®M,,,¤@¯ë¥i¥Î,¬O,¥i¥ÎÃÄ¥]¾÷,¥i¥Î,¤@¯ë,Á`¶q¶i¦ì,¾AÀ³¯g:«C¥ú²´¡A °ª²´À£µ¥,,Indication:Lowering of ocular pressure.,,¥~ Æ[:5 mL ²°¸Ë²´¥ÎÃÄ¤ô,Appearance:5mL eye drop bottle¡A white box,¨ýÄ±²§±`¡Aµø¤O¼Ò½k¡A²´·ú¨ëµh¡A²´·ú¦³²§ª«·P,Taste perversion¡A blurred vision¡A eye irritation¡A foreign body sensation in eyes,,¬Ò¥i¥Î,½Æ¤è·RµÎÀ£Äa¯B²G,Azarga 0.5/1% oph susp,,,,¬O,,­Y¦³®ð³Ý©ÎµjÅË©Ê®ðºÞª¢®É¡A À³¤p¤ß¨Ï¥Î¥»ÃÄ,,Should not use this medicine if patient has asthma that is not well-controlled.,,¹ïÁDÓiÃÄ¹L±ÓªÌ¸T¥Î,Notify your doctor if you are allergic to sulfa drugs.,103¦~²Ä¤G¦¸ÃÄ©e¶iÃÄ,¤@¯ë,¤@¯ë,Äµ »y:¹ïÁDÓiÃÄ¹L±ÓªÌ¸T¥Î,,,0,0,§_,100.0,,§_,¬O,§_,½Æ¤è,§_,¥i¥Î,¥i¥Î,¤£¥i¿i,¬O,,1.00,1.00,1.00,1.00,60,99,28,1,6.00,6.00,0,0,,¦³¹Ï¤ù,,0,,0,,S01ED01,S01EC04,S01ED51,,,0,,0,,BOT,,°·«Oµ¹¥I,°·«Oµ¹¥I,TIMOLOL 5MG/ML + BRINZOLAMIDE 10.00MG/ML,S01ED51,BC25115421,§_,AdministrableDrugForm,OPDROP,,,,,,,,,PH022,202312221645,263.00,316.00
EAZE,20071224,99999999,°±¥Î,Azela nasal spray 100dose,Azela nasal spray 100dose,Azelastine,IN,,TENT,EN-02-00,¥~¥Î,PFF,Azela,«D²Õ®M,°±¥Î¡A¥i¬dÃþ¦üÃÄ,,¤w°±¥Î,¬O,¤£¥i¥ÎÃÄ¥]¾÷,,¤@¯ë,Á`¶q¶i¦ì,¾AÀ³¯g: ¹L±Ó©Ê»óª¢,,Indication:Treatment of allergic rhinitis,,¥~ Æ[: ²`¾ï¦â¬Á¼þ²~,,¥i¯à²£¥Í¨ýÄ±»ÙÃª,May produce a taste disturbance.,,¥u¥Î©óªù¶E¤Î¦í°|STAT,·R»ó¦w»ó¥Î¼Q²G,Azela nasal spray 100dose,,,§_,¬O,,,,,,,,,¤@¯ë,¤@¯ë,Äµ »y: ¥»«~¬°¥~¥ÎÃÄ«~¡A½Ð§½³¡¨Ï¥Î¡A¤Å±µÄ²²´·ú©Î»~ªA¡C,,,,,§_,99.0,,§_,§_,§_,³æ¤è,§_,¥i¥Î,¥i¥Î,¤£¥i¿i,¬O,,1.00,1.00,99.00,99.00,30,30,1,1,99.00,99.00,0,0,,¦³¹Ï¤ù,,0,,0,,,,,,,,,,,BOT,,°·«Oµ¹¥I,°·«Oµ¹¥I,AZELASTINE,R01AC03,A047879455,§_,GasLiquidMixture,NASSPRY,,,,,,,,,PH047,202303141637,184.00,221.00
EAZET,20190730,99999999,°±¥Î,Azetin Nasal Spray 140 mcg/dose,Azetin Nasal Spray 140 mcg/dose,Azelastine,IN,BID,TENT,EN-02-00,¥~¥Î,PFF,Astepro,«D²Õ®M,°±¥Î,,,¬O,¥i¥ÎÃÄ¥]¾÷,¥i¥Î,¤@¯ë,Á`¶q¶i¦ì,¾AÀ³¯g:¹L±Ó©Ê»óª¢,,Indication:Allergic rhinitis,,¥~ Æ[:¥Õ¦â¶ì½¦¥~²~,Appearance:A white plastic device.,§x­Â¡A§½³¡¤£¾A¡A¬y»ó¦å¡A»ó¤l¨ëµh¡A­W¨ý¡Aäú¤ß,Sleepiness¡A local discomfort¡A nose bleeds¡A nasal tingling¡A bitter taste¡A nausea,,¬Ò¥i¥Î,¼Q¥ß°±»ó¥Î¼Q²G¾¯,Azetin Nasal Spray,,,¬O,¬O,,²Ä¤@¦¸¨Ï¥Î½Ð¹ïªÅÀ£©ñ¤C¦Ü¤Q¦¸¡Aª½¨ì¼Q¥XÃúª¬ÃÄ²G¬°¤î¡C,,Before the first using¡A please spray to the air for seven to ten times,until the mist is sprayed.,¤Ö¼Æ¤H¨Ï¥Î«á¥i¯à¤Þ°_¯h­Â¡A ·QºÎªº²{¶H,May cause fatigue¡A sleepiness.,2019Q2Á{®É·|·s¼W,¤@¯ë,¤@¯ë,²Ä¤@¦¸¨Ï¥Î½Ð¹ïªÅÀ£©ñ¤C¦Ü¤Q¦¸¡Aª½¨ì¼Q¥XÃúª¬ÃÄ²G¬°¤î¡C,,,0,0,§_,120.0,,§_,¬O,§_,³æ¤è,§_,¥i¥Î,°±¥Î,¤£¥i¿i,¬O,,1.00,1.00,2.00,2.00,999,999,28,28,4.00,4.00,0,0,,¦³¹Ï¤ù,,0,,0,,S01GX07,R01AC03,,,,0,,0,,BOX,,°·«Oµ¹¥I,°·«Oµ¹¥I,AZELASTINE,R01AC03,AC48635457,§_,GasLiquidMixture,NASSPRY,,,0,,0,,,,PH038,202209081121,91.00,114.00
EAZL,20230712,99999999,¥i¥Î,Azel cream 30gm,Azel cream 30gm,Azelaic Acid,EXT,,TDER,DE-07-00,¥~¥Î,¾A¶q,Skinoren Cream,«D²Õ®M,,,¤@¯ë¥i¥Î,¬O,¥i¥ÎÃÄ¥]¾÷,¥i¥Î,¤@¯ë,Á`¶q¶i¦ì,¾AÀ³¯g:´M±`©ÊÚµ½H(«C¬Kµk¡A ¯»¨ë¡A ­±¯p),,Indication:Acne vulgaris.,,¥~ Æ[:30gm³nºÞ,Appearance:30gm tube,¨`¼ö·P¡A »´·L¨ëµh·P¡A ¥Ö½§°®Àê¡A Äo¡A ²æ¥Ö¡A ÅÜ¬õ,Burning¡A stinging¡A or tingling of skin¡A mild¡A dryness of skin¡A itching of skin¡A,,¬Ò¥i¥Î,«ä´A¨Å»I,Azel cream 30gm,,,,¬O,,¬°¥~¥ÎÃÄ«~¡A ½Ð§½³¡¨Ï¥Î¡A ¤Å±µÄ²²´·ú©Î»~ªA,¨Ï¥Î«eÀ³¹ý©³²M¼ä¥Ö½§¡C,For external use. Avoid contact with the eyes or oral consumption.,Thoroughly clean the skin before use.,¹ï¤þ¤G¾J(propylene glycol)¹L±ÓªÌ¸T¥Î¡C,Do not use in individuals allergic to propylene glycol.,202307 ESKI ¯Ê³f´À¥N,¤@¯ë,¤@¯ë,Äµ »y: ¥»«~¬°¥~¥ÎÃÄ«~¡A½Ð§½³¡¨Ï¥Î¡A¤Å±µÄ²²´·ú©Î»~ªA¡C,,,0,0,§_,99.0,,§_,¬O,§_,³æ¤è,§_,¥i¥Î,¥i¥Î,¤£¥i¿i,¬O,,1.00,1.00,9.00,9.00,999,999,7,1,99.00,99.00,0,0,,¦³¹Ï¤ù,,0,,0,,D10AX03,,,,,0,,0,,TUB,§_,°·«Oµ¹¥I,°·«Oµ¹¥I,AZELAIC ACID,D10AX03,AC44649343,§_,LiquidLiquidEmulsion,TOPCRM,,,0,,0,,,,PH022,202312221646,195.00,234.00
EAZO,20040901,99999999,¥i¥Î,Azopt 1%¡A 5mL ophthalmic suspension,Azopt 1%¡A 5mL ophthalmic suspension,Brinzolamide,OU,BID,TOPH,OP-05-03,¥~¥Î,ºw,,«D²Õ®M,,,¤@¯ë¥i¥Î,¬O,¥i¥ÎÃÄ¥]¾÷,¥i¥Î,¤@¯ë,Á`¶q¶i¦ì,¾AÀ³¯g:¥Dªv«C¥ú²´¡A °ª²´À£µ¥,,Indication:Lowering of ocular pressure,,¥~ Æ[:¥Õ¦â5mL¥~²~,Appearance:5mL eye drop bottle¡A white/green box,¨ýÄ±§ïÅÜ¡A µ¹ÃÄ«áµu¼Èªºµø¤O¼Ò½k,Bitter¡A sour¡A or other unusual taste¡A blurred vision for a short time after use,,¬Ò¥i¥Î,·RµÎÀ£ÂI²´²G,Azopt 1% 5mL ophthalmic,,,§_,¬O,,¹ïÁDÓiÃÄ¹L±ÓªÌ¸T¥Î,,Notify your doctor if you are allergic to sulfa drugs.,,³Æµù: ­Y¦P®É¨Ï¥Î¦hºØ²´¥Î»s¾¯¡A ½Ð¶¡¹j¦Ü¤Ö5¤ÀÄÁ¡C,Wait at least 5 minutes between different eye preparations.,,¤@¯ë,¤@¯ë,Äµ »y:¹ïÁDÓiÃÄ¹L±ÓªÌ¸T¥Î,,,,,§_,100.0,,§_,¬O,§_,³æ¤è,§_,¥i¥Î,¥i¥Î,¤£¥i¿i,¬O,,1.00,1.00,1.00,1.00,60,999,28,1,6.00,6.00,0,0,,¦³¹Ï¤ù,,0,,0,,S01EC04,,,,,,,,,BOT,,°·«Oµ¹¥I,°·«Oµ¹¥I,BRINZOLAMIDE,S01EC04,BC22934421,§_,LiquidSolidSuspension,OPSUSP,,,,,,,,,PH022,202312221646,246.00,295.00
EBAAG,19960101,99999999,°±¥Î,BAAG soln 20mL,BAAG soln 20mL,Boric Acid + Alcohol Glycerin,AU,,TENT,EN-01-00,¥~¥Î,¾A¶q,BAAG,«D²Õ®M,°±¥Î¡A¥i¬dÃþ¦üÃÄ,,¤@¯ë¥i¥Î,¬O,¤£¥i¥ÎÃÄ¥]¾÷,,¤@¯ë,Á`¶q¶i¦ì,¾AÀ³¯g:¬°¦Õ¥Î§Üµß¾¯,,Indication:Topical use for chronic otitis media,,¥~ Æ[:20 mL ³z©ú²~¸Ë(ÂI¦Õ¥Î),Appearance:20mL ear drop bottle,§½³¡¨ë¿E,Local irritation,,¥u¥Î©óªù¶E¤Î¦í°|STAT,¸N¤Æ¾J²G(ÂI¦Õ¥Î),BAAG soln 20mL,,,§_,¬O,,½Ð¨Ì·Ó«ü¥Ü´Á­­¤º¨Ï¥Î¡A «ØÄ³ÃÄ«~¶}«Ê¤@­Ó¤ë«á¤£À³¦A¥Î,,Follow doctor's advice. Use within one month after opening package.,,,,,¤@¯ë,¤@¯ë,Äµ »y:½Ð¨Ì·Ó«ü¥Ü´Á­­¤º¨Ï¥Î¡A«ØÄ³ÃÄ«~¶}«Ê¤@­Ó¤ë«á¤£À³¦A¥Î,,,,,§_,99.0,,§_,§_,§_,³æ¤è,§_,¥i¥Î,¥i¥Î,¤£¥i¿i,§_,,1.00,1.00,999.00,999.00,999,999,7,1,99.00,99.00,0,0,,µL¹Ï¤ù,,0,,0,,S02AA03,,,,,,,,,BOT,§_,¤£µ¹¥I¶·¦Û¥I,¤£µ¹¥I¶·¦Û¥I,,,,§_,AdministrableDrugForm,OTDROP,,,,,,,,,PH047,202303141637,0,50.00
EBBL,19960101,99999999,°±¥Î,B.B. lotion 25%¡A100mL,B.B. lotion 25%¡A100mL,Benzyl benzoate,EXT,,TDER,DE-03-00,¥~¥Î,¾A¶q,B.B.Lotion,«D²Õ®M,°±¥Î,EJAL,¤@¯ë¥i¥Î,¬O,¤£¥i¥ÎÃÄ¥]¾÷,°·«O¤£µ¹¥I,¤@¯ë,Á`¶q¶i¦ì,¾AÀ³¯g:ªvÀø¬ÎÅ~¤Îªë¦ä·P¬V,,Indication:Treatment of scabies¡A head lice.,,¥~ Æ[:¥Õ¦â100mL¥~²~,Appearance:100 mL white bottle,¥Ö½§¨ë¿E¡A ¨`¼ö·P,Skin irritation¡A burning sensation.,,¥u¥Î©óªù¶E¤Î¦í°|STAT,§Q½¾¬~¾¯,B.B. lotion,,,§_,¬O,,¬°¥~¥ÎÃÄ«~¡A ½Ð§½³¡¨Ï¥Î¡A ¤Å±µÄ²²´·ú©Î»~ªA,,For external use. Avoid contact with the eyes or oral consumption.,,,,,¤@¯ë,¤@¯ë,Äµ »y: ¥»«~¬°¥~¥ÎÃÄ«~¡A½Ð§½³¡¨Ï¥Î¡A¤Å±µÄ²²´·ú©Î»~ªA¡C,,,,,§_,99.0,,§_,§_,§_,³æ¤è,§_,¥i¥Î,¥i¥Î,¤£¥i¿i,§_,,1.00,1.00,9.00,9.00,999,999,7,1,99.00,99.00,0,0,,¦³¹Ï¤ù,,0,,0,,P03AX01,,,,,,,,,BOT,§_,¤£µ¹¥I¶·¦Û¥I,¤£µ¹¥I¶·¦Û¥I,,,,§_,Liquid,TOPSOL,,,,,,,,,PH047,202303141637,0,192.00
EBEC,19960101,99999999,°±¥Î,Beclomet nasal aqua 100mcg/dose,Beclomet nasal aqua 100mcg/dose,Beclomethason,IN,,TENT,EN-02-00,¥~¥Î,PFF,Beclomet,«D²Õ®M,°±¥Î¡A¥i¬dÃþ¦üÃÄ,,¤@¯ë¥i¥Î,¬O,¤£¥i¥ÎÃÄ¥]¾÷,,¤@¯ë,Á`¶q¶i¦ì,¾AÀ³¯g:¥Dªv¹L±Ó©Ê»óª¢,,,,,,,,,¥u¥Î©óªù¶E¤Î¦í°|STAT,,Beclomet nasal aqua 100mcg/d,,,§_,¬O,,,,,,,,,¤@¯ë,¤@¯ë,Äµ »y: ¥»«~¬°¥~¥ÎÃÄ«~¡A½Ð§½³¡¨Ï¥Î¡A¤Å±µÄ²²´·ú©Î»~ªA¡C,,,,,§_,200.0,,§_,§_,§_,³æ¤è,§_,¥i¥Î,¥i¥Î,¤£¥i¿i,§_,,1.00,1.00,2.00,2.00,60,30,30,1,99.00,99.00,0,0,,µL¹Ï¤ù,,0,,0,,,,,,,,,,,BOT,§_,°·«Oµ¹¥I,°·«Oµ¹¥I,BECLOMETHASONE,R01AD01,B020454438,§_,GasLiquidMixture,NASSPRY,,,,,,,,,PH047,202303141637,351.00,421.00
EBET,20140121,99999999,¥i¥Î,Betason-N ²´ÃÄ»I3gm,Betason-N eye ointment 3gm,Betamethasone + Neomycin,OU,,TOPH,OP-02-00,¥~¥Î,¾A¶q,,«D²Õ®M,,,¤@¯ë¥i¥Î,¬O,¥i¥ÎÃÄ¥]¾÷,,¤@¯ë,Á`¶q¶i¦ì,¾AÀ³¯g:²´³¡©Î¨ä¥L³¡¦ì¹L±Ó©Êµoª¢¯gª¬,,Indication:inflammatory conditions of the eye,,¥~ Æ[:¥Õ¦â3gm³nºÞ¡A¥Õ¦â»\¤l¡A ¥Õ¦â©³³¡¡A¤¤¶¡¶À¦â±ø¯¾,Appearance:3gm white tube,¨`¼ö·P¡B ¥Ö½§Äo¡BÁ±¨ë·P,Burning¡A itching¡A stinging,,¬Ò¥i¥Î,¤ñ¹F²n,Betason-N eye ointment 3gm,,,§_,¬O,,°£Âå®v«ü¥Ü¥~¡A ½Ð¤Åªø´Á©Î±K¶°¦a«ùÄò¨Ï¥Î,,Follow doctor's advice. Do not use this medicine for long term.,,­Y¯gª¬¼Æ¤é¤º¥¼§ïµ½©Î§óÄY­«¡A½Ð§iª¾Âå®v,Consult your doctor if symptoms persist or get worse.,,¤@¯ë,¤@¯ë,Äµ »y:°£Âå®v«ü¥Ü¥~¡A½Ð¤Åªø´Á©Î±K¶°¦a«ùÄò¨Ï¥Î,,,0,0,§_,99.0,,§_,¬O,§_,½Æ¤è,§_,¥i¥Î,¥i¥Î,¤£¥i¿i,¬O,,1.00,1.00,9.00,9.00,999,999,7,1,99.00,99.00,0,0,,¦³¹Ï¤ù,,0,,0,,S01CA05,S01AA03,S01BA06,,,,,,,TUB,§_,°·«Oµ¹¥I,°·«Oµ¹¥I,BETAMETHASONE 2MG/GM + NEOMYCIN 3.5MG/GM,S01CA05,AC10478416,§_,LiquidLiquidEmulsion,OPOINT,,,,,,,,,PH022,202312221646,15.50,20.00
EBETA,20140905,99999999,¥i¥Î,Sinbeta derm cream 10gm,Sinbeta derm cream 10gm,Betamethasone + Gentamicin,EXT,,TDER,DE-05-00,¥~¥Î,¾A¶q,Betaderm,«D²Õ®M,,,¤@¯ë¥i¥Î,¬O,¥i¥ÎÃÄ¥]¾÷,¥i¥Î,¤@¯ë,Á`¶q¶i¦ì,¾AÀ³¯g:¥Dªv¥Ö½§·kÄo¡A ±µÄ²©Ê¥Ö½§ª¢µ¥¹L±Ó¯gª¬,,Indications:Contact dermatitis or skin itching,,¥~ Æ[:¥Õ©³ÂÅ¦r10gm³nºÞ,Appearance:10gm white tube,¿N¨`·P¡A ¥Ö½§°®¡A ¥Ö½§¨ë¿E¡A ¥Ö½§Äo¡A ¥Ö½§¬õ,Burning¡A dryness¡A irritation¡A itching¡A redness of skin¡A skin rash,,¬Ò¥i¥Î,§ö¨©¥L°·¨Å»I,Sinbeta derm cream 10gm,,,,¬O,,¬°¥~¥ÎÃÄ«~¡A ½Ð§½³¡¨Ï¥Î¡A ¤Å±µÄ²²´·ú©Î»~ªA,,,,,,,¤@¯ë,¤@¯ë,Äµ »y: ¥»«~¬°¥~¥ÎÃÄ«~¡A½Ð§½³¡¨Ï¥Î¡A¤Å±µÄ²²´·ú©Î»~ªA¡C,,,0,0,§_,99.0,,§_,¬O,§_,½Æ¤è,§_,¥i¥Î,¥i¥Î,¤£¥i¿i,¬O,,1.00,1.00,9.00,9.00,999,999,7,1,99.00,99.00,0,0,,¦³¹Ï¤ù,,0,,0,,D07CC01,D07AC01,D06AX07,,,0,,0,,TUB,,°·«Oµ¹¥I,°·«Oµ¹¥I,BETAMETHASONE (VALERATE)1MG/GM + GENTAMICIN 1MG/GM,D07CC01,A032419329,§_,LiquidLiquidEmulsion,TOPCRM,,,,,,,,,PH022,202312221646,13.50,18.00
EBIA5,20120118,99999999,°±¥Î,Povidone-iodine soln 500mL,Povidone-iodine soln 500mL,Povidone-iodine,EXT,,TDER,DE-01-00,¥~¥Î,¾A¶q,Prvidone-iodine,«D²Õ®M,°±¥Î¡A¥i¬dÃþ¦üÃÄ,,¤@¯ë¥i¥Î,¬O,¤£¥i¥ÎÃÄ¥]¾÷,,¤@¯ë,Á`¶q¶i¦ì,¾AÀ³¯g:¥~¥Î±þµß¡A ®ø¬r¾¯,,Indication:Antiseptics & disinfectants.,,¥~ Æ[:500mL¥~²~,Appearance:500 mL white bottle,§½³¡¨ë¿E,Local irritation,,¥u¥Î©óªù¶E¤Î¦í°|STAT,ª÷¸KÃÄ¤ô,Povidone-iodine soln 500mL,,,§_,¬O,,¬°¥~¥ÎÃÄ«~¡A ½Ð§½³¡¨Ï¥Î¡A ¤Å±µÄ²²´·ú©Î»~ªA,,For external use. Avoid contact with the eyes or oral consumption.,,,,,¤@¯ë,¤@¯ë,Äµ »y: ¥»«~¬°¥~¥ÎÃÄ«~¡A½Ð§½³¡¨Ï¥Î¡A¤Å±µÄ²²´·ú©Î»~ªA¡C,,,0,0,§_,99.0,,§_,§_,§_,³æ¤è,§_,°±¥Î,¥i¥Î,¤£¥i¿i,¬O,,1.00,1.00,9.00,9.00,999,999,1,1,99.00,99.00,0,0,,µL¹Ï¤ù,,0,,0,,,,,,,,,,,BOT,,°·«O¤£¥Ó³ø¤£­p»ù,°·«O¤£¥Ó³ø¤£­p»ù,,,,§_,Liquid,TOPSOL,,,,,,,,,PH047,202303141637,0,86.00
EBIAQ,19960101,99999999,¥i¥Î,Povidone-Iodine solution 200mL,Povidone-Iodine solution 200mL,Povidone-iodine,EXT,,TDER,DE-01-00,¥~¥Î,¾A¶q,Betadine,«D²Õ®M,,,¤@¯ë¥i¥Î,¬O,¥i¥ÎÃÄ¥]¾÷,,¤@¯ë,Á`¶q¶i¦ì,¾AÀ³¯g:¥~¥Î±þµß¡A ®ø¬r¾¯,,Indication:Antiseptics & disinfectants.,,¥~ Æ[:¥Õ¦â200mL¥~²~,Appearance:200 mL white bottle,§½³¡¨ë¿E,Local irritation,,¬Ò¥i¥Î,ª÷¸KÃÄ¤ô,Povidone-Iodine solution,,,§_,¬O,,¬°¥~¥ÎÃÄ«~¡A ½Ð§½³¡¨Ï¥Î¡A ¤Å±µÄ²²´·ú©Î»~ªA,,For external use. Avoid contact with the eyes or oral consumption.,,,,,¤@¯ë,¤@¯ë,Äµ »y: ¥»«~¬°¥~¥ÎÃÄ«~¡A½Ð§½³¡¨Ï¥Î¡A¤Å±µÄ²²´·ú©Î»~ªA¡C,,,,,§_,99.0,,§_,¬O,§_,³æ¤è,§_,°±¥Î,°±¥Î,¤£¥i¿i,¬O,,1.00,1.00,9.00,9.00,999,999,1,1,99.00,99.00,0,0,,¦³¹Ï¤ù,,0,,0,,D08AG02,,,,,,,,,BOT,§_,¤£µ¹¥I¶·¦Û¥I,¤£µ¹¥I¶·¦Û¥I,,,,§_,Liquid,TOPSOL,,,,,,,,,PH022,202312221646,0,72.00
EBIO,20140410,99999999,°±¥Î,Biofur acne lotion 5% 30mL,Biofur acne lotion 5% 30mL,Sulfur Precipitated,EXT,BID,TDER,DE-07-00,¥~¥Î,¾A¶q,Sulfur,«D²Õ®M,°±¥Î,,¤@¯ë¥i¥Î,¬O,¤£¥i¥ÎÃÄ¥]¾÷,¥i¥Î,¤@¯ë,Á`¶q¶i¦ì,¾AÀ³¯g:¥Dªv´M±`©ÊÚµ½H,,Indication:Acne vulgaris.,,¥~ Æ[:¥Õ¦â30mL¥~²~,Appearance:30 mL white bottle,¥Ö½§¬õ¯l¡A ¥Ö½§Äo¡A ¥Ö½§ÅÜ¬õ¡A ¥Ö½§°®Àê,Skin rash¡A itching¡A redness¡A swelling dryness,,¬Ò¥i¥Î,»eªá­±¯p¬~²G,Biofur acne lotion,,,,,,¬°¥~¥ÎÃÄ«~¡A ½Ð§½³¡¨Ï¥Î¡A ¤Å±µÄ²²´·ú©Î»~ªA,,For external use. Avoid contact with the eyes or oral consumption.,,,,,¤@¯ë,¤@¯ë,Äµ »y: ¥»«~¬°¥~¥ÎÃÄ«~¡A½Ð§½³¡¨Ï¥Î¡A¤Å±µÄ²²´·ú©Î»~ªA¡C,,,0,0,§_,99.0,,§_,§_,§_,³æ¤è,§_,¥i¥Î,¥i¥Î,¤£¥i¿i,¬O,,1.00,1.00,9.00,9.00,999,999,7,7,99.00,99.00,0,0,,¦³¹Ï¤ù,,0,,0,,D10AB02,,,,,,,,,BOT,,°·«Oµ¹¥I,°·«Oµ¹¥I,SULFUR,D10AB02,A033153343,§_,LiquidLiquidEmulsion,TOPLTN,,,,,,,,,PH047,202303141637,16.50,21.00
EBIS,20130320,99999999,¥i¥Î,Bisacodyl suppository 10mg,Bisacodyl suppository 10mg,Bisacodyl,RECT,,ALIM,GI-03-00,¥~¥Î,SUP,Dulcolax,«D²Õ®M,,,¤@¯ë¥i¥Î,¬O,¥i¥ÎÃÄ¥]¾÷,¥i¥Î,¤@¯ë,Á`¶q¶i¦ì,¾AÀ³¯g:«K¯µ©ÎÀË¬d«e¥ÎÃÄ,,Indications:Constipation¡Abefore the examination use,,¥~ Æ[: ¥Õ¦â¶ì½¦¥]¸Ë,Appearance:White suppository,ª½¸z¥X¦å¡A °_¤ôªw¡A ¨`¼ö·P¡A Äo,Rectal bleeding¡A blistering¡A burning¡A itching,,¬Ò¥i¥Î,µL¯µ®ê¾¯,Bisacodyl suppository 10mg,,,§_,¬O,,¨zªù®ê¾¯½Ð¸m©ó25¢J¥H¤UÀx¦s¡A ¨Ã©ó­é¥~¥]¸Ë«á¨Ï¥Î,,Anal suppository. Store under 25¢XC in a dry place.,,,,,¤@¯ë,¤@¯ë,Äµ »y:¨zªù®ê¾¯½Ð¸m©ó25¢J¥H¤UÀx¦s¡A ¨Ã©ó­é¥~¥]¸Ë«á¨Ï¥Î,,®ê¾¯,0,0,§_,1.0,,§_,¬O,§_,³æ¤è,§_,¥i¥Î,¥i¥Î,¤£¥i¿i,¬O,,1.00,1.00,3.00,3.00,999,999,1,1,4.00,4.00,0,0,,¦³¹Ï¤ù,,0,,0,,A06AB02,,,,,,,,,SUP,,°·«Oµ¹¥I,°·«Oµ¹¥I,BISACODYL,A06AB02,AC09250500,§_,SolidDrugForm,RECSUPP,,,,,,,,,PH047,202303141637,5.00,7.00
EBNO,20040301,99999999,°±¥Î,Bacitracin neomycin oint 30gm,Bacitracin neomycin oint 30gm,Bacitracin + Neomycin,EXT,,TDER,DE-02-00,¥~¥Î,¾A¶q,Spersin,«D²Õ®M,°±¥Î¡A¥i¬dÃþ¦üÃÄ,,¤@¯ë¥i¥Î,¬O,¤£¥i¥ÎÃÄ¥]¾÷,,¤@¯ë,Á`¶q¶i¦ì,¾AÀ³¯g:¥Ö½§¥~¶Ë¡B¼ìºÅ¡BÁw¥Ö¯fµ¥²Óµß·P¬V¯g,,,,,,,,,¥u¥Î©óªù¶E¤Î¦í°|STAT,§Q½§³n»I,Bacitracin neomycin oint 30g,,,§_,¬O,,,,,,,,,¤@¯ë,¤@¯ë,,,,,,§_,99.0,,§_,§_,§_,½Æ¤è,§_,¥i¥Î,¥i¥Î,¤£¥i¿i,§_,,1.00,1.00,999.00,999.00,999,999,7,1,99.00,99.00,0,0,,µL¹Ï¤ù,,0,,0,,,,,,,,,,,TUB,,°·«Oµ¹¥I,°·«Oµ¹¥I,BACITRACIN 500IU/GM + NEOMYCIN 3.5MG/GM,D06AX04,A022990343,§_,LiquidLiquidEmulsion,TOPOINT,,,,,,,,,PH047,202303141637,0,45.00
EBOR,19960101,99999999,°±¥Î,Boric acid 2% 20mL,Boric acid 2% 20mL,Boric Acid,AU,,TDER,DE-01-00,¥~¥Î,¾A¶q,Boric Acid,«D²Õ®M,°±¥Î¡A¥i¬dÃþ¦üÃÄ,,¤@¯ë¥i¥Î,¬O,¤£¥i¥ÎÃÄ¥]¾÷,,¤@¯ë,Á`¶q¶i¦ì,¾AÀ³¯g:¬°¦Õ¥Î±þµß®ø¬r¾¯,,Indication:Antiseptics for ear,,¥~ Æ[:20 mL ³z©ú²~¸Ë(ÂI¦Õ¥Î),,§½³¡¨ë¿E,Local irritation,,¥u¥Î©óªù¶E¤Î¦í°|STAT,µ}¸N®ø¬r²G(ÂI¦Õ¥Î),Boric acid 2% 20mL,,,§_,¬O,,½Ð¨Ì·Ó«ü¥Ü´Á­­¤º¨Ï¥Î¡A «ØÄ³ÃÄ«~¶}«Ê¤@­Ó¤ë«á¤£À³¦A¥Î,,Follow doctor's advice. Use within one month after opening package.,,,,,¤@¯ë,¤@¯ë,Äµ »y:½Ð¨Ì·Ó«ü¥Ü´Á­­¤º¨Ï¥Î¡A«ØÄ³ÃÄ«~¶}«Ê¤@­Ó¤ë«á¤£À³¦A¥Î,,,,,§_,99.0,,§_,§_,§_,³æ¤è,§_,¥i¥Î,¥i¥Î,¤£¥i¿i,§_,,1.00,1.00,6.00,6.00,999,999,7,1,99.00,99.00,0,0,,µL¹Ï¤ù,,0,,0,,S02AA03,,,,,,,,,BOT,§_,¤£µ¹¥I¶·¦Û¥I,¤£µ¹¥I¶·¦Û¥I,,,,§_,AdministrableDrugForm,OTDROP,,,,,,,,,PH047,202303141638,0,50.00
EBOS,20011001,99999999,°±¥Î,Bosmin soln 500mL,Bosmin soln 500mL,Epinephrine,,,CAVS,CV-01-03,¥~¥Î,ML,Bosmin,«D²Õ®M,°±¥Î,,¤@¯ë¥i¥Î,¬O,¤£¥i¥ÎÃÄ¥]¾÷,¥i¥Î,¤£¦LÃÄÅÒ,Á`¶q¶i¦ì,¾AÀ³¯g:§½³¡¤î¦å¡B©µªø§½³¡³Â¾K¾¯¤§§@¥Îµ¥,,Indication:Treatment & prevention of local bleeding due to,surgical incision.,¥~ Æ[:¬õ¥Õ¬Û¶¡¥~¥]¸Ë,,ªÍ¤ô¸~¡A §C¦å¹[,Pulmonary edema¡A severe hypokalemia.,,¥u¥Î©óªù¶E¤Î¦í°|STAT,«O´µ¥Á,Bosmin soln 500mL,,,§_,¬O,,½Ð¨Ì·Ó«ü¥Ü´Á­­¤º¨Ï¥Î¡A «ØÄ³ÃÄ«~¶}«Ê¤@­Ó¤ë«á¤£À³¦A¥Î,,Follow doctor's advice. Use within one month after opening package.,,,,,¤@¯ë,¤@¯ë,Äµ »y:½Ð¨Ì·Ó«ü¥Ü´Á­­¤º¨Ï¥Î¡A«ØÄ³ÃÄ«~¶}«Ê¤@­Ó¤ë«á¤£À³¦A¥Î,,,,,§_,500.0,,§_,§_,§_,³æ¤è,§_,°±¥Î,¥i¥Î,¤£¥i¿i,§_,,1.00,1.00,10.00,10.00,999,999,1,1,10.00,10.00,0,0,,µL¹Ï¤ù,,0,,0,,A01AD01,,,,,,,,,CC,§_,¤£µ¹¥I¶·¦Û¥I,¤£µ¹¥I¶·¦Û¥I,EPINEPHRINE,A01AD01,B018180199,§_,Liquid,TOPSOL,,,,,,,,,PH047,202303141638,0,6.00
EBRIS,20040114,99999999,°±¥Î,Bricanyl solution 5mg/2mL,Bricanyl solution 5mg/2mL,Terbutaline,IH,,ERSP,RE-01-00,¥~¥Î,VAL,Bricanyl,«D²Õ®M,°±¥Î,EBUIS,¤@¯ë¥i¥Î,¬O,¥i¥ÎÃÄ¥]¾÷,,¤@¯ë,¦¸­p¶q¶i¦ì,¾AÀ³¯g:¤ä®ðºÞÂX±i¾¯,,Indication:Bronchial asthma¡A bronchitis¡A emphysema.,,¥~ Æ[:³z©ú2mL¥~²~¡A¤W¦³BRICANYL¦r¼Ë,Appearance:2mL plastic ampoule,¤ß¸õ¥[§Ö¡A ÀYµh¡A µo§Ý¡A «y¹Â¡A ÀY·w¡A ¤f°®,Rapid heartbeat¡A headache¡A trembling¡A coughing dizzy¡A dryness of mouth,,¬Ò¥i¥Î,¼³«y³Ý§l¤J²G,Bricanyl solution 5mg/2mL,,,§_,¬O,,°t¦XÃú¤Æ¾¹©Î©I§l¾¹¨Ï¥Î¤§©I§lªvÀø¥ÎÃÄ,»ÝÁ×¥úÀx¦s©óÄá¤ó25«×¥H¤U«Ç·Å,For use in a nebulizer or respirator by inhalation only.,Protect from light.,,,,¤@¯ë,¤@¯ë,Äµ »y: °t¦XÃú¤Æ¾¹¨Ï¥Î¤§©I§lªvÀø¥ÎÃÄ¡A»ÝÁ×¥úÀx¦s©óÄá¤ó25«×¥H¤U«Ç·Å¡C,,,,,§_,1.0,,§_,¬O,§_,³æ¤è,§_,¥i¥Î,¥i¥Î,¤£¥i¿i,¬O,,1.00,1.00,1.00,1.00,28,7,7,1,4.00,6.00,0,0,,¦³¹Ï¤ù,,0,,0,,R03AC03,,,,,,,,,VAL,§_,¤£µ¹¥I¶·¦Û¥I,¤£µ¹¥I¶·¦Û¥I,,,,§_,GasLiquidMixture,INHLSOL,,,,,,,,,PH047,202303141638,0,13.00
EBRIT,19960101,99999999,°±¥Î,Bricanyl Turbuhaler 0.5mg/dose,Bricanyl Turbuhaler 0.5mg/dose,Terbutaline,IH,,ERSP,RE-01-00,¥~¥Î,PFF,Bricanyl,«D²Õ®M,°±¥Î,,¤@¯ë¥i¥Î,¬O,¤£¥i¥ÎÃÄ¥]¾÷,,¤@¯ë,Á`¶q¶i¦ì,¾AÀ³¯g:¥Dªv¤ä®ðºÞ®ð³Ý¡B¤ä®ðºÞµjÅËµ¥,,,,,,,,,,,Bricanyl Turbuhaler 0.5mg/do,,,§_,¬O,,,,,,,,,¤@¯ë,¤@¯ë,Äµ »y:¬°§l¤J¾¯,,,,,§_,200.0,,§_,§_,§_,³æ¤è,§_,¥i¥Î,¥i¥Î,¤£¥i¿i,¬O,,2.00,1.00,2.00,2.00,60,30,30,1,99.00,99.00,0,0,,µL¹Ï¤ù,,0,,0,,,,,,,,,,,BOT,§_,°·«Oµ¹¥I,°·«Oµ¹¥I,TERBUTALINE,R03AC03,B022082155,§_,GasSolidSpray,ORINHL,,,,,,,,,PH047,202303141638,435.00,522.00
EBRU,20050317,99999999,°±¥Î,Brumixol cream 10gm,Brumixol cream 10gm,Ciclopiroxolamine,EXT,,TDER,DE-03-00,¥~¥Î,¾A¶q,,«D²Õ®M,°±¥Î¡A¥i¬dÃþ¦üÃÄ,,¤@¯ë¥i¥Î,¬O,¤£¥i¥ÎÃÄ¥]¾÷,¥i¥Î,¤@¯ë,Á`¶q¶i¦ì,¾AÀ³¯g:ªí¥ÖÅðµß·P¬V,,Indication:Treatment of fungus infections,,¥~ Æ[:10 §J²°¸Ë¥~¥ÎÃÄ»I,,,,,¥u¥Î©óªù¶E¤Î¦í°|STAT,½§²n¨Å»I,Brumixol cream 10gm,,,§_,¬O,,,,,,,,,¤@¯ë,¤@¯ë,,,,,,§_,99.0,,§_,§_,§_,³æ¤è,§_,¥i¥Î,¥i¥Î,¤£¥i¿i,¬O,,1.00,1.00,99.00,99.00,99,99,7,1,99.00,99.00,0,0,,µL¹Ï¤ù,,0,,0,,,,,,,,,,,TUB,§_,°·«Oµ¹¥I,°·«Oµ¹¥I,CICLOPIROX ETHANOLAMINE SALT,D01AE14,B021515329,§_,LiquidLiquidEmulsion,TOPCRM,,,,,,,,,PH047,202303141638,94.00,118.00
EBSM,19960101,99999999,°±¥Î,Boric acid+NaHCO3+Menthol,Boric acid+NaHCO3+Menthol,Boric Acid + NaHCO3 + Menthol,EXT,,TDER,DE-01-00,¥~¥Î,PK,,«D²Õ®M,°±¥Î,,¤@¯ë¥i¥Î,¬O,¥i¥ÎÃÄ¥]¾÷,°·«O¤£µ¹¥I,¤@¯ë,Á`¶q¶i¦ì,¾AÀ³¯g:±þµß®ø¬r,,Indication:Antiseptics,,¥~ Æ[:¨âºØ¥Õ¦â¯»¥½¡A¤@ºØ³z©úµ²´¹ª¬ª«,Appearance:Two white powder¡A another is crystal,§½³¡¨ë¿E,Local irritation,,¬Ò¥i¥Î,½Æ¤è§¤¯D¾¯,Boric acid+NaHCO3+Menthol,,,§_,¬O,,¬°§¤¯D¾¯¡A½Ð¸Ô¾\¤ºªþ»¡©ú¨Ã¨Ì«ü¥Ü¨Ï¥Î,,For Sitz Baths. Avoid contact with the eyes or oral consumption.,,,,,¤@¯ë,¤@¯ë,Äµ »y:¬°§¤¯D¾¯¡A½Ð¸Ô¾\¤ºªþ»¡©ú¨Ã¨Ì«ü¥Ü¨Ï¥Î,,,,,§_,7.0,,§_,¬O,§_,³æ¤è,§_,°±¥Î,°±¥Î,¤£¥i¿i,§_,,1.00,1.00,1.00,1.00,999,999,7,1,1.00,1.00,0,0,,µL¹Ï¤ù,,0,,0,,S02AA03,B05CB04,,,,,,,,PK,§_,¤£µ¹¥I¶·¦Û¥I,¤£µ¹¥I¶·¦Û¥I,,,,§_,SolidDrugForm,TOPPWD,,,,,,,,,PH047,202303141638,0,48.00
EBSS1,20190620,99999999,¥i¥Î,BSS sterile irrigation solusion 500mL/Bag,BSS sterile irrigation solusion 500mL/Bag,Balanced Salt Soln,IRR,,TOPH,OP-08-00,¥~¥Î,BAG,BSS,«D²Õ®M,,,¤@¯ë¥i¥Î,¬O,¥i¥ÎÃÄ¥]¾÷,¥i¥Î,¤£¦LÃÄÅÒ,Á`¶q¶i¦ì,¾AÀ³¯g:²´·ú¡B¦Õ¦·¡B»ó©Î³ï³¡§@¦UºØ¤â³N,¹Lµ{¤¤Äé¬~¥Î·»²G,Indication:Irrigation solution during,eye¡A ear¡A nose or throat surgery,,,¨¤½¤¤ô¸~,Corneal edema,,¬Ò¥i¥Î,·Rº¸±d§¡¿ÅÆQ·»²G,BSS 500mL/Bag,,,,¬O,,,,,,¤£¥i¥Î©óª`®g©ÎÀR¯ß¿éª`,Not for injection or intravenous infusion,,¤@¯ë,¤@¯ë,,,,0,0,§_,1.0,,§_,¬O,§_,³æ¤è,§_,¥i¥Î,¥i¥Î,¤£¥i¿i,§_,,1.00,1.00,999.00,999.00,999,999,1,1,0,0,0,0,,µL¹Ï¤ù,,0,,0,,,,,,,0,,0,,BAG,,¤£µ¹¥I¶·¦Û¥I,¤£µ¹¥I¶·¦Û¥I,,,,,Liquid,IRSOL,,,0,,0,mL,,,PH008,202111111224,0,540.00
EBSS2,19960101,99999999,¥i¥Î,BSS sterile irrigation solusion 500ml/Bottle,BSS sterile irrigation solusion 500ml/Bottle,Balanced Salt Soln,IRR,,TOPH,OP-08-00,¥~¥Î,BOT,BSS,«D²Õ®M,,,¤@¯ë¥i¥Î,¬O,¥i¥ÎÃÄ¥]¾÷,¥i¥Î,¤@¯ë,Á`¶q¶i¦ì,¾AÀ³¯g:²´·ú¡B¦Õ¦·¡B»ó©Î³ï³¡§@¦UºØ¤â³N,¹Lµ{¤¤Äé¬~¥Î·»²G,Indication:Irrigation solution during,eye¡A ear¡A nose or throat surgery,,,¨¤½¤¤ô¸~,Corneal edema,,¬Ò¥i¥Î,·Rº¸±d§¡¿ÅÆQ·»²G,BSS 500ml/Bottle,,,§_,¬O,,,,,,¤£¥i¥Î©óª`®g©ÎÀR¯ß¿éª`,Not for injection or intravenous infusion,,¤@¯ë,¤@¯ë,Äµ »y: ¥»«~¬°¥~¥ÎÃÄ«~¡A½Ð§½³¡¨Ï¥Î¡A¤Å±µÄ²²´·ú©Î»~ªA¡C,,,,,§_,1.0,,§_,¬O,§_,³æ¤è,§_,°±¥Î,°±¥Î,¤£¥i¿i,§_,,1.00,1.00,999.00,999.00,999,999,1,1,0,0,0,0,,µL¹Ï¤ù,,0,,0,,,,,,,,,,,BOT,§_,¤£µ¹¥I¶·¦Û¥I,¤£µ¹¥I¶·¦Û¥I,,,,§_,Liquid,IRSOL,,,,,,,,,PH047,202303141638,0,540.00
EBSS5,20010713,99999999,°±¥Î,BSS plus 500mL,BSS plus 500mL,Balanced Salt Soln,IRR,,TOPH,OP-08-00,¥~¥Î,BOT,B.S.S,«D²Õ®M,°±¥Î¡A¥i¬dÃþ¦üÃÄ,,¤w°±¥Î,¬O,¤£¥i¥ÎÃÄ¥]¾÷,¥i¥Î,¤@¯ë,Á`¶q¶i¦ì,¾AÀ³¯g:²´¬ì¤â³N®É¨R¬~¨Ï¥Î,,,,,,,,,¥u¥Î©óªù¶E¤Î¦í°|STAT,,BSS plus 500mL,,,§_,¬O,,,,,,,,,¤@¯ë,¤@¯ë,,,,,,§_,1.0,,§_,§_,§_,³æ¤è,§_,¥i¥Î,¥i¥Î,¤£¥i¿i,§_,,1.00,1.00,1.00,1.00,1,1,1,1,0,0,0,0,,µL¹Ï¤ù,,0,,0,,,,,,,,,,,BOT,,¥Ó³ø¤£­p»ù,¥Ó³ø¤£­p»ù,,,B018948477,§_,Liquid,IRSOL,,,,,,,,,PH047,202303141638,0,1026.00
EBUIS,20220111,99999999,¥i¥Î,Butanyl solution 5mg/2mL,Butanyl solution 5mg/2mL,Terbutaline,IH,,ERSP,RE-01-00,¥~¥Î,¤ä,Bricanyl,«D²Õ®M,,,¤@¯ë¥i¥Î,¬O,¥i¥ÎÃÄ¥]¾÷,¥i¥Î,¤@¯ë,¦¸­p¶q¶i¦ì,¾AÀ³¯g:¤ä®ðºÞÂX±i¾¯¡A½w¸Ñ¤ä®ðºÞµoª¢¡A®ð³Ý¡AªÍ®ð¸~ªº¤ä®ðºÞµjÅË,,Indication:Bronchial asthma¡A bronchitis¡A emphysema.,,¥~ Æ[:2mL¶ì½¦¥~²~,Appearance:2mL plastic ampoule,¤ß¸õ¥[§Ö¡A ÀYµh¡A µo§Ý¡A «y¹Â¡A ÀY·w¡A ¤f°®,Rapid heartbeat¡A headache¡A trembling¡A coughing dizzy¡A dryness of mouth,,¬Ò¥i¥Î,¥²©Z¹ç§l¤J²G,Butanyl solution 5mg/2mL,,,,¬O,,°t¦XÃú¤Æ¾¹©Î©I§l¾¹¨Ï¥Î¤§©I§lªvÀø¥ÎÃÄ,25¢J¥H¤UÁ×¥úÀx¦s,For use in a nebulizer or respirator by inhalation only.,Protect from light and store below 25¢XC,,,202201[EBRIS]¯Ê³f´À¥N,¤@¯ë,¤@¯ë,Äµ »y: °t¦XÃú¤Æ¾¹¨Ï¥Î¤§©I§lªvÀø¥ÎÃÄ¡A»ÝÁ×¥úÀx¦s©óÄá¤ó25«×¥H¤U«Ç·Å¡C,,,0,0,§_,1.0,,§_,¬O,§_,³æ¤è,,¥i¥Î,¥i¥Î,¤£¥i¿i,¬O,,1.00,1.00,1.00,1.00,28,7,7,1,4.00,6.00,0,0,,¦³¹Ï¤ù,,0,,0,,R03AC03,,,,,0,,0,,¤ä,,°·«Oµ¹¥I,°·«Oµ¹¥I,TERBUTALINE,R03AC03,AB43735112,,GasLiquidMixture,INHLSOL,,,0,,0,,,,PH032,202201211101,8.40,12.00
EBUT,20111225,99999999,¥i¥Î,Butaro Nasal Spray 10mg/mL,Butaro Nasal Spray 10mg/mL,Butorphanol,IN,,CNEU,CN-01-01,¥~¥Î,PFF,,«D²Õ®M,,,¤@¯ë¥i¥Î,¬O,¥i¥ÎÃÄ¥]¾÷,°·«O¤£µ¹¥I,¤@¯ë,Á`¶q¶i¦ì,¾AÀ³¯g:¨Ï¥Î¾~¤ùÃþ¤îµh¾¯ªvÀøªº¯kµh,,Indication:Management of pain,,¥~ Æ[:²`¦â¬Á¼þ¥~²~,Appearance:Dark brown bottle,¶ÝºÎ¡A ÀY·w¡A äú¤ß¡A ¹Ã¦R¡A »ó¶ë¡A ¥¢¯v,Somnolence¡A dizziness¡A nausea¡A vomiting¡A nasal congestion¡A insomnia.,,¬Ò¥i¥Î,¥þ§´¼Q»ó²G,Butaro Nasal Spray 10mg/mL,,,¬O,¬O,,ªø´Á«ùÄò¨Ï¥Î¡A ¥i¯à·|²£¥Í¥Í²z©Ê¨Ì¿à­@¨ü©Ê,¨C¦¸µ¹ÃÄ»Ý¶¡¹j4¤p®É¡A¨C¤é¤Å¶W¹L12¼Q,Tolerance or drug dependence may result from prolonged use.,Repeat every 3 to 4 hr as needed¡A don't use more than 12 spray in 24 hours,¨Ï¥ÎÃÄª««á¦Ü¤Ö¤@¤p®É¤º¤£À³¾r¾p©Î¾Þ§@¦MÀIªº¾÷±ñ¡C,Avoid driving or operating machinery for at least 1 hour after using medication.,,¤@¯ë,¥|¯ÅºÞ¨î,Äµ»y:ªø´Á«ùÄò¨Ï¥Î¡A¥i¯à·|²£¥Í¥Í²z©Ê¨Ì¿à­@¨ü©Ê,,,0,0,§_,14.0,,§_,¬O,§_,³æ¤è,§_,°±¥Î,°±¥Î,¤£¥i¿i,¬O,,1.00,1.00,2.00,2.00,5,5,1,1,12.00,12.00,0,0,,¦³¹Ï¤ù,,0,,0,,N02AF01,,,,,,,,,BOT,,¤£µ¹¥I¶·¦Û¥I,¤£µ¹¥I¶·¦Û¥I,,,,§_,GasLiquidMixture,NASSPRY,,,,,,,,,PH047,202401120957,0,2200.00
ECALA,19960101,99999999,°±¥Î,Calamaum lotion 120mL,Calamaum lotion 120mL,Calamine + Diphenhydramine + ZnO,EXT,,TDER,DE-08-00,¥~¥Î,¾A¶q,Calamine lotion,«D²Õ®M,°±¥Î,EDEH,¤@¯ë¥i¥Î,¬O,¤£¥i¥ÎÃÄ¥]¾÷,°·«O¤£µ¹¥I,¤@¯ë,Á`¶q¶i¦ì,¾AÀ³¯g:¦¬ÀÄ¡A «OÅ@¥Ö½§¡A ¤îÄoµ¥¥Î³~,,Indication:Symptomatic relief of skin irritation & itch.,,¥~ Æ[:¥Õ¦â120mL¥~²~,Appearance:120 mL white bottle,§½³¡¨ë¿E,Local irritation,,¥u¥Î©óªù¶E¤Î¦í°|STAT,¨Î¼Ö¬üÀ¿¾¯,Calamaum lotion,,,§_,¬O,,¬°¥~¥ÎÃÄ«~¡A ½Ð§½³¡¨Ï¥Î¡A ¤Å±µÄ²²´·ú©Î»~ªA,,For external use. Avoid contact with the eyes or oral consumption.,,³Æµù: ¤Å¨Ï¥Î¦b¶Ë¤f³¡¦ì,Avoid use on broken or eczematous skin.,,¤@¯ë,¤@¯ë,Äµ »y: ¥»«~¬°¥~¥ÎÃÄ«~¡A½Ð§½³¡¨Ï¥Î¡A¤Å±µÄ²²´·ú©Î»~ªA¡C,,,,,§_,99.0,,§_,§_,§_,½Æ¤è,§_,¥i¥Î,¥i¥Î,¤£¥i¿i,§_,,1.00,1.00,9.00,9.00,999,999,7,1,99.00,99.00,0,0,,¦³¹Ï¤ù,,0,,0,,D04AA32,D02AB,,,,,,,,BOT,§_,¤£µ¹¥I¶·¦Û¥I,¤£µ¹¥I¶·¦Û¥I,,,,§_,LiquidLiquidEmulsion,TOPLTN,,,,,,,,,PH047,202303141638,0,32.00
ECAN,19960101,99999999,°±¥Î,Canesten 20gm,Canesten 20gm,Clotrimazole,EXT,,TDER,DE-03-00,¥~¥Î,¾A¶q,Canesten,«D²Õ®M,°±¥Î¡A¥i¬dÃþ¦üÃÄ,,¤@¯ë¥i¥Î,¬O,¤£¥i¥ÎÃÄ¥]¾÷,,¤@¯ë,Á`¶q¶i¦ì,¾AÀ³¯g:¥Dªvªí²L©ÊÅðµß·P¬V,,,,,,,,,,,Canesten 20gm,,,§_,¬O,,,,,,,,,¤@¯ë,¤@¯ë,,,,,,§_,99.0,,§_,§_,§_,³æ¤è,§_,¥i¥Î,¥i¥Î,¤£¥i¿i,¬O,,1.00,1.00,999.00,999.00,999,999,7,1,0,0,0,0,,µL¹Ï¤ù,,0,,0,,,,,,,,,,,TUB,§_,°·«Oµ¹¥I,°·«Oµ¹¥I,CLOTRIMAZOLE,D01AC01,B021502338,§_,LiquidLiquidEmulsion,TOPCRM,,,,,,,,,PH047,202303141638,130.00,156.00
ECAR,20110314,99999999,°±¥Î,Carboxe orabase 100mg/5gm,Carboxe orabose 100mg/5gm,Carbenoxolone,TOPI,,TENT,EN-03-00,¥~¥Î,¾A¶q,Carboxe,«D²Õ®M,°±¥Î,,¤@¯ë¥i¥Î,¬O,¤£¥i¥ÎÃÄ¥]¾÷,¥i¥Î,¤@¯ë,Á`¶q¶i¦ì,¾AÀ³¯g:¤f¤ºª¢©Ê¼ìºÅ¡A ÁSÄê©Ê¤f¯e±w,,Indications:Treatment of aphthous ulceration,,¥~ Æ[:¥Õ¦â5gm³nºÞ¡A ÂÅ¦â¦r¼Ë,Appearance:White tube¡A green box,¹L±Ó¤ÏÀ³,Application site reaction,,¥u¥Î©óªù¶E¤Î¦í°|STAT,¤fµÎ²n¤f¤º»I,Carboxe orabose,,,§_,¬O,,¥ÎÃÄ«áµu®É¶¡¤º½ÐÁ×§K¶i­¹¡A ¨Ã¤Åªø´Á³sÄò¨Ï¥Î,,Avoid eating within half hour after using medication.,Not for long tern use.,,,,¤@¯ë,¤@¯ë,Äµ »y:¥ÎÃÄ«áµu®É¶¡¤º½ÐÁ×§K¶i­¹¡A ¨Ã¤Åªø´Á³sÄò¨Ï¥Î,,,,,§_,99.0,,§_,§_,§_,³æ¤è,§_,¥i¥Î,¥i¥Î,¤£¥i¿i,§_,,1.00,1.00,9.00,9.00,999,999,7,1,99.00,99.00,0,0,,¦³¹Ï¤ù,,0,,0,,A02BX01,,,,,,,,,TUB,,°·«Oµ¹¥I,°·«Oµ¹¥I,CARBENOXOLONE,A01AD11,A026232421,§_,LiquidSolidSuspension,TOPGEL,,,,,,,,,PH047,202303141638,52.00,65.00
ECASI,20201215,99999999,¥i¥Î,Calmsit cream 15gm,Calmsit cream 15gm,Betamethasone + Lidocaine + Phenylephrine,RECT,,ALIM,GI-08-00,¥~¥Î,¾A¶q,Calmsit,«D²Õ®M,,,¤@¯ë¥i¥Î,¬O,¥i¥ÎÃÄ¥]¾÷,¥i¥Î,¤@¯ë,Á`¶q¶i¦ì,¾AÀ³¯g:²©½H,,Indication:External or internal hemorrhoids.,,¥~ Æ[:¥Õ¦â15gm³nºÞ¡A¾ï/¶À¦â¦L¨ê,Appearance:15gm white tube with Orange/yellow printing,§½³¡¨ë¿E¡A¨`¼ö·P,Local irritation¡A burning,,¬Ò¥i¥Î,²©§¤¨Å»I,Calmsit cream 15gm,,,,¬O,,¬°¥~¥ÎÃÄ«~¡A ½Ð§½³¡¨Ï¥Î¡A ¤Å±µÄ²²´·ú©Î»~ªA,,For external use. Avoid contact with eyes or oral consumption.,,ÃÄ«~À³¸m©ó¨àµ£¤£©ö¨ú±o³B¡C,Keep medicine in the place children cannot reach.,2020.Q4ÃÄ©e·s¶i,¤@¯ë,¤@¯ë,Äµ »y: ¥»«~¬°¥~¥ÎÃÄ«~¡A½Ð§½³¡¨Ï¥Î¡A¤Å±µÄ²²´·ú©Î»~ªA¡C,,,0,0,§_,99.0,,§_,¬O,§_,½Æ¤è,§_,¥i¥Î,¥i¥Î,¤£¥i¿i,¬O,,1.00,1.00,1.00,1.00,999,999,7,1,99.00,99.00,0,0,,¦³¹Ï¤ù,,0,,0,,C05AA05,C05AD01,C01CA06,,,0,,0,,TUB,,°·«Oµ¹¥I,°·«Oµ¹¥I,LIDOCAINE 25MG/GM + BETAMETHASONE 0.5MG/GM + PHENYLEPHRINE 1MG/GM,C05AA05,AC59413335,§_,LiquidLiquidEmulsion,RECCRM,,,0,,0,,,,PH034,202105191012,56.00,70.00
ECER,19960101,99999999,°±¥Î,Cerum water 4%/20%¡A 20mL,Cerum water 4%/20%¡A 20mL,Sod Bicarbonate + Glycerin,AU,,TENT,EN-01-00,¥~¥Î,¾A¶q,Cerum Water,«D²Õ®M,°±¥Î,,¤@¯ë¥i¥Î,¬O,¥i¥ÎÃÄ¥]¾÷,°·«O¤£µ¹¥I,¤@¯ë,Á`¶q¶i¦ì,¾AÀ³¯g:³n¤Æ¦Õ«¯¡A ¼í·Æ¦Õ¹Dµ¥§@¥Î,,Indication:To soften earwax,,¥~ Æ[:20 mL ³z©ú²~¸Ë(ÂI¦Õ¥Î),Appearance:20mL ear drop bottle,§½³¡¨ë¿E,Local irritation,,¬Ò¥i¥Î,,Cerum water 4%/20%¡A 20mL,,,§_,¬O,,½Ð¨Ì·Ó«ü¥Ü´Á­­¤º¨Ï¥Î¡A «ØÄ³ÃÄ«~¶}«Ê¤@­Ó¤ë«á¤£À³¦A¥Î,,Follow doctor's advice. Use within one month after opening package.,,,,[Rx_x]¦Û»s»s¾¯¡A³B¤è¶°¤£Åã¥Ü¡A112/7/1°_¡A¥»«~¶µ°±¥Î,¤@¯ë,¤@¯ë,Äµ »y:½Ð¨Ì·Ó«ü¥Ü´Á­­¤º¨Ï¥Î¡A«ØÄ³ÃÄ«~¶}«Ê¤@­Ó¤ë«á¤£À³¦A¥Î,,,,,§_,99.0,,§_,¬O,§_,³æ¤è,§_,°±¥Î,°±¥Î,¤£¥i¿i,§_,,0,0,1.00,1.00,999,999,7,1,99.00,99.00,0,0,,µL¹Ï¤ù,,0,,0,,B05CB04,,,,,,,,,BOT,§_,¤£µ¹¥I¶·¦Û¥I,¤£µ¹¥I¶·¦Û¥I,,,,§_,AdministrableDrugForm,OTDROP,,,,,,,,,PH008,202307041339,0,72.00
ECH10,19960101,99999999,°±¥Î,Chloral hydrate 10%,Chloral hydrate 10%,Chloral hydrate,,,CNEU,CN-02-07,¥~¥Î,ML,Chlorohydrate,«D²Õ®M,°±¥Î,LCH10,¤@¯ë¥i¥Î,¬O,¤£¥i¥ÎÃÄ¥]¾÷,°·«O¤£µ¹¥I,¤@¯ë,Á`¶q¶i¦ì,¾AÀ³¯g:ÂíÀR§@¥Î,,Indication:Sedative & hypnotic,,¥~ Æ[:¶ì½¦¥~²~,Appearance:Little bottle,»´·L¤£¾A,Mild discomfort,,¥u¥Î©óªù¶E¤Î¦í°|STAT,,Chloral hydrate 10%,,,¬O,¬O,,½Ð¿í·ÓÂå®v«ü¥Ü¨Ï¥Î¡A ­Yµo¥ÍºÃ¦üÃÄª«¤£¨}¤ÏÀ³½Ð§iª¾Âå¥Í,,Follow doctor's advice. Check with doctor if you notice any side effects.,,,,,¤@¯ë,¤@¯ë,Äµ »y:½Ð¿í·ÓÂå®v«ü¥Ü¨Ï¥Î¡A­Yµo¥ÍºÃ¦üÃÄª«¤£¨}¤ÏÀ³½Ð§iª¾Âå¥Í¡C,Äµ °ªÄµ°T,,,,§_,1.0,,§_,§_,§_,³æ¤è,§_,¥i¥Î,¥i¥Î,¤£¥i¿i,§_,,1.00,1.00,20.00,20.00,1,1,1,1,40.00,40.00,0,0,,µL¹Ï¤ù,,0,,0,,N05CC01,,,,,,,,,ML,§_,¤£µ¹¥I¶·¦Û¥I,¤£µ¹¥I¶·¦Û¥I,,,,§_,Liquid,TOPSOL,,,,,,,,,PH047,202303141638,0,2.00
ECH4,19960101,99999999,°±¥Î,Chloral hydrate 4%,Chloral hydrate 4%,Chloral hydrate,RECT,,CNEU,CN-02-07,¥~¥Î,ML,Chlorohydrate,«D²Õ®M,°±¥Î¡A¥i¬dÃþ¦üÃÄ,,¤@¯ë¥i¥Î,¬O,¤£¥i¥ÎÃÄ¥]¾÷,,¤@¯ë,Á`¶q¶i¦ì,¾AÀ³¯g:ÂíÀR§@¥Î,,,,,,,,,¥u¥Î©óªù¶E¤Î¦í°|STAT,,Chloral hydrate 4%,,,§_,¬O,,,,,,,,,¤@¯ë,¤@¯ë,Äµ »y:½Ð¿í·ÓÂå®v«ü¥Ü¨Ï¥Î¡A­Yµo¥ÍºÃ¦üÃÄª«¤£¨}¤ÏÀ³½Ð§iª¾Âå¥Í¡C,,,,,§_,1.0,,§_,§_,§_,³æ¤è,§_,¥i¥Î,¥i¥Î,¤£¥i¿i,§_,,1.00,1.00,999.00,999.00,999,999,1,1,0,0,0,0,,µL¹Ï¤ù,,0,,0,,,,,,,,,,,CC,§_,¤£µ¹¥I¶·¦Û¥I,¤£µ¹¥I¶·¦Û¥I,,,,§_,Liquid,TOPSOL,,,,,,,,,PH047,202303141638,0,2.00
ECHL,19960101,99999999,°±¥Î,Chloramphenicol 0.25% 10mL,Chloramphenicol 0.25% 10mL,Chloramphenicol,OU,,TOPH,OP-01-00,¥~¥Î,ºw,Chloramphenicol,«D²Õ®M,°±¥Î,ESHO,¤@¯ë¥i¥Î,¬O,¤£¥i¥ÎÃÄ¥]¾÷,,¤@¯ë,Á`¶q¶i¦ì,¾AÀ³¯g:¥Dªv¬â²´©Î¸²µå²yµßµ¥·P¬V,,Indication:Treatment of superficial ocular infections.,,¥~ Æ[:¥Õ¦â¶ì½¦¥~²~,Appearance:White eye drop bottle,Äo¡A µo¬õ¡A ¥Ö½§¬õ¯l,Itching¡A redness¡A skin rash¡A swelling,,¥u¥Î©óªù¶E¤Î¦í°|STAT,´âµ·µß¯À²´ÃÄ¤ô,Chloramphenicol 0.25% 10mL,,,§_,¬O,,¶J©ñ®É»Ý¸m©ó¦B½c§NÂÃ(Äá¤ó 2-8 «×),,Store in a refrigerator (2-8¢XC).,,³Æµù: ­Y¦P®É¨Ï¥Î¨âºØ²´ÃÄ¤ô¡A ½Ð¶¡¹j5¤ÀÄÁ¡A ­YµLÂå®v«ü¥Ü¡A µL¥ý«á¨Ï¥Î¶¶§Ç,,102¦~²Ä¥|¦¸ÃÄ©e·|¨MÄ³§R°£,¤@¯ë,¤@¯ë,Äµ »y:½Ð¸m©óÄá¤ó 2-8 «×¦B½cÁ×¥ú§NÂÃ«O¦s¡C,,,,,§_,200.0,,§_,§_,§_,³æ¤è,§_,¥i¥Î,¥i¥Î,¤£¥i¿i,§_,,1.00,1.00,1.00,1.00,999,999,7,1,24.00,24.00,0,0,,¦³¹Ï¤ù,,0,,0,,S01AA01,,,,,,,,,BOT,§_,°·«Oµ¹¥I,°·«Oµ¹¥I,CHLORAMPHENICOL,S01AA01,A032282429,§_,AdministrableDrugForm,OPDROP,,,,,,,,,PH047,202303141638,14.10,18.00
ECIL,20020901,99999999,¥i¥Î,Ciloxan 0.3%¡A 5mL ophthalmic solution,Ciloxan 0.3%¡A 5mL ophthalmic solution,Ciprofloxacin,OU,,TOPH,OP-01-00,¥~¥Î,ºw,,«D²Õ®M,,,¤@¯ë¥i¥Î,¬O,¥i¥ÎÃÄ¥]¾÷,±ø¥ó¤Uµ¹¥I,¤@¯ë,Á`¶q¶i¦ì,¾AÀ³¯g:¥Dªv²Óµß©Ê¨¤½¤¼ìºÅ©Î²Óµß©Êµ²½¤ª¢,,Indication:Treatment of bacterial corneal inflammation,,¥~ Æ[:³z©ú5mL¶ì½¦²~¡A¥Õ¦â»\¤l,Appearance:5mL eye drop bottle¡A white/blue box,§½³¡¨`¼ö¤£¾A·P¡A Äo¡A ²´Â¥¸~¤j¡A ¬y²\,Local burning or discomfort¡A itching¡A lid edema¡A tearing,,¬Ò¥i¥Î,¬I¼ÖµÎÂI²´²G,Ciloxan oph soln 0.3%¡A 5mL,,,§_,¬O,,½Ð¿í·ÓÂå®v«ü¥Ü¨Ï¥Î¡A ­Yµo¥ÍºÃ¦üÃÄª«¤£¨}¤ÏÀ³½Ð§iª¾Âå¥Í,,Follow doctor's advice. Check with doctor if you notice any side effects.,,³Æµù: ­Y¦P®É¨Ï¥Î¨âºØ²´ÃÄ¤ô¡A ½Ð¶¡¹j5¤ÀÄÁ¡A ­YµLÂå®v«ü¥Ü¡A µL¥ý«á¨Ï¥Î¶¶§Ç,,,¤@¯ë,¤@¯ë,Äµ »y:½Ð¿í·ÓÂå®v«ü¥Ü¨Ï¥Î¡A­Yµo¥ÍºÃ¦üÃÄª«¤£¨}¤ÏÀ³½Ð§iª¾Âå¥Í¡C,,,,,§_,99.0,,§_,¬O,§_,³æ¤è,§_,¥i¥Î,¥i¥Î,¤£¥i¿i,¬O,,1.00,1.00,1.00,1.00,999,999,7,1,24.00,24.00,0,0,,¦³¹Ï¤ù,,0,,0,,S01AE03,S01AX13,,,,,,,,BOT,,°·«Oµ¹¥I,°·«Oµ¹¥I,CIPROFLOXACIN,S01AE03,BC22372421,§_,AdministrableDrugForm,OPDROP,,,,,,,,,PH047,202401101455,105.00,126.00
ECIN,20130325,99999999,°±¥Î,Cindecason oph oint 3.5gm,Cindecason oph oint 3.5gm,Dexamethasone + Neomycin,OU,,TOPH,OP-02-00,¥~¥Î,¾A¶q,Colsamin,«D²Õ®M,°±¥Î,,¤@¯ë¥i¥Î,¬O,¤£¥i¥ÎÃÄ¥]¾÷,¥i¥Î,¤@¯ë,Á`¶q¶i¦ì,¾AÀ³¯g: ²´µ²½¤ª¢¡B¨¤½¤¼ìºÅ¡B¾d½¤ª¢¡B¹L±Ó©Êª¢¯g¡B²`³¡¨¤½¤ª¢¡C,,Indication:Treat conjunctivitis¡A keratitis¡A blepharitis.,,¥~ Æ[:3.5 §J³n»I¥]¸Ë,Appearance:3.5gm tube,µø¤O¼Ò½k,Blurred vision,,¥u¥Î©óªù¶E¤Î¦í°|STAT,"´º¼w" ªYµÎ±Ó²´ÃÄ»I,Cindecason oph oint 3.5gm,,,§_,¬O,,½Ð¸m©ó«Äµ£µLªk¨ú±o¤§³B,,Keep medicine out of reach of children.,,,,,¤@¯ë,¤@¯ë,Äµ »y:½Ð¸m©ó«Äµ£µLªk¨ú±o¤§³B,,,0,0,§_,99.0,,§_,§_,§_,½Æ¤è,§_,¥i¥Î,¥i¥Î,¤£¥i¿i,¬O,,1.00,1.00,9.00,9.00,99,30,7,1,99.00,99.00,0,0,,¦³¹Ï¤ù,,0,,0,,S01BA01,S01CA01,S01AA03,,,,,,,TUB,,°·«Oµ¹¥I,°·«Oµ¹¥I,DEXAMETHASONE SODIUM PHOSPHATE 0.5MG/GM + NEOMYCIN 3.5MG/GM,S01CA01,A047717417,§_,LiquidLiquidEmulsion,OPOINT,,,,,,,,,PH047,202303141639,12.20,16.00
ECIV,19960101,99999999,¥i¥Î,Cividoid gel 20gm,Cividoid gel 20gm,Heparinoid,EXT,QD,TDER,DE-11-00,¥~¥Î,¾A¶q,Hirudoid,«D²Õ®M,,,¤@¯ë¥i¥Î,¬O,¥i¥ÎÃÄ¥]¾÷,¥i¥Î,¤@¯ë,Á`¶q¶i¦ì,¾AÀ³¯g:¶wª«³Ð¶Ë«á¤§¦å¸~¡A²L¼h©ÊÀR¯ßª¢¤§§½³¡ªvÀø¡C,,Indication:Treat superficial thrombophlebitis & haematoma.,,¥~ Æ[:20¤½§J¾TºÞ¥]¸Ë,Appearance:20gm tube,¥Ö½§¬õ¯l¡A ¥Ö½§Äo,Rash¡A pruritus,,¬Ò¥i¥Î,³ß¬ü¾®½¦,Cividoid gel 20gm,,,§_,¬O,,¤£¥i±N³ß¬ü¾®½¦¶î©Ù©ó¶Ë¤f©Î¨ü¶Ëªº¥Ö½§,¥»ÃÄ¤£¥i¤fªA©Î²´¥Î,Avoid use on broken skin or mucous membranes.,Not for oral or ophthalmic use.,¶î©Ù¥Ö½§¥~¥ÎÃÄ¤§«áÀ³¬~²bÂù¤â¦AÀ¹Áô§Î²´Ãè,After using topical skin gel and wash your hands if need to wear contact lenses.,202103 Hirudoid cream ¯Ê³f´À¥N,¤@¯ë,¤@¯ë,Äµ »y:¤£¥i±N¾®½¦¶î©Ù©ó¶Ë¤f©Î¨ü¶Ëªº¥Ö½§,,,,,§_,99.0,,§_,¬O,§_,³æ¤è,§_,¥i¥Î,¥i¥Î,¤£¥i¿i,¬O,,1.00,1.00,9.00,9.00,999,999,7,1,99.00,99.00,0,0,,¦³¹Ï¤ù,,0,,0,,C05BA01,,,,,,,,,TUB,§_,°·«Oµ¹¥I,°·«Oµ¹¥I,HEPARINOID (=SODIUM POLYANHYDROMANNURONIC ACID SUL,C05BA01,A023231338,§_,LiquidSolidSuspension,TOPGEL,,,,,,,,,PH006,202103171545,33.70,44.00
ECLF,20220615,99999999,¥i¥Î,Cleanfleck cream 5gm,Cleanfleck cream 5gm,Hydroquinone + Tretinoin + Fluocinolone acetonide,EXT,QN,TDER,DE-11-00,¥~¥Î,¾A¶q,Cleanfleck,«D²Õ®M,,,¤@¯ë¥i¥Î,¬O,¥i¥ÎÃÄ¥]¾÷,°·«O¤£µ¹¥I,¤@¯ë,Á`¶q¶i¦ì,¾AÀ³¯g:Áy³¡¨x´³¤§µu´ÁªvÀø,,Indication:For short-term treatment¡A melasma of the face.,,¥~ Æ[:¥Õ¦â³nºÞ,Appearance:White tube,¥Ö½§¹L±Ó¤ÏÀ³¡A¥Ö½§µäÁY,Allergic skin reactions¡A skin atrophy,,¬Ò¥i¥Î,©y´³²b¨Å»I,Cleanfleck cream 5gm,,,,¬O,,¬°¥~¥ÎÃÄ«~¡A ½Ð§½³¡¨Ï¥Î¡A ¤Å±µÄ²²´·ú©Î»~ªA,½Ð§@¦n¨¾ÅÎ±¹¬I¡C,For external use. Avoid contact with the eyes or oral consumption.,Avoid sun exposure during treatment and maintenance therapy by using sunscreen.,½Ð2-8¢J§NÂÃ«O¦s¡A¶}«Ê«á½Ð«O«ù±K«Ê¡C¤Á¤Å§N­á¡C,Store refrigerated at 2-8¢XC and keep sealed after opening. Do not freeze.,2022.Q2ÃÄ©e·s¶i,¤@¯ë,¤@¯ë,¬°¥~¥ÎÃÄ«~¡A ½Ð§½³¡¨Ï¥Î¡A ¤Å±µÄ²²´·ú©Î»~ªA.½Ð§@¦n¨¾ÅÎ±¹¬I¡C,,,0,0,§_,99.0,,§_,¬O,§_,½Æ¤è,§_,°±¥Î,°±¥Î,¤£¥i¿i,¬O,,1.00,1.00,9.00,9.00,99,99,28,28,9.00,9.00,0,0,,¦³¹Ï¤ù,,0,,0,,D10AD51,D07AC04,D10AD01,D11AX11,,0,,0,,TUB,,¤£µ¹¥I¶·¦Û¥I,¤£µ¹¥I¶·¦Û¥I,,,,§_,LiquidLiquidEmulsion,TOPCRM,,,0,,0,,,,PH049,202207261634,0,780.00
ECLI,19960101,99999999,°±¥Î,Climara 50 patch,Climara 50 patch,Estradiol 17B,EXT,QW,HM,HR-03-02,¥~¥Î,¤ù,Climara,«D²Õ®M,°±¥Î¡A¥i¬dÃþ¦üÃÄ,,¤w°±¥Î,¬O,¤£¥i¥ÎÃÄ¥]¾÷,±ø¥ó¤Uµ¹¥I,¤@¯ë,Á`¶q¶i¦ì,¾AÀ³¯g:¸É¥R¤k©Ê¶Pº¸»X,,,,,,,,,,¥iÄR¶K¢´¢¯¶K¤ù¾¯¡@,Climara 50 patch,,,§_,¬O,,,,,,,,,¤@¯ë,¤@¯ë,Äµ »y:Á×§K©â·Ï¡A¦]¥i¯à¼W¥[¤¤­·¡B¦å¶ô¾®¶°¡B°ª¦åÀ£ªº¦MÀI©Ê,,,,,§_,1.0,,§_,§_,¬O,³æ¤è,§_,¥i¥Î,¥i¥Î,¤£¥i¿i,¬O,,1.00,1.00,999.00,999.00,999,999,1,1,0,0,0,0,,µL¹Ï¤ù,,0,,0,,,,,,,,,,,PC,§_,°·«Oµ¹¥I,°·«Oµ¹¥I,ESTRADIOL,G03CA03,B022702318,§_,SolidDrugForm,TPATHWK,,,,,,,,,PH047,202303141639,0,65.00
ECLO,19960101,99999999,°±¥Î,Clomazole VT 100mg,Clomazole VT 100mg,Clotrimazole,VAG,HS,SGU,UR-01-00,¥~¥Î,V.T,Clomazole,«D²Õ®M,°±¥Î¡A¥i¬dÃþ¦üÃÄ,,¤@¯ë¥i¥Î,¬O,¤£¥i¥ÎÃÄ¥]¾÷,,¤@¯ë,Á`¶q¶i¦ì,¾AÀ³¯g:¥Dªv³±¹D©À¯]µß¡BºwÂÎ¤§·P¬V,,,,,,,,,,,Clomazole VT 100mg,,,§_,¬O,,,,,,,,,¤@¯ë,¤@¯ë,Äµ »y:Á×§K©â·Ï¡A¦]¥i¯à¼W¥[¤¤­·¡B¦å¶ô¾®¶°¡B°ª¦åÀ£ªº¦MÀI©Ê,,,,,§_,1.0,,§_,§_,§_,³æ¤è,§_,¥i¥Î,¥i¥Î,¤£¥i¿i,¬O,,1.00,1.00,1.00,999.00,999,999,7,1,0,0,0,0,,µL¹Ï¤ù,,0,,0,,,,,,,,,,,VT,§_,°·«Oµ¹¥I,°·«Oµ¹¥I,CLOTRIMAZOLE,G01AF02,A023169500,§_,SolidDrugForm,VAGSUPP,,,,,,,,,PH047,202303141639,19.80,25.00
ECLO5,20210114,99999999,¥i¥Î,Clomazole vaginal tablet 500mg,Clomazole vaginal tablet 500mg,Clotrimazole,VAG,Q3D,SGU,UR-01-00,¥~¥Î,VTAB,Clomazole,«D²Õ®M,,EGYN,¤@¯ë¥i¥Î,¬O,¥i¥ÎÃÄ¥]¾÷,¥i¥Î,¤@¯ë,¦¸­p¶q¶i¦ì,¾AÀ³¯g:¥Dªv³±¹D©À¯]µß¡BºwÂÎ¤§·P¬V,,Indication:Vaginitis due to fungi or trichomoniasis,,¥~ Æ[:¥Õ¦â³±¹D¿õ¾¯¡A¦L¦³VPC¤ÎP-1005,Appearance:White vaginal suppository¡Amarking:VPC and P-1005.,§½³¡¨ë¿E¡A ¨`¼ö·P,Local irritation¡A burning sensation.,,¬Ò¥i¥Î,§JÅð¼Ö³±¹D¿õ500²@§J,Clomazole vaginal 500mg,,,§_,¬O,,³±¹D®ê¾¯¸m©ó15-30¢J°®Àê³B©ÒÀx¦s¡A ½Ð¥ý¥h°£¥~¥]¸Ë«á¦A¥Î,,Vaginal suppository store at 15-30¢XC in a dry place.,,,,,¤@¯ë,¤@¯ë,³±¹D®ê¾¯¸m©ó15-30¢J°®Àê³B©ÒÀx¦s¡A ½Ð¥ý¥h°£¥~¥]¸Ë«á¦A¥Î,,,0,0,§_,1.0,,§_,¬O,§_,³æ¤è,¬O,¥i¥Î,¥i¥Î,¤£¥i¿i,¬O,,1.00,1.00,1.00,1.00,99,99,7,1,1.00,1.00,0,0,,¦³¹Ï¤ù,,0,,0,,G01AF02,,,,,0,,0,,VT,,°·«Oµ¹¥I,°·«Oµ¹¥I,CLOTRIMAZOLE,G01AF02,AC40974500,§_,SolidDrugForm,VAGSUPP,,,0,,0,,,,PH008,202101140926,12.00,16.00
ECLOB,20140107,99999999,°±¥Î,Clobex Shampoo 60mL¡A 0.05%,Clobex Shampoo 60mL¡A 0.05%,Clobetasol propionate,EXT,,TDER,DE-09-00,¥~¥Î,¾A¶q,,«D²Õ®M,¼t°Ó¯Ê³f,,¤@¯ë¥i¥Î,¬O,¥i¥ÎÃÄ¥]¾÷,,¤@¯ë,Á`¶q¶i¦ì,¾AÀ³¯g:§½³¡©ÊªvÀø¦¨¤H¤§¤¤«×ÀY¥Ö°®Å~¡C,,Indication:Treatment of moderate to severe forms of scalp,psoriasis in patient ¡Ù18 yr.,¥~ Æ[:¥Õ¦â60mL¥~²~,Appearance:60mL white bottle,¨`¼ö/¨ëµh¡Aæ±Äo¡A¤ô¸~¡A¤òÅnª¢¡AÚµ½H¡A¥Ö½§°®Àê,Burning/stinging¡A pruritus¡A edema¡A folliculitis¡A acne¡A dry skin,,¬Ò¥i¥Î,¬X­¿µ·ÃÄ¥ÎÀY¥Ö¬~¾¯,Clobex Shampoo 60mL¡A 0.05%,,,§_,¬O,,¬°¥~¥ÎÃÄ«~¡A ½Ð§½³¡¨Ï¥Î¡A ¤Å±µÄ²²´·ú©Î»~ªA,,For external use. Avoid contact with the eyes or oral consumption.,,,,,¤@¯ë,¤@¯ë,Äµ »y: ¥»«~¬°¥~¥ÎÃÄ«~¡A½Ð§½³¡¨Ï¥Î¡A¤Å±µÄ²²´·ú©Î»~ªA¡C,,,0,0,§_,99.0,,§_,¬O,§_,³æ¤è,§_,¥i¥Î,¥i¥Î,¤£¥i¿i,§_,,1.00,1.00,10.00,10.00,999,999,7,1,99.00,99.00,0,0,,¦³¹Ï¤ù,,0,,0,,D07AD01,,,,,,,,,BOT,,°·«Oµ¹¥I,°·«Oµ¹¥I,CLOBETASOL PROPIONATE,D07AD01,BC25013351,§_,LiquidLiquidEmulsion,TOPLTN,,,,,,,,,PH006,202305161005,218.00,262.00
ECLOB1,20230510,99999999,¥i¥Î,Clobex Shampoo 125mL¡A 0.05%,Clobex Shampoo 125mL¡A 0.05%,Clobetasol propionate,EXT,,TDER,DE-09-00,¥~¥Î,¾A¶q,,«D²Õ®M,,,¤@¯ë¥i¥Î,¬O,¥i¥ÎÃÄ¥]¾÷,¥i¥Î,¤@¯ë,Á`¶q¶i¦ì,¾AÀ³¯g:§½³¡©ÊªvÀø¦¨¤H¤§¤¤«×ÀY¥Ö°®Å~¡C,,Indication:Treatment of moderate scalp psoriasis in adults.,,¥~ Æ[:125mL¶ì½¦²~¸Ë,Appearance:125mL plastic bottle,¨`¼ö/¨ëµh¡Aæ±Äo¡A¤ô¸~¡A¤òÅnª¢¡AÚµ½H¡A¥Ö½§°®Àê,Burning/stinging¡A pruritus¡A edema¡A folliculitis¡A acne¡A dry skin,,¬Ò¥i¥Î,¬X­¿µ·ÃÄ¥ÎÀY¥Ö¬~¾¯125²@¤É¡A 0.5²@§J/¤½§J,Clobex Shampoo 125mL¡A 0.05%,,,,¬O,,¬°¥~¥ÎÃÄ«~¡A ½Ð§½³¡¨Ï¥Î¡A ¤Å±µÄ²²´·ú©Î»~ªA,¥ÎÃÄ«áÀ³¬~¤â¡C,For external use. Avoid contact with the eyes or oral consumption.,Wash your hands after using medication.,ÄY¸T2·³¥H¤U¤§¨àµ£¨Ï¥Î¡C,Avoid use in children <2 years old.,202305 [ECLOB]¯Ê³f´À¥N,¤@¯ë,¤@¯ë,Äµ »y: ¥»«~¬°¥~¥ÎÃÄ«~¡A½Ð§½³¡¨Ï¥Î¡A¤Å±µÄ²²´·ú©Î»~ªA¡C,,,0,0,§_,99.0,,§_,¬O,§_,³æ¤è,,¥i¥Î,¥i¥Î,¤£¥i¿i,¬O,,1.00,1.00,10.00,10.00,999,999,7,1,99.00,99.00,0,0,,¦³¹Ï¤ù,,0,,0,,D07AD01,,,,,0,,0,,BOT,,°·«Oµ¹¥I,°·«Oµ¹¥I,CLOBETASOL PROPIONATE,D07AD01,BC25013358,§_,LiquidLiquidEmulsion,TOPLTN,,,0,,0,,,,PH047,202305171757,471.00,565.00
ECLOC,20050120,99999999,°±¥Î,Clobetasol cream 0.05%¡A 5gm,Clobetasol cream 0.05%¡A 5gm,Clobetasol,EXT,,TDER,DE-06-00,¥~¥Î,¾A¶q,Clobetasol,«D²Õ®M,°±¥Î,EDERO,¤@¯ë¥i¥Î,§_,¤£¥i¥ÎÃÄ¥]¾÷,,¤@¯ë,Á`¶q¶i¦ì,¾AÀ³¯g:¥Dªv°®Å~¡B«ó¥­­aÅ~¡B¥Ö½§·kÄoµ¥¹L±Ó¯gª¬,,,,,,,,,¥u¥Î©óªù¶E¤Î¦í°|STAT,¥i¥ßµÎ¨Å»I,Clobetasol cream 0.05%¡A 5gm,,,§_,¬O,,,,,,,,,¤@¯ë,¤@¯ë,Äµ »y:°£Âå®v«ü¥Ü¥~¡A½Ð¤Åªø´Á©Î±K¶°¦a«ùÄò¨Ï¥Î,,,,,§_,99.0,,§_,§_,§_,³æ¤è,§_,¥i¥Î,¥i¥Î,¤£¥i¿i,¬O,,1.00,1.00,999.00,999.00,999,999,7,1,0,0,0,0,,µL¹Ï¤ù,,0,,0,,,,,,,,,,,TUB,,°·«Oµ¹¥I,°·«Oµ¹¥I,CLOBETASOL PROPIONATE,D07AD01,AC28562321,§_,LiquidLiquidEmulsion,TOPCRM,,,,,,,,,PH047,202303141639,33.60,42.00
ECLOO,20140820,99999999,°±¥Î,Clobetasol ointment 0.05% 7gm,Clobetasol ointment 0.05% 7gm,Clobetasol,EXT,,TDER,DE-06-00,¥~¥Î,¾A¶q,Dermovate,«D²Õ®M,°±¥Î,ECLOO2,¤@¯ë¥i¥Î,¬O,¤£¥i¥ÎÃÄ¥]¾÷,,¤@¯ë,Á`¶q¶i¦ì,¾AÀ³¯g:¥Dªv°®Å~¡A «ó¥­­aÅ~¡A ¥Ö½§·kÄoµ¥¹L±Ó¯gª¬,,Indication:Psoriasis¡A recalcitrant eczema¡A lichen planus.,,¥~ Æ[: 7gm³nºÞ¡A¦L¦³´Ä¦â¦r"¥i¥ßµÎ",Apperance: 7gm tube,¥Ö½§°_¤ôªw¡A µoÄo¡A ¨`¼ö·P¡A ±Ó·P©Ê¼W¥[¡A ¶Ë¤fÂ¡¦X®t,Blisters¡A burning¡A itching of skin¡A increased skin sensitivity¡A lack of healing,,¬Ò¥i¥Î,¥i¥ßµÎ³n»I0.5²@§J/¤½§J,Clobetasol Ointment,,,,¬O,,¬°¥~¥ÎÃÄ«~¡A ½Ð§½³¡¨Ï¥Î¡A ¤Å±µÄ²²´·ú©Î»~ªA,,For external use. Avoid contact with the eyes or oral consumption.,,,,2020.06ÃÄ©e·|§R°£,¤@¯ë,¤@¯ë,Äµ »y: ¥»«~¬°¥~¥ÎÃÄ«~¡A½Ð§½³¡¨Ï¥Î¡A¤Å±µÄ²²´·ú©Î»~ªA¡C,,,0,0,§_,99.0,,§_,¬O,§_,³æ¤è,§_,¥i¥Î,¥i¥Î,¤£¥i¿i,§_,,1.00,1.00,9.00,9.00,999,999,7,1,99.00,99.00,0,0,,¦³¹Ï¤ù,,0,,0,,D07AD01,,,,,0,,0,,TUB,,°·«Oµ¹¥I,°·«Oµ¹¥I,CLOBETASOL PROPIONATE,D07AD01,AC28562324,§_,LiquidLiquidEmulsion,TOPOINT,,,,,,,,,PH047,202303141639,12.80,17.00
ECLOO2,20200610,99999999,¥i¥Î,Clobetasol ointment 0.05% 25gm,Clobetasol ointment 0.05% 25gm,Clobetasol,EXT,,TDER,DE-06-00,¥~¥Î,¾A¶q,Dermovate,«D²Õ®M,,,¤@¯ë¥i¥Î,¬O,¥i¥ÎÃÄ¥]¾÷,¥i¥Î,¤@¯ë,Á`¶q¶i¦ì,¾AÀ³¯g:¥Dªv°®Å~¡A «ó¥­­aÅ~¡A ¥Ö½§·kÄoµ¥¹L±Ó¯gª¬,,Indication:Psoriasis¡A recalcitrant eczema¡A lichen planus.,,¥~ Æ[: 25gm³nºÞ¡A¦L¦³´Ä¦â¦r"¥i¥ßµÎ",Apperance: 25gm tube,¥Ö½§°_¤ôªw¡A µoÄo¡A ¨`¼ö·P¡A ±Ó·P©Ê¼W¥[¡A ¶Ë¤fÂ¡¦X®t,Blisters¡A burning¡A itching of skin¡A increased skin sensitivity¡A lack of healing,,¬Ò¥i¥Î,¥i¥ßµÎ³n»I0.5²@§J/¤½§J,Clobetasol ointment 0.05%25g,,,,¬O,,¬°¥~¥ÎÃÄ«~¡A ½Ð§½³¡¨Ï¥Î¡A ¤Å±µÄ²²´·ú©Î»~ªA,,For external use. Avoid contact with the eyes or oral consumption.,,,,2020Q2ÃÄ©e·s¶i,¤@¯ë,¤@¯ë,Äµ »y: ¥»«~¬°¥~¥ÎÃÄ«~¡A½Ð§½³¡¨Ï¥Î¡A¤Å±µÄ²²´·ú©Î»~ªA¡C,,,0,0,§_,99.0,,§_,¬O,§_,³æ¤è,§_,¥i¥Î,¥i¥Î,¤£¥i¿i,§_,,1.00,1.00,9.00,9.00,999,999,7,1,99.00,99.00,0,0,,¦³¹Ï¤ù,,0,,0,,D07AD01,,,,,0,,0,,TUB,,°·«Oµ¹¥I,°·«Oµ¹¥I,CLOBETASOL PROPIONATE,D07AD01,AC28562340,,LiquidLiquidEmulsion,TOPOINT,,,0,,0,,,,PH034,202105191012,54.00,68.00
ECLT,19960101,99999999,°±¥Î,Cleocin T gel 1% 30gm,Cleocin T gel 1% 30gm,Clindamycin,EXT,,TDER,DE-07-00,¥~¥Î,¾A¶q,Cleocin,«D²Õ®M,¼t°Ó¯Ê³f,EROY,¤@¯ë¥i¥Î,¬O,¥i¥ÎÃÄ¥]¾÷,,¤@¯ë,Á`¶q¶i¦ì,¾AÀ³¯g:¥Dªv´M±`©ÊÚµ½H,,Indication:Acne vulgaris.,,¥~ Æ[:¥Õ¦â30gm³nºÞ¡A ¦³ºñ¦â®Ø®Ø,Appearance:30gm tube¡A white box,¥Ö½§¬õ¯l¡A ¥Ö½§Äo¡A ¥Ö½§ÅÜ¬õ¡A ¥Ö½§°®Àê¡A ²æ¥Ö,Skin rash¡A itching¡A redness¡A swelling dryness¡A scaliness¡A peeling of skin abdomi,,¬Ò¥i¥Î,ÄR¼Ú¨³¥~¥Î¾®½¦,Cleocin T gel 1% 30gm,,,§_,¬O,,¬°¥~¥ÎÃÄ«~¡A ½Ð§½³¡¨Ï¥Î¡A ¤Å±µÄ²²´·ú©Î»~ªA,,For external use. Avoid contact with the eyes or oral consumption.,,,,,¤@¯ë,¤@¯ë,Äµ »y: ¥»«~¬°¥~¥ÎÃÄ«~¡A½Ð§½³¡¨Ï¥Î¡A¤Å±µÄ²²´·ú©Î»~ªA¡C,,,,,§_,99.0,,§_,¬O,§_,³æ¤è,§_,¥i¥Î,¥i¥Î,¤£¥i¿i,§_,,1.00,1.00,9.00,9.00,999,999,7,1,99.00,99.00,0,0,,¦³¹Ï¤ù,,0,,0,,D10AF01,J01FF01,G01AA10,,,,,,,TUB,§_,°·«Oµ¹¥I,°·«Oµ¹¥I,CLINDAMYCIN,D10AF01,BC20249343,§_,LiquidSolidSuspension,TOPGEL,,,,,,,,,PH006,202307281126,185.00,222.00
ECOL,20070115,99999999,°±¥Î,Colsamin eye oint 3.5gm,Colsamin eye oint 3.5gm,Dexamethasone + Neomycin,OU,,TOPH,OP-02-00,¥~¥Î,¾A¶q,Colsamin,«D²Õ®M,°±¥Î,,¤@¯ë¥i¥Î,¬O,¤£¥i¥ÎÃÄ¥]¾÷,¥i¥Î,¤@¯ë,Á`¶q¶i¦ì,¾AÀ³¯g:µ²½¤ª¢¡A ¨¤½¤ª¢¡A ¹L±Ó©Êª¢¯gµ¥¯gª¬,,Indication:Treat conjunctivitis¡A keratitis¡A blepharitis.,,¥~ Æ[:3.5 §J³n»I¥]¸Ë,Appearance:3.5gm tube,µø¤O¼Ò½k,Blurred vision,,¥u¥Î©óªù¶E¤Î¦í°|STAT,¥i¦Ó²n©ú²´ÃÄ»I,Colsamin eye oint 3.5gm,,,§_,¬O,,½Ð¸m©ó«Äµ£µLªk¨ú±o¤§³B,,Keep medicine out of reach of children.,,³Æµù: ­Y¦P®É¨Ï¥Î¨âºØ²´¥ÎÃÄ«~¡A ½Ð¶¡¹j5¤ÀÄÁ¡A ¥ýÂIÃÄ¤ô¡A ¦A¨Ï¥ÎÃÄ»I,,,¤@¯ë,¤@¯ë,Äµ »y:½Ð¸m©ó«Äµ£µLªk¨ú±o¤§³B,,,,,§_,99.0,,§_,§_,§_,½Æ¤è,§_,¥i¥Î,¥i¥Î,¤£¥i¿i,¬O,,1.00,1.00,9.00,9.00,99,30,7,1,99.00,99.00,0,0,,¦³¹Ï¤ù,,0,,0,,S01BA01,,,,,,,,,TUB,,°·«Oµ¹¥I,°·«Oµ¹¥I,DEXAMETHASONE SODIUM PHOSPHATE 0.5MG/GM + NEOMYCIN 3.5MG/GM,S01CA01,A006187417,§_,LiquidLiquidEmulsion,OPOINT,,,,,,,,,PH047,202303141639,13.80,18.00
ECOL2,20141215,99999999,°±¥Î,Colasa enema 2gm/100mL,Colasa enema 2gm/100mL,Mesalazine,RECT,ASORDER,ALIM,GI-09-00,¥~¥Î,BOT,,«D²Õ®M,°±¥Î,,¤@¯ë¥i¥Î,¬O,¥i¥ÎÃÄ¥]¾÷,±ø¥ó¤Uµ¹¥I,¤@¯ë,Á`¶q¶i¦ì,¾AÀ³¯g: ¼ìºÅ©Êµ²¸zª¢¡B»´«×¨ì¤¤«×ª½¸zª¢¤Îª½¸z¤Aª¬µ²¸zª¢¡C,,Indication:Treat governance ulcerative colitis,,¥~ Æ[:100²@¤É¥Õ¦â¶ì½¦²~,Appearance:100mL white plastic bottle,äú¤ß¡A ¸¡Âm¡A ¸¡µh¡A ÀYµh,Nausea¡A diarrhea¡A abdominal pain¡A headache,,¬Ò¥i¥Î,ªü¸z§JÒF¸z¾¯,Colasa enema,,,,¬O,,½Ð°È¥²¥ý±N®e¾¹«eºÝ¶ì½¦»\¨ú±¼«á¡A ¦A´¡¤J¨zªù¤ºª`¤JÃÄ²G,,Take the lid off before using this medicine.,,¹ï¤ô·¨»Ä¹L±ÓªÌ¸T¥Î,Hypersensitivity to Salicylate is contraindication.,,¤@¯ë,¤@¯ë,Äµ »y:½Ð°È¥²¥ý±N®e¾¹«eºÝ¶ì½¦»\¨ú±¼«á¡A ¦A´¡¤J¨zªù¤ºª`¤JÃÄ²G,,,0,0,§_,1.0,,§_,¬O,§_,³æ¤è,§_,¥i¥Î,¥i¥Î,¤£¥i¿i,¬O,,1.00,1.00,2.00,2.00,999,999,1,1,2.00,2.00,0,0,,¦³¹Ï¤ù,,0,,0,,A07EC02,,,,,0,,0,,BOT,§_,°·«Oµ¹¥I,°·«Oµ¹¥I,MESALAZINE,A07EC02,AC45696355,§_,Liquid,ENEMA,,,,,,,,,PH006,202307281127,191.00,229.00
ECOL4,20230331,99999999,¥i¥Î,Colasa enema 4gm/100mL,Colasa enema 4gm/100mL,Mesalazine,RECT,ASORDER,ALIM,GI-09-00,¥~¥Î,BOT,Colasa enema,«D²Õ®M,,,¤@¯ë¥i¥Î,¬O,¥i¥ÎÃÄ¥]¾÷,±ø¥ó¤Uµ¹¥I,¤@¯ë,Á`¶q¶i¦ì,¾AÀ³¯g: ¼ìºÅ©Êµ²¸zª¢¡C,,Indication: Ulcerative colitis.,,¥~ Æ[:100²@¤É¥Õ¦â¶ì½¦²~,Appearance:100mL white plastic bottle,äú¤ß¡B¸¡Âm¡B¸¡µh¡BÀYµh¡C,Nausea¡A diarrhea¡A abdominal pain¡A headache.,,¬Ò¥i¥Î,ªü¸z§JÒF¸z¾¯4§J/100²@¤É,Colasa enema 4gm/100mL,,,,¬O,,¹ï¤ô·¨»Ä¹L±ÓªÌ¸T¥Î¡C,,Do not use in individuals allergic to salicylates (including aspirin).,,½Ð¥ý¨ú¤U®e¾¹«eºÝªº¶ì½¦»\¡A¦A´¡¤J¨zªù¤ºª`¤JÃÄ²G¡C,Take the plastic lid off before using this medicine.,2023Q1 ÃÄ©e·s¶i,¤@¯ë,¤@¯ë,Äµ »y:½Ð°È¥²¥ý±N®e¾¹«eºÝ¶ì½¦»\¨ú±¼«á¡A ¦A´¡¤J¨zªù¤ºª`¤JÃÄ²G,,,0,0,§_,1.0,,§_,¬O,§_,³æ¤è,§_,¥i¥Î,¥i¥Î,¤£¥i¿i,¬O,,1.00,1.00,1.00,1.00,999,999,1,1,1.00,1.00,0,0,,¦³¹Ï¤ù,,0,,0,,A07EC02,,,,,4.00,g,1.50,g,BOT,,°·«Oµ¹¥I,°·«Oµ¹¥I,MESALAZINE,A07EC02,AC46116355,§_,Liquid,ENEMA,,,0,,0,,,,PH006,202310231304,277.00,332.00
ECOLO5,20201211,99999999,°±¥Î,Color cream 5gm,Color cream 5gm,Hydroquinone + Tretinoin + Dexamethasone,EXT,,TDER,DE-11-00,¥~¥Î,¾A¶q,Hydroquinone,«D²Õ®M,°±¥Î,,¤@¯ë¥i¥Î,¬O,¥i¥ÎÃÄ¥]¾÷,°·«O¤£µ¹¥I,¤@¯ë,Á`¶q¶i¦ì,¾AÀ³¯g:¦â¯À¹L«×¨HµÛ,,Indication:Hyperpigmentation of skin,,¥~ Æ[:¥Õ/¯»¬õ¦â³nºÞ,Appearance:White/ pink tube,¥Ö½§¹L±Ó¤ÏÀ³¡A¥Ö½§µäÁY,Allergic skin reactions¡A skin atrophy,,¬Ò¥i¥Î,§Ö¼Ö¨Å»I,Color cream 5g,,,,¬O,,¬°¥~¥ÎÃÄ«~¡A ½Ð§½³¡¨Ï¥Î¡A ¤Å±µÄ²²´·ú©Î»~ªA,¤Å¨Ï¥Î¦b¶Ë¤f³¡¦ì.,For external use. Avoid contact with the eyes or oral consumption.,Avoid use on broken or eczematous skin.,½Ð§@¦n¨¾ÅÎ±¹¬I¡C,Avoid sun exposure during treatment and maintenance therapy by using sunscreen.,2020.Q4ÃÄ©e·s¶i¡A2022.06ÃÄ©e·|§R°£,¤@¯ë,¤@¯ë,Äµ »y: ¥»«~¬°¥~¥ÎÃÄ«~¡A½Ð§½³¡¨Ï¥Î¡A¤Å±µÄ²²´·ú©Î»~ªA¡C,,,0,0,§_,99.0,,§_,¬O,§_,½Æ¤è,§_,°±¥Î,°±¥Î,¤£¥i¿i,¬O,,1.00,1.00,99.00,99.00,999,999,1,1,999.00,999.00,0,0,,¦³¹Ï¤ù,,0,,0,,D11AX11,D10AD01,D07AB19,,,0,,0,,BOX,,¤£µ¹¥I¶·¦Û¥I,¤£µ¹¥I¶·¦Û¥I,,,,,LiquidLiquidEmulsion,TOPCRM,¦M®`¤G¯Å(¡I),,0,,0,,,,PH006,202307281128,0,180.00
ECOM,20020110,99999999,°±¥Î,Combivent Metered Aerosol,Combivent Metered Aerosol,Ipratropium + Salbutamol,IH,,ERSP,RE-04-00,¥~¥Î,PFF,Combivent MDI,«D²Õ®M,°±¥Î¡A¥i¬dÃþ¦üÃÄ,,¤@¯ë¥i¥Î,¬O,¤£¥i¥ÎÃÄ¥]¾÷,±ø¥ó¤Uµ¹¥I,¤@¯ë,Á`¶q¶i¦ì,¾AÀ³¯g:¥DªvºC©Êªý¶ë©Ê®ðºÞª¢¡A ¤ä®ðºÞ®ð³Ý,,Indication:Management of bronchospasm.,,¥~ Æ[:¾ïºñ¥Õ¦â¬Û¶¡¥~²°,,¨ýÄ±§ïÅÜ¡A «y¹Â¡A ÀY·w¡A ¤f°®¡A ÀYµh¡A äú¤ß¡A Å¸§Ý,Change in sense of taste¡A coughing¡A dizziness¡A dryness of mouth¡A headache¡A nause,,¥u¥Î©óªù¶E¤Î¦í°|STAT,«a³Ý½Ã©w¶q¼QÃú²G,Combivent Metered Aerosol,,,§_,¬O,,½Ð¿í·ÓÂå®v«ü¥Ü¨Ï¥Î¡A ­Yµo¥ÍºÃ¦üÃÄª«¤£¨}¤ÏÀ³½Ð§iª¾Âå¥Í,,Follow doctor's advice. Check with doctor if you notice any side effects.,,,,,¤@¯ë,¤@¯ë,Äµ »y:½Ð¿í·ÓÂå®v«ü¥Ü¨Ï¥Î¡A­Yµo¥ÍºÃ¦üÃÄª«¤£¨}¤ÏÀ³½Ð§iª¾Âå¥Í¡C,,,,,§_,200.0,,§_,§_,§_,³æ¤è,§_,¥i¥Î,¥i¥Î,¤£¥i¿i,§_,,1.00,1.00,2.00,2.00,99,99,30,30,0,0,0,0,1.00,¦³¹Ï¤ù,,0,,0,,R03AK04,,,,,,,,,SET,,°·«Oµ¹¥I,°·«Oµ¹¥I,IPRATROPIUM 20 MCG/DOSE + SALBUTAMOL 120 MCG/DOSE,R03AL02,A044074129,§_,GasSolidSpray,MDINHLPWD,,,,,,,,,PH047,202303141639,255.00,306.00
ECOMB,20110314,99999999,¥i¥Î,Combigan 5mL ophthalmic solution,Combigan 5mL ophthalmic solution,Brimonidine + Timolol,OU,BID,TOPH,OP-05-06,¥~¥Î,ºw,Combigan,«D²Õ®M,,,¤@¯ë¥i¥Î,¬O,¥i¥ÎÃÄ¥]¾÷,¥i¥Î,¤@¯ë,Á`¶q¶i¦ì,¾AÀ³¯g:ºC©Ê«C¥ú²´¡A ­°²´À£,,Indication:Lowering of ocular pressure,,¥~ Æ[:¥Õ¦â»\¤l¤£³z©ú¶ì½¦¥~²~,Appearance:5mL eye drop bottle¡A white/gray/pink box,µ²½¤¥R¦å¡A ¨`¼ö¨ëµh·P.,Conjunctival hyperemia¡A ocular burning & stinging.,,¬Ò¥i¥Î,±dÚ·©°²´¥Î²G¾¯,Combigan oph soln 5mL,,,§_,¬O,,­Y¦³®ð³Ý©ÎµjÅË©Ê®ðºÞª¢®É¡AÀ³¤p¤ß¨Ï¥Î¥»ÃÄ,,Should not use this medicine if patient has asthma that is not well-controlled.,,³Æµù: ­Y¦P®É¨Ï¥Î¨âºØ²´ÃÄ¤ô¡A ½Ð¶¡¹j5¤ÀÄÁ¡A ­YµLÂå®v«ü¥Ü¡A µL¥ý«á¨Ï¥Î¶¶§Ç,,,¤@¯ë,¤@¯ë,Äµ »y:­Y¦³®ð³Ý©ÎµjÅË©Ê®ðºÞª¢®É¡AÀ³¤p¤ß¨Ï¥Î¥»ÃÄ,,,,,§_,100.0,,§_,¬O,§_,½Æ¤è,§_,¥i¥Î,¥i¥Î,¤£¥i¿i,§_,,1.00,1.00,1.00,1.00,999,999,1,1,24.00,24.00,0,0,,¦³¹Ï¤ù,,0,,0,,S01ED01,S01EA05,,,,,,,,BOT,,°·«Oµ¹¥I,°·«Oµ¹¥I,TIMOLOL 5 MG/ML + BRIMONIDINE 1.3 MG/ML,S01ED51,BC24294421,§_,AdministrableDrugForm,OPDROP,,,,,,,,,PH047,202403211747,365.00,438.00
ECOMS,20120328,99999999,°±¥Î,Comfflam spray 1.5mg/mL¡A 30mL/Bot,Comfflam spray 1.5mg/mL¡A 30mL/Bot,Benzydamine,IH,,CNEU,CN-01-02,¥~¥Î,PFF,,«D²Õ®M,°±¥Î,EDIF,¤@¯ë¥i¥Î,¬O,¤£¥i¥ÎÃÄ¥]¾÷,°·«O¤£µ¹¥I,¤@¯ë,Á`¶q¶i¦ì,¾AÀ³¯g:ÓV¸Ñ¤fµÄ¤Î«|³ï¯kµh¡A ¤fµÄ¤Î¤ú©P¤â³N«á¯kµh,,Indication:Relief of painful conditions of the mouth &,throat¡A post orosurgical & periodontal procedures.,¥~ Æ[:³z©ú²~¸Ë¡A ¤º¬°ºñ¦âÃÄ¾¯,Appearance:30mL bottle¡A green liquid,¤fµÄ°®Àê¡A ¤f´÷¡A ¨ëµh¡A ¤fµÄµo¼ö¡A ¨ýÄ±§ïÅÜ,Oral numbness; dryness or thirst¡A tingling¡A warm feeling in mouth¡A altered sense,,¬Ò¥i¥Î,±dÅ@¹ç ®øª¢¼Q¾¯,Comfflam spray 1.5mg/mL¡A 30m,,,§_,¬O,,½Ð¿í·ÓÂå®v«ü¥Ü¨Ï¥Î¡A ­Yµo¥ÍºÃ¦üÃÄª«¤£¨}¤ÏÀ³½Ð§iª¾Âå¥Í,,Follow doctor's advice. Check with doctor if you notice any side effects,,,,2013¦~²Ä¤T¦¸ÃÄ©e·|¨MÄ³§R°£,¤@¯ë,¤@¯ë,Äµ »y:½Ð¿í·ÓÂå®v«ü¥Ü¨Ï¥Î¡A­Yµo¥ÍºÃ¦üÃÄª«¤£¨}¤ÏÀ³½Ð§iª¾Âå¥Í¡C,,,0,0,§_,180.0,,§_,§_,§_,³æ¤è,§_,¥i¥Î,¥i¥Î,¤£¥i¿i,¬O,,1.00,1.00,8.00,8.00,999,999,7,7,24.00,24.00,0,0,,¦³¹Ï¤ù,,0,,0,,A01AD02,,,,,,,,,BOT,,¤£µ¹¥I¶·¦Û¥I,¤£µ¹¥I¶·¦Û¥I,,,,§_,,,,,,,,,,,PH047,202303141639,0,204.00
ECOMU,20051212,99999999,¥i¥Î,Combivent UDV 2.5mL,Combivent UDV 2.5mL,Ipratropium + Salbutamol,IH,,ERSP,RE-04-00,¥~¥Î,VAL,Combivent,«D²Õ®M,,,¤@¯ë¥i¥Î,¬O,¥i¥ÎÃÄ¥]¾÷,¥i¥Î,¤@¯ë,¦¸­p¶q¶i¦ì,¾AÀ³¯g:¥DªvºC©Êªý¶ë©Ê®ðºÞª¢¡A ¤ä®ðºÞ®ð³Ýµ¥,,Indication:Management of bronchospasm.,,¥~ Æ[:2.5 mL ¶ì½¦¦wÞÀ¸Ë,Appearance:2.5mL plastic ampoule,¨ýÄ±§ïÅÜ¡A «y¹Â¡A ÀY·w¡A ¤f°®¡A ÀYµh¡A äú¤ß¡A Å¸§Ý,Change in sense of taste¡A coughing¡A dizziness¡A dryness of mouth¡A headache¡A nause,,¬Ò¥i¥Î,«a³Ý½Ã³æ¤@¾¯¶q§l¤J²G,Combivent UDV 2.5mL,,,§_,¬O,,°t¦XÃú¤Æ¾¹¨Ï¥Î¤§©I§lªvÀø¥ÎÃÄ¡A »ÝÁ×¥úÀx¦s©óÄá¤ó25«×¥H¤U«Ç·Å,,Medicine taken by inhalation only¡A using a nebuliser. Protect from light.,,,,,¤@¯ë,¤@¯ë,Äµ »y: °t¦XÃú¤Æ¾¹¨Ï¥Î¤§©I§lªvÀø¥ÎÃÄ¡A»ÝÁ×¥úÀx¦s©óÄá¤ó25«×¥H¤U«Ç·Å¡C,,,,,§_,1.0,,§_,¬O,§_,½Æ¤è,§_,¥i¥Î,¥i¥Î,¤£¥i¿i,¬O,,1.00,1.00,1.00,1.00,28,14,7,1,12.00,12.00,0,0,,¦³¹Ï¤ù,,0,,0,,R03AK04,R03BB01,R03AC02,,,,,,,VAL,§_,°·«Oµ¹¥I,°·«Oµ¹¥I,IPRATROPIUM 0.5 MG/DOSE + SALBUTAMOL 2.5 MG/DOSE,R03AL02,BC23357114,§_,GasLiquidMixture,INHLSOL,,,,,,,,,PH047,202303141639,12.70,17.00
ECOS,20100628,99999999,¥i¥Î,Cosopt 2/0.5%¡A 5ml ophthalmic solution,Cosopt 2/0.5%¡A 5ml ophthalmic solution,Dorzolamide + Timolol,OU,,TOPH,OP-05-06,¥~¥Î,ºw,Cosopt,«D²Õ®M,,,¤@¯ë¥i¥Î,¬O,¥i¥ÎÃÄ¥]¾÷,¥i¥Î,¤@¯ë,Á`¶q¶i¦ì,¾AÀ³¯g:¥Dªv«C¥ú²´¡A °ª²´À£µ¥,,Indication:Lowering of ocular pressure,,¥~ Æ[:¥Õ¦â»\¤l¤£³z©ú¶ì½¦¥~²~,Appearance:5mL eye drop bottle¡A white/dark blue box,²´·ú¨`¼ö¨ë¿E·P¡A ¨ýÄ±§ïÅÜ¡A ¨¤½¤¨ü·l,Ocular burning & stinging¡A taste perversion¡A corneal erosion,,¬Ò¥i¥Î,±dµÎ¥Ø,Cosopt oph soln 2/0.5%¡A 5mL,,,§_,¬O,,­Y¦³®ð³Ý©ÎµjÅË©Ê®ðºÞª¢®É¡A À³¤p¤ß¨Ï¥Î¥»ÃÄ,¹ïÁDÓiÃÄ¹L±ÓªÌ¸T¥Î,Should not use this medicine if patient has asthma that is not well-controlled.,Notify your doctor if you are allergic to sulfa drugs.,³Æµù: ­Y¦P®É¨Ï¥Î¨âºØ²´ÃÄ¤ô¡A ½Ð¶¡¹j5¤ÀÄÁ¡A ­YµLÂå®v«ü¥Ü¡A µL¥ý«á¨Ï¥Î¶¶§Ç,,,¤@¯ë,¤@¯ë,Äµ »y:­Y¦³®ð³Ý©ÎµjÅË©Ê®ðºÞª¢®É¡AÀ³¤p¤ß¨Ï¥Î¥»ÃÄ,,,,,§_,100.0,,§_,¬O,§_,½Æ¤è,§_,¥i¥Î,¥i¥Î,¤£¥i¿i,¬O,,1.00,1.00,1.00,1.00,999,999,1,1,24.00,24.00,0,0,,¦³¹Ï¤ù,,0,,0,,S01ED01,S01EC03,S01ED51,,,,,,,BOT,,°·«Oµ¹¥I,°·«Oµ¹¥I,TIMOLOL 5MG/ML + DORZOLAMIDE 20MG/ML,S01ED51,BC23337421,§_,AdministrableDrugForm,OPDROP,,,,,,,,,PH047,202401101509,303.00,364.00
ECRI,20050111,99999999,¥i¥Î,Crinone vaginal gel 8%,Crinone vaginal gel 8%,Progesterone,VAG,QD,SGU,UR-01-00,¥~¥Î,TUB,Crinone,«D²Õ®M,,,¤@¯ë¥i¥Î,¬O,¥i¥ÎÃÄ¥]¾÷,°·«O¤£µ¹¥I,¤@¯ë,Á`¶q¶i¦ì,¾AÀ³¯g:°t¦X¹ê¬I¤H¤u¥Í´ÞÅé¥~¨üºë¤§¤£¥¥¯gªvÀø,,Indication:Treatment of endometriosis¡A uterine bleeding,,¥~ Æ[:¥Õ¦â¥~¥]¸Ë¡A¤W¦³µµ¦âCrinone¦r¼Ë,Appearance:White tube,¸¡µh¡A ·|³±¯kµh¡A ÀYµh¡A «K¯µ¡A Ãö¸`µh¡A §íÆ{,Abdominal pain¡A perineal pain¡A headache¡A constipation¡A joint pain¡A depression,,¬Ò¥i¥Î,§Ö¥¥¶©,Crinone vaginal gel 8%,,,§_,¬O,,¬°¥~¥ÎÃÄ«~¡A ½Ð§½³¡¨Ï¥Î¡A ¤Å±µÄ²²´·ú©Î»~ªA,,For external use. Avoid contact with the eyes or oral consumption.,,,,,¤@¯ë,¤@¯ë,Äµ »y: ¥»«~¬°¥~¥ÎÃÄ«~¡A½Ð§½³¡¨Ï¥Î¡A¤Å±µÄ²²´·ú©Î»~ªA¡C,,,,,§_,1.0,,§_,¬O,§_,³æ¤è,§_,°±¥Î,°±¥Î,¤£¥i¿i,¬O,,1.00,1.00,2.00,2.00,999,999,1,1,2.00,2.00,0,0,,¦³¹Ï¤ù,,0,,0,,G03DA04,,,,,,,,,TUB,,¤£µ¹¥I¶·¦Û¥I,¤£µ¹¥I¶·¦Û¥I,,,,§_,LiquidSolidSuspension,VAGGEL,¦M®`¤G¯Å(¡I),,,,,,,,PH047,202303141639,0,295.00
ECRO,20160915,99999999,°±¥Î,Cromo oph drops 2%¡A 10mL,Cromo oph drops 2%¡A 10mL,Cromolyn,OU,QID,TOPH,OP-06-00,¥~¥Î,ºw,Intal,«D²Õ®M,°±¥Î,,¤@¯ë¥i¥Î,¬O,¤£¥i¥ÎÃÄ¥]¾÷,¥i¥Î,¤@¯ë,Á`¶q¶i¦ì,¾AÀ³¯g:¹L±Ó©Êµ²½¤ª¢,,Indication:Treatment of allergic conjunctivitis,,¥~ Æ[:10²@¤ÉÂI²´²~¸Ë,Appearance: 10mL eye drop in plastic bottle,¨ëµh·P,Eye irritation,,¬Ò¥i¥Î,³Á±Ó²´ÃÄ¤ô,Cromo oph drops 2%¡A 10mL,,,,¬O,,½Ð¨Ì·Ó«ü¥Ü´Á­­¤º¨Ï¥Î¡A «ØÄ³ÃÄ«~¶}«Ê¤@­Ó¤ë«á¤£À³¦A¥Î,,Follow doctor's advice. Use within one month after opening package.,,­Y¦P®É¨Ï¥Î¨âºØ²´ÃÄ¤ô¡A ½Ð¶¡¹j5¤ÀÄÁ¡A ­YµLÂå®v«ü¥Ü¡A µL¥ý«á¨Ï¥Î¶¶§Ç,Allow at least 5 minutes between different eye preparations,105-3ÃÄ©e·|·s¶i,¤@¯ë,¤@¯ë,Äµ »y:½Ð¨Ì·Ó«ü¥Ü´Á­­¤º¨Ï¥Î¡A«ØÄ³ÃÄ«~¶}«Ê¤@­Ó¤ë«á¤£À³¦A¥Î,,,0,0,§_,200.0,,§_,§_,§_,³æ¤è,§_,¥i¥Î,¥i¥Î,¤£¥i¿i,§_,,1.00,1.00,2.00,2.00,999,999,7,1,99.00,90.00,0,0,,¦³¹Ï¤ù,,0,,0,,S01GX01,,,,,0,,0,,BOT,,°·«Oµ¹¥I,°·«Oµ¹¥I,SODIUM CROMOGLYCATE,S01GX01,AC48900429,§_,AdministrableDrugForm,OPDROP,,,,,,,,,PH047,202303141639,28.30,37.00
ECU375,19960101,99999999,°±¥Î,Cu 375,Cu 375,Cu375,IU,ST,HM,CT-02-00,¥~¥Î,SET,Cu 375,«D²Õ®M,°±¥Î,,¤@¯ë¥i¥Î,¬O,¤£¥i¥ÎÃÄ¥]¾÷,,¤@¯ë,Á`¶q¶i¦ì,¾AÀ³¯g:¤l®c¤ºÁ×¥¥¾¹,,Indication:Intrauterine contraception.,,¥~ Æ[:¥Õ/ÂÅ¦â¥~¥]¸Ë,Appearance:White/blue box,¦³¥X¦å±¡§Î½Ð§iª¾Âå®v,Inform your doctor if you are bleeding.,,¥u¥Î©óªù¶E¤Î¦í°|STAT,¥ÀÅé¼Ö»É,Cu 375,,,§_,¬O,,½Ð¿í·ÓÂå®v«ü¥Ü¨Ï¥Î¡A ­Yµo¥Í¹L±Ó²{¶H½Ð»PÂå®vÁpµ¸,,Follow doctor's advice. Check with doctor if you notice any allergic symptoms.,,,,104-3 ÃÄ©e·|§R°£,¤@¯ë,¤@¯ë,Äµ »y:½Ð¿í·ÓÂå®v«ü¥Ü¨Ï¥Î¡A­Yµo¥Í¹L±Ó²{¶H½Ð»PÂå®vÁpµ¸,,,,,§_,1.0,,§_,§_,¬O,³æ¤è,§_,¥i¥Î,¥i¥Î,¤£¥i¿i,§_,,1.00,1.00,1.00,1.00,1,1,1,1,1.00,1.00,0,0,,¦³¹Ï¤ù,,0,,0,,G02BA02,,,,,,,,,SET,§_,¤£µ¹¥I¶·¦Û¥I,¤£µ¹¥I¶·¦Û¥I,,,,§_,AdministrableDrugForm,APPFUL,,,,,,,,,PH047,202303141640,0,800.00
ECUS2,20050317,99999999,°±¥Î,Cusimolol 0.25%¡A 5mL,Cusimolol 0.25%¡A 5mL,Timolol,OU,BID,TOPH,OP-05-04,¥~¥Î,ºw,Timolol,«D²Õ®M,°±¥Î,,¤@¯ë¥i¥Î,§_,¤£¥i¥ÎÃÄ¥]¾÷,¥i¥Î,¤@¯ë,Á`¶q¶i¦ì,¾AÀ³¯g:«C¥ú²´,,Indication:Lowering of ocular pressure.,,¥~ Æ[:5mL ²°¸Ë²´¥ÎÃÄ¤ô,Appearance:5mL eye drop bottle¡A white box,²´·ú©Î²´Â¥¤ºµo¬õ,redness of eyes or inside of eyelids,,¥u¥Î©óªù¶E¤Î¦í°|STAT,0.25% §JµøÀ£²´ÃÄ¤ô,Cusimolol 0.25%¡A 5mL,,,§_,¬O,,­Y¦³®ð³Ý©ÎµjÅË©Ê®ðºÞª¢®É¡A À³¤p¤ß¨Ï¥Î¥»ÃÄ,,Should not use this medicine if patient has asthma that is not well-controlled.,,,,2014¦~²Ä¤G¦¸ÃÄ©e·|¨MÄ³§R°£,¤@¯ë,¤@¯ë,Äµ »y:­Y¦³®ð³Ý©ÎµjÅË©Ê®ðºÞª¢®É¡AÀ³¤p¤ß¨Ï¥Î¥»ÃÄ,,,,,§_,100.0,,§_,§_,§_,³æ¤è,§_,°±¥Î,¥i¥Î,¤£¥i¿i,§_,,1.00,1.00,1.00,1.00,60,999,30,1,24.00,24.00,0,0,,¦³¹Ï¤ù,,0,,0,,S01ED01,,,,,,,,,BOT,,°·«Oµ¹¥I,°·«Oµ¹¥I,TIMOLOL,S01ED01,B021445421,§_,AdministrableDrugForm,OPDROP,,,,,,,,,PH047,202303141640,66.00,83.00
ECUS5,20050317,99999999,°±¥Î,CUSIMOLOL 0.5%¡A 5mL,CUSIMOLOL 0.5%¡A 5mL,Timolol,OU,,TOPH,OP-05-04,¥~¥Î,ºw,Timolol,«D²Õ®M,°±¥Î,ETIM5,¤@¯ë¥i¥Î,§_,¤£¥i¥ÎÃÄ¥]¾÷,¥i¥Î,¤@¯ë,Á`¶q¶i¦ì,¾AÀ³¯g:«C¥ú²´,,Indication:Lowering of ocular pressure.,,¥~ Æ[:5mL ²°¸Ë²´¥ÎÃÄ¤ô,,²´·ú©Î²´Â¥¤ºµo¬õ,redness of eyes or inside of eyelids,,¥u¥Î©óªù¶E¤Î¦í°|STAT,0.5% §JµøÀ£²´ÃÄ¤ô,CUSIMOLOL 0.5%¡A 5mL,,,§_,¬O,,­Y¦³®ð³Ý©ÎµjÅË©Ê®ðºÞª¢®É¡AÀ³¤p¤ß¨Ï¥Î¥»ÃÄ,,Should not use this medicine if patient has asthma that is not well-controlled.,,,,,¤@¯ë,¤@¯ë,Äµ »y:­Y¦³®ð³Ý©ÎµjÅË©Ê®ðºÞª¢®É¡AÀ³¤p¤ß¨Ï¥Î¥»ÃÄ,,,,,§_,100.0,,§_,§_,§_,³æ¤è,§_,¥i¥Î,¥i¥Î,¤£¥i¿i,§_,,1.00,1.00,1.00,1.00,60,999,30,1,0,0,0,0,,¦³¹Ï¤ù,,0,,0,,C07AA06,,,,,,,,,BOT,,°·«Oµ¹¥I,°·«Oµ¹¥I,TIMOLOL,S01ED01,BC21446421,§_,AdministrableDrugForm,OPDROP,,,,,,,,,PH047,202303141640,122.00,146.00
ECUT,20050815,99999999,°±¥Î,Cutivate cream 5gm,Cutivate cream 5gm,Fluticasone,EXT,,TDER,DE-06-00,¥~¥Î,¾A¶q,Cutivate,«D²Õ®M,°±¥Î,EFLUT,¤@¯ë¥i¥Î,¬O,¥i¥ÎÃÄ¥]¾÷,,¤@¯ë,Á`¶q¶i¦ì,¾AÀ³¯g:½w¸Ñ¥Ö½§¯f¤§µoª¢¥H¤Î·kÄo¯gª¬,,Indication:Relief of inflammatory dermatoses.,,¥~ Æ[:¥Õ¦â5gm³nºÞ¡A©³³¡¬°¾ï¦â,Appearance:White/orange tube,¥Ö½§°_¤ôªw¡A µoÄo¡A ¨`¼ö·P¡A ±Ó·P©Ê¼W¥[¡A ¶Ë¤fÂ¡¦X®t,Blisters¡A burning¡A itching of skin¡A increased skin sensitivity¡A lack of healing,,¥u¥Î©óªù¶E¤Î¦í°|STAT,§J§Ê½§¨Å»I,Cutivate cream 5gm,,,§_,¬O,,¬°¥~¥ÎÃÄ«~¡A ½Ð§½³¡¨Ï¥Î¡A ¤Å±µÄ²²´·ú©Î»~ªA,,For external use. Avoid contact with the eyes or oral consumption.,,,,,¤@¯ë,¤@¯ë,Äµ »y: ¥»«~¬°¥~¥ÎÃÄ«~¡A½Ð§½³¡¨Ï¥Î¡A¤Å±µÄ²²´·ú©Î»~ªA¡C,,,,,§_,99.0,,§_,§_,§_,³æ¤è,§_,¥i¥Î,¥i¥Î,¤£¥i¿i,¬O,,1.00,1.00,9.00,9.00,999,999,7,1,99.00,99.00,0,0,,¦³¹Ï¤ù,,0,,0,,D07AC17,,,,,,,,,TUB,§_,°·«Oµ¹¥I,°·«Oµ¹¥I,FLUTICASONE PROPIONATE,D07AC17,BC23773321,§_,LiquidLiquidEmulsion,TOPCRM,,,,,,,,,PH047,202303141640,35.70,46.00
EDAI,19960101,99999999,°±¥Î,Daivonex ointment,Daivonex ointment,Calcipotriol,,,TDER,DE-09-00,¥~¥Î,¾A¶q,Daivonex,«D²Õ®M,°±¥Î,,¤@¯ë¥i¥Î,¬O,¤£¥i¥ÎÃÄ¥]¾÷,,¤@¯ë,Á`¶q¶i¦ì,¾AÀ³¯g:°®Å~,,,,,,,,,,,Daivonex ointment,,,§_,¬O,,,,,,,,,¤@¯ë,¤@¯ë,,,,,,§_,99.0,,§_,§_,§_,³æ¤è,§_,¥i¥Î,¥i¥Î,¤£¥i¿i,¬O,,1.00,1.00,999.00,999.00,999,999,1,1,0,0,0,0,,µL¹Ï¤ù,,0,,0,,,,,,,,,,,TUB,§_,°·«Oµ¹¥I,°·«Oµ¹¥I,CALCIPOTRIOL,D05AX02,B020230343,§_,LiquidLiquidEmulsion,TOPOINT,,,,,,,,,PH047,202303141640,618.00,834.00
EDAIS,19960101,99999999,°±¥Î,Daivonex scalp soln 30mL,Daivonex scalp soln 30mL,Calcipotriol,EXT,,TDER,DE-09-00,¥~¥Î,¾A¶q,Daivonex,«D²Õ®M,°±¥Î¡A¥i¬dÃþ¦üÃÄ,,¤@¯ë¥i¥Î,¬O,¤£¥i¥ÎÃÄ¥]¾÷,±ø¥ó¤Uµ¹¥I,¤@¯ë,Á`¶q¶i¦ì,¾AÀ³¯g:ÀY¥Ö°®Å~,,Indication:Treatment of psoriasis vulgaris.,,¥~ Æ[:¥Õ¦â30mL¥~²~¡A »\¤l¬°ÂÅ¦â,Appearance:30mL white bottle¡A blue cap,¥i¯à·|¾É­P¥Ö½§Äo¥H¤Î¥Ö½§¬õ¸~¡A °®Å~°Ï°ìÂX¤j,Redness and swelling of skin with itching¡A skin rash¡A worsening of psoriasis.,,¥u¥Î©óªù¶E¤Î¦í°|STAT,±o½§¹çÀY¥Ö²G¾¯,Daivonex scalp soln 30mL,,,§_,¬O,,¬°¥~¥ÎÃÄ«~¡A ½Ð§½³¡¨Ï¥Î¡A ¤Å±µÄ²²´·ú©Î»~ªA,,For external use. Avoid contact with the eyes or oral consumption.,,,,,¤@¯ë,¤@¯ë,Äµ »y: ¥»«~¬°¥~¥ÎÃÄ«~¡A½Ð§½³¡¨Ï¥Î¡A¤Å±µÄ²²´·ú©Î»~ªA¡C,,,,,§_,99.0,,§_,§_,§_,³æ¤è,§_,°±¥Î,¥i¥Î,¤£¥i¿i,§_,,1.00,1.00,9.00,9.00,60,30,30,1,99.00,99.00,0,0,,¦³¹Ï¤ù,,0,,0,,D05AX02,,,,,,,,,BOT,§_,°·«Oµ¹¥I,°·«Oµ¹¥I,CALCIPOTRIOL,D05AX02,B022407343,§_,Liquid,TOPSOL,,,,,,,,,PH047,202303141640,609.00,731.00
EDAIV,20070401,99999999,¥i¥Î,Daivobet ointment 30gm,Daivobet ointment 30gm,Calcipotriol + Betamethasone,EXT,QD,TDER,DE-09-00,¥~¥Î,¾A¶q,Daivobet,«D²Õ®M,,,¤@¯ë¥i¥Î,¬O,¥i¥ÎÃÄ¥]¾÷,¥i¥Î,¤@¯ë,Á`¶q¶i¦ì,¾AÀ³¯g:´M±`©Ê¤û¥ÖÅ~,,Indication:Treatment of psoriasis vulgris,,¥~ Æ[:¥Õ¦â30g³nºÞ¡A ¬õ¦â»\¤l,Appearance:30gm white tube¡A red cap,·kÄo¡A ¼È®É©Ê§½³¡¨ë¿E¡A ¥Ö½§ª¢¡A ¬õ´³¡A ¥ú¹L±Ó©Ê,Pruritus¡A local transient irritation¡A dermatitis¡A erythema¡A photosensitivity,,¬Ò¥i¥Î,±o½§Ä_,Daivobet ointment 30gm,,,§_,¬O,,¬°¥~¥ÎÃÄ«~¡A ½Ð§½³¡¨Ï¥Î¡A ¤Å±µÄ²²´·ú©Î»~ªA,,For external use. Avoid contact with the eyes or oral consumption.,,,,,¤@¯ë,¤@¯ë,Äµ »y: ¥»«~¬°¥~¥ÎÃÄ«~¡A½Ð§½³¡¨Ï¥Î¡A¤Å±µÄ²²´·ú©Î»~ªA¡C,,,,,§_,99.0,,§_,¬O,§_,½Æ¤è,§_,¥i¥Î,¥i¥Î,¤£¥i¿i,¬O,,1.00,1.00,9.00,9.00,999,999,7,1,99.00,99.00,0,0,,¦³¹Ï¤ù,,0,,0,,D05AX52,D07AC01,D05AX02,,,,,,,TUB,,°·«Oµ¹¥I,°·«Oµ¹¥I,CALCIPOTRIOL 50MCG/GM + BETAMETHASONE 500MCG/GM,D05AX52,BC23936343,§_,LiquidLiquidEmulsion,TOPOINT,,,,,,,,,PH022,202312221651,536.00,643.00
EDDA,19960101,99999999,°±¥Î,Minirin 0.01%¡A 2.5mL Nasal Spray,Minirin 0.01%¡A 2.5mL Nasal Spray,Desmopressin,IN,,HM,HR-04-00,¥~¥Î,PFF,DDAVP,«D²Õ®M,°±¥Î,,¤@¯ë¥i¥Î,¬O,¤£¥i¥ÎÃÄ¥]¾÷,,¤@¯ë,Á`¶q¶i¦ì,¾AÀ³¯g:¥Dªv§¿±Y¯g,,Indication:Central diabetes insipidus.,,¥~ Æ[:²`¾ï¦â¥~²~¡A ¥Õ¦â»\¤l,Appearance:Dark orange bottle¡A white cap,¸¡µh¡A ÀYµh¡A »ó¥R¦å,Abdominal pain¡A headache¡A nasal congestion,,¬Ò¥i¥Î,0.01% °g§A¹ç¼Q»ó¾¯,Minirin 0.01%¡A 2.5mL Nasal S,,,§_,¬O,,½Ð¿í·ÓÂå®v«ü¥Ü¨Ï¥Î¡A ­Yµo¥Í¹L±Ó²{¶H½Ð»PÂå®vÁpµ¸,,Follow doctor's advice. Check with doctor if you notice any allergic symptoms.,,,,,¤@¯ë,¤@¯ë,Äµ »y:½Ð¿í·ÓÂå®v«ü¥Ü¨Ï¥Î¡A­Yµo¥Í¹L±Ó²{¶H½Ð»PÂå®vÁpµ¸,,»ó¼Q¾¯,,,§_,50.0,,§_,¬O,§_,³æ¤è,§_,¥i¥Î,¥i¥Î,¤£¥i¿i,¬O,,1.00,1.00,2.00,2.00,999,999,1,1,6.00,6.00,0,0,,¦³¹Ï¤ù,,0,,0,,H01BA02,,,,,,,,,BOT,§_,°·«Oµ¹¥I,°·«Oµ¹¥I,DESMOPRESSIN,H01BA02,BC21874414,§_,GasLiquidMixture,NASSPRY,,,,,,,,,PH047,202303141640,1656.00,1987.00
EDEC,20130201,99999999,¥i¥Î,Decorn solution 10mL¡A 16.7%,Decorn solution 10mL¡A 16.7%,Salicylic Acid + Lactic Acid,EXT,,TDER,DE-10-00,¥~¥Î,¾A¶q,Duofilm,«D²Õ®M,,,¤@¯ë¥i¥Î,¬O,¥i¥ÎÃÄ¥]¾÷,°·«O¤£µ¹¥I,¤@¯ë,Á`¶q¶i¦ì,¾AÀ³¯g: ¬Ð¡A Âû²´,,Indications: Warts¡A corns¡A calluses.,,¥~ Æ[: ²`¦â¬Á¼þ¥~²~¡A¶Â¦â»\¤l,Appearance: Brown glass bottle with black cap,µo¬õ¡A §½³¡¨ë¿E¡A ·kÄo¡A ¨ëµh·P¡A ¤ô·¨»Ä®ÄÀ³ (¦Õ»ï¡B·w¯t¡Bäú¤ß¡B¹Ã¦Rµ¥),Erythema¡A local irritation¡A stinging¡A tinnitus¡A dizziness¡A nausea,,¬Ò¥i¥Î,¡§¶À¤ó¡¨«g¬Ð¥~¥Î²G,Decorn solution 10mL¡A 16.7%,,,§_,¬O,,¬°¥~¥ÎÃÄ«~¡A ½Ð§½³¡¨Ï¥Î¡A ¤Å±µÄ²²´·ú©Î»~ªA,,For external use. Avoid contact with the eyes or oral consumption.,,,,,¤@¯ë,¤@¯ë,Äµ »y: ¥»«~¬°¥~¥ÎÃÄ«~¡A½Ð§½³¡¨Ï¥Î¡A¤Å±µÄ²²´·ú©Î»~ªA¡C,,,0,0,§_,99.0,,§_,¬O,§_,³æ¤è,§_,°±¥Î,°±¥Î,¤£¥i¿i,¬O,,1.00,1.00,9.00,9.00,999,999,7,1,99.00,99.00,0,0,,¦³¹Ï¤ù,,0,,0,,D01AE12,G01AD01,,,,,,,,BOT,,¤£µ¹¥I¶·¦Û¥I,¤£µ¹¥I¶·¦Û¥I,,,,§_,Liquid,TOPSOL,,,,,,,,,PH022,202312221651,0,280.00
EDEH,20150412,99999999,°±¥Î,Dehist lotion 100mL,Dehist lotion 100mL,Calamine + Diphenhydramine,EXT,,TDER,DE-10-00,¥~¥Î,¾A¶q,Calamine lotion,«D²Õ®M,°±¥Î,,¤@¯ë¥i¥Î,¬O,¥i¥ÎÃÄ¥]¾÷,,¤@¯ë,Á`¶q¶i¦ì,¾AÀ³¯g:¦¬ÀÄ¡A ¤îÄoµ¥¥Î³~,,Indication:Symptomatic relief of skin irritation & itch.,,¥~ Æ[:¥Õ¦â100mL¥~²~,Appearance:100 mL white bottle,§½³¡¨ë¿E,Local irritation,,¬Ò¥i¥Î,"¤H¤H" «O½§¬~²G,Dehist lotion 100ml,,,,¬O,,¬°¥~¥ÎÃÄ«~¡A ½Ð§½³¡¨Ï¥Î¡A ¤Å±µÄ²²´·ú©Î»~ªA,,For external use. Avoid contact with the eyes or oral consumption.,,³Æµù: ¤Å¨Ï¥Î¦b¶Ë¤f³¡¦ì¡C¨Ï¥Î«e½Ð·n¤Ã¡C,Avoid use on broken or eczematous skin. Shake well before using.,,¤@¯ë,¤@¯ë,Äµ »y: ¥»«~¬°¥~¥ÎÃÄ«~¡A½Ð§½³¡¨Ï¥Î¡A¤Å±µÄ²²´·ú©Î»~ªA¡C,,,0,0,§_,99.0,,§_,§_,§_,½Æ¤è,§_,¥i¥Î,¥i¥Î,¤£¥i¿i,§_,,1.00,1.00,9.00,9.00,999,999,7,1,99.00,99.00,0,0,,¦³¹Ï¤ù,,0,,0,,D04AA32,,,,,0,,0,,BOT,,°·«Oµ¹¥I,°·«Oµ¹¥I,CALAMINE 80MG/ML + CAMPHOR 11MG/ML + DIPHENHYDRAMINE 10MG/ML,D04AA32,A019144355,§_,LiquidLiquidEmulsion,TOPLTN,,,,,,,,,PH047,202303141640,22.80,30.00
EDERC,19960101,99999999,°±¥Î,Dermovate cream 5gm,Dermovate cream 5gm,Clobetasol,EXT,,TDER,DE-06-00,¥~¥Î,¾A¶q,Dermovate,«D²Õ®M,°±¥Î,EDERO,¤@¯ë¥i¥Î,¬O,¤£¥i¥ÎÃÄ¥]¾÷,,¤@¯ë,Á`¶q¶i¦ì,¾AÀ³¯g:¥Dªv°®Å~¡B«ó¥­­aÅ~¡B¥Ö½§·kÄoµ¥¹L±Ó¯gª¬,,Indications:psoriasis¡A recalcitrant eczema¡A lichen planus.,,¥~ Æ[:¥Õ¦â5gm³nºÞ¡A©³³¡¬°ºñ¦â,,¥Ö½§°_¤ôªw¡BµoÄo¡B¨`¼ö·P¡B±Ó·P©Ê¼W¥[¡B¶Ë¤fÂ¡¦X®t,Blisters¡A burning¡A itching of skin¡A increased skin sensitivity¡A lack of healing,,¥u¥Î©óªù¶E¤Î¦í°|STAT,À¹¼¯½§³n»I,Dermovate cream 5gm,,,§_,¬O,,,,,,,,,¤@¯ë,¤@¯ë,Äµ »y: ¥»«~¬°¥~¥ÎÃÄ«~¡A½Ð§½³¡¨Ï¥Î¡A¤Å±µÄ²²´·ú©Î»~ªA¡C,,,,,§_,99.0,,§_,§_,§_,³æ¤è,§_,¥i¥Î,¥i¥Î,¤£¥i¿i,¬O,,1.00,1.00,999.00,999.00,999,999,7,1,0,0,0,0,,µL¹Ï¤ù,,0,,0,,,,,,,,,,,TUB,§_,°·«Oµ¹¥I,°·«Oµ¹¥I,CLOBETASOL PROPIONATE,D07AD01,B023839321,§_,LiquidLiquidEmulsion,TOPCRM,,,,,,,,,PH047,202303141640,38.80,49.00
EDERO,20110623,99999999,°±¥Î,Dermovate ointment 0.05% 5gm,Dermovate ointment 0.05% 5gm,Clobetasol,EXT,,TDER,DE-06-00,¥~¥Î,¾A¶q,Dermovate,«D²Õ®M,°±¥Î,ECLOO,¤@¯ë¥i¥Î,¬O,¤£¥i¥ÎÃÄ¥]¾÷,,¤@¯ë,Á`¶q¶i¦ì,¾AÀ³¯g:¥Dªv°®Å~¡A «ó¥­­aÅ~¡A ¥Ö½§·kÄoµ¥¹L±Ó¯gª¬,,Indication:Psoriasis¡A recalcitrant eczema¡A lichen planus.,,¥~ Æ[:5gm³nºÞ,Apperance:5gm tube,¥Ö½§°_¤ôªw¡A µoÄo¡A ¨`¼ö·P¡A ±Ó·P©Ê¼W¥[¡A ¶Ë¤fÂ¡¦X®t,Blisters¡A burning¡A itching of skin¡A increased skin sensitivity¡A lack of healing,,¥u¥Î©óªù¶E¤Î¦í°|STAT,À¹¼¯½§³n»I,Dermovate ointment 0.05% 5g,,,§_,¬O,,¬°¥~¥ÎÃÄ«~¡A ½Ð§½³¡¨Ï¥Î¡A ¤Å±µÄ²²´·ú©Î»~ªA,,For external use. Avoid contact with the eyes or oral consumption.,,,,,¤@¯ë,¤@¯ë,Äµ »y: ¥»«~¬°¥~¥ÎÃÄ«~¡A½Ð§½³¡¨Ï¥Î¡A¤Å±µÄ²²´·ú©Î»~ªA¡C,,,,,§_,99.0,,§_,§_,§_,³æ¤è,§_,°±¥Î,¥i¥Î,¤£¥i¿i,¬O,,1.00,1.00,9.00,9.00,999,999,7,1,99.00,99.00,0,0,,¦³¹Ï¤ù,,0,,0,,D07AD01,,,,,,,,,TUB,,°·«Oµ¹¥I,°·«Oµ¹¥I,CLOBETASOL PROPIONATE,D07AD01,B023840321,§_,LiquidLiquidEmulsion,TOPOINT,,,,,,,,,PH047,202303141640,15.90,21.00
EDEV,20101216,99999999,¥i¥Î,Devirus 4.5gm ophthalmic ointment,Devirus 4.5gm ophthalmic ointment,Acyclovir,OU,,TOPH,OP-01-00,¥~¥Î,¾A¶q,Zovirax,«D²Õ®M,,,¤@¯ë¥i¥Î,¬O,¥i¥ÎÃÄ¥]¾÷,­­¥Î,¤@¯ë,Á`¶q¶i¦ì,¾AÀ³¯g:¥Dªv³æ¯Â¯p¯l©Ê¨¤½¤ª¢,,Indication:Treat herpes simplex keratitis.,,¥~ Æ[:²Lºñ¦â¥Õ¦â¬Û¶¡³nºÞ,Appearance:Light green/white tube,µø¤O¼Ò½k¡A ²´·ú¨ëµh,Blurred vision¡A eye irritation,,¬Ò¥i¥Î,¤O§J²´¥Î³n»I,Devirus oph oint 4.5gm,,,§_,¬O,,­Yµo¥ÍÄY­«¹L±Ó©Îµo¯lµ¥¤£¾A¯gª¬¡A À³§Y°±ÃÄ¨Ã½Ð±ÐÂå®v,,Report to doctor¡A if any severe hypersensitivity or skin rash occur.,,,,,¤@¯ë,¤@¯ë,Äµ »y: ­Yµo¥ÍÄY­«¹L±Ó©Îµo¯lµ¥¤£¾A¯gª¬¡AÀ³§Y°±ÃÄ¨Ã½Ð±ÐÂå®v,,,,,§_,99.0,,§_,¬O,§_,³æ¤è,§_,°±¥Î,°±¥Î,¤£¥i¿i,¬O,,1.00,1.00,9.00,9.00,999,999,1,1,99.00,99.00,0,0,,¦³¹Ï¤ù,,0,,0,,S01AD03,,,,,,,,,TUB,,°·«Oµ¹¥I,°·«Oµ¹¥I,ACYCLOVIR,S01AD03,AC49558420,§_,LiquidLiquidEmulsion,OPOINT,,,,,,,,,PH073,202403201150,397.00,476.00
EDEX,19960101,99999999,°±¥Î,Dexaltin(¤f¤º»I)0.1% 5gm,Dexaltin oral paste 0.1% 5gm,Dexamethasone,TOPI,,TENT,EN-03-00,¥~¥Î,¾A¶q,Kenalog,«D²Õ®M,°±¥Î,EDEX2,¤@¯ë¥i¥Î,¬O,¤£¥i¥ÎÃÄ¥]¾÷,¥i¥Î,¤@¯ë,Á`¶q¶i¦ì,¾AÀ³¯g:¥Dªv¤f¤ºª¢©Î¦Þª¢,,Indications:Intractable stomatitis or glossitis.,,¥~ Æ[:¥Õ¦â5gm³nºÞ¡A µµ¦â¦r¼Ë,Appearance:5gm white tube,¤fµÄÅðµß©Î²Óµß·P¬V¡A ¹L±Ó©Ê¤ÏÀ³,Fungal or bacterial infection of the oral cavity; hypersensitivity,,¥u¥Î©óªù¶E¤Î¦í°|STAT,¤fª¢¹ç¤f¤º»I,Dexaltin oral paste 0.1% 5g,,,§_,¬O,,¥ÎÃÄ«áµu®É¶¡¤º½ÐÁ×§K¶i­¹¡A ¨Ã¤Åªø´Á³sÄò¨Ï¥Î,,Avoid eating within half hour after using medication.,Not for long tern use.,,,,¤@¯ë,¤@¯ë,Äµ »y:¥ÎÃÄ«áµu®É¶¡¤º½ÐÁ×§K¶i­¹¡A ¨Ã¤Åªø´Á³sÄò¨Ï¥Î,,,,,§_,99.0,,§_,§_,§_,³æ¤è,§_,¥i¥Î,¥i¥Î,¤£¥i¿i,§_,,1.00,1.00,9.00,9.00,999,999,7,1,99.00,99.00,0,0,,¦³¹Ï¤ù,,0,,0,,A01AC02,,,,,,,,,TUB,§_,°·«Oµ¹¥I,°·«Oµ¹¥I,DEXAMETHASONE,A01AC02,BC19122421,§_,LiquidSolidSuspension,TOPGEL,,,,,,,,,PH047,202303141640,35.60,46.00
EDEX2,20160316,99999999,°±¥Î,Dexaltin(¤f¤º»I) 0.1%¡A 2gm,Dexaltin oral paste 0.1%¡A 2gm,Dexamethasone,TOPI,,TENT,EN-03-00,¥~¥Î,¾A¶q,Kenalog,«D²Õ®M,°±¥Î,EDEXO,¤@¯ë¥i¥Î,¬O,¥i¥ÎÃÄ¥]¾÷,,¤@¯ë,Á`¶q¶i¦ì,¾AÀ³¯g:¥Dªv¤f¤ºª¢©Î¦Þª¢,,Indications:Intractable stomatitis or glossitis.,,¥~ Æ[:¥Õ¦â2gm³nºÞ¡A µµ¦â¦r¼Ë,Appearance:2gm white tube,¤fµÄÅðµß©Î²Óµß·P¬V¡A ¹L±Ó©Ê¤ÏÀ³,Fungal or bacterial infection of the oral cavity; hypersensitivity,,¥u¥Î©óªù¶E¤Î¦í°|STAT,¤fª¢¹ç¤f¤º»I,Dexaltin oral paste 0.1% 2g,,,,¬O,,¥ÎÃÄ«áµu®É¶¡¤º½ÐÁ×§K¶i­¹¡A ¨Ã¤Åªø´Á³sÄò¨Ï¥Î,,Avoid eating within half hour after using medication.,Not for long tern use.,,,,¤@¯ë,¤@¯ë,Äµ »y:¥ÎÃÄ«áµu®É¶¡¤º½ÐÁ×§K¶i­¹¡A ¨Ã¤Åªø´Á³sÄò¨Ï¥Î,,¤f¤º»I,0,0,§_,99.0,,§_,§_,§_,³æ¤è,§_,¥i¥Î,¥i¥Î,¤£¥i¿i,§_,,1.00,1.00,9.00,9.00,999,999,7,1,99.00,99.00,0,0,,¦³¹Ï¤ù,,0,,0,,A01AC02,,,,,0,,0,,TUB,§_,°·«Oµ¹¥I,°·«Oµ¹¥I,DEXAMETHASONE,A01AC02,BC19122412,,LiquidLiquidEmulsion,ORCRM,,,,,,,,,PH047,202303141640,31.80,41.00
EDEXO,20161023,99999999,¥i¥Î,Dexa orabase 0.1%¡A 5gm,Dexa orabase 0.1%¡A 5gm,Dexamethasone,TOPI,,TENT,EN-03-00,¥~¥Î,¾A¶q,Dexaltin,«D²Õ®M,,,¤@¯ë¥i¥Î,¬O,¥i¥ÎÃÄ¥]¾÷,¥i¥Î,¤@¯ë,Á`¶q¶i¦ì,¾AÀ³¯g:¥Dªv¤f¤ºª¢©Î¦Þª¢,,Indications:Intractable stomatitis or glossitis.,,¥~ Æ[:¥Õ¦â/ºñ¦â 5gm³nºÞ,Appearance:5gm white/green tube,¤fµÄÅðµß©Î²Óµß·P¬V¡A ¹L±Ó©Ê¤ÏÀ³,Fungal or bacterial infection of the oral cavity; hypersensitivity,,¬Ò¥i¥Î,±oµÎ¤f¤º»I,Dexa orabase 0.1%¡A 5gm,,,,¬O,,¥ÎÃÄ«áµu®É¶¡¤º½ÐÁ×§K¶i­¹¡A ¨Ã¤Åªø´Á³sÄò¨Ï¥Î,,Avoid eating within half hour after using medication.,Not for long tern use.,,,,¤@¯ë,¤@¯ë,Äµ »y:¥ÎÃÄ«áµu®É¶¡¤º½ÐÁ×§K¶i­¹¡A ¨Ã¤Åªø´Á³sÄò¨Ï¥Î,,,0,0,§_,99.0,,§_,¬O,§_,³æ¤è,§_,¥i¥Î,¥i¥Î,¤£¥i¿i,¬O,,1.00,1.00,9.00,9.00,999,999,7,1,99.00,99.00,0,0,,¦³¹Ï¤ù,,0,,0,,A01AC02,,,,,0,,0,,TUB,§_,°·«Oµ¹¥I,°·«Oµ¹¥I,DEXAMETHASONE,A01AC02,AC42271421,,LiquidLiquidEmulsion,ORCRM,,,,,,,,,PH022,202312221652,32.80,43.00
EDHEP,20211217,99999999,¥i¥Î,Deherp cream 5%¡A 5gm,Deherp cream 5%¡A 5gm,Acyclovir,EXT,Q4H,TDER,DE-04-00,¥~¥Î,¾A¶q,Zovirax,«D²Õ®M,,,¤@¯ë¥i¥Î,¬O,¥i¥ÎÃÄ¥]¾÷,±ø¥ó¤Uµ¹¥I,¤@¯ë,Á`¶q¶i¦ì,¾AÀ³¯g:³æ¯Â¯p¯l¯f¬r¤Þ°_¤§¥Ö½§·P¬V,,Indication:Treat herpes simplex virus infection.,,¥~ Æ[:5¤½§J¾TºÞ¥]¸Ë,Appearance:5gm tube,¼È®É©Ê¨`¼ö¨ë¿E¡A »´·L°®Àê,Transient burning or stinging¡A mild drying,,¬Ò¥i¥Î,ž\¹ç¨Å»I5%,Deherp cream 5%¡A 5gm,,,,¬O,,¬°¥~¥ÎÃÄ«~¡A ½Ð§½³¡¨Ï¥Î¡A ¤Å±µÄ²²´·ú©Î»~ªA,,For external use. Avoid contact with the eyes or oral consumption.,,¶îÀ¿ÃÄ»I«e«á½Ð¬~¤â¡C,Wash your hands before and after use.,2021/12 [EVIRL]¯Ê³f´À¥N,¤@¯ë,¤@¯ë,Äµ »y: ¥»«~¬°¥~¥ÎÃÄ«~¡A½Ð§½³¡¨Ï¥Î¡A¤Å±µÄ²²´·ú©Î»~ªA¡C,,¨Å»I,0,0,§_,99.0,,§_,¬O,§_,³æ¤è,§_,°±¥Î,°±¥Î,¤£¥i¿i,¬O,,1.00,1.00,9.00,9.00,99,99,5,1,99.00,99.00,0,0,,¦³¹Ï¤ù,,0,,0,,D06BB03,,,,,0,,0,,TUB,§_,°·«Oµ¹¥I,°·«Oµ¹¥I,ACYCLOVIR,D06BB03,AB38288321,§_,LiquidLiquidEmulsion,TOPCRM,,,0,,0,,,,PH047,202402121351,40.40,53.00
EDIF,20130916,99999999,¥i¥Î,Difflam forte 3mg/mL¡A 15mL,Difflam forte 3mg/mL¡A 15mL,Benzydamine,ORO,,CNEU,CN-01-02,¥~¥Î,PFF,Difflam Throat Spray,«D²Õ®M,,,¤@¯ë¥i¥Î,¬O,¥i¥ÎÃÄ¥]¾÷,°·«O¤£µ¹¥I,¤@¯ë,Á`¶q¶i¦ì,¾AÀ³¯g:ÓV¸Ñ¤fµÄ¤Î«|³ï¯kµh¡A ¤fµÄ¤Î¤ú©P¤â³N«á¯kµh,,Indication:Relief of painful conditions of the mouth &,throat¡A post orosurgical & periodontal procedures.,¥~ Æ[:¥Õ¦â¥~²~ºñ¦â¼Q»\,Appearance:White bottle¡A green cap,¤fµÄ°®Àê¡A ¤f´÷¡A ¨ëµh¡A ¤fµÄµo¼ö¡A ¨ýÄ±§ïÅÜ,Oral numbness; dryness or thirst¡A tingling¡A warm feeling in mouth¡A altered sense,,¬Ò¥i¥Î,±o¥ñ¹ç,Difflam forte 3mg/mL¡A 15mL,,,§_,¬O,,¦p¥ÎÃÄ«á¥X²{³ïµh¡B¤fµÄÂH½¤¼ìÄê¡B¥Ö¯lµ¥¯gª¬¡A¥ß§Y°±ÃÄ¦^¶E,,If signs of sore throat¡A mouth ulcers or skin rash occur¡A please consult doctor,,,,,¤@¯ë,¤@¯ë,Äµ »y:½Ð¿í·ÓÂå®v«ü¥Ü¨Ï¥Î¡A­Yµo¥ÍºÃ¦üÃÄª«¤£¨}¤ÏÀ³½Ð§iª¾Âå¥Í¡C,,,0,0,§_,180.0,,§_,¬O,§_,³æ¤è,§_,°±¥Î,°±¥Î,¤£¥i¿i,¬O,,1.00,1.00,4.00,4.00,999,999,7,7,24.00,24.00,0,0,,¦³¹Ï¤ù,,0,,0,,A01AD02,,,,,,,,,BOT,,¤£µ¹¥I¶·¦Û¥I,¤£µ¹¥I¶·¦Û¥I,,,,§_,AdministrableDrugForm,SPRY,,,,,,,,,PH022,202312221652,0,320.00
EDIFF,20200311,99999999,¥i¥Î,Differin gel 0.1%¡A 15gm,Differin gel 0.1%¡A 15gm,Adapalene,EXT,,TDER,DE-07-00,¥~¥Î,¾A¶q,Acure (Úµ½H¾®½¦),«D²Õ®M,,,¤@¯ë¥i¥Î,¬O,¥i¥ÎÃÄ¥]¾÷,¥i¥Î,¤@¯ë,Á`¶q¶i¦ì,¾AÀ³¯g:ªvÀø´M±`©ÊÚµ½H(«C¬Kµk¡B¯»¨ë),,Indication:Treatment of acne vulgaris.,,¥~ Æ[:ÂÅ¥Õ¦â³nºÞ,Appearance:White/blue tube,¥Ö½§¨`¼ö¡A ¨ëµh·P¡A °®Àê¡A ²æ¥Ö¡A Äo¡A ÅÜ¬õ,Burning sensation¡A staining¡A dryness¡A peeling or itching of the skin,,¬Ò¥i¥Î,µk½§¼í¾®½¦0.1¢H,Differin gel 0.1%¡A 15gm,,,,¬O,,¥¥°ü¸T¤î¨Ï¥Î¥»ÃÄ«~¡A ¤Å±µÄ²²´¡B¤f©Î»óµÄ¡A ¨ÃÁ×§K¤éÅÎ,,Avoid during pregnancy. For external use; avoid exposure to sunlight.,,³Æµù: ªvÀø´Á¶¡À³°µ¦n¨¾ÅÎ±¹¬I,Avoid exposure to sunlight or UV light.,,¤@¯ë,¤@¯ë,Äµ »y:¥¥°ü¸T¤î¨Ï¥Î¥»ÃÄ«~¡A¤Å±µÄ²²´¡B¤f©Î»óµÄ¡A¨ÃÁ×§K¤éÅÎ,,,0,0,§_,99.0,,§_,¬O,§_,³æ¤è,§_,¥i¥Î,¥i¥Î,¤£¥i¿i,¬O,,1.00,1.00,9.00,9.00,30,30,7,7,99.00,99.00,0,0,,¦³¹Ï¤ù,,0,,0,,D10AD03,,,,,0,,0,,TUB,,°·«Oµ¹¥I,°·«Oµ¹¥I,ADAPALENE,D10AD03,BC22587335,§_,LiquidSolidSuspension,TOPGEL,,,0,,0,mL,,,PH047,202402121357,65.00,81.00
EDIP,19960101,99999999,°±¥Î,Diprogenta cream 5gm,Diprogenta cream 5gm,Betamethasone + Gentamicin,EXT,,TDER,DE-05-00,¥~¥Î,¾A¶q,Diprogenta,«D²Õ®M,°±¥Î,,¤@¯ë¥i¥Î,¬O,¤£¥i¥ÎÃÄ¥]¾÷,°·«O¤£µ¹¥I,¤@¯ë,Á`¶q¶i¦ì,¾AÀ³¯g:¥Dªv¥Ö½§·kÄo¡A ±µÄ²©Ê¥Ö½§ª¢µ¥¹L±Ó¯gª¬,,Indications:Contact dermatitis or skin itching,,¥~ Æ[:¥Õ¦â5gm³nºÞ¡A ³nºÞ¤@­±¦³¬õ¦âªø¤è§Î,Appearance:5gm white tube,¿N¨`·P¡A ¥Ö½§°®¡A ¥Ö½§¨ë¿E¡A ¥Ö½§Äo¡A ¥Ö½§¬õ,Burning¡A dryness¡A irritation¡A itching¡A redness of skin¡A skin rash,,¥u¥Î©óªù¶E¤Î¦í°|STAT,«Ò´¶°·¨Å»I,Diprogenta cream 5gm,,,§_,¬O,,¬°¥~¥ÎÃÄ«~¡A ½Ð§½³¡¨Ï¥Î¡A ¤Å±µÄ²²´·ú©Î»~ªA,,For external use. Avoid contact with the eyes or oral consumption.,,,,105-4 ÃÄ©e·|¨MÄ³§R°£,¤@¯ë,¤@¯ë,Äµ »y: ¥»«~¬°¥~¥ÎÃÄ«~¡A½Ð§½³¡¨Ï¥Î¡A¤Å±µÄ²²´·ú©Î»~ªA¡C,,,,,§_,99.0,,¬O,§_,§_,³æ¤è,§_,°±¥Î,¥i¥Î,¤£¥i¿i,§_,,1.00,1.00,9.00,9.00,999,999,7,1,99.00,99.00,0,0,,¦³¹Ï¤ù,,0,,0,,D07CC01,,,,,,,,,TUB,§_,¤£µ¹¥I¶·¦Û¥I,¤£µ¹¥I¶·¦Û¥I,,,,§_,LiquidLiquidEmulsion,TOPCRM,,,,,,,,,PH047,202303141641,0,100.00
EDIV,20130703,99999999,°±¥Î,Divigel 0.1% gel,Divigel 0.1% gel,Estradiol,EXT,QD,HM,HR-03-02,¥~¥Î,PK,,«D²Õ®M,°±¥Î,,¤@¯ë¥i¥Î,¬O,¥i¥ÎÃÄ¥]¾÷,¥i¥Î,¤@¯ë,Á`¶q¶i¦ì,¾AÀ³¯g:¤k©Ê²üº¸»X¯Ê¥F¯g,,Indication:Treatment of estrogen deficiency.,,¥~ Æ[:1¤½§J¾Tºä³U¸Ë,Appearance:Each pouch contains one patch,ÀYµh¡A¯Ýµh¡Aäú¤ß¡B¹Ã¦R¡A¤£³W«h³±¹D¥X¦å©Î´³ÂI,headache¡Abreast pain¡Anausea¡A vomiting¡Airregular vaginal bleeding or spotting,,¬Ò¥i¥Î,­}ºûµÎ¾®½¦,Divigel 0.1% gel,,,§_,¬O,,¤£À³¶î©Ù©óÁy¡A¨Å©Ð¤Î¸û±Ó·Pªº¥Ö½§¤W,,Do not apply Divigel to your face¡A breast¡A or irritated skin,,¶î©Ù«áÀ³µ¥«Ý¼Æ¤ÀÄÁÅý¾®½¦ÅÜ°®¡A¤@¤p®É¤º¤£©y¥H²M¤ô¨R¬~¶î©Ù³B,The application site should not be washed within one hour after using the gel.,102¦~²Ä¥|¦¸ÃÄ©e·|¨MÄ³¡A¨Ï¥Î¦Ü103¦~7¤ë©³§R°£,¤@¯ë,¤@¯ë,,,,0,0,§_,1.0,,§_,§_,§_,³æ¤è,§_,°±¥Î,¥i¥Î,¤£¥i¿i,¬O,,1.00,1.00,9.00,9.00,999,999,7,1,2.00,2.00,0,0,,¦³¹Ï¤ù,,0,,0,,G03CA03,,,,,,,,,PK,,°·«Oµ¹¥I,°·«Oµ¹¥I,ESTRADIOL,G03CA03,B024585309,§_,,,,,,,,,,,PH047,202303141641,7.50,11.00
EDOB,19960101,99999999,°±¥Î,Dobell's soln,Dobell's soln,Sod Borate + Glycerin + Liq Phenol,G,,TENT,EN-03-00,¥~¥Î,ML,Dobell's Soln,«D²Õ®M,°±¥Î,EPAR,¤@¯ë¥i¥Î,¬O,¤£¥i¥ÎÃÄ¥]¾÷,,¤@¯ë,Á`¶q¶i¦ì,¾AÀ³¯g:¤fµÄ©Î«|³ïµoª¢,,,,,,,,,,,Dobell's soln,,,§_,¬O,,,,,,,,,¤@¯ë,¤@¯ë,Äµ »y: ­Yµo¥ÍÄY­«¹L±Ó©Îµo¯lµ¥¤£¾A¯gª¬¡AÀ³§Y°±ÃÄ¨Ã½Ð±ÐÂå®v,,,,,§_,1.0,,§_,§_,§_,³æ¤è,§_,°±¥Î,¥i¥Î,¤£¥i¿i,¬O,,1.00,1.00,999.00,999.00,999,999,1,1,0,0,0,0,,µL¹Ï¤ù,,0,,0,,,,,,,,,,,CC,§_,¤£µ¹¥I¶·¦Û¥I,¤£µ¹¥I¶·¦Û¥I,,,,§_,Liquid,RINSE,,,,,,,,,PH047,202303141641,0,0.50
EDUA,20011004,99999999,°±¥Î,Duasma MDI 200mcg/puff,Duasma MDI 200mcg/puff,Budesonide,IH,,ERSP,RE-03-00,¥~¥Î,PFF,Pulmicort,«D²Õ®M,°±¥Î,,¤w°±¥Î,¬O,¤£¥i¥ÎÃÄ¥]¾÷,¥i¥Î,¤@¯ë,Á`¶q¶i¦ì,¾AÀ³¯g:¤ä®ðºÞ®ð³Ý,,,,,,Ãþ·P«_¯gª¬¡A«y¹Â¡AÁn­µ¼R°×¡A¤f°®©Î³ïÄV°®¡AÀYµh,flu-like symptoms; cough; hoarseness; dryness of mouth or throat; headac,,¬Ò¥i¥Î,,Duasma MDI 200mcg/puff,,,§_,¬O,,,,,,,,,¤@¯ë,¤@¯ë,Äµ »y:§l¤J¾¯¡A¨Ï¥Î«á©yº¤¤f,,,,,§_,300.0,,§_,§_,§_,³æ¤è,§_,°±¥Î,¥i¥Î,¤£¥i¿i,¬O,,1.00,1.00,4.00,4.00,60,30,30,1,0,0,0,0,,µL¹Ï¤ù,,0,,0,,,,,,,,,,,SET,§_,°·«Oµ¹¥I,°·«Oµ¹¥I,BUDESONIDE,R03BA02,A043323151,§_,GasSolidSpray,MDINHLPWD,,,,,,,,,PH047,202303141641,851.00,1021.00
EDUA2,20020725,99999999,°±¥Î,Duasma MDI 200mcg/puff,Duasma MDI 200mcg/puff,Budesonide,IH,,ERSP,RE-03-00,¥~¥Î,PFF,Pulmicort,«D²Õ®M,°±¥Î¡A¥i¬dÃþ¦üÃÄ,,¤w°±¥Î,¬O,¤£¥i¥ÎÃÄ¥]¾÷,¥i¥Î,¤@¯ë,Á`¶q¶i¦ì,¾AÀ³¯g:¤ä®ðºÞª¢¡A ®ð³Ý,,Indications:Treat symptoms of asthma¡A bronchitis.,,¥~ Æ[:²H´Ä¦â¥Õ¦â¬Û¶¡¥~²°,Appearance:Light brown/white box,Ãþ·P«_¯gª¬¡A «y¹Â¡A Án­µ¼R°×¡A ¤f°®©Î³ïÄV°®¡A ÀYµh,Flu-like symptoms; cough; hoarseness; dryness of mouth or throat; headac,,¥u¥Î©óªù¶E¤Î¦í°|STAT,«ÒµÎº¡©w¶q¼QÃú²G,Duasma MDI 200mcg/puff,,,§_,¬O,,§l¤J¾¯¡A ¨Ï¥Î«á©yº¤¤f,,For inhalation only. Gargle after using.,,,,,¤@¯ë,¤@¯ë,Äµ »y:§l¤J¾¯¡A¨Ï¥Î«á©yº¤¤f,,,,,§_,200.0,,§_,§_,§_,³æ¤è,§_,°±¥Î,¥i¥Î,¤£¥i¿i,§_,,1.00,1.00,4.00,4.00,60,30,30,1,0,0,0,0,,¦³¹Ï¤ù,,0,,0,,R01AD05,,,,,,,,,SET,§_,°·«Oµ¹¥I,°·«Oµ¹¥I,BUDESONIDE,R03BA02,AC43323145,§_,GasSolidSpray,MDINHLPWD,,,,,,,,,PH047,202303141641,394.00,473.00
EDUAC,20070907,99999999,°±¥Î,Duac gel 6gm,Duac gel 6gm,Clindamycin + Benzoyl Peroxide,EXT,HS,TDER,DE-07-00,¥~¥Î,¾A¶q,Duac,«D²Õ®M,°±¥Î¡A¥i¬dÃþ¦üÃÄ,,¤w°±¥Î,¬O,¤£¥i¥ÎÃÄ¥]¾÷,°·«O¤£µ¹¥I,¤@¯ë,Á`¶q¶i¦ì,¾AÀ³¯g:µoª¢©ÊÚµ½H,,Indications:Acne vulgaris.,,¥~ Æ[:6 §J³n»IºÞ,Appearance:6gm tube,¨ëµh·P¡A ¬õ¸~¨`¼ö·P¡A ²æ¥Ö,Stinging¡A burning or redness¡A peeling.,,¬Ò¥i¥Î,µk«g¾®½¦,Duac gel 6gm,,,§_,¬O,,¬°¥~¥ÎÃÄ«~¡A ½Ð§½³¡¨Ï¥Î¡A ¤Å±µÄ²²´·ú©Î»~ªA,Àx¦s¤Å¶W¹L25«×C¡A,For external use. Avoid contact with the eyes or oral consumption.,Store under 25¢XC.,½Ð¨Ì·Ó«ü¥Ü´Á­­¤º¨Ï¥Î¡A «ØÄ³ÃÄ«~¶}«Ê¤G­Ó¤ë«á¤£À³¦A¥Î,Follow doctor's advice. Use within 2 months after opening package.,,¤@¯ë,¤@¯ë,Äµ »y: ¥»«~¬°¥~¥ÎÃÄ«~¡A½Ð§½³¡¨Ï¥Î¡A¤Å±µÄ²²´·ú©Î»~ªA¡C,,,,,§_,99.0,,§_,§_,§_,½Æ¤è,§_,¥i¥Î,¥i¥Î,¤£¥i¿i,¬O,,1.00,1.00,99.00,99.00,99,99,1,1,0,0,0,0,,¦³¹Ï¤ù,,0,,0,,D10AE51,,,,,,,,,TUB,,¤£µ¹¥I¶·¦Û¥I,¤£µ¹¥I¶·¦Û¥I,,,,§_,LiquidSolidSuspension,TOPGEL,,,,,,,,,PH047,202303141641,0,450.00
EDUAH,20231229,99999999,¥i¥Î,Duasma HFA Inhaler 200mcg/puff¡A 200 puffs,Duasma HFA Inhaler 200mcg/puff¡A 200 puffs,Budesonide,IH,BID,ERSP,RE-03-00,¥~¥Î,PFF,,«D²Õ®M,,,¤@¯ë¥i¥Î,¬O,¥i¥ÎÃÄ¥]¾÷,±ø¥ó¤Uµ¹¥I,¤@¯ë,Á`¶q¶i¦ì,¾AÀ³¯g: ¤ä®ðºÞ®ð³Ý¡C,,Indication: Bronchial asthma.,,¥~ Æ[: »È¦â¾TÅø¡B´Ä¦â»\¤l,Appearance: Silver aluminum can with a brown cap.,³ï³¡»´·L¨ë¿E¡B«y¹Â¡BÁn­µ¨F°×¡BÀYµh¡B©I§l¹D·P¬V¡C,Throat irritation¡A cough¡A hoarseness¡A headache¡A respiratory tract infection.,,¬Ò¥i¥Î,«ÒµÎº¡©w¶q¼QÃú¾¯,Duasma HFA Inhaler 200mcg,,,,¬O,,Äµ»y:§l¤J¾¯¡A¨Ï¥Î«á©yº¤¤f,À³«O¦s©ó30¢J¥H¤U¡C,Precaution: For inhalation¡A gargle the mouth after use.,Store below 30¢XC.,¨C¦¸¨Ï¥Î«e¥²¶·¥R¤À·n°Ê¼QÃú¾¹¡C,Shake the inhaler well before each use.,202312 Pulmicort Turbuhaler°±²£´À¥N,¤@¯ë,¤@¯ë,Äµ »y:§l¤J¾¯¡A¨Ï¥Î«á©yº¤¤f,,,0,0,§_,200.0,,§_,¬O,§_,³æ¤è,¬O,¥i¥Î,¥i¥Î,¤£¥i¿i,¬O,,1.00,1.00,4.00,4.00,999,999,28,28,8.00,8.00,0,0,,¦³¹Ï¤ù,,0,,0,,R03BA02,,,,,0.20,mg,0.80,mg,SET,,°·«Oµ¹¥I,°·«Oµ¹¥I,BUDESONIDE,R03BA02,AA57770145,§_,GasLiquidMixture,MDINHL,,,0,,0,,,,PH047,202402140703,342.00,410.00
EDUL,19960101,99999999,°±¥Î,Dulcolax ®ê¾¯ 10mg,Dulcolax 10mg suppository,Bisacodyl,RECT,,ALIM,GI-03-00,¥~¥Î,SUP,Dulcolax,«D²Õ®M,°±¥Î,EBIS,¤@¯ë¥i¥Î,¬O,¥i¥ÎÃÄ¥]¾÷,,¤@¯ë,Á`¶q¶i¦ì,¾AÀ³¯g:«K¯µ©ÎÀË¬d«e¥ÎÃÄ,,Indications:Constipation¡Abefore the examination use,,¥~ Æ[:»È¦â¾Tºä¥]¸Ë,Appearance:White suppository,ª½¸z¥X¦å¡A °_¤ôªw¡A ¨`¼ö·P¡A Äo,Rectal bleeding¡A blistering¡A burning¡A itching,,,¼Ö¥iµÎ®ê¾¯,Dulcolax 10mg suppository,,,§_,¬O,,¨zªù®ê¾¯½Ð¸m©ó25¢J¥H¤UÀx¦s¡A ¨Ã©ó­é¥~¥]¸Ë«á¨Ï¥Î,,Anal suppository. Store under 25¢XC in a dry place.,,,,,¤@¯ë,¤@¯ë,Äµ »y:¨zªù®ê¾¯½Ð¸m©ó25¢J¥H¤UÀx¦s¡A ¨Ã©ó­é¥~¥]¸Ë«á¨Ï¥Î,LA ¥~Æ[¬Û¦ü,,,,§_,1.0,,¬O,§_,§_,³æ¤è,§_,°±¥Î,¥i¥Î,¤£¥i¿i,¬O,,1.00,1.00,3.00,3.00,999,999,1,1,4.00,4.00,0,0,,¦³¹Ï¤ù,,0,,0,,A06AB02,,,,,,,,,SUP,§_,°·«Oµ¹¥I,°·«Oµ¹¥I,BISACODYL,A06AB02,B022441500,§_,SolidDrugForm,RECSUPP,,,,,,,,,PH047,202303141641,3.73,6.00
EDUO,19960101,99999999,°±¥Î,Duofilm 15mL,Duofilm 15mL,Salicylic Acid + Lactic Acid,EXT,,TDER,DE-10-00,¥~¥Î,¾A¶q,Duofilm,«D²Õ®M,°±¥Î,EDEC,¤@¯ë¥i¥Î,¬O,¤£¥i¥ÎÃÄ¥]¾÷,,¤@¯ë,Á`¶q¶i¦ì,¾AÀ³¯g:¬Ð¡A Âû²´,,Indications:Warts¡A corns¡A calluses.,,¥~ Æ[:²`¦â¥~²~¡A¨Å¥Õ¦â»\¤l,Appearance:Blue/white box,¨`¼ö·P¡A µo¬õ¡A §½³¡¨ë¿E¡A ·kÄo¡A ¨ëµh·P,Burning¡A erythema¡A local irritation¡A pruritus¡A stinging,,¥u¥Î©óªù¶E¤Î¦í°|STAT,ªv¬Ð²G,Duofilm 15mL,,,§_,¬O,,¬°¥~¥ÎÃÄ«~¡A ½Ð§½³¡¨Ï¥Î¡A ¤Å±µÄ²²´·ú©Î»~ªA,,For external use. Avoid contact with the eyes or oral consumption.,,,,,¤@¯ë,¤@¯ë,Äµ »y: ¥»«~¬°¥~¥ÎÃÄ«~¡A½Ð§½³¡¨Ï¥Î¡A¤Å±µÄ²²´·ú©Î»~ªA¡C,,,,,§_,99.0,,§_,§_,§_,³æ¤è,§_,¥i¥Î,¥i¥Î,¤£¥i¿i,§_,,1.00,1.00,9.00,9.00,999,999,7,1,99.00,99.00,0,0,,¦³¹Ï¤ù,,0,,0,,D01AE12,G01AD01,,,,,,,,BOT,§_,°·«Oµ¹¥I,°·«Oµ¹¥I,SALICYLIC ACID 16.7 %(W/W) + LACTIC ACID 15 %(W/W),D11AF,B017603335,§_,Liquid,TOPSOL,,,,,,,,,PH047,202303141641,185.00,222.00
EDUOT,20081216,99999999,¥i¥Î,Duotrav eye drops 2.5mL,Duotrav eye drops 2.5mL,Travoprost + Timolol,OU,QD,TOPH,OP-05-06,¥~¥Î,ºw,Duotrav,«D²Õ®M,,,¤@¯ë¥i¥Î,¬O,¥i¥ÎÃÄ¥]¾÷,¥i¥Î,¤@¯ë,Á`¶q¶i¦ì,¾AÀ³¯g: ªv«C¥ú²´©Î°ª²´À£,,Indications:Lowering of ocular pressure.,,¥~ Æ[:2.5mL ÂI²´²~,Appearance:2.5mL eye drop bottle¡A white/blue box,µJÄ¼¡A ·w¯t¡A ÀYµh¡A ²´·ú¨ë¿E¡A ²´¥R¦å,Nervousness¡A dizziness¡A headache¡A eye irritation¡A ocular hyperemia,,¬Ò¥i¥Î,½Æ¤èµÎÀ£©ZÂI²´²G,Duotrav eye drops 2.5mL,,,§_,¬O,,¥¥°ü©Î±NÃh¥¥¤§°ü¤kÁ×§K¨Ï¥Î,,Avoid during pregnancy.,,³Æµù: ­Y¦P®É¨Ï¥Î¨âºØ²´ÃÄ¤ô¡A ½Ð¶¡¹j5¤ÀÄÁ¡A ­YµLÂå®v«ü¥Ü¡A µL¥ý«á¨Ï¥Î¶¶§Ç,,,¤@¯ë,¤@¯ë,Äµ »y:¥¥°ü©Î±NÃh¥¥¤§°ü¤kÁ×§K¨Ï¥Î,,,,,§_,50.0,,§_,¬O,§_,½Æ¤è,§_,¥i¥Î,¥i¥Î,¤£¥i¿i,¬O,,1.00,1.00,1.00,1.00,999,999,1,1,4.00,4.00,0,0,,¦³¹Ï¤ù,,0,,0,,S01ED51,S01ED01,S01EE04,,,,,,,BOT,,°·«Oµ¹¥I,°·«Oµ¹¥I,TIMOLOL 5MG/ML + TRAVOPROST 0.04MG/ML,S01ED51,BC24766414,§_,AdministrableDrugForm,OPDROP,,,,,,,,,PH047,202401101513,540.00,648.00
EDUR,19960101,99999999,¥i¥Î,Duratears ointment 3.5gm,Duratears ointment 3.5gm,Petrolatum + Lanolin + Mineral Oil,OU,HS,TOPH,OP-07-00,¥~¥Î,¾A¶q,Duratear,«D²Õ®M,,,¤@¯ë¥i¥Î,¬O,¥i¥ÎÃÄ¥]¾÷,±ø¥ó¤Uµ¹¥I,¤@¯ë,Á`¶q¶i¦ì,¾AÀ³¯g:°®²´¯g¡A¼È®É½w¸Ñ¦]²´·ú°®Àß©Ò¤Þ°_¨`¼ö·P»P¨ë¿E·P,,Indication: Ocular lubricant ointment for dry eyes,,¥~ Æ[:¥Õ¦â3.5gm³nºÞ¡A ÂÅ¦â»Pºñ¦â±ø¯¾,Appearance:3.5gm white tube.,µu¼Èªºµø¤O¼Ò½k¡A¹L±Ó¤ÏÀ³,Transient blurring in vision¡A allergic reaction,,¬Ò¥i¥Î,²\½¤²´ÃÄ»I,Duratears ointment 3.5gm,,,§_,¬O,,¬°Á×§K¦Ã¬VÃÄ«~¡A¨Ï¥Î®É¤Å¸IÄ²ÃÄ²~²~¤f¡C,,To avoid contamination¡A do not touch tube tip to any surface.,,³Æµù: ­Y¦P®É¨Ï¥Î¨âºØ²´¥ÎÃÄ«~¡A ½Ð¶¡¹j5¤ÀÄÁ¡A ¥ýÂIÃÄ¤ô¡A ¦A¨Ï¥ÎÃÄ»I,Allow at least 5 minutes between different eye preparations¡A solution first.,,¤@¯ë,¤@¯ë,¬°Á×§K¦Ã¬VÃÄ«~¡A¨Ï¥Î®É¤Å¸IÄ²ÃÄ²~²~¤f¡C,,,,,§_,99.0,,§_,¬O,§_,½Æ¤è,§_,¥i¥Î,¥i¥Î,¤£¥i¿i,¬O,,1.00,1.00,2.00,2.00,999,999,7,1,99.00,99.00,0,0,,¦³¹Ï¤ù,,0,,0,,S01XA20,,,,,,,,,TUB,§_,°·«Oµ¹¥I,°·«Oµ¹¥I,LANOLIN (=LANOLIN HYDRATE) 30MG/GM + LIQUID PARAFFIN 30MG/GM,S01XA20,B017121417,§_,LiquidLiquidEmulsion,OPOINT,,,,,,,,,PH047,202401121007,70.00,88.00
EDUR1,20131216,99999999,¥i¥Î,Durogesic D-trans Patch 12mcg/h,Durogesic D-trans Patch 12mcg/h,Fentanyl,EXT,Q3D,CNEU,CN-01-01,¥~¥Î,¤ù,Durogesic,«D²Õ®M,,EOPI,¤@¯ë¥i¥Î,¬O,¥i¥ÎÃÄ¥]¾÷,¥i¥Î,¤@¯ë,Á`¶q¶i¦ì,¾AÀ³¯g:¥Î©óºC©Ê¯kµh©M¹x©T©Ê¯kµhªº³Â¾K©Ê¤îµh¾¯,,Indication:Narcotic analgesics for chronic/intractable pain,,¥~ Æ[: ¾Tºä¥~¥]¡A ¨C¥]1¤ù,Appearance:Each pouch contains one patch,¤ß·i®}½w¡A ¤ô¸~¡A ¤¤¼Ï¯«¸g§í¨î¡A §x´b¡A ·w¯t¡A ©ü©ü±ýºÎ,Bradycardia¡A edema¡A CNS depression¡A confusion¡A dizziness¡Adrowsiness,,¥u¥Î©óªù¶E¤Î¦í°|STAT,¦h·ç³ß12·L¤½§J/¤p®É,Durogesic D-trans Patch 12 m,,,¬O,¬O,,½Ð¿í·ÓÂå®v«ü¥Ü¥ÎÃÄ¡A ¤Å¦Û¦æ§ó§ï¾¯¶q©Î¥ÎÃÄ®É¶¡,,Follow doctor's advice. Do not change your dose or schedule.,,«Ç·Å(30¢J¥H¤U)«O¦s¡A½Ð¤Å§NÂÃ,store in room temperature,102¦~²Ä¥|¦¸ÃÄ©e·|·s¶i,¤@¯ë,¤G¯ÅºÞ¨î,Äµ »y:½Ð¿í·ÓÂå®v«ü¥Ü¥ÎÃÄ¡A¤Å¦Û¦æ§ó§ï¾¯¶q©Î¥ÎÃÄ®É¶¡¡C,Äµ °ªÄµ°T,,0,0,§_,1.0,,¬O,¬O,§_,³æ¤è,§_,°±¥Î,°±¥Î,¤£¥i¿i,§_,,1.00,1.00,6.00,6.00,15,15,1,1,6.00,6.00,0,0,,¦³¹Ï¤ù,,0,,0,,N02AB03,,,,,,,,,¤ù,,°·«Oµ¹¥I,°·«Oµ¹¥I,FENTANYL,N02AB03,BC248703B9,§_,SolidDrugForm,TPATCH,,,,,,,,,PH047,202401121011,188.00,226.00
EDUR2,20170301,99999999,°±¥Î,DUROGESIC D-trans Patch 25mcg/h,DUROGESIC D-trans Patch 25mcg/h,Fentanyl,EXT,Q3D,CNEU,CN-01-01,¥~¥Î,¤ù,Fentanyl,«D²Õ®M,°±¥Î,EFEN,¤@¯ë¥i¥Î,¬O,¤£¥i¥ÎÃÄ¥]¾÷,,¤@¯ë,Á`¶q¶i¦ì,¾AÀ³¯g:³Â¾K©Ê¤îµh§@¥Î,,Indication:Chronic pain & intractable pain.,,¥~ Æ[: ¾Tºä¥~¥]¡A ¨C¥]1¤ù,Appearance:Each pouch contains one patch,¤ß·i®}½w¡A ¤ô¸~¡A ¤¤¼Ï¯«¸g§í¨î¡A §x´b¡A ·w¯t¡A ©ü©ü±ýºÎ,Bradycardia¡A edema¡A CNS depression¡A confusion¡A dizziness¡Adrowsiness,,¥u¥Î©óªù¶E¤Î¦í°|STAT,¦h·ç³ß¬ï¥Ö¶K¤ù¾¯ 25 ·L¤½§J/¤p®É,DUROGESIC D-trans Patch 25,,,¬O,¬O,,½Ð¿í·ÓÂå®v«ü¥Ü¥ÎÃÄ¡A ¤Å¦Û¦æ§ó§ï¾¯¶q©Î¥ÎÃÄ®É¶¡,,Follow doctor's advice. Do not change your dose or schedule.,,«Ç·Å(30¢J¥H¤U)«O¦s¡A½Ð¤Å§NÂÃ,store in room temperature,,¤@¯ë,¤G¯ÅºÞ¨î,Äµ »y:½Ð¿í·ÓÂå®v«ü¥Ü¥ÎÃÄ¡A¤Å¦Û¦æ§ó§ï¾¯¶q©Î¥ÎÃÄ®É¶¡¡C,Äµ °ªÄµ°T,,0,0,§_,1.0,,¬O,¬O,§_,³æ¤è,§_,°±¥Î,°±¥Î,¤£¥i¿i,§_,,1.00,1.00,6.00,6.00,15,15,1,1,6.00,6.00,0,0,,¦³¹Ï¤ù,,0,,0,,N02AB03,,,,,0,,0,,¤ù,,°·«Oµ¹¥I,°·«Oµ¹¥I,FENTANYL,N02AB03,BC24841311,§_,SolidDrugForm,TPATCH,,,,,,,,,PH047,202303141641,250.00,300.00
EDYM,20211215,99999999,¥i¥Î,Dymista 137/50mcg/dose¡A120dose nasal spray,Dymista 137/50mcg/dose¡A120dose nasal spray,Azelastine + Fluticasone,IN,BID,TENT,EN-02-00,¥~¥Î,PFF,Dymista,«D²Õ®M,,,¤@¯ë¥i¥Î,¬O,¥i¥ÎÃÄ¥]¾÷,°·«O¤£µ¹¥I,¤@¯ë,Á`¶q¶i¦ì,¾AÀ³¯g:ªvÀø6·³¥H¤W¨àµ£¤Î¦¨¤H¤§¤¤«×¦Ü­««×¹L±Ó©Ê»óª¢,,Indication:Allergic rhinitis in adults/6years older child.,,¥~ Æ[:²`´Ä¥~²~¥Õ¦â»\¤l,Appaerance:an off-brown device with a white lid.,§x­Â¡A»´·L§½³¡¤£¾A¡A¬y»ó¦å¡A»ó¤lµh,Fatigue¡A mild local discomfort¡A nosebleeds¡A nasal sores,,¬Ò¥i¥Î,»ó¾AºZ137/50©w¶q»ó¥Î¼QÃú¾¯,Dymista 137/50mcg/dose,,,¬O,¬O,,­Y¦³»óµÄ¥~¶Ë©Î¤â³NªÌ¡A »Ýµ¥¨ì¶Ë¤fÂ¡¦X«á¤~¨Ï¥Î¥»¼Q¾¯,,Do not use this spray if you have nasal wound.,,ÃÄª«¥i¯à­°§CÄµÄ±©Ê¡A ½Ð¤Å¶}¨®©Î¾Þ§@¦MÀI¾÷±ñ; ¤Å¶¼°s,May impair alertness. Be careful driving or operating machinery. Avoid alcohol.,2021Q4ÃÄ©e·s¶i,¤@¯ë,¤@¯ë,Äµ »y:­Y¦³»óµÄ¥~¶Ë©Î¤â³NªÌ¡A »Ýµ¥¨ì¶Ë¤fÂ¡¦X«á¤~¨Ï¥Î¥»¼Q¾¯,,,0,0,§_,120.0,,§_,¬O,§_,½Æ¤è,,°±¥Î,°±¥Î,¤£¥i¿i,¬O,,1.00,1.00,2.00,2.00,999,999,28,28,2.00,2.00,0,0,,¦³¹Ï¤ù,,0,,0,,R01AD58,R01AC03,R01AD08,,,0,,0,,BOT,,¤£µ¹¥I¶·¦Û¥I,¤£µ¹¥I¶·¦Û¥I,,,,,GasLiquidMixture,NASSPRY,,,0,,0,,,,PH006,202207061048,0,480.00
EEAR,20121227,99999999,°±¥Î,Earflo otic solution 3mg/mL,Earflo otic solution 3mg/mL,Ofloxacin,AU,,TENT,EN-01-00,¥~¥Î,ºw,Tarivid,«D²Õ®M,°±¥Î,ETAR,¤@¯ë¥i¥Î,¬O,¤£¥i¥ÎÃÄ¥]¾÷,,¤@¯ë,Á`¶q¶i¦ì,¾AÀ³¯g:¦Õ¥Îºw¾¯¡A ªvÀø¥~¦Õª¢¡A ¹ª½¤¬ï¤Õ¤§ºC©Ê¤¤¦Õª¢µ¥,,Indication:Ear infections.,,¥~ Æ[:³z©ú5mL¶ì½¦¥~´ß¡A ºñ¦â»\¤l,Appearance: Ear drop bottle with green cap,ÀY·w,Dizziness,,¥u¥Î©óªù¶E¤Î¦í°|STAT,¦Õ´_ªYÂI¦Õ²G,Earflo otic solution 3mg/mL,,,§_,¬O,,¬°¥~¥ÎÃÄ«~¡A ½Ð§½³¡¨Ï¥Î¡A ¤Å±µÄ²²´·ú©Î»~ªA,,For external use. Avoid contact with the eyes or oral consumption.,,,,,¤@¯ë,¤@¯ë,Äµ »y: ¥»«~¬°¥~¥ÎÃÄ«~¡A½Ð§½³¡¨Ï¥Î¡A¤Å±µÄ²²´·ú©Î»~ªA¡C,,,0,0,§_,100.0,,§_,§_,§_,³æ¤è,§_,°±¥Î,¥i¥Î,¤£¥i¿i,¬O,,6.00,6.00,10.00,10.00,999,999,7,1,30.00,30.00,0,0,,¦³¹Ï¤ù,,0,,0,,S02AA16,,,,,,,,,BOT,,¤£µ¹¥I¶·¦Û¥I,¤£µ¹¥I¶·¦Û¥I,,,,§_,AdministrableDrugForm,OTDROP,,,,,,,,,PH047,202303141641,0,58.00
EECO,20160502,99999999,°±¥Î,Econopred Plus 1%¡A 5mL ophthalmic suspension,Econopred Plus 1%¡A 5mL ophthalmic suspension,Prednisolone,OU,,TOPH,OP-03-00,¥~¥Î,ºw,Pred Forte,«D²Õ®M,°±¥Î,EPRED,¤@¯ë¥i¥Î,¬O,¥i¥ÎÃÄ¥]¾÷,¥i¥Î,¤@¯ë,Á`¶q¶i¦ì,¾AÀ³¯g:²´³¡¹L±Ó©Êµoª¢,,Indication:Eye inflammation.,,¥~ Æ[:¥Õ¦â5²@¤É¥~²~¡A ¯»¬õ¦â²~»\,Appearance:5mL eye drop bottle¡A pink cap,µ²½¤ª¢¡A¶Ë¤fÂ¡¦X©µ¿ð¡A«C¥ú²´¡A²´À£¼W°ª,Conjunctivitis¡A delayed wound healing¡A glaucoma¡A intraocular pressure increased,,¬Ò¥i¥Î,©ö±±ª¢²´ÃÄ¤ô,Econopred Plus 1%¡A 5mL,,,,¬O,,¨Ï¥Î¥»ÃÄ­Y¥X²{¹L±Ó©Î·P¬Vµ¥¯gª¬¡A ½Ð°±¥Î¨Ã»PÂå®vÁpµ¸¡C,Àx¦s·Å«×¤£¥i¶W¹L30¢J¡C,If allergic reaction or infection occurs¡A stop taking medication and consult,your doctor. Store in room temperature ( < 30¢XC).,³Æµù: ­Y¦P®É¨Ï¥Î¨âºØ²´ÃÄ¤ô¡A ½Ð¶¡¹j5¤ÀÄÁ¡C¨Ï¥Î«e½Ð·n¤Ã¡C,Shake well before using. Allow 5 minutes between different eye preparations.,,¤@¯ë,¤@¯ë,Äµ »y:¨Ï¥Î¥»ÃÄ­Y¥X²{¹L±Ó©Î·P¬Vµ¥¯gª¬¡A½Ð°±¥Î¨Ã»PÂå®vÁpµ¸,,,0,0,§_,100.0,,§_,¬O,§_,³æ¤è,§_,¥i¥Î,°±¥Î,¤£¥i¿i,§_,,1.00,1.00,2.00,2.00,60,30,7,1,99.00,99.00,0,0,,¦³¹Ï¤ù,,0,,0,,S01BA04,,,,,0,,0,,BOT,,°·«Oµ¹¥I,°·«Oµ¹¥I,PREDNISOLONE,S01BA04,BC17400421,§_,LiquidSolidSuspension,OPSUSP,,,,,,,,,PH006,202301101507,76.00,95.00
EEFE,19960101,99999999,°±¥Î,Efemoline eye drops 0.1%¡A 5mL,Efemoline eye drops 0.1%¡A 5mL,Fluorometholone + Tetryzoline,OU,TID,TOPH,OP-03-00,¥~¥Î,ºw,Efemoline,«D²Õ®M,°±¥Î¡A¥i¬dÃþ¦üÃÄ,,¤@¯ë¥i¥Î,¬O,¤£¥i¥ÎÃÄ¥]¾÷,,¤@¯ë,Á`¶q¶i¦ì,¾AÀ³¯g:¥Dªv²´½¤ª¢¡A µ²½¤ª¢µ¥,,Indication:Conjunctivitis¡A keratitis,,¥~ Æ[:5mLÂI²´²~¡A¦Ç¥Õ¦â¥~¥]¸Ë,Appearance:5mL eye drop bottle¡A white/gray box,»´·L¨`¼ö·P¡A¥i°f©Ê²´À£¤W¤É,Mild burning sensation¡A reversible increase in intraocular pressure.,,¥u¥Î©óªù¶E¤Î¦í°|STAT,¯q¥Ø¹ç²´¥ÎÄa¯B²G,Efemoline eye drops 0.1%¡A 5m,,,§_,¬O,,­Yµo¥ÍÄY­«¹L±Ó©Îµo¯lµ¥¤£¾A¯gª¬¡A À³§Y°±ÃÄ¨Ã½Ð±ÐÂå®v,,Report to doctor¡A if any severe hypersensitivity or skin rash occur.,,³Æµù: ­Y¦P®É¨Ï¥Î¨âºØ²´ÃÄ¤ô¡A ½Ð¶¡¹j5¤ÀÄÁ¡A ­YµLÂå®v«ü¥Ü¡A µL¥ý«á¨Ï¥Î¶¶§Ç,,,¤@¯ë,¤@¯ë,Äµ »y: ­Yµo¥ÍÄY­«¹L±Ó©Îµo¯lµ¥¤£¾A¯gª¬¡AÀ³§Y°±ÃÄ¨Ã½Ð±ÐÂå®v,,,,,§_,100.0,,§_,§_,§_,½Æ¤è,§_,°±¥Î,¥i¥Î,¤£¥i¿i,¬O,,1.00,1.00,1.00,1.00,999,999,7,1,8.00,8.00,0,0,,¦³¹Ï¤ù,,0,,0,,S01BA07,,,,,,,,,BOT,§_,°·«Oµ¹¥I,°·«Oµ¹¥I,FLUOROMETHOLONE 1MG/ML + TETRAHYDROZOLINE 250MCG/ML,S01CB05,B019019421,§_,AdministrableDrugForm,OPDROP,,,,,,,,,PH047,202303141641,33.10,43.00
EEFU,20210120,99999999,¥i¥Î,Efucon gel 0.75%¡A 15gm,Efucon gel 0.75%¡A 15gm,Metronidazole,EXT,BID,TDER,DE-02-00,¥~¥Î,¾A¶q,Metrogel,«D²Õ®M,,,¤@¯ë¥i¥Î,¬O,¥i¥ÎÃÄ¥]¾÷,¥i¥Î,¤@¯ë,Á`¶q¶i¦ì,¾AÀ³¯g:¦]°s´í»ó¤Þ°_µoª¢©Ê¥C¯l¡BÁw¥]¤Î¬õ¸~,,Indication:Inflammatory papules¡A erythema of rosacea.,,¥~ Æ[:15gm¸Ë¥Õ¦â¾T»s³nºÞ,Appearance:15gm white tube,¥Ö½§°®Àê¡A ¥Ö½§µo¬õ¡A ¨`¼ö·P,Dryness¡A erythema¡A burning sensation of skin,,¬Ò¥i¥Î,¯q½§±d¾®½¦,Efucon gel 0.75%¡A 15gm,,,,¬O,,¨Ï¥Î³¡¦ì­Y¤Ó¾aªñ²´¥i¯à·|¨ë¿E¬y²\,,May cause tearing of the eye if the application site is too close.,,§½³¡¨Ï¥Î¡A ¤Å±µÄ²²´·ú©Î»~ªA,For external use. Avoid contact with the eyes or oral consumption.,2021/01 [EMET]¯ÊÃÄ´À¥N,¤@¯ë,¤@¯ë,¨Ï¥Î³¡¦ì­Y¤Ó¾aªñ²´¥i¯à·|¨ë¿E¬y²\,,¾®½¦,0,0,§_,99.0,,§_,¬O,§_,³æ¤è,§_,¥i¥Î,¥i¥Î,¤£¥i¿i,¬O,,1.00,1.00,9.00,9.00,63,63,7,1,99.00,99.00,0,0,,¦³¹Ï¤ù,,0,,0,,D06BX01,,,,,0,,0,,TUB,§_,°·«Oµ¹¥I,°·«Oµ¹¥I,METRONIDAZOLE,D06BX01,AC35869335,,LiquidSolidSuspension,TOPGEL,,,0,,0,mL,,,PH047,202307241111,35.70,46.00
EELD,19960101,99999999,°±¥Î,Eldopague Forte 4% cream,Eldopague Forte 4% cream,Hydroquinone,EXT,,TDER,DE-11-00,¥~¥Î,¾A¶q,Hydroguinone,«D²Õ®M,°±¥Î,,¤w°±¥Î,¬O,¤£¥i¥ÎÃÄ¥]¾÷,°·«O¤£µ¹¥I,¤@¯ë,Á`¶q¶i¦ì,¾AÀ³¯g:¥Dªv½Å´³¡B¶Â¥Ö¯f¡B³¶´³,,,,,,,,,¥u¥Î©óªù¶E¤Î¦í°|STAT,²b½§´³¨Å»I,Eldopague Forte 4% cream,,,§_,¬O,,,,,,,,,¤@¯ë,¤@¯ë,Äµ »y:¥¥°ü©Î±NÃh¥¥¤§°ü¤kÁ×§K¨Ï¥Î,,,,,§_,99.0,,§_,§_,§_,³æ¤è,§_,¥i¥Î,¥i¥Î,¤£¥i¿i,§_,,1.00,1.00,999.00,999.00,999,999,7,1,0,0,0,0,,µL¹Ï¤ù,,0,,0,,,,,,,,,,,TUB,§_,¤£µ¹¥I¶·¦Û¥I,¤£µ¹¥I¶·¦Û¥I,,,,§_,LiquidLiquidEmulsion,TOPCRM,,,,,,,,,PH047,202303141641,0,1000.00
EELE1,20040901,99999999,°±¥Î,Elebloc 1%¡A 5mL,Elebloc 1%¡A 5mL,Carteolol,OU,BID,TOPH,OP-05-04,¥~¥Î,ºw,,«D²Õ®M,°±¥Î,,¤@¯ë¥i¥Î,¬O,¤£¥i¥ÎÃÄ¥]¾÷,,¤@¯ë,Á`¶q¶i¦ì,¾AÀ³¯g:¥Dªv«C¥ú²´¡B°ª²´À£µ¥,,Indications:Lowering of ocular pressure.,,¥~ Æ[:³z©ú¶ì½¦¥~²~¡A¥Õ¦â»\¤l,,,,,¥u¥Î©óªù¶E¤Î¦í°|STAT,1% ·R§JÀ£ÂI²´²G,Elebloc 1%¡A 5mL,,,§_,¬O,,,,,,,,,¤@¯ë,¤@¯ë,Äµ »y:­Y¦³®ð³Ý©ÎµjÅË©Ê®ðºÞª¢®É¡AÀ³¤p¤ß¨Ï¥Î¥»ÃÄ,,,,,¬O,100.0,,§_,§_,§_,³æ¤è,§_,°±¥Î,¥i¥Î,¤£¥i¿i,§_,,1.00,1.00,999.00,999.00,60,999,30,1,0,0,0,0,,µL¹Ï¤ù,,0,,0,,,,,,,,,,,BOT,,°·«Oµ¹¥I,°·«Oµ¹¥I,CARTEOLOL,S01ED05,B022956421,§_,AdministrableDrugForm,OPDROP,,,,,,,,,PH047,202303141641,91.00,109.00
EELE2,20040901,99999999,°±¥Î,Elebloc 2%¡A 5mL,Elebloc 2%¡A 5mL,Carteolol,OU,BID,TOPH,OP-05-04,¥~¥Î,ºw,,«D²Õ®M,°±¥Î,EMIK,¤@¯ë¥i¥Î,¬O,¤£¥i¥ÎÃÄ¥]¾÷,,¤@¯ë,Á`¶q¶i¦ì,¾AÀ³¯g:¥Dªv«C¥ú²´¡B°ª²´À£µ¥,,Indication:Lowering of ocular pressure.,,,,,,,¥u¥Î©óªù¶E¤Î¦í°|STAT,2% ·R§JÀ£ÂI²´²G,Elebloc 2%¡A 5mL,,,§_,¬O,,,,,,,,,¤@¯ë,¤@¯ë,Äµ »y:­Y¦³®ð³Ý©ÎµjÅË©Ê®ðºÞª¢®É¡AÀ³¤p¤ß¨Ï¥Î¥»ÃÄ,,,,,§_,100.0,,§_,§_,§_,³æ¤è,§_,°±¥Î,¥i¥Î,¥i¿i,§_,,1.00,1.00,999.00,999.00,60,999,1,1,0,0,0,0,,µL¹Ï¤ù,,0,,0,,,,,,,,,,,BOT,,°·«Oµ¹¥I,°·«Oµ¹¥I,CARTEOLOL,S01ED05,B022987421,§_,AdministrableDrugForm,OPDROP,,,,,,,,,PH047,202303141642,145.00,174.00
EELI,20030501,99999999,¥i¥Î,Elidel cream 1% 15gm,Elidel cream 1% 15gm,Pimecrolimus,EXT,BID,TDER,DE-11-00,¥~¥Î,¾A¶q,Elidel,«D²Õ®M,Á{±ÄÃÄ¡A½Ð³qª¾ÃÄ§½¥~ÁÊ,,¥»°|Á{±Ä²M³æ,§_,¤£¥i¥ÎÃÄ¥]¾÷,±ø¥ó¤Uµ¹¥I,¤@¯ë,Á`¶q¶i¦ì,¾AÀ³¯g: ²§¦ì©Ê¥Ö½§ª¢¡BÀã¯l¡C,,Indication: Atopic dermatitis (eczeme).,,¥~ Æ[:¥Õ¦â15gm³nºÞ¡A ¤¤¶¡¶À¦â,Appearance:15gm white/yellow tube,·Å¼ö¨`¼ö·P¡B¨ë¿E¡B¬õ´³µµ´³¡B¤òÅnª¢¡C,Feeling of warmth or burning sensation¡A irritation¡A pruritus & erythema,,¬Ò¥i¥Î,Âå¥ß§´¨Å»I1%¡@,Elidel cream 1% 15gm,,,§_,¬O,,¬°¥~¥ÎÃÄ«~¡A ½Ð§½³¡¨Ï¥Î¡A ¤Å±µÄ²²´·ú©Î»~ªA,,For external use. Avoid contact with the eyes or oral consumption.,,,,2022.Q1ÃÄ©e·s¼WÁ{±Ä²M³æ,¤@¯ë,¤@¯ë,Äµ »y: ¥»«~¬°¥~¥ÎÃÄ«~¡A½Ð§½³¡¨Ï¥Î¡A¤Å±µÄ²²´·ú©Î»~ªA¡C,,,,,§_,99.0,,§_,¬O,§_,³æ¤è,§_,¥i¥Î,¥i¥Î,¤£¥i¿i,§_,,1.00,1.00,9.00,9.00,999,999,1,1,99.00,99.00,0,0,,¦³¹Ï¤ù,,0,,0,,D11AH02,,,,,,,,,TUB,,°·«Oµ¹¥I,°·«Oµ¹¥I,PIMECROLIMUS,D11AH02,BC23645335,§_,LiquidLiquidEmulsion,TOPCRM,¦M®`¤G¯Å(¡I),,,,,,,,PH047,202311061703,384.00,461.00
EELO,19960101,99999999,¥i¥Î,Elomet cream 0.1%¡A 5gm,Elomet cream 0.1%¡A 5gm,Mometasone,EXT,,TDER,DE-06-00,¥~¥Î,¾A¶q,Elomet,«D²Õ®M,,EMTS,¤@¯ë¥i¥Î,¬O,¥i¥ÎÃÄ¥]¾÷,¥i¥Î,¤@¯ë,Á`¶q¶i¦ì,¾AÀ³¯g:¥Dªv¥Ö½§ª¢¡B¥Ö½§·kÄoµ¥¹L±Ó¯gª¬,,Indication:Skin itching¡A manifestations of dermatoses.,,¥~ Æ[:¥Õ¦â³nºÞ¡A ¥t¦L¦³cream ÂÅ¦â¦r¼Ë,Appearance:White tube,¨`¼ö·P¡A¥Ö½§µäÁY¡A¥Ö½§¨ëµh·P,burning¡A skin atrophy¡A tingling/stinging,,¬Ò¥i¥Î,½J½§¬ü±o¨Å»I,Elomet cream,,,§_,¬O,,¬°¥~¥ÎÃÄ«~¡A ½Ð§½³¡¨Ï¥Î¡A ¤Å±µÄ²²´·ú©Î»~ªA,,For external use. Avoid contact with the eyes or oral consumption.,,,,,¤@¯ë,¤@¯ë,Äµ »y: ¥»«~¬°¥~¥ÎÃÄ«~¡A½Ð§½³¡¨Ï¥Î¡A¤Å±µÄ²²´·ú©Î»~ªA¡C,,,,,§_,99.0,,§_,¬O,§_,³æ¤è,§_,¥i¥Î,¥i¥Î,¤£¥i¿i,¬O,,1.00,1.00,9.00,9.00,999,999,7,1,99.00,99.00,0,0,,¦³¹Ï¤ù,,0,,0,,D07AC13,,,,,,,,,TUB,§_,°·«Oµ¹¥I,°·«Oµ¹¥I,MOMETASONE,D07AC13,BC20200321,§_,LiquidLiquidEmulsion,TOPCRM,,,,,,,,,PH047,202303141642,27.60,36.00
EELOO,20060321,99999999,°±¥Î,Elomet oint 0.1%¡A 5gm,Elomet oint 0.1%¡A 5gm,Mometasone,EXT,,TDER,DE-06-00,¥~¥Î,¾A¶q,Elomet,«D²Õ®M,°±¥Î,EELO,¤@¯ë¥i¥Î,¬O,¤£¥i¥ÎÃÄ¥]¾÷,¥i¥Î,¤@¯ë,Á`¶q¶i¦ì,¾AÀ³¯g:¥Dªv¥Ö½§ª¢¡A ¥Ö½§·kÄoµ¥¹L±Ó¯gª¬,,Indications:Skin itching¡A manifestations of dermatoses.,,¥~ Æ[:¥Õ¦â³nºÞ¡A ¥t¦L¦³ointment ºñ¦â¦r¼Ë,Appearance:White tube,Áw¯p¡A ¨`¼ö·P¤Î¥Ö½§Äo¡A ¥Ö½§¸û±Ó·P,Blood-containing blisters on skin¡A burning and itching of skin¡A increased skin s,,¥u¥Î©óªù¶E¤Î¦í°|STAT,½J½§¬ü±o³n»I,Elomet oint 0.1%¡A 5gm,,,§_,¬O,,¬°¥~¥ÎÃÄ«~¡A ½Ð§½³¡¨Ï¥Î¡A ¤Å±µÄ²²´·ú©Î»~ªA,,For external use. Avoid contact with the eyes or oral consumption.,,,,,¤@¯ë,¤@¯ë,Äµ »y: ¥»«~¬°¥~¥ÎÃÄ«~¡A½Ð§½³¡¨Ï¥Î¡A¤Å±µÄ²²´·ú©Î»~ªA¡C,LA ¥~Æ[¬Û¦ü,,,,§_,99.0,,§_,§_,§_,³æ¤è,§_,°±¥Î,¥i¥Î,¤£¥i¿i,¬O,,1.00,1.00,9.00,9.00,99,99,7,1,99.00,99.00,0,0,,¦³¹Ï¤ù,,0,,0,,D07AC13,,,,,,,,,TUB,,°·«Oµ¹¥I,°·«Oµ¹¥I,MOMETASONE,D07AC13,B020199321,§_,LiquidLiquidEmulsion,TOPOINT,,,,,,,,,PH047,202303141642,44.90,58.00
EEMA,20020526,99999999,°±¥Î,Emadine 0.05%¡A 5mL oph soln,Emadine 0.05%¡A 5mL oph soln	,Emedastine,OU,,TOPH,OP-06-00,¥~¥Î,ºw,Emadine,«D²Õ®M,°±¥Î,,¤@¯ë¥i¥Î,¬O,¤£¥i¥ÎÃÄ¥]¾÷,¥i¥Î,¤@¯ë,Á`¶q¶i¦ì,¾AÀ³¯g:¥Dªv¹L±Ó©Êµ²½¤ª¢,,Indication:Symptomatic relief of allergic conjunctivitis.,,¥~ Æ[:¥Õ¦â5²@¤É¶ì½¦¥~²~¡A ºñ¦â/´Ä¦â±ø¯¾¼ÐÅÒ,Appearance:5mL eye drop bottle,¨`¼ö©Î¨ëµh¡Aæ±Äo,burning or stinging¡A pruritus,,¥u¥Î©óªù¶E¤Î¦í°|STAT,·R±Ó©wÂI²´²G,Emadine oph soln 0.05%¡A 5mL,,,§_,¬O,,½Ð¨Ì·Ó«ü¥Ü´Á­­¤º¨Ï¥Î¡A «ØÄ³ÃÄ«~¶}«Ê¤@­Ó¤ë«á¤£À³¦A¥Î,,Follow doctor's advice. Use within one month after opening package.,,³Æµù: ­Y¦P®É¨Ï¥Î¨âºØ²´ÃÄ¤ô¡A ½Ð¶¡¹j5¤ÀÄÁ¡A ­YµLÂå®v«ü¥Ü¡A µL¥ý«á¨Ï¥Î¶¶§Ç,Allow at least 5 minutes between different eye preparations,2017¦~²Ä¤G¦¸ÃÄ©e·|·s¶i,¤@¯ë,¤@¯ë,Äµ »y: ¥»«~¬°¥~¥ÎÃÄ«~¡A½Ð§½³¡¨Ï¥Î¡A¤Å±µÄ²²´·ú©Î»~ªA¡C,,,,,§_,100.0,,§_,§_,§_,³æ¤è,§_,¥i¥Î,¥i¥Î,¤£¥i¿i,¬O,,1.00,1.00,2.00,2.00,99,99,1,1,8.00,8.00,0,0,,¦³¹Ï¤ù,,0,,0,,S01GX06,,,,,,,,,BOT,,°·«Oµ¹¥I,°·«Oµ¹¥I,EMEDASTINE,S01GX06,BC22856421,§_,AdministrableDrugForm,OPDROP,,,,,,,,,PH047,202303141642,53.00,66.00
EEML,19960101,99999999,¥i¥Î,Emla cream 5%¡A 5gm,Emla cream 5%¡A 5gm,Lidocaine + Prilocaine,EXT,,TDER,DE-11-00,¥~¥Î,¾A¶q,Emla,«D²Õ®M,,,¤@¯ë¥i¥Î,¬O,¥i¥ÎÃÄ¥]¾÷,,¤@¯ë,Á`¶q¶i¦ì,¾AÀ³¯g:¥Ö½§¬ì¤â³N«e§½³¡³Â¾K¨Ï¥Î,,Indications:Topical anesth of the skin.,,¥~ Æ[:¥Õ¦â5gm³nºÞ,Appearance:5gm white tube,¤ô¸~¡A Äo¡A ¬õ´³¡A ¨ë¿E,Edema¡A itching¡A erythema¡A irritation,,¬Ò¥i¥Î,¦w³Â¼Ö¨Å»I¡@,Emla cream 5%¡A 5gm,,,§_,¬O,,¬°¥~¥ÎÃÄ«~¡A ½Ð§½³¡¨Ï¥Î¡A ¤Å±µÄ²²´·ú©Î»~ªA,,For external use. Avoid contact with the eyes or oral consumption.,,,,,¤@¯ë,¤@¯ë,Äµ »y: ¥»«~¬°¥~¥ÎÃÄ«~¡A½Ð§½³¡¨Ï¥Î¡A¤Å±µÄ²²´·ú©Î»~ªA¡C,,,,,§_,99.0,,§_,¬O,§_,½Æ¤è,§_,°±¥Î,°±¥Î,¤£¥i¿i,¬O,,1.00,1.00,9.00,9.00,999,999,1,1,99.00,99.00,0,0,,¦³¹Ï¤ù,,0,,0,,D04AB01,,,,,,,,,TUB,§_,¤£µ¹¥I¶·¦Û¥I,¤£µ¹¥I¶·¦Û¥I,,,,§_,LiquidLiquidEmulsion,TOPCRM,,,,,,,,,PH022,202312221653,0,180.00
EENO,20160615,99999999,¥i¥Î,Enoxolone Gingival Paste 1%¡A 80gm,Enoxolone Gingival Paste 1%¡A 80gm,Enoxolone,TOPI,BID,TENT,EN-03-00,¥~¥Î,¾A¶q,Enoxolone Gingival Paste,«D²Õ®M,,,¤@¯ë¥i¥Î,¬O,¥i¥ÎÃÄ¥]¾÷,°·«O¤£µ¹¥I,¤@¯ë,Á`¶q¶i¦ì,¾AÀ³¯g:½w¸Ñ¤úÅi¬õ¸~¡B¤úÅiµoª¢,,Indications:Relieve pain due to disease of the gums and,wounds prosthesis.,¥~ Æ[:80gm ³nºÞ,Appearance:80gm tube,¹L±Ó©Ê¤ÏÀ³,Hypersensitivity,,¬Ò¥i¥Î,¾¦³Õ¤h¤úÅi»I,Enoxolone Gingival Paste 1%,,,,¬O,,¥i©óÀ\«á¨ú¾A¶q¶î©Ù©ó¤úÅi¼Æ¤ÀÄÁ¡AÀH«áº¤¤f¡C,,Brushing follow by a massage gums after each meal for a few minutes¡A then rinse.,,¥»ÃÄ§t¦³Á¡²ü(Menthol)¡AÅöíw¯f¥vªÌ©y¼f·V¨Ï¥Î¡C,The paste contains Menthol¡A be careful using in epilepsy patients.,,¤@¯ë,¤@¯ë,¥i©óÀ\«á¨ú¾A¶q¶î©Ù©ó¤úÅi¼Æ¤ÀÄÁ¡AÀH«áº¤¤f¡C,,,0,0,§_,99.0,,§_,¬O,§_,³æ¤è,§_,°±¥Î,°±¥Î,¤£¥i¿i,¬O,,1.00,1.00,9.00,9.00,999,999,7,1,99.00,99.00,0,0,,¦³¹Ï¤ù,,0,,0,,D03AX10,,,,,0,,0,,TUB,,¤£µ¹¥I¶·¦Û¥I,¤£µ¹¥I¶·¦Û¥I,,,,§_,LiquidLiquidEmulsion,ORCRM,,,,,,,,,PH022,202312221653,0,600.00
EENT,20061230,99999999,°±¥Î,ENT oint 5gm,ENT oint 5gm,Tyrothricin,TOPI,AS,TENT,EN-02-00,¥~¥Î,¾A¶q,ENT oint,«D²Õ®M,¼t°Ó¯Ê³f,,¤@¯ë¥i¥Î,¬O,¤£¥i¥ÎÃÄ¥]¾÷,¥i¥Î,¤@¯ë,Á`¶q¶i¦ì,¾AÀ³¯g:»óª¢,,Indications:Rhinitis¡A nasal infection.,,¥~ Æ[:5¤½§J¥~¥Î³n»I,Appearance:5gm tube,¹L±Ó¤ÏÀ³,Hypersensitivity reactions,,¥u¥Î©óªù¶E¤Î¦í°|STAT,©ö³q»ó¥Î³n»I,ENT oint 5gm,,,§_,¬O,,¬°¥~¥ÎÃÄ«~¡A ½Ð§½³¡¨Ï¥Î¡A ¤Å±µÄ²²´·ú©Î»~ªA,,For external use. Avoid contact with the eyes or oral consumption.,,,,102¦~²Ä¥|¦¸ÃÄ©e·|¨MÄ³´À¥N,¤@¯ë,¤@¯ë,Äµ »y: ¥»«~¬°¥~¥ÎÃÄ«~¡A½Ð§½³¡¨Ï¥Î¡A¤Å±µÄ²²´·ú©Î»~ªA¡C,,,,,§_,99.0,,§_,§_,§_,½Æ¤è,§_,¥i¥Î,¥i¥Î,¤£¥i¿i,¬O,,1.00,1.00,999.00,999.00,7,7,1,1,1.00,1.00,0,0,,¦³¹Ï¤ù,,0,,0,,D06AX08,D04AB01,D08AJ03,R01AB05,,,,,,TUB,,°·«Oµ¹¥I,°·«Oµ¹¥I,CETYLPYRIDINIUM 0.25 MG/GM + EPHEDRINE 2 MG/GM + LIDOCAINE 2 MG/GM + TYROTHRICIN 0.25 MG/GM,R01AX30,A044620421,§_,LiquidLiquidEmulsion,TOPOINT,,,,,,,,,PH047,202303141642,62.00,78.00
EENT3,20110906,99999999,°±¥Î,ENT oint 3.5gm,ENT oint 3.5gm,Tyrothricin,TOPI,AS,TENT,EN-02-00,¥~¥Î,¾A¶q,ENT,«D²Õ®M,°±¥Î,EENT,¤@¯ë¥i¥Î,¬O,¤£¥i¥ÎÃÄ¥]¾÷,¥i¥Î,¤@¯ë,Á`¶q¶i¦ì,¾AÀ³¯g:»óª¢,,Indications:rhinitis¡A nasal infection.,,¥~ Æ[:3.5¤½§J¥~¥Î³n»I,Appearance:3.5gm tube,¹L±Ó¤ÏÀ³,Hypersensitivity reactions,,¬Ò¥i¥Î,©ö³q»ó¥Î³n»I,ENT oint 3.5gm,,,§_,¬O,,¬°¥~¥ÎÃÄ«~¡A ½Ð§½³¡¨Ï¥Î¡A ¤Å±µÄ²²´·ú©Î»~ªA,,For external use. Avoid contact with the eyes or oral consumption.,,,,102¦~²Ä¥|¦¸ÃÄ©e·|¨MÄ³§R°£,¤@¯ë,¤@¯ë,Äµ »y: ¥»«~¬°¥~¥ÎÃÄ«~¡A½Ð§½³¡¨Ï¥Î¡A¤Å±µÄ²²´·ú©Î»~ªA¡C,,,0,0,§_,99.0,,§_,§_,§_,³æ¤è,§_,¥i¥Î,¥i¥Î,¤£¥i¿i,¬O,,1.00,1.00,9.00,9.00,7,7,1,1,99.00,99.00,0,0,,¦³¹Ï¤ù,,0,,0,,R01AX30,,,,,,,,,TUB,,°·«Oµ¹¥I,°·«Oµ¹¥I,CETYLPYRIDINIUM 0.25 MG/GM + EPHEDRINE 2 MG/GM + LIDOCAINE 2 MG/GM + TYROTHRICIN 0.25 MG/GM,R01AX30,A044620417,§_,LiquidLiquidEmulsion,TOPOINT,,,,,,,,,PH047,202303141642,69.00,86.00
EESA,20140317,99999999,°±¥Î,Esarin gel 20gm,Esarin gel 20gm,Escin + Heparinoid + Diethylamine Salicylate,EXT,QD,TDER,DE-11-00,¥~¥Î,¾A¶q,Esarin,«D²Õ®M,°±¥Î,EHIR,¤@¯ë¥i¥Î,¬O,¤£¥i¥ÎÃÄ¥]¾÷,,¤@¯ë,Á`¶q¶i¦ì,¾AÀ³¯g:ºC©ÊÀR¯ß¥\¯à¤£¥þ¤§»²§U§ïµ½¤Î³Ð¶Ë«á¤§¯kµh½w¸Ñ,,Indication:chronic venous insufficiency and relief of pain.,,¥~ Æ[: ¾TºÞ¸Ë20¤½§J¾®½¦,Appearance:20gm tube¡A purple box,¥Ö½§¬õ¯l¡A ¥Ö½§Äo,Rash¡A pruritus,,¥u¥Î©óªù¶E¤Î¦í°|STAT,Ãª¨F¾®½¦,Esarin Gel,,,§_,¬O,,¤Å¨Ï¥Î¦b¶Ë¤f³¡¦ì,,Avoid use on broken or eczematous skin.,,,,,¤@¯ë,¤@¯ë,Äµ »y:¤£¥i±N¾®½¦¶î©Ù©ó¶Ë¤f©Î¨ü¶Ëªº¥Ö½§,,,0,0,§_,99.0,,§_,§_,§_,½Æ¤è,§_,¥i¥Î,¥i¥Î,¤£¥i¿i,¬O,,1.00,1.00,9.00,9.00,999,999,7,1,99.00,99.00,0,0,,¦³¹Ï¤ù,,0,,0,,C05BA51,,,,,,,,,TUB,,°·«Oµ¹¥I,°·«Oµ¹¥I,heparinoid 10 mg/gm + escin 10mg/gm + diethylamino salicylate 50mg/gm,C05BA51,AC51522338,§_,LiquidLiquidEmulsion,TOPCRM,,,,,,,,,PH047,202303141642,80.00,100.00
EESP,19960101,99999999,°±¥Î,Esperson oint 0.25%¡A 5gm,Esperson oint 0.25%¡A 5gm,Desoximetasone,EXT,,TDER,DE-06-00,¥~¥Î,¾A¶q,Esperson,«D²Õ®M,°±¥Î¡A¥i¬dÃþ¦üÃÄ,,¤@¯ë¥i¥Î,¬O,¤£¥i¥ÎÃÄ¥]¾÷,,¤@¯ë,Á`¶q¶i¦ì,¾AÀ³¯g:·Ã¯l¡B°®Å~¡B¥Ö½§·kÄo¡BÅÎ¶Ëµ¥,,,,,,,,,¥u¥Î©óªù¶E¤Î¦í°|STAT,«ø¥Ö²n³n»I,Esperson oint 0.25%¡A 5gm,,,§_,¬O,,,,,,,,,¤@¯ë,¤@¯ë,,,,,,§_,99.0,,§_,§_,§_,³æ¤è,§_,¥i¥Î,¥i¥Î,¤£¥i¿i,§_,,1.00,1.00,999.00,999.00,999,999,7,1,0,0,0,0,,µL¹Ï¤ù,,0,,0,,,,,,,,,,,TUB,§_,°·«Oµ¹¥I,°·«Oµ¹¥I,DESOXIMETASONE,D07AC03,B022600321,§_,LiquidLiquidEmulsion,TOPOINT,,,,,,,,,PH047,202303141642,51.00,61.00
EESTT,19960101,99999999,°±¥Î,Estraderm MX 50,Estraderm MX 50,Estradiol 17B,EXT,,HM,HR-03-02,¥~¥Î,¤ù,Estraderm,«D²Õ®M,°±¥Î¡A¥i¬dÃþ¦üÃÄ,,¤w°±¥Î,¬O,¤£¥i¥ÎÃÄ¥]¾÷,­­¥Î,¤@¯ë,Á`¶q¶i¦ì,¾AÀ³¯g:¤k©Ê¶Pº¸»X¤§¸É¥R,,,,,,,,,,,Estraderm MX 50,,,§_,¬O,,,,,,,,,¤@¯ë,¤@¯ë,,,,,,§_,1.0,,§_,§_,§_,³æ¤è,§_,¥i¥Î,¥i¥Î,¤£¥i¿i,¬O,,1.00,1.00,999.00,999.00,999,999,1,1,0,0,0,0,,µL¹Ï¤ù,,0,,0,,,,,,,,,,,PC,§_,¤£µ¹¥I¶·¦Û¥I,¤£µ¹¥I¶·¦Û¥I,ESTRADIOL,G03CA03,B022683310,§_,SolidDrugForm,TPATCH,,,,,,,,,PH047,202303141642,36.80,46.00
EETH,19960101,99999999,°±¥Î,Ethrane 250mL,Ethrane 250mL,Enflurane,IH,,ZANE,CN-04-01,¥~¥Î,ML,Ethrane,«D²Õ®M,°±¥Î¡A¥i¬dÃþ¦üÃÄ,,¤@¯ë¥i¥Î,¬O,¤£¥i¥ÎÃÄ¥]¾÷,,¤@¯ë,Á`¶q¶i¦ì,¾AÀ³¯g:³Â¾K¡B¦Ù¦×ÃP¦¢§@¥Î,,Indications:Inhalation anesthesia.,,,,,,,¥u¥Î©óªù¶E¤Î¦í°|STAT,,Ethrane 250mL,,,§_,¬O,,,,,,,,,¤@¯ë,¤@¯ë,Äµ »y:À³µø¨ä¦~ÄÖ¡BÅé­«¤Î¯gªp¤©¥H¾A·í¤§¾¯¶q¡A¨Ã¯d·NÆ[¹î,,,,,§_,1.0,,§_,§_,§_,³æ¤è,§_,¥i¥Î,¥i¥Î,¤£¥i¿i,¬O,,1.00,1.00,999.00,999.00,999,999,1,1,0,0,0,0,,µL¹Ï¤ù,,0,,0,,N01AB04,,,,,,,,,ML,§_,¥Ó³ø¤£­p»ù,¥Ó³ø¤£­p»ù,,,,§_,GasLiquidMixture,INHLSOL,,,,,,,,,PH047,202303141642,0,3395.00
EETH7,20150521,99999999,¥i¥Î,75% Ethanol 200mL,75% Ethanol 200mL,Alcohol,EXT,,TDER,DE-01-00,¥~¥Î,¾A¶q,Alcohol,«D²Õ®M,°±¥Î,,¤@¯ë¥i¥Î,¬O,¥i¥ÎÃÄ¥]¾÷,,¤@¯ë,Á`¶q¶i¦ì,¾AÀ³¯g:®ø¬r±þµß,,Indication:Antiseptics & disinfectants.,,¥~ Æ[:200mL³z©ú¤p²~,Appearance:200mL bottle,»´·L§½³¡¤£¾A,Mild local discomfort.,,¥u¥Î©óªù¶E¤Î¦í°|STAT,75% °sºë(­­¥~¥Î),75% Ethanol 200mL,,,,¬O,,¬°¥~¥ÎÃÄ«~¡A ½Ð§½³¡¨Ï¥Î¡A ¤Å±µÄ²²´·ú©Î»~ªA,,For external use. Avoid contact with the eyes or oral consumption.,,³Æµù: ¶}«Ê¹O¤T­Ó¤ë«á½Ð¤Å¦A¨Ï¥Î,Use within 3 month after opening package.,,¤@¯ë,¤@¯ë,Äµ »y: ¥»«~¬°¥~¥ÎÃÄ«~¡A½Ð§½³¡¨Ï¥Î¡A¤Å±µÄ²²´·ú©Î»~ªA¡C,,,0,0,§_,1.0,,§_,¬O,§_,³æ¤è,§_,¥i¥Î,¥i¥Î,¤£¥i¿i,¬O,,1.00,1.00,9.00,9.00,999,999,1,1,99.00,99.00,0,0,,¦³¹Ï¤ù,,0,,0,,D08AX08,,,,,0,,0,,BOT,§_,¤£µ¹¥I¶·¦Û¥I,¤£µ¹¥I¶·¦Û¥I,,,,§_,Liquid,TOPSOL,,,,,,,,,PH047,202303141642,0,35.00
EETO,20141118,99999999,¥i¥Î,Eto gel 10%¡A 40gm,Eto gel 10%¡A 40gm,Etofenamate,EXT,,CNEU,CN-01-02,¥~¥Î,¾A¶q,Teiria gel,«D²Õ®M,°±¥Î,ETON,¤@¯ë¥i¥Î,¬O,¥i¥ÎÃÄ¥]¾÷,,¤@¯ë,Á`¶q¶i¦ì,¾AÀ³¯g:§á¶Ë¡A ¼²¶Ë¡A Ãö¸`ª¢¡A ­·Àã¯gµ¥,,Indication:Relief of pain & inflammation.,,¥~ Æ[:²HÂÅ¦â¥Õ¦â¬Û¶¡³nºÞ,Appearance:Light blue/white tube,¥Ö½§·kÄo¡A ¬õ´³¡A ¥Ö½§¨ë¿E¡A ¹L±Ó©Ê¥Ö½§ª¢¡A ëC³Â¯l,Pruritus¡A erythema¡A irritation¡A allergic contact dermatitis¡A hives,,¬Ò¥i¥Î,©ö§´»Äµh¾®½¦,Eto gel,,,,¬O,,¬°¥~¥ÎÃÄ«~¡A ½Ð§½³¡¨Ï¥Î¡A ¤Å±µÄ²²´·ú©Î»~ªA,,For external use. Avoid contact with the eyes or oral consumption.,,¦p¥ÎÃÄ«á¥X²{³ïµh¡B¤fµÄÂH½¤¼ìÄê¡B¥Ö¯lµ¥¯gª¬¡A¥ß§Y°±ÃÄ¦^¶E,If signs of sore throat¡A mouth ulcers or skin rash occur¡A please consult doctor,,¤@¯ë,¤@¯ë,Äµ »y: ¥»«~¬°¥~¥ÎÃÄ«~¡A½Ð§½³¡¨Ï¥Î¡A¤Å±µÄ²²´·ú©Î»~ªA¡C,,,0,0,§_,99.0,,§_,¬O,§_,³æ¤è,§_,¥i¥Î,°±¥Î,¤£¥i¿i,§_,,1.00,1.00,9.00,9.00,999,999,7,1,99.00,99.00,0,0,,¦³¹Ï¤ù,,0,,0,,M02AA06,,,,,0,,0,,TUB,§_,°·«Oµ¹¥I,°·«Oµ¹¥I,ETOFENAMATE,M02AA06,AC41558345,§_,LiquidSolidSuspension,TOPGEL,,,,,,,,,PH006,202401281045,81.00,101.00
EEURL,19960101,99999999,°±¥Î,Eurax lotion 10%,Eurax lotion 10%,Crotamiton,EXT,,TDER,DE-08-00,¥~¥Î,¾A¶q,Eurax Lotion,«D²Õ®M,°±¥Î,EULE,¤@¯ë¥i¥Î,¬O,¤£¥i¥ÎÃÄ¥]¾÷,,¤@¯ë,Á`¶q¶i¦ì,¾AÀ³¯g:¬Î½H¡B·Ã¯l¡B¯«¸g©Ê¥Ö½§ª¢µ¥,,,,,,,,,,,Eurax lotion 10%,,,§_,¬O,,,,,,,,,¤@¯ë,¤@¯ë,,,,,,§_,99.0,,§_,§_,§_,³æ¤è,§_,¥i¥Î,¥i¥Î,¤£¥i¿i,¬O,,1.00,1.00,999.00,999.00,999,999,7,1,0,0,0,0,,µL¹Ï¤ù,,0,,0,,,,,,,,,,,BOT,§_,¤£µ¹¥I¶·¦Û¥I,¤£µ¹¥I¶·¦Û¥I,CROTAMITON,P03AX91,A042108343,§_,LiquidLiquidEmulsion,TOPLTN,,,,,,,,,PH047,202303141642,0,63.00
EEVR,20050317,99999999,°±¥Î,Evra patch 3's/box,Evra patch 3's/box,Norelgestromin + Estradiol,EXT,QW,HM,CT-01-00,¥~¥Î,¤ù,,«D²Õ®M,°±¥Î¡A¥i¬dÃþ¦üÃÄ,,¤@¯ë¥i¥Î,§_,¤£¥i¥ÎÃÄ¥]¾÷,¥i¥Î,¤@¯ë,Á`¶q¶i¦ì,¾AÀ³¯g:¤k©ÊÁ×¥¥¥Î,,Indications:Female contraception,,¥~ Æ[:¨C²°¦³¤T¤ù,,,,,¥u¥Î©óªù¶E¤Î¦í°|STAT,¥HªÜÁ×¥¥¶K¤ù,Evra patch 3's/box,,,§_,¬O,,,,,,,,,¤@¯ë,¤@¯ë,Äµ »y:Á×§K©â·Ï¡A¦]¥i¯à¼W¥[¤¤­·¡B¦å¶ô¾®¶°¡B°ª¦åÀ£ªº¦MÀI©Ê,,,,,§_,3.0,,§_,§_,§_,³æ¤è,§_,¥i¥Î,¥i¥Î,¤£¥i¿i,§_,,1.00,1.00,1.00,1.00,99,99,1,1,0,0,0,0,,¦³¹Ï¤ù,,0,,0,,,,,,,,,,,²°,§_,¤£µ¹¥I¶·¦Û¥I,¤£µ¹¥I¶·¦Û¥I,,,,§_,SolidDrugForm,TPATHWK,,,,,,,,,PH047,202303141642,0,600.00
EEXE,20050815,99999999,¥i¥Î,Exelderm solution 10mL,Exelderm solution 10mL,Sulconazole Nitrate,EXT,,TDER,DE-03-00,¥~¥Î,¾A¶q,Exelderm,«D²Õ®M,,,¤@¯ë¥i¥Î,¬O,¥i¥ÎÃÄ¥]¾÷,,¤@¯ë,Á`¶q¶i¦ì,¾AÀ³¯g:ªí¥ÖÅðµß·P¬V,,Indications:Fungus infections.,,¥~ Æ[:ÂÅºñ¦â¶ì½¦¥~²~¡A ¥Õ¦â»\¤l,Appearance:Blue/green bottle¡A white cap,¥Ö½§¨`¼ö·P©Î·kÄo©ÎÅÜ¬õ©Î¨ä¥L¥Ö½§¤£¾Aªº±¡§Î,Burning or stinging¡Aitching¡Arednedd of the skin¡Aor other signs of irritation not,,¬Ò¥i¥Î,Àu¨¬¹F²G¾¯,Exelderm solution 10mL,,,§_,¬O,,¬°¥~¥ÎÃÄ«~¡A ½Ð§½³¡¨Ï¥Î¡A ¤Å±µÄ²²´·ú©Î»~ªA,,For external use. Avoid contact with the eyes or oral consumption.,,,,,¤@¯ë,¤@¯ë,Äµ »y: ¥»«~¬°¥~¥ÎÃÄ«~¡A½Ð§½³¡¨Ï¥Î¡A¤Å±µÄ²²´·ú©Î»~ªA¡C,,,,,§_,99.0,,§_,¬O,§_,³æ¤è,§_,¥i¥Î,¥i¥Î,¤£¥i¿i,¬O,,1.00,1.00,9.00,9.00,99,99,7,1,99.00,99.00,0,0,,¦³¹Ï¤ù,,0,,0,,D01AC09,,,,,,,,,BOT,,°·«Oµ¹¥I,°·«Oµ¹¥I,SULCONAZOLE,D01AC09,AC29790329,§_,Liquid,TOPSOL,,,,,,,,,PH022,202312221653,58.00,73.00
EEXEP,20111225,99999999,¥i¥Î,Exelon patch 5,Exelon patch 5,Rivastigmine,EXT,,CNEU,CN-03-10,¥~¥Î,¤ù,,«D²Õ®M,,,¤@¯ë¥i¥Î,¬O,¥i¥ÎÃÄ¥]¾÷,¥i¥Î,¤@¯ë,Á`¶q¶i¦ì,¾AÀ³¯g:ªü´þ®üÀq¤ó¯f¤§¥¢´¼¯g,,Indication:Mild to moderate Alzheimer's disease.,,¥~ Æ[:¨C­Ó«OÅ@³U¤¤©ñ¦³¤@¤ù¶K¤ù,Appearance:Each pouch contains one patch,äú¤ß¡B¹Ã¦R¡B¸¡Âm¡B¸¡µh¡B³à¥¢­¹¼¤,Nausea¡A vomiting¡A diarrhea¡A abdominal pain¡A loss of appetite,,¬Ò¥i¥Î,¾Ð«ä¯à¬ï¥Ö¶K¤ù5,Exelon patch 5,,,¬O,¬O,,¬Û¦Pªº³¡¦ì¦b14¤Ñ¤º¤£¥i­«ÂÐÖß¶K,ÃÄ«~Àx¦s©ó«Ç·Å(¤£¥i¶W¹L30¢J)¡C,The same site should not be used within 14 days.,Store in room temperature ( < 30¢XC).,°¸¦³µt­Â¡B¥­¿Å¥¢½Õ,May feel sleepy¡A dizziness.,,¤@¯ë,¤@¯ë,Äµ»y:¬Û¦Pªº³¡¦ì¦b14¤Ñ¤º¤£¥i­«ÂÐÖß¶K,,¶K¤ù,0,0,§_,1.0,,§_,¬O,§_,³æ¤è,§_,¥i¥Î,¥i¥Î,¤£¥i¿i,¬O,,1.00,1.00,1.00,1.00,999,999,1,1,1.00,1.00,0,0,,¦³¹Ï¤ù,,0,,0,,N06DA03,,,,,,,,,¤ù,§_,°·«Oµ¹¥I,°·«Oµ¹¥I,RIVASTIGMINE,N06DA03,BC252343FA,§_,SolidDrugForm,TPATCH,,,,,,,,,PH047,202401121015,59.00,74.00
EEXO,19960101,99999999,°±¥Î,Exoderil cream 15gm,Exoderil cream 15gm,Naftifine,EXT,,TDER,DE-03-00,¥~¥Î,¾A¶q,Exoderil,«D²Õ®M,°±¥Î¡A¥i¬dÃþ¦üÃÄ,,¤@¯ë¥i¥Î,¬O,¤£¥i¥ÎÃÄ¥]¾÷,,¤@¯ë,Á`¶q¶i¦ì,¾AÀ³¯g:ªí¥ÖÅðµß·P¬V,,Indications:Fungus infections,,,,,,,¥u¥Î©óªù¶E¤Î¦í°|STAT,³tªvº¸³n»I,Exoderil cream 15gm,,,§_,¬O,,,,,,,,,¤@¯ë,¤@¯ë,,,,,,§_,99.0,,§_,§_,§_,³æ¤è,§_,°±¥Î,¥i¥Î,¤£¥i¿i,§_,,1.00,1.00,999.00,999.00,999,999,7,1,0,0,0,0,,µL¹Ï¤ù,,0,,0,,,,,,,,,,,TUB,§_,°·«Oµ¹¥I,°·«Oµ¹¥I,NAFTIFINE,D01AE22,B018021335,§_,LiquidLiquidEmulsion,TOPCRM,,,,,,,,,PH047,202303141643,68.00,82.00
EEXT,19960101,99999999,°±¥Î,Extracomb cream 12gm,Extracomb cream 12gm,Nystatin+Neomycin+Gramicidin+Triamcinolone,EXT,,TDER,DE-05-00,¥~¥Î,¾A¶q,Extracomb,«D²Õ®M,°±¥Î,EEXT1,¤@¯ë¥i¥Î,¬O,¤£¥i¥ÎÃÄ¥]¾÷,,¤@¯ë,Á`¶q¶i¦ì,¾AÀ³¯g:Àã¯l¡B¹L±Ó©Ê©Mµoª¢©Ê¥Ö½§¯f¡A¨Ã§í¨î²Óµß¡BÅðµß¤§·P¬V¯g,,,,,,,,,¥u¥Î©óªù¶E¤Î¦í°|STAT,±d¥iÄR¨Å»I,Extracomb cream 12gm,,,§_,¬O,,,,,,,,,¤@¯ë,¤@¯ë,,,,,,§_,99.0,,§_,§_,§_,³æ¤è,§_,°±¥Î,¥i¥Î,¤£¥i¿i,¬O,,1.00,1.00,999.00,999.00,999,999,7,1,0,0,0,0,,µL¹Ï¤ù,,0,,0,,,,,,,,,,,TUB,§_,°·«Oµ¹¥I,°·«Oµ¹¥I,TRIAMCINOLONE 1MG/GM + GRAMICIDIN 0.25MG/GM + NYSTATIN 100KIU/GM + NEOMYCIN 2.5MG/GM,D07CB01,A023133330,§_,LiquidLiquidEmulsion,TOPCRM,,,,,,,,,PH047,202303141643,24.50,31.00
EEXT1,20070626,99999999,°±¥Î,Extracomb cream 15gm,Extracomb cream 15gm,Nystatin+Neomycin+Gramicidin+Triamcinolone,EXT,,TDER,DE-05-00,¥~¥Î,¾A¶q,Extracomb,«D²Õ®M,°±¥Î,EMYC6,¤@¯ë¥i¥Î,¬O,¤£¥i¥ÎÃÄ¥]¾÷,¥i¥Î,¤@¯ë,Á`¶q¶i¦ì,¾AÀ³¯g:Àã¯l¡A ¹L±Ó©Ê©Mµoª¢©Ê¥Ö½§¯f¡A ¨Ã§í¨î²Óµß¡BÅðµß¤§·P¬V¯g,,Indications:Inflammatory skin lesions.,,¥~ Æ[:¥Õ¦â15gm ³n»I,Appearance:15gm white tube,¥Ö½§µäÁY¡A ¤Ö¨£¦Õ¬r©Ê¡A µÇ¬r©Ê,Skin atrophy¡A rare ototoxicity and nephrotoxicity.,,¥u¥Î©óªù¶E¤Î¦í°|STAT,±d¥iÄR¨Å»I,Extracomb cream,,,§_,¬O,,¬°¥~¥ÎÃÄ«~¡A ½Ð§½³¡¨Ï¥Î¡A ¤Å±µÄ²²´·ú©Î»~ªA,,For external use. Avoid contact with the eyes or oral consumption.,,,,,¤@¯ë,¤@¯ë,Äµ »y: ¥»«~¬°¥~¥ÎÃÄ«~¡A½Ð§½³¡¨Ï¥Î¡A¤Å±µÄ²²´·ú©Î»~ªA¡C,,,,,§_,99.0,,§_,§_,§_,½Æ¤è,§_,°±¥Î,¥i¥Î,¤£¥i¿i,¬O,,1.00,1.00,9.00,9.00,99,99,7,1,99.00,99.00,0,0,,¦³¹Ï¤ù,,0,,0,,D01AA01,D07XB02,D06AX04,,,,,,,TUB,,°·«Oµ¹¥I,°·«Oµ¹¥I,TRIAMCINOLONE 1MG/GM + GRAMICIDIN 0.25MG/GM + NYSTATIN 100KIU/GM + NEOMYCIN 2.5MG/GM,D07CB01,A023133335,§_,LiquidLiquidEmulsion,TOPCRM,,,,,,,,,PH047,202303141643,37.40,49.00
EEXT6,20050831,99999999,°±¥Î,Extracomb cream 6gm,Extracomb cream 6gm,Nystatin+Neomycin+Gramicidin+Triamcinolone,EXT,,TDER,DE-05-00,¥~¥Î,¾A¶q,Extracomb,«D²Õ®M,°±¥Î,EEXT1,¤@¯ë¥i¥Î,¬O,¤£¥i¥ÎÃÄ¥]¾÷,,¤@¯ë,Á`¶q¶i¦ì,¾AÀ³¯g:Àã¯l¡B¹L±Ó©Ê©Mµoª¢©Ê¥Ö½§¯f¡A¨Ã§í¨î²Óµß¡BÅðµß¤§·P¬V¯g,,,,,,,,,¥u¥Î©óªù¶E¤Î¦í°|STAT,±d¥iÄR¨Å»I,Extracomb cream 6gm,,,§_,¬O,,,,,,,,,¤@¯ë,¤@¯ë,Äµ »y: ¥»«~¬°¥~¥ÎÃÄ«~¡A½Ð§½³¡¨Ï¥Î¡A¤Å±µÄ²²´·ú©Î»~ªA¡C,,,,,§_,99.0,,§_,§_,§_,³æ¤è,§_,¥i¥Î,¥i¥Î,¤£¥i¿i,¬O,,1.00,1.00,999.00,999.00,999,999,7,1,0,0,0,0,,µL¹Ï¤ù,,0,,0,,,,,,,,,,,TUB,,°·«Oµ¹¥I,°·«Oµ¹¥I,TRIAMCINOLONE 1MG/GM + GRAMICIDIN 0.25MG/GM + NYSTATIN 100KIU/GM + NEOMYCIN 2.5MG/GM,D07CB01,A023133323,§_,LiquidLiquidEmulsion,TOPCRM,,,,,,,,,PH047,202303141643,18.10,23.00
EEYB,20231220,99999999,¥i¥Î,Eybelis 0.002% 2.5mL ophthalmic solution,Eybelis 0.002% 2.5mL ophthalmic solution,Omidenepag isopropyl,OU,QD,TOPH,OP-05-05,¥~¥Î,ºw,,«D²Õ®M,,,¤@¯ë¥i¥Î,¬O,¥i¥ÎÃÄ¥]¾÷,±ø¥ó¤Uµ¹¥I,¤@¯ë,Á`¶q¶i¦ì,¾AÀ³¯g:ªvÀø¶¨¨¤¶}©ñ©Ê«C¥ú²´¤Î°ª²´À£¯g¡C,,Indication: Open-angle glaucoma¡A high intraocular pressure.,,¥~ Æ[: 2.5²@¤ÉÂI²´²~¡B¥Õ¦â»\¤l¡C,Appearance: 2.5mL dropper bottle with a white cap.,µ²½¤¥R¦å¡B¬È¥ú¡B²´³¡¤£¾A/¯kµh¡B¶À´³¤ô¸~¡B­i½¤ª¢¡C,Conjunctival redness¡A photophobia¡A eye discomfort/pain¡A macular edema¡A iritis.,,¬Ò¥i¥Î,·R­¿¤OÂI²´²G 0.002% 2.5²@¤É,Eybelis 0.002% 2.5mL eyedrop,,,,¬O,,³Æµù¡G­Y¦P®É¨Ï¥Î¨âºØ²´ÃÄ¤ô¡A½Ð¶¡¹j5¤ÀÄÁ¡C­YµLÂå®v«ü¥Ü¡A«hµL¥ý«á¶¶§Ç¡C,¨Ï¥Î«á·|µø¤O¼Ò½k¡AÀ³Á×§K¾r¾p¨T¡B¾÷¨®©Î¾Þ§@¾÷±ñ¡C,If using two eye drops together¡A please wait 5 minutes between applications.,Avoid driving¡A riding motorcycles¡A or operating machinery after use.,Á×¥ú«O¦s¡A¥¼¶}«Ê»Ý§NÂÃ(2-8¢XC)¡A¶}«Ê«á¥i30¢XC¥H¤U«O¦s¤@­Ó¤ë¡C,Store away from light: unopened (2-8¢XC)¡A opened (<30¢XC) for one month.,2023Q4 ÃÄ©e·s¶i,¤@¯ë,¤@¯ë,³Æµù¡G­Y¦P®É¨Ï¥Î¨âºØ²´ÃÄ¤ô¡A½Ð¶¡¹j5¤ÀÄÁ¡C­YµLÂå®v«ü¥Ü¡A«hµL¥ý«á¶¶§Ç¡C,,,0,0,§_,50.0,,§_,¬O,§_,³æ¤è,,¥i¥Î,¥i¥Î,¤£¥i¿i,¬O,,1.00,1.00,1.00,1.00,999,999,28,28,2.00,2.00,0,0,,¦³¹Ï¤ù,,0,,0,,S01EX06,,,,,0,,0,,BOT,,°·«Oµ¹¥I,°·«Oµ¹¥I,OMIDENEPAG ISOPROPYL,S01EX06,BC27906414,,AdministrableDrugForm,OPDROP,,,0,,0,,,,PH047,202402191432,415.00,498.00
EFDF,20031012,99999999,°±¥Î,´I«Òªâ¶K¤ù(4¤ù/¥]),´I«Òªâ¶K¤ù(4¤ù/¥]),Flurbiprofen,EXT,,CNEU,CN-01-02,¥~¥Î,¤ù,,«D²Õ®M,°±¥Î,EFLUR,¤@¯ë¥i¥Î,¬O,¤£¥i¥ÎÃÄ¥]¾÷,±ø¥ó¤Uµ¹¥I,¤@¯ë,Á`¶q¶i¦ì,¾AÀ³¯g¡GÃö¸`¦Ù¸xª¢¯g¡B¥~¶Ë¤§¸~µÈ¯kµhµ¥¯gª¬¤§Âíµh®øª¢,,,,¥~ Æ[:¨C¥]¦³¥|¤ù,,,,,¥u¥Î©óªù¶E¤Î¦í°|STAT,´I«Òªâ¶K¤ù,´I«Òªâ¶K¤ù(4¤ù/¥]),,,§_,¬O,,,,,,,,,¤@¯ë,¤@¯ë,,,,,,§_,4.0,,§_,§_,§_,³æ¤è,§_,¥i¥Î,¥i¥Î,¤£¥i¿i,§_,,1.00,1.00,2.00,2.00,99,99,1,1,0,0,0,0,,µL¹Ï¤ù,,0,,0,,,,,,,,,,,¤ù,,°·«Oµ¹¥I,°·«Oµ¹¥I,FLURBIPROFEN,M02AA19,A040358345,§_,SolidDrugForm,TPATCH,,,,,,,,,PH047,202303141643,12.30,15.00
EFEM,19960101,99999999,°±¥Î,Femstat VS 100mg,Femstat VS 100mg,Butoconazole,VAG,HS,SGU,UR-01-00,¥~¥Î,V.T,Femstat VS,«D²Õ®M,°±¥Î¡A¥i¬dÃþ¦üÃÄ,,¤@¯ë¥i¥Î,¬O,¤£¥i¥ÎÃÄ¥]¾÷,,¤@¯ë,Á`¶q¶i¦ì,¾AÀ³¯g:Åðµß¤Þ°_¤§³±¹Dª¢,,,,,,,,,,ªâ¥q±o³±¹D®ê¾¯,Femstat VS 100mg,,,§_,¬O,,,,,,,,,¤@¯ë,¤@¯ë,Äµ »y:³±¹D®ê¾¯¸m©ó25¢J¥H¤UÀx¦s¡A ½Ð¥ý¥h°£¥~¥]¸Ë«á¦A¥Î,,,,,§_,1.0,,§_,§_,§_,³æ¤è,§_,¥i¥Î,¥i¥Î,¤£¥i¿i,¬O,,1.00,1.00,1.00,1.00,3,3,3,1,0,0,0,0,,µL¹Ï¤ù,,0,,0,,,,,,,,,,,V.T,§_,°·«Oµ¹¥I,°·«Oµ¹¥I,BUTOCONAZOLE,G01AF15,A032378500,§_,SolidDrugForm,VAGSUPP,,,,,,,,,PH047,202303141643,31.60,40.00
EFEN,19960101,99999999,¥i¥Î,Fentanyl patch 25mcg/hr,Fentanyl patch 25mcg/hr,Fentanyl,EXT,Q3D,CNEU,CN-01-01,¥~¥Î,¤ù,Durogesic,«D²Õ®M,,EDUR2,¤@¯ë¥i¥Î,¬O,¥i¥ÎÃÄ¥]¾÷,¥i¥Î,¤@¯ë,Á`¶q¶i¦ì,¾AÀ³¯g:¥Î©óºC©Ê¯kµh©M¹x©T©Ê¯kµhªº³Â¾K©Ê¤îµh¾¯,,Indication:Narcotic analgesics for chronic/intractable pain,,¥~ Æ[:¾Tºä¥~¥]¡A ¨C¥]1¤ù,Appearance:Each pouch contains one patch,¤ß·i®}½w¡A ¤ô¸~¡A ¤¤¼Ï¯«¸g§í¨î¡A §x´b¡A ·w¯t¡A ©ü©ü±ýºÎ,Bradycardia¡A edema¡A CNS depression¡A confusion¡A dizziness¡Adrowsiness,,¥u¥Î©óªù¶E¤Î¦í°|STAT,§h©Z¥§¶K¤ù25·L¤½§J/¤p®É,Fentanyl patch 25mcg/hr,,,¬O,¬O,,½Ð¿í·ÓÂå®v«ü¥Ü¥ÎÃÄ¡A ¤Å¦Û¦æ§ó§ï¾¯¶q©Î¥ÎÃÄ®É¶¡,,Follow doctor's advice. Do not change your dose or schedule.,,,,,¤@¯ë,¤G¯ÅºÞ¨î,Äµ »y:½Ð¿í·ÓÂå®v«ü¥Ü¥ÎÃÄ¡A¤Å¦Û¦æ§ó§ï¾¯¶q©Î¥ÎÃÄ®É¶¡¡C,Äµ °ªÄµ°T,,,,§_,1.0,,¬O,¬O,§_,³æ¤è,§_,°±¥Î,°±¥Î,¤£¥i¿i,§_,,1.00,1.00,6.00,6.00,15,15,1,1,6.00,6.00,0,0,,¦³¹Ï¤ù,,0,,0,,N02AB03,,,,,,,,,PC,§_,°·«Oµ¹¥I,°·«Oµ¹¥I,FENTANYL,N02AB03,AC50018311,§_,SolidDrugForm,TPATCH,,,,,,,,,PH047,202401121017,220.00,264.00
EFEN5,20081013,99999999,°±¥Î,DUROGESIC 50mcg/hr,DUROGESIC 50mcg/hr,Fentanyl,EXT,Q3D,CNEU,CN-01-01,¥~¥Î,¤ù,Fentanyl patch,«D²Õ®M,Á{±ÄÃÄ¡A½Ð³qª¾ÃÄ§½¥~ÁÊ,,¤@¯ë¥i¥Î,¬O,¤£¥i¥ÎÃÄ¥]¾÷,,¤@¯ë,Á`¶q¶i¦ì,¾AÀ³¯g:³Â¾K©Ê¤îµh§@¥Î,,Indications:Chronic pain & intractable pain.,,¥~ Æ[: ¾Tºä¥~¥]¡A ¨C¥]1¤ù¡C,Appearance:Each pouch contains one patch,,,,¥u¥Î©óªù¶E¤Î¦í°|STAT,§h©Z¥§¶K¤ù 50,DUROGESIC 50mcg/hr,,,§_,¬O,,,,,,,,,¤@¯ë,¤G¯ÅºÞ¨î,Äµ »y:½Ð¿í·ÓÂå®v«ü¥Ü¥ÎÃÄ¡A¤Å¦Û¦æ§ó§ï¾¯¶q©Î¥ÎÃÄ®É¶¡¡C,Äµ °ªÄµ°T,,,,§_,1.0,,§_,§_,§_,³æ¤è,§_,°±¥Î,°±¥Î,¤£¥i¿i,¬O,,1.00,1.00,3.00,3.00,15,15,1,1,0,0,0,0,,¦³¹Ï¤ù,,0,,0,,N02AB03,,,,,,,,,PC,,°·«Oµ¹¥I,°·«Oµ¹¥I,FENTANYL,N02AB03,B022899321,§_,SolidDrugForm,TPATCH,,,,,,,,,PH047,202303141643,670.00,804.00
EFLA,19960101,99999999,°±¥Î,Flamazine cream 1% 50gm,Flamazine cream 1% 50gm,Silver Sulfadiazine,EXT,,TDER,DE-02-00,¥~¥Î,¾A¶q,Silver Sulfadiazine cream,«D²Õ®M,°±¥Î,ESIL,¤@¯ë¥i¥Î,¬O,¤£¥i¥ÎÃÄ¥]¾÷,°·«O¤£µ¹¥I,¤@¯ë,Á`¶q¶i¦ì,¾AÀ³¯g:¿N¿S¶Ë,,,,,,,,,¥u¥Î©óªù¶E¤Î¦í°|STAT,,Flamazine cream 1% 50gm,,,§_,¬O,,,,,,,,,¤@¯ë,¤@¯ë,,,,,,§_,99.0,,§_,§_,§_,³æ¤è,§_,¥i¥Î,¥i¥Î,¤£¥i¿i,§_,,1.00,1.00,999.00,999.00,999,999,7,1,0,0,0,0,,µL¹Ï¤ù,,0,,0,,,,,,,,,,,TUB,§_,¤£µ¹¥I¶·¦Û¥I,¤£µ¹¥I¶·¦Û¥I,SULFADIAZINE,D06BA01,B019560348,§_,LiquidLiquidEmulsion,TOPCRM,,,,,,,,,PH047,202303141643,0,304.00
EFLAR,20040901,99999999,°±¥Î,Flarex 0.1%¡A 5mL,Flarex 0.1%¡A 5mL,Fluorometholone,OU,,TOPH,OP-03-00,¥~¥Î,ºw,FML,«D²Õ®M,°±¥Î¡A¥i¬dÃþ¦üÃÄ,,¤@¯ë¥i¥Î,¬O,¤£¥i¥ÎÃÄ¥]¾÷,,¤@¯ë,Á`¶q¶i¦ì,¾AÀ³¯g:²´·úµoª¢,,Indications:Inflammation of the eye.,,¥~ Æ[:¥Õ¦â5mL¶ì½¦¥~²~,,µøÄ±´î°h©Î¼Ò½k¡A ²´·úµoª¢¡A ²´·ú¯kµh¡A äú¤ß¡A ¹Ã¦R,Decreased vision¡A eye infection¡A eye pain¡A gradual blurring or loss of vision¡A n,,¥u¥Î©óªù¶E¤Î¦í°|STAT,©Øª¢²´¥Î²G,Flarex 0.1%¡A 5mL,,,§_,¬O,,°£Âå®v«ü¥Ü¥~¡A ½Ð¤Åªø´Á©Î±K¶°¦a«ùÄò¨Ï¥Î,,Follow doctor's advice. Do not use this medicine for long term.,,³Æµù: ­Y¦P®É¨Ï¥Î¨âºØ²´ÃÄ¤ô¡A ½Ð¶¡¹j5¤ÀÄÁ¡A ­YµLÂå®v«ü¥Ü¡A µL¥ý«á¨Ï¥Î¶¶§Ç,,,¤@¯ë,¤@¯ë,Äµ »y:°£Âå®v«ü¥Ü¥~¡A½Ð¤Åªø´Á©Î±K¶°¦a«ùÄò¨Ï¥Î,,,,,§_,100.0,,§_,§_,§_,³æ¤è,§_,¥i¥Î,¥i¥Î,¤£¥i¿i,§_,,1.00,1.00,1.00,1.00,999,999,7,1,8.00,8.00,0,0,,¦³¹Ï¤ù,,0,,0,,S01BA07,,,,,,,,,BOT,,°·«Oµ¹¥I,°·«Oµ¹¥I,FLUOROMETHOLONE,S01BA07,B018333421,§_,AdministrableDrugForm,OPDROP,,,,,,,,,PH047,202303141643,17.60,22.00
EFLE,19960101,99999999,¥i¥Î,Atomic enema 20mL,Atomic enema 20mL,Sod Chloride,RECT,ASORDER,ALIM,GI-03-00,¥~¥Î,­Ó,Glycerin ball,«D²Õ®M,,,¤@¯ë¥i¥Î,¬O,¥i¥ÎÃÄ¥]¾÷,°·«O¤£µ¹¥I,¤@¯ë,Á`¶q¶i¦ì,¾AÀ³¯g: ½w¸Ñ«K¯µ¡A©ÎÀË¬d«e²M¸z¹D,,Indications:Intestinal stimulant¡A promotes peristalsis.,,¥~ Æ[:ÂÅ¦â¶ì½¦¥~«¬,Appearance:Blue plastic suppository,ª½¸z¨ë¿E,Rectal irritation,,,­ì¤lÒF¸z,Atomic enema(sod. chloride),,,§_,¬O,,½Ð°È¥²¥ý±N®e¾¹«eºÝ¶ì½¦»\¨ú±¼«á¡A ¦A´¡¤J¨zªù¤ºª`¤JÃÄ²G,,Take the lid off before using this medicine.,,,,,¤@¯ë,¤@¯ë,Äµ »y:½Ð°È¥²¥ý±N®e¾¹«eºÝ¶ì½¦»\¨ú±¼«á¡A ¦A´¡¤J¨zªù¤ºª`¤JÃÄ²G,,,,,§_,1.0,,§_,¬O,§_,³æ¤è,§_,°±¥Î,°±¥Î,¤£¥i¿i,¬O,,1.00,1.00,3.00,3.00,999,999,1,1,6.00,6.00,0,0,,¦³¹Ï¤ù,,0,,0,,B05CB01,,,,,,,,,PC,§_,¤£µ¹¥I¶·¦Û¥I,¤£µ¹¥I¶·¦Û¥I,,,,§_,Liquid,ENEMA,,,,,,,,,PH047,202303141643,0,6.00
EFLI,19960101,99999999,°±¥Î,Flixotide Accuhaler 50mcg/dose,Flixotide Accuhaler 50mcg/dose,Fluticasone,IH,,ERSP,RE-03-00,¥~¥Î,PFF,Flixotide Accuhaler,«D²Õ®M,°±¥Î¡A¥i¬dÃþ¦üÃÄ,,¤w°±¥Î,¬O,¤£¥i¥ÎÃÄ¥]¾÷,,¤@¯ë,Á`¶q¶i¦ì,¾AÀ³¯g:¹w¨¾©ÊªvÀø¦¨¤H¤Î¨àµ£®ð³Ý,,,,,,,,,,,Flixotide Accuhaler 50mcg/do,,,§_,¬O,,,,,,,,,¤@¯ë,¤@¯ë,Äµ »y:§l¤J¾¯¡A¨Ï¥Î«á©yº¤¤f,,,,,§_,60.0,,§_,§_,§_,³æ¤è,§_,¥i¥Î,¥i¥Î,¤£¥i¿i,¬O,,1.00,1.00,999.00,999.00,999,999,1,1,0,0,0,0,,µL¹Ï¤ù,,0,,0,,,,,,,,,,,BOT,§_,°·«Oµ¹¥I,°·«Oµ¹¥I,FLUTICASONE PROPIONATE,R03BA05,B021922116,§_,GasSolidSpray,BAINHLPWD,,,,,,,,,PH047,202303141643,243.00,340.00
EFLIA,19960101,99999999,°±¥Î,Flixotide Accuhaler 250mcg/dos,Flixotide Accuhaler 250mcg/dos,Fluticasone,IH,,ERSP,RE-03-00,¥~¥Î,PFF,Flixotide Accuhaler,«D²Õ®M,°±¥Î¡A¥i¬dÃþ¦üÃÄ,,¤w°±¥Î,¬O,¤£¥i¥ÎÃÄ¥]¾÷,,¤@¯ë,Á`¶q¶i¦ì,¾AÀ³¯g:¹w¨¾©ÊªvÀø¦¨¤H¤Î¨àµ£®ð³Ý,,,,,,,,,¥u¥Î©óªù¶E¤Î¦í°|STAT,,Flixotide Accuhaler 250mcg/d,,,§_,¬O,,,,,,,,,¤@¯ë,¤@¯ë,Äµ »y:§l¤J¾¯¡A¨Ï¥Î«á©yº¤¤f,,,,,§_,60.0,,§_,§_,§_,³æ¤è,§_,°±¥Î,¥i¥Î,¤£¥i¿i,§_,,1.00,1.00,999.00,999.00,60,999,20,1,0,0,0,0,2.00,µL¹Ï¤ù,,0,,0,,,,,,,,,,,BOT,§_,°·«Oµ¹¥I,°·«Oµ¹¥I,FLUTICASONE PROPIONATE,R03BA05,B021921135,§_,GasSolidSpray,BAINHLPWD,,,,,,,,,PH047,202303141643,575.00,690.00
EFLIE,20040915,99999999,¥i¥Î,Flixotide 50mcg evohaler 120dose,Flixotide 50mcg evohaler 120dose,Fluticasone,IH,,ERSP,RE-03-00,¥~¥Î,PFF,Flixotide,«D²Õ®M,,,¥»°|Á{±Ä²M³æ,¬O,¥i¥ÎÃÄ¥]¾÷,¥i¥Î,¤@¯ë,Á`¶q¶i¦ì,¾AÀ³¯g:¹w¨¾©ÊªvÀø¨àµ£®ð³Ý,,Indications:Prevention and treat asthma for children.,,¥~ Æ[:¥Õ/¾ï¦â¥~¥]¸Ë,Appearance:White/orange box,«y¹Â¡A ÀYµh¡A Án­µ¼R°×¡A µL­¹¼¤¡A ¬y»ó¤ô©Î»ó¶ë,Cough; headache; hoarseness; loss of appetite; runny¡Astuffy nose,,¬Ò¥i¥Î,»²µÎà¬Àu¬t §l¤J¾¯¡@,Flixotide 50mcg evohaler 120,,,§_,¬O,,§l¤J¾¯¡A ¨Ï¥Î«á©yº¤¤f,,For inhalation only. Gargle after using.,,,,,¤@¯ë,¤@¯ë,Äµ »y:§l¤J¾¯¡A¨Ï¥Î«á©yº¤¤f,,,,,§_,120.0,,§_,¬O,§_,³æ¤è,§_,¥i¥Î,¥i¥Î,¤£¥i¿i,¬O,,1.00,1.00,2.00,2.00,60,60,28,1,20.00,20.00,0,0,2.00,¦³¹Ï¤ù,,0,,0,,R03BA05,,,,,,,,,BOT,,°·«Oµ¹¥I,°·«Oµ¹¥I,FLUTICASONE PROPIONATE,R03BA05,BC23755123,§_,GasSolidSpray,MDINHLPWD,,,,,,,,,PH006,202403211221,187.00,224.00
EFLII,19960101,99999999,°±¥Î,Flixotide 50 Inhaler 50mcg/dose,Flixotide 50 Inhaler 50mcg/dose,Fluticasone,IH,,ERSP,RE-03-00,¥~¥Î,PFF,,«D²Õ®M,°±¥Î¡A¥i¬dÃþ¦üÃÄ,,¤@¯ë¥i¥Î,¬O,¤£¥i¥ÎÃÄ¥]¾÷,,¤@¯ë,Á`¶q¶i¦ì,¾AÀ³¯g:¹w¨¾©ÊªvÀø¨àµ£®ð³Ý,,,,,,,,,,,Flixotide 50 Inhaler 50mcg/d,,,§_,¬O,,,,,,,,,¤@¯ë,¤@¯ë,Äµ »y:§l¤J¾¯¡A¨Ï¥Î«á©yº¤¤f,,,,,§_,60.0,,§_,§_,§_,³æ¤è,§_,°±¥Î,¥i¥Î,¤£¥i¿i,¬O,,1.00,1.00,999.00,999.00,60,999,30,1,0,0,0,0,2.00,µL¹Ï¤ù,,0,,0,,,,,,,,,,,BOT,§_,¤£µ¹¥I¶·¦Û¥I,¤£µ¹¥I¶·¦Û¥I,,,,§_,GasSolidSpray,MDINHLPWD,,,,,,,,,PH047,202303141644,0,217.00
EFLIN,20020107,99999999,°±¥Î,Flixonase nasal spray 0.05%,Flixonase nasal spray 0.05%,Fluticasone,IN,,TENT,EN-02-00,¥~¥Î,PFF,Flixonase,«D²Õ®M,°±¥Î¡A¥i¬dÃþ¦üÃÄ,,¤@¯ë¥i¥Î,¬O,¥i¥ÎÃÄ¥]¾÷,¥i¥Î,¤@¯ë,Á`¶q¶i¦ì,¾AÀ³¯g:¹L±Ó©Ê»óª¢,,,,,,,,,¥u¥Î©óªù¶E¤Î¦í°|STAT,»²µÎ¨} »ó¥Î¼Q¾¯,Flixonase nasal spray 0.05%,,,§_,¬O,,,,,,,,,¤@¯ë,¤@¯ë,Äµ »y:§l¤J¾¯¡A¨Ï¥Î«á©yº¤¤f,,,,,§_,120.0,,§_,§_,§_,³æ¤è,§_,°±¥Î,¥i¥Î,¤£¥i¿i,§_,,1.00,1.00,2.00,2.00,99,99,30,1,0,0,0,0,2.00,µL¹Ï¤ù,,0,,0,,,,,,,,,,,BOT,,°·«Oµ¹¥I,°·«Oµ¹¥I,FLUTICASONE,R01AD08,B021477423,§_,GasLiquidMixture,NASSPRY,,,,,,,,,PH047,202303141644,326.00,391.00
EFLO,20220117,99999999,¥i¥Î,Ofloxin otic solution 0.3%¡A 5mL,Ofloxin otic solution 0.3%¡A 5mL,Ofloxacin,AU,,TENT,EN-01-00,¥~¥Î,ºw,Tarivid,«D²Õ®M,,,¤@¯ë¥i¥Î,¬O,¥i¥ÎÃÄ¥]¾÷,¥i¥Î,¤@¯ë,Á`¶q¶i¦ì,¾AÀ³¯g:¦Õ¥Îºw¾¯¡A ªvÀø¥~¦Õª¢¡A «æ¡A ºC©Ê¤¤¦Õª¢,,Indication:Otic solution for ear infection.,,¥~ Æ[:5mL¶ì½¦²~¸ËÃÄ¤ô,Appearance:5mL plastic bottle of otic solution,¦Õ¦··kÄo¡A¯kµh¡A·w¯t(ÃÄ²G·Å«×¹L§C®É),Ear itching¡A earach¡A dizziness (when the temperature of the medicine is too low),,¬Ò¥i¥Î,¦Õ´¶ªYÂI¦Õ²G0.3%,Ofloxin otic solution 0.3%¡A,,,,¬O,,¬°¥~¥ÎÃÄ«~¡A ½Ð§½³¡¨Ï¥Î¡A ¤Å±µÄ²²´·ú©Î»~ªA,,For external use. Avoid contact with the eyes or oral consumption.,,¶}²~ª`·N¨Æ¶µ:¨Ï¥Î«e¥ý¶¶®É°w±Ûºò«á¦A°f®É°w¶}²~¡A¥H§QÃÄ²Gºw¥X,Precautions at the first time:Tighten the cap clockwise before use¡A then open it,2022.01[ETAR]°±²£´À¥N,¤@¯ë,¤@¯ë,Äµ »y: ¥»«~¬°¥~¥ÎÃÄ«~¡A½Ð§½³¡¨Ï¥Î¡A¤Å±µÄ²²´·ú©Î»~ªA¡C,,,0,0,§_,100.0,,§_,¬O,§_,³æ¤è,§_,°±¥Î,°±¥Î,¤£¥i¿i,¬O,,6.00,6.00,10.00,10.00,999,999,7,7,30.00,30.00,0,0,,¦³¹Ï¤ù,,0,,0,,S02AA16,,,,,0,,0,,BOT,,°·«Oµ¹¥I,°·«Oµ¹¥I,OFLOXACIN,S02AA16,AC59063421,§_,AdministrableDrugForm,OTDROP,,,0,,0,,,,PH022,202312221654,48.90,64.00
EFLU,19960101,99999999,°±¥Î,Fluothane 250mL,Fluothane 250mL,Halothane,IH,,ZANE,CN-04-01,¥~¥Î,BOT,Fluothane,«D²Õ®M,°±¥Î¡A¥i¬dÃþ¦üÃÄ,,¤@¯ë¥i¥Î,¬O,¤£¥i¥ÎÃÄ¥]¾÷,,¤£¦LÃÄÅÒ,Á`¶q¶i¦ì,¾AÀ³¯g:³Â¾K¾¯,,Indication: Anaesthesia.,,,,,,,¥u¥Î©óªù¶E¤Î¦í°|STAT,,Fluothane 250mL,,,§_,¬O,,,,,,,,,¤@¯ë,¤@¯ë,Äµ »y:À³µø¨ä¦~ÄÖ¡BÅé­«¤Î¯gªp¤©¥H¾A·í¤§¾¯¶q¡A¨Ã¯d·NÆ[¹î,,,,,§_,1.0,,§_,§_,§_,³æ¤è,§_,¥i¥Î,¥i¥Î,¤£¥i¿i,¬O,,1.00,1.00,999.00,999.00,999,999,1,1,0,0,0,0,,µL¹Ï¤ù,,0,,0,,N01AB01,,,,,,,,,BOT,§_,¥Ó³ø¤£­p»ù,¥Ó³ø¤£­p»ù,,,B014353165,§_,GasLiquidMixture,INHLSOL,,,,,,,,,PH047,202303141644,0,1116.00
EFLUC,20091001,99999999,°±¥Î,Flucason oph soln 0.02%¡A 5mL,Flucason oph soln 0.02%¡A 5mL,Fluorometholone,OU,,TOPH,OP-03-00,¥~¥Î,ºw,FML,«D²Õ®M,°±¥Î,EFOX,¤@¯ë¥i¥Î,¬O,¤£¥i¥ÎÃÄ¥]¾÷,¥i¥Î,¤@¯ë,Á`¶q¶i¦ì,¾AÀ³¯g:²´·úµoª¢,,Indication:Inflammation of the eye.,,¥~ Æ[:¥Õ¦â¥~²~¯»¬õ¦â»\¤l,Appearance:White eye drop bottle¡A pink cap,µøÄ±´î°h©Î¼Ò½k¡A ²´·ú·P¬V¡A ²´·ú¯kµh¡A äú¤ß¡A ¹Ã¦R,Decreased vision¡A eye infection¡A eye pain¡A gradual blurring or loss of vision¡A n,,¬Ò¥i¥Î,Å@±dµøÄa¿BÂI²´²G,Flucason oph soln 0.02%¡A 5mL,,,§_,¬O,,°£Âå®v«ü¥Ü¥~¡A ½Ð¤Åªø´Á©Î±K¶°¦a«ùÄò¨Ï¥Î,,Follow doctor's advice. Do not use this medicine for long term.,,,,102¦~²Ä¥|¦¸ÃÄ©e·|¨MÄ³§R°£,¤@¯ë,¤@¯ë,Äµ »y:°£Âå®v«ü¥Ü¥~¡A½Ð¤Åªø´Á©Î±K¶°¦a«ùÄò¨Ï¥Î,,,,,§_,100.0,,§_,§_,§_,³æ¤è,§_,°±¥Î,¥i¥Î,¤£¥i¿i,¬O,,1.00,1.00,1.00,1.00,999,999,7,1,99.00,99.00,0,0,,¦³¹Ï¤ù,,0,,0,,S01BA07,,,,,,,,,BOT,,°·«Oµ¹¥I,°·«Oµ¹¥I,FLUOROMETHOLONE,S01BA07,A046103421,§_,AdministrableDrugForm,OPDROP,,,,,,,,,PH047,202303141644,19.30,25.00
EFLUR,20050317,99999999,¥i¥Î,Flurbi PAP(4¤ù/¥]),Flurbi PAP (4 patchs/pack),Flurbiprofen,EXT,QOD,CNEU,CN-01-02,¥~¥Î,¤ù,,«D²Õ®M,,,¤@¯ë¥i¥Î,¬O,¥i¥ÎÃÄ¥]¾÷,±ø¥ó¤Uµ¹¥I,¤@¯ë,Á`¶q¶i¦ì,¾AÀ³¯g:Ãö¸`¦Ù¸xª¢¯g¡A ¥~¶Ë¤§¸~µÈ¯kµhµ¥¯gª¬¤§Âíµh®øª¢,,Indication:Relief of pain¡A inflammation.,,¥~ Æ[:¨C¥]¦³¥|¤ù,Appearance:Each pouch contains four patches,§½³¡¨ë¿E,Local irritation,,¥u¥Î©óªù¶E¤Î¦í°|STAT,µá¤ñÃÄ½¦¥¬,Flurbi PAP (4 patchs/pack),,,§_,¬O,,¬°¥~¥ÎÃÄ«~¡A ½Ð§½³¡¨Ï¥Î¡A ¤Å±µÄ²²´·ú©Î»~ªA,,For external use. Avoid contact with the eyes or oral consumption.,,¦p¥ÎÃÄ«á¥X²{³ïµh¡B¤fµÄÂH½¤¼ìÄê¡B¥Ö¯lµ¥¯gª¬¡A¥ß§Y°±ÃÄ¦^¶E,If signs of sore throat¡A mouth ulcers or skin rash occur¡A please consult doctor,,¤@¯ë,¤@¯ë,Äµ »y: ¥»«~¬°¥~¥ÎÃÄ«~¡A½Ð§½³¡¨Ï¥Î¡A¤Å±µÄ²²´·ú©Î»~ªA¡C,,,,,§_,4.0,,§_,¬O,¬O,³æ¤è,§_,°±¥Î,°±¥Î,¤£¥i¿i,¬O,,1.00,1.00,2.00,2.00,999,999,1,1,2.00,2.00,0,0,,¦³¹Ï¤ù,,0,,0,,M02AA19,M01AE09,,,,,,,,¤ù,§_,°·«Oµ¹¥I,°·«Oµ¹¥I,FLURBIPROFEN,M02AA19,AC43493345,§_,SolidDrugForm,TPATCH,,,,,,,,,PH047,202401121019,5.30,7.00
EFLUS,20131031,99999999,¥i¥Î,Flusalic ointment 15gm,Flusalic ointment 15gm,Flumethasone + Salicylic Acid,EXT,,TDER,DE-05-00,¥~¥Î,¾A¶q,,«D²Õ®M,,,¤@¯ë¥i¥Î,¬O,¥i¥ÎÃÄ¥]¾÷,,¤@¯ë,Á`¶q¶i¦ì,¾AÀ³¯g:¯Ê¯×¥Ö½§µoª¢©Î°®Å~¡A ÀY¥Ö®hµ¥¯gª¬,,Indication:Eczema¡A neurodermatitis¡A hyperkeratosis.,,¥~ Æ[:¶À¦â¥Õ¦â¬Û¶¡15gm³nºÞ¡A ¶Â¦â»\¤l,Appearance:15gm yellow/white tube,»´·L¦Óµu¼Èªº¨`¼ö¨ëµh·P¡A ªø´Á¨Ï¥Î©ö²£¥Í¯»¨ë,Mild transient burning sensation¡A steroid acne particularly,,¬Ò¥i¥Î,½§²zµÎ±o,Flusalic ointment 15gm,,,§_,¬O,,¬°¥~¥ÎÃÄ«~¡A ½Ð§½³¡¨Ï¥Î¡A ¤Å±µÄ²²´·ú©Î»~ªA,,For external use. Avoid contact with the eyes or oral consumption.,,,,102¦~²Ä¥|¦¸ÃÄ©e·|¨MÄ³´À¥N,¤@¯ë,¤@¯ë,Äµ »y: ¥»«~¬°¥~¥ÎÃÄ«~¡A½Ð§½³¡¨Ï¥Î¡A¤Å±µÄ²²´·ú©Î»~ªA¡C,,,0,0,§_,99.0,,§_,¬O,§_,½Æ¤è,§_,¥i¥Î,¥i¥Î,¤£¥i¿i,¬O,,1.00,1.00,9.00,9.00,999,999,7,1,999.00,999.00,0,0,,¦³¹Ï¤ù,,0,,0,,D07XB01,D01AE12,D07AB03,,,,,,,TUB,§_,°·«Oµ¹¥I,°·«Oµ¹¥I,FLUMETHASONE 0.2MG/GM + SALICYLIC ACID 30MG/GM,D07XB01,AC41570335,§_,LiquidLiquidEmulsion,TOPOINT,,,,,,,,,PH022,202312221654,37.20,48.00
EFLUT,20160427,99999999,¥i¥Î,Fluticosone cream 0.05%¡A 5gm,Fluticosone cream 0.05%¡A 5gm,Fluticasone,EXT,,TDER,DE-06-00,¥~¥Î,¾A¶q,Cutivate,«D²Õ®M,,,¤@¯ë¥i¥Î,¬O,¥i¥ÎÃÄ¥]¾÷,¥i¥Î,¤@¯ë,Á`¶q¶i¦ì,¾AÀ³¯g:½w¸Ñ¥Ö½§¯f¤§µoª¢¥H¤Î·kÄo¯gª¬,,Indication:Relief of inflammatory dermatoses.,,¥~ Æ[:5¤½§J¥Õ¦â³nºÞ,Appearance: 5gm white tube,¥Ö½§°_¤ôªw¡A µoÄo¡A ¨`¼ö·P¡A ±Ó·P©Ê¼W¥[¡A ¶Ë¤fÂ¡¦X®t,Blisters¡A burning¡A itching of skin¡A increased skin sensitivity¡A lack of healing,,¬Ò¥i¥Î,¥þ¨Î½§¨Å»I,Fluticosone cream 0.05%¡A 5gm,,,,¬O,,¬°¥~¥ÎÃÄ«~¡A ½Ð§½³¡¨Ï¥Î¡A ¤Å±µÄ²²´·ú©Î»~ªA,,For external use. Avoid contact with the eyes or oral consumption.,,,,105.05 Cutivate cream 5gm¯ÊÃÄ´À¥N,¤@¯ë,¤@¯ë,Äµ »y: ¥»«~¬°¥~¥ÎÃÄ«~¡A½Ð§½³¡¨Ï¥Î¡A¤Å±µÄ²²´·ú©Î»~ªA¡C,,,0,0,§_,99.0,,§_,¬O,§_,³æ¤è,§_,¥i¥Î,¥i¥Î,¤£¥i¿i,¬O,,1.00,1.00,9.00,9.00,999,999,7,1,99.00,99.00,0,0,,¦³¹Ï¤ù,,0,,0,,D07AC17,,,,,0,,0,,TUB,,°·«Oµ¹¥I,°·«Oµ¹¥I,FLUTICASONE PROPIONATE,D07AC17,AC48505321,§_,LiquidLiquidEmulsion,TOPCRM,,,,,,,,,PH022,202312221654,24.30,32.00
EFML,19960101,99999999,°±¥Î,Flumetholon oph drop 0.1%¡A 5mL(­­¦Û¶O),Flumetholon oph drop 0.1%¡A 5mL,Fluorometholone,OU,,TOPH,OP-03-00,¥~¥Î,ºw,FML,«D²Õ®M,°±¥Î,EFOX1,¤@¯ë¥i¥Î,¬O,¤£¥i¥ÎÃÄ¥]¾÷,,¤@¯ë,Á`¶q¶i¦ì,¾AÀ³¯g:²´·úµoª¢,,Indication:Inflammation of the eye.,,¥~ Æ[: 5mL¥Õ¦âÂI²´²~¡A´Ä¦â»\¤l,Appearance: 5mL white eye drop bottle,µøÄ±´î°h©Î¼Ò½k¡A ²´·úµoª¢¡A ²´·ú¯kµh¡A äú¤ß¡A ¹Ã¦R,Decreased vision¡A eye infection¡A eye pain¡A gradual blurring or loss of vision,,¥u¥Î©óªù¶E¤Î¦í°|STAT,´I²´¯à ²´ÃÄ¤ô,Flumetholon oph drop 0.1%¡A 5,,­­¦Û¶O,§_,¬O,,°£Âå®v«ü¥Ü¥~¡A ½Ð¤Åªø´Á©Î±K¶°¦a«ùÄò¨Ï¥Î,,Follow doctor's advice. Do not use this medicine for long term.,,³Æµù: ­Y¦P®É¨Ï¥Î¨âºØ²´ÃÄ¤ô¡A ½Ð¶¡¹j5¤ÀÄÁ¡A ­YµLÂå®v«ü¥Ü¡A µL¥ý«á¨Ï¥Î¶¶§Ç,Allow at least 5 minutes between different eye preparations,,¤@¯ë,¤@¯ë,Äµ »y:°£Âå®v«ü¥Ü¥~¡A½Ð¤Åªø´Á©Î±K¶°¦a«ùÄò¨Ï¥Î,,,,,§_,100.0,,§_,§_,§_,³æ¤è,§_,¥i¥Î,¥i¥Î,¤£¥i¿i,§_,,1.00,1.00,1.00,1.00,14,14,7,1,99.00,99.00,0,0,,¦³¹Ï¤ù,,0,,0,,S01BA07,,,,,,,,,BOT,§_,¤£µ¹¥I¶·¦Û¥I,¤£µ¹¥I¶·¦Û¥I,,,,§_,AdministrableDrugForm,OPDROP,,,,,,,,,PH047,202303141644,0,38.00
EFOR,19960101,99999999,°±¥Î,Forane 100mL,Forane 100mL,Isoflurane,IH,,ZANE,CN-04-01,¥~¥Î,ML,Forane,«D²Õ®M,°±¥Î,,¤@¯ë¥i¥Î,¬O,¤£¥i¥ÎÃÄ¥]¾÷,,¤£¦LÃÄÅÒ,Á`¶q¶i¦ì,¾AÀ³¯g:¬°§l¤J©Ê³Â¾K¾¯,,Indication:Anaesthesia.,,,,,,,¥u¥Î©óªù¶E¤Î¦í°|STAT,¬¡¹ç²G,Forane 100mL,,,§_,¬O,,,,,,,,,¤@¯ë,¤@¯ë,Äµ »y:À³µø¨ä¦~ÄÖ¡BÅé­«¤Î¯gªp¤©¥H¾A·í¤§¾¯¶q¡A¨Ã¯d·NÆ[¹î,Äµ °ªÄµ°T,,,,§_,1.0,,§_,§_,§_,³æ¤è,§_,¥i¥Î,¥i¥Î,¤£¥i¿i,¬O,,1.00,1.00,999.00,999.00,999,999,1,1,999.00,999.00,0,0,,µL¹Ï¤ù,,0,,0,,N01AB06,,,,,,,,,CC,§_,¥Ó³ø¤£­p»ù,¥Ó³ø¤£­p»ù,,,B013161455,§_,GasLiquidMixture,INHLSOL,,,,,,,,,PH047,202303141644,0,32.00
EFOS,20151220,99999999,¥i¥Î,Foster 100/6mcg/dose,Foster 100/6mcg/dose,Beclomethasone + Formoterol,IH,BID,ERSP,RE-04-00,¥~¥Î,PFF,Foster pressurised inhalation solution,«D²Õ®M,,,¤@¯ë¥i¥Î,¬O,¥i¥ÎÃÄ¥]¾÷,±ø¥ó¤Uµ¹¥I,¤@¯ë,Á`¶q¶i¦ì,¾AÀ³¯g:ºC©Êªý¶ë©ÊªÍ¯f¡B®ð³Ý,,Indication:Chronic obstructive pulmonary disease¡A asthma.,,¥~ Æ[:¯»¬õ¦â¶ì½¦²~¨­¡A ²`¯»¬õ¦â»\¤l,Appearance:White/Pink box,«|ª¢¡AÀYµh¡AµoÁn§xÃø,Pharyngitis¡A headache¡A dysphonia.,,¬Ò¥i¥Î,ªÍµÎ©Z©w¶q§l¤J¾¯ 100/6mcg/dose,Foster 100/6 mcg/dose,,,,¬O,,§l¤J¾¯¡A ¨Ï¥Î«á©yº¤¤f¡C¥»ÃÄ¤£©y§@¬°®ð³Ýªº²Ä¤@½uªvÀø¡C,,For inhalation only. Gargle after using. Not appropriate for acute attacks.,,«Ç·Å25¢J¥H¤UÀx¦s¡A³Ì¦h¦s©ñ3­Ó¤ë¡C,Store below 25¢J degrees¡A stable for 3 months.,2015¦~²Ä¥|¦¸ÃÄ©e·|³q¹L·s¶i,¤@¯ë,¤@¯ë,Äµ »y:§l¤J¾¯¡A¨Ï¥Î«á©yº¤¤f,,,0,0,§_,120.0,,§_,¬O,§_,½Æ¤è,§_,¥i¥Î,¥i¥Î,¤£¥i¿i,¬O,,1.00,1.00,2.00,4.00,999,999,28,1,8.00,8.00,0,0,,¦³¹Ï¤ù,,0,,0,,R03AK07,R03AC13,R03BA01,,,0,,0,,SET,,°·«Oµ¹¥I,°·«Oµ¹¥I,BECLOMETHASONE DIPROPIONATE,R03AK08,BC250921FL,§_,GasSolidSpray,MDINHLPWD,,,,,,,,,PH047,202303141644,676.00,811.00
EFOSN,20181212,99999999,¥i¥Î,(°®¯») Foster Nexthaler 100/6mcg/dose,Foster Nexthaler 100/6mcg/dose,Beclomethasone + Formoterol,IH,BID,ERSP,RE-04-00,¥~¥Î,PFF,Foster Nexthaler,«D²Õ®M,,,¤@¯ë¥i¥Î,¬O,¥i¥ÎÃÄ¥]¾÷,±ø¥ó¤Uµ¹¥I,¤@¯ë,Á`¶q¶i¦ì,¾AÀ³¯g:ºC©Êªý¶ë©ÊªÍ¯f¡B®ð³Ý,,Indication:Chronic obstructive pulmonary disease¡A asthma.,,¥~ Æ[:¯»¬õ¦â¶ì½¦²~¨­¡A ²`¯»¬õ¦â»\¤l,Appearance:White/Pink box,Å¸§Ý¡A«|ª¢¡AµoÁn§xÃø,Tremor¡A pharyngitis¡A dysphonia.,,¬Ò¥i¥Î,ªÍµÎ©Z­@µÎ¼Ö °®¯»§l¤J¾¯ 100/6mcg/dose,Foster Nexthaler 100/6mcg,,,,¬O,,§l¤J¾¯¡AÃÄ«~§l¤J«á©yº¤¤f¡C¥»ÃÄ¤£©y§@¬°®ð³Ýªº²Ä¤@½uªvÀø¡C,«Ç·Å25¢J¥H¤UÀx¦s¡C,For inhalation only. Gargle after using. Not appropriate for acute attacks.,Store below 25¢J degrees.,­º¦¸¥´¶}«OÅ@³U«á¡AÃÄ«~À³©ó6­Ó¤ë¤º¥Î²¦¡C,After first opening the pouch¡A the medicine should be used within 6 months.,2018.12ÃÄ©e·s¶i,¤@¯ë,¤@¯ë,Äµ »y:§l¤J¾¯¡A¨Ï¥Î«á©yº¤¤f,,,0,0,§_,120.0,,§_,¬O,§_,½Æ¤è,¬O,¥i¥Î,¥i¥Î,¤£¥i¿i,¬O,,1.00,1.00,2.00,2.00,999,999,1,1,4.00,4.00,0,0,,¦³¹Ï¤ù,,0,,0,,R03AK08,R03AC13,R03BA01,,,0,,0,,SET,,°·«Oµ¹¥I,°·«Oµ¹¥I,BECLOMETHASONE DIPROPIONATE,R03AK08,BC268161FL,§_,GasSolidSpray,MDINHLPWD,,,0,,0,mL,,,PH034,202004291205,676.00,811.00
EFOX,20130922,99999999,°±¥Î,Foxone 0.02% oph susp 5mL,Foxone 0.02% oph susp 5mL,Fluorometholone,OU,,TOPH,OP-03-00,¥~¥Î,ºw,,«D²Õ®M,°±¥Î,,¤@¯ë¥i¥Î,¬O,¤£¥i¥ÎÃÄ¥]¾÷,¥i¥Î,¤@¯ë,Á`¶q¶i¦ì,¾AÀ³¯g:²´·úµoª¢,,Indication:Inflammation of the eye.,,¥~ Æ[:5²@¤ÉÂI²´²~¸Ë,Appearance: 5mL eye drop in plastic bottle,µøÄ±´î°h©Î¼Ò½k¡A ²´·ú·P¬V¡A ²´·ú¯kµh¡A äú¤ß¡A ¹Ã¦R,Decreased vision¡A eye infection¡A eye pain¡A gradual blurring or loss of vision,,¬Ò¥i¥Î,¦nµø¦h,Foxone 0.02% oph susp 5mL,,,§_,¬O,,°£Âå®v«ü¥Ü¥~¡A ½Ð¤Åªø´Á©Î±K¶°¦a«ùÄò¨Ï¥Î,,Follow doctor's advice. Do not use this medicine for long term.,,,,102¦~²Ä¥|¦¸ÃÄ©e·|¨MÄ³´À¥N,¤@¯ë,¤@¯ë,Äµ »y:°£Âå®v«ü¥Ü¥~¡A½Ð¤Åªø´Á©Î±K¶°¦a«ùÄò¨Ï¥Î,,,0,0,§_,100.0,,§_,§_,§_,³æ¤è,§_,¥i¥Î,¥i¥Î,¤£¥i¿i,¬O,,1.00,1.00,1.00,1.00,999,999,7,1,99.00,99.00,0,0,,¦³¹Ï¤ù,,0,,0,,S01BA07,,,,,,,,,BOT,,°·«Oµ¹¥I,°·«Oµ¹¥I,FLUOROMETHOLONE,S01BA07,AC45145421,§_,AdministrableDrugForm,OPDROP,,,,,,,,,PH047,202303141644,13.60,18.00
EFOX1,20160915,99999999,¥i¥Î,0.1% FOXONE 10mL ophthalmic suspension,0.1% FOXONE 10mL ophthalmic suspension,Fluorometholone,OU,,TOPH,OP-03-00,¥~¥Î,ºw,Foxone,«D²Õ®M,,,¤@¯ë¥i¥Î,¬O,¥i¥ÎÃÄ¥]¾÷,¥i¥Î,¤@¯ë,Á`¶q¶i¦ì,¾AÀ³¯g:²´·úµoª¢,,Indication:Inflammation of the eye.,,¥~ Æ[:10²@¤ÉÂI²´²~¸Ë,Appearance: 10mL eye drop in plastic bottle,µøÄ±´î°h©Î¼Ò½k¡A ²´·ú·P¬V¡A ²´·ú¯kµh¡A äú¤ß¡A ¹Ã¦R,Decreased vision¡A eye infection¡A eye pain¡A gradual blurring or loss of vision,,¬Ò¥i¥Î,¦nµø¦h²´¥ÎÄa¯B²G 0.1%,0.1% FOXONE 10mL ophthalmic,,,,¬O,,°£Âå®v«ü¥Ü¥~¡A ½Ð¤Åªø´Á©Î±K¶°¦a«ùÄò¨Ï¥Î,,Follow doctor's advice. Do not use this medicine for long term.,,,,105-3ÃÄ©e·|·s¶i,¤@¯ë,¤@¯ë,Äµ »y:°£Âå®v«ü¥Ü¥~¡A½Ð¤Åªø´Á©Î±K¶°¦a«ùÄò¨Ï¥Î,SA «÷­µ¬Û¦ü,,0,0,§_,200.0,,§_,¬O,§_,³æ¤è,§_,°±¥Î,°±¥Î,¤£¥i¿i,¬O,,1.00,1.00,2.00,2.00,999,999,7,1,48.00,48.00,0,0,,¦³¹Ï¤ù,,0,,0,,S01BA07,,,,,0,,0,,BOT,,°·«Oµ¹¥I,°·«Oµ¹¥I,FLUOROMETHOLONE,S01BA07,AC44167429,,AdministrableDrugForm,OPDROP,,,,,,,,,PH006,202312281400,47.70,62.00
EFOX2,20150615,99999999,¥i¥Î,Foxone 0.02% 10mL ophthalmic suspension,Foxone 0.02% 10mL ophthalmic suspension,Fluorometholone,OU,,TOPH,OP-03-00,¥~¥Î,ºw,Foxone,«D²Õ®M,,,¤@¯ë¥i¥Î,¬O,¥i¥ÎÃÄ¥]¾÷,¥i¥Î,¤@¯ë,Á`¶q¶i¦ì,¾AÀ³¯g:²´·úµoª¢,,Indication:Inflammation of the eye.,,¥~ Æ[:10²@¤ÉÂI²´²~¸Ë,Appearance: 10mL eye drop in plastic bottle,µøÄ±´î°h©Î¼Ò½k¡A ²´·ú·P¬V¡A ²´·ú¯kµh¡A äú¤ß¡A ¹Ã¦R,Decreased vision¡A eye infection¡A eye pain¡A gradual blurring or loss of vision,,¬Ò¥i¥Î,¦nµø¦h²´¥ÎÄa¯B²G 0.02%,Foxone 0.02% 10mL ophthalmic,,,,¬O,,°£Âå®v«ü¥Ü¥~¡A ½Ð¤Åªø´Á©Î±K¶°¦a«ùÄò¨Ï¥Î,,Follow doctor's advice. Do not use this medicine for long term.,,,,104¦~²Ä¤G¦¸ÃÄ©e·|·s¶i,¤@¯ë,¤@¯ë,Äµ »y:°£Âå®v«ü¥Ü¥~¡A½Ð¤Åªø´Á©Î±K¶°¦a«ùÄò¨Ï¥Î,SA «÷­µ¬Û¦ü,,0,0,§_,200.0,,§_,¬O,§_,³æ¤è,§_,¥i¥Î,¥i¥Î,¤£¥i¿i,¬O,,1.00,1.00,1.00,1.00,999,999,7,1,99.00,99.00,0,0,,¦³¹Ï¤ù,,0,,0,,S01BA07,,,,,0,,0,,BOT,,°·«Oµ¹¥I,°·«Oµ¹¥I,FLUOROMETHOLONE,S01BA07,AC45145429,§_,AdministrableDrugForm,OPDROP,,,,,,,,,PH022,202312221655,49.90,65.00
EFOX5,20181111,99999999,°±¥Î,0.1% FOXONE oph susp 5mL,FOXONE 0.1% oph susp 5mL,Fluorometholone,OU,,TOPH,OP-03-00,¥~¥Î,ºw,Foxone,«D²Õ®M,°±¥Î,,¤@¯ë¥i¥Î,¬O,¤£¥i¥ÎÃÄ¥]¾÷,¥i¥Î,¤@¯ë,Á`¶q¶i¦ì,¾AÀ³¯g:²´·úµoª¢,,Indication:Inflammation of the eye.,,¥~ Æ[:5²@¤ÉÂI²´²~¸Ë,Appearance: 5mL eye drop in plastic bottle,µøÄ±´î°h©Î¼Ò½k¡A ²´·ú·P¬V¡A ²´·ú¯kµh¡A äú¤ß¡A ¹Ã¦R,Decreased vision¡A eye infection¡A eye pain¡A gradual blurring or loss of vision,,¬Ò¥i¥Î,¦nµø¦h²´¥ÎÄa¯B²G 0.1%,FOXONE 0.1% oph susp 5mL,,,,¬O,,°£Âå®v«ü¥Ü¥~¡A ½Ð¤Åªø´Á©Î±K¶°¦a«ùÄò¨Ï¥Î,,Follow doctor's advice. Do not use this medicine for long term.,,,,2018.11 [EFOX1] ¯Ê³f¼È¥N,¤@¯ë,¤@¯ë,Äµ »y:°£Âå®v«ü¥Ü¥~¡A½Ð¤Åªø´Á©Î±K¶°¦a«ùÄò¨Ï¥Î,SA «÷­µ¬Û¦ü,,0,0,§_,100.0,,§_,¬O,§_,³æ¤è,,¥i¥Î,¥i¥Î,¤£¥i¿i,§_,,1.00,1.00,2.00,2.00,999,999,7,1,48.00,48.00,0,0,,¦³¹Ï¤ù,,0,,0,,S01BA07,,,,,0,,0,,BOT,,°·«Oµ¹¥I,°·«Oµ¹¥I,FLUOROMETHOLONE,S01BA07,AC44167421,,AdministrableDrugForm,OPDROP,,,0,,0,,,,PH047,202303200858,12.40,16.00
EFPX,20211215,99999999,¥i¥Î,Fespixon cream 1.25%¡A 15 gm,Fespixon cream 1.25%¡A 15 gm,Plectranthus amboinicus + Centella asiatica,EXT,BID,TDER,DE-08-00,¥~¥Î,¾A¶q,Fespixon,«D²Õ®M,Á{±ÄÃÄ¡A½Ð³qª¾ÃÄ§½¥~ÁÊ,,¥»°|Á{±Ä²M³æ,¬O,¥i¥ÎÃÄ¥]¾÷,°·«O¤£µ¹¥I,¤@¯ë,Á`¶q¶i¦ì,¾AÀ³¯g:¿}§¿¯f¨¬³¡¶Ë¤f¼ìºÅ,,Indications:Diabetic foot ulcer,,¥~ Æ[:15¤½§J¾TºÞ¸Ë¨Å»I,Appearance:15gm tube,·P¬V¡A¥Ö½§¼ìºÅ¡AÀã¯l,Infection¡A skin ulcer¡A eczema.,,¬Ò¥i¥Î,³t¥²¤@¨Å»I,Fespixon cream 1.25%¡A 15 gm,,,,¬O,,¥»«~­­©ó¥Ö½§¥~¥Î¡A¤£±o¤ºªA¡A,¥ç¤£±o¨Ï¥Î©ó²´·ú¤º¡B²´·ú¥|©P©ÎÂH½¤¡C,Only for external use and not be taken orally.,Do not use in or around eyes or in mucosa.,¥»«~¸T¥Î©ó¹ï¨ì¤â­»¡B¿n³·¯ó¹L±ÓªÌ¡C,Contraindicated to allergic to Plectranthus amboinicus or Centella asiatica,2021Q4ÃÄ©e·|³q¹LÁ{±Ä²M³æ,¤@¯ë,¤@¯ë,¥»«~­­©ó¥Ö½§¥~¥Î¡A¤£±o¤ºªA¡A¥ç¤£±o¨Ï¥Î©ó²´·ú¤º¡B²´·ú¥|©P©ÎÂH½¤¡C,,,0,0,§_,99.0,,§_,¬O,§_,½Æ¤è,§_,°±¥Î,°±¥Î,¤£¥i¿i,¬O,,1.00,1.00,10.00,10.00,99,99,7,7,10.00,10.00,0,0,,¦³¹Ï¤ù,,0,,0,,,,,,,0,,0,,TUB,§_,¤£µ¹¥I¶·¦Û¥I,¤£µ¹¥I¶·¦Û¥I,,,,§_,LiquidLiquidEmulsion,CRM,,,0,,0,,,,PH008,202201121006,0,9960.00
EFRA,20020816,99999999,¥i¥Î,Framycin gauze dressing 10x10cm,Framycin gauze dressing 10x10cm,Fradiomycin,EXT,,TDER,DE-02-00,¥~¥Î,¤ù,Sofra-tulle,«D²Õ®M,,,¤@¯ë¥i¥Î,¬O,¥i¥ÎÃÄ¥]¾÷,°·«O¤£µ¹¥I,¤@¯ë,Á`¶q¶i¦ì,¾AÀ³¯g:±þµß¡A «OÅ@¶Ë¤f,,Indication:Wounds¡Aburns and infectious skin conditions.,,¥~ Æ[:¥Õ¦â¿üºä¤ù,,ªø´Á¨Ï¥Î¥i¯à³y¦¨¦Õ¬r©Ê,Long-term use may cause ototoxicity.,,¬Ò¥i¥Î,Å@¼ÖÅð¯À¥ÛÃ¾¯½¥¬,Framycin gauze dressing 10x1,,,§_,¬O,,½Ð¿í·ÓÂå®v«ü¥Ü¨Ï¥Î¡A ­Yµo¥Í¹L±Ó²{¶H½Ð»PÂå®vÁpµ¸,,Follow doctor's advice. Check with doctor if you notice any allergic symptoms.,,,,,¤@¯ë,¤@¯ë,Äµ »y:½Ð¿í·ÓÂå®v«ü¥Ü¨Ï¥Î¡A­Yµo¥Í¹L±Ó²{¶H½Ð»PÂå®vÁpµ¸,,,,,§_,1.0,,§_,¬O,§_,³æ¤è,§_,°±¥Î,°±¥Î,¤£¥i¿i,¬O,,1.00,1.00,16.00,16.00,99,99,7,1,16.00,16.00,0,0,,¦³¹Ï¤ù,,0,,0,,D06AX04,,,,,,,,,PC,,¤£µ¹¥I¶·¦Û¥I,¤£µ¹¥I¶·¦Û¥I,,,,§_,SolidDrugForm,MEDPAD,,,,,,,,,PH047,202303141644,0,20.00
EFRO,20210114,99999999,¥i¥Î,®ê¾¯Frotin 250mg,Frotin 250mg suppository,Metronidazole,VAG,HS,SGU,UR-01-00,¥~¥Î,SUP,Flagyl,«D²Õ®M,,,¤@¯ë¥i¥Î,¬O,¥i¥ÎÃÄ¥]¾÷,,¤@¯ë,Á`¶q¶i¦ì,¾AÀ³¯g:¥Dªv³±¹DºwÂÎ©Î÷³µß·P¬V,,Indication:Vaginal infection.,,¥~ Æ[:¥Õ¶Â¦â¶ì½¦¥~´ß,Appearance:white/black color plastic package.,³±¹DµoÄo¡A ©Ê¦æ¬°®É¯kµh¡A ¥Õ¸Yªº³±¹D¤Àªcª«,Itching in the vagina¡A pain during sexual intercourse¡A thick¡A white vaginal disc,,,ªA¼Ö²b®ê¾¯,Frotin 250mg suppository,,,§_,¬O,,³±¹D®ê¾¯¸m©ó25¢J¥H¤UÀx¦s¡A ½Ð¥ý¥h°£¥~¥]¸Ë«á¦A¥Î,,Vaginal suppository¡A store under 25¢XC in a dry place.,,,,,¤@¯ë,¤@¯ë,Äµ »y:³±¹D®ê¾¯¸m©ó25¢J¥H¤UÀx¦s¡A ½Ð¥ý¥h°£¥~¥]¸Ë«á¦A¥Î,,,0,0,§_,1.0,,§_,¬O,§_,³æ¤è,§_,¥i¥Î,°±¥Î,¤£¥i¿i,¬O,,1.00,1.00,2.00,2.00,999,999,7,1,2.00,2.00,0,0,,¦³¹Ï¤ù,,0,,0,,G01AF01,,,,,0,,0,,VT,§_,°·«Oµ¹¥I,°·«Oµ¹¥I,METRONIDAZOLE,G01AF01,NC00847500,§_,SolidDrugForm,VAGSUPP,,,0,,0,,,,PH006,202207141431,5.00,7.00
EFUB,20070901,99999999,°±¥Î,Fubifen PAP (4¤ù/¥]),Fubifen PAP (4's/pk),Flurbiprofen,EXT,QOD,CNEU,CN-01-02,¥~¥Î,¤ù,Fubifen,«D²Õ®M,°±¥Î,EFLUR,¤@¯ë¥i¥Î,¬O,¤£¥i¥ÎÃÄ¥]¾÷,±ø¥ó¤Uµ¹¥I,¤@¯ë,Á`¶q¶i¦ì,¾AÀ³¯g¡GÃö¸`¦Ù¸xª¢¯g¡B¥~¶Ë¤§¸~µÈ¯kµhµ¥¯gª¬¤§Âíµh®øª¢,,Indication:Analgesia¡A antipyresis¡A anti-inflammatory.,,¥~ Æ[:¨C¥]¦³¥|¤ù¡A¨Ã¥tªþ¦³¥[±j©T©wÃÄ¥¬¥Îªº¥Õ¦â¼Å¥¬,,,,,¥u¥Î©óªù¶E¤Î¦í°|STAT,¬t¤ñ¬¥ªâ¶K¥¬,Fubifen PAP (4's/pk),,,§_,¬O,,,,,,,,,¤@¯ë,¤@¯ë,Äµ »y:³±¹D®ê¾¯¸m©ó25¢J¥H¤UÀx¦s¡A ½Ð¥ý¥h°£¥~¥]¸Ë«á¦A¥Î,,,,,§_,4.0,,§_,§_,§_,³æ¤è,§_,°±¥Î,¥i¥Î,¤£¥i¿i,§_,,1.00,1.00,2.00,2.00,99,99,7,7,0,0,0,0,,µL¹Ï¤ù,,0,,0,,,,,,,,,,,¤ù,,°·«Oµ¹¥I,°·«Oµ¹¥I,FLURBIPROFEN,M02AA19,A043180345,§_,SolidDrugForm,TPATCH,,,,,,,,,PH047,202303141644,7.90,10.00
EFUBO,20101228,99999999,°±¥Î,Fubodyl vag supp 90mg,Fubodyl vag supp 90mg,Polycresolfonate,VAG,Q2D,SGU,UR-01-00,¥~¥Î,V.T,Albotyl,«D²Õ®M,°±¥Î¡A¥i¬dÃþ¦üÃÄ,,¤@¯ë¥i¥Î,¬O,¥i¥ÎÃÄ¥]¾÷,¥i¥Î,¤@¯ë,Á`¶q¶i¦ì,¾AÀ³¯g:¥Dªv¤l®cÀVª¢¡B³±¹Dª¢¡B¥Õ±aµ¥,,Indication:Local treatment of cervical & vag inflammatory,,¥~ Æ[:¥Õ¦â¥~¥]¸Ë³±¹D¥Î®ê¾¯¡A ¤W¦³Policresulen 90mg¦r¼Ë,,,,,,°ü«O²b ³±¹D®ê¾¯,Fubodyl vag supp 90mg,,,§_,¬O,,,,,,,,,¤@¯ë,¤@¯ë,Äµ »y:½Ð¸m©óÄá¤ó 2-8 «×¦B½cÁ×¥ú§NÂÃ«O¦s¡C,,,,,§_,1.0,,§_,§_,§_,³æ¤è,§_,¥i¥Î,¥i¥Î,¤£¥i¿i,¬O,,1.00,1.00,1.00,1.00,999,999,6,1,0,0,0,0,,¦³¹Ï¤ù,,0,,0,,,,,,,,,,,VT,,°·«Oµ¹¥I,°·«Oµ¹¥I,POLICRESULEN,G01AX03,A047875500,§_,SolidDrugForm,VAGSUPP,,,,,,,,,PH047,202303141644,17.30,22.00
EFUC,19960101,99999999,°±¥Î,Fucidin cream 2%¡A 5gm,Fucidin cream 2%¡A 5gm,Fusidic Acid,EXT,,TDER,DE-02-00,¥~¥Î,¾A¶q,Fucidin,«D²Õ®M,°±¥Î,,¤@¯ë¥i¥Î,¬O,¤£¥i¥ÎÃÄ¥]¾÷,,¤@¯ë,Á`¶q¶i¦ì,¾AÀ³¯g:¤òÅnª¢¡A ¥Ò·¾ª¢¡A ¶Ë¤fµ¥²Óµß·P¬V,,Indication:Infected wounds; folliculitis; boils.,,¥~ Æ[:¥Õ¦â5gm³nºÞ¡A ¤¤¶¡¦³¤@±ø¬õ½u,Appearance:5gm white tube,§½³¡¨ë¿E¡A¥Ö¯l,Application site irritation¡A skin rash.,,¥u¥Î©óªù¶E¤Î¦í°|STAT,½§§Y²b¨Å»I,Fucidin cream 2%¡A 5gm,,,§_,¬O,,¬°¥~¥ÎÃÄ«~¡A ½Ð§½³¡¨Ï¥Î¡A ¤Å±µÄ²²´·ú©Î»~ªA,,For external use. Avoid contact with the eyes or oral consumption.,,,,107-1 ÃÄ©e·|§R°£,¤@¯ë,¤@¯ë,Äµ »y: ¥»«~¬°¥~¥ÎÃÄ«~¡A½Ð§½³¡¨Ï¥Î¡A¤Å±µÄ²²´·ú©Î»~ªA¡C,,¨Å»I,,,§_,99.0,,§_,¬O,§_,³æ¤è,§_,¥i¥Î,¥i¥Î,¤£¥i¿i,§_,,1.00,1.00,9.00,9.00,999,999,7,1,99.00,99.00,0,0,,¦³¹Ï¤ù,,0,,0,,D06AX01,,,,,,,,,TUB,§_,°·«Oµ¹¥I,°·«Oµ¹¥I,FUSIDIC ACID,D06AX01,BC19116321,§_,LiquidLiquidEmulsion,TOPCRM,,,,,,,,,PH047,202303141644,32.20,42.00
EFUC2,20180315,99999999,¥i¥Î,Fucidin cream 2%¡A 15gm,Fucidin cream 2%¡A 15gm,Fusidic Acid,EXT,,TDER,DE-02-00,¥~¥Î,¾A¶q,Fucidin,«D²Õ®M,,,¤@¯ë¥i¥Î,¬O,¥i¥ÎÃÄ¥]¾÷,¥i¥Î,¤@¯ë,Á`¶q¶i¦ì,¾AÀ³¯g:¤òÅnª¢¡A ¥Ò·¾ª¢¡A ¶Ë¤fµ¥²Óµß·P¬V,,Indication:Infected wounds; folliculitis; boils.,,¥~ Æ[:¥Õ¦â15gm³nºÞ¡A ¤¤¶¡¦³¤@±ø¬õ½u,Appearance:15gm white tube,§½³¡¨ë¿E¡A¥Ö¯l,Application site irritation¡A skin rash.,,¬Ò¥i¥Î,½§§Y²b¨Å»I,Fucidin cream 2%¡A 15gm,,,,¬O,,¬°¥~¥ÎÃÄ«~¡A ½Ð§½³¡¨Ï¥Î¡A ¤Å±µÄ²²´·ú©Î»~ªA,,For external use. Avoid contact with the eyes or oral consumption.,,,,2018-1 ÃÄ©e·|·s¶i,¤@¯ë,¤@¯ë,Äµ »y: ¥»«~¬°¥~¥ÎÃÄ«~¡A½Ð§½³¡¨Ï¥Î¡A¤Å±µÄ²²´·ú©Î»~ªA¡C,,¨Å»I,0,0,§_,99.0,,§_,¬O,§_,³æ¤è,§_,¥i¥Î,¥i¥Î,¤£¥i¿i,¬O,,1.00,1.00,9.00,9.00,999,999,7,1,99.00,99.00,0,0,,¦³¹Ï¤ù,,0,,0,,D06AX01,,,,,0,,0,,TUB,,°·«Oµ¹¥I,°·«Oµ¹¥I,FUSIDIC ACID,D06AX01,BC19116335,§_,LiquidLiquidEmulsion,TOPCRM,,,0,,0,,,,PH022,202312221655,126.00,151.00
EFUS,20190120,99999999,¥i¥Î,FUSone eye drops 0.1%¡A 0.5mL,FUSone eye drops 0.1%¡A 0.5mL,Betamethasone,OU,,TOPH,OP-03-00,¥~¥Î,ºw,,«D²Õ®M,,,¤@¯ë¥i¥Î,¬O,¥i¥ÎÃÄ¥]¾÷,¥i¥Î,¤@¯ë,¦¸­p¶q¶i¦ì,¾AÀ³¯g:²´³¡µoª¢µ¥¯gª¬,,Indication:Inflammatory conditions of the eyes.,,¥~ Æ[:¥Õ¦â¥~²~¡A ©³³¡¦³²H¶À¦â¼ÐÅÒ,Appearance:0.5mL single-use eye drop bottle,²´¤ºÀ£¼W°ª,Increased intraocular pressure.,,¬Ò¥i¥Î,´I¾AÂI²´²G(³æ¾¯¶q¥]¸Ë),FUSone eye drops 0.1%¡A 0.5mL,,,,¬O,,°£Âå®v«ü¥Ü¥~¡A ½Ð¤Åªø´Á¨Ï¥Î,³æ¾¯¶q¥]¸Ë¡A¤@¦¸¨Ï¥Î¤@¤ä¡A³æ¦¸¥¼¥Î§¹½Ð¥á±ó¡C,This product is a sterilized single-use disposable medical product.,,³Æµù: ­Y¦P®É¨Ï¥Î¨âºØ²´ÃÄ¤ô¡A ½Ð¶¡¹j5¤ÀÄÁ¡A ­YµLÂå®v«ü¥Ü¡A µL¥ý«á¨Ï¥Î¶¶§Ç,Allow at least 5 minutes between different eye preparations.,2018-Q2 ÃÄ©e·|·s¶i,¤@¯ë,¤@¯ë,°£Âå®v«ü¥Ü¥~¡A ½Ð¤Åªø´Á¨Ï¥Î,SA «÷­µ¬Û¦ü,,0,0,§_,1.0,,§_,¬O,§_,³æ¤è,§_,¥i¥Î,¥i¥Î,¤£¥i¿i,¬O,,1.00,1.00,2.00,2.00,7,7,7,1,24.00,24.00,0,0,,¦³¹Ï¤ù,,0,,0,,S01BA06,,,,,0,,0,,BOT,,°·«Oµ¹¥I,°·«Oµ¹¥I,BETAMETHASONE,S01BA06,AC36654477,§_,AdministrableDrugForm,OPDROP,,,0,,0,,,,PH034,202201171649,4.00,6.00
EFUT,19960101,99999999,°±¥Î,Futraful zupo 200mg,Futraful zupo 200mg,Futraful,RECT,,RACA,ON-02-00,¥~¥Î,SUP,Futraful,«D²Õ®M,°±¥Î¡A¥i¬dÃþ¦üÃÄ,,¤w°±¥Î,¬O,¤£¥i¥ÎÃÄ¥]¾÷,,¤@¯ë,Á`¶q¶i¦ì,¾AÀ³¯g:¬°§Ü¸~½FÃÄ,,,,,,,,,,,Futraful zupo 200mg,,,§_,¬O,,,,,,,,,¤@¯ë,¤@¯ë,,Äµ °ªÄµ°T,,,,§_,1.0,,§_,§_,§_,³æ¤è,§_,¥i¥Î,¥i¥Î,¤£¥i¿i,¬O,,1.00,1.00,999.00,999.00,999,999,1,1,0,0,0,0,,µL¹Ï¤ù,,0,,0,,,,,,,,,,,SUP,§_,°·«Oµ¹¥I,°·«Oµ¹¥I,TEGAFUR (=FTORAFUR),L01BC03,B018152500,§_,SolidDrugForm,RECSUPP,,,,,,,,,PH047,202303141645,235.00,282.00
EGARO,19960101,99999999,°±¥Î,Garasone eye oint,Garasone eye oint,Gentamicin Sulfate + Betamethasone,OU,,TOPH,OP-02-00,¥~¥Î,¾A¶q,Garasone,«D²Õ®M,°±¥Î¡A¥i¬dÃþ¦üÃÄ,,¤@¯ë¥i¥Î,¬O,¤£¥i¥ÎÃÄ¥]¾÷,,¤@¯ë,Á`¶q¶i¦ì,¾AÀ³¯g:²´·ú©Î¨ä¥L³¡¦ì¹L±Ó©Êµoª¢µ¥¯gª¬,,,,,,,,,,,Garasone eye oint,,,§_,¬O,,,,,,,,,¤@¯ë,¤@¯ë,,,,,,§_,99.0,,§_,§_,§_,³æ¤è,§_,¥i¥Î,¥i¥Î,¤£¥i¿i,¬O,,1.00,1.00,999.00,999.00,999,999,7,1,0,0,0,0,,µL¹Ï¤ù,,0,,0,,,,,,,,,,,TUB,§_,°·«Oµ¹¥I,°·«Oµ¹¥I,BETAMETHASONE 1MG/GM + GENTAMICIN 1MG/GM,S01CA05,B019888417,§_,LiquidLiquidEmulsion,OPOINT,,,,,,,,,PH047,202303141645,64.00,77.00
EGEN,20030310,99999999,°±¥Î,Gentamycin OPH sol 0.3%¡A 3mL,Gentamycin OPH sol 0.3%¡A 3mL,Gentamicin,OU,,TOPH,OP-01-00,¥~¥Î,ºw,Gentamycin,«D²Õ®M,°±¥Î,EGENT,¤@¯ë¥i¥Î,¬O,¤£¥i¥ÎÃÄ¥]¾÷,¥i¥Î,¤@¯ë,Á`¶q¶i¦ì,¾AÀ³¯g:²´·úµoª¢µ¥¯gª¬¡A ¨ã±þµß§@¥Î,,Indication:Superficial bacterial infection of eyes,,¥~ Æ[:¥Õ¦â¶ì½¦¥~²~¡A ÂÅ¦â»\¤l,,²´·ú¨`¼ö·P©Î¸~µÈ·P,Eye Burning or stinging.,,¥u¥Î©óªù¶E¤Î¦í°|STAT,¨£¤jÅð¯ÀÂI²´²G,Gentamycin OPH sol 0.3%¡A 3mL,,,§_,¬O,,­Yµo¥ÍÄY­«¹L±Ó©Îµo¯lµ¥¤£¾A¯gª¬¡A À³§Y°±ÃÄ¨Ã½Ð±ÐÂå®v,,Report to doctor¡A if any severe hypersensitivity or skin rash occur.,,³Æµù: ­Y¦P®É¨Ï¥Î¨âºØ²´ÃÄ¤ô¡A ½Ð¶¡¹j5¤ÀÄÁ¡A ­YµLÂå®v«ü¥Ü¡A µL¥ý«á¨Ï¥Î¶¶§Ç,,,¤@¯ë,¤@¯ë,Äµ »y: ­Yµo¥ÍÄY­«¹L±Ó©Îµo¯lµ¥¤£¾A¯gª¬¡AÀ³§Y°±ÃÄ¨Ã½Ð±ÐÂå®v,,,0,0,§_,99.0,,§_,§_,§_,³æ¤è,§_,°±¥Î,¥i¥Î,¤£¥i¿i,§_,,1.00,1.00,1.00,1.00,99,99,1,1,0,0,0,0,,¦³¹Ï¤ù,,0,,0,,,,,,,,,,,BOT,§_,°·«Oµ¹¥I,°·«Oµ¹¥I,GENTAMICIN,S01AA11,A017880416,§_,AdministrableDrugForm,OPDROP,,,,,,,,,PH047,202303141645,33.10,41.00
EGEN3,20180823,99999999,¥i¥Î,Gentamicin ²´ÃÄ»I 0.3%¡A 5gm,Gentamicin eye ointment 0.3%¡A 5gm,Gentamicin,,,TOPH,OP-01-00,¥~¥Î,¾A¶q,Gentamycin,«D²Õ®M,,,¤@¯ë¥i¥Î,¬O,¥i¥ÎÃÄ¥]¾÷,¥i¥Î,¤@¯ë,Á`¶q¶i¦ì,¾AÀ³¯g:²´·ú©Î¨ä¥L³¡¦ìµoª¢¯gª¬;¨ã±þµß§@¥Î,,Indication:Superficial infection of wound or eyes,,¥~ Æ[:¥Õ¦â5gm³nºÞ,Appearance:5gm white tube,²´·ú¨`¼ö·P©Î¸~µÈ·P,Eye Burning or stinging.,,¬Ò¥i¥Î,µµµß¯À²´¥Î³n»I3¤½µ·/¤½§J,Gentamicin eye oint 0.3%¡A 5g,,,,¬O,,­Yµo¥ÍÄY­«¹L±Ó©Îµo¯lµ¥¤£¾A¯gª¬¡A À³§Y°±ÃÄ¨Ã½Ð±ÐÂå®v,,Report to doctor¡A if any severe hypersensitivity or skin rash occur.,,³Æµù: ­Y¦P®É¨Ï¥Î¨âºØ²´¥ÎÃÄ«~¡A ½Ð¶¡¹j5¤ÀÄÁ¡A ¥ýÂIÃÄ¤ô¡A ¦A¨Ï¥ÎÃÄ»I,Allow at least 5 minutes between different eye preparations¡A solution first.,2018.09 [EGENO] ¯Ê³f¼È¥N,¤@¯ë,¤@¯ë,Äµ »y: ­Yµo¥ÍÄY­«¹L±Ó©Îµo¯lµ¥¤£¾A¯gª¬¡AÀ³§Y°±ÃÄ¨Ã½Ð±ÐÂå®v,,²´ÃÄ»I,0,0,§_,99.0,,§_,¬O,§_,³æ¤è,§_,¥i¥Î,¥i¥Î,¤£¥i¿i,¬O,,1.00,1.00,9.00,9.00,999,999,7,1,99.00,99.00,0,0,,¦³¹Ï¤ù,,0,,0,,S01AA11,,,,,0,,0,,TUB,,°·«Oµ¹¥I,°·«Oµ¹¥I,GENTAMICIN,S01AA11,AC25128421,§_,LiquidLiquidEmulsion,OPOINT,,,0,,0,mL,,,PH022,202312221655,21.90,28.00
EGEND,19960101,99999999,°±¥Î,Garamycin eye drop 5mL,Garamycin eye drop 5mL,Gentamicin,OU,,TOPH,OP-01-00,¥~¥Î,ºw,Garamycin Eye Drop,«D²Õ®M,°±¥Î,EGENT,¤@¯ë¥i¥Î,¬O,¤£¥i¥ÎÃÄ¥]¾÷,,¤@¯ë,Á`¶q¶i¦ì,¾AÀ³¯g:²´·úµoª¢µ¥¯gª¬¡A¨ã±þµß§@¥Î,,Indication:Superficial bacterial infection of eyes,,,,,,,,,Garamycin eye drop 5mL,,,§_,¬O,,,,,,³Æµù: ­Y¦P®É¨Ï¥Î¨âºØ²´ÃÄ¤ô¡A ½Ð¶¡¹j5¤ÀÄÁ¡A ­YµLÂå®v«ü¥Ü¡A µL¥ý«á¨Ï¥Î¶¶§Ç,,,¤@¯ë,¤@¯ë,,,,,,§_,100.0,,§_,§_,§_,³æ¤è,§_,¥i¥Î,¥i¥Î,¤£¥i¿i,¬O,,1.00,1.00,999.00,999.00,999,999,7,1,0,0,0,0,,¦³¹Ï¤ù,,0,,0,,,,,,,,,,,BOT,§_,°·«Oµ¹¥I,°·«Oµ¹¥I,GENTAMICIN,S01AA11,B019940421,§_,AdministrableDrugForm,OPDROP,,,,,,,,,PH047,202303141645,36.50,46.00
EGENO,20030312,99999999,°±¥Î,Gentamicin ²´ÃÄ»I 0.3%¡A 5gm,Gentamicin eye oint 0.3%¡A 5gm,Gentamicin,,,TOPH,OP-01-00,¥~¥Î,¾A¶q,Gentamycin,«D²Õ®M,°±¥Î,EGEN3,¤@¯ë¥i¥Î,¬O,¤£¥i¥ÎÃÄ¥]¾÷,,¤@¯ë,Á`¶q¶i¦ì,¾AÀ³¯g:²´·ú©Î¨ä¥L³¡¦ìµoª¢¯gª¬;¨ã±þµß§@¥Î,,Indication:Superficial infection of wound or eyes,,¥~ Æ[:¥Õ¦â5gm¶ì½¦³nºÞ,Appearance:5gm white tube,²´·ú¨`¼ö·P©Î¸~µÈ·P,Eye Burning or stinging.,,¬Ò¥i¥Î,·R±d©ú²´ÃÄ»I,Gentamicin eye oint 0.3%¡A 5g,,,§_,¬O,,­Yµo¥ÍÄY­«¹L±Ó©Îµo¯lµ¥¤£¾A¯gª¬¡A À³§Y°±ÃÄ¨Ã½Ð±ÐÂå®v,,Report to doctor¡A if any severe hypersensitivity or skin rash occur.,,³Æµù: ­Y¦P®É¨Ï¥Î¨âºØ²´¥ÎÃÄ«~¡A ½Ð¶¡¹j5¤ÀÄÁ¡A ¥ýÂIÃÄ¤ô¡A ¦A¨Ï¥ÎÃÄ»I,Allow at least 5 minutes between different eye preparations¡A solution first.,,¤@¯ë,¤@¯ë,Äµ »y: ­Yµo¥ÍÄY­«¹L±Ó©Îµo¯lµ¥¤£¾A¯gª¬¡AÀ³§Y°±ÃÄ¨Ã½Ð±ÐÂå®v,,²´ÃÄ»I,,,§_,99.0,,§_,§_,§_,³æ¤è,§_,¥i¥Î,¥i¥Î,¤£¥i¿i,§_,,1.00,1.00,9.00,9.00,999,999,7,1,99.00,99.00,0,0,,¦³¹Ï¤ù,,0,,0,,S01AA11,,,,,,,,,TUB,§_,°·«Oµ¹¥I,°·«Oµ¹¥I,GENTAMICIN,S01AA11,BC22796421,§_,LiquidLiquidEmulsion,OPOINT,,,,,,,,,PH034,202004291150,24.50,32.00
EGENT,20111201,99999999,¥i¥Î,Gentamicin eye drops 5mL,Gentamicin eye drops 5mL,Gentamicin,OU,,TOPH,OP-01-00,¥~¥Î,ºw,Gentamycin,«D²Õ®M,,,¤@¯ë¥i¥Î,¬O,¥i¥ÎÃÄ¥]¾÷,¥i¥Î,¤@¯ë,Á`¶q¶i¦ì,¾AÀ³¯g:²´·úµoª¢µ¥¯gª¬¡A ¨ã±þµß§@¥Î,,Indication:ocular bacterial infectious disease,,¥~ Æ[:5mLÂI²´²~¡A µµ¦â²~»\,Appearance:5mL white eye drop bottle¡A purple cap.,²´·ú¨`¼ö·P©Î¸~µÈ·P,Eye Burning or stinging.,,¬Ò¥i¥Î,¨£¤jÅð¯ÀÂI²´²G,Gentamicin eye drops 5mL,,,§_,¬O,,­Yµo¥ÍÄY­«¹L±Ó©Îµo¯lµ¥¤£¾A¯gª¬¡AÀ³§Y°±ÃÄ¨Ã½Ð±ÐÂå®v,,Report to doctor¡A if any severe hypersensitivity or skin rash occur.,,³Æµù: ­Y¦P®É¨Ï¥Î¨âºØ²´ÃÄ¤ô¡A ½Ð¶¡¹j5¤ÀÄÁ¡A ­YµLÂå®v«ü¥Ü¡A µL¥ý«á¨Ï¥Î¶¶§Ç,,,¤@¯ë,¤@¯ë,Äµ »y: ­Yµo¥ÍÄY­«¹L±Ó©Îµo¯lµ¥¤£¾A¯gª¬¡AÀ³§Y°±ÃÄ¨Ã½Ð±ÐÂå®v,,²´ÃÄ¤ô,0,0,§_,99.0,,§_,¬O,§_,³æ¤è,§_,¥i¥Î,¥i¥Î,¤£¥i¿i,¬O,,1.00,1.00,1.00,1.00,999,999,1,1,99.00,99.00,0,0,,¦³¹Ï¤ù,,0,,0,,S01AA11,,,,,,,,,BOT,,°·«Oµ¹¥I,°·«Oµ¹¥I,GENTAMICIN,S01AA11,AC22198421,§_,AdministrableDrugForm,OPDROP,,,,,,,,,PH022,202312221655,13.70,18.00
EGENV,19960101,99999999,°±¥Î,Gentian violet soln,Gentian violet soln,Gentian Violet,EXT,,TDER,DE-01-00,¥~¥Î,ML,Gentian Violet,«D²Õ®M,°±¥Î¡A¥i¬dÃþ¦üÃÄ,,¤@¯ë¥i¥Î,¬O,¤£¥i¥ÎÃÄ¥]¾÷,,¤@¯ë,Á`¶q¶i¦ì,¾AÀ³¯g:®ø¬r±þµß,,Indication:Antiseptics & disinfectants.,,,,,,,,µµÃÄ¤ô,Gentian violet soln,,,§_,¬O,,,,,,,,,¤@¯ë,¤@¯ë,Äµ »y: ¥»«~¬°¥~¥ÎÃÄ«~¡A½Ð§½³¡¨Ï¥Î¡A¤Å±µÄ²²´·ú©Î»~ªA¡C,,,,,§_,1.0,,§_,§_,§_,³æ¤è,§_,¥i¥Î,¥i¥Î,¤£¥i¿i,¬O,,1.00,1.00,999.00,999.00,999,999,1,1,0,0,0,0,,µL¹Ï¤ù,,0,,0,,,,,,,,,,,CC,§_,¤£µ¹¥I¶·¦Û¥I,¤£µ¹¥I¶·¦Û¥I,,,,§_,Liquid,TOPSOL,,,,,,,,,PH047,202303141645,0,0.50
EGIN,20101216,99999999,°±¥Î,Ginpol eye gel 10gm,Ginpol eye gel 10gm,Carbomer,OU,HS,TOPH,OP-07-00,¥~¥Î,¾A¶q,Vidisic,«D²Õ®M,°±¥Î,EVID,¤@¯ë¥i¥Î,¬O,¤£¥i¥ÎÃÄ¥]¾÷,¥i¥Î,¤@¯ë,Á`¶q¶i¦ì,¾AÀ³¯g:°®²´¯g,,Indication:Treat dry eye.,,¥~ Æ[:¥Õ¦â10gm³nºÞ¡A¤W¦³ºñ¦âªá¼Ë,Appearance:10gm white tube with green patterns,µu¼Èªºµø¤O¼Ò½k,Transient blurring in vision,,¬Ò¥i¥Î,·ú¼ü²´¥Î¾®½¦,Ginpol eye gel 10gm,,,§_,¬O,,¥»«~ÂI«á·|¦³5¤ÀÄÁªºµø¤O¼Ò½k²{¶H¡A ¶}¨®¤Î¾Þ§@¾÷¾¹ªÌ©y¤p¤ß.,,Caution when driving vehicles or operating machinery.,,³Æµù: ­Y¦P®É¨Ï¥Î¨âºØ²´¥ÎÃÄ«~¡A ½Ð¶¡¹j5¤ÀÄÁ¡A ¥ýÂIÃÄ¤ô¡A ¦A¨Ï¥ÎÃÄ»I,Allow at least 5 minutes between different eye preparations¡A solution first.,,¤@¯ë,¤@¯ë,Äµ »y:¥»«~ÂI«á·|¦³5¤ÀÄÁªºµø¤O¼Ò½k²{¶H¡A ¶}¨®¤Î¾Þ§@¾÷¾¹ªÌ©y¤p¤ß.,,,,,§_,99.0,,§_,¬O,§_,³æ¤è,§_,°±¥Î,°±¥Î,¤£¥i¿i,¬O,,1.00,1.00,1.00,1.00,99,99,28,1,99.00,99.00,0,0,,¦³¹Ï¤ù,,0,,0,,S01XA20,,,,,,,,,TUB,,°·«Oµ¹¥I,°·«Oµ¹¥I,CARBOMER (=CARBOPOL=CARBOXYPOLYMETHYLENE),S01XA20,AC48473429,§_,LiquidSolidSuspension,OPGEL,,,,,,,,,PH006,202102101048,98.00,123.00
EGLIC,20221223,99999999,¥i¥Î,Glycerinum Iodi Compositum 450gm/bottle,Glycerinum Iodi Compositum 450gm/bottle,Povidone Iodine + Iodine,EXT,,TENT,EN-03-00,¥~¥Î,¾A¶q,½Æ¤è¸K¥Ìªo·»²G,«D²Õ®M,°±¥Î,,³æ¦ìÁ{±Ä,¬O,¥i¥ÎÃÄ¥]¾÷,°·«O¤£µ¹¥I,¤@¯ë,Á`¶q¶i¦ì,¾AÀ³¯g:«|³ïª¢¡B«ó®ç¸¢ª¢,,Indication:Laryngitis¡A Tonsillitis,,¥~ Æ[:¶ì½¦²~¸Ë,Appearance:plastic bottle,§½³¡¨ë¿E¡A¹L±Ó¤ÏÀ³,local irritation¡A hypersensitivity reaction,,¬Ò¥i¥Î,½Æ¤è¸K¥Ìªo·»²G,Glycerinum Iodi Compositum,,,,¬O,,­­¥~¥Î¶î©Ù©ó³ïÄV¡A,¤£¯à¤ºªA©Î¨Ï¥Î©ó²´·ú¤º¡B²´·ú¥|©P©ÎÂH½¤,For external use only on the throat¡A,not to be taken orally or used in or around the eyes or mucous membranes,¥»ÃÄ¥i¯à¥þ¨­©Ê§l¦¬¡A¤ÏÂÐ¨Ï¥Î¥i¯à·|¼vÅT¥Òª¬¸¢¥\¯à,Regular use maybe contributes to thyroid disease.,2022Q4­ìENT¶E¥ÎÂàÃÄ®wºÞ²z,¤@¯ë,¤@¯ë,­­¥~¥Î¶î©Ù©ó³ïÄV¡A¤£¯à¤ºªA©Î¨Ï¥Î©ó²´·ú¤º¡B²´·ú¥|©P©ÎÂH½¤,,,0,0,§_,99.0,,§_,¬O,§_,½Æ¤è,§_,°±¥Î,°±¥Î,¤£¥i¿i,§_,,1.00,1.00,9.00,9.00,999,999,3,3,99.00,99.00,0,0,,¦³¹Ï¤ù,,0,,0,,R02AA20,R02AA15,,,,0,,0,,BOT,,¤£µ¹¥I¶·¦Û¥I,¤£µ¹¥I¶·¦Û¥I,,,,§_,Liquid,SOL,,,0,,0,mL,,,PH047,202302131610,0,780.00
EGLYC,19960101,99999999,°±¥Î,Glycerin liquid (mL),Glycerin liquid (mL),Glycerin,,,TDER,DE-11-00,¥~¥Î,ML,Glycerin,«D²Õ®M,°±¥Î,,¤@¯ë¥i¥Î,¬O,¥i¥ÎÃÄ¥]¾÷,,¤@¯ë,Á`¶q¶i¦ì,¾AÀ³¯g:¥Ö½§¼íÀã¤Î«OÅ@¾¯,,Indication:Hydrate and soften skin.,,¥~ Æ[: ¥Õ¦â¶ì½¦¥~²~¡A¶Â¦â»\¤l,,,,,¬Ò¥i¥Î,,Glycerin liquid (mL),,,§_,¬O,,,,,,,,[Rx_x]¤À¸Ë ÃÄ«~¡A³B¤è¶°¤£Åã¥Ü,¤@¯ë,¤@¯ë,Äµ »y: ¥»«~¬°¥~¥ÎÃÄ«~¡A½Ð§½³¡¨Ï¥Î¡A¤Å±µÄ²²´·ú©Î»~ªA¡C,,,,,§_,1.0,,§_,¬O,§_,³æ¤è,§_,°±¥Î,°±¥Î,¤£¥i¿i,§_,,1.00,1.00,999.00,999.00,999,999,1,1,999.00,999.00,0,0,,¦³¹Ï¤ù,,0,,0,,A06AG04,,,,,,,,,ML,§_,¤£µ¹¥I¶·¦Û¥I,¤£µ¹¥I¶·¦Û¥I,,,,§_,Liquid,TOPOIL,,,,,,,,,PH008,202304191327,0,2.00
EGLYQ,20050120,99999999,°±¥Î,Glyquin XM cream 4% ¡A1oz,Glyquin XM cream 4% ¡A1oz,Hydroquinon,EXT,,TDER,DE-11-00,¥~¥Î,¾A¶q,,«D²Õ®M,¼t°Ó¯Ê³f,,¤w°±¥Î,¬O,¤£¥i¥ÎÃÄ¥]¾÷,°·«O¤£µ¹¥I,¤@¯ë,Á`¶q¶i¦ì,¾AÀ³¯g:¥Dªv½Å´³¡B¶Â¥Ö¯f¡B³¶´³,,,,,,,,,¥u¥Î©óªù¶E¤Î¦í°|STAT,ªGÁ¢²b½§´³¬ü¥ÕÁ÷,Glyquin XM cream 4% ¡A1oz,,,§_,¬O,,,,,,,,,¤@¯ë,¤@¯ë,Äµ »y:¤Å±µÄ²²´¡B¤f¡B»óµÄµ¥ÂH½¤³¡¦ì¡A¨ÃÁ×§K¤éÅÎ,,,,,§_,99.0,,§_,§_,§_,³æ¤è,§_,¥i¥Î,¥i¥Î,¤£¥i¿i,¬O,,1.00,1.00,999.00,999.00,999,999,7,7,0,0,0,0,,µL¹Ï¤ù,,0,,0,,,,,,,,,,,BOX,,¤£µ¹¥I¶·¦Û¥I,¤£µ¹¥I¶·¦Û¥I,,,,§_,LiquidLiquidEmulsion,TOPCRM,,,,,,,,,PH047,202303141645,0,2300.00
EGYN,20070626,99999999,°±¥Î,Gynox VT 500mg,Gynox VT 500mg,Clotrimazole,VAG,Q3D,SGU,UR-01-00,¥~¥Î,V.T,Canesten,«D²Õ®M,°±¥Î,ECLO5,¤@¯ë¥i¥Î,¬O,¥i¥ÎÃÄ¥]¾÷,¥i¥Î,¤@¯ë,Á`¶q¶i¦ì,¾AÀ³¯g:¥ÑÅðµß(¦h¼Æ©À¯]µß¤òºwÂÎ)©Ò¤Þ°_¤§¥Õ±a¡B³±¹Dª¢,,Indication:Vaginitis due to fungi or trichomoniasis,,¥~ Æ[:»È¦â¾Tºä¥~¥]¸Ë¡A ÂÅ¦â¦r¼Ë,Appearance:Silver package,§½³¡¨ë¿E¡A ¨`¼ö·P,Local irritation¡A burning sensation.,,¬Ò¥i¥Î,¼ä¿Õ³t³±¹D¿õ,Gynox VT 500mg,,,§_,¬O,,³±¹D®ê¾¯¸m©ó25¢J¥H¤UÀx¦s¡A ½Ð¥ý¥h°£¥~¥]¸Ë«á¦A¥Î,,Vaginal suppository¡A store under 25¢XC in a dry place.,,,,,¤@¯ë,¤@¯ë,Äµ »y:³±¹D®ê¾¯¸m©ó25¢J¥H¤UÀx¦s¡A ½Ð¥ý¥h°£¥~¥]¸Ë«á¦A¥Î,,,,,§_,1.0,,§_,¬O,§_,³æ¤è,§_,°±¥Î,°±¥Î,¤£¥i¿i,¬O,,1.00,1.00,1.00,1.00,99,99,7,1,1.00,1.00,0,0,,¦³¹Ï¤ù,,0,,0,,G01AF02,,,,,,,,,TAB,,°·«Oµ¹¥I,°·«Oµ¹¥I,CLOTRIMAZOLE,G01AF02,AC47280500,§_,SolidDrugForm,VAGSUPP,,,,,,,,,PH047,202303141645,12.50,16.00
EH2O2,19960101,99999999,¥i¥Î,H2O2 solution 3%,H2O2 solution 3%,Hydrogen Peroxide,EXT,,TDER,DE-01-00,¥~¥Î,¾A¶q,H2O2 Soln,«D²Õ®M,,,¤@¯ë¥i¥Î,¬O,¥i¥ÎÃÄ¥]¾÷,,¤@¯ë,Á`¶q¶i¦ì,¾AÀ³¯g:¨¾»G¡B±þµß¡B®ø¬r,,Indication:Antiseptics & disinfectants.,,¥~ Æ[: ¾ï¦â450ml¶ì½¦¥~²~,,,,,¬Ò¥i¥Î,Âù®ñ¤ô,H2O2 solution 3%,,,§_,¬O,,,,,,,,,¤@¯ë,¤@¯ë,Äµ »y: ¥»«~¬°¥~¥ÎÃÄ«~¡A½Ð§½³¡¨Ï¥Î¡A¤Å±µÄ²²´·ú©Î»~ªA¡C,,,,,§_,99.0,,§_,¬O,§_,³æ¤è,§_,°±¥Î,°±¥Î,¤£¥i¿i,¬O,,1.00,1.00,9.00,9.00,999,999,1,1,99.00,99.00,0,0,,¦³¹Ï¤ù,,0,,0,,D08AX01,,,,,,,,,BOT,§_,¤£µ¹¥I¶·¦Û¥I,¤£µ¹¥I¶·¦Û¥I,,,,§_,Liquid,TOPSOL,,,,,,,,,PH022,202312221656,0,38.00
EHIR,20170430,99999999,°±¥Î,Hirudoid cream 0.3%¡A 40gm,Hirudoid cream 0.3%¡A 40gm,Heparinoid,EXT,QD,TDER,DE-11-00,¥~¥Î,¾A¶q,Hirudoid,«D²Õ®M,¼t°Ó¯Ê³f,ECIV,¤@¯ë¥i¥Î,¬O,¥i¥ÎÃÄ¥]¾÷,¥i¥Î,¤@¯ë,Á`¶q¶i¦ì,¾AÀ³¯g:¶wª«³Ð¶Ë«á¤§¦å¸~¡A²L¼h©ÊÀR¯ßª¢¤§§½³¡ªvÀø¡C,,Indication:Treat superficial thrombophlebitis & haematoma.,,¥~ Æ[:40¤½§J¾TºÞ¥]¸Ë,Appearance:40gm tube,¥Ö½§¬õ¯l¡A ¥Ö½§Äo,Rash¡A pruritus,,¬Ò¥i¥Î,³ßÀø·ï¨Å»I,Hirudoid cream 0.3%¡A 40gm,,,,¬O,,¤Å¨Ï¥Î¦b¶Ë¤f³¡¦ì,,Avoid use on broken or eczematous skin.,,,,,¤@¯ë,¤@¯ë,Äµ »y:¤£¥i±N¾®½¦¶î©Ù©ó¶Ë¤f©Î¨ü¶Ëªº¥Ö½§,,,0,0,§_,99.0,,§_,¬O,§_,³æ¤è,§_,¥i¥Î,¥i¥Î,¤£¥i¿i,§_,,1.00,1.00,9.00,9.00,99,99,7,1,99.00,99.00,0,0,,¦³¹Ï¤ù,,0,,0,,C05BA01,,,,,0,,0,,TUB,§_,°·«Oµ¹¥I,°·«Oµ¹¥I,HEPARINOID (=SODIUM POLYANHYDROMANNURONIC ACID SUL,C05BA01,BC25607345,§_,LiquidLiquidEmulsion,TOPCRM,,,,,,,,,PH047,202303141645,109.00,131.00
EHUM,20090401,99999999,°±¥Î,Humapen Luxura,Humapen Luxura,Humapen Luxura,,AS,ZOTH,MEDD,½Ã§÷,EA,,«D²Õ®M,°±¥Î¡A¥i¬dÃþ¦üÃÄ,,¤@¯ë¥i¥Î,¬O,¤£¥i¥ÎÃÄ¥]¾÷,¥i¥Î,¤@¯ë,Á`¶q¶i¦ì,¥Î³~¡G¯Ø®q¯Àª`®g¥Îµ§,,Indication: Used for insulin administration.,,,,,,,¥u¥Î©óªù¶E¤Î¦í°|STAT,Àuªc³t¼Öµ§,Humapen Luxura,,,§_,¬O,,,,,,,,,¤@¯ë,¤@¯ë,Äµ »y:½Ð¸m©ó«Äµ£µLªk¨ú±o¤§³B,,,,,§_,1.0,,§_,§_,§_,³æ¤è,§_,¥i¥Î,¥i¥Î,¤£¥i¿i,¬O,,1.00,1.00,1.00,1.00,1,1,1,1,1.00,1.00,0,0,,¦³¹Ï¤ù,,0,,0,,,,,,,,,,,EA,§_,°·«Oµ¹¥I,°·«Oµ¹¥I,,,NBS02M9662HQ,§_,AdministrableDrugForm,APPFUL,,,,,,,,,PH047,202303141645,945.00,1350.00
EHXYL,20201001,99999999,°±¥Î,High-Xylmol ointment 10gm,High-Xylmol ointment 10gm,Betamethasone + Phenylephrine + Lidocaine,RECT,,ALIM,GI-08-00,¥~¥Î,¾A¶q,High-Xylmol,«D²Õ®M,°±¥Î,ECASI,¤@¯ë¥i¥Î,¬O,¤£¥i¥ÎÃÄ¥]¾÷,¥i¥Î,¤@¯ë,Á`¶q¶i¦ì,¾AÀ³¯g:¥Dªvµi½H,,Indication:External & internal hemorrhoids.,,¥~ Æ[:¥Õ¦â10gm³nºÞ¡Aºñ¦â©³³¡¡A¶Â¦â»\¤l,Appearance:10gm white tube¡A green box,§½³¡¨ë¿E¡B¨`¼ö·P,Local irritation¡A burning,,¬Ò¥i¥Î,¼ÖÂ¡²©³n»I,High-Xylmol ointment 10gm,,,,¬O,,¬°¥~¥ÎÃÄ«~¡A ½Ð§½³¡¨Ï¥Î¡A ¤Å±µÄ²²´·ú©Î»~ªA,,For external use. Avoid contact with the eyes or oral consumption.,,,,2020.10 Xylmol oint 15gm ¯ÊÃÄ´À¥N,¤@¯ë,¤@¯ë,Äµ »y: ¥»«~¬°¥~¥ÎÃÄ«~¡A½Ð§½³¡¨Ï¥Î¡A¤Å±µÄ²²´·ú©Î»~ªA¡C,,,0,0,§_,99.0,,§_,¬O,§_,½Æ¤è,,¥i¥Î,¥i¥Î,¤£¥i¿i,¬O,,1.00,1.00,1.00,1.00,999,999,7,1,99.00,99.00,0,0,,¦³¹Ï¤ù,,0,,0,,C01CA06,C05AD01,C05AA05,,,0,,0,,TUB,§_,°·«Oµ¹¥I,°·«Oµ¹¥I,LIDOCAINE 25MG/GM + BETAMETHASONE 0.5MG/GM + PHENYLEPHRINE 1MG/GM,C05AA05,AC58209329,,LiquidLiquidEmulsion,RECOINT,,,0,,0,,,,PH008,202205231549,48.20,63.00
EHYD,20150119,99999999,¥i¥Î,Hydrocortisone cream 1%¡A 10gm,Hydrocortisone cream 1%¡A 10gm,Hydrocortisone,EXT,,TDER,DE-06-00,¥~¥Î,¾A¶q,Hydrocortisone,«D²Õ®M,,,¤@¯ë¥i¥Î,¬O,¥i¥ÎÃÄ¥]¾÷,¥i¥Î,¤@¯ë,Á`¶q¶i¦ì,¾AÀ³¯g:·Ã¯l¡A ¥Ö½§ª¢,,Indication:Eczema¡A dermatitis,,¥~ Æ[:¥Õ¦â³nºÞ¡A ¤W­±¦³ºñ¦â¦r¼Ë,Appearance:10gm white/green tube,µoÄo¡A ¨`¼ö·P¡A ±Ó·P©Ê¼W¥[¡A ¥Ö½§µäÁY,burning¡A itching of skin¡A increased skin sensitivity¡A skin atrophy,,¬Ò¥i¥Î,¦NµÎ¨Å»I,Hydrocortisone Cream 10mg,,,§_,¬O,,¬°¥~¥ÎÃÄ«~¡A ½Ð§½³¡¨Ï¥Î¡A ¤Å±µÄ²²´·ú©Î»~ªA,,For external use. Avoid contact with the eyes or oral consumption.,,,,2015¦~²Ä¤@¦¸ÃÄ©e·|³q¹L·s¶i¨ú¥N,¤@¯ë,¤@¯ë,Äµ »y: ¥»«~¬°¥~¥ÎÃÄ«~¡A½Ð§½³¡¨Ï¥Î¡A¤Å±µÄ²²´·ú©Î»~ªA¡C,,,0,0,§_,99.0,,§_,¬O,§_,³æ¤è,§_,¥i¥Î,¥i¥Î,¤£¥i¿i,¬O,,1.00,1.00,9.00,9.00,999,999,1,1,99.00,99.00,0,0,,¦³¹Ï¤ù,,0,,0,,D07AA02,,,,,0,,0,,TUB,,°·«Oµ¹¥I,°·«Oµ¹¥I,HYDROCORTISONE ACETATE,D07AA02,A035883329,§_,LiquidLiquidEmulsion,TOPCRM,,,,,,,,,PH022,202312221656,15.00,20.00
EICH,20030625,99999999,¥i¥Î,Ichderm cream 50mg/gm¡A 15gm,Ichderm cream 50mg/gm¡A 15gm,Doxepin,EXT,,TDER,DE-08-00,¥~¥Î,¾A¶q,Ichderm,«D²Õ®M,,,¤@¯ë¥i¥Î,¬O,¥i¥ÎÃÄ¥]¾÷,¥i¥Î,¤@¯ë,Á`¶q¶i¦ì,¾AÀ³¯g:¦¨¤H·Ã¯l©Ê¥Ö½§ª¢©Ò­P¤¤«×·kÄo¯g¤§µu´ÁªvÀø,,Indication:Itch associated with ecze-matous dermatitis.,,¥~ Æ[:¥Õ¦â15gm³nºÞ¡A ²HÂÅ¦â¥~²°,Appearance:Gray blue box,ÀY·w¡A ¤f°®¡A «K¯µ¡A äú¤ß©Î¹Ã¦R¡A µø¤O¼Ò½k,Dizzy; dryness of mouth; blurred vision; nausea; vomiting;trouble urinating;cons,,¬Ò¥i¥Î,´¶½§¨Å»I,Ichderm cream 50mg/gm¡A 15gm,,,§_,¬O,,¬°¥~¥ÎÃÄ«~¡A ½Ð§½³¡¨Ï¥Î¡A ¤Å±µÄ²²´·ú©Î»~ªA,,For external use. Avoid contact with the eyes or oral consumption.,,³Æµù: ¤Å³sÄòªvÀø¨Ï¥Î¶W¹L¤@¶g,Do not continute treatment up to 1 week.,,¤@¯ë,¤@¯ë,Äµ »y: ¥»«~¬°¥~¥ÎÃÄ«~¡A½Ð§½³¡¨Ï¥Î¡A¤Å±µÄ²²´·ú©Î»~ªA¡C,,,,,§_,99.0,,§_,¬O,§_,³æ¤è,§_,°±¥Î,°±¥Î,¤£¥i¿i,¬O,,1.00,1.00,9.00,9.00,7,7,7,1,99.00,99.00,0,0,,¦³¹Ï¤ù,,0,,0,,D04AX91,,,,,,,,,TUB,§_,°·«Oµ¹¥I,°·«Oµ¹¥I,DOXEPIN,D04AX91,AC42214335,§_,LiquidLiquidEmulsion,TOPCRM,,,,,,,,,PH022,202312221656,45.60,59.00
EILO,19960101,99999999,°±¥Î,Erythromycin oph oint 0.5%¡A 3.5gm,Erythromycin oph oint 0.5%¡A 3.5gm,Erythromycin,OU,,TOPH,OP-01-00,¥~¥Î,¾A¶q,Erythromycin,«D²Õ®M,¼t°Ó¯Ê³f,EILO1,¤@¯ë¥i¥Î,¬O,¤£¥i¥ÎÃÄ¥]¾÷,¥i¥Î,¤@¯ë,Á`¶q¶i¦ì,¾AÀ³¯g:²´·ú©Î¨ä¥L³¡¦ìµoª¢¯gª¬¡A ¨ã±þµß§@¥Î,,Indication:Superficial infection of wound or eyes,,¥~ Æ[:¥Õ¦â3.5gm³nºÞ,Appearance:3.5gm white tube,§½³¡¨ë¿E,Local irritation,,¥u¥Î©óªù¶E¤Î¦í°|STAT,¬õÅð¯À²´ÃÄ»I,Erythromycin oph oint 0.5%¡A,,,§_,¬O,,­Yµo¥ÍÄY­«¹L±Ó©Îµo¯lµ¥¤£¾A¯gª¬¡AÀ³§Y°±ÃÄ¨Ã½Ð±ÐÂå®v,,Report to doctor¡A if any severe hypersensitivity or skin rash occur.,,,,2015¦~²Ä¤@¦¸ÃÄ©e·|³q¹L§R°£,¤@¯ë,¤@¯ë,Äµ »y: ­Yµo¥ÍÄY­«¹L±Ó©Îµo¯lµ¥¤£¾A¯gª¬¡AÀ³§Y°±ÃÄ¨Ã½Ð±ÐÂå®v,,,,,§_,99.0,,§_,§_,§_,³æ¤è,§_,¥i¥Î,¥i¥Î,¤£¥i¿i,§_,,1.00,1.00,99.00,99.00,99,99,7,1,99.00,99.00,0,0,,¦³¹Ï¤ù,,0,,0,,S01AA17,,,,,,,,,TUB,§_,¤£µ¹¥I¶·¦Û¥I,¤£µ¹¥I¶·¦Û¥I,ERYTHROMYCIN,S01AA17,A035459417,§_,LiquidLiquidEmulsion,OPOINT,,,,,,,,,PH047,202303141645,0,16.00
EILO1,20130306,99999999,¥i¥Î,Erythromycin 0.5%¡A 3.5gm ophthalmic ointment,Erythromycin 0.5%¡A 3.5gm ophthalmic ointment,Erythromycin,OU,,TOPH,OP-01-00,¥~¥Î,¾A¶q,Erythromycin,«D²Õ®M,,,¤@¯ë¥i¥Î,¬O,¥i¥ÎÃÄ¥]¾÷,¥i¥Î,¤@¯ë,Á`¶q¶i¦ì,¾AÀ³¯g:²´·ú©Î¨ä¥L³¡¦ìµoª¢¯gª¬¡A ¨ã±þµß§@¥Î,,Indication:Superficial infection of wound or eyes,,¥~ Æ[:¥Õ¦â3.5gm³nºÞ,Appearance:3.5gm white tube,§½³¡¨ë¿E,Local irritation,,¬Ò¥i¥Î,¬õÅð¯À²´ÃÄ»I,Erythromycin oph oint 0.5%¡A,,,§_,¬O,,­Yµo¥ÍÄY­«¹L±Ó©Îµo¯lµ¥¤£¾A¯gª¬¡AÀ³§Y°±ÃÄ¨Ã½Ð±ÐÂå®v,,Report to doctor¡A if any severe hypersensitivity or skin rash occur.,,³Æµù: ­Y¦P®É¨Ï¥Î¨âºØ²´¥ÎÃÄ«~¡A ½Ð¶¡¹j5¤ÀÄÁ¡A ¥ýÂIÃÄ¤ô¡A ¦A¨Ï¥ÎÃÄ»I,Allow at least 5 minutes between different eye preparations¡A solution first.,2015¦~²Ä¤@¦¸ÃÄ©e·|³q¹L·s¶i¨ú¥N,¤@¯ë,¤@¯ë,Äµ »y: ­Yµo¥ÍÄY­«¹L±Ó©Îµo¯lµ¥¤£¾A¯gª¬¡AÀ³§Y°±ÃÄ¨Ã½Ð±ÐÂå®v,,,0,0,§_,99.0,,§_,¬O,§_,³æ¤è,§_,°±¥Î,¥i¥Î,¤£¥i¿i,¬O,,1.00,1.00,99.00,99.00,999,999,0,1,99.00,99.00,0,0,,¦³¹Ï¤ù,,0,,0,,S01AA17,,,,,,,,,TUB,,°·«Oµ¹¥I,°·«Oµ¹¥I,ERYTHROMYCIN,S01AA17,AC47370417,§_,LiquidLiquidEmulsion,OPOINT,,,,,,,,,PH076,202305311119,12.10,16.00
EIND,20070907,99999999,°±¥Î,Indomethacin supp 50mg,Indomethacin supp 50mg,Indomethacin,RECT,,CNEU,CN-01-02,¥~¥Î,SUP,Indomethacin,«D²Õ®M,°±¥Î,,¤@¯ë¥i¥Î,¬O,¥i¥ÎÃÄ¥]¾÷,¥i¥Î,¤@¯ë,Á`¶q¶i¦ì,¾AÀ³¯g:¸Ñ¼ö¡A ®øª¢¡A Âíµh,,Indication:Relief of fever¡A pain & inflammation.,,¥~ Æ[:¥Õ¦â¶ì½¦¥~´ß¡A ¥~´ß³»ºÝ¬°©@°Ø¦â,Appearance:White suppository,¸¡µh¡A «K¯µ¡A ¸¡Âm¡A µÈ®ð¡A äú¤ß¡A ÀY·w¡A ÀYµh¡A ª½¸z¨ë¿E,Abdominal pain¡A constipation¡A diarrhea¡A flatulence¡A nausea¡A dizzy¡A headache,,¬Ò¥i¥Î,§Jª¢®ê¾¯,Indomethacin supp 50mg,,,§_,¬O,,¨zªù®ê¾¯½Ð¸m©ó25¢J¥H¤UÀx¦s¡A ¨Ã©ó­é¥~¥]¸Ë«á¨Ï¥Î,,Anal suppository. Store under 25¢XC in a dry place.,,¦p¥ÎÃÄ«á¥X²{³ïµh¡B¤fµÄÂH½¤¼ìÄê¡B¥Ö¯lµ¥¯gª¬¡A¥ß§Y°±ÃÄ¦^¶E,If signs of sore throat¡A mouth ulcers or skin rash occur¡A please consult doctor,2018.09 ÃÄ©e·|§R°£,¤@¯ë,¤@¯ë,Äµ »y:¨zªù®ê¾¯½Ð¸m©ó25¢J¥H¤UÀx¦s¡A ¨Ã©ó­é¥~¥]¸Ë«á¨Ï¥Î,,,,,§_,1.0,,¬O,¬O,§_,½Æ¤è,§_,¥i¥Î,¥i¥Î,¤£¥i¿i,¬O,,1.00,1.00,2.00,2.00,999,999,7,1,4.00,4.00,0.08,0.04,,¦³¹Ï¤ù,,0,,0,,M01AB01,,,,,,,,,SUP,,°·«Oµ¹¥I,°·«Oµ¹¥I,INDOMETHACIN,M01AB01,AC01386500,§_,SolidDrugForm,RECSUPP,,,,,,,,,PH047,202303141646,5.00,7.00
EINT5,19960101,99999999,°±¥Î,Intal 5 inhalerªù¶E­­¤@¤ä,Intal 5 inhaler,Sod Cromoglycate,IH,,ERSP,RE-06-00,¥~¥Î,PFF,Intal,«D²Õ®M,°±¥Î¡A¥i¬dÃþ¦üÃÄ,,¤@¯ë¥i¥Î,¬O,¤£¥i¥ÎÃÄ¥]¾÷,,¤@¯ë,Á`¶q¶i¦ì,¾AÀ³¯g:¤ä®ðºÞ®ð³Ý,,,,,,,,,,,Intal 5 inhaler,,,§_,¬O,,,,,,,,,¤@¯ë,¤@¯ë,Äµ »y:¬°§l¤J¾¯,,,,,§_,112.0,,§_,§_,§_,³æ¤è,§_,°±¥Î,¥i¥Î,¤£¥i¿i,¬O,,2.00,1.00,2.00,2.00,60,30,30,1,0,0,0,0,1.00,µL¹Ï¤ù,,0,,0,,,,,,,,,,,BOT,§_,°·«Oµ¹¥I,°·«Oµ¹¥I,CROMOLYN SODIUM(=SODIUM CROMOGLYCATE),R03BC01,B0186281CU,§_,GasSolidSpray,ORINHL,,,,,,,,,PH047,202303141646,415.00,498.00
EINTC,19960101,99999999,°±¥Î,InteBan cream 1%¡A 25gm,InteBan cream 1%¡A 25gm,Indomethacin,EXT,,CNEU,CN-01-02,¥~¥Î,¾A¶q,Indocid,«D²Õ®M,°±¥Î,,¤@¯ë¥i¥Î,¬O,¤£¥i¥ÎÃÄ¥]¾÷,,¤@¯ë,Á`¶q¶i¦ì,¾AÀ³¯g:Âíµh®øª¢,,Indication:Relief of pain & inflammation.,,¥~ Æ[:²HÂÅ¦â25gm³nºÞ¡A ¶À¦â»\¤l,Appearance:25gm light blue tube¡A yellow cap,¥Ö½§µo¬õ¡A ¥Ö½§¬õ¯l¡A ¥Ö½§¨ë¿E¡A ¥Ö½§¸~¡A ¹ï¥ú±Ó·P,Redness¡A rashes¡A dryness¡A irritation¡A swelling¡A photosensitivity,,¥u¥Î©óªù¶E¤Î¦í°|STAT,Ã­±oº¡ ¨Å»I,InteBan cream 1%¡A 25gm,,,§_,¬O,,¬°¥~¥ÎÃÄ«~¡A ½Ð§½³¡¨Ï¥Î¡A ¤Å±µÄ²²´·ú©Î»~ªA,,For external use. Avoid contact with the eyes or oral consumption.,,,,,¤@¯ë,¤@¯ë,Äµ »y: ¥»«~¬°¥~¥ÎÃÄ«~¡A½Ð§½³¡¨Ï¥Î¡A¤Å±µÄ²²´·ú©Î»~ªA¡C,,,,,§_,99.0,,§_,§_,§_,³æ¤è,§_,¥i¥Î,¥i¥Î,¤£¥i¿i,§_,,1.00,1.00,9.00,9.00,999,999,7,1,99.00,99.00,0,0,,¦³¹Ï¤ù,,0,,0,,M02AA23,,,,,,,,,TUB,§_,°·«Oµ¹¥I,°·«Oµ¹¥I,INDOMETHACIN,M02AA23,B015361340,§_,LiquidLiquidEmulsion,TOPCRM,,,,,,,,,PH047,202303141646,63.00,79.00
EINTD,19960101,99999999,°±¥Î,Intal eye drop 10mL,Intal eye drop 10mL,Cromolyn,OU,,TOPH,OP-06-00,¥~¥Î,ºw,Intal,«D²Õ®M,°±¥Î¡A¥i¬dÃþ¦üÃÄ,,¤@¯ë¥i¥Î,¬O,¤£¥i¥ÎÃÄ¥]¾÷,,¤@¯ë,Á`¶q¶i¦ì,¾AÀ³¯g:¥Dªv¹L±Ó©Êµ²½¤ª¢,,,,,,,,,¥u¥Î©óªù¶E¤Î¦í°|STAT,±Ó²´³t¼Ö ÂI²´²G,Intal eye drop 10mL,,,§_,¬O,,,,,,,,,¤@¯ë,¤@¯ë,,,,,,,200.0,,§_,§_,§_,³æ¤è,§_,¥i¥Î,¥i¥Î,¤£¥i¿i,§_,,1.00,1.00,999.00,999.00,999,999,7,1,0,0,0,0,,µL¹Ï¤ù,,0,,0,,,,,,,,,,,BOT,§_,°·«Oµ¹¥I,°·«Oµ¹¥I,SODIUM CROMOGLYCATE,S01GX01,B016116429,§_,AdministrableDrugForm,OPDROP,,,,,,,,,PH047,202303141646,77.00,92.00
EINTS,19960101,99999999,°±¥Î,Intocin supp 100mg,Intocin supp 100mg,Indomethacin,RECT,,CNEU,CN-01-02,¥~¥Î,SUP,Indocid,«D²Õ®M,°±¥Î¡A¥i¬dÃþ¦üÃÄ,,¤@¯ë¥i¥Î,¬O,¤£¥i¥ÎÃÄ¥]¾÷,,¤@¯ë,Á`¶q¶i¦ì,¾AÀ³¯g:¸Ñ¼ö¡B®øª¢¡BÂíµh,,Indication:Alleviation of pain.,,¥~ Æ[: ºñ¦â´ß¸Ë¥Õ¦âÄú½è®ê¾¯,,,,,,®¦¦h³Ó ®ê¾¯,Intocin supp 100mg,,,§_,¬O,,,,,,,,,¤@¯ë,¤@¯ë,Äµ »y:¨zªù®ê¾¯½Ð¸m©ó25¢J¥H¤UÀx¦s¡A ¨Ã©ó­é¥~¥]¸Ë«á¨Ï¥Î,,,,,§_,1.0,,§_,§_,§_,³æ¤è,§_,¥i¥Î,¥i¥Î,¤£¥i¿i,¬O,,1.00,1.00,999.00,999.00,999,999,1,1,0,0,0,0,,µL¹Ï¤ù,,0,,0,,,,,,,,,,,SUP,§_,°·«Oµ¹¥I,°·«Oµ¹¥I,INDOMETHACIN,M01AB01,A005949500,§_,SolidDrugForm,RECSUPP,,,,,,,,,PH047,202303141646,3.73,5.00
EISA,19960101,99999999,°±¥Î,I.S.A spirit 30mL,I.S.A spirit 30mL,Iodine + Salicylic Acid Alcohol,EXT,,TDER,DE-03-00,¥~¥Î,¾A¶q,I.S.A,«D²Õ®M,°±¥Î¡A¥i¬dÃþ¦üÃÄ,,¤@¯ë¥i¥Î,¬O,¤£¥i¥ÎÃÄ¥]¾÷,,¤@¯ë,Á`¶q¶i¦ì,¾AÀ³¯g:­»´ä¸},,Topical treatment of superficial fungal infections.,,¥~ Æ[:¥Õ¦â30ml¶ì½¦¥~²~,,,,,¥u¥Î©óªù¶E¤Î¦í°|STAT,¸K¤Æ¤ô·¨»Ä¾J²G (­­¥~¥Î),I.S.A spirit 30mL,,,§_,¬O,,,,,,,,,¤@¯ë,¤@¯ë,Äµ »y:¨zªù®ê¾¯½Ð¸m©ó25¢J¥H¤UÀx¦s¡A ¨Ã©ó­é¥~¥]¸Ë«á¨Ï¥Î,,,,,§_,99.0,,§_,§_,§_,³æ¤è,§_,°±¥Î,¥i¥Î,¤£¥i¿i,§_,,1.00,1.00,999.00,999.00,999,999,1,1,0,0,0,0,,µL¹Ï¤ù,,0,,0,,,,,,,,,,,BOT,§_,¤£µ¹¥I¶·¦Û¥I,¤£µ¹¥I¶·¦Û¥I,,,,§_,Liquid,TOPSOL,,,,,,,,,PH047,202303141646,0,70.00
EISO1,19960101,99999999,°±¥Î,Isopto carpine 1%¡A 15mL,Isopto carpine 1%¡A 15mL,Pilocarpine,OU,,TOPH,OP-05-02,¥~¥Î,ºw,Isopto Carpine,«D²Õ®M,°±¥Î,,¤@¯ë¥i¥Î,¬O,¤£¥i¥ÎÃÄ¥]¾÷,,¤@¯ë,Á`¶q¶i¦ì,¾AÀ³¯g:±±¨îºC©Ê«C¥ú²´¤§²´À£,,,,,,,,,¥u¥Î©óªù¶E¤Î¦í°|STAT,1% ·RµÎ¯S¶}©ú²´ÃÄ¤ô,Isopto carpine 1%¡A 15mL,,,§_,¬O,,,,,,,,,¤@¯ë,¤@¯ë,,,,,,§_,300.0,,§_,§_,§_,³æ¤è,§_,°±¥Î,¥i¥Î,¤£¥i¿i,§_,,1.00,1.00,999.00,999.00,999,999,30,1,0,0,0,0,,µL¹Ï¤ù,,0,,0,,,,,,,,,,,BOT,§_,°·«Oµ¹¥I,°·«Oµ¹¥I,PILOCARPINE,S01EB01,B016354435,§_,AdministrableDrugForm,OPDROP,,,,,,,,,PH047,202303141646,102.00,122.00
EISO2,20140320,99999999,°±¥Î,Isopto carpine 2% 15mL,Isopto carpine 2% 15mL,Pilocarpine,OU,,TOPH,OP-05-02,¥~¥Î,ºw,Pilocarpine,«D²Õ®M,°±¥Î,,¤@¯ë¥i¥Î,¬O,¥i¥ÎÃÄ¥]¾÷,,¤@¯ë,Á`¶q¶i¦ì,¾AÀ³¯g:­°§C²´À£,,Indication:Lowering of ocular pressure,,¥~ Æ[:¥Õ¦â¥~²~»\¤l¡A ºñ¦â±ø¯¾,Appearance:15mL white eye drop bottle,¾_Å¸¡A ¸¡Âm¡A ©I§l§xÃø¡A ¬y²C,Tremor¡A diarrhea¡A dyspnea¡A salivation,,¬Ò¥i¥Î,·RµÎ¯S¶}©ú²´ÃÄ¤ô,Isopto carpine 2%,,,§_,¬O,,­Y¦³®ð³Ý©ÎµjÅË©Ê®ðºÞª¢®É¡A À³¤p¤ß¨Ï¥Î¥»ÃÄ,,Should not use this medicine if patient has asthma that is not well-controlled.,Don't store in a refrigerator (< 8¢XC).,¶}«Ê«á«Ç·ÅÀx¦s(< 30¢J)¥i¨Ï¥Î¤@­Ó¤ë¡A¤£¥i§NÂÃ¡C,Store at Room temperature (<30¢XC) for up to 4 weeks once opened.,2021.09.01ÃÄ©e·|§R°£,¤@¯ë,¤@¯ë,Äµ »y:­Y¦³®ð³Ý©ÎµjÅË©Ê®ðºÞª¢®É¡AÀ³¤p¤ß¨Ï¥Î¥»ÃÄ,,,0,0,§_,300.0,,§_,¬O,§_,³æ¤è,§_,¥i¥Î,¥i¥Î,¤£¥i¿i,§_,,1.00,1.00,1.00,1.00,60,30,28,1,12.00,12.00,0,0,,¦³¹Ï¤ù,,0,,0,,S01EB01,,,,,,,,,BOT,§_,°·«Oµ¹¥I,°·«Oµ¹¥I,PILOCARPINE,S01EB01,BC16483435,§_,AdministrableDrugForm,OPDROP,,,,,,,,,PH047,202303141646,79.00,99.00
EISO4,19960101,99999999,°±¥Î,Isopto carpine 4% 15mL,Isopto carpine 4% 15mL,Pilocarpine,OU,,TOPH,OP-05-02,¥~¥Î,ºw,Isopto Carpine,«D²Õ®M,°±¥Î,,¤w°±¥Î,¬O,¤£¥i¥ÎÃÄ¥]¾÷,,¤@¯ë,Á`¶q¶i¦ì,¾AÀ³¯g:±±¨îºC©Ê«C¥ú²´¤§²´À£,,,,,,,,,,,Isopto carpine 4% 15mL,,,§_,¬O,,,,,,,,,¤@¯ë,¤@¯ë,,,,,,§_,300.0,,§_,§_,§_,³æ¤è,§_,¥i¥Î,¥i¥Î,¤£¥i¿i,¬O,,1.00,1.00,999.00,999.00,999,999,30,1,0,0,0,0,,µL¹Ï¤ù,,0,,0,,,,,,,,,,,BOT,§_,°·«Oµ¹¥I,°·«Oµ¹¥I,PILOCARPINE,S01EB01,B016359435,§_,AdministrableDrugForm,OPDROP,,,,,,,,,PH047,202303141646,144.00,173.00
EIZB,20161228,99999999,¥i¥Î,Izba 0.003%¡A 2.5mL eye drops,Izba 0.003%¡A 2.5mL eye drops,Travoprost,OU,HS,TOPH,OP-05-05,¥~¥Î,ºw,Izba,«D²Õ®M,°±¥Î,,¤@¯ë¥i¥Î,¬O,¥i¥ÎÃÄ¥]¾÷,±ø¥ó¤Uµ¹¥I,¤@¯ë,Á`¶q¶i¦ì,¾AÀ³¯g:¶¨¨¤¶}©ñ©Ê«C¥ú²´¡A ²´À£¹L°ª,,Indication:Lowering of ocular pressure.,,¥~ Æ[:¥Õºñ¾ï¦â¥~¥]¸Ë¡A 2.5²@¤ÉÂI²´²~,Appearance:White/green/orange box¡A 2.5mL eye drop bottle,²´·ú¥R¦å¡A µø¤O´î°h¡A ²§ª«·P¡A ²´Â¥ª¢¡A µø¤O¼Ò½k,Ocular hyperemia¡A decreased visual acuity¡A foreign body sensation¡A blepharitis,,¬Ò¥i¥Î,©öµÎÀ£ÂI²´²G0.003%,Izba 0.003% eye drops¡A 2.5mL,,,,¬O,,¥¥°ü©Î±NÃh¥¥¤§°ü¤kÁ×§K¨Ï¥Î,,Avoid during pregnancy.,,³Æµù: ­Y¦P®É¨Ï¥Î¨âºØ²´ÃÄ¤ô¡A ½Ð¶¡¹j5¤ÀÄÁ¡A ­YµLÂå®v«ü¥Ü¡A µL¥ý«á¨Ï¥Î¶¶§Ç,,105-4 ÃÄ©e·|³q¹L·s¶i,¤@¯ë,¤@¯ë,Äµ »y:Ãh¥¥¡B±Â¨Åªº°ü¤k¤£¥i¨Ï¥Î¥»«~,,,0,0,§_,50.0,,§_,¬O,§_,³æ¤è,§_,¥i¥Î,¥i¥Î,¤£¥i¿i,¬O,,1.00,1.00,1.00,1.00,99,99,28,1,2.00,2.00,0,0,,¦³¹Ï¤ù,,0,,0,,S01EE04,,,,,0,,0,,BOT,,°·«Oµ¹¥I,°·«Oµ¹¥I,TRAVOPROST,S01EE04,BC26678414,§_,AdministrableDrugForm,OPDROP,,,,,,,,,PH006,202402080930,403.00,484.00
EJAL,20150529,99999999,¥i¥Î,Jaline Lotion 25%¡A 150mL,Jaline Lotion 25%¡A 150mL,Benzyl benzoate,EXT,,TDER,DE-03-00,¥~¥Î,¾A¶q,B.B.Lotion,«D²Õ®M,,,¤@¯ë¥i¥Î,¬O,¥i¥ÎÃÄ¥]¾÷,°·«O¤£µ¹¥I,¤@¯ë,Á`¶q¶i¦ì,¾AÀ³¯g:ªvÀø¬ÎÅ~¤Îªë¦ä·P¬V,,Indication:Treatment of scabies¡A head lice.,,¥~ Æ[:¥Õ¦â150mL¥~²~,Appearance: 150mL white bottle,¥Ö½§¨ë¿E¡A ¨`¼ö·P,Skin irritation¡A burning sensation.,,¬Ò¥i¥Î,"¤H¤H"¬Î¹ç¬~²G250²@§J / ²@¤É,Jaline Lotion 25%¡A 150mL,,,,¬O,,¬°¥~¥ÎÃÄ«~¡A ½Ð§½³¡¨Ï¥Î¡A ¤Å±µÄ²²´·ú©Î»~ªA,,For external use. Avoid contact with the eyes or oral consumption.,,,,,¤@¯ë,¤@¯ë,Äµ »y: ¥»«~¬°¥~¥ÎÃÄ«~¡A½Ð§½³¡¨Ï¥Î¡A¤Å±µÄ²²´·ú©Î»~ªA¡C,,,0,0,§_,99.0,,§_,¬O,§_,³æ¤è,§_,°±¥Î,°±¥Î,¤£¥i¿i,¬O,,1.00,1.00,9.00,9.00,999,999,7,1,99.00,99.00,0,0,,¦³¹Ï¤ù,,0,,0,,P03AX01,,,,,0,,0,,BOT,,¤£µ¹¥I¶·¦Û¥I,¤£µ¹¥I¶·¦Û¥I,,,,§_,Liquid,TOPSOL,,,,,,,,,PH022,202312221656,0,190.00
EJMC,20021223,99999999,°±¥Î,Jia mei cream 1% 5gm,Jia mei cream 1% 5gm,Naftifine,EXT,,TDER,DE-03-00,¥~¥Î,¾A¶q,Exoderil,«D²Õ®M,°±¥Î,,¤@¯ë¥i¥Î,¬O,¤£¥i¥ÎÃÄ¥]¾÷,¥i¥Î,¤@¯ë,Á`¶q¶i¦ì,¾AÀ³¯g:ªí¥ÖÅðµß·P¬V,,Indication:Fungus infections,,¥~ Æ[:¥Õ¦â5gm³nºÞ¡A ºñ¦â©³³¡,Appearance:5gm white/green tube,¨`¼ö¡A ¨ë¿E¡A °®Àê¡A ¬õ¼ö·P,Burning¡A stinging¡A dryness¡A redness.,,¬Ò¥i¥Î,¨ÎÅð¨Å»I,Jia mei cream 1% 5gm,,,§_,¬O,,¬°¥~¥ÎÃÄ«~¡A ½Ð§½³¡¨Ï¥Î¡A ¤Å±µÄ²²´·ú©Î»~ªA,,For external use. Avoid contact with the eyes or oral consumption.,,,,,¤@¯ë,¤@¯ë,Äµ »y: ¥»«~¬°¥~¥ÎÃÄ«~¡A½Ð§½³¡¨Ï¥Î¡A¤Å±µÄ²²´·ú©Î»~ªA¡C,,,,,¬O,99.0,,§_,¬O,§_,³æ¤è,§_,¥i¥Î,¥i¥Î,¤£¥i¿i,§_,,1.00,1.00,10.00,10.00,999,999,7,1,99.00,99.00,0,0,,¦³¹Ï¤ù,,0,,0,,D01AE22,,,,,,,,,TUB,,°·«Oµ¹¥I,°·«Oµ¹¥I,NAFTIFINE,D01AE22,AC43692321,§_,LiquidLiquidEmulsion,TOPCRM,,,,,,,,,PH047,202303141646,20.40,27.00
EJOY,20030711,99999999,°±¥Î,Joyla liquid 30mL,Joyla liquid 30mL,Aluminum Hydroxychloride,EXT,,TDER,DE-11-00,¥~¥Î,¾A¶q,,«D²Õ®M,°±¥Î,,¤@¯ë¥i¥Î,¬O,¤£¥i¥ÎÃÄ¥]¾÷,¥i¥Î,¤@¯ë,Á`¶q¶i¦ì,¾AÀ³¯g¡G¤î¦½¡B±þµß¡Bª°¯ä,,Indication:Excessive sweating.,,¥~ Æ[: ³z©ú30ml¬Á¼þ¥~²~¡A¥Õ¦â¼Q¼L,,§½³¡¨ë¿E,Local irritation,,¥u¥Î©óªù¶E¤Î¦í°|STAT,ªv¦½¼Ö²G,Joyla liquid 30mL,,,§_,¬O,,¬°¥~¥ÎÃÄ«~¡A ½Ð§½³¡¨Ï¥Î¡A ¤Å±µÄ²²´·ú©Î»~ªA,,For external use. Avoid contact with the eyes or oral consumption.,,,,,¤@¯ë,¤@¯ë,Äµ »y: ¥»«~¬°¥~¥ÎÃÄ«~¡A½Ð§½³¡¨Ï¥Î¡A¤Å±µÄ²²´·ú©Î»~ªA¡C,,,,,§_,99.0,,§_,§_,§_,³æ¤è,§_,¥i¥Î,¥i¥Î,¤£¥i¿i,§_,,1.00,1.00,9.00,9.00,99,99,7,1,99.00,99.00,0,0,,¦³¹Ï¤ù,,0,,0,,D08AE01,,,,,,,,,BOT,§_,¤£µ¹¥I¶·¦Û¥I,¤£µ¹¥I¶·¦Û¥I,,,,§_,GasLiquidMixture,DERMSPRY,,,,,,,,,PH047,202303141646,0,250.00
EKAR,20140613,99999999,°±¥Î,Karac cream 0.1%¡A 30gm,Karac cream 0.1%¡A 30gm,Tazarotene,EXT,,TDER,DE-09-00,¥~¥Î,¾A¶q,Zorac cream,«D²Õ®M,°±¥Î,,¤@¯ë¥i¥Î,¬O,¤£¥i¥ÎÃÄ¥]¾÷,±ø¥ó¤Uµ¹¥I,¤@¯ë,Á`¶q¶i¦ì,¾AÀ³¯g:°®Å~¡A ´M±`©ÊÚµ½H,,Indication:Treat psoriasis & acne vulgaris.,,¥~ Æ[:²L©@°Ø¦â¥Õ¦â¬Û¶¡³nºÞ,Appearance:30gm white/brown tube,·kÄo¡A ¨`¼ö¨ëµh·P¡A ¬õ¸~¡A ¤û¥ÖÅ~´c¤Æ,Pruritus¡A burning/stinging¡A erythema¡A worsening of psoriasis,,¥u¥Î©óªù¶E¤Î¦í°|STAT,Å~µk§J¨Å»I,Karac cream,,,,¬O,,¬°¥~¥ÎÃÄ«~¡A ½Ð§½³¡¨Ï¥Î¡A ¤Å±µÄ²²´·ú©Î»~ªA,,For external use. Avoid contact with the eyes or oral consumption.,,,,105-4 ÃÄ©e·|¨MÄ³§R°£,¤@¯ë,¤@¯ë,Äµ »y: ¥»«~¬°¥~¥ÎÃÄ«~¡A½Ð§½³¡¨Ï¥Î¡A¤Å±µÄ²²´·ú©Î»~ªA¡C,,,0,0,§_,99.0,,§_,§_,§_,³æ¤è,§_,¥i¥Î,¥i¥Î,¤£¥i¿i,¬O,,1.00,1.00,9.00,9.00,60,30,28,1,99.00,99.00,0,0,,¦³¹Ï¤ù,,0,,0,,D05AX05,,,,,0,,0,,TUB,,°·«Oµ¹¥I,°·«Oµ¹¥I,TAZAROTENE,D05AX05,AC49670343,§_,LiquidLiquidEmulsion,TOPCRM,,,,,,,,,PH047,202303141646,329.00,395.00
EKARY,20161004,99999999,¥i¥Î,Kary Uni 0.005%¡A 5mL ophthalmic suspension,Kary Uni 0.005%¡A 5mL ophthalmic suspension,Pirfenoxone,OU,,TOPH,OP-08-00,¥~¥Î,ºw,Pirfenoxone,«D²Õ®M,,,¤@¯ë¥i¥Î,¬O,¥i¥ÎÃÄ¥]¾÷,¥i¥Î,¤@¯ë,Á`¶q¶i¦ì,¾AÀ³¯g:ªì´Á¦Ñ¤H©Ê¥Õ¤º»Ù,,Indication:Early senile cataract.,,¥~ Æ[:5²@¤ÉÂI²´²~¸Ë,Appearance: 5mL eye drop in plastic bottle,²´Â¥ª¢¡A¨ëµh·P¡A·kÄo·P,Blepharitis¡A irritation¡A itching.,,¬Ò¥i¥Î,¬_¹çÀu¥§ÂI²´Äa²G,Kary Uni 0.005% oph susp 5mL,,,,¬O,,¨Ï¥Î«e½Ð¥ý·n®Ì§¡¤Ã,­Y¦P®É¨Ï¥Î¨âºØ²´ÃÄ¤ô¡A ½Ð¶¡¹j5¤ÀÄÁ¡A ­YµLÂå®v«ü¥Ü¡A µL¥ý«á¨Ï¥Î¶¶§Ç,Shake the bottle well before use.,Allow at least 5 minutes between different eye preparations,¥»ÃÄ»Ý²~¤f´Â¤W«O¦s¡A¥HÁ×§KÃÄª«Áû²ÉµLªk§¡¤Ã¤À´²¡C,Store bottle with the tip facing upward¡A to avoid uneven distribution.,105-4 ÃÄ©e·|³q¹L·s¶i,¤@¯ë,¤@¯ë,¨Ï¥Î«e½Ð¥ý·n®Ì§¡¤Ã,,,0,0,§_,100.0,,§_,¬O,§_,³æ¤è,§_,°±¥Î,°±¥Î,¤£¥i¿i,¬O,,1.00,1.00,2.00,2.00,999,999,7,1,10.00,10.00,0,0,,¦³¹Ï¤ù,,0,,0,,S01XAaa,,,,,0,,0,,BOT,,°·«Oµ¹¥I,°·«Oµ¹¥I,PIRENOXINE (=CATALIN),S01XA,BC21628421,§_,AdministrableDrugForm,OPDROP,,,,,,,,,PH022,202312221657,29.80,39.00
EKEL,20220121,99999999,¥i¥Î,Kelac 0.5%¡A 5mL ophthalmic solution,Kelac 0.5%¡A 5mL ophthalmic solution,Ketorolac,OU,,TOPH,OP-06-00,¥~¥Î,ºw,Acular,«D²Õ®M,,,¤@¯ë¥i¥Î,¬O,¥i¥ÎÃÄ¥]¾÷,±ø¥ó¤Uµ¹¥I,¤@¯ë,Á`¶q¶i¦ì,¾AÀ³¯g:½w¸Ñ²´³¡¹L±Ó·kÄo¡A ³N«á²´³¡µoª¢,,ndication:Relief itching¡A post-operative eye inflammation,,¥~ Æ[: ¥Õ¦â»\¤l5 mL ÂI²´²~¡C,Appearance: 5mL eye drop bottle with white cap.,¼È®É©Ê¨ë¿E¡A¨`¼ö·P¡A ¹L±Ó¤ÏÀ³,Transient stinging and burning¡A allergic reactions,,¬Ò¥i¥Î,µÎ¸~²´ÃÄ¤ô 0.5%,Kelac 0.5%¡A 5mL ophthalmic,,,,¬O,,°tÀ¹Áô§Î²´Ãè®É¤£¥i§ë¤©¥»«~,,Avoid this medicine while you are wearing contact lenses.,,¶}²~ª`·N¨Æ¶µ:¨Ï¥Î«e¥ý¶¶®É°w±Ûºò«á¦A°f®É°w¶}²~¡A¥H§QÃÄ²Gºw¥X,Precautions at the first time:Tighten the cap clockwise before use¡A then open it,2022.01[EACUL]¤£¶i¤f´À¥N,¤@¯ë,¤@¯ë,°tÀ¹Áô§Î²´Ãè®É¤£¥i§ë¤©¥»«~,,,0,0,§_,99.0,,§_,¬O,§_,³æ¤è,§_,¥i¥Î,¥i¥Î,¤£¥i¿i,¬O,,1.00,1.00,1.00,1.00,99,99,14,14,24.00,24.00,0,0,,¦³¹Ï¤ù,,0,,0,,S01BC05,,,,,0,,0,,BOT,§_,°·«Oµ¹¥I,°·«Oµ¹¥I,KETOROLAC,S01BC05,AC46223421,§_,AdministrableDrugForm,OPDROP,,,0,,0,,,,PH034,202201241509,76.00,95.00
EKIN,19960101,99999999,°±¥Î,Kinerase cream 0.1%,Kinerase cream 0.1%,N6-furfuryladerine,EXT,,TDER,DE-11-00,¥~¥Î,¾A¶q,Kinerase Cream,«D²Õ®M,°±¥Î¡A¥i¬dÃþ¦üÃÄ,,¤w°±¥Î,¬O,¤£¥i¥ÎÃÄ¥]¾÷,,¤@¯ë,Á`¶q¶i¦ì,¾AÀ³¯g:§Ü¦Ñ¡B¥h´³¡B°£½K,,,,,,,,,,,Kinerase cream 0.1%,,,§_,¬O,,,,,,,,,¤@¯ë,¤@¯ë,,,,,,§_,99.0,,§_,§_,§_,³æ¤è,§_,¥i¥Î,¥i¥Î,¤£¥i¿i,¬O,,1.00,1.00,999.00,999.00,999,999,7,1,0,0,0,0,,µL¹Ï¤ù,,0,,0,,,,,,,,,,,TUB,§_,¤£µ¹¥I¶·¦Û¥I,¤£µ¹¥I¶·¦Û¥I,,,,§_,LiquidLiquidEmulsion,TOPCRM,,,,,,,,,PH047,202303141646,0,1800.00
EKIN1,20111201,99999999,°±¥Î,Kintropine 0.125% 10mL,Kintropine 0.125% 10mL,Atropine,OU,HS,TOPH,OP-04-00,¥~¥Î,ºw,Atropine,«D²Õ®M,°±¥Î,,¤@¯ë¥i¥Î,¬O,¤£¥i¥ÎÃÄ¥]¾÷,¥i¥Î,¤@¯ë,Á`¶q¶i¦ì,¾AÀ³¯g:´²Àû¾¯,,Indication:Dilate the pupil of the eye.,,¥~ Æ[:10 mL¶À»\ÂI²´²~¸Ë,Appearance:10mL eye drop bottle¡A yellow cap,µø½u¼Ò½k¡A ¹ï¥ú¦³±Ó·P©Ê,Blurred vision¡A sensitivity to light,,¥u¥Î©óªù¶E¤Î¦í°|STAT,0.125%µÎµø¥­ÂI²´²G,Kintropine 0.125% 10mL,,,§_,¬O,,À³Á×§K¶}¨®©Î»Ý­nµøÄ±©Êªº¤u§@,,Make sure your vision is clear before you drive¡A use machines,,,,102¦~²Ä¥|¦¸ÃÄ©e·|¨MÄ³§R°£,¤@¯ë,¤@¯ë,Äµ»y:À³Á×§K¶}¨®©Î»Ý­nµøÄ±©Êªº¤u§@,SA «÷­µ¬Û¦ü,,0,0,§_,99.0,,§_,§_,§_,³æ¤è,§_,°±¥Î,¥i¥Î,¤£¥i¿i,¬O,,1.00,1.00,1.00,1.00,99,99,1,1,99.00,99.00,0,0,,¦³¹Ï¤ù,,0,,0,,S01FA01,,,,,,,,,BOT,§_,°·«Oµ¹¥I,°·«Oµ¹¥I,ATROPINE,S01FA01,A049016429,§_,AdministrableDrugForm,OPDROP,,,,,,,,,PH047,202303141647,10.40,14.00
EKIN2,20111201,99999999,°±¥Î,KINTROPINE 0.25% 10mL,KINTROPINE 0.25% 10mL,Atropine,OU,HS,TOPH,OP-04-00,¥~¥Î,ºw,Atropine,«D²Õ®M,°±¥Î,,¤@¯ë¥i¥Î,¬O,¤£¥i¥ÎÃÄ¥]¾÷,¥i¥Î,¤@¯ë,Á`¶q¶i¦ì,¾AÀ³¯g:´²Àû¾¯,,Indication: dilate the pupil of the eye.,,¥~ Æ[:10 mL¬õ»\ÂI²´²~¸Ë,Appearance:10mL eye drop bottle¡A red cap,µø½u¼Ò½k¡A ¹ï¥ú¦³±Ó·P©Ê,Blurred vision¡A sensitivity to light,,¬Ò¥i¥Î,0.25%µÎµø¥­ÂI²´²G,KINTROPINE 0.25% 10mL,,,§_,¬O,,À³Á×§K¶}¨®©Î»Ý­nµøÄ±©Êªº¤u§@,,Make sure your vision is clear before you drive¡A use machines,,,,102¦~²Ä¥|¦¸ÃÄ©e·|¨MÄ³§R°£,¤@¯ë,¤@¯ë,Äµ»y:À³Á×§K¶}¨®©Î»Ý­nµøÄ±©Êªº¤u§@,SA «÷­µ¬Û¦ü,,0,0,§_,99.0,,§_,§_,§_,³æ¤è,§_,°±¥Î,¥i¥Î,¤£¥i¿i,¬O,,1.00,1.00,1.00,1.00,99,99,1,1,99.00,99.00,0,0,,¦³¹Ï¤ù,,0,,0,,S01FA01,,,,,,,,,BOT,§_,°·«Oµ¹¥I,°·«Oµ¹¥I,ATROPINE,S01FA01,A049186429,§_,AdministrableDrugForm,OPDROP,,,,,,,,,PH047,202303141647,21.00,27.00
EKING,20210219,99999999,¥i¥Î,Kingmin 4%¡A 10mL opthalmic solution,Kingmin 4%¡A 10mL opthalmic solution,Sulfamethoxazole,OU,,TOPH,OP-01-00,¥~¥Î,ºw,Sinomin,«D²Õ®M,,,¤@¯ë¥i¥Î,¬O,¥i¥ÎÃÄ¥]¾÷,¥i¥Î,¤@¯ë,Á`¶q¶i¦ì,¾AÀ³¯g:²´³¡µoª¢µ¥¯gª¬,,Indication:Eye inflammations.,,¥~ Æ[:¥Õ¦â10mL¥~²~,Appearance:10mL white eye drop bottle,²´³¡¨ë¿E·P¡B²´Â¥½t¬õ¸~¡Bµ²½¤¥R¦å,Eye irritation¡A redness and swelling of the eyelid¡A conjunctival hyperemia,,¬Ò¥i¥Î,´º©ú²´ÃÄ¤ô,Kingmin opthalmic solution,,,,¬O,,¹ïÁDÓiÃÄ¹L±ÓªÌ¸T¥Î,,Notify your doctor if you are allergic to sulfa drugs.,,³Æµù: ­Y¦P®É¨Ï¥Î¨âºØ²´ÃÄ¤ô¡A½Ð¶¡¹j5¤ÀÄÁ¡A­YµLÂå®v«ü¥Ü¡AµL¥ý«á¨Ï¥Î¶¶§Ç,Wait at least 5 minutes before you put any other eye drop in the same eye.,2021.02[ESIN]¯Ê³f´À¥N,¤@¯ë,¤@¯ë,Äµ »y:¹ïÁDÓiÃÄ¹L±ÓªÌ¸T¥Î,,,0,0,§_,200.0,,§_,¬O,§_,³æ¤è,,°±¥Î,°±¥Î,¤£¥i¿i,¬O,,1.00,1.00,1.00,1.00,999,999,7,1,99.00,99.00,0,0,,¦³¹Ï¤ù,,0,,0,,J01EC01,S01AB91,,,,0,,0,,BOT,,°·«Oµ¹¥I,°·«Oµ¹¥I,SULFAMETHOXAZOLE,S01AB91,AC20441429,,AdministrableDrugForm,OPDROP,,,0,,0,,,,PH065,202103021029,12.00,16.00
EKLA,19960101,99999999,°±¥Î,Klargine soln 20mL,Klargine soln 20mL,Phenyl Mercuric Acetate,AU,,TENT,EN-01-00,¥~¥Î,ºw,Klargine,«D²Õ®M,°±¥Î¡A¥i¬dÃþ¦üÃÄ,,¤@¯ë¥i¥Î,¬O,¤£¥i¥ÎÃÄ¥]¾÷,,¤@¯ë,Á`¶q¶i¦ì,¾AÀ³¯g:²Óµß©ÎÅðµß·P¬V,,Indication:Bacterial or fungal infection.,,¥~ Æ[:20 mL³z©ú²~¸Ë(ÂI¦Õ¥Î),,§½³¡¨ë¿E,Local irritation,,¥u¥Î©óªù¶E¤Î¦í°|STAT,,Klargine soln 20mL,,,§_,¬O,,½Ð¨Ì·Ó«ü¥Ü´Á­­¤º¨Ï¥Î¡A «ØÄ³ÃÄ«~¶}«Ê¤@­Ó¤ë«á¤£À³¦A¥Î,,Follow doctor's advice. Use within one month after opening package.,,,,,¤@¯ë,¤@¯ë,Äµ »y:½Ð¨Ì·Ó«ü¥Ü´Á­­¤º¨Ï¥Î¡A«ØÄ³ÃÄ«~¶}«Ê¤@­Ó¤ë«á¤£À³¦A¥Î,,,,,§_,400.0,,§_,§_,§_,³æ¤è,§_,¥i¥Î,¥i¥Î,¤£¥i¿i,§_,,1.00,1.00,999.00,999.00,999,999,7,1,0,0,0,0,,µL¹Ï¤ù,,0,,0,,,,,,,,,,,BOT,§_,¤£µ¹¥I¶·¦Û¥I,¤£µ¹¥I¶·¦Û¥I,,,,§_,AdministrableDrugForm,OTDROP,,,,,,,,,PH047,202303141647,0,35.00
ELAD,20160615,99999999,¥i¥Î,Ladiol Gel 0.6mg/gm¡A 30gm,Ladiol Gel 0.6mg/gm¡A 30gm,Estradiol,EXT,QD,HM,HR-03-02,¥~¥Î,¾A¶q,Oestrogel,«D²Õ®M,,,¤@¯ë¥i¥Î,¬O,¥i¥ÎÃÄ¥]¾÷,¥i¥Î,¤@¯ë,Á`¶q¶i¦ì,¾AÀ³¯g:¤k©Ê²üº¸»X¯Ê¥F¯g,,Indication:Treatment of estrogen deficiency.,,¥~ Æ[:30¤½§J³nºÞ,Appearance:30gm tube,ÀYµh¡A¯Ýµh¡Aäú¤ß¡A¹Ã¦R¡A¤£³W«h³±¹D¥X¦å,headache¡A breast pain¡A nausea¡A vomiting¡A irregular vaginal bleeding,,¬Ò¥i¥Î,ÄRÅS¾®½¦,Ladiol Gel 30gm,,,,¬O,,Á×§K¶î©Ù©ó¨Å©Ð¡B³±¹D©Î¤ò¾v³B¡C,,Do not apply Ladiol gel to your breast¡A vagina or irritated skin,,Äµ »y:«ØÄ³¶î©óªÓ³¡¡B¤âÁu©Î¸¡³¡¡A¨Ã¤Å¥Î©ó¨àµ£,Precaution: Apply to shoulder¡A arm or abdominal region¡A do not use for children,105-2ÃÄ©e·|·s¶i,¤@¯ë,¤@¯ë,Äµ »y:«ØÄ³¶î©óªÓ³¡¡B¤âÁu©Î¸¡³¡¡A¨Ã¤Å¥Î©ó¨àµ£,,,0,0,§_,99.0,,§_,¬O,§_,³æ¤è,§_,¥i¥Î,¥i¥Î,¤£¥i¿i,¬O,,1.00,1.00,9.00,9.00,999,999,28,1,99.00,99.00,0,0,,¦³¹Ï¤ù,,0,,0,,G03CA03,,,,,0,,0,,TUB,,°·«Oµ¹¥I,°·«Oµ¹¥I,ESTRADIOL,G03CA03,AC37386343,,LiquidSolidSuspension,TOPGEL,¦M®`¤G¯Å(¡I),,,,,,,,PH022,202312221657,72.00,90.00
ELAT,19960101,99999999,°±¥Î,Latycin eye oint 5gm,Latycin eye oint 5gm,Tetracycline,OU,,TOPH,OP-01-00,¥~¥Î,¾A¶q,Tetracycline,«D²Õ®M,°±¥Î,,¤@¯ë¥i¥Î,¬O,¤£¥i¥ÎÃÄ¥]¾÷,,¤@¯ë,Á`¶q¶i¦ì,¾AÀ³¯g:²´·úµoª¢µ¥¯gª¬¡A¨ã±þµß§@¥Î,,,,,,,,,¥u¥Î©óªù¶E¤Î¦í°|STAT,,Latycin eye oint 5gm,,,§_,¬O,,,,,,,,,¤@¯ë,¤@¯ë,,,,,,§_,99.0,,§_,§_,§_,³æ¤è,§_,¥i¥Î,¥i¥Î,¤£¥i¿i,§_,,1.00,1.00,999.00,999.00,999,999,7,1,0,0,0,0,,µL¹Ï¤ù,,0,,0,,,,,,,,,,,TUB,§_,°·«Oµ¹¥I,°·«Oµ¹¥I,TETRACYCLINE,S01AA09,B016977421,§_,LiquidLiquidEmulsion,OPOINT,,,,,,,,,PH047,202303141647,30.00,38.00
ELID4,20090601,99999999,°±¥Î,Lidocaine solution 4% 30mL,Lidocaine solution 4% 30mL,Lidocaine,EXT,,ZANE,CN-04-02,¥~¥Î,¾A¶q,Xylocaine,«D²Õ®M,°±¥Î¡A¥i¬dÃþ¦üÃÄ,,¤w°±¥Î,¬O,¤£¥i¥ÎÃÄ¥]¾÷,,¤@¯ë,Á`¶q¶i¦ì,¾AÀ³¯g:¬°§½³¡³Â¾K¾¯,,,,,,,,,¬Ò¥i¥Î,¡§Âï¯E¡¨§Q¦h¥d¦]²G 4%¡@,Lidocaine solution 4% 30mL,,,§_,¬O,,,,,,,,,¤@¯ë,¤@¯ë,Äµ »y:À³µø¨ä¦~ÄÖ¡BÅé­«¤Î¯gªp¤©¥H¾A·í¤§¾¯¶q¡A¨Ã¯d·NÆ[¹î,,,,,§_,99.0,,§_,§_,§_,³æ¤è,§_,¥i¥Î,¥i¥Î,¤£¥i¿i,§_,,1.00,1.00,99.00,99.00,99,99,0,0,0,0,0,0,,µL¹Ï¤ù,,0,,0,,,,,,,,,,,VIAL,,¥Ó³ø¤£­p»ù,¥Ó³ø¤£­p»ù,,,,§_,Liquid,TOPSOL,,,,,,,,,PH047,202303141647,0,156.00
ELIDP,20090622,99999999,¥i¥Î,Lidopat patch 5% (3¤ù/¥]),Lidopat patch 5% (3 patchs/pack),Lidocaine,EXT,ASORDER,ZANE,CN-04-02,¥~¥Î,¤ù,Xylocaine,«D²Õ®M,,,¤@¯ë¥i¥Î,¬O,¥i¥ÎÃÄ¥]¾÷,±ø¥ó¤Uµ¹¥I,¤@¯ë,Á`¶q¶i¦ì,¾AÀ³¯g:¥Î©ó½w¸Ñ¯p¯l«á¯«¸gµh,,Indication:Relief of post-herpetic neuralgia.,,¥~ Æ[:¨C¥]¦³¤T¤ù¡C,Appearance:Each pouch contains three patches,¬õ´³¡A ¤ô¸~¡A ®À¶Ë¡A ¥C¯l¡A ¤pÅnªw,Erythema¡A edema¡A bruising¡A papules¡A vesicles,,¬Ò¥i¥Î,»·¯k¶K5%¶K¤ù,Lidopat patch 5% (3 patchs/p,,,§_,¬O,,¨Ï¥Î³¡¦ì¶È­­©ó¥¼¨ü·lªº¥Ö½§¡A ¨C¦¸¨Ï¥Î¤£¥i¶W¹L12¤p®É,,Use in undamaged parts of the skin only¡A not exceed 12 hours/time.,,,,,¤@¯ë,¤@¯ë,Äµ »y:¨Ï¥Î³¡¦ì¶È­­©ó¥¼¨ü·lªº¥Ö½§¡A¨C¦¸¨Ï¥Î¤£¥i¶W¹L12¤p®É¡C,,¶K¤ù,,,§_,3.0,,§_,¬O,§_,³æ¤è,§_,¥i¥Î,¥i¥Î,¤£¥i¿i,¬O,,1.00,1.00,3.00,3.00,30,30,1,1,3.00,3.00,0,0,,¦³¹Ï¤ù,,0,,0,,D04AB01,,,,,,,,,¤ù,,°·«Oµ¹¥I,°·«Oµ¹¥I,LIDOCAINE,D04AB01,AC49320382,§_,SolidDrugForm,TPATCH,,,,,,,,,PH022,202312221657,33.00,43.00
ELOC,19960101,99999999,°±¥Î,Locasalen oint 5gm,Locasalen oint 5gm,Flumethasone + Salicylic Acid,EXT,,TDER,DE-05-00,¥~¥Î,¾A¶q,Locasalen Oint,«D²Õ®M,°±¥Î,EFLUS,¤@¯ë¥i¥Î,¬O,¤£¥i¥ÎÃÄ¥]¾÷,,¤@¯ë,Á`¶q¶i¦ì,¾AÀ³¯g:¯Ê¯×¥Ö½§µoª¢©Î°®Å~¡A ÀY¥Ö®hµ¥¯gª¬,,Indication:Eczema¡A neurodermatitis¡A hyperkeratosis.,,¥~ Æ[:²HÂÅ¦â¥Õ¦â¬Û¶¡5gm³nºÞ¡A ¶Â¦â»\¤l,Appearance:5gm light blue/white tube,»´·L¦Óµu¼Èªº¨`¼ö¨ëµh·P¡A ªø´Á¨Ï¥Î©ö²£¥Í¯»¨ë,Mild transient burning sensation¡A steroid acne particularly after prolonged appl,,¥u¥Î©óªù¶E¤Î¦í°|STAT,¼Ö¥iÅ~³n»I,Locasalen oint 5gm,,,§_,¬O,,¬°¥~¥ÎÃÄ«~¡A ½Ð§½³¡¨Ï¥Î¡A ¤Å±µÄ²²´·ú©Î»~ªA,,For external use. Avoid contact with the eyes or oral consumption.,,,,102¦~²Ä¥|¦¸ÃÄ©e·|¨MÄ³§R°£,¤@¯ë,¤@¯ë,Äµ »y: ¥»«~¬°¥~¥ÎÃÄ«~¡A½Ð§½³¡¨Ï¥Î¡A¤Å±µÄ²²´·ú©Î»~ªA¡C,,,,,§_,99.0,,§_,§_,§_,³æ¤è,§_,°±¥Î,¥i¥Î,¤£¥i¿i,§_,,1.00,1.00,9.00,9.00,999,999,7,1,999.00,999.00,0,0,,¦³¹Ï¤ù,,0,,0,,D07XB01,,,,,,,,,TUB,§_,°·«Oµ¹¥I,°·«Oµ¹¥I,FLUMETHASONE 0.2MG/GM + SALICYLIC ACID 30MG/GM,D07XB01,A030622321,§_,LiquidLiquidEmulsion,TOPOINT,,,,,,,,,PH047,202303141647,62.00,78.00
ELOC2,20200610,99999999,¥i¥Î,Loceryl nail 5% 2.5mL Lacquer,Loceryl nail 5% 2.5mL Lacquer,Amorolfine,EXT,QW,TDER,DE-03-00,¥~¥Î,¾A¶q,Amocoat,«D²Õ®M,,,¤@¯ë¥i¥Î,¬O,¥i¥ÎÃÄ¥]¾÷,°·«O¤£µ¹¥I,¤@¯ë,Á`¶q¶i¦ì,¾AÀ³¯g:¥Ö¯uµß¡A»Ã¥Àµß¤ÎÅðµß¤Þ°_¤§¥ÒÅ~,,Indication:Topical treatment of onychomycosis.,,¥~ Æ[:2.5²@¤É´Ä¦â¬Á¼þ²~,Appearance: 2.5mL brown glass bottle,¥Ö½§¨ë¿E¡A ¨`¼ö·P¡A ¹L±Ó©Ê¤ÏÀ³,Skin irritation¡A burning sensation¡A hypersensitivity reactions.,,¥u¥Î©óªù¶E¤Î¦í°|STAT,5% ¼Ö«ü§Q§Ü¥ÒÅ~ªo¾¯,Loceryl nail 5% 2.5mL,,,,¬O,,ªvÀø´Á¶¡Á×§K¨Ï¥Î¤Æ§©«~«ü¥Òªo¤Î¤H¤u«ü¥Ò,¬°¥~¥ÎÃÄ«~¡A ½Ð§½³¡¨Ï¥Î¡A ¤Å±µÄ²²´·ú©Î»~ªA,Avoid nail polish during therapy.,For external use. Avoid contact with the eyes or oral consumption.,ÃÄ²~¨Ï¥Î«á¡A½Ð¥ß§Y±NÃÄ»\±Ûºò¡A¥H§KÃÄ«~´§µo°®±¼¡C,Close the bottle tightly to prevent the solution from drying out.,2020Q2ÃÄ©e·s¶i,¤@¯ë,¤@¯ë,Äµ »y: ¥»«~¬°¥~¥ÎÃÄ«~¡A½Ð§½³¡¨Ï¥Î¡A¤Å±µÄ²²´·ú©Î»~ªA¡C,,,0,0,§_,99.0,,§_,¬O,¬O,³æ¤è,§_,°±¥Î,°±¥Î,¤£¥i¿i,¬O,,1.00,1.00,9.00,9.00,30,30,28,28,99.00,99.00,0,0,,¦³¹Ï¤ù,,0,,0,,D01AE16,,,,,0,,0,,BOT,§_,¤£µ¹¥I¶·¦Û¥I,¤£µ¹¥I¶·¦Û¥I,,,,,Liquid,TOPOIL,,,0,,0,,,,PH047,202402200848,0,1170.00
ELOC5,20021216,99999999,°±¥Î,Loceryl nail 5% 3mL,Loceryl nail 5% 3mL,Amorolfine,EXT,QW,TDER,DE-03-00,¥~¥Î,¾A¶q,Amocoat,«D²Õ®M,°±¥Î,,¤@¯ë¥i¥Î,¬O,¤£¥i¥ÎÃÄ¥]¾÷,°·«O¤£µ¹¥I,¤@¯ë,Á`¶q¶i¦ì,¾AÀ³¯g:¥Ö¯uµß¡A»Ã¥Àµß¤ÎÅðµß¤Þ°_¤§¥ÒÅ~,,Indication:Topical treatment of onychomycosis.,,¥~ Æ[:3²@¤É´Ä¦â¬Á¼þ²~,Appearance: 3mL brown glass bottle,¥Ö½§¨ë¿E¡A ¨`¼ö·P¡A ¹L±Ó©Ê¤ÏÀ³,Skin irritation¡A burning sensation¡A hypersensitivity reactions.,,¬Ò¥i¥Î,5% ¼Ö«ü§Q§Ü¥ÒÅ~ªo¾¯¡@,Loceryl nail 5% 3mL,,,§_,¬O,,ªvÀø´Á¶¡Á×§K¨Ï¥Î¤Æ§©«~«ü¥Òªo¤Î¤H¤u«ü¥Ò,¬°¥~¥ÎÃÄ«~¡A ½Ð§½³¡¨Ï¥Î¡A ¤Å±µÄ²²´·ú©Î»~ªA,Avoid nail polish during therapy.,For external use. Avoid contact with the eyes or oral consumption.,ÃÄ²~¨Ï¥Î«á¡A½Ð¥ß§Y±NÃÄ»\±Ûºò¡A¥H§KÃÄ«~´§µo°®±¼¡C,Close the bottle tightly to prevent the solution from drying out.,105-4 ÃÄ©e·|·s¶i¡A­­¯S¶E¦Û¶O¨Ï¥Î¡A«D¥¿¦¡«~¶µ¡C,¤@¯ë,¤@¯ë,Äµ »y: ¥»«~¬°¥~¥ÎÃÄ«~¡A½Ð§½³¡¨Ï¥Î¡A¤Å±µÄ²²´·ú©Î»~ªA¡C,,,,,§_,99.0,,§_,¬O,§_,³æ¤è,§_,°±¥Î,°±¥Î,¤£¥i¿i,§_,,1.00,1.00,9.00,9.00,30,30,28,28,99.00,99.00,0,0,,¦³¹Ï¤ù,,0,,0,,D01AE16,,,,,,,,,BOT,,¤£µ¹¥I¶·¦Û¥I,¤£µ¹¥I¶·¦Û¥I,,,,¬O,Liquid,TOPOIL,,,,,,,,,PH047,202401101553,0,1980.00
ELOCO,20091228,99999999,°±¥Î,Locoid cream 0.1%¡A 5gm,Locoid cream 0.1%¡A 5gm,Hydrocortisone,EXT,,TDER,DE-06-00,¥~¥Î,¾A¶q,,«D²Õ®M,°±¥Î,,¤@¯ë¥i¥Î,¬O,¤£¥i¥ÎÃÄ¥]¾÷,¥i¥Î,¤@¯ë,Á`¶q¶i¦ì,¾AÀ³¯g:·Ã¯l¡A ¥Ö½§ª¢¡A Äo¯l¡A °®Å~¡A ¯×º|©Ê¥Ö½§ª¢µ¥,,Indication:Eczema¡A dermatitis¡A psoriasis¡A vitiligo¡A alopecia,,¥~ Æ[:¥Õ¦â³nºÞ¡A ¤W­±¦³¾ï¦â/ÂÅ¦â¼ÐÅÒ,Appearance:5gm white/orange/blue tube,¥Ö½§°_¤ôªw¡A µoÄo¡A ¨`¼ö·P¡A ±Ó·P©Ê¼W¥[¡A ¶Ë¤fÂ¡¦X¯à¤O®t,Blisters¡A burning¡A itching of skin¡A increased skin sensitivity¡A lack of healing,,¥u¥Î©óªù¶E¤Î¦í°|STAT,¸¨§J¼ÖÁ÷¾¯,Locoid cream 0.1%¡A 5gm,,,§_,¬O,,¬°¥~¥ÎÃÄ«~¡A ½Ð§½³¡¨Ï¥Î¡A ¤Å±µÄ²²´·ú©Î»~ªA,,For external use. Avoid contact with the eyes or oral consumption.,,,,2015¦~²Ä¤@¦¸ÃÄ©e·|³q¹L§R°£,¤@¯ë,¤@¯ë,Äµ »y: ¥»«~¬°¥~¥ÎÃÄ«~¡A½Ð§½³¡¨Ï¥Î¡A¤Å±µÄ²²´·ú©Î»~ªA¡C,,,,,§_,99.0,,§_,§_,§_,³æ¤è,§_,¥i¥Î,¥i¥Î,¤£¥i¿i,¬O,,1.00,1.00,9.00,9.00,99,99,1,1,99.00,99.00,0,0,,¦³¹Ï¤ù,,0,,0,,D07XA01,,,,,,,,,TUB,,°·«Oµ¹¥I,°·«Oµ¹¥I,HYDROCORTISONE 17-BUTYRATE,D07AB02,B009230321,§_,LiquidLiquidEmulsion,TOPCRM,,,,,,,,,PH047,202401101555,85.00,106.00
ELYC,20170123,99999999,°±¥Î,Lyclear Cream 5%¡A 30gm (±M®×¶i¤f),Lyclear Cream 5%¡A 30gm (±M®×¶i¤f),Permethrin,EXT,HS,TDER,DE-03-00,¥~¥Î,¾A¶q,Lyclear,«D²Õ®M,¼t°Ó¯Ê³f,EPMT,±M®×¶i¤fÃÄ«~,¬O,¥i¥ÎÃÄ¥]¾÷,°·«O¤£µ¹¥I,¤@¯ë,Á`¶q¶i¦ì,¾AÀ³¯g:ªvÀø¬ÎÅ~¤Îªë¦ä·P¬V,,Indication:Treatment of scabies¡A crab lice on the body.,,¥~ Æ[:¥Õ¦â30gm³nºÞ,Appearance:30gm white tube,¥Ö½§¤£¾A¡A¿N¨`·P¡A¨ëµh·P,Skin irritation¡A burning sensation.,,¥u¥Î©óªù¶E¤Î¦í°|STAT,µL (±M®×¶i¤f),Lyclear Cream 5%¡A 30gm,,,,¬O,,¬°¥~¥ÎÃÄ«~¡A ½Ð§½³¡¨Ï¥Î¡A ¤Å±µÄ²²´·ú©Î»~ªA,ÃÄ«~¶î©Ù©ó±w³¡8~14¤p®É«á¡A¦A¬~²b,For external use. Avoid contact with the eyes or oral consumption.,Leave on for 8 to 14 hours before washing off with water.,½Ð©óºÎ«e¶î©Ù¡A¹j¤é¦­¤W¬~²b,apply the cream before going to bed and wash off in the shower the next morning.,,¤@¯ë,¤@¯ë,Äµ »y: ¥»«~¬°¥~¥ÎÃÄ«~¡A½Ð§½³¡¨Ï¥Î¡A¤Å±µÄ²²´·ú©Î»~ªA¡C,,,0,0,§_,99.0,,¬O,¬O,§_,³æ¤è,§_,°±¥Î,°±¥Î,¤£¥i¿i,§_,,1.00,1.00,9.00,9.00,99,99,0,0,99.00,99.00,0,0,,¦³¹Ï¤ù,,0,,0,,P03AC04,,,,,0,,0,,TUB,,¤£µ¹¥I¶·¦Û¥I,¤£µ¹¥I¶·¦Û¥I,,,,,LiquidLiquidEmulsion,TOPCRM,,,,,,,,,PH047,202401101557,0,1200.00
EMAD,19960101,99999999,°±¥Î,Madecassol onit 10gm,Madecassol onit 10gm,Asiaticoside + Asiatic Acid + Madecassic Acid,EXT,,TDER,DE-11-00,¥~¥Î,¾A¶q,Madecassol,«D²Õ®M,°±¥Î¡A¥i¬dÃþ¦üÃÄ,,¤@¯ë¥i¥Î,¬O,¤£¥i¥ÎÃÄ¥]¾÷,,¤@¯ë,Á`¶q¶i¦ì,¾AÀ³¯g:¤õ¶Ë¡Bµ²½l²ÕÂ´§¡¿Å´þªø¾¯,,,,,,,,,,,Madecassol onit 10gm,,,§_,¬O,,,,,,,,,¤@¯ë,¤@¯ë,,,,,,§_,99.0,,§_,§_,§_,½Æ¤è,§_,¥i¥Î,¥i¥Î,¤£¥i¿i,¬O,,1.00,1.00,999.00,999.00,999,999,7,1,0,0,0,0,,µL¹Ï¤ù,,0,,0,,,,,,,,,,,TUB,§_,°·«Oµ¹¥I,°·«Oµ¹¥I,CENTELLA ASIATICA TITRATED EXTRACT,D03AX14,B005020329,§_,LiquidLiquidEmulsion,TOPOINT,,,,,,,,,PH047,202303141647,95.00,114.00
EMAX,20040401,99999999,°±¥Î,Maxitrol oph oint 3.5g,Maxitrol oph oint 3.5g,Dexamethasone + Neomycin + Polymyxin B,OU,,TOPH,OP-02-00,¥~¥Î,¾A¶q,,«D²Õ®M,°±¥Î¡A¥i¬dÃþ¦üÃÄ,,¤@¯ë¥i¥Î,§_,¥i¥ÎÃÄ¥]¾÷,¥i¥Î,¤@¯ë,Á`¶q¶i¦ì,¾AÀ³¯g:²´·ú©Î¨ä¥L³¡¦ì¹L±Ó©Êµoª¢µ¥¯gª¬,,Indication:Steroid-responsive inflammatory ocular conditions,,¥~ Æ[:¥Õ¦â³nºÞ¡A ¦³ÂÅ¦â©@°Ø¦â±ø¯¾,Appearance:White tube,µø¤O¼Ò½k,Blurred vision,,¥u¥Î©óªù¶E¤Î¦í°|STAT,¥Ø¬I§´²´ÃÄ»I,Maxitrol oph oint 3.5g,,,§_,¬O,,ªø´Á¨Ï¥ÎÃþ©T¾J¥i¯à·|³y¦¨²´À£¼W¥[¡A µø¯«¸g¨ü·l,,May cause high eye pressure for long-term use.,,,,Tobradex ²´ÃÄ»I¯Ê³f¼È¥N106.09,¤@¯ë,¤@¯ë,Äµ »y:ªø´Á¨Ï¥ÎÃþ©T¾J¥i¯à·|³y¦¨²´À£¼W¥[¡Aµø¯«¸g¨ü·l,,,,,§_,99.0,,§_,§_,§_,½Æ¤è,§_,°±¥Î,¥i¥Î,¤£¥i¿i,§_,,1.00,1.00,9.00,9.00,30,30,7,1,99.00,99.00,0,0,0,¦³¹Ï¤ù,,0,,0,,S01CA01,S01AA18,S01BA01,S01AA03,,,,,,TUB,§_,°·«Oµ¹¥I,°·«Oµ¹¥I,DEXAMETHASONE 1MG/GM + NEOMYCIN 3.5MG/GM + POLYMYXIN 6KIU/GM,S01CA01,B016876417,§_,LiquidLiquidEmulsion,OPOINT,,,,,,,,,PH047,202303141647,170.00,204.00
EMEL1,20171215,99999999,°±¥Î,Melquine ointment 4% 10gm,Melquine ointment 4% 10gm,Hydroquinone,TOPI,BID,TDER,DE-11-00,¥~¥Î,¾A¶q,Hydroquinone,«D²Õ®M,°±¥Î,,¤@¯ë¥i¥Î,¬O,¤£¥i¥ÎÃÄ¥]¾÷,°·«O¤£µ¹¥I,¤@¯ë,Á`¶q¶i¦ì,¾AÀ³¯g:¶Â´³¡B³¶´³,,Indications: skin bleaching of hyperpigmented skin condition,,¥~ Æ[:¥Õ/¾ï¦â³nºÞ,Appearance:White/orange tube,¥Ö½§¹L±Ó¤ÏÀ³¡A°®¥Ö¯f¡A§½³¡¨ë¿E,Allergic skin reaction¡A xeroderma¡A local irritation,,¬Ò¥i¥Î,¬ü¥Õ³n»I,Melquine ointment 4% 10g,,,,¬O,,¬°¥~¥ÎÃÄ«~¡A ½Ð§½³¡¨Ï¥Î¡A ¤Å±µÄ²²´·ú©Î»~ªA,¤Å¨Ï¥Î¦b¶Ë¤f³¡¦ì.,For external use. Avoid contact with the eyes or oral consumption.,Avoid use on broken or eczematous skin.,½Ð§@¦n¨¾ÅÎ±¹¬I¡C,Avoid sun exposure during treatment and maintenance therapy by using sunscreen.,,¤@¯ë,¤@¯ë,Äµ »y: ¥»«~¬°¥~¥ÎÃÄ«~¡A½Ð§½³¡¨Ï¥Î¡A¤Å±µÄ²²´·ú©Î»~ªA¡C,,,0,0,§_,99.0,,§_,¬O,§_,³æ¤è,§_,°±¥Î,°±¥Î,¤£¥i¿i,§_,,1.00,1.00,99.00,99.00,999,999,1,1,999.00,999.00,0,0,,¦³¹Ï¤ù,,0,,0,,D11AX11,,,,,0,,0,,TUB,,¤£µ¹¥I¶·¦Û¥I,¤£µ¹¥I¶·¦Û¥I,,,,§_,LiquidLiquidEmulsion,TOPOINT,,,,,,,,,PH047,202303141647,0,100.00
EMEN,20080320,99999999,¥i¥Î,Mentax cream 1% 15gm,Mentax cream 1% 15gm,Butenafine,EXT,,TDER,DE-03-00,¥~¥Î,¾A¶q,Mentax,«D²Õ®M,,,¤@¯ë¥i¥Î,¬O,¥i¥ÎÃÄ¥]¾÷,¥i¥Î,¤@¯ë,Á`¶q¶i¦ì,¾AÀ³¯g:Åðµß¤Þ°_¤§¥Ö½§·P¬V¯g,,Indication:Fungus infections.,,¥~ Æ[:15 gm ³n»I,Appearance:15gm tube,¥Ö½§°_¤ôªw¡A ¨`¼ö·P¡A ¥Ö½§Äo¡A ¬õ¯l¡A ¥Ö½§µo¬õ,Blistering¡A burning¡A itching¡A rash¡A redness,,¬Ò¥i¥Î,Åð¥iµÎ¨Å»I,Mentax cream 1% 15gm,,,§_,¬O,,¬°¥~¥ÎÃÄ«~¡A ½Ð§½³¡¨Ï¥Î¡A ¤Å±µÄ²²´·ú©Î»~ªA,,For external use. Avoid contact with the eyes or oral consumption.,,,,,¤@¯ë,¤@¯ë,Äµ »y: ¥»«~¬°¥~¥ÎÃÄ«~¡A½Ð§½³¡¨Ï¥Î¡A¤Å±µÄ²²´·ú©Î»~ªA¡C,,,,,§_,99.0,,§_,¬O,§_,³æ¤è,§_,¥i¥Î,¥i¥Î,¤£¥i¿i,¬O,,1.00,1.00,9.00,9.00,99,99,7,1,99.00,99.00,0,0,,¦³¹Ï¤ù,,0,,0,,D01AE23,,,,,,,,,TUB,,°·«Oµ¹¥I,°·«Oµ¹¥I,BUTENAFINE,D01AE23,AC44012335,§_,LiquidLiquidEmulsion,TOPCRM,,,,,,,,,PH022,202312221658,53.00,66.00
EMENL,20151214,99999999,¥i¥Î,Menphencala lotion 100mL,Menphencala lotion 100mL,Calamine + Zinc oxide,EXT,TID,TDER,DE-08-00,¥~¥Î,¾A¶q,Calamine lotion,«D²Õ®M,,,¤@¯ë¥i¥Î,¬O,¥i¥ÎÃÄ¥]¾÷,°·«O¤£µ¹¥I,¤@¯ë,Á`¶q¶i¦ì,¾AÀ³¯g:¦¬ÀÄ¡A ¤îÄoµ¥¥Î³~,,Indication:Symptomatic relief of skin irritation & itch.,,¥~ Æ[:¥Õ¦â100mL¥~²~,Appearance:100 mL white bottle,§½³¡¨ë¿E,Local irritation,,¬Ò¥i¥Î,¬ü½§¥i¼Ö¬~¾¯,Menphencala lotion 100mL,,,,¬O,,¬°¥~¥ÎÃÄ«~¡A ½Ð§½³¡¨Ï¥Î¡A ¤Å±µÄ²²´·ú©Î»~ªA,¨Ï¥Î«e½Ð¥ý·n¤Ã¡C,For external use. Avoid contact with the eyes or oral consumption.,Shake well before using.,³Æµù: ¤Å¨Ï¥Î¦b¶Ë¤f³¡¦ì¡C,Avoid use on broken or eczematous skin.,,¤@¯ë,¤@¯ë,Äµ »y: ¥»«~¬°¥~¥ÎÃÄ«~¡A½Ð§½³¡¨Ï¥Î¡A¤Å±µÄ²²´·ú©Î»~ªA¡C,,,0,0,§_,99.0,,§_,¬O,§_,½Æ¤è,§_,°±¥Î,°±¥Î,¤£¥i¿i,¬O,,1.00,1.00,9.00,9.00,999,999,7,1,99.00,99.00,0,0,,¦³¹Ï¤ù,,0,,0,,D02ABaa,D04AXaa,,,,0,,0,,BOT,§_,¤£µ¹¥I¶·¦Û¥I,¤£µ¹¥I¶·¦Û¥I,,,,§_,LiquidLiquidEmulsion,TOPLTN,,,,,,,,,PH022,202312221658,0,40.00
EMET,19960101,99999999,°±¥Î,Metrogel 0.75%¡A 15gm,Metrogel 0.75%¡A 15gm,Metronidazole,EXT,,TDER,DE-02-00,¥~¥Î,¾A¶q,Metrogel,«D²Õ®M,°±¥Î,EEFU,¤@¯ë¥i¥Î,¬O,¤£¥i¥ÎÃÄ¥]¾÷,,¤@¯ë,Á`¶q¶i¦ì,¾AÀ³¯g:ªvÀø°s´í»ó¤Þ°_¤§µoª¢©Ê¥C¯l¡A Áw¬Í¤Î¬õ¸~µ¥¯gª¬,,Indication:Inflammatory papules¡A erythema of rosacea.,,¥~ Æ[:¥Õ¦â15gm¶ì½¦³nºÞ,Appearance:15gm white tube,¥Ö½§°®Àê¡A ¥Ö½§¦³µo¬õ©Î¨ë¿E·P¡A ¥Ö½§¨ëµh©Î¨`¼ö·P¡A ²\¬y¤£¤î,Dry skin¡A redness or other signs of skin irritation¡A stinging or burning of the,,¥u¥Î©óªù¶E¤Î¦í°|STAT,¬X¼ä¾®½¦,Metrogel 0.75%¡A 15gm,,,§_,¬O,,¬°¥~¥ÎÃÄ«~¡A ½Ð§½³¡¨Ï¥Î¡A ¤Å±µÄ²²´·ú©Î»~ªA,,For external use. Avoid contact with the eyes or oral consumption.,,,,,¤@¯ë,¤@¯ë,Äµ »y: ¥»«~¬°¥~¥ÎÃÄ«~¡A½Ð§½³¡¨Ï¥Î¡A¤Å±µÄ²²´·ú©Î»~ªA¡C,,,,,§_,99.0,,§_,§_,§_,³æ¤è,§_,¥i¥Î,¥i¥Î,¤£¥i¿i,§_,,1.00,1.00,9.00,9.00,999,999,7,1,99.00,99.00,0,0,,¦³¹Ï¤ù,,0,,0,,D06BX01,,,,,,,,,TUB,§_,°·«Oµ¹¥I,°·«Oµ¹¥I,METRONIDAZOLE,D06BX01,BC21784335,§_,LiquidSolidSuspension,TOPGEL,,,,,,,,,PH047,202303141648,38.60,50.00
EMET3,20160427,99999999,°±¥Î,Metrogel 0.75%¡A 30gm,Metrogel 0.75%¡A 30gm,Metronidazole,EXT,,TDER,DE-02-00,¥~¥Î,¾A¶q,Metrogel,«D²Õ®M,°±¥Î,,¤@¯ë¥i¥Î,¬O,¥i¥ÎÃÄ¥]¾÷,¥i¥Î,¤@¯ë,Á`¶q¶i¦ì,¾AÀ³¯g:ªvÀø°s´í»ó¤Þ°_¤§µoª¢©Ê¥C¯l¡A Áw¬Í¤Î¬õ¸~µ¥¯gª¬,,Indication:Inflammatory papules¡A erythema of rosacea.,,¥~ Æ[:¥Õ¦â30gm¶ì½¦³nºÞ,Appearance:30gm white tube,¥Ö½§°®Àê¡A ¥Ö½§¬õ¯l¡A ¥Ö½§¨ëµh©Î¨`¼ö·P¡A ²´·ú¨ë¿E,Dry skin¡A skin rash¡A skin irritation¡A burning sensation of skin¡A eye irritation,,¬Ò¥i¥Î,¬X¼ä¾®½¦,Metrogel 0.75%¡A 30gm,,,,¬O,,¬°¥~¥ÎÃÄ«~¡A ½Ð§½³¡¨Ï¥Î¡A ¤Å±µÄ²²´·ú©Î»~ªA,,For external use. Avoid contact with the eyes or oral consumption.,,,,105.05 Metrogel 0.75%¡A 15gm ¯ÊÃÄ´À¥N,¤@¯ë,¤@¯ë,Äµ »y: ¥»«~¬°¥~¥ÎÃÄ«~¡A½Ð§½³¡¨Ï¥Î¡A¤Å±µÄ²²´·ú©Î»~ªA¡C,,,0,0,§_,99.0,,§_,¬O,§_,³æ¤è,§_,¥i¥Î,¥i¥Î,¤£¥i¿i,§_,,1.00,1.00,9.00,9.00,999,999,7,1,99.00,99.00,0,0,,¦³¹Ï¤ù,,0,,0,,D06BX01,,,,,0,,0,,TUB,,°·«Oµ¹¥I,°·«Oµ¹¥I,METRONIDAZOLE,D06BX01,BC21784343,§_,LiquidSolidSuspension,TOPGEL,,,,,,,,,PH047,202303141648,133.00,160.00
EMIK,20100308,99999999,¥i¥Î,Mikelan LA 2%¡A 2.5mL ophthalmic solution,Mikelan LA 2%¡A 2.5mL ophthalmic solution,Carteolol,OU,QD,TOPH,OP-05-04,¥~¥Î,ºw,Arteoptic,«D²Õ®M,,,¤@¯ë¥i¥Î,¬O,¥i¥ÎÃÄ¥]¾÷,¥i¥Î,¤@¯ë,Á`¶q¶i¦ì,¾AÀ³¯g:¥Dªv«C¥ú²´¡A °ª²´À£µ¥,,Indication:Lowering of ocular pressure,,¥~ Æ[:¶À¦â2.5mL¥~²~,Apperance:2.5mL yellow bottle.,§½³¡¨ë¿E¡A µøÄ±»ÙÃª¡A ²§ª«·P,Local irritation¡A visual disturbances¡A foreign body sensation,,¬Ò¥i¥Î,¤j¶ï¬ü¯S®Ô,Mikelan LA oph,,,§_,¬O,,­Y¦³®ð³Ý©ÎµjÅË©Ê®ðºÞª¢®É¡A À³¤p¤ß¨Ï¥Î¥»ÃÄ,,Should not use this medicine if patient has asthma that is not well-controlled.,,³Æµù: ­Y¦P®É¨Ï¥Î¨âºØ²´ÃÄ¤ô¡A ½Ð¶¡¹j5¤ÀÄÁ¡A ­YµLÂå®v«ü¥Ü¡A µL¥ý«á¨Ï¥Î¶¶§Ç,,²´¬ì»Ý¥æ¥I½Õ¾¯,¤@¯ë,¤@¯ë,Äµ »y:­Y¦³®ð³Ý©ÎµjÅË©Ê®ðºÞª¢®É¡AÀ³¤p¤ß¨Ï¥Î¥»ÃÄ,,,,,§_,50.0,,§_,¬O,§_,³æ¤è,§_,¥i¥Î,¥i¥Î,¤£¥i¿i,¬O,,1.00,1.00,1.00,1.00,999,999,28,1,12.00,12.00,0,0,,¦³¹Ï¤ù,,0,,0,,S01ED05,,,,,,,,,BOT,,°·«Oµ¹¥I,°·«Oµ¹¥I,CARTEOLOL,S01ED05,BC24977414,§_,AdministrableDrugForm,OPDROP,,,,,,,,,PH022,202312221658,174.00,209.00
EMIN,19960101,99999999,°±¥Î,Mineral oil,Mineral oil,Liquid Paraffin,EXT,,TDER,DE-11-00,¥~¥Î,ML,Mineral oil,«D²Õ®M,°±¥Î,,¤@¯ë¥i¥Î,¬O,¥i¥ÎÃÄ¥]¾÷,,¤£¦LÃÄÅÒ,Á`¶q¶i¦ì,¾AÀ³¯g:¥Ö½§¼íÀã¤Î«OÅ@¾¯,,Indication:Hydrate and soften skin.,,,,,,,¥u¥Î©óªù¶E¤Î¦í°|STAT,,Mineral oil,,,§_,¬O,,,,,,,,¥u­­À¦¨à«Ç¦VÃÄ®w½Ð»â,¤@¯ë,¤@¯ë,Äµ »y: ¥»«~¬°¥~¥ÎÃÄ«~¡A½Ð§½³¡¨Ï¥Î¡A¤Å±µÄ²²´·ú©Î»~ªA¡C,,,,,§_,1.0,,¬O,§_,§_,³æ¤è,§_,¥i¥Î,¥i¥Î,¤£¥i¿i,§_,,1.00,1.00,999.00,999.00,999,999,1,1,999.00,999.00,0,0,,µL¹Ï¤ù,,0,,0,,,,,,,,,,,CC,§_,¤£µ¹¥I¶·¦Û¥I,¤£µ¹¥I¶·¦Û¥I,,,0,§_,Liquid,TOPOIL,,,,,,,,,PH047,202303141648,0,2.00
EMIR,19960101,99999999,¥i¥Î,Mirena 20mcg/24hours intrauterine system,Mirena 20mcg/24hours intrauterine system,Levonorgestrel Implants,IUS,STAT,HM,CT-02-00,¥~¥Î,SET,Mirena IUS,«D²Õ®M,,,¤@¯ë¥i¥Î,¬O,¥i¥ÎÃÄ¥]¾÷,±ø¥ó¤Uµ¹¥I,¤@¯ë,Á`¶q¶i¦ì,¾AÀ³¯g:¬°§t¶ÀÅé¯À¤§¤l®c¤ºÁ×¥¥¾¹,,Indication:Contraception.,,¥~ Æ[:ÂÅºñ¦â¥~²°,Appearance:Blue/green box,,,,¥u¥Î©óªù¶E¤Î¦í°|STAT,»e¿¶®R¤l®c¤º§ëÃÄ¨t²Î,Mirena 20mcg/24hours,,,§_,¬O,,½Ð¿í·ÓÂå®v«ü¥Ü¨Ï¥Î¡A ­Yµo¥Í¹L±Ó²{¶H½Ð»PÂå®vÁpµ¸,,Follow doctor's advice. Check with doctor if you notice any allergic symptoms.,,¥»«~´Ó¤J¤l®cµÄ«á«ùÄò½wºCÄÀ©ñ¶ÀÅé¯À¡A®ÄªGªø¹F5¦~¡C,This intrauterine device slowly releases a hormone for 5 years.,,¤@¯ë,¤@¯ë,Äµ »y:½Ð¿í·ÓÂå®v«ü¥Ü¨Ï¥Î¡A­Yµo¥Í¹L±Ó²{¶H½Ð»PÂå®vÁpµ¸,,,,,§_,1.0,,§_,¬O,¬O,³æ¤è,§_,°±¥Î,°±¥Î,¤£¥i¿i,§_,,1.00,1.00,1.00,1.00,1,1,1,1,1.00,1.00,0,0,,¦³¹Ï¤ù,,0,,0,,G03AC03,,,,,,,,,BOX,§_,°·«Oµ¹¥I,°·«Oµ¹¥I,LEVONORGESTREL,G03AC03,BC225015FR,§_,AdministrableDrugForm,APPFUL,,,,,,,,,PH047,202303141716,3992.00,4790.00
EMIR3,20160315,99999999,°±¥Î,Mirvaso 3mg/gm gel¡A 30gm,Mirvaso 3mg/gm gel¡A 30gm,Brimonidine,EXT,QD,TDER,DE-11-00,¥~¥Î,¾A¶q,Mirvaso,«D²Õ®M,°±¥Î,,¤@¯ë¥i¥Î,¬O,¥i¥ÎÃÄ¥]¾÷,°·«O¤£µ¹¥I,¤@¯ë,Á`¶q¶i¦ì,¾AÀ³¯g:ªvÀø¦¨¤H°sÁV»óÁy³¡¬õ´³ªº¯gª¬ªvÀø¡C,,Indication:Treatment of facial erythema of rosacea in adult.,,¥~ Æ[:¥Õ¦â30¤½§J³nºÞ,Appearance:30gm white tube,¼é¬õ¡A¬õ´³¡Aæ±Äo¡A¥Ö½§¿N¨`·P¡C,Flushing¡A erythema¡A pruritus¡A skin burning sensation.,,¬Ò¥i¥Î,±Ó¥ßÓV¾®½¦,Mirvaso 3mg/gm Gel,,,,¬O,,¥~¥ÎÃÄ«~¡A¶È¥Î©óÁy³¡¡A¤Å±µÄ²²´·ú¡B¤f®B³¡¡C¶î©Ù«áÀ³¬~¤â¡C,,External use. Apply on face¡A avoiding with the eyes and lips. Wash hands after u,,¤£À³©Ù©ó¨ë¿E¥Ö½§©Î¶}©ñ©Ê¶Ë¤f¡C,Do not apply on irritated skin or open wounds.,105-1 ÃÄ©e·|³q¹L·s¶iÃÄ«~(µ´¹ï¦Û¶O),¤@¯ë,¤@¯ë,Äµ »y:¥~¥ÎÃÄ«~¡A¶È¥Î©óÁy³¡¡A¤Å±µÄ²²´·ú¡B¤f®B³¡¡C¶î©Ù«áÀ³¬~¤â¡C,,,0,0,§_,99.0,,§_,¬O,§_,³æ¤è,§_,°±¥Î,°±¥Î,¤£¥i¿i,§_,,1.00,1.00,9.00,9.00,999,999,7,1,99.00,99.00,0,0,,¦³¹Ï¤ù,,0,,0,,D11AX21,,,,,0,,0,,TUB,,¤£µ¹¥I¶·¦Û¥I,¤£µ¹¥I¶·¦Û¥I,,,,,LiquidLiquidEmulsion,TOPCRM,,,,,,,,,PH006,202401281017,0,2700.00
EMTS,20181228,99999999,°±¥Î,Metsone cream 0.1%¡A 5gm,Metsone cream 0.1%¡A 5gm,Mometasone,EXT,,TDER,DE-06-00,¥~¥Î,¾A¶q,Elomet,«D²Õ®M,°±¥Î,EELO,¤@¯ë¥i¥Î,¬O,¥i¥ÎÃÄ¥]¾÷,¥i¥Î,¤@¯ë,Á`¶q¶i¦ì,¾AÀ³¯g:¥Dªv¥Ö½§ª¢¡B¥Ö½§·kÄoµ¥¹L±Ó¯gª¬,,Indication:Skin itching¡A manifestations of dermatoses.,,¥~ Æ[:¥Õ¦â/¶À¦â³nºÞ¡A ¦L¦³µµ¦â¦r¼Ë,Appearance:White/yellow tube,¨`¼ö·P¡A¥Ö½§µäÁY¡A¥Ö½§¨ëµh·P,burning¡A skin atrophy¡A tingling/stinging,,¥u¥Î©óªù¶E¤Î¦í°|STAT,¹y¦w½§¨Å»I,Metsone cream 0.1%¡A 5gm,,,,¬O,,¬°¥~¥ÎÃÄ«~¡A ½Ð§½³¡¨Ï¥Î¡A ¤Å±µÄ²²´·ú©Î»~ªA,,For external use. Avoid contact with the eyes or oral consumption.,,,,,¤@¯ë,¤@¯ë,Äµ »y: ¥»«~¬°¥~¥ÎÃÄ«~¡A½Ð§½³¡¨Ï¥Î¡A¤Å±µÄ²²´·ú©Î»~ªA¡C,,,0,0,§_,99.0,,§_,¬O,§_,³æ¤è,,°±¥Î,¥i¥Î,¤£¥i¿i,§_,,1.00,1.00,9.00,9.00,999,999,7,1,999.00,999.00,0,0,,¦³¹Ï¤ù,,0,,0,,D07AC13,,,,,0,,0,,TUB,,°·«Oµ¹¥I,°·«Oµ¹¥I,MOMETASONE,D07XC03,AC48391321,,LiquidLiquidEmulsion,TOPCRM,,,0,,0,,,,PH006,202003191522,27.60,36.00
EMYC,20110314,99999999,¥i¥Î,Mycomb otic drops 5mL,Mycomb otic drops 5mL,Triamcinolone + Neomycin + Gramicidin + Nystatin,AU,,TENT,EN-01-00,¥~¥Î,ºw,Mycomb,«D²Õ®M,,,¤@¯ë¥i¥Î,¬O,¥i¥ÎÃÄ¥]¾÷,¥i¥Î,¤@¯ë,Á`¶q¶i¦ì,¾AÀ³¯g:¥~¦Õ¹D©À¯]µß·P¬V¡A ªí­±²Óµß·P¬V¡A ²§¦ì©Ê¥Ö½§ª¢,,Indication:Inflammation of the outer & middle ear.,,¥~ Æ[:¥Õ¦â5mL²~¸Ë,Appearance:5 mL white ear drop bottle.,ªø´Á¨Ï¥Î¥i¯à·|Úµ½H¡A ªo©Ê¥Ö½§¡A Áy³¡¤ò¾v¼Wªø¡A ±¼¾v,Long term use: acne or oily skin; increased hair growth¡A especially on the face.,,¬Ò¥i¥Î,¬ü±d ¦Õ¥Îºw¾¯,Mycomb otic drops 5mL,,,§_,¬O,,¥»«~¤£±o¥Î©ó«æ©Ê³æ¯Âªw¯l¡A ¤Ñªá¡A ¤ôµk¡A ¥ç¤£¥i¥Î¥HÂI²´¥Î,,Avoid using in acute herpes simplex¡A vaccinia¡A varicella.,,,,,¤@¯ë,¤@¯ë,Äµ »y:¥»«~¤£±o¥Î©ó«æ©Ê³æ¯Âªw¯l¡B¤Ñªá¡B¤ôµk¡A¥ç¤£¥i¥Î©ó²´·ú³¡¦ì,,¦Õºw¾¯,,,§_,100.0,,§_,¬O,§_,½Æ¤è,§_,¥i¥Î,¥i¥Î,¤£¥i¿i,¬O,,3.00,3.00,10.00,10.00,999,999,7,1,30.00,30.00,0,0,,¦³¹Ï¤ù,,0,,0,,S02CA04,S01BA05,S02AA07,,,,,,,BOT,§_,°·«Oµ¹¥I,°·«Oµ¹¥I,TRIAMCINOLONE 1MG/ML + GRAMICIDIN 0.25MG/ML + NEOMYCIN 2.5MG/ML + NYSTATIN 100KIU/ML,S02CA04,AC22867421,§_,AdministrableDrugForm,OTDROP,,,,,,,,,PH022,202312221658,48.60,63.00
EMYC20,20190620,99999999,¥i¥Î,Mycomb ¨Å»I 20gm,Mycomb cream 20gm,Triamcinolone + Neomycin + Gramicidin + Nystatin,EXT,,TDER,DE-05-00,¥~¥Î,¾A¶q,Extracomb,«D²Õ®M,,,¤@¯ë¥i¥Î,¬O,¥i¥ÎÃÄ¥]¾÷,¥i¥Î,¤@¯ë,¦¸­p¶q¶i¦ì,¾AÀ³¯g:Àã¯l¡A ¹L±Ó©Ê©Mµoª¢©Ê¥Ö½§¯f¡BÄòµo©Ê²Óµß©ÎÅðµß·P¬V,,Indications:Inflammatory skin lesions.,,¥~ Æ[:20¤½§J¥Õ¦â³nºÞ,Appearance:20 gram white tube.,¥Ö½§µäÁY,Skin atrophy,,¬Ò¥i¥Î,¬ü±d¨Å»I,Mycomb cream 20gm,,,,¬O,,¬°¥~¥ÎÃÄ«~¡A ½Ð§½³¡¨Ï¥Î¡A ¤Å±µÄ²²´·ú©Î»~ªA,,For external use. Avoid contact with eyes or oral consumption.,,,,108Q2 ÃÄ©e·|·s¶i,¤@¯ë,¤@¯ë,Äµ »y: ¥»«~¬°¥~¥ÎÃÄ«~¡A½Ð§½³¡¨Ï¥Î¡A¤Å±µÄ²²´·ú©Î»~ªA¡C,,¨Å»I,0,0,§_,99.0,,§_,¬O,§_,½Æ¤è,,¥i¥Î,¥i¥Î,¤£¥i¿i,¬O,,1.00,1.00,9.00,9.00,999,999,7,1,99.00,99.00,0,0,,¦³¹Ï¤ù,,0,,0,,D07AB09,D07CB01,D06AX04,R02AB03,D01AA01,0,,0,,TUB,,°·«Oµ¹¥I,°·«Oµ¹¥I,TRIAMCINOLONE 1MG/GM + GRAMICIDIN 0.25MG/GM + NYSTATIN 100KIU/GM + NEOMYCIN 2.5MG/GM,D07CB01,AC21924338,,LiquidLiquidEmulsion,TOPCRM,,,0,,0,,,,PH022,202312221658,55.00,69.00
EMYC6,20141107,99999999,°±¥Î,Mycomb ¨Å»I 16gm,Mycomb cream 16gm,Triamcinolone + Neomycin + Gramicidin + Nystatin,EXT,,TDER,DE-05-00,¥~¥Î,¾A¶q,Extracomb,«D²Õ®M,°±¥Î,EMYC20,¤@¯ë¥i¥Î,¬O,¥i¥ÎÃÄ¥]¾÷,¥i¥Î,¤@¯ë,Á`¶q¶i¦ì,¾AÀ³¯g:Àã¯l¡A ¹L±Ó©Ê©Mµoª¢©Ê¥Ö½§¯f¡A ¨Ã§í¨î²Óµß¡BÅðµß¤§·P¬V¯g,,Indications:Inflammatory skin lesions.,,¥~ Æ[:¥Õ¦â16gm ³n»I,Appearance:16gm white tube,¥Ö½§µäÁY¡A ¤Ö¨£¦Õ¬r©Ê,Skin atrophy¡A rare ototoxicity,,¬Ò¥i¥Î,¬ü±d¨Å»I,Mycomb cream 16gm,,,,,,¬°¥~¥ÎÃÄ«~¡A ½Ð§½³¡¨Ï¥Î¡A ¤Å±µÄ²²´·ú©Î»~ªA,,For external use. Avoid contact with the eyes or oral consumption.,,,,108Q2 ÃÄ©e·|§R°£,¤@¯ë,¤@¯ë,Äµ »y: ¥»«~¬°¥~¥ÎÃÄ«~¡A½Ð§½³¡¨Ï¥Î¡A¤Å±µÄ²²´·ú©Î»~ªA¡C,,¨Å»I,0,0,¬O,99.0,,§_,¬O,§_,½Æ¤è,§_,°±¥Î,¥i¥Î,¤£¥i¿i,¬O,,1.00,1.00,9.00,9.00,999,999,7,1,99.00,99.00,0,0,,¦³¹Ï¤ù,,0,,0,,D07AB09,D07CB01,D06AX04,R02AB03,D01AA01,0,,0,,TUB,,°·«Oµ¹¥I,°·«Oµ¹¥I,TRIAMCINOLONE 1MG/GM + GRAMICIDIN 0.25MG/GM + NYSTATIN 100KIU/GM + NEOMYCIN 2.5MG/GM,D07CB01,AC21924336,§_,LiquidLiquidEmulsion,TOPCRM,,,,,,,,,PH047,202304091139,29.70,39.00
EMYD1,19960101,99999999,°±¥Î,Mydriacyl 1% 5mL,Mydriacyl 1% 5mL,Tropicamide,OU,HS,TOPH,OP-04-00,¥~¥Î,ºw,Mydriacyl,«D²Õ®M,°±¥Î,EMYDP,¤w°±¥Î,¬O,¤£¥i¥ÎÃÄ¥]¾÷,,¤@¯ë,Á`¶q¶i¦ì,¾AÀ³¯g:¥Î©ó´²Àû¡A·ûª¬¦Ù³Â·ô,,,,,,,,,,,Mydriacyl 1% 5mL,,,§_,¬O,,,,,,,,,¤@¯ë,¤@¯ë,Äµ »y:¥»«~¤£±o¥Î©ó«æ©Ê³æ¯Âªw¯l¡B¤Ñªá¡B¤ôµk¡A¥ç¤£¥i¥Î©ó²´·ú³¡¦ì,,,,,§_,100.0,,§_,§_,§_,³æ¤è,§_,¥i¥Î,¥i¥Î,¤£¥i¿i,¬O,,1.00,1.00,999.00,999.00,999,999,7,1,0,0,0,0,,µL¹Ï¤ù,,0,,0,,,,,,,,,,,BOT,§_,°·«Oµ¹¥I,°·«Oµ¹¥I,TROPICAMIDE,S01FA06,B016711421,§_,AdministrableDrugForm,OPDROP,,,,,,,,,PH047,202303141648,101.00,121.00
EMYDM,19960101,99999999,°±¥Î,Mydrin-M oph soln 5mL,Mydrin-M oph soln 5mL,Tropicamide,OU,HS,TOPH,OP-04-00,¥~¥Î,ºw,Mydrin-M,«D²Õ®M,°±¥Î,EMYDP,¤w°±¥Î,¬O,¤£¥i¥ÎÃÄ¥]¾÷,,¤@¯ë,Á`¶q¶i¦ì,¾AÀ³¯g:¥Î©ó´²Àû¡A·ûª¬¦Ù³Â·ô,,,,,,,,,,,Mydrin-M oph soln 5mL,,,§_,¬O,,,,,,,,,¤@¯ë,¤@¯ë,Äµ »y:¥»«~¤£±o¥Î©ó«æ©Ê³æ¯Âªw¯l¡B¤Ñªá¡B¤ôµk¡A¥ç¤£¥i¥Î©ó²´·ú³¡¦ì,,,,,§_,100.0,,§_,§_,§_,³æ¤è,§_,¥i¥Î,¥i¥Î,¤£¥i¿i,¬O,,1.00,1.00,999.00,999.00,999,999,1,1,0,0,0,0,,µL¹Ï¤ù,,0,,0,,,,,,,,,,,BOT,§_,°·«Oµ¹¥I,°·«Oµ¹¥I,TROPICAMIDE,S01FA06,B007107421,§_,AdministrableDrugForm,OPDROP,,,,,,,,,PH047,202303141648,57.00,68.00
EMYDP,20040803,99999999,¥i¥Î,Mydrin-P 10mL,Mydrin-P 10mL,Tropicamide + Phenylephrine,OU,HS,TOPH,OP-04-00,¥~¥Î,ºw,Mydrin-P,«D²Õ®M,,,¤@¯ë¥i¥Î,¬O,¥i¥ÎÃÄ¥]¾÷,,¤@¯ë,Á`¶q¶i¦ì,¾AÀ³¯g:¥Î©ó´²Àû¡A ·ûª¬¦Ù³Â·ô,,Indication:Dilate the pupil of the eye,,¥~ Æ[:¶ì½¦¥~²~¡A¥Õ¦â»\¤l,Appearance:White/green box,µø¤O¼Ò½k¡A ²´·ú¨ë¿E·P¡A ÀYµh,Blurred vision¡A ocular irritation¡A headache,,¬Ò¥i¥Î,¨CÀû¥O¡Ð´¶¯qÂI²´²G¡@,Mydrin-P 10mL,,,§_,¬O,,À³Á×§K¶}¨®©Î»Ý­nµøÄ±©Êªº¤u§@,,Make sure your vision is clear before you drive¡A or operate machines.,,,,,¤@¯ë,¤@¯ë,Äµ »y:À³Á×§K¶}¨®©Î»Ý­nµøÄ±©Êªº¤u§@,,,,,§_,200.0,,§_,¬O,§_,½Æ¤è,§_,°±¥Î,°±¥Î,¤£¥i¿i,¬O,,1.00,1.00,1.00,1.00,999,999,7,7,9.00,9.00,0,0,,¦³¹Ï¤ù,,0,,0,,S01FA56,S01FB01,S01FA06,,,,,,,BOT,§_,¤£µ¹¥I¶·¦Û¥I,¤£µ¹¥I¶·¦Û¥I,,,,§_,AdministrableDrugForm,OPDROP,,,,,,,,,PH022,202312221658,0,216.00
EMYDPO,19960101,99999999,°±¥Î,Mydrin-P oph soln,Mydrin-P oph soln,Tropicamide + Phenylephrine,OU,HS,TOPH,OP-04-00,¥~¥Î,ºw,,«D²Õ®M,°±¥Î,EMYDP,¤@¯ë¥i¥Î,¬O,¤£¥i¥ÎÃÄ¥]¾÷,°·«O¤£µ¹¥I,¤@¯ë,Á`¶q¶i¦ì,¾AÀ³¯g:¥Î©ó´²Àû¡A·ûª¬¦Ù³Â·ô,,,,,,,,,¥u¥Î©óªù¶E¤Î¦í°|STAT,¨CÀû¥O¡Ð´¶¯qÂI²´²G¡@,Mydrin-P oph soln,,,§_,¬O,,,,,,,,,¤@¯ë,¤@¯ë,Äµ »y:½Ð¶J©ñ©ó¦B½c§NÂÃ¡A ¨Ã¯d·N¨Ï¥Î«á·|¾É­Pµø¤O¼Ò½k,,,,,§_,200.0,,§_,§_,§_,³æ¤è,§_,¥i¥Î,¥i¥Î,¤£¥i¿i,§_,,1.00,1.00,999.00,999.00,999,999,7,1,0,0,0,0,,µL¹Ï¤ù,,0,,0,,,,,,,,,,,BOT,§_,°·«Oµ¹¥I,°·«Oµ¹¥I,PHENYLEPHRINE 5MG/ML + TROPICAMIDE 5MG/ML,S01FB01,B005728429,§_,AdministrableDrugForm,OPDROP,,,,,,,,,PH047,202303141648,75.00,75.00
ENAC,20020101,99999999,°±¥Î,Naclof 0.1%¡A 5mL,Naclof 0.1%¡A 5mL,Diclofenac,OU,,TOPH,OP-08-00,¥~¥Î,ºw,,«D²Õ®M,°±¥Î¡A¥i¬dÃþ¦üÃÄ,,¤w°±¥Î,¬O,¤£¥i¥ÎÃÄ¥]¾÷,±ø¥ó¤Uµ¹¥I,¤@¯ë,Á`¶q¶i¦ì,¾AÀ³¯g:¥Õ¤º»Ù¤â³N«á¤§²´³¡µoª¢¥Î,,,,,,,,,¥u¥Î©óªù¶E¤Î¦í°|STAT,¼Ö´_ª¢²´ÃÄ¤ô,Naclof 0.1%¡A 5mL,,,§_,¬O,,,,,,,,,¤@¯ë,¤@¯ë,,,,,,§_,100.0,,§_,§_,§_,³æ¤è,§_,¥i¥Î,¥i¥Î,¤£¥i¿i,§_,,1.00,1.00,99.00,99.00,99,99,1,1,0,0,0,0,,¦³¹Ï¤ù,,0,,0,,S01BC03,M01AB05,,,,,,,,BOT,§_,°·«Oµ¹¥I,°·«Oµ¹¥I,DICLOFENAC,S01BC03,B019625429,§_,AdministrableDrugForm,OPDROP,,,,,,,,,PH047,202303141648,112.00,134.00
ENACL,19960101,99999999,¥i¥Î,Sodium Chloride eye drop 3%¡A 5mL,Sodium Chloride eye drop 3%¡A 5mL,Sodium Chloride,OU,,TOPH,OP-08-00,¥~¥Î,ºw,NaCl,«D²Õ®M,,,¤@¯ë¥i¥Î,¬O,¥i¥ÎÃÄ¥]¾÷,,¤@¯ë,Á`¶q¶i¦ì,¾AÀ³¯g:¨¤½¤¤ô¸~,,Indication:Corneal edema.,,¥~ Æ[:5mLÂÅ»\ÂI²´²~¸Ë,Appearance:5mL eye drop bottle¡A blue cap,²´·ú¨ë¿E·P,Ocular irritation,,¬Ò¥i¥Î,3%´â¤Æ¶u²G,Sodium Chloride eye drop 3%¡A,,,§_,¬O,,¶J©ñ®É»Ý¸m©ó¦B½c§NÂÃ(Äá¤ó 2-8 «×),,Store in a refrigerator (2-8¢XC).,,³Æµù: ­Y¦P®É¨Ï¥Î¨âºØ²´ÃÄ¤ô¡A ½Ð¶¡¹j5¤ÀÄÁ¡A ­YµLÂå®v«ü¥Ü¡A µL¥ý«á¨Ï¥Î¶¶§Ç,,,¤@¯ë,¤@¯ë,Äµ »y:½Ð¸m©óÄá¤ó 2-8 «×¦B½cÁ×¥ú§NÂÃ«O¦s¡C,,,,,§_,100.0,,§_,¬O,§_,³æ¤è,§_,°±¥Î,°±¥Î,¤£¥i¿i,¬O,,1.00,1.00,1.00,1.00,999,999,7,1,12.00,12.00,0,0,,¦³¹Ï¤ù,,0,,0,,S01XA03,,,,,,,,,BOT,§_,¤£µ¹¥I¶·¦Û¥I,¤£µ¹¥I¶·¦Û¥I,,,,§_,AdministrableDrugForm,OPDROP,,,,,,,,,PH022,202312221659,0,48.00
ENAS,20070626,99999999,¥i¥Î,Nasonex 50mcg/dose¡A 140dose nasal spray,Nasonex 50mcg/dose¡A 140dose nasal spray,Mometasone,IN,,TENT,EN-02-00,¥~¥Î,PFF,Nasonex Nasal Spray,«D²Õ®M,,,¤@¯ë¥i¥Î,¬O,¥i¥ÎÃÄ¥]¾÷,¥i¥Î,¤@¯ë,Á`¶q¶i¦ì,¾AÀ³¯g:¤G·³¥H¤W¹L±Ó©Ê»óª¢,,Indication:Allergic rhinitis over two years old,,¥~ Æ[:¥Õ¦â¥~²~ÂÅºñ¦â»\¤l,Appearance:White bottle¡A blue/green cap,ÀYµh¡A »ó¥X¦å¡A «|ÀYª¢¡A »ó¨`¼ö·P¡A »ó¨ë¿E·P,Headache¡A epistaxis¡A pharyngitis¡A nasal burning¡A nasal irritation & nasal ulcera,,¬Ò¥i¥Î,¤ºµÎ®³¤ô·»©Ê»ó¥Î¼Q²G,Nasonex 50mcg/dose¡A 140dose,,,§_,¬O,,­Y¦³»óµÄ¥~¶Ë©Î¤â³NªÌ¡A »Ýµ¥¨ì¶Ë¤fÂ¡¦X«á¤~¨Ï¥Î¥»¼Q¾¯,,Do not use this spray if you have nasal wound.,,,,,¤@¯ë,¤@¯ë,Äµ »y:­Y¦³»óµÄ¥~¶Ë©Î¤â³NªÌ¡A »Ýµ¥¨ì¶Ë¤fÂ¡¦X«á¤~¨Ï¥Î¥»¼Q¾¯,,,,,§_,140.0,,§_,¬O,§_,³æ¤è,§_,¥i¥Î,¥i¥Î,¤£¥i¿i,¬O,,1.00,1.00,2.00,8.00,999,999,1,1,4.00,8.00,0,0,,¦³¹Ï¤ù,,0,,0,,R01AD09,,,,,,,,,BOT,,°·«Oµ¹¥I,°·«Oµ¹¥I,MOMETASONE,R01AD09,BC22924424,§_,GasLiquidMixture,NASSPRY,,,,,,,,,PH047,202303141648,133.00,160.00
ENEED,20181009,99999999,¥i¥Î,32G Pen needle ¯Ø®q¯Àµ§«¬°wÀY#320472,32G Pen needle 0.23x4mm,Sterile Pen Needle,SC,,ZOTH,MEDD,½Ã§÷,PIECE,,«D²Õ®M,,,¤@¯ë¥i¥Î,¬O,¥i¥ÎÃÄ¥]¾÷,¥i¥Î,¤@¯ë,Á`¶q¶i¦ì,¥Î³~:·f°tµ§«¬ª`®g¾¯¨Ï¥Îªº©ß±ó¦¡°wÀY,,Disposable pen needles used with various pen-injectors,,¥~ Æ[:0.23x4mm°wÀY,Appearance:0.23x4mm needle,,,,¬Ò¥i¥Î,¯Ø®q¯Àµ§«¬°wÀY,32G Pen needle 0.23x4mm,,,§_,¬O,,½Ð¸m©ó«Äµ£µLªk¨ú±o¤§³B,,Keep out of reach of children.,,¼o±ó°w¨ã¦^¦¬®É½Ð¸m©ó°íµwªº®e¾¹¤º¡C,Put your needle disposal in a sealed¡A labeled¡A rigid plastic container.,[Rx_x]½Ã§÷¡A³B¤è¶°¤£Åã¥Ü,¤@¯ë,¤@¯ë,Äµ »y:½Ð¸m©ó«Äµ£µLªk¨ú±o¤§³B,,,0,0,§_,1.0,,§_,¬O,§_,³æ¤è,§_,¥i¥Î,¥i¥Î,¤£¥i¿i,¬O,,1.00,1.00,9.00,9.00,999,999,1,1,9.00,9.00,0,0,,¦³¹Ï¤ù,,0,,0,,,,,,,0,,0,,EA,,°·«Oµ¹¥I,°·«Oµ¹¥I,,,NAN02A1000ZZ,§_,AdministrableDrugForm,APPFUL,,,0,,0,,,,PH034,202211141558,3.36,5.00
ENEOE,20040301,99999999,°±¥Î,Neosinicin eye drop 5%,Neosinicin eye drop 5%,Phenylephrine,OU,,TOPH,OP-04-00,¥~¥Î,ºw,Phenylephrine,«D²Õ®M,°±¥Î¡A¥i¬dÃþ¦üÃÄ,,¤w°±¥Î,§_,¤£¥i¥ÎÃÄ¥]¾÷,,¤@¯ë,Á`¶q¶i¦ì,,,,,,,,,,¬Ò¥i¥Î,,Neosinicin eye drop 5%,,,§_,¬O,,,,,,,,,¤@¯ë,¤@¯ë,,,,,,§_,100.0,,§_,§_,§_,³æ¤è,§_,¥i¥Î,¥i¥Î,¤£¥i¿i,¬O,,1.00,1.00,999.00,999.00,999,999,7,1,0,0,0,0,,µL¹Ï¤ù,,0,,0,,,,,,,,,,,BOT,§_,°·«Oµ¹¥I,°·«Oµ¹¥I,PHENYLEPHRINE,S01FB01,A007973421,§_,AdministrableDrugForm,OPDROP,,,,,,,,,PH047,202303141648,30.00,38.00
ENEU,20130619,99999999,¥i¥Î,Neupro patch 6mg/24h,Neupro patch 6mg/24h,Rotigotine,EXT,QD,CNEU,CN-03-04,¥~¥Î,¤ù,Neupro,«D²Õ®M,,,¤@¯ë¥i¥Î,¬O,¥i¥ÎÃÄ¥]¾÷,±ø¥ó¤Uµ¹¥I,¤@¯ë,¦¸­p¶q¶i¦ì,¾AÀ³¯g:­ìµo©Ê©¬ª÷´Ë¤ó¯g¡C,,Indications:Parkinson's disease,,¥~ Æ[:¾Tºä¥~¥]¡A ¨C¥]1¤ù,Appearance:Each pouch contains one patch,§C¦åÀ£¡B¶KÃÄ³¡¦ì¥Ö½§¤ÏÀ³¡Bäú¤ß¡B¹Ã¦R¡B¶ÝºÎ,Hypotension¡A application site reactions¡A nausea¡A vomiting¡A drowsiness,,¬Ò¥i¥Î,¯Ã´¶¬¥¬ï¥Ö¶K¤ù¾¯ 6 ²@§J/ 24 ¤p®É,Neupro patch 6mg/24h,,,¬O,¬O,,¶K¤ù§÷½è§t¾T¡A¶i¦æ®ÖºÏ¦@®¶³y¼v©Î¤ßÅ¦¹qÀ»®ÉÀ³¥ý¼¹¤U¡C,,The patch contains aluminum and should be removed prior to MRI or cardioversion.,,1.¹ïµJ¨È²¸»Ä¶u¹L±ÓªÌ¤Å¥Î,1.Should not use if sensitive to sulfites,,¤@¯ë,¤@¯ë,¶K¤ù§÷½è§t¾T¡A¶i¦æ®ÖºÏ¦@®¶³y¼v©Î¤ßÅ¦¹qÀ»®ÉÀ³¥ý¼¹¤U¡C,,,0,0,§_,1.0,,¬O,¬O,§_,³æ¤è,§_,¥i¥Î,¥i¥Î,¤£¥i¿i,¬O,,1.00,1.00,1.00,1.00,30,30,1,1,1.00,1.00,0.01,0.01,,¦³¹Ï¤ù,,0,,0,,N04BC09,,,,,,,,,¤ù,,°·«Oµ¹¥I,°·«Oµ¹¥I,rotigotine,N04BC09,BC24935323,§_,SolidDrugForm,TPATH24,,,,,,,,,PH047,202401121023,90.00,113.00
ENIC,19960101,99999999,¥i¥Î,Smokfree Nicotine TDDS 15,Smokfree Nicotine TDDS 15,Nicotine,EXT,,ZADT,AD-02-00,¥~¥Î,¤ù,Nicotine TTS,«D²Õ®M,°±¥Î,,­­¥æ¥I½Õ¾¯,¬O,¤£¥i¥ÎÃÄ¥]¾÷,,¤£¦LÃÄÅÒ,Á`¶q¶i¦ì,¾AÀ³¯g: §ÙµÒ»²§U¾¯,,,,,,,,,¥u¥Î©óªù¶E¤Î¦í°|STAT,²bµÒ§ÙµÒ¶K¤ù,Smokfree Nicotine TDDS 15,,­­ªù¶E¥æ¥I½Õ¾¯¥Î,§_,¬O,,,,,,,,[Rx_x]­­¥æ¥I½Õ¾¯¡A³B¤è¶°¤£Åã¥Ü,¤@¯ë,¤@¯ë,Äµ »y:½Ð¿í·ÓÂå®v«ü¥Ü¨Ï¥Î¡A­Yµo¥Í¹L±Ó²{¶H½Ð»PÂå®vÁpµ¸,,,,,§_,1.0,,¬O,¬O,§_,³æ¤è,§_,¥i¥Î,¥i¥Î,¤£¥i¿i,§_,,1.00,1.00,1.00,1.00,999,999,1,1,1.00,1.00,0,0,,µL¹Ï¤ù,,0,,0,,N07BA01,,,,,,,,,¤ù,§_,°·«Oµ¹¥I,°·«Oµ¹¥I,,,A0386463EH,§_,SolidDrugForm,TPATCH,,,,,,,,,PH047,202303141648,0,0
ENIC2,20070425,99999999,¥i¥Î,Nicotinell TTS 20,Nicotinell TTS 20,Nicotine,EXT,ASORDER,ZADT,AD-02-00,¥~¥Î,¤ù,Nicotinell,«D²Õ®M,°±¥Î,,­­¥æ¥I½Õ¾¯,§_,¤£¥i¥ÎÃÄ¥]¾÷,­­¥Î,¤£¦LÃÄÅÒ,Á`¶q¶i¦ì,¾AÀ³¯g:À°§U§ÙµÒ,,,,,,,,,¥u¥Î©óªù¶E,§JµÒ¶K¤ù20,Nicotinell TTS 20,,­­ªù¶E¥æ¥I½Õ¾¯¥Î,§_,¬O,,,,,,,,¥»ÃÄ­­ªù¶E¥æ¥I½Õ¾¯¥Î,¤@¯ë,¤@¯ë,Äµ »y:½Ð¸m©ó«Äµ£µLªk¨ú±o¤§³B,,,,,§_,1.0,,¬O,¬O,§_,³æ¤è,§_,¥i¥Î,¥i¥Î,¤£¥i¿i,§_,,1.00,0,2.00,0,99,0,7,0,0,0,0,0,,µL¹Ï¤ù,,0,,0,,N07BA01,,,,,,,,,¤ù,,°·«Oµ¹¥I,°·«Oµ¹¥I,,,B022089396,§_,SolidDrugForm,TPATCH,,,,,,,,,PH047,202303141648,0,0
ENIC3,20070425,99999999,¥i¥Î,Nicotinell TTS 30,Nicotinell TTS 30,Nicotine,EXT,QD,ZADT,AD-02-00,¥~¥Î,¤ù,Nicotinell TTS 30,«D²Õ®M,,,¤@¯ë¥i¥Î,§_,¥i¥ÎÃÄ¥]¾÷,­­¥Î,¤@¯ë,Á`¶q¶i¦ì,¾AÀ³¯g:À°§U§ÙµÒ,,Indication:To aid smoking cessation.,,¥~ Æ[:¥Õ¦â¾Tºä¤ù¸Ë,Appearance:Each pouch contains one patch,¬õ¸~¡A ·kÄo¡A ÀYµh¡A Ãþ·P«_¯gª¬,Erythema or pruritus¡A headache¡A cold & flu-like symptoms,,¬Ò¥i¥Î,§JµÒ¶K¤ù30cm2 / 52.5mg,Nicotinell TTS 30,,,§_,¬O,,½Ð¸m©ó«Äµ£µLªk¨ú±o¤§³B,,Keep medicine out of reach of children.,,,,2022.06ÃÄ©e·|­«·s¶i¥Î(°ê°·§½§ÙµÒ),¤@¯ë,¤@¯ë,Äµ »y:½Ð¸m©ó«Äµ£µLªk¨ú±o¤§³B,,,,,§_,1.0,,¬O,¬O,§_,³æ¤è,§_,¥i¥Î,¥i¥Î,¤£¥i¿i,¬O,,1.00,1.00,2.00,1.00,99,99,7,7,2.00,1.00,0,0,,¦³¹Ï¤ù,,0,,0,,N07BA01,,,,,30.00,mg,14.00,mg,¤ù,,°·«Oµ¹¥I,°·«Oµ¹¥I,,,B0220903EF,§_,SolidDrugForm,TPATCH,,,,,,,,,PH047,202302221506,78.00,98.00
ENICI,20211019,99999999,¥i¥Î,Nicorette 10mg inhaler (18 cartridges/box),Nicorette 10mg inhaler (18 cartridges/box),Nicotine,INHL,ASORDER,ZADT,AD-02-00,¥~¥Î,¤ä,Nicorette,«D²Õ®M,°±¥Î,,­­¥æ¥I½Õ¾¯,§_,¤£¥i¥ÎÃÄ¥]¾÷,±ø¥ó¤Uµ¹¥I,¤@¯ë,Á`¶q¶i¦ì,¾AÀ³¯g:§ÙµÒ»²§U¾¯,,Indication:Smoking cessation aid.,,¥~ Æ[:¨C²°¤º¸Ë1­Ó¶ì½¦§l¤J¾¹¤Î18­ÓÃÄ²G§X,Appearance:An inhalator with cartridges.,¤fµÄ¤£¾A¡Aäú¤ß¡A¥´ÜÐ¡A¸z­G¤£¾A¡AÀYµh,Oral discomfort¡A nausea¡A belching¡A gastrointestinal discomfort¡A headache,,¥u¥Î©óªù¶E¤Î¦í°|STAT,¥§¥j²M¤fµÄ§l¤J¾¯,Nicorette 10mg inhaler,,­­ªù¶E¥æ¥I½Õ¾¯¥Î,§_,§_,,24¤p®É¤º¤£¥i¨Ï¥Î¶W¹L12­ÓÃÄ²G§X,ÃÄ²G§X©î«Ê«á»Ý©ó12¤p®É¤º¨Ï¥Î§¹²¦,Don't use more than 12 cartridges within 24 hours.,The cartridge must be used within 12 hours after unpacking.,¤£¥iª½±µ­¹¥ÎÃÄ²G¡C½Ð¸m©ó«Äµ£µLªk¨ú±o¤§³B¡C,Don't take the solution in cartridges. Keep out of reach of children.,2021.10¦]§ÙµÒÃÄª«¯ÊÃÄ¶i¥Î¡A­ì¥æ¥I½Õ¾¯¡A2022.06§R°£¡A¥i¥æ¥I½Õ¾¯,¤@¯ë,¤@¯ë,Äµ »y:½Ð¸m©ó«Äµ£µLªk¨ú±o¤§³B,,,0,0,§_,18.0,,¬O,¬O,§_,³æ¤è,§_,°±¥Î,°±¥Î,¤£¥i¿i,§_,,1.00,1.00,12.00,12.00,28,28,7,7,12.00,12.00,0,0,,¦³¹Ï¤ù,,0,,0,,N07BA01,,,,,0,,0,,¤ä,,°·«Oµ¹¥I,°·«Oµ¹¥I,,,B022538129,§_,GasLiquidMixture,INHLSOL,¦M®`¤G¯Å(¡I),,0,,0,,,,PH008,202207251516,15.00,20.00
ENNG,20210325,99999999,¥i¥Î,Natesto nasal gel 4.5%¡A 11gm,Natesto nasal gel 4.5%¡A 11gm,Testosterone,IN,BID,HM,HR-03-01,¥~¥Î,PFF,Natesto,«D²Õ®M,,,¤@¯ë¥i¥Î,¬O,¥i¥ÎÃÄ¥]¾÷,°·«O¤£µ¹¥I,¤@¯ë,Á`¶q¶i¦ì,¾AÀ³¯g:¦¨¦~¨k©Ê¸A©Tà¬¸É¥RÀøªk,,Indication: testosterone replacement therapy in adult males,,¥~ Æ[: »ó¥Îµ¹ÃÄ¾¹¡C,Appaerance: Nasal dispenser.,¬y»ó¤ô¡A¬y»ó¦å¡A»ó³¡¤£¾A,rhinorrhea¡A epistaxis¡A nasal discomfort,,¬Ò¥i¥Î,­@¥L§´ »ó¤º¾®½¦¾¯,Natesto nasal gel 4.5%¡A 11gm,,,,¬O,,½Ð¤Å¥Î©ó¨­Åé¨ä¥L³¡¦ì,¨C¦¸¬IÃÄ¦Ü¤Ö¬Û¹j6¤p®É,Do not administer Natesto to other parts of the body,Each dose at least 6 hours apart,¨àµ£©M¤k©ÊÀ³Á×§K±µÄ²¡C,Prevent exposure to children and women.,2021.Q1ÃÄ©e·s¶i,¤@¯ë,¤@¯ë,½Ð¤Å¥Î©ó¨­Åé¨ä¥L³¡¦ì.¨C¦¸¬IÃÄ¦Ü¤Ö¬Û¹j6¤p®É,,,0,0,§_,60.0,,§_,¬O,§_,³æ¤è,,°±¥Î,°±¥Î,¤£¥i¿i,¬O,,1.00,1.00,1.00,1.00,999,999,1,1,3.00,3.00,0,0,,¦³¹Ï¤ù,,0,,0,,G03BA03,,,,,0,,0,,BOT,,¤£µ¹¥I¶·¦Û¥I,¤£µ¹¥I¶·¦Û¥I,,,,§_,LiquidSolidSuspension,NASGEL,¦M®`¤G¯Å(¡I),,0,,0,,,,PH009,202209011554,0,2136.00
ENOG,19960101,99999999,°±¥Î,NO Gravid IUD,NO Gravid IUD,NO Gravid IUD,IU,ST,HM,CT-02-00,¥~¥Î,SET,NO Gravid IUD,«D²Õ®M,°±¥Î,,¤@¯ë¥i¥Î,¬O,¤£¥i¥ÎÃÄ¥]¾÷,,¤@¯ë,Á`¶q¶i¦ì,¾AÀ³¯g:¬°¤l®c¤ºÁ×¥¥¾¹,,Indication:Contraceptive,,¥~ Æ[:ºñ¦â¥~²°,Appearance:Green box,,,,¥u¥Î©óªù¶E¤Î¦í°|STAT,®R¥iÄRÁ×¥¥¾¹,NO Gravid IUD,,,§_,¬O,,½Ð¿í·ÓÂå®v«ü¥Ü¨Ï¥Î¡A­Yµo¥Í¹L±Ó²{¶H½Ð»PÂå®vÁpµ¸,,Follow doctor's advice. Check with doctor if you notice any allergic symptoms.,,,,104-3 ÃÄ©e·|§R°£,¤@¯ë,¤@¯ë,Äµ »y:½Ð¿í·ÓÂå®v«ü¥Ü¨Ï¥Î¡A­Yµo¥Í¹L±Ó²{¶H½Ð»PÂå®vÁpµ¸,,,,,§_,1.0,,§_,§_,¬O,³æ¤è,§_,¥i¥Î,¥i¥Î,¤£¥i¿i,§_,,1.00,1.00,1.00,1.00,1,1,1,1,1.00,1.00,0,0,,¦³¹Ï¤ù,,0,,0,,,,,,,,,,,SET,§_,¤£µ¹¥I¶·¦Û¥I,¤£µ¹¥I¶·¦Û¥I,,,,§_,AdministrableDrugForm,APPFUL,,,,,,,,,PH047,202303141648,0,800.00
ENOV,19960101,99999999,°±¥Î,NOVA T,NOVA T,NOVA T,IU,,HM,CT-02-00,¥~¥Î,SET,NOVA T,«D²Õ®M,°±¥Î¡A¥i¬dÃþ¦üÃÄ,,¤w°±¥Î,¬O,¤£¥i¥ÎÃÄ¥]¾÷,,¤@¯ë,Á`¶q¶i¦ì,¾AÀ³¯g:¬°¤l®c¤ºÁ×¥¥¾¹,,,,,,,,,,,NOVA T,,,§_,¬O,,,,,,,,,¤@¯ë,¤@¯ë,,,,,,§_,1.0,,§_,§_,§_,³æ¤è,§_,¥i¥Î,¥i¥Î,¤£¥i¿i,¬O,,1.00,1.00,1.00,1.00,1,1,1,1,0,0,0,0,,µL¹Ï¤ù,,0,,0,,,,,,,,,,,SET,§_,¤£µ¹¥I¶·¦Û¥I,¤£µ¹¥I¶·¦Û¥I,,,,§_,AdministrableDrugForm,APPFUL,,,,,,,,,PH047,202303141649,0,800.00
ENOV4,20081001,99999999,°±¥Î,NovoPen 4,NovoPen 4,NovoPen 4,,AS,ZOTH,MEDD,½Ã§÷,EA,NovoPen 4,«D²Õ®M,°±¥Î,,¤@¯ë¥i¥Î,§_,¤£¥i¥ÎÃÄ¥]¾÷,¥i¥Î,¤@¯ë,Á`¶q¶i¦ì,¥Î³~:¯Ø®q¯Àª`®g¥Îµ§(½Ã§÷),,Indication:Used for insulin administration.,,¥~ Æ[:ª`®gµ§,,,,,¥u¥Î©óªù¶E¤Î¦í°|STAT,¿Õ©Mµ§ 4,NovoPen 4,,,§_,¬O,,½Ð¸m©ó«Äµ£µLªk¨ú±o¤§³B,,Keep medicine out of reach of children.,,,,102¦~²Ä¥|¦¸ÃÄ©e·|¨MÄ³§R°£¡A§ï¥Ñ¼t°Ó´£¨Ñµ¹¿}§¿¯f½Ã±Ð«Ç¡C,¤@¯ë,¤@¯ë,Äµ »y:½Ð¸m©ó«Äµ£µLªk¨ú±o¤§³B,,,,,§_,1.0,,¬O,§_,§_,³æ¤è,§_,°±¥Î,¥i¥Î,¤£¥i¿i,§_,,1.00,1.00,1.00,10.00,1,1,1,1,1.00,1.00,0,0,,¦³¹Ï¤ù,,0,,0,,,,,,,,,,,EA,,°·«Oµ¹¥I,°·«Oµ¹¥I,,,NBS0216154NN,§_,AdministrableDrugForm,APPFUL,,,,,,,,,PH047,202303141649,945.00,1350.00
ENS1,20030729,99999999,°±¥Î,Normal Saline irrigation 1000mL,Normal Saline irrigation 1000mL,Sodium Chloride,IRR,,NUTR,NU-05-00,¥~¥Î,BOT,,«D²Õ®M,°±¥Î¡A¥i¬dÃþ¦üÃÄ,,¤@¯ë¥i¥Î,¬O,¤£¥i¥ÎÃÄ¥]¾÷,,¤£¦LÃÄÅÒ,Á`¶q¶i¦ì,¾AÀ³¯g:¥Í²z­¹ÆQ¤ô¨R¬~²G,,Indication:Irrigation,,,,,,,,,N. S. irrigation 1000mL,,,§_,¬O,,,,,,,,,¤@¯ë,¤@¯ë,Äµ »y: ¥»«~¬°¥~¥ÎÃÄ«~¡A½Ð§½³¡¨Ï¥Î¡A¤Å±µÄ²²´·ú©Î»~ªA¡C,,,,,§_,1.0,,§_,§_,§_,³æ¤è,§_,¥i¥Î,¥i¥Î,¥i¿i,¬O,,1.00,1.00,1.00,25.00,1,999,1,1,0,0,0,0,,µL¹Ï¤ù,,0,,0,,,,,,,,,,,BOT,§_,°·«Oµ¹¥I,°·«Oµ¹¥I,SODIUM CHLORIDE,B05CB01,A035639309,§_,Liquid,IRSOL,,,,,,,,,PH047,202303141649,23.30,29.00
ENS2,20031013,99999999,¥i¥Î,0.9%NaCl irrigation 2000mL,0.9%NaCl irrigation 2000mL,Sodium Chloride,IRR,,MSIV,NU-05-00,¥~¥Î,BAG,,«D²Õ®M,,,¤@¯ë¥i¥Î,¬O,¤£¥i¥ÎÃÄ¥]¾÷,¥i¥Î,¤£¦LÃÄÅÒ,Á`¶q¶i¦ì,¾AÀ³¯g:¥Í²z­¹ÆQ¤ô¨R¬~²G,,Indication:Irrigation,,,,,,,¬Ò¥i¥Î,,0.9%NaCl irrigation 2000mL,,,§_,¬O,,,,,,,,,¤@¯ë,¤@¯ë,Äµ »y: ¥»«~¬°¥~¥ÎÃÄ«~¡A½Ð§½³¡¨Ï¥Î¡A¤Å±µÄ²²´·ú©Î»~ªA¡C,,,,,§_,1.0,,§_,¬O,§_,³æ¤è,§_,¥i¥Î,¥i¥Î,¤£¥i¿i,¬O,,1.00,1.00,1.00,1.00,999,1,1,1,2.00,2.00,0,0,,¦³¹Ï¤ù,,2000.00,ML,0,,B05CB01,,,,,,,,,BAG,,°·«Oµ¹¥I,°·«Oµ¹¥I,SODIUM CHLORIDE,B05CB01,AC35639312,§_,Liquid,IRSOL,,,,,,,,,PH047,202303141649,55.00,69.00
ENS3,20031013,99999999,¥i¥Î,0.9%NaCl irrigation 3000mL,0.9%NaCl irrigation 3000mL,Sodium Chloride,IRR,,MSIV,NU-05-00,¥~¥Î,BAG,,«D²Õ®M,,,¤@¯ë¥i¥Î,¬O,¥i¥ÎÃÄ¥]¾÷,¥i¥Î,¤£¦LÃÄÅÒ,Á`¶q¶i¦ì,¾AÀ³¯g:¥Í²z­¹ÆQ¤ô¨R¬~²G,,Indication:Irrigation,,,,,,,¬Ò¥i¥Î,,0.9%NaCl irrigation 3000mL,,,§_,¬O,,,,,,,,,¤@¯ë,¤@¯ë,Äµ »y: ¥»«~¬°¥~¥ÎÃÄ«~¡A½Ð§½³¡¨Ï¥Î¡A¤Å±µÄ²²´·ú©Î»~ªA¡C,,,,,§_,1.0,,§_,§_,§_,³æ¤è,§_,¥i¥Î,¥i¥Î,¤£¥i¿i,¬O,,0,0,1.00,5.00,999,0,0,0,1.00,5.00,0,0,,µL¹Ï¤ù,,3000.00,ML,0,,B05CB01,,,,,,,,,BAG,,°·«Oµ¹¥I,°·«Oµ¹¥I,SODIUM CHLORIDE,B05CB01,A035639316,§_,Liquid,IRSOL,,,,,,,,,PH047,202303141649,70.00,88.00
ENS5,20030729,99999999,¥i¥Î,0.9%NaCl irrigation (Normal Saline) 500mL(¨R¬~¥Î),0.9%NaCl irrigation (Normal Saline) 500mL(¨R¬~¥Î),Sodium Chloride,IRR,,MSIV,NU-05-00,¥~¥Î,BOT,,«D²Õ®M,,,¤@¯ë¥i¥Î,¬O,¥i¥ÎÃÄ¥]¾÷,,¤£¦LÃÄÅÒ,Á`¶q¶i¦ì,¬°¥Í²z­¹ÆQ¤ô¨R¬~²G,,Indication:Irrigation,,,,,,,¬Ò¥i¥Î,,0.9%NaCl irrigation (Normal,,,§_,¬O,,,,,,,,,¤@¯ë,¤@¯ë,Äµ »y: ¥»«~¬°¥~¥ÎÃÄ«~¡A½Ð§½³¡¨Ï¥Î¡A¤Å±µÄ²²´·ú©Î»~ªA¡C,,,,,§_,1.0,,§_,¬O,§_,³æ¤è,§_,¥i¥Î,¥i¥Î,¤£¥i¿i,¬O,,1.00,1.00,1.00,25.00,999,999,1,1,1.00,25.00,0,0,,¦³¹Ï¤ù,,500.00,ML,0,,B05CB01,,,,,,,,,BOT,§_,°·«Oµ¹¥I,°·«Oµ¹¥I,SODIUM CHLORIDE,B05CB01,AC35639377,§_,Liquid,IRSOL,,,,,,,,,PH047,202303141649,25.00,33.00
ENTG,19960101,99999999,°±¥Î,Nitrolingual spray 0.4mg/dose,Nitrolingual spray 0.4mg/dose,Nitroglycerin,SL,,CAVS,CV-02-00,¥~¥Î,PFF,Nitroglycerin,«D²Õ®M,°±¥Î¡A¥i¬dÃþ¦üÃÄ,,¤w°±¥Î,¬O,¤£¥i¥ÎÃÄ¥]¾÷,,¤@¯ë,Á`¶q¶i¦ì,¾AÀ³¯g:¤ßµ±µh¤§ªvÀø©Î¹w¨¾,,,,,,,,,¥u¥Î©óªù¶E¤Î¦í°|STAT,­@±o¤ß©w¶q¼Q²G¾¯¡@,Nitrolingual spray 0.4mg/dos,,,§_,¬O,,,,,,,,,¤@¯ë,¤@¯ë,Äµ »y:¬°µv»ÄÆQÃþÃÄ«~¡A½ÐÁ×§K»P¦åºÞÂX±i¾¯¡]¦p«Â¦Ó­è¡^¨Ö¥Î,,,,,§_,200.0,,§_,§_,§_,³æ¤è,§_,°±¥Î,¥i¥Î,¤£¥i¿i,§_,,1.00,1.00,2.00,2.00,60,30,30,30,0,0,0,0,,µL¹Ï¤ù,,0,,0,,,,,,,,,,,BOT,§_,°·«Oµ¹¥I,°·«Oµ¹¥I,NITROGLYCERIN,C01DA02,B0209411E9,§_,AdministrableDrugForm,SPRY,,,,,,,,,PH047,202303141649,206.00,247.00
EOEK,20070626,99999999,°±¥Î,Oekolp forte ovula®ê¾¯ 0.5mg,Oekolp forte ovula 0.5mg,Estriol,VAG,HS,SGU,UR-01-00,¥~¥Î,V.T,Oekolp,«D²Õ®M,°±¥Î,,¤@¯ë¥i¥Î,¬O,¥i¥ÎÃÄ¥]¾÷,¥i¥Î,¤@¯ë,Á`¶q¶i¦ì,¾AÀ³¯g:³±¹Dª¢¡A ¤l®cÀVª¢¤Î¤l®cæý³¡ÁSÄê,,Indication:Vaginal or cervical inflammation,,¥~ Æ[:»È¦â¿üºä¥]¸Ë¡A ¶Â¦â¦r¼Ë,Appearance:Silver package,§½³¡¨ë¿E¡A Äo¡A ¨Å©ÐµÈµh¡A Åé²Gº¢¯d,Local irritation or itch¡A breast tenderness¡A fluid retention.,,¬Ò¥i¥Î,²ü§J»X³±¹D®ê¾¯,Oekolp forte ovula 0.5mg,,,§_,¬O,,³±¹D®ê¾¯¸m©ó25¢J¥H¤UÀx¦s¡A ½Ð¥ý¥h°£¥~¥]¸Ë«á¦A¥Î,,Vaginal suppository¡A store under 25¢XC in a dry place.,,,,,¤@¯ë,¤@¯ë,Äµ »y:³±¹D®ê¾¯¸m©ó25¢J¥H¤UÀx¦s¡A ½Ð¥ý¥h°£¥~¥]¸Ë«á¦A¥Î,LA ¥~Æ[¬Û¦ü,,,,§_,1.0,,§_,§_,§_,³æ¤è,§_,°±¥Î,¥i¥Î,¤£¥i¿i,¬O,,1.00,1.00,1.00,1.00,99,99,3,1,1.00,1.00,0,0,,¦³¹Ï¤ù,,0,,0,,G03CA04,,,,,,,,,VT,,°·«Oµ¹¥I,°·«Oµ¹¥I,ESTRIOL,G03CA04,B023043500,§_,SolidDrugForm,VAGSUPP,,,,,,,,,PH047,202303141649,12.80,17.00
EOEKC,20071224,99999999,°±¥Î,OEKOLP creme 25gm,OEKOLP creme 25gm,Estriol,VAG,HS,SGU,UR-01-00,¥~¥Î,¾A¶q,Oekolp,«D²Õ®M,°±¥Î¡A¥i¬dÃþ¦üÃÄ,,¤@¯ë¥i¥Î,¬O,¤£¥i¥ÎÃÄ¥]¾÷,¥i¥Î,¤@¯ë,Á`¶q¶i¦ì,¾AÀ³¯g:µäÁY©Ê³±¹Dª¢,,Indication:Atrophic vaginitis,,¥~ Æ[:¥Õ¦â25gm³nºÞ¡A ©³³¡µµ¦â½u±ø,,§½³¡¨ë¿E¡A Äo¡A ¨Å©ÐµÈµh¡A Åé²Gº¢¯d,Local irritation or itch¡A breast tenderness¡A fluid retention.,,¬Ò¥i¥Î,²ü§J»X¨Å»I,OEKOLP creme 25gm,,,§_,¬O,,¬°¥~¥ÎÃÄ«~¡A ½Ð§½³¡¨Ï¥Î¡A ¤Å±µÄ²²´·ú©Î»~ªA,,For external use. Avoid contact with the eyes or oral consumption.,,,,,¤@¯ë,¤@¯ë,Äµ »y: ¥»«~¬°¥~¥ÎÃÄ«~¡A½Ð§½³¡¨Ï¥Î¡A¤Å±µÄ²²´·ú©Î»~ªA¡C,,,,,§_,99.0,,§_,§_,§_,³æ¤è,§_,°±¥Î,¥i¥Î,¤£¥i¿i,¬O,,1.00,1.00,9.00,9.00,99,99,1,1,99.00,99.00,0,0,,¦³¹Ï¤ù,,0,,0,,G03CA04,,,,,,,,,TUB,,°·«Oµ¹¥I,°·«Oµ¹¥I,ESTRIOL,G03CA04,B023042540,§_,LiquidLiquidEmulsion,VAGCRMAPL,,,,,,,,,PH047,202303141649,295.00,354.00
EOES,19960101,99999999,°±¥Î,Oestrogel gel 30gm,Oestrogel gel 30gm,Estradiol,EXT,,HM,HR-03-02,¥~¥Î,¾A¶q,Oestrogel Gel,«D²Õ®M,°±¥Î,,¤@¯ë¥i¥Î,¬O,¤£¥i¥ÎÃÄ¥]¾÷,,¤@¯ë,Á`¶q¶i¦ì,¾AÀ³¯g:¸É¥R¶Pº¸»X,,Indication:Estrogen deficiencies.,,¥~ Æ[:¥Õ¦â30gm³nºÞ¡A ²Hºñ¦â¾î±ø¯¾,Appearance:30gm tube¡A light green box,³±¹D²§±`¥X¦å¡A ¸g´Á²§±`¡A ¨Å©ÐµÈµh©Î¦³¤Àªcª«¡A ÀYµh,Vaginal bleeding change; menstrual change; breast enlargement; headache,,¥u¥Î©óªù¶E¤Î¦í°|STAT,·R´µ§´¾®½¦,Oestrogel gel 30gm,,,§_,¬O,,½Ð¤Å¶î©Ù©ó¨Å©Ð¡B³±³¡©Î³±¹DÂH½¤,,Avoid direct application to the breasts or vaginal area.,,,,105-2ÃÄ©e·|§R°£,¤@¯ë,¤@¯ë,Äµ »y:½Ð¤Å¶î©Ù©ó¨Å©Ð¡B³±³¡©Î³±¹DÂH½¤,,,,,,99.0,,§_,§_,§_,³æ¤è,§_,¥i¥Î,¥i¥Î,¤£¥i¿i,§_,,1.00,1.00,9.00,9.00,60,30,30,30,99.00,99.00,0,0,,¦³¹Ï¤ù,,0,,0,,G03CA03,,,,,,,,,TUB,§_,°·«Oµ¹¥I,°·«Oµ¹¥I,ESTRADIOL,G03CA03,BC13116343,§_,LiquidSolidSuspension,TOPGEL,,,,,,,,,PH047,202303141649,74.00,93.00
EOES8,20220315,99999999,¥i¥Î,Oestrogel gel 0.75mg/pump¡A 64pump/bottle,Oestrogel gel 0.75mg/pump¡A 64pump/bottle,Estradiol,EXT,QN,HM,HR-03-02,¥~¥Î,PUMP,Oestrogel,«D²Õ®M,,,¤@¯ë¥i¥Î,¬O,¥i¥ÎÃÄ¥]¾÷,°·«O¤£µ¹¥I,¤@¯ë,Á`¶q¶i¦ì,¾AÀ³¯g:¤k©Ê²üº¸»X¯Ê¥F¯g,,Indication:Treatment of estrogen deficiency.,,¥~ Æ[:¶ì½¦²~¸Ë80¤½§J¾®½¦¡A¨Ãªþ­p¶q»Ö,Appearance:80g gel in plastic bottle with metering valve,ÀYµh¡A¯Ý³¡µh¡Aäú¤ß¡A¹Ã¦R¡A¤£³W«h³±¹D¥X¦å,headache¡A breast pain¡A nausea¡A vomiting¡A irregular vaginal bleeding,,¬Ò¥i¥Î,·R´µ§´¾®½¦80¤½§J,Oestrogel Gel 0.75mg/pump,,,,¬O,,¤Å¶î©Ù©ó¨Å©Ð¡B³±³¡©Î³±¹DÂH½¤¡C,«ØÄ³¦Û¦æ¶î©Ù¡C¦­©Î±ß¨N¯D«á¡A¨C¤Ñ¦P¤@®É¶¡¨Ï¥Î¡C,Do not put on the breast¡A or vagina.It is recommended to apply by yourself.,Use at the same time every day after bath.,¾¨¥i¯à¦a¶î¶}©ó«eÁu¡A¤âÁu¡A¨âªÓ©ÎªÌ§¹¾ã¤j­±¿nªº¥Ö½§¤W¡C,Apply put on the forearm¡A arms¡A shoulders or an entire large area of skin.,2022.Q1ÃÄ©e·s¶i,¤@¯ë,¤@¯ë,¤Å¶î©Ù©ó¨Å©Ð¡B³±³¡©Î³±¹DÂH½¤¡C«ØÄ³¦Û¦æ¶î©Ù¡C¦­©Î±ß¨N¯D«á¡A¨C¤Ñ¦P¤@®É¶¡¨Ï¥Î¡C,,,0,0,§_,64.0,,§_,¬O,§_,³æ¤è,§_,°±¥Î,°±¥Î,¤£¥i¿i,¬O,,2.00,2.00,8.00,8.00,999,999,1,1,8.00,8.00,0,0,,¦³¹Ï¤ù,,0,,0,,G03CA03,,,,,0,,0,,BOT,,¤£µ¹¥I¶·¦Û¥I,¤£µ¹¥I¶·¦Û¥I,,,,§_,LiquidSolidSuspension,TOPGEL,¦M®`¤@¯Å(¡I¡I),,0,,0,,,,PH047,202310261034,0,600.00
EONB,20130619,99999999,°±¥Î,Onbrez Breezhaler 150mcg,Onbrez Breezhaler 150mcg,Indacaterol,IH,QD,ERSP,RE-01-00,¥~¥Î,PFF,Onbrez,«D²Õ®M,°±¥Î,,¤@¯ë¥i¥Î,¬O,¥i¥ÎÃÄ¥]¾÷,¥i¥Î,¤@¯ë,¦¸­p¶q¶i¦ì,¾AÀ³¯g:ºC©Êªý¶ë©ÊªÍ¯e¤§ºû«ùªvÀø,,Indication:treatment of chronic obstructive lung disease,,¥~ Æ[: ¨C²°¤º§t¤@­Ó§l¤J¾¹»P30²É§l¤J½¦Ån,Appearance: each box contains 1 inhaler and 30 capsules,¤ß±ª¡BÀYµh¡B§x­Â¡B§C¦å¹[¡B°ª¦å¿},palpitation¡A headace¡A fatigue¡A hypokalemia¡A hyperglycemia,,¬Ò¥i¥Î,©ùµÎ§l¤J½¦Ån150·L§J,Onbrez Breezhaler 150mcg,,,§_,¬O,,Onbrez½¦Ån¥u¯à·f°t§l¤J¾¹¨Ï¥Î¡A¤£¥iª½±µ§]ªA¡I,,Onbrez Capsule is administered only with Breezhaler¡A must not be swallowed!,,,,,¤@¯ë,¤@¯ë,Onbrez½¦Ån¥u¯à·f°t§l¤J¾¹¨Ï¥Î¡A¤£¥iª½±µ§]ªA¡I,,,0,0,§_,30.0,,§_,¬O,§_,³æ¤è,§_,¥i¥Î,¥i¥Î,¤£¥i¿i,¬O,,1.00,1.00,1.00,1.00,30,999,1,1,1.00,1.00,0.10,0.10,,¦³¹Ï¤ù,,0,,0,,R03AC18,,,,,,,,,BOX,,°·«Oµ¹¥I,°·«Oµ¹¥I,INDACATEROL,R03AC18,BC25282443,§_,GasSolidSpray,INHLPWD,,,,,,,,,PH047,202303141649,832.00,998.00
EONMD,19960101,99999999,¥i¥Î,ONSD 0.01% 10mL,ONSD 0.01% 10mL,Neostigmine Methylsulfate,OU,TID,TOPH,OP-08-00,¥~¥Î,ºw,ONMD,«D²Õ®M,,,¤@¯ë¥i¥Î,¬O,¥i¥ÎÃÄ¥]¾÷,¥i¥Î,¤@¯ë,Á`¶q¶i¦ì,¾AÀ³¯g:¸Ñ°£²´·ú¯h³Ò,,Indication:Relief of fatigue of ocular muscle.,,¥~ Æ[:¥Õ¦â¥~´ß¡A ÂÅ¦â»\¤l¡A ºñ¦â¶K¯È,Appearance:10mL eye drop bottle,¼È®É©Ê¨ë¿E,Transient stinging,,¬Ò¥i¥Î,²¸»Ä¥Òà­·s´µ¨f©ú,ONSD 0.01% 10mL,,,§_,¬O,,½Ð¸m©ó«Äµ£µLªk¨ú±o¤§³B,,Keep medicine out of reach of children.,,À¹¦³Áô§Î²´ÃèªÌ¡AÀ³©óÂI²´15¤ÀÄÁ«á¦A°tÀ¹¡C,,104-3 ÃÄ©e·|³q¹L¶iÃÄ,¤@¯ë,¤@¯ë,Äµ »y:½Ð¸m©ó«Äµ£µLªk¨ú±o¤§³B,,,,,§_,200.0,,§_,¬O,§_,³æ¤è,§_,¥i¥Î,¥i¥Î,¤£¥i¿i,¬O,,1.00,1.00,2.00,2.00,999,999,7,1,16.00,16.00,0,0,,¦³¹Ï¤ù,,0,,0,,S01EB06,,,,,,,,,BOT,§_,°·«Oµ¹¥I,°·«Oµ¹¥I,NEOSTIGMINE,S01EB06,AC29343429,§_,AdministrableDrugForm,OPDROP,,,,,,,,,PH047,202403030842,12.50,16.00
EOPI,20210712,99999999,°±¥Î,Opiodur Patch 12mcg/h,Opiodur Patch 12mcg/h,Fentanyl,EXT,Q3D,CNEU,CN-01-01,¥~¥Î,¤ù,Durogesic,«D²Õ®M,°±¥Î,,¤@¯ë¥i¥Î,¬O,¥i¥ÎÃÄ¥]¾÷,¥i¥Î,¤@¯ë,Á`¶q¶i¦ì,¾AÀ³¯g:¥Î©óºC©Ê¯kµh©M¹x©T©Ê¯kµhªº³Â¾K©Ê¤îµh¾¯,,Indication:Narcotic analgesics for chronic/intractable pain,,¥~ Æ[: ¾Tºä¥~¥]¡A ¨C¥]1¤ù,Appearance:Each pouch contains one patch,¤ß·i®}½w¡A ¤ô¸~¡A ¤¤¼Ï¯«¸g§í¨î¡A §x´b¡A ·w¯t¡A ©ü©ü±ýºÎ,Bradycardia¡A edema¡A CNS depression¡A confusion¡A dizziness¡Adrowsiness,,¥u¥Î©óªù¶E¤Î¦í°|STAT,¼Ú¥²¼w¬ï¥Ö¶K¤ù¾¯12·L¤½§J/¤p®É,Opiodur Patch 12mcg/h,,,¬O,¬O,,½Ð¿í·ÓÂå®v«ü¥Ü¥ÎÃÄ¡A ¤Å¦Û¦æ§ó§ï¥Î¶q©Î®É¶¡¡A¨Ï¥Î«e¤~±N¶K¤ù¥~³z©ú½¦½¤¼¹±¼,(ÃÄ«~¶K¤ù¦b¨â¼h½¦½¤¤¤¶¡) ¶K¤ù½Ð¶K¦bµL¤ò¾v¥Íªøªº¥Ö½§,Follow doctor's advice. Do not change your dose or schedule.,Put the patch on the place where there is no hair.,·sªº¶K¤ù½Ð§ó´«¨Ï¥Î°Ï°ì¡A¤Å¦P¤@°Ï°ì³sÄò¨Ï¥Î,Do not apply the new patch to the same place as the last one.,2021/07 ºÞºÞ§½§ó´«¼tµP,¤@¯ë,¤G¯ÅºÞ¨î,½Ð¿íÂå®v«ü¥Ü¡A ¤Å¦Û¦æ§ó§ï¾¯¶q©Î¥ÎÃÄ®É¶¡.¶K¤ù½Ð¶K¦bµL¤ò¾v¥Íªøªº¥Ö½§,Äµ °ªÄµ°T,,0,0,§_,1.0,,¬O,¬O,§_,³æ¤è,§_,°±¥Î,°±¥Î,¤£¥i¿i,§_,,1.00,1.00,6.00,6.00,15,15,1,1,6.00,6.00,0,0,,¦³¹Ï¤ù,,0,,0,,N02AB03,,,,,0,,0,,¤ù,§_,°·«Oµ¹¥I,°·«Oµ¹¥I,FENTANYL,N02AB03,BC276563B9,§_,SolidDrugForm,TPATCH,,,0,,0,,,,PH006,202307281131,188.00,226.00
EOTO,19960101,99999999,°±¥Î,Otozambon ear drops 8mL,Otozambon ear drops 8mL,Polymyxin B + Neomycin + Lidocaine.,AU,,TENT,EN-01-00,¥~¥Î,ºw,Otozambon,«D²Õ®M,°±¥Î¡A¥i¬dÃþ¦üÃÄ,,¤@¯ë¥i¥Î,¬O,¤£¥i¥ÎÃÄ¥]¾÷,,¤@¯ë,Á`¶q¶i¦ì,¾AÀ³¯g:²Óµß©Ê¦Õ³¡·P¬V¤Î¦Õ³¡¥~Å¥¹Dµoª¢,,Indication:Ear infections.,,¥~ Æ[:²`¦â8ml¬Á¼þ²~¡A¥Õ¦â»\¤l,,,,,¥u¥Î©óªù¶E¤Î¦í°|STAT,¦Õ¦hÃÙ¨¹ ÂI¦Õ²G¾¯,Otozambon ear drops 8mL,,,§_,¬O,,,,,,,,,¤@¯ë,¤@¯ë,Äµ »y: ¥»«~¬°¥~¥ÎÃÄ«~¡A½Ð§½³¡¨Ï¥Î¡A¤Å±µÄ²²´·ú©Î»~ªA¡C,,,,,§_,160.0,,§_,§_,§_,³æ¤è,§_,¥i¥Î,¥i¥Î,¤£¥i¿i,§_,,3.00,3.00,6.00,6.00,999,999,7,1,24.00,24.00,0,0,,¦³¹Ï¤ù,,0,,0,,S02AA30,,,,,,,,,BOT,§_,°·«Oµ¹¥I,°·«Oµ¹¥I,LIDOCAINE 40MG/ML + NEOMYCIN 5MG/ML + POLYMYXIN 10KIU/ML,S02AA30,B023964453,§_,AdministrableDrugForm,OTDROP,,,,,,,,,PH047,202303141649,113.00,136.00
EOVEC,19960101,99999999,°±¥Î,Ovestin cream 0.1%¡A 15gm,Ovestin cream 0.1%¡A 15gm,Estriol,VAG,,SGU,UR-01-00,¥~¥Î,¾A¶q,Ovestin cream,«D²Õ®M,¼t°Ó¯Ê³f,,¤w°±¥Î,¬O,¤£¥i¥ÎÃÄ¥]¾÷,°·«O¤£µ¹¥I,¤@¯ë,Á`¶q¶i¦ì,¾AÀ³¯g:µäÁY©Ê³±¹Dª¢¤Î¬ÛÃö¯gª¬,,,,,,,,,¥u¥Î©óªù¶E¤Î¦í°|STAT,¼Ú¾A¹F³n»I,Ovestin cream 0.1%¡A 15gm,,,§_,¬O,,,,,,,,,¤@¯ë,¤@¯ë,Äµ »y:¬°³±¹D³n»I¡A§½³¡¨Ï¥Î,,,,,§_,99.0,,§_,§_,§_,³æ¤è,§_,¥i¥Î,¥i¥Î,¤£¥i¿i,§_,,1.00,1.00,999.00,999.00,999,999,30,1,0,0,0,0,,µL¹Ï¤ù,,0,,0,,,,,,,,,,,TUB,§_,¤£µ¹¥I¶·¦Û¥I,¤£µ¹¥I¶·¦Û¥I,,,,§_,LiquidLiquidEmulsion,VAGCRM,,,,,,,,,PH047,202303141649,0,337.00
EPAN,19960101,99999999,°±¥Î,Panoxyl 5 acne gel,Panoxyl 5 acne gel,Benzoyl Peroxide,EXT,,TDER,DE-07-00,¥~¥Î,¾A¶q,,«D²Õ®M,°±¥Î¡A¥i¬dÃþ¦üÃÄ,,¤@¯ë¥i¥Î,¬O,¤£¥i¥ÎÃÄ¥]¾÷,,¤@¯ë,Á`¶q¶i¦ì,¾AÀ³¯g:«C¬Kµk,,,,,,,,,,,Panoxyl 5 acne gel,,,§_,¬O,,,,,,,,,¤@¯ë,¤@¯ë,Äµ »y:¬°³±¹D³n»I¡A§½³¡¨Ï¥Î,,,,,§_,99.0,,§_,§_,§_,³æ¤è,§_,¥i¥Î,¥i¥Î,¤£¥i¿i,¬O,,1.00,1.00,999.00,999.00,999,999,7,1,0,0,0,0,,µL¹Ï¤ù,,0,,0,,,,,,,,,,,TUB,§_,°·«Oµ¹¥I,°·«Oµ¹¥I,BENZOYL PEROXIDE,D10AE01,B017814323,§_,LiquidSolidSuspension,TOPGEL,,,,,,,,,PH047,202303141649,74.00,89.00
EPAR,20030623,99999999,¥i¥Î,Parmason gargle 0.2%¡A 200mL,Parmason gargle 0.2%¡A 200mL,Chlorhexidine gluconate,GAR,,TENT,EN-03-00,¥~¥Î,ML,Parmason,«D²Õ®M,,,¤@¯ë¥i¥Î,¬O,¥i¥ÎÃÄ¥]¾÷,°·«O¤£µ¹¥I,¤@¯ë,Á`¶q¶i¦ì,¾AÀ³¯g:¤fµÄ©Î«|³ïµoª¢,,Indication:Cleansing & disinfection of mouth infections.,,¥~ Æ[:³z©ú¥~²~¡Aºñ¦â200mL²GÅé¡A ¥Õ¦â»\¤l,Appearance:200mL bottle¡A green liquid¡A white cap,¨ýÄ±§ïÅÜ¡A ¤úµ²¥Û¡A ¤ú¾¦©Î¤fµÄµ¥¬V¦â,Change in taste; increase in tartar (calculus) on teeth; staining of teeth¡A mout,,¬Ò¥i¥Î,Ä_°¨¥Íº¤¤f¤ô,Parmason gargle 0.2%¡A 200mL,,,§_,¬O,,§tº¤¥ÎÃÄ¡A ½Ð¤Å§]ªA,,For gargling only¡A not to be consumed.,,,,,¤@¯ë,¤@¯ë,Äµ »y:§tº¤¥ÎÃÄ¡A ½Ð¤Å§]ªA,,,,,§_,200.0,,§_,¬O,§_,³æ¤è,§_,°±¥Î,°±¥Î,¤£¥i¿i,¬O,,10.00,10.00,20.00,20.00,99,99,7,1,120.00,120.00,0,0,0,¦³¹Ï¤ù,,0,,0,,A01AB03,,,,,,,,,BOT,,¤£µ¹¥I¶·¦Û¥I,¤£µ¹¥I¶·¦Û¥I,,,,§_,Liquid,RINSE,,,,,,,,,PH022,202312221659,0,71.00
EPAT,20071224,99999999,¥i¥Î,Patear eye lotion 10mL,Patear eye lotion 10mL,NaCl + KCl + Boric Acid,OU,,TOPH,OP-07-00,¥~¥Î,ºw,Patear eye lotion,«D²Õ®M,,,¤@¯ë¥i¥Î,¬O,¤£¥i¥ÎÃÄ¥]¾÷,±ø¥ó¤Uµ¹¥I,¤@¯ë,Á`¶q¶i¦ì,¾AÀ³¯g: ²´·ú°®Àß¡B¬~²´¾¯¡C,,Indication: Mild to moderate dry eyes.,,¥~ Æ[:10²@¤É¥Õ¦â¶ì½¦ÂI²´²~,Appearance: 10ml white plastic dropper bottle.,°¸¦³²´·ú¬õ¸~¡B¨`¼ö¡B¨ëµh·P¡C,Occasional eye redness¡A swelling¡A burning¡A and stinging sensation.,,¥u¥Î©óªù¶E¤Î¦í°|STAT,¬£ºw¨àÂI²´²G,Patear eye lotion 10mL,,,§_,¬O,,­Y²´·ú«ùÄòµo¬õ¡B¨ëµh©Î³sÄò¨Ï¥Î¤T¤Ñ¯gª¬¥¼§ïµ½¡A½Ð¥ß§Y°±¥Î¨Ã¦^¶E¡C,¶}²~28¤Ñ«á©Î¶W¹L«O¦s´Á­­¡A½Ð¤ÅÄ~Äò¨Ï¥Î¡C,If no improvement in three days or any discomfort¡A stop and consult a doctor.,Do not use after 28 days of opening or beyond the expiration date.,³Æµù¡G­Y¦P®É¨Ï¥Î¨âºØ²´ÃÄ¤ô¡A½Ð¶¡¹j5¤ÀÄÁ¡C­YµLÂå®v«ü¥Ü¡A«hµL¥ý«á¶¶§Ç¡C,If using two eye drops together¡A please wait 5 minutes between applications.,202312 EATL¯Ê³f´À¥N,¤@¯ë,¤@¯ë,Äµ »y:­Y²´·ú«ùÄòµo¬õ¡B¨ëµh©Î³sÄò¨Ï¥Î¤T¤Ñ¯gª¬¥¼§ïµ½¡A½Ð¥ß§Y°±¥Î¨Ã¦^¶E¡C,,,,,§_,200.0,,§_,¬O,§_,½Æ¤è,§_,¥i¥Î,¥i¥Î,¤£¥i¿i,¬O,,1.00,1.00,3.00,3.00,99,99,1,1,18.00,18.00,0,0,,¦³¹Ï¤ù,,0,,0,,S01XA03,,,,,,,,,BOT,,°·«Oµ¹¥I,°·«Oµ¹¥I,SODIUM PHOSPHATE MONOBASIC (=MONOSODIUM PHOSPHATE) 0.4MG/ML+POTASSIUM CHLORIDE 1.4MG/ML+SODIUM BORATE DECAHYDRATE (=BORAX) 1MG/ML+SODIUM CHLORIDE 3.2MG/ML+BORIC ACID 9MG/ML+BENZALKONIUM CHLORIDE 0.1MG/ML,S01XA03,A022473429,§_,AdministrableDrugForm,OPDROP,,,,,,,,,PH047,202312151124,28.00,36.00
EPEDO,20210429,99999999,¥i¥Î,Periocure 10mg/0.5gm/syringe dental ointment,Periocure 10mg/0.5gm/syringe dental ointment,Minocycline,LI,ASORDER,TENT,DE-02-00,¥~¥Î,TUB,,«D²Õ®M,°±¥Î,,¤@¯ë¥i¥Î,¬O,¤£¥i¥ÎÃÄ¥]¾÷,°·«O¤£µ¹¥I,¤£¦LÃÄÅÒ,Á`¶q¶i¦ì,¾AÀ³¯g:ºC©ÊÃä½t©Ê¤ú©Pª¢¤§»²§UÀøªk¡C,,Indication:Ttreatment of swelling around the teeth.,,¥~ Æ[: 0.5 g ¶ñ¥R°wµ©,Appearance:1 single-dose prefilled-syringe,¬õ¯l¡A¤ú¾¦¯kµh,rash¡A dental pain,,¬Ò¥i¥Î,«O¾¦©T¤ú¬ì¥Î³n»I,Periocure 10mg/0.5gm/syringe,,,,¬O,,¹ï¥|ÀôÃþ§Ü¥Í¯À¹L±ÓªÌ¸T¥Î,,Contraindications:Known hypersensitivity to minocycline¡A tetracyclines,,¥»ÃÄ¶È¨Ñ¤ú¬ìªvÀø¨Ï¥Î,Only for dental treatment.,[Rx_o]¤ú¬ì¥ÎÃÄ³B¤è¶°»ÝÅã¥Ü.2021.04[EPERI]¯Ê³f´À¥N,¤@¯ë,¤@¯ë,¹ï¥|ÀôÃþ§Ü¥Í¯À¹L±ÓªÌ¸T¥Î,,,0,0,§_,1.0,,§_,¬O,§_,³æ¤è,,°±¥Î,°±¥Î,¤£¥i¿i,¬O,,1.00,1.00,1.00,1.00,99,99,1,1,1.00,1.00,0,0,,¦³¹Ï¤ù,,0,,0,,A01AB23,,,,,0,,0,,TUB,§_,¤£µ¹¥I¶·¦Û¥I,¤£µ¹¥I¶·¦Û¥I,,,,§_,LiquidLiquidEmulsion,TOPOINT,,,0,,0,,,,PH034,202211221456,0,444.00
EPEN,20030403,99999999,°±¥Î,NovoPen 3,NovoPen 3,NovoPen,,AS,ZOTH,MEDD,½Ã§÷,EA,,«D²Õ®M,°±¥Î,ENOV4,¤@¯ë¥i¥Î,¬O,¤£¥i¥ÎÃÄ¥]¾÷,,¤@¯ë,Á`¶q¶i¦ì,,,,,,,,,,¥u¥Î©óªù¶E¤Î¦í°|STAT,,NovoPen 3,,,§_,¬O,,,,,,,,,¤@¯ë,¤@¯ë,Äµ »y:½Ð¸m©ó«Äµ£µLªk¨ú±o¤§³B,,,,,§_,1.0,,§_,§_,¬O,³æ¤è,§_,°±¥Î,¥i¥Î,¤£¥i¿i,§_,,1.00,1.00,1.00,1.00,1,1,1,1,0,0,0,0,,µL¹Ï¤ù,,0,,0,,,,,,,,,,,EA,,¤£µ¹¥I¶·¦Û¥I,¤£µ¹¥I¶·¦Û¥I,,,NBS020060NNN,§_,AdministrableDrugForm,APPFUL,,,,,,,,,PH047,202303141650,0,1305.00
EPER,20100628,99999999,°±¥Î,Performa test strips¡A 50strips(Ã¹¤ó),Accu-Chek Performa test strips¡A 50strips,Test Strips,,ASORDER,ZOTH,MEDD,½Ã§÷,¤ù,Ã¹¤óÀu³Ó¦å¿}¸Õ¯È,«D²Õ®M,°±¥Î,EACG,¤@¯ë¥i¥Î,§_,¥i¥ÎÃÄ¥]¾÷,±ø¥ó¤Uµ¹¥I,¤@¯ë,Á`¶q¶i¦ì,¥Î³~:·f°tÃ¹¤ó¦å¿}¾÷¨Ï¥Îªº¸Õ¯È,,Indication: Accu-Chek Performa system Test Strips,,,,,,,¥u¥Î©óªù¶E,Ã¹¤óÀu³Ó¦å¿}¸Õ¯È,Accu-Chek Performa test stri,,,§_,¬O,,,,,,,,,,¤@¯ë,,,,,,§_,50.0,,§_,§_,§_,³æ¤è,§_,°±¥Î,¥i¥Î,¤£¥i¿i,§_,,1.00,1.00,2.00,2.00,90,30,1,1,4.00,4.00,0,0,,¦³¹Ï¤ù,,0,,0,,,,,,,,,,,¤ù,,°·«Oµ¹¥I,°·«Oµ¹¥I,,,TSS01000061R,§_,AdministrableDrugForm,APPFUL,,,,,,,,,PH047,202303141650,8.51,30.00
EPER2,20111128,99999999,°±¥Î,Periofeel Dental oint 2%,Periofeel Dental oint 2%,Minocycline,,,TENT,DE-02-00,¥~¥Î,TUB,Periofeel,«D²Õ®M,°±¥Î,,¤@¯ë¥i¥Î,¬O,¤£¥i¥ÎÃÄ¥]¾÷,¥i¥Î,¤£¦LÃÄÅÒ,Á`¶q¶i¦ì,,,,,,,,,,¬Ò¥i¥Î,­¿¤O¤f¹ç¤ú¬ì¥Î³n»I,Periofeel Dental oint 2%,,,§_,¬O,,,,,,,,2014¦~²Ä¤G¦¸ÃÄ©e·|¨MÄ³§R°£,¤@¯ë,¤@¯ë,,,,0,0,§_,1.0,,§_,§_,§_,³æ¤è,§_,°±¥Î,¥i¥Î,¤£¥i¿i,¬O,,1.00,1.00,9.00,9.00,99,99,1,1,99.00,99.00,0,0,,µL¹Ï¤ù,,0,,0,,,,,,,,,,,TUB,,¤£µ¹¥I¶·¦Û¥I,¤£µ¹¥I¶·¦Û¥I,,,,§_,LiquidLiquidEmulsion,TOPOINT,,,,,,,,,PH047,202303141650,0,600.00
EPERI,20140616,99999999,°±¥Î,Periocline periodontal oint 10mg/0.5g/syringe,Periocline periodontal oint 10mg/0.5g/syringe,Minocycline,,,TENT,DE-02-00,¥~¥Î,TUB,Periofeel,«D²Õ®M,°±¥Î,,¤@¯ë¥i¥Î,¬O,¥i¥ÎÃÄ¥]¾÷,°·«O¤£µ¹¥I,¤£¦LÃÄÅÒ,Á`¶q¶i¦ì,¾AÀ³¯g:ºC©ÊÃä½t©Ê¤ú©Pª¢¤§»²§UÀøªk¡C,,Indication:Ttreatment of swelling around the teeth.,,¥~ Æ[: 0.5 g ¶ñ¥R°wµ©,Appearance:1 single-dose prefilled-syringe,¬õ¯l¡A¤ú¾¦¯kµh,rash¡A dental pain,,¬Ò¥i¥Î,¦Ê§Q¤fÆF ¤ú¬ì¥Î³n»I,Periocline periodontal ointment,,,,¬O,,¹ï¥|ÀôÃþ§Ü¥Í¯À¹L±ÓªÌ¸T¥Î,,Contraindications:Known hypersensitivity to minocycline¡A tetracyclines,,,,103¦~²Ä¤G¦¸ÃÄ©e¶iÃÄ,¤@¯ë,¤@¯ë,Äµ »y:«Äµ£¡B¥¥°ü¤Î±Â¨Å°üÀ³Á×§K¨Ï¥Î¥»«~,,,0,0,§_,1.0,,§_,§_,§_,³æ¤è,§_,°±¥Î,¥i¥Î,¤£¥i¿i,¬O,,1.00,1.00,1.00,1.00,99,99,1,1,1.00,1.00,0,0,,¦³¹Ï¤ù,,0,,0,,A01AB23,,,,,0,,0,,¤ä,,¤£µ¹¥I¶·¦Û¥I,¤£µ¹¥I¶·¦Û¥I,,,,§_,LiquidLiquidEmulsion,TOPOINT,,,,,,,,,PH047,202303141650,0,600.00
EPIL1,20070101,99999999,°±¥Î,Pilocarpine oph soln 1%¡A 15mL,Pilocarpine oph soln 1%¡A 15mL,Pilocarpine,OU,,TOPH,OP-05-02,¥~¥Î,ºw,Pilocarpine,«D²Õ®M,°±¥Î,,¤@¯ë¥i¥Î,¬O,¤£¥i¥ÎÃÄ¥]¾÷,¥i¥Î,¤@¯ë,Á`¶q¶i¦ì,¾AÀ³¯g: ­°§C²´À£,,Indication:Lowering of ocular pressure,,¥~ Æ[:¥Õ¦â¥~²~»\¤l¡A¶À¦â±ø¯¾,,¾_Å¸¡B¸¡Âm¡B©I§l§xÃø¡B¬y²C,Tremor¡A diarrhea¡A dyspnea¡A salivation,,¬Ò¥i¥Î,ªå­»²´ÃÄ¤ô 1%,Pilocarpine oph soln 1%¡A 15m,,,§_,¬O,,­Y¦³®ð³Ý©ÎµjÅË©Ê®ðºÞª¢®É¡AÀ³¤p¤ß¨Ï¥Î¥»ÃÄ,,Should not use this medicine if patient has asthma that is not well-controlled.,,,,,¤@¯ë,¤@¯ë,Äµ »y:­Y¦³®ð³Ý©ÎµjÅË©Ê®ðºÞª¢®É¡AÀ³¤p¤ß¨Ï¥Î¥»ÃÄ,,,,,§_,99.0,,§_,§_,§_,³æ¤è,§_,°±¥Î,¥i¥Î,¤£¥i¿i,¬O,,1.00,1.00,1.00,1.00,60,30,30,1,0,0,0,0,,¦³¹Ï¤ù,,0,,0,,,,,,,,,,,BOT,,°·«Oµ¹¥I,°·«Oµ¹¥I,PILOCARPINE,S01EB01,A032284435,§_,AdministrableDrugForm,OPDROP,,,,,,,,,PH047,202303141650,62.00,74.00
EPIL2,20070101,99999999,°±¥Î,PILOCARPINE 2% oph soln 15mL,PILOCARPINE 2% oph soln 15mL,Pilocarpine,OU,,TOPH,OP-05-02,¥~¥Î,ºw,Pilocarpine,«D²Õ®M,°±¥Î,,¤@¯ë¥i¥Î,¬O,¤£¥i¥ÎÃÄ¥]¾÷,°·«O¤£µ¹¥I,¤@¯ë,Á`¶q¶i¦ì,¾AÀ³¯g:­°§C²´À£,,Indication:Lowering of ocular pressure,,¥~ Æ[:¥Õ¦â¥~²~»\¤l¡A ¾ï¦â±ø¯¾,Appearance:15mL white eye drop bottle,¾_Å¸¡A ¸¡Âm¡A ©I§l§xÃø¡A ¬y²C,Tremor¡A diarrhea¡A dyspnea¡A salivation,,¬Ò¥i¥Î,ªå­»²´ÃÄ¤ô 2%,PILOCARPINE 2% oph soln 15m,,,§_,¬O,,­Y¦³®ð³Ý©ÎµjÅË©Ê®ðºÞª¢®É¡A À³¤p¤ß¨Ï¥Î¥»ÃÄ,,Should not use this medicine if patient has asthma that is not well-controlled.,,,,,¤@¯ë,¤@¯ë,Äµ »y:­Y¦³®ð³Ý©ÎµjÅË©Ê®ðºÞª¢®É¡AÀ³¤p¤ß¨Ï¥Î¥»ÃÄ,,,,,§_,99.0,,¬O,§_,§_,³æ¤è,§_,°±¥Î,¥i¥Î,¤£¥i¿i,¬O,,1.00,1.00,1.00,1.00,60,30,30,1,12.00,12.00,0,0,,¦³¹Ï¤ù,,0,,0,,S01EB01,,,,,,,,,BOT,,¤£µ¹¥I¶·¦Û¥I,¤£µ¹¥I¶·¦Û¥I,,,,§_,AdministrableDrugForm,OPDROP,,,,,,,,,PH047,202303141650,0,96.00
EPMT,20180416,99999999,°±¥Î,Permethrin cream 5%¡A 30gm (±M®×¶i¤f),Permethrin cream 5%¡A 30gm (±M®×¶i¤f),Permethrin,EXT,HS,TDER,DE-03-00,¥~¥Î,¾A¶q,Elimite,«D²Õ®M,¼t°Ó¯Ê³f,,±M®×¶i¤fÃÄ«~,¬O,¥i¥ÎÃÄ¥]¾÷,±ø¥ó¤Uµ¹¥I,¤@¯ë,Á`¶q¶i¦ì,¾AÀ³¯g:ªvÀø¬Î½H·P¬V,,Indication:Treatment of scabies,,¥~ Æ[:¥Õ¦â30gm³nºÞ,Appearance:Aluminium tube with polypropylene cap.,¥Ö½§¤£¾A¡A¿N¨`·P¡A¨ëµh·P,Skin irritation¡A burning sensation.,,¬Ò¥i¥Î,µL (±M®×¶i¤f),Permethrin cream 30 gm(±M®×¶i¤f),,,,¬O,,ÃÄ«~¶î©Ù©ó±w³¡8~14¤p®É«á¡A¦A¬~²b,,Wash off the cream after 8-14 hours by showering or taking a bath.,,¬°¥~¥ÎÃÄ«~¡A ½Ð§½³¡¨Ï¥Î¡A ¤Å±µÄ²²´·ú©Î»~ªA,For external use. Avoid contact with the eyes or oral consumption.,2018.04 Lyclear Cream 5%¡A 30gm (±M®×¶i¤f) ¯Ê³f´À¥N,¤@¯ë,¤@¯ë,Äµ »y: ¥»«~¬°¥~¥ÎÃÄ«~¡A½Ð§½³¡¨Ï¥Î¡A¤Å±µÄ²²´·ú©Î»~ªA¡C,,,0,0,§_,99.0,,¬O,¬O,§_,³æ¤è,§_,°±¥Î,°±¥Î,¤£¥i¿i,§_,,1.00,1.00,9.00,9.00,999,999,7,1,99.00,99.00,0,0,,¦³¹Ï¤ù,,0,,0,,P03AC04,,,,,0,,0,,TUB,§_,°·«Oµ¹¥I,°·«Oµ¹¥I,PERMETHRIN,P03AC04,X000162343,§_,LiquidLiquidEmulsion,TOPCRM,,,0,,0,,,,PH006,202307281133,341.00,409.00
EPOD,19960101,99999999,°±¥Î,Podophylline extract,Podophylline extract,Podophylline,EXT,,TDER,DE-11-00,¥~¥Î,ML,Podophylline,«D²Õ®M,°±¥Î¡A¥i¬dÃþ¦üÃÄ,,¤@¯ë¥i¥Î,¬O,¤£¥i¥ÎÃÄ¥]¾÷,,¤£¦LÃÄÅÒ,Á`¶q¶i¦ì,¾AÀ³¯g:§½³¡»G»k¾¯,,,,,,,,,¥u¥Î©óªù¶E¤Î¦í°|STAT,,Podophylline extract,,,§_,¬O,,,,,,,,,¤@¯ë,¤@¯ë,,,,,,§_,1.0,,§_,§_,§_,³æ¤è,§_,¥i¥Î,¥i¥Î,¤£¥i¿i,§_,,1.00,1.00,999.00,999.00,999,999,1,1,0,0,0,0,,µL¹Ï¤ù,,0,,0,,,,,,,,,,,CC,§_,¤£µ¹¥I¶·¦Û¥I,¤£µ¹¥I¶·¦Û¥I,,,,§_,Liquid,TOPSOL,,,,,,,,,PH047,202303141650,0,100.00
EPOL,19960101,99999999,°±¥Î,Polytar liquid 1% 150mL,Polytar liquid 1% 150mL,Tar + Cade Oil + Coal Tar Soln,SHA,TIW,TDER,DE-09-00,¥~¥Î,¾A¶q,Polytar,«D²Õ®M,°±¥Î¡A¥i¬dÃþ¦üÃÄ,,¤@¯ë¥i¥Î,¬O,¤£¥i¥ÎÃÄ¥]¾÷,,¤@¯ë,Á`¶q¶i¦ì,¾AÀ³¯g:ÀY¥ÖÄo¡A ÀY¥Ö®h¡A Àã¯l¡A °®Å~µ¥¯gª¬,,Indication:Seborrhea¡A psoriasis¡A dandruff & itching scalp.,,¥~ Æ[:²`©@°Ø¦â¥~²~¡A ¥Õ¦â»\¤l,Appearance:Dark brown bottle¡A white cap,»´·Lªº¨ë¿E¡A ¤òÅnª¢,Stinging(mild)¡A folliculitis,,¥u¥Î©óªù¶E¤Î¦í°|STAT,«OÄR®R²G,Polytar liquid 1% 150mL,,,§_,¬O,,¬°¥~¥ÎÃÄ«~¡A ½Ð§½³¡¨Ï¥Î¡A ¤Å±µÄ²²´·ú©Î»~ªA,,For external use. Avoid contact with the eyes or oral consumption.,,,,,¤@¯ë,¤@¯ë,Äµ »y: ¥»«~¬°¥~¥ÎÃÄ«~¡A½Ð§½³¡¨Ï¥Î¡A¤Å±µÄ²²´·ú©Î»~ªA¡C,,,,,§_,99.0,,§_,§_,§_,½Æ¤è,§_,°±¥Î,¥i¥Î,¤£¥i¿i,§_,,1.00,1.00,9.00,9.00,999,999,14,1,99.00,99.00,0,0,,¦³¹Ï¤ù,,0,,0,,A07BA01,D05AA,,,,,,,,BOT,§_,°·«Oµ¹¥I,°·«Oµ¹¥I,ARACHIS OIL 3MG/ML + COAL TAR 1MG/ML + JUNIPER TAR 3MG/ML,D05AA,B018134361,§_,Liquid,SHMP,,,,,,,,,PH047,202303141650,165.00,198.00
EPOL0,20120830,99999999,°±¥Î,Polytar Liquid 1% 150mL (­­¦Û¶O),Polytar Liquid 1% 150mL (­­¦Û¶O),Tar + Cade Oil + Coal Tar Soln,SHA,TIW,TDER,DE-09-00,¥~¥Î,¾A¶q,,«D²Õ®M,°±¥Î,,¤@¯ë¥i¥Î,¬O,¤£¥i¥ÎÃÄ¥]¾÷,°·«O¤£µ¹¥I,¤@¯ë,Á`¶q¶i¦ì,¾AÀ³¯g:ÀY¥ÖÄo¡A ÀY¥Ö®h¡A Àã¯l¡A °®Å~µ¥¯gª¬,,Indication:Seborrhea¡A psoriasis¡A dandruff & itching scalp.,,¥~ Æ[:²`©@°Ø¦â¥~²~¡A ¥Õ¦â»\¤l,Appearance:Dark brown bottle¡A white cap,»´·Lªº¨ë¿E¡A ¤òÅnª¢,Stinging(mild)¡A folliculitis,,¥u¥Î©óªù¶E¤Î¦í°|STAT,«OÄR®R²G,Polytar Liquid 1% 150mL (­­¦Û¶O,,­­¦Û¶O,§_,¬O,,Äµ »y:¬°¥~¥ÎÃÄ«~¡A ½Ð§½³¡¨Ï¥Î¡A ¤Å±µÄ²²´·ú©Î»~ªA,,For external use. Avoid contact with the eyes or oral consumption.,,,,,¤@¯ë,¤@¯ë,Äµ »y: ¥»«~¬°¥~¥ÎÃÄ«~¡A½Ð§½³¡¨Ï¥Î¡A¤Å±µÄ²²´·ú©Î»~ªA¡C,,,0,0,§_,99.0,,§_,§_,§_,½Æ¤è,§_,°±¥Î,¥i¥Î,¤£¥i¿i,¬O,,1.00,1.00,9.00,9.00,999,999,14,1,99.00,99.00,0,0,,¦³¹Ï¤ù,,0,,0,,D05AA,A07BA01,,,,,,,,BOT,,¤£µ¹¥I¶·¦Û¥I,¤£µ¹¥I¶·¦Û¥I,,,,§_,Liquid,SHMP,,,,,,,,,PH047,202303141650,0,187.00
EPOLI,20210114,99999999,¥i¥Î,Polinin 90mg vaginal suppository,Polinin 90mg vaginal suppository,Policresulen,VAG,Q2D,SGU,UR-01-00,¥~¥Î,SUP,Albotyl,«D²Õ®M,,,¤@¯ë¥i¥Î,¬O,¥i¥ÎÃÄ¥]¾÷,,¤@¯ë,Á`¶q¶i¦ì,¾AÀ³¯g:¥Dªv¤l®cÀVª¢¡A ³±¹Dª¢¡A ¥Õ±aµ¥,,Indication:Local treatment of cervical & vagina inflammatory,,¥~ Æ[:¥Õ¦â¥~¥]¸Ë¡A ¤º³¡¬°¾ï¦â³±¹D¶ë¾¯,Appearance:White packaging¡A orange vag supp,»´·L§½³¡¤£¾A,Mild local discomfort,,¬Ò¥i¥Î,«O²z¹ç³±¹D®ê¾¯,Polinin 90mg vaginal,,,§_,¬O,,³±¹D®ê¾¯¸m©ó25¢J¥H¤UÀx¦s¡A ½Ð¥ý¥h°£¥~¥]¸Ë«á¦A¥Î,,Vaginal suppository¡A store under 25¢XC in a dry place.,,,,,¤@¯ë,¤@¯ë,Äµ »y:³±¹D®ê¾¯¸m©ó25¢J¥H¤UÀx¦s¡A ½Ð¥ý¥h°£¥~¥]¸Ë«á¦A¥Î,,,0,0,§_,1.0,,§_,¬O,§_,³æ¤è,§_,¥i¥Î,°±¥Î,¤£¥i¿i,¬O,,1.00,1.00,1.00,1.00,999,999,6,1,1.00,1.00,0,0,,¦³¹Ï¤ù,,0,,0,,G01AX03,,,,,0,,0,,VT,§_,°·«Oµ¹¥I,°·«Oµ¹¥I,POLICRESULEN,G01AX03,AC55238500,§_,SolidDrugForm,VAGSUPP,,,0,,0,,,,PH006,202207141432,10.70,14.00
EPOP5,20160222,99999999,°±¥Î,Poly-Pred oph susp 5mL,Poly-Pred oph susp 5mL,Polymyxin B + Neomycin + Prednisolone,OU,,TOPH,OP-02-00,¥~¥Î,ºw,Poly-Pred,«D²Õ®M,°±¥Î,,¤@¯ë¥i¥Î,¬O,¤£¥i¥ÎÃÄ¥]¾÷,¥i¥Î,¤@¯ë,Á`¶q¶i¦ì,¾AÀ³¯g:Ãþ©T¾J§½³¡§Üµoª¢»s¾¯º[§Ü·P¬V»s¾¯¡C,,Indication:Ocular inflammation associated with infection,,¥~ Æ[:¥~ Æ[:¥Õ¦â5mL¥~²~¡A ¦³¬õ¦â±ø¯¾,Appearance:5mL eye drop bottle¡A white/red box,«C¥ú²´¡A²´À£¼W°ª,Glaucoma¡A increased intraocular pressure,,¬Ò¥i¥Î,¦Ê¤O¯SÂI²´Äa¯B²G,Poly-Pred oph susp 5mL,,,,¬O,,¨Ï¥Î¥»ÃÄ­Y¥X²{¹L±Ó©Î·P¬Vµ¥¯gª¬¡A ½Ð°±¥Î¨Ã»PÂå®vÁpµ¸,,If allergic reaction or infection occurs¡A stop taking medication,and consult doctor.,³Æµù: ­Y¦P®É¨Ï¥Î¨âºØ²´ÃÄ¤ô¡A ½Ð¶¡¹j5¤ÀÄÁ¡A ­YµLÂå®v«ü¥Ü¡A µL¥ý«á¨Ï¥Î¶¶§Ç,,105.02 Pred Forte oph susp 1% 5mL ¯Ê³f¼È¥N,¤@¯ë,¤@¯ë,Äµ »y:¨Ï¥Î¥»ÃÄ­Y¥X²{¹L±Ó©Î·P¬Vµ¥¯gª¬¡A½Ð°±¥Î¨Ã»PÂå®vÁpµ¸,,,0,0,§_,100.0,,§_,§_,§_,½Æ¤è,§_,°±¥Î,¥i¥Î,¤£¥i¿i,¬O,,1.00,1.00,1.00,1.00,60,30,7,1,99.00,99.00,0,0,,¦³¹Ï¤ù,,0,,0,,S01CA02,S01BA04,S01AA18,S01AA03,,0,,0,,BOT,§_,°·«Oµ¹¥I,°·«Oµ¹¥I,PREDNISOLONE 5MG/ML + NEOMYCIN 5MG/ML + POLYMYXIN 10KIU/ML,S01CA02,BC18646421,,LiquidSolidSuspension,OPSUSP,,,,,,,,,PH047,202303141650,74.00,93.00
EPOS,19960101,99999999,°±¥Î,Posterisan forte oint 10gm,Posterisan forte oint 10gm,Hydrocortisone + Polyvalent Colibacilli,RECT,,ALIM,GI-08-00,¥~¥Î,¾A¶q,Posterisan Forte oint,«D²Õ®M,°±¥Î,EXYL,¤@¯ë¥i¥Î,¬O,¤£¥i¥ÎÃÄ¥]¾÷,,¤@¯ë,Á`¶q¶i¦ì,¾AÀ³¯g:¥Dªvµi½H,,,,,,,,,¥u¥Î©óªù¶E¤Î¦í°|STAT,±j¤O«O¤h¼w²©»I,Posterisan forte oint 10gm,,,§_,¬O,,,,,,,,,¤@¯ë,¤@¯ë,Äµ »y:½Ð¸m©ó«Äµ£µLªk¨ú±o¤§³B,,,,,§_,99.0,,§_,§_,§_,³æ¤è,§_,°±¥Î,¥i¥Î,¤£¥i¿i,§_,,1.00,1.00,999.00,999.00,999,999,7,1,0,0,0,0,,µL¹Ï¤ù,,0,,0,,,,,,,,,,,TUB,§_,°·«Oµ¹¥I,°·«Oµ¹¥I,HYDROCORTISONE 250MG + BACTERIUM COLI 50MIU,C05AA01,B012133329,§_,LiquidLiquidEmulsion,TOPOINT,,,,,,,,,PH047,202303141650,88.00,106.00
EPOSU,20010101,99999999,°±¥Î,Posumin (¥~¥Î),Posumin (External Use),Epinephrine,EXT,,CAVS,CV-01-03,¥~¥Î,ML,Bosmin,«D²Õ®M,°±¥Î,,¤@¯ë¥i¥Î,¬O,¤£¥i¥ÎÃÄ¥]¾÷,¥i¥Î,¤£¦LÃÄÅÒ,Á`¶q¶i¦ì,¾AÀ³¯g:¥[±j¤Î©µªø§½³¡³Â¾K¾¯¤§§@¥Î,,,,¥~ Æ[:²`©@°Ø¦â100c.c¬Á¼þ²~,,,,,¥u¥Î©óªù¶E¤Î¦í°|STAT,,Posumin (External Use),,,§_,¬O,,,,,,,,,¤@¯ë,¤@¯ë,Äµ »y:½Ð¨Ì·Ó«ü¥Ü´Á­­¤º¨Ï¥Î¡A«ØÄ³ÃÄ«~¶}«Ê¤@­Ó¤ë«á¤£À³¦A¥Î,,,,,§_,100.0,,§_,§_,§_,³æ¤è,§_,¥i¥Î,¥i¥Î,¤£¥i¿i,§_,,1.00,1.00,99.00,99.00,999,999,1,1,999.00,999.00,0,0,,¦³¹Ï¤ù,,0,,0,,R01AA14,,,,,,,,,ML,§_,¤£µ¹¥I¶·¦Û¥I,¤£µ¹¥I¶·¦Û¥I,,,,§_,Liquid,TOPSOL,,,,,,,,,PH047,202303141650,0,4.00
EPP,19960101,99999999,°±¥Î,Pot permanganate 1gm,Pot permanganate 1gm,Potassium Permanganate,,,AGENT,,¥~¥Î,¾A¶q,Pot Permanganate,«D²Õ®M,°±¥Î,,¤@¯ë¥i¥Î,¬O,¤£¥i¥ÎÃÄ¥]¾÷,,¤£¦LÃÄÅÒ,Á`¶q¶i¦ì,¾AÀ³¯g:¬°¤Æ¾Ç¸Õ¾¯­ì®Æ,,,,,,,,,¥u¥Î©óªù¶E¤Î¦í°|STAT,,Pot permanganate 1gm,,,§_,¬O,,,,,,,,,¤@¯ë,¤@¯ë,Äµ »y:½Ð¸m©ó«Äµ£µLªk¨ú±o¤§³B,,,,,§_,99.0,,§_,§_,§_,³æ¤è,§_,¥i¥Î,¥i¥Î,¤£¥i¿i,§_,,1.00,1.00,999.00,999.00,999,999,1,1,0,0,0,0,,µL¹Ï¤ù,,0,,0,,,,,,,,,,,GM,§_,¤£µ¹¥I¶·¦Û¥I,¤£µ¹¥I¶·¦Û¥I,,,,§_,SolidDrugForm,POWD,,,,,,,,,PH047,202303141650,0,3.00
EPRE1,20120601,99999999,¥i¥Î,Premarin Vaginal Cream 14gm,Premarin Vaginal Cream 14gm,Conjugated Estrogen,VAG,ASORDER,SGU,UR-01-00,¥~¥Î,¾A¶q,,«D²Õ®M,,,¤@¯ë¥i¥Î,¬O,¥i¥ÎÃÄ¥]¾÷,¥i¥Î,¤@¯ë,Á`¶q¶i¦ì,¾AÀ³¯g:¥DªvµäÁY©Ê³±¹Dª¢¤Î¥~³±µäÁY¯gµ¥,,Indication:Atrophic vaginitis¡A atrophic urethritis.,,¥~ Æ[:¥Õ©³¬õ¦r14gm³nºÞ,Appearance:14gm white tube,­¹¼¤©MÅé­«§ïÅÜ¡A ¥Ö½§´³ÂI¡A ¸g´Á²§±`¡A ¨Å©ÐµÈµh,Appetite and weight changes; skin spots; vaginal bleeding and menstrual change,,¬Ò¥i¥Î,´¶¤O°¨ªL³±¹D¨Å»I,Premarin Vag Cream 14gm,,,§_,¬O,,¬°³±¹D³n»I¡A §½³¡¨Ï¥Î,,Vaginal cream; for external use only. Avoid contact with the eyes or mouth.,,,,,¤@¯ë,¤@¯ë,Äµ »y:¬°³±¹D³n»I¡A§½³¡¨Ï¥Î,,,0,0,§_,99.0,,§_,¬O,§_,³æ¤è,§_,¥i¥Î,¥i¥Î,¤£¥i¿i,¬O,,1.00,1.00,9.00,9.00,999,999,28,28,99.00,99.00,0,0,,¦³¹Ï¤ù,,0,,0,,G03CA57,,,,,,,,,TUB,§_,°·«Oµ¹¥I,°·«Oµ¹¥I,ESTROGEN CONJUGATED,G03CA57,BC19489533,§_,LiquidLiquidEmulsion,VAGCRMAPL,¦M®`¤@¯Å(¡I¡I),,,,,,,,PH022,202312221700,219.00,263.00
EPRE2,20150414,99999999,°±¥Î,Pred Mild 0.12% 5mL oph susp,Pred Mild oph susp 0.12% 5mL,Prednisolone,OU,,TOPH,OP-03-00,¥~¥Î,ºw,Pred Mild,«D²Õ®M,°±¥Î¡A¥i¬dÃþ¦üÃÄ,,¤@¯ë¥i¥Î,¬O,¤£¥i¥ÎÃÄ¥]¾÷,¥i¥Î,¤@¯ë,Á`¶q¶i¦ì,¾AÀ³¯g:²´³¡¹L±Ó©Êµoª¢,,Indication:Eye inflammation.,,¥~ Æ[:¥Õ¦â5mL¥~²~¡A ¦³¯»¬õ¦â±ø¯¾,Appearance:5mL eye drop bottle¡A white/pink box,µø¤O¼Ò½k,Blurred vision,,¬Ò¥i¥Î,­¿±o¬ü²´¥ÎÄa¯B²G,Pred Mild oph susp 0.12% 5mL,,,,,,¨Ï¥Î¥»ÃÄ­Y¥X²{¹L±Ó©Î·P¬Vµ¥¯gª¬¡A ½Ð°±¥Î¨Ã»PÂå®vÁpµ¸,¨Ï¥Î«e½Ð·n¤Ã¡C,If allergic reaction or infection occurs¡A stop taking medication,and consult doctor.,³Æµù: ­Y¦P®É¨Ï¥Î¨âºØ²´ÃÄ¤ô¡A ½Ð¶¡¹j5¤ÀÄÁ¡A ­YµLÂå®v«ü¥Ü¡A µL¥ý«á¨Ï¥Î¶¶§Ç,Shake well before using.,,¤@¯ë,¤@¯ë,Äµ »y:¨Ï¥Î¥»ÃÄ­Y¥X²{¹L±Ó©Î·P¬Vµ¥¯gª¬¡A½Ð°±¥Î¨Ã»PÂå®vÁpµ¸,,,0,0,§_,100.0,,§_,§_,§_,³æ¤è,§_,¥i¥Î,¥i¥Î,¤£¥i¿i,¬O,,1.00,1.00,4.00,4.00,60,30,7,1,24.00,24.00,0,0,,¦³¹Ï¤ù,,0,,0,,S01BA04,,,,,0,,0,,BOT,,°·«Oµ¹¥I,°·«Oµ¹¥I,PREDNISOLONE,S01BA04,BC18666421,§_,LiquidSolidSuspension,OPSUSP,,,,,,,,,PH047,202303141650,36.50,47.00
EPRE4,19960101,99999999,°±¥Î,Premarin vag cream 42.5gm(¤j¾¯¶q),Premarin vag cream 42.5gm,Conjugated Estrogen,VAG,HS,SGU,UR-01-00,¥~¥Î,¾A¶q,Premarin Vag Cream,«D²Õ®M,°±¥Î¡A¥i¬dÃþ¦üÃÄ,,¤@¯ë¥i¥Î,¬O,¤£¥i¥ÎÃÄ¥]¾÷,,¤@¯ë,Á`¶q¶i¦ì,¾AÀ³¯g:¥DªvµäÁY©Ê³±¹Dª¢¤Î¥~³±µäÁY¯gµ¥,,Indication:Atrophic vaginitis¡A atrophic urethritis.,,¥~ Æ[:¥Õ¦â³nºÞ,,­¹¼¤©MÅé­«§ïÅÜ¡A ¥Ö½§´³ÂI¡A ¸g´Á²§±`¡A ¨Å©ÐµÈµh,Appetite and weight changes; skin spots; vaginal bleeding and menstrual change;,,¥u¥Î©óªù¶E¤Î¦í°|STAT,´¶¤O°¨ªL³±¹D¨Å»I,Premarin vag cream 42.5gm,,,§_,¬O,,¬°³±¹D³n»I¡A §½³¡¨Ï¥Î,,Vaginal cream; for external use only. Avoid contact with the eyes or mouth.,,,,,¤@¯ë,¤@¯ë,Äµ »y:¬°³±¹D³n»I¡A§½³¡¨Ï¥Î,,,,,§_,99.0,,§_,§_,§_,³æ¤è,§_,°±¥Î,¥i¥Î,¤£¥i¿i,§_,,1.00,1.00,999.00,999.00,999,999,30,1,0,0,0,0,,µL¹Ï¤ù,,0,,0,,G03CA57,,,,,,,,,TUB,§_,°·«Oµ¹¥I,°·«Oµ¹¥I,ESTROGEN CONJUGATED,G03CA57,B019489547,§_,LiquidLiquidEmulsion,VAGCRMAPL,,,,,,,,,PH047,202303141650,406.00,487.00
EPRED,20070101,99999999,¥i¥Î,Pred Forte 1% 5mL ophthalmic suspension,Pred Forte 1% 5mL ophthalmic suspension,Prednisolone,OU,,TOPH,OP-03-00,¥~¥Î,ºw,Pred Forte,«D²Õ®M,,,¤@¯ë¥i¥Î,¬O,¥i¥ÎÃÄ¥]¾÷,¥i¥Î,¤@¯ë,Á`¶q¶i¦ì,¾AÀ³¯g:²´³¡¹L±Ó©Êµoª¢,,Indication:Eye inflammation.,,¥~ Æ[:¥Õ¦â5mL¥~²~¡A ¦³¬õ¦â±ø¯¾,Appearance:5mL eye drop bottle¡A white/red box,µø¤O¼Ò½k,Blurred vision,,¬Ò¥i¥Î,­¿¤O¯S²´¥ÎÄa¯B²G,Pred Forte 1% 5mL ophthalmic,,,§_,¬O,,­Y¦P®É¨Ï¥Î¨âºØ²´ÃÄ¤ô¡A ½Ð¶¡¹j5¤ÀÄÁ¡A ­YµLÂå®v«ü¥Ü¡A µL¥ý«á¨Ï¥Î¶¶§Ç,¨Ï¥Î«e½Ð·n®Ì§¡¤Ã,If more than 1 topical ophthalmic drug is being used¡A,the drugs should be administered with at least 5 minutes.Shake well before using,¨Ï¥Î¥»ÃÄ­Y¥X²{¹L±Ó©Î·P¬Vµ¥¯gª¬¡A ½Ð°±¥Î¨Ã»PÂå®vÁpµ¸,If allergic reaction or infection occurs¡A stop medication and consult doctor,2022.12 [EECO] ¯Ê³f´À¥N,¤@¯ë,¤@¯ë,³Æµù¡G­Y¦P®É¨Ï¥Î¨âºØ²´ÃÄ¤ô¡A½Ð¶¡¹j5¤ÀÄÁ¡C­YµLÂå®v«ü¥Ü¡A«hµL¥ý«á¶¶§Ç¡C,,,,,§_,99.0,,§_,¬O,§_,³æ¤è,§_,°±¥Î,°±¥Î,¤£¥i¿i,¬O,,1.00,1.00,2.00,2.00,60,30,7,1,99.00,99.00,0,0,,¦³¹Ï¤ù,,0,,0,,S01BA04,,,,,,,,,BOT,,°·«Oµ¹¥I,°·«Oµ¹¥I,PREDNISOLONE,S01BA04,BC18654421,§_,LiquidSolidSuspension,OPSUSP,,,,,,,,,PH034,202212191550,76.00,95.00
EPRO,20020901,99999999,°±¥Î,Protopic 0.03%³n»I¡A10gm,Protopic 0.03% oint¡A10gm,Tacrolimus,EXT,BID,TDER,DE-11-00,¥~¥Î,¾A¶q,Protopic,«D²Õ®M,°±¥Î,,¤w°±¥Î,¬O,¤£¥i¥ÎÃÄ¥]¾÷,±ø¥ó¤Uµ¹¥I,¤@¯ë,Á`¶q¶i¦ì,¾AÀ³¯g:¥Dªv²§¦ì©Ê¥Ö½§ª¢¡BÀã¯l,,Indication:Atopic dermatitis (eczeme),,¥~ Æ[:¥Õ¦â10gm³nºÞ¡A¤¤¶¡¦³²Hºñ¦â±ø¯¾,,,,,¥u¥Î©óªù¶E¤Î¦í°|STAT,0.03%´¶¯S¥Ö³n»I,Protopic 0.03% oint¡A10gm,,,§_,¬O,,,,,,,,,¤@¯ë,¤@¯ë,Äµ »y:¤Å±µÄ²²´¡B¤f¡B»óµÄµ¥ÂH½¤³¡¦ì¡A¨ÃÁ×§K¤éÅÎ,SA «÷­µ¬Û¦ü,,,,§_,99.0,,§_,§_,§_,³æ¤è,§_,°±¥Î,¥i¥Î,¤£¥i¿i,§_,,1.00,1.00,99.00,99.00,99,99,7,1,0,0,0,0,,¦³¹Ï¤ù,,0,,0,,,,,,,,,,,TUB,§_,°·«Oµ¹¥I,°·«Oµ¹¥I,TACROLIMUS,D11AH01,B023345329,§_,LiquidLiquidEmulsion,TOPOINT,,,,,,,,,PH047,202303141651,518.00,622.00
EPRO1,20040201,99999999,°±¥Î,Protopic oint 0.1%¡A10gm,Protopic oint 0.1%¡A10gm,Tacrolimus,EXT,BID,TDER,DE-11-00,¥~¥Î,¾A¶q,,«D²Õ®M,°±¥Î,EPROT,¤w°±¥Î,¬O,¤£¥i¥ÎÃÄ¥]¾÷,±ø¥ó¤Uµ¹¥I,¤@¯ë,Á`¶q¶i¦ì,¾AÀ³¯g:¥Dªv²§¦ì©Ê¥Ö½§ª¢¡BÀã¯l,,Indication:Atopic dermatitis (eczeme),,¥~ Æ[:¥Õ¦â10gm³nºÞ¡A¤¤¶¡¦³²HÂÅ¦â±ø¯¾,,,,,¥u¥Î©óªù¶E¤Î¦í°|STAT,0.1% ´¶¯S¥Ö³n»I,Protopic oint 0.1%¡A10gm,,,§_,¬O,,,,,,,,,¤@¯ë,¤@¯ë,Äµ »y:¤Å±µÄ²²´¡B¤f¡B»óµÄµ¥ÂH½¤³¡¦ì¡A¨ÃÁ×§K¤éÅÎ,,,,,§_,99.0,,§_,§_,§_,³æ¤è,§_,°±¥Î,¥i¥Î,¤£¥i¿i,§_,,1.00,1.00,99.00,99.00,99,99,7,7,0,0,0,0,,¦³¹Ï¤ù,,0,,0,,,,,,,,,,,TUB,,°·«Oµ¹¥I,°·«Oµ¹¥I,TACROLIMUS,D11AH01,B023346329,§_,LiquidLiquidEmulsion,TOPOINT,,,,,,,,,PH047,202303141651,528.00,634.00
EPRO3,20100409,99999999,°±¥Î,Protopic 0.03% oint 5gm,Protopic 0.03% oint 5gm,Tacrolimus,EXT,BID,TDER,DE-11-00,¥~¥Î,¾A¶q,Protopic,«D²Õ®M,°±¥Î¡A¥i¬dÃþ¦üÃÄ,,¤@¯ë¥i¥Î,¬O,¤£¥i¥ÎÃÄ¥]¾÷,±ø¥ó¤Uµ¹¥I,¤@¯ë,Á`¶q¶i¦ì,¾AÀ³¯g:¥Dªv²§¦ì©Ê¥Ö½§ª¢¡A Àã¯l,,Indication:Atopic dermatitis(eczeme),,¥~ Æ[:¥Õ¦â5gm³nºÞ¡A¤¤¶¡¦³¾ï¦â±ø¯¾,Appearance:5gm white/orange tube,¨`¼ö·P¡A ·kÄo¡A Ãþ·P«_¯gª¬¡A ¹L±Ó¤ÏÀ³,Skin burning¡A pruritus¡A flu-like symptoms¡A allergic reaction,,¥u¥Î©óªù¶E¤Î¦í°|STAT,0.03%´¶¯S¥Ö³n»I,Protopic 0.03% oint 5gm,,,§_,¬O,,¤Å±µÄ²²´¡A ¤f¡A »óµÄµ¥ÂH½¤³¡¦ì¡A ¨ÃÁ×§K¤éÅÎ,,Avoid contact with the eyes¡A nose and mouth.,Patient should avoid exposure to sunlight.,³Æµù: Á×§Kªø´Á«ùÄò¨Ï¥Î,Continuous long-term use should be avoided.,,¤@¯ë,¤@¯ë,Äµ »y:¤Å±µÄ²²´¡B¤f¡B»óµÄµ¥ÂH½¤³¡¦ì¡A¨ÃÁ×§K¤éÅÎ,SA «÷­µ¬Û¦ü,,,,§_,99.0,,§_,§_,§_,³æ¤è,§_,°±¥Î,¥i¥Î,¤£¥i¿i,§_,,1.00,1.00,9.00,9.00,99,99,7,1,99.00,99.00,0,0,,¦³¹Ï¤ù,,0,,0,,D11AX14,,,,,,,,,TUB,,°·«Oµ¹¥I,°·«Oµ¹¥I,TACROLIMUS,D11AH01,B023345321,§_,LiquidLiquidEmulsion,TOPOINT,,,,,,,,,PH047,202303141651,246.00,295.00
EPROO,19960101,99999999,°±¥Î,Proctosedyl oint 15gm,Proctosedyl oint 15gm,Hydrocortisone + Cinchocaine,RECT,,ALIM,GI-08-00,¥~¥Î,¾A¶q,Proctosedyl oint,«D²Õ®M,°±¥Î,EAAO,¤@¯ë¥i¥Î,¬O,¤£¥i¥ÎÃÄ¥]¾÷,,¤@¯ë,Á`¶q¶i¦ì,¾AÀ³¯g:¥Dªv²©½H,,,,,,,,,¥u¥Î©óªù¶E¤Î¦í°|STAT,«O²©¹ç³n»I,Proctosedyl oint 15gm,,,§_,¬O,,,,,,,,,¤@¯ë,¤@¯ë,Äµ »y:¤Å±µÄ²²´¡B¤f¡B»óµÄµ¥ÂH½¤³¡¦ì¡A¨ÃÁ×§K¤éÅÎ,,,,,§_,99.0,,§_,§_,§_,³æ¤è,§_,°±¥Î,¥i¥Î,¤£¥i¿i,§_,,1.00,1.00,999.00,999.00,999,999,7,1,0,0,0,0,,µL¹Ï¤ù,,0,,0,,,,,,,,,,,TUB,§_,°·«Oµ¹¥I,°·«Oµ¹¥I,DIBUCAINE 5MG/GM + HYDROCORTISONE 5MG/GM,C05AA01,B022386335,§_,LiquidLiquidEmulsion,RECOINT,,,,,,,,,PH047,202303141651,88.00,106.00
EPROS,20120808,99999999,¥i¥Î,Prostin E2 Vaginal Tablet 3mg,Prostin E2 Vaginal Tablet 3mg,Dinoprostone,VAG,ASORDER,SGU,UR-02-00,¥~¥Î,SUP,PGE2,«D²Õ®M,¼t°Ó¯Ê³f,,¤@¯ë¥i¥Î,¬O,¥i¥ÎÃÄ¥]¾÷,±ø¥ó¤Uµ¹¥I,¤@¯ë,Á`¶q¶i¦ì,¾AÀ³¯g: ¥Î©ó¸g²£°ü©Î¶¶²£°ü¤§¤Þ²£,,Indication:Induction & augmentation of labor near term.,,¥~ Æ[:»È¦â¾Tºä¥]¸Ë¡C¥Õ¦â¿õ¾¯¤@­±¨èUPJOHN 715,Appearance:Silver package. White tablet debossed UPJOHN 715,¸¡Âm¡A äú¤ß¡A ¹Ã¦R¡A ­I³¡¯kµh¡A ÀYµh¡A ¤l®c¤£¥¿±`¦¬ÁY,Diarrhea¡A nausea¡A vomiting¡A backache¡A headache¡A irregular uterine contractions,,¥u¥Î©óªù¶E¤Î¦í°|STAT,´¶¬¥µÎ©w - ¯q¤G«¬³±¹D¿õ,Prostin E2 Vaginal 3mg,,,§_,¬O,,»Ý©ó¦B½c§NÂÃ(2-8¢XC),¸m¤J³±¹D¿õ«á¡A¶·¦Ü¤Ö½öª× 2 ¤p®É¡C,Store in a refrigerator (2-8¢XC).,After the vaginal tablet is put in¡A lie down for 2 hours.,,,,¤@¯ë,¤@¯ë,Äµ »y: »Ý§NÂÃÀx¦s¡A¸m³±¹D«á½Ð½ö 2 ¤p®É¡C,,,0,0,§_,1.0,,¬O,¬O,§_,³æ¤è,§_,°±¥Î,¥i¥Î,¤£¥i¿i,¬O,,1.00,1.00,1.00,1.00,2,2,1,1,2.00,2.00,0,0,0,¦³¹Ï¤ù,,0,,0,,G02AD02,,,,,3.00,mg,0.50,mg,SUP,§_,°·«Oµ¹¥I,°·«Oµ¹¥I,DINOPROSTONE,G02AD02,BC18215500,§_,SolidDrugForm,VAGTAB,¦M®`¤G¯Å(¡I),,,,,,,,PH065,202309270922,307.00,368.00
EPROT,20100409,99999999,°±¥Î,Protopic 0.1% oint 5gm,Protopic 0.1% oint 5gm,Tacrolimus,EXT,BID,TDER,DE-11-00,¥~¥Î,¾A¶q,Protopic,«D²Õ®M,°±¥Î,,¤@¯ë¥i¥Î,¬O,¤£¥i¥ÎÃÄ¥]¾÷,±ø¥ó¤Uµ¹¥I,¤@¯ë,Á`¶q¶i¦ì,¾AÀ³¯g:¥Dªv²§¦ì©Ê¥Ö½§ª¢¡A Àã¯l,,Indication:Atopic dermatitis(eczeme),,¥~ Æ[:¥Õ¦â5gm³nºÞ¡A¥~²°¦³²`ºñ¦â±ø¯¾,Appearance:5gm white/dark green tube,¨`¼ö·P¡A ·kÄo¡A Ãþ·P«_¯gª¬¡A ¹L±Ó¤ÏÀ³,Skin burning¡A pruritus¡A flu-like symptoms¡A allergic reaction,,¬Ò¥i¥Î,0.1% ´¶¯S¥Ö³n»I,Protopic 0.1% oint 5gm,,,§_,¬O,,¤Å±µÄ²²´¡A ¤f¡A »óµÄµ¥ÂH½¤³¡¦ì¡A ¨ÃÁ×§K¤éÅÎ,,Avoid contact with the eyes¡A nose and mouth.,Patient should avoid exposure to sunlight.,³Æµù: Á×§Kªø´Á«ùÄò¨Ï¥Î,Continuous long-term use should be avoided.,2020.09ÃÄ©e·|§R°£,¤@¯ë,¤@¯ë,Äµ »y:¤Å±µÄ²²´¡B¤f¡B»óµÄµ¥ÂH½¤³¡¦ì¡A¨ÃÁ×§K¤éÅÎ,,,,,¬O,99.0,,§_,¬O,§_,³æ¤è,§_,¥i¥Î,¥i¥Î,¤£¥i¿i,§_,,1.00,1.00,9.00,9.00,99,99,7,7,99.00,99.00,0,0,,¦³¹Ï¤ù,,0,,0,,D11AH01,D11AX14,,,,,,,,TUB,,°·«Oµ¹¥I,°·«Oµ¹¥I,TACROLIMUS,D11AH01,BC23346321,§_,LiquidLiquidEmulsion,TOPOINT,¦M®`¤G¯Å(¡I),,,,,,,,PH047,202303141651,208.00,250.00
EPROT1,20200915,99999999,¥i¥Î,Protopic ointment 0.1%¡A10gm,Protopic ointment 0.1%¡A10gm,Tacrolimus,EXT,BID,TDER,DE-11-00,¥~¥Î,¾A¶q,Protopic,«D²Õ®M,,,¤@¯ë¥i¥Î,¬O,¥i¥ÎÃÄ¥]¾÷,±ø¥ó¤Uµ¹¥I,¤@¯ë,Á`¶q¶i¦ì,¾AÀ³¯g:¥Dªv²§¦ì©Ê¥Ö½§ª¢(16·³¥H¤W),,Indication:Atopic dermatitis(16 years old and above),,¥~ Æ[:¥Õ¦â10gm³nºÞ¡A¥~²°¦³ºñ¦â±ø¯¾,Appearance:10gm white/green tube,¨`¼ö·P¡A ·kÄo¡A Ãþ·P«_¯gª¬¡A ¹L±Ó¤ÏÀ³,Skin burning¡A pruritus¡A flu-like symptoms¡A allergic reaction,,¬Ò¥i¥Î,´¶¯S¥Ö³n»I0.1%,10gm PROTOPIC ointment 0.1%,,,,¬O,,¤Å±µÄ²²´¡A ¤f¡A »óµÄµ¥ÂH½¤³¡¦ì¡A ¨ÃÁ×§K¤éÅÎ,,Avoid contact with the eyes¡A nose and mouth.,Patient should avoid exposure to sunlight.,³Æµù: Á×§Kªø´Á«ùÄò¨Ï¥Î,Continuous long-term use should be avoided.,2020.09ÃÄ©e·|·s¶i,,¤@¯ë,Äµ »y:¤Å±µÄ²²´¡B¤f¡B»óµÄµ¥ÂH½¤³¡¦ì¡A¨ÃÁ×§K¤éÅÎ,,,0,0,§_,99.0,,§_,¬O,§_,³æ¤è,§_,¥i¥Î,¥i¥Î,¤£¥i¿i,¬O,,1.00,1.00,1.00,1.00,99,99,7,7,99.00,99.00,0,0,,¦³¹Ï¤ù,,0,,0,,D11AH01,L04AD02,,,,0,,0,,TUB,,°·«Oµ¹¥I,°·«Oµ¹¥I,TACROLIMUS,D11AH01,BC23346329,§_,LiquidLiquidEmulsion,TOPOINT,¦M®`¤G¯Å(¡I),,0,,0,,,,PH032,202103231859,370.00,444.00
EPROV,20141215,99999999,¥i¥Î,Provocholine Inhalation 100mg,Provocholine Inhalation 100mg,Methacholine,IH,STAT,ZOTH,VS-01-05,¥~¥Î,Vial,,«D²Õ®M,,,³æ¦ìÁ{±Ä,¬O,¥i¥ÎÃÄ¥]¾÷,,¤£¦LÃÄÅÒ,Á`¶q¶i¦ì,¾AÀ³¯g:»²§U®ð³Ý¤§¶EÂ_¡C,,Indication:Diagnosis of bronchial airway hyperactivity,,¥~ Æ[:Á×¥ú¤p²~(Vial)¡Aºñ¦â¥~»\,Appearance: Vial with green cap,³ïÄV¨ëµh¡B·kÄo¡BÀYµh¡BÀY·w,Throat irritation¡A itching¡A headache¡A lightheadedness,,¥u¥Î©óªù¶E¤Î¦í°|STAT,ªÍ¥iÆF¶EÂ_¥Î°®¯»§l¤J¾¯100²@§J/¤p²~,Provocholine Inhalation,,,,¬O,,¥»«~¥u¯à¥H§l¤Jµ¹ÃÄ,,Administer only by inhalation.,,¥i¯àµo¥ÍÄY­«¤ä®ðºÞ¦¬ÁY¤ÎªÍ¥\¯à­°§C¡A»Ý³Æ¦³ºò«æ¥Î³]³Æ¤ÎÃÄª«,Emergency equipment and medications must be available to reverse breathing diffi,,¤@¯ë,¤@¯ë,¶È¥i§l¤Jµ¹ÃÄ¡C¥i¯àµo¥ÍÄY­«¤ä®ðºÞ¦¬ÁY¤ÎªÍ¥\¯à­°§C¡A»Ý³Æ¦³ºò«æ¥Î³]³Æ¤ÎÃÄª«¡C,,,0,0,§_,1.0,,§_,¬O,§_,³æ¤è,§_,°±¥Î,°±¥Î,¤£¥i¿i,§_,,1.00,1.00,1.00,1.00,1,1,1,1,1.00,1.00,0,0,,¦³¹Ï¤ù,,0,,0,,R07AXaa,V04CX03,,,,0,,0,,VIAL,§_,¤£µ¹¥I¶·¦Û¥I,¤£µ¹¥I¶·¦Û¥I,,,,§_,GasSolidSpray,INHL,,,,,,,,,PH047,202401101516,0,1920.00
EPULN,20030624,99999999,°±¥Î,Pulmicort »ó¼Q¾¯ 64mcg/dose,Pulmicort nasal aqua 64mcg/dose,Budesonide,IN,,TENT,EN-02-00,¥~¥Î,PFF,Pulmicort,«D²Õ®M,°±¥Î,ENAS,¤@¯ë¥i¥Î,¬O,¤£¥i¥ÎÃÄ¥]¾÷,,¤@¯ë,Á`¶q¶i¦ì,¾AÀ³¯g:¹L±Ó©Ê»óª¢,,Indication:Seasonal &perennial rhinitis¡A vasomotor rhinitis.,,¥~ Æ[:²`¦â¬Á¼þ¥~²~¡A²`©@°Ø¦â»\¤l,Appearance:Dark brown bottle and cap,¥´¼QÀ¡,Sneezing,,¥u¥Î©óªù¶E¤Î¦í°|STAT,¯àµÎ»ó ©w¶q¼Q²G¾¯,Pulmicort nasal aqua 64mcg/d,,,§_,¬O,,¬°»ó¥Î¼Q¾¯¡A ¯gª¬¥¼©ó¤T¶g¤º§ïµ½¡A ½Ð§iª¾Âå®v,,Consult your doctor if symptoms persist within 3 weeks or get worse.,,,,,¤@¯ë,¤@¯ë,Äµ »y:¬°»ó¥Î¼Q¾¯¡A ¯gª¬¥¼©ó¤T¶g¤º§ïµ½¡A½Ð§iª¾Âå®v,,»ó¼Q¾¯,,,§_,120.0,,§_,§_,§_,³æ¤è,§_,°±¥Î,¥i¥Î,¤£¥i¿i,§_,,1.00,1.00,2.00,2.00,60,30,30,30,4.00,4.00,0,0,,¦³¹Ï¤ù,,0,,0,,R01AD05,,,,,,,,,BOT,§_,°·«Oµ¹¥I,°·«Oµ¹¥I,BUDESONIDE,R01AD05,BC233104E8,§_,GasLiquidMixture,NASSPRY,,,,,,,,,PH047,202303141651,142.00,170.00
EPULR,20040114,99999999,¥i¥Î,Pulmicort respules 1mg/2mL,Pulmicort respules 1mg/2mL,Budesonide,IH,,ERSP,RE-03-00,¥~¥Î,VAL,Pulmicort Respules,«D²Õ®M,,,¤@¯ë¥i¥Î,¬O,¥i¥ÎÃÄ¥]¾÷,,¤@¯ë,¦¸­p¶q¶i¦ì,¾AÀ³¯g:¤ä®ðºÞ®ð³Ý,,Indication:Asthma,,¥~ Æ[:2 mL¶ì½¦¦wÞÀ,Appearance:2 mL plastic ampoule,¦ü·P«_¯gª¬¡A «y¹Â¡A Án­µ¼R°×¡A ¤f°®©Î³ïÄV°®¡A ÀYµh,Flu-like symptoms; cough; hoarseness; dryness of mouth or throat; headache,,¬Ò¥i¥Î,¥i·À³Ý Äa¯B§l¤J²G,Pulmicort respules 1mg/2mL,,,§_,¬O,,°t¦XÃú¤Æ¾¹¨Ï¥Î¤§©I§lªvÀø¥ÎÃÄ¡A »ÝÁ×¥úÀx¦s©óÄá¤ó25«×¥H¤U«Ç·Å,,Medicine taken by inhalation only¡A using a nebuliser. Protect from light.,,,,,¤@¯ë,¤@¯ë,Äµ »y: °t¦XÃú¤Æ¾¹¨Ï¥Î¤§©I§lªvÀø¥ÎÃÄ¡A»ÝÁ×¥úÀx¦s©óÄá¤ó25«×¥H¤U«Ç·Å¡C,,§l¤J²G,,,§_,1.0,,§_,¬O,§_,³æ¤è,§_,¥i¥Î,¥i¥Î,¤£¥i¿i,¬O,,1.00,1.00,1.00,1.00,28,7,28,7,4.00,4.00,0,0,,¦³¹Ï¤ù,,0,,0,,R03BA02,,,,,,,,,VAL,§_,°·«Oµ¹¥I,°·«Oµ¹¥I,BUDESONIDE,R03BA02,BC22049109,§_,GasLiquidMixture,INHLSOL,,,,,,,,,PH047,202402140704,49.30,64.00
EPULT,20180509,99999999,¥i¥Î,Pulmicort Turbuhaler 200mcg/dose,Pulmicort Turbuhaler 200mcg/dose,Budesonide,IH,,ERSP,RE-03-00,¥~¥Î,PFF,Pulmicort Turbuhaler,«D²Õ®M,°±¥Î,,¤@¯ë¥i¥Î,¬O,¥i¥ÎÃÄ¥]¾÷,,¤@¯ë,Á`¶q¶i¦ì,¾AÀ³¯g:¤ä®ðºÞ®ð³Ý,,Indication:Bronchial asthma.,,¥~ Æ[:¥Õ¦â¥~²~¡A ©³³¡¬°©@°Ø¦âÂà½L,Appearance:White box,¦ü·P«_¯gª¬¡A «y¹Â¡A Án­µ¼R°×¡A ¤f°®©Î³ïÄV°®¡A ÀYµh,Flu-like symptoms; cough; hoarseness; dryness of mouth or throat; headache,,¬Ò¥i¥Î,¥i·À³Ý³£«O,Pulmicort Turbuhaler 200mcg,,,§_,¬O,,§l¤J¾¯¡A ¨Ï¥Î«á©yº¤¤f,,For inhalation only. Gargle after using.,,,,202312 °±²£,¤@¯ë,¤@¯ë,Äµ »y:§l¤J¾¯¡A¨Ï¥Î«á©yº¤¤f,,§l¤J¾¯,0,0,§_,100.0,,§_,¬O,§_,³æ¤è,¬O,¥i¥Î,¥i¥Î,¤£¥i¿i,¬O,,1.00,1.00,5.00,5.00,60,30,28,1,20.00,20.00,0,0,,¦³¹Ï¤ù,,0,,0,,R03BA02,,,,,0,,0,,SET,§_,°·«Oµ¹¥I,°·«Oµ¹¥I,BUDESONIDE,R03BA02,BC21989138,§_,GasSolidSpray,MDINHLPWD,,,0,,0,,,,PH008,202403041347,288.00,346.00
EQCSP,20230730,99999999,°±¥Î,Quicaine spray 10%¡A 50mL,Quicaine spray 10%¡A 50mL,Lidocaine,LA,ASORDER,ZANE,CN-04-02,¥~¥Î,¾A¶q,Xylocaine Spray,«D²Õ®M,°±¥Î,EXYSP,¤@¯ë¥i¥Î,¬O,¥i¥ÎÃÄ¥]¾÷,¤º§t,¤@¯ë,Á`¶q¶i¦ì,¾AÀ³¯g: §½³¡³Â¾K¡C,,Indication: Local anesthesia.,,¥~ Æ[:50²@¤É¥Õ¦â¼QÃú²~¡A¶KÂÅ¬õ¬Û¶¡¼ÐÅÒ¡C,Appearance:50mL white spray bottle with blue and red label.,§½³¡¨ë¿E¡B¹L±Ó¤ÏÀ³¡B«æ©Ê¥þ¨­©Ê¬r©Ê,Local irritation¡A allergic reactions¡A acute systemic toxicity.,,¥u¥Î©óªù¶E¤Î¦í°|STAT,¯q³Â¼QÃú¾¯10%¡A 50²@¤É,Quicaine Spray 10%¡A 50mL,,,,¬O,,Á×§K±µÄ²²´·ú¡C,,Avoid contact with eyes.,,¹L¶q©Î¹L©óÀWÁc¨Ï¥Î¥i¯à¤Þ°_¤¤¬r¤ÏÀ³¡C,Possible toxicity with overdose or excessive use.,202307 [EXYSP] Xylocaine spray¯Ê³f´À¥N,¤@¯ë,¤@¯ë,Äµ »y:À³µø¨ä¦~ÄÖ¡BÅé­«¤Î¯gªp¤©¥H¾A·í¤§¾¯¶q¡A¨Ã¯d·NÆ[¹î,,¼QÃú¾¯,0,0,§_,99.0,,§_,¬O,§_,³æ¤è,,°±¥Î,,¤£¥i¿i,§_,,1.00,1.00,20.00,20.00,999,999,1,1,40.00,40.00,0,0,,¦³¹Ï¤ù,,0,,0,,D04AB01,,,,,0,,0,,BOT,,¥Ó³ø¤£­p»ù,¥Ó³ø¤£­p»ù,,,,§_,AdministrableDrugForm,SPRY,,,0,,0,,,,PH006,202401281021,0,396.00
EQUI,19960101,99999999,°±¥Î,Quinax 15mL,Quinax 15mL,Azapentacene Polysulfonate Sodium,OU,,TOPH,OP-08-00,¥~¥Î,ºw,Quinax,«D²Õ®M,°±¥Î,,¤@¯ë¥i¥Î,¬O,¤£¥i¥ÎÃÄ¥]¾÷,,¤@¯ë,Á`¶q¶i¦ì,¾AÀ³¯g:¦Ñ¦~©Ê©Î¥~¶Ë©Ê¥Õ¤º»Ù,,Indication:Senile cataract¡A traumatic cataract.,,¥~ Æ[:¥Õ¦â¥~²~,Appearance:15mL eye drop bottle¡A green box,¹L±Ó¤ÏÀ³,allergic reaction,,¥u¥Î©óªù¶E¤Î¦í°|STAT,§Ö¯Ç¥v²´ÃÄ¤ô,Quinax 15mL,,,§_,¬O,,­Yµo¥ÍÄY­«¹L±Ó©Îµo¯lµ¥¤£¾A¯gª¬¡A À³§Y°±ÃÄ¨Ã½Ð±ÐÂå®v,¶J©ñ®É»Ý¸m©ó¦B½c§NÂÃ(Äá¤ó 2-8 «×),Report to doctor¡A if any severe hypersensitivity or skin rash occur.,Store in a refrigerator (2-8¢XC).,³Æµù: ­Y¦P®É¨Ï¥Î¨âºØ²´ÃÄ¤ô¡A ½Ð¶¡¹j5¤ÀÄÁ¡A ­YµLÂå®v«ü¥Ü¡A µL¥ý«á¨Ï¥Î¶¶§Ç,,105-4 ÃÄ©e·|¨MÄ³§R°£,¤@¯ë,¤@¯ë,Äµ »y: ­Yµo¥ÍÄY­«¹L±Ó©Îµo¯lµ¥¤£¾A¯gª¬¡AÀ³§Y°±ÃÄ¨Ã½Ð±ÐÂå®v,,,,,§_,300.0,,§_,§_,§_,³æ¤è,§_,¥i¥Î,¥i¥Î,¤£¥i¿i,§_,,1.00,1.00,1.00,1.00,999,999,7,1,8.00,8.00,0,0,,¦³¹Ï¤ù,,0,,0,,S01XA91,,,,,,,,,BOT,§_,°·«Oµ¹¥I,°·«Oµ¹¥I,AZAPENTACENE,S01XA91,BC23688435,§_,AdministrableDrugForm,OPDROP,,,,,,,,,PH047,202303141651,142.00,170.00
EREG,19960101,99999999,°±¥Î,Regain(Minoxidil) 5%¡A 60mL,Regain(Minoxidil) 5%¡A 60mL,Minoxidil,EXT,,TDER,DE-11-00,¥~¥Î,¾A¶q,Regain,«D²Õ®M,°±¥Î¡A¥i¬dÃþ¦üÃÄ,,¤@¯ë¥i¥Î,¬O,¤£¥i¥ÎÃÄ¥]¾÷,,¤@¯ë,Á`¶q¶i¦ì,¾AÀ³¯g:¸¨¾vªvÀø¾¯,,,,,,,,,¥u¥Î©óªù¶E¤Î¦í°|STAT,¸¨«Ø¢´¢H¡@,Regain(Minoxidil) 5%¡A 60mL,,,§_,¬O,,,,,,,,,¤@¯ë,¤@¯ë,Äµ »y:½Ð¸m©ó«Äµ£µLªk¨ú±o¤§³B,,,,,§_,99.0,,§_,§_,§_,³æ¤è,§_,¥i¥Î,¥i¥Î,¤£¥i¿i,§_,,1.00,1.00,999.00,999.00,999,999,7,1,0,0,0,0,,µL¹Ï¤ù,,0,,0,,,,,,,,,,,BOT,§_,¤£µ¹¥I¶·¦Û¥I,¤£µ¹¥I¶·¦Û¥I,,,,§_,Liquid,TOPSOL,,,,,,,,,PH047,202303141651,0,2000.00
EREL,20080624,99999999,¥i¥Î,Relenza inhalation 5mg/dose (¬F©²´£¨Ñ),Relenza inhalation 5mg/dose (Government),Zanamivir,IH,BID,QANB,AI-03-01,¥~¥Î,PFF,Relenza,«D²Õ®M,¼t°Ó¯Ê³f,,¤@¯ë¥i¥Î,¬O,¥i¥ÎÃÄ¥]¾÷,¥i¥Î,¤@¯ë,Á`¶q¶i¦ì,¾AÀ³¯g:ªvÀø¤Î¹w¨¾¦¨¤H¤Î5·³¥H¤W¨àµ£¤§A«¬¤ÎB«¬¬y¦æ©Ê·P«_,,Indication:Influenza infection,,¥~ Æ[: ¨C²°¤º¦³¤@­Ó§l¤J¸Ë¸m»P5¤ù±Û¹FºÐ,Appearance:1 DISKHALER + 5 Rotadisks,(¨u¨£) ÃC­±©Î¤f«|¤ô¸~¡A¥Ö¯l¡A©I§l§xÃø,(Rare) face or oropharyngeal edema¡A rash¡A dyspnea,,¥u¥Î©óªù¶E¤Î¦í°|STAT,·ç¼Ö¨F±Û¹FºÐ,Relenza inhalation 5mg/dose,,,§_,¬O,,¬°§l¤J¾¯,,For inhalation.,,,,,¤@¯ë,¤@¯ë,Äµ »y:¬°§l¤J¾¯,,,,,¬O,20.0,,§_,¬O,¬O,³æ¤è,§_,°±¥Î,¥i¥Î,¤£¥i¿i,¬O,,2.00,2.00,2.00,2.00,5,5,5,5,4.00,4.00,0,0,,¦³¹Ï¤ù,,0,,0,,J05AH01,,,,,5.00,mg,20.00,mg,SET,,°·«Oµ¹¥I,°·«Oµ¹¥I,,,B025082155,§_,GasSolidSpray,ORINHL,,,,,,,,,PH047,202402140524,0,0
ERELV,20161228,99999999,¥i¥Î,Relvar Ellipta 92/22mcg inhalation powder,Relvar Ellipta 92/22mcg inhalation powder,Fluticasone + Vilanterol,IH,QD,ERSP,RE-04-00,¥~¥Î,PFF,Relvar Ellipta,«D²Õ®M,,,¤@¯ë¥i¥Î,¬O,¥i¥ÎÃÄ¥]¾÷,±ø¥ó¤Uµ¹¥I,¤@¯ë,Á`¶q¶i¦ì,¾AÀ³¯g:ºC©Êªý¶ë©ÊªÍ¯f¤§ºû«ùªvÀø¤Î®ð³ÝªºªvÀø,,Indication:Chronic obstructive pulmonary disease and asthma.,,¥~ Æ[: ¾TºäÃÄ²°¤º§t¤@­Ó§l¤J¾¹»P°®Àê¾¯,Appearance: each box contains 1 inhaler and 1 desiccant,ÀYµh¡A»ó«|ª¢¡A¤W©I§l¹D·P¬V,Headache¡A nasopharyngitis¡A upper respiratory tract infection,,¬Ò¥i¥Î,¼í«½©ö§Q¹F92/22mcg°®¯»§l¤J¾¯,Relvar Ellipta 92/22mcg,,,,¬O,,§l¤J¤§«á¡A±wªÌÀ³¥Î¤ôº¤¤f¡A¥B¤£¥i§]¤U¡A¥H´î¤Ö¤f«|©À¯]µß·P¬Vªº­·ÀI¡@,ÃÄ²°¤º¸Ë¦³¤@¥]°®Àê¾¯¡A¤Á¤Å§]­¹©Î§l­¹,After inhalation¡A patients should rinse mouth with water without swallowing,The tray contains a desiccant¡A don't eat or inhale.,¶}«Ê«á¡A½Ð±N°®Àê¾¯¥á±ó¡A¨Ã½T«O«Äµ£»PÃdª«µLªk¨ú±o,Throw desiccant away in the trash out of reach of children and pets If opening,,¤@¯ë,¤@¯ë,§l¤J¤§«á¡A±wªÌÀ³¥Î¤ôº¤¤f¡A¥B¤£¥i§]¤U,SA «÷­µ¬Û¦ü,,0,0,§_,30.0,,§_,¬O,§_,½Æ¤è,§_,¥i¥Î,¥i¥Î,¤£¥i¿i,¬O,,1.00,1.00,1.00,1.00,999,999,1,1,1.00,1.00,0,0,,¦³¹Ï¤ù,,0,,0,,R03BA05,R03AK10,,,,0,,0,,SET,,°·«Oµ¹¥I,°·«Oµ¹¥I,VILANTEROL 22 MCG/DOSE + FLUTICASONE FUROATE 92 MCG/DOSE,R03AK10,BC26318143,,GasSolidSpray,ORINHL,,,,,,,,,PH034,202210071111,800.00,960.00
ERELV2,20220921,99999999,¥i¥Î,RELVAR Ellipta 184/22mcg(¤j¾¯¶q)inhalation powder,RELVAR Ellipta 184/22mcg(¤j¾¯¶q)inhalation powder,Fluticasone + Vilanterol,INHL,QD,ERSP,RE-04-00,¥~¥Î,PFF,Relvar Ellipta(¤j¾¯¶q),«D²Õ®M,,,¤@¯ë¥i¥Î,¬O,¥i¥ÎÃÄ¥]¾÷,±ø¥ó¤Uµ¹¥I,¤@¯ë,Á`¶q¶i¦ì,¾AÀ³¯g:ªvÀø18·³¥H¤W®ð³Ý¯f±w,,Indication:For asthma in aged 18 years and over.,,¥~ Æ[: ¾TºäÃÄ²°¤º§t¤@­Ó§l¤J¾¹»P°®Àê¾¯,Appearance: each box contains 1 inhaler and 1 desiccant,ÀYµh¡A»ó«|ª¢¡A¤W©I§l¹D·P¬V,Headache¡A nasopharyngitis¡A upper respiratory tract infection,,¬Ò¥i¥Î,¼í«½©ö§Q¹F184/22 mcg °®¯»§l¤J¾¯,RELVAR Ellipta 184/22 mcg,,,,,,§l¤J¤§«á¡A±wªÌÀ³¥Î¤ôº¤¤f¡A¥B¤£¥i§]¤U¡A¥H´î¤Ö¤f«|©À¯]µß·P¬Vªº­·ÀI,ÃÄ²°¤º¸Ë¦³¤@¥]°®Àê¾¯¡A¤Á¤Å§]­¹©Î§l­¹,After inhalation¡A patients should rinse mouth with water without swallowing,The tray contains a desiccant¡A don't eat or inhale.,¶}«Ê«á¡A½Ð±N°®Àê¾¯¥á±ó¡A¨Ã½T«O«Äµ£»PÃdª«µLªk¨ú±o,Throw desiccant away in the trash out of reach of children and pets If opening,2022Q3ÃÄ©e·s¶i,¤@¯ë,¤@¯ë,§l¤J¤§«á¡A±wªÌÀ³¥Î¤ôº¤¤f¡A¥B¤£¥i§]¤U,SA «÷­µ¬Û¦ü,,0,0,§_,30.0,,§_,¬O,§_,½Æ¤è,,¥i¥Î,¥i¥Î,¤£¥i¿i,¬O,,1.00,1.00,1.00,1.00,999,999,1,1,1.00,1.00,0,0,,¦³¹Ï¤ù,,0,,0,,R03BA05,R03AK10,,,,0,,0,,SET,§_,°·«Oµ¹¥I,°·«Oµ¹¥I,VILANTEROL 22 MCG/DOSE + FLUTICASONE FUROATE 184 MCG/DOSE,R03AK10,BC27034143,,GasSolidSpray,ORINHL,,,0,,0,,,,PH006,202401071139,1234.00,1481.00
ERES,20200610,99999999,¥i¥Î,Restasis 0.05%¡A 0.4mL eye emulsion,Restasis 0.05%¡A 0.4mL eye emulsion,Cyclosporin,OU,BID,TOPH,OP-08-00,¥~¥Î,¤ä,Restasis,«D²Õ®M,,,¤@¯ë¥i¥Î,¬O,¥i¥ÎÃÄ¥]¾÷,¥i¥Î,¤@¯ë,Á`¶q¶i¦ì,¾AÀ³¯g:ÄY­«°®©Ê¨¤µ²½¤ª¢,,Indication:severe keratoconjunctivitis sicca,,¥~ Æ[:¶ì½¦¦w­å²~¸ËÃÄ²G,Appearance:Plastic ampoule,²´µh¡A ¨`¼ö·P¡A µ²½¤¥R¦å¡A µø¤O¼Ò½k,Eye pain¡A burning sensation of eyes¡A conjunctival hyperemia¡A blurred vision,,¬Ò¥i¥Î,ÄR²´¹F²´¥Î¨Å¾¯0.05%,Restasis 0.05%¡A 0.4mL eye,,,,¬O,,¥ÎÃÄ«e¨ú¤UÁô§Î²´Ãè¡A¥ÎÃÄ«á15¤ÀÄÁ¦AÀ¹¤W¡C,¨Ï¥Î«e·n¤Ã¡A¥B»P¨ä¥LÃÄ«~¶¡¹j15¤ÀÄÁ.,Take out contact lenses before drug¡Aput back after 15minutes.Shake well before,use.15 minutes intervals with other drugs.,½Ð±N¨Ï¥Î§¹ÃÄ²~¥]¸Ë§´·í«á¥æ¤©¼o±óÃÄ«~ÀË¦¬¯¸¡A¤Å¥ô·N¥á±ó.,Send used ampoule to waste drug inspection station after packing them properly.,2020Q2ÃÄ©e·s¶i,¤@¯ë,¤@¯ë,¥ÎÃÄ«e¨ú¤UÁô§Î²´Ãè¡A¥ÎÃÄ«á15¤ÀÄÁ¦AÀ¹¤W¡C¨Ï¥Î«e·n¤Ã¡A¥B»P¨ä¥LÃÄ«~¶¡¹j15¤ÀÄÁ.,,,0,0,§_,1.0,,§_,¬O,§_,³æ¤è,§_,¥i¥Î,¥i¥Î,¤£¥i¿i,¬O,,1.00,1.00,1.00,1.00,999,999,28,1,2.00,2.00,0,0,,¦³¹Ï¤ù,,0,,0,,S01XA18,L04AD01,,,,0,,0,,¤ä,¬O,°·«Oµ¹¥I,°·«Oµ¹¥I,CYCLOSPORINE,S01XA18,BC242064CR,§_,AdministrableDrugForm,OPDROP,¦M®`¤@¯Å(¡I¡I),,0,,0,,,,PH034,202110261141,38.70,50.00
ERET,19960101,99999999,°±¥Î,Retin-A cream 20gm,Retin-A cream 20gm,Tretinoin,EXT,,TDER,DE-07-00,¥~¥Î,¾A¶q,Retin-A,«D²Õ®M,°±¥Î¡A¥i¬dÃþ¦üÃÄ,,¤w°±¥Î,¬O,¤£¥i¥ÎÃÄ¥]¾÷,,¤@¯ë,Á`¶q¶i¦ì,¾AÀ³¯g:´M±`©Ê®y½H¡A¥Ö½§¨¤½è¤Æ,,,,,,,,,,,Retin-A cream 20gm,,,§_,¬O,,,,,,,,,¤@¯ë,¤@¯ë,,,,,,§_,99.0,,§_,§_,§_,³æ¤è,§_,¥i¥Î,¥i¥Î,¤£¥i¿i,¬O,,1.00,1.00,999.00,999.00,999,999,1,1,0,0,0,0,,µL¹Ï¤ù,,0,,0,,,,,,,,,,,TUB,§_,°·«Oµ¹¥I,°·«Oµ¹¥I,RETINOIC ACID (=TRETINOIN),D10AD01,A032568338,§_,LiquidLiquidEmulsion,TOPCRM,,,,,,,,,PH047,202303141651,230.00,322.00
ERHE,19960101,99999999,°±¥Î,Rheumon gel 20gm,Rheumon gel 20gm,Etofenamate,EXT,,CNEU,CN-01-02,¥~¥Î,¾A¶q,Rheumon Gel,«D²Õ®M,°±¥Î,ETEI,¤@¯ë¥i¥Î,¬O,¤£¥i¥ÎÃÄ¥]¾÷,,¤@¯ë,Á`¶q¶i¦ì,¾AÀ³¯g:Âíµh¡B®øª¢,,,,,,,,,,,Rheumon gel 20gm,,,§_,¬O,,,,,,,,,¤@¯ë,¤@¯ë,,,,,,§_,99.0,,§_,§_,§_,³æ¤è,§_,¥i¥Î,¥i¥Î,¤£¥i¿i,¬O,,1.00,1.00,999.00,999.00,999,999,1,1,0,0,0,0,,µL¹Ï¤ù,,0,,0,,,,,,,,,,,TUB,§_,°·«Oµ¹¥I,°·«Oµ¹¥I,ETOFENAMATE,M02AA06,B021432338,§_,LiquidSolidSuspension,TOPGEL,,,,,,,,,PH047,202303141651,136.00,163.00
ERIN5,19960101,99999999,°±¥Î,Rinderon eye soln 0.1%¡A 5mL,Rinderon eye soln 0.1%¡A 5mL,Betamethasone,OU,,TOPH,OP-03-00,¥~¥Î,ºw,Rinderon oph soln,«D²Õ®M,°±¥Î¡A¥i¬dÃþ¦üÃÄ,,¤@¯ë¥i¥Î,¬O,¤£¥i¥ÎÃÄ¥]¾÷,,¤@¯ë,Á`¶q¶i¦ì,¾AÀ³¯g:²´³¡µoª¢µ¥¯gª¬,,Indication:Inflammatory conditions of the eyes.,,¥~ Æ[:¥Õ¦â¥~²~¡A ©³³¡¦³¬õ¦â°Ï¶ô,Appearance:5mL white eye drop bottle,µø¤O¼Ò½k,Blurred vision,,¥u¥Î©óªù¶E¤Î¦í°|STAT,0.1% Á{±o¶©²´²G,Rinderon eye soln 0.1%¡A 5mL,,,§_,¬O,,°£Âå®v«ü¥Ü¥~¡A ½Ð¤Åªø´Á©Î±K¶°¦a«ùÄò¨Ï¥Î,,Follow doctor's advice. Do not use this medicine for long term.,,³Æµù: ­Y¦P®É¨Ï¥Î¨âºØ²´ÃÄ¤ô¡A ½Ð¶¡¹j5¤ÀÄÁ¡A ­YµLÂå®v«ü¥Ü¡A µL¥ý«á¨Ï¥Î¶¶§Ç,,,¤@¯ë,¤@¯ë,Äµ »y:°£Âå®v«ü¥Ü¥~¡A½Ð¤Åªø´Á©Î±K¶°¦a«ùÄò¨Ï¥Î,,,,,§_,100.0,,§_,§_,§_,³æ¤è,§_,¥i¥Î,¥i¥Î,¤£¥i¿i,§_,,1.00,1.00,1.00,1.00,999,999,7,1,24.00,24.00,0,0,,¦³¹Ï¤ù,,0,,0,,S01BA06,,,,,,,,,BOT,§_,°·«Oµ¹¥I,°·«Oµ¹¥I,BETAMETHASONE 1MG/ML + NEOMYCIN 3.5MG/ML,S01CA05,AC04975421,§_,AdministrableDrugForm,OPDROP,,,,,,,,,PH047,202303141651,29.60,38.00
ERINA,20160412,99999999,°±¥Î,Rinderon-A eye soln¡A 5mL,Rinderon-A eye soln¡A 5mL,Betamethasone + Fradiomycin,OU,TID,TOPH,OP-02-00,¥~¥Î,ºw,Rinderon-A,«D²Õ®M,°±¥Î,,¤@¯ë¥i¥Î,¬O,¤£¥i¥ÎÃÄ¥]¾÷,¥i¥Î,¤@¯ë,Á`¶q¶i¦ì,¾AÀ³¯g:²´Â¥µ²½¤¡B¨¤½¤¡B¾d½¤¡B¯ßµ¸½¤¯e±w,,Indication:Superficial bacterial infection of eyes,,¥~ Æ[: 5²@¤É¥Õ¦â¶ì½¦¥~²~¡A ²H¶À/¬õ¦â¼ÐÅÒ,Appearance: 5mL white eye drop bottle,¨ëµh·P¡Aµ²½¤ª¢,Tingling¡A conjunctivitis,,¥u¥Î©óªù¶E¤Î¦í°|STAT,²´¬ì¥ÎÁ{±o¶©½Æ¦X²G,Rinderon-A eye soln¡A 5mL,,,,¬O,,°£Âå®v«ü¥Ü¥~¡A ½Ð¤Åªø´Á©Î±K¶°¦a«ùÄò¨Ï¥Î,,Follow doctor's advice. Do not use this medicine for long term.,,³Æµù: »Ý©ó¦B½c§NÂÃ(2-8¢XC)¡A ­Y¦P®É¨Ï¥Î¨âºØ²´ÃÄ¤ô¡A ½Ð¶¡¹j5¤ÀÄÁ,Store in a fridge(2-8¢XC). Allow 5 minutes between different eye preparation,,¤@¯ë,¤@¯ë,Äµ »y:°£Âå®v«ü¥Ü¥~¡A½Ð¤Åªø´Á©Î±K¶°¦a«ùÄò¨Ï¥Î,,,0,0,§_,100.0,,§_,§_,§_,½Æ¤è,§_,°±¥Î,¥i¥Î,¤£¥i¿i,§_,,1.00,1.00,2.00,2.00,999,999,7,7,40.00,40.00,0,0,,¦³¹Ï¤ù,,0,,0,,S01CA05,S01AA03,S01BA06,,,0,,0,,BOT,§_,°·«Oµ¹¥I,°·«Oµ¹¥I,BETAMETHASONE 1MG/ML + NEOMYCIN 3.5MG/ML,S01CA05,AC04975421,§_,AdministrableDrugForm,OPDROP,,,,,,,,,PH047,202303141651,29.60,38.00
ERINO,19960101,99999999,°±¥Î,Rinderon-A ²´ÃÄ»I3gm,Rinderon-A eye oint 3gm,Betamethasone + Fradiomycin,TOPI,,TOPH,OP-02-00,¥~¥Î,¾A¶q,Rinderon-A oint,«D²Õ®M,°±¥Î,,¤@¯ë¥i¥Î,¬O,¤£¥i¥ÎÃÄ¥]¾÷,,¤@¯ë,Á`¶q¶i¦ì,¾AÀ³¯g:²´³¡©Î¨ä¥L³¡¦ì¹L±Ó©Êµoª¢¯gª¬,,Indication:inflammatory conditions of the eye,,¥~ Æ[:¬õ¦â3gm³nºÞ¡A¬õ¦â»\¤l¡A ¥Õ¦â©³³¡¡A¤¤¶¡²Hºñ¦â±ø¯¾,Appearance:3gm red tube,µø¤O¼Ò½k,Blurred vision,,¥u¥Î©óªù¶E¤Î¦í°|STAT,²´¬ì¥ÎÁ{±o¶©½Æ¦X³n»I,Rinderon-A eye oint 3gm,,,§_,¬O,,°£Âå®v«ü¥Ü¥~¡A ½Ð¤Åªø´Á©Î±K¶°¦a«ùÄò¨Ï¥Î,,Follow doctor's advice. Do not use this medicine for long term.,,,,,¤@¯ë,¤@¯ë,Äµ »y:°£Âå®v«ü¥Ü¥~¡A½Ð¤Åªø´Á©Î±K¶°¦a«ùÄò¨Ï¥Î,,,,,§_,99.0,,¬O,§_,§_,³æ¤è,§_,¥i¥Î,¥i¥Î,¤£¥i¿i,§_,,1.00,1.00,9.00,9.00,999,999,7,1,99.00,99.00,0,0,,¦³¹Ï¤ù,,0,,0,,S01CA05,,,,,,,,,TUB,§_,°·«Oµ¹¥I,°·«Oµ¹¥I,BETAMETHASONE 1MG/GM + NEOMYCIN 3.5MG/GM,S01CA05,A004974416,§_,LiquidLiquidEmulsion,OPOINT,,,,,,,,,PH047,202303141651,43.50,57.00
EROY,20230312,99999999,¥i¥Î,Royalsense acne gel 1% 20gm,Royalsense acne gel 1% 20gm,Clindamycin,EXT,,TDER,DE-07-00,¥~¥Î,¾A¶q,Cleocin,«D²Õ®M,,,¤@¯ë¥i¥Î,¬O,¥i¥ÎÃÄ¥]¾÷,¥i¥Î,¤@¯ë,Á`¶q¶i¦ì,¾AÀ³¯g:´M±`©ÊÚµ½H,,Indication:Acne vulgaris.,,¥~ Æ[:20gm³nºÞ,Appearance:20gm tube,¥Ö½§¬õ¯l¡A ¥Ö½§Äo¡A ¥Ö½§ÅÜ¬õ¡A ¥Ö½§°®Àê¡A ²æ¥Ö,Skin rash¡A itching¡A redness¡A swelling dryness¡A scaliness¡A peeling of skin,,¬Ò¥i¥Î,­YÄõ¥P¬I­±¯p¾®½¦,Royalsense acne gel 1% 20gm,,,,¬O,,¬°¥~¥ÎÃÄ«~¡A ½Ð§½³¡¨Ï¥Î¡A ¤Å±µÄ²²´·ú©Î»~ªA,,For external use only. Do not apply to eyes or take orally.,,­Y¥X²{ÅãµÛ¸¡Âm²{¶H¡A½Ð°±ÃÄ¡C,Stop use for severe diarrhea.,2023.03 [ECLT]¯Ê³f¼È¥N,¤@¯ë,¤@¯ë,Äµ »y: ¥»«~¬°¥~¥ÎÃÄ«~¡A½Ð§½³¡¨Ï¥Î¡A¤Å±µÄ²²´·ú©Î»~ªA¡C,,,0,0,§_,99.0,,§_,¬O,§_,³æ¤è,,¥i¥Î,¥i¥Î,¤£¥i¿i,¬O,,1.00,1.00,9.00,9.00,999,999,7,1,99.00,99.00,0,0,,¦³¹Ï¤ù,,0,,0,,D10AF01,J01FF01,G01AA10,,,0,,0,,TUB,,°·«Oµ¹¥I,°·«Oµ¹¥I,CLINDAMYCIN,D10AF01,AC38982338,§_,LiquidSolidSuspension,GEL,,,0,,0,,,,PH071,202303151944,65.00,81.00
ESA,19960101,99999999,°±¥Î,Salicylic Acid 5% 20mL,Salicylic Acid 5% 20mL,Salicylic Acid,EXT,,TDER,DE-10-00,¥~¥Î,¾A¶q,Salicylic Acid,«D²Õ®M,°±¥Î¡A¥i¬dÃþ¦üÃÄ,,¤@¯ë¥i¥Î,¬O,¤£¥i¥ÎÃÄ¥]¾÷,,¤@¯ë,Á`¶q¶i¦ì,¾AÀ³¯g:¨¤½è·»¸Ñ¾¯,,Indication:Keratolytics.,,¥~ Æ[:³z©ú20mL¥~²~¡A¶À¦â»\¤l,Appearance:20mL bottle¡A yellow cap,§½³¡¨ë¿E,Local irritation,,¥u¥Î©óªù¶E¤Î¦í°|STAT,,Salicylic Acid 5% 20mL,,,§_,¬O,,¬°¥~¥ÎÃÄ«~¡A ½Ð§½³¡¨Ï¥Î¡A ¤Å±µÄ²²´·ú©Î»~ªA,,For external use. Avoid contact with the eyes or oral consumption.,,,,,¤@¯ë,¤@¯ë,Äµ »y: ¥»«~¬°¥~¥ÎÃÄ«~¡A½Ð§½³¡¨Ï¥Î¡A¤Å±µÄ²²´·ú©Î»~ªA¡C,,,,,§_,99.0,,§_,§_,§_,³æ¤è,§_,¥i¥Î,¥i¥Î,¤£¥i¿i,§_,,1.00,1.00,999.00,999.00,999,999,7,1,0,0,0,0,,µL¹Ï¤ù,,0,,0,,D01AE12,,,,,,,,,BOT,§_,¤£µ¹¥I¶·¦Û¥I,¤£µ¹¥I¶·¦Û¥I,,,,§_,Liquid,TOPSOL,,,,,,,,,PH047,202303141651,0,40.00
ESAN,19960101,99999999,¥i¥Î,Sancoba 0.02%¡A 5mL ophthalmic solution,Sancoba 0.02%¡A 5mL ophthalmic solution,Cyanocobalamin,OU,TID,TOPH,OP-08-00,¥~¥Î,ºw,Vitamin B12,«D²Õ®M,,,¤@¯ë¥i¥Î,¬O,¥i¥ÎÃÄ¥]¾÷,¥i¥Î,¤@¯ë,Á`¶q¶i¦ì,¾AÀ³¯g:²´·ú¯h³Ò,,Indication: restoring eye fatigue,,¥~ Æ[: 5 ²@¤ÉÂI²´²~,Appearance: 5 mL eye drop in plastic bottle,¹L±Ó¤ÏÀ³¡A²´·ú¨ëµh¡B¬õ¡B¸~,allergic reaction¡A stinging¡A redness or swelling,,¬Ò¥i¥Î,´²§J¤ÚÂI²´²G,Sancoba oph soln 5mL¡A 0.02%,,,§_,¬O,,²~¸Ë²´ÃÄ¤ô¡A¶}²~30¤Ñ«á¡A½Ð¤ÅÄ~Äò¨Ï¥Î¡C,,The eye drops should be thrown away 30 days after opening.,,,,,¤@¯ë,¤@¯ë,²~¸Ë²´ÃÄ¤ô¡A¶}²~30¤Ñ«á¡A½Ð¤ÅÄ~Äò¨Ï¥Î¡C,,,,,§_,100.0,,§_,¬O,§_,³æ¤è,§_,¥i¥Î,°±¥Î,¤£¥i¿i,¬O,,1.00,1.00,2.00,2.00,999,999,7,1,24.00,24.00,0,0,,¦³¹Ï¤ù,,0,,0,,S01XA98,,,,,,,,,BOT,§_,°·«Oµ¹¥I,°·«Oµ¹¥I,VITAMIN B12 (=CYANOCOBALAMIN),S01XA98,B001973421,§_,AdministrableDrugForm,OPDROP,,,,,,,,,PH006,202312271432,17.50,23.00
ESAT,20230920,99999999,¥i¥Î,Santone 0.01% 7mL ophthalmic solution,Santone 0.01% 7mL ophthalmic solution,Atropine sulfate monohydrate,OU,,TOPH,OP-04-00,¥~¥Î,ºw,Atropine,«D²Õ®M,,,¤@¯ë¥i¥Î,¬O,¥i¥ÎÃÄ¥]¾÷,°·«O¤£µ¹¥I,¤@¯ë,Á`¶q¶i¦ì,¾AÀ³¯g: ´²Àû¡B·ûª¬¦Ù³Â·ô¡C,,Indication: Mydriasis¡A cycloplegia.,,¥~ Æ[: 7mL¥Õ¦âÂI²´²~¡A¥Õ¦â»\¤l,Appearance: 7mL white eye drop bottle with a white cap.,µø½u¼Ò½k¡B¬È¥ú¡B²´Â¥¹L±Ó¤ÏÀ³¡B§½³¡¨ë¿E¡C,Blurred vision¡A photophobia¡A eyelid hypersensitivity reactions¡A local irritation,,¬Ò¥i¥Î,µ½Àû²´ÃÄ¤ô0.01%,Santone 0.01% 7mL ophthalmic,,,¬O,¬O,,«C¥ú²´©Î¾É­P¯U¨¤©Ê«C¥ú²´¶É¦Vªº±wªÌ¸T¥Î¥»ÃÄ¡C,²´ÃÄ¤ô¶}²~«á¤@­Ó¤ë«á½Ð¥á±ó¡C,Contraindicated in glaucoma or narrow-angle glaucoma-prone patients.,Discard the eye drops one month after opening.,¨Ï¥Î«á·|µø¤O¼Ò½k¡AÀ³Á×§K¾r¾p¨T¡B¾÷¨®©Î¾Þ§@¾÷±ñ¡C,Avoid driving¡A riding motorcycles¡A or operating machinery after use.,2023Q3 ÃÄ©e·s¶i,¤@¯ë,¤@¯ë,³Æµù¡G­Y¦P®É¨Ï¥Î¨âºØ²´ÃÄ¤ô¡A½Ð¶¡¹j5¤ÀÄÁ¡C­YµLÂå®v«ü¥Ü¡A«hµL¥ý«á¶¶§Ç¡C,,,0,0,§_,140.0,,§_,¬O,§_,³æ¤è,§_,°±¥Î,°±¥Î,¤£¥i¿i,¬O,,1.00,1.00,2.00,2.00,999,999,1,1,8.00,8.00,0,0,,¦³¹Ï¤ù,,0,,0,,S01FA01,,,,,0,,0,,BOT,§_,¤£µ¹¥I¶·¦Û¥I,¤£µ¹¥I¶·¦Û¥I,,,,§_,AdministrableDrugForm,OPDROP,,,0,,0,,,,PH006,202311211414,0,300.00
ESER,19960101,99999999,°±¥Î,Serevent Accuhaler 50mcg(³æ¤è),Serevent Accuhaler 50mcg,Salmeterol,IH,,ERSP,RE-01-00,¥~¥Î,PFF,Serevent Accuhaler,«D²Õ®M,°±¥Î,,¤@¯ë¥i¥Î,¬O,¤£¥i¥ÎÃÄ¥]¾÷,,¤@¯ë,Á`¶q¶i¦ì,¾AÀ³¯g:¥i°f©Ê©I§l¹Dªý¶ë,,,,,,,,,¥u¥Î©óªù¶E¤Î¦í°|STAT,,Serevent Accuhaler 50mcg,,,§_,¬O,,,,,,,,,¤@¯ë,¤@¯ë,Äµ »y:¬°§l¤J¾¯,,,,,§_,60.0,,§_,§_,§_,³æ¤è,§_,°±¥Î,¥i¥Î,¤£¥i¿i,§_,,1.00,1.00,999.00,999.00,60,30,30,30,0,0,0,0,2.00,µL¹Ï¤ù,,0,,0,,,,,,,,,,,BOT,§_,°·«Oµ¹¥I,°·«Oµ¹¥I,SALMETEROL,R03AC12,B021547116,§_,GasSolidSpray,ORINHL,,,,,,,,,PH047,202303141652,953.00,1144.00
ESER1,20050621,99999999,¥i¥Î,SERETIDE 125 EVOHALER,SERETIDE 125 EVOHALER,Salmeterol + Fluticasone,IH,BID,ERSP,RE-04-00,¥~¥Î,PFF,Seretide evohaler,«D²Õ®M,°±¥Î,,¤@¯ë¥i¥Î,§_,¥i¥ÎÃÄ¥]¾÷,±ø¥ó¤Uµ¹¥I,¤@¯ë,Á`¶q¶i¦ì,¾AÀ³¯g:¥i°f©Ê©I§l¹Dªý¶ë¤§±`³W©ÊªvÀø,,Indication:Asthma¡A chronic bronchitis.,,¥~ Æ[:²Hµµ¦â¶ì½¦²~¨­¡A ²`µµ¦â»\¤l,Appearance:White/dark purple box,¤f°®¡A ¤f¤º¥Õ´³¡A Án­µ¨F°×¡A ³ïÄVµh¡A ¦Ù¦×¯kµh¡A Å¸§Ý,Dry mouth¡A white patches inside mouth¡A hoarseness¡A sore throat¡A muscle pain,,¬Ò¥i¥Î,¨ÏªÍ®õ125Àu¬t§l¤J¾¯,SERETIDE 125 EVOHALER,,,§_,¬O,,§l¤J¾¯¡A ¨Ï¥Î«á©yº¤¤f,,For inhalation only. Gargle after using.,,,,2022Q3ÃÄ©e·|§R°£¡A2023.07[ESERE]¯Ê³f¼È¥N,¤@¯ë,¤@¯ë,Äµ »y:§l¤J¾¯¡A¨Ï¥Î«á©yº¤¤f,SA «÷­µ¬Û¦ü,,,,§_,120.0,,§_,¬O,§_,½Æ¤è,§_,¥i¥Î,¥i¥Î,¤£¥i¿i,¬O,,1.00,1.00,3.00,3.00,999,999,28,1,6.00,6.00,0,0,0,¦³¹Ï¤ù,,0,,0,,R03AK06,R03BA05,R03AC12,,,,,,,CAN,,°·«Oµ¹¥I,°·«Oµ¹¥I,FLUTICASONE 125 (250) MCG/DOSE + SALMETEROL 25 (50) MCG/DOSE,R03AK06,BC23482137,§_,GasSolidSpray,MDINHLPWD,,,,,,,,,PH006,202402181323,766.00,919.00
ESERE,20021216,99999999,¥i¥Î,Seretide 50 evohaler,Seretide 50 evohaler,Salmeterol + Fluticasone,IH,BID,ERSP,RE-04-00,¥~¥Î,PFF,Seretide evohaler,«D²Õ®M,,,¤@¯ë¥i¥Î,§_,¥i¥ÎÃÄ¥]¾÷,±ø¥ó¤Uµ¹¥I,¤@¯ë,Á`¶q¶i¦ì,¾AÀ³¯g:¥i°f©Ê©I§l¹Dªý¶ë¤§±`³W©ÊªvÀø¡A ¥]¬A¨àµ£»P¦¨¤Hªº®ð³Ý,,Indication:Asthma¡A chronic bronchitis.,,¥~ Æ[:²Hµµ¦â¶ì½¦²~¨­¡A ²`µµ¦â»\¤l,Appearance:White/light purple box,¤f°®¡A ¤f¤º¥Õ´³¡A Án­µ¨F°×¡A ³ïÄVµh¡A ¦Ù¦×¯kµh¡A Å¸§Ý,Dry mouth¡A white patches inside mouth¡A hoarseness¡A sore throat¡A muscle pain,,¬Ò¥i¥Î,¨ÏªÍ®õ50Àu¬t§l¤J¾¯,Seretide 50 evohaler,,,§_,¬O,,§l¤J¾¯¡A ¨Ï¥Î«á©yº¤¤f,,For inhalation only. Gargle after using.,,,,,¤@¯ë,¤@¯ë,Äµ »y:§l¤J¾¯¡A¨Ï¥Î«á©yº¤¤f,SA «÷­µ¬Û¦ü,,,,§_,120.0,,§_,¬O,§_,½Æ¤è,§_,¥i¥Î,¥i¥Î,¤£¥i¿i,¬O,,1.00,1.00,3.00,3.00,999,999,28,1,6.00,6.00,0,0,1.00,¦³¹Ï¤ù,,0,,0,,R03AK06,R03BA05,R03AC12,,,,,,,SET,,°·«Oµ¹¥I,°·«Oµ¹¥I,FLUTICASONE 50 (100) MCG/DOSE + SALMETEROL 25 (50) MCG/DOSE,R03AK06,BC23480127,§_,GasSolidSpray,MDINHLPWD,,,,,,,,,PH006,202402291619,598.00,718.00
ESERI,19960101,99999999,°±¥Î,Serevent inhaler 25mcg/dose,Serevent inhaler 25mcg/dose,Salmeterol,IH,,ERSP,RE-01-00,¥~¥Î,PFF,Serevent Inhaler,«D²Õ®M,°±¥Î,,¤w°±¥Î,¬O,¤£¥i¥ÎÃÄ¥]¾÷,,¤@¯ë,Á`¶q¶i¦ì,¾AÀ³¯g:¥i°f©Ê©I§l¹Dªý¶ë,,Indication:Asthma¡A chronic bronchitis.,,,,,,,¬Ò¥i¥Î,,Serevent inhaler 25mcg/dose,,,§_,¬O,,,,,,,,,¤@¯ë,¤@¯ë,Äµ »y:¬°§l¤J¾¯,,,,,§_,60.0,,§_,§_,§_,³æ¤è,§_,¥i¥Î,¥i¥Î,¤£¥i¿i,¬O,,1.00,1.00,999.00,999.00,60,30,30,30,0,0,0,0,2.00,µL¹Ï¤ù,,0,,0,,,,,,,,,,,BOT,§_,°·«Oµ¹¥I,°·«Oµ¹¥I,SALMETEROL,R03AC12,B021223110,§_,GasSolidSpray,ORINHL,,,,,,,,,PH047,202303141652,612.00,734.00
ESERT,20020315,99999999,°±¥Î,Seretide 250 Accuhaler,Seretide 250 Accuhaler,Salmeterol + Fluticasone,IH,,ERSP,RE-04-00,¥~¥Î,PFF,Seretide Accuhaler 250,«D²Õ®M,°±¥Î,,¤@¯ë¥i¥Î,¬O,¤£¥i¥ÎÃÄ¥]¾÷,±ø¥ó¤Uµ¹¥I,¤@¯ë,Á`¶q¶i¦ì,¾AÀ³¯g: ¥i°f©Ê©I§l¹Dªý¶ë¤§±`³W©ÊªvÀø¡A¥]¬A¨àµ£»P¦¨¤Hªº®ð³Ý,,Indication:Asthma¡A chronic bronchitis.,,¥~ Æ[:µµ¦â­D­D³½,Appearance:White/purple box,¤f°®¡A ¤f¤º¥Õ´³¡A Án­µ¨F°×¡A ³ïÄVµh¡A ¦Ù¦×¯kµh¡A Å¸§Ý,Dry mouth¡A white patches inside mouth¡A hoarseness¡A sore throat¡A muscle pain,,¬Ò¥i¥Î,¨ÏªÍ®õ250·Ç¯Ç°®¯»§l¤J¾¯,Seretide 250 Accuhaler,,,§_,¬O,,§l¤J¾¯¡A ¨Ï¥Î«á©yº¤¤f,,For inhalation only. Gargle after using.,,,,105-4 ÃÄ©e·|¨MÄ³§R°£,¤@¯ë,¤@¯ë,Äµ »y:§l¤J¾¯¡A¨Ï¥Î«á©yº¤¤f,SA «÷­µ¬Û¦ü,,,,§_,60.0,,§_,§_,§_,½Æ¤è,§_,¥i¥Î,¥i¥Î,¤£¥i¿i,§_,,1.00,1.00,4.00,4.00,60,30,28,28,8.00,8.00,0,0,1.00,¦³¹Ï¤ù,,0,,0,,R03BA05,R03AC12,R03AK06,,,,,,,SET,,°·«Oµ¹¥I,°·«Oµ¹¥I,FLUTICASONE 125 (250) MCG/DOSE + SALMETEROL 25 (50) MCG/DOSE,R03AK06,BC23203137,§_,GasSolidSpray,ORINHL,,,,,,,,,PH047,202303141652,792.00,950.00
ESHO,20130922,99999999,°±¥Î,Showen 0.25% eye drops¡A 5mL,Showen 0.25% eye drops¡A 5mL,Chloramphenicol,OU,QID,TOPH,OP-01-00,¥~¥Î,ºw,Chloramphenicol,«D²Õ®M,°±¥Î,,¤@¯ë¥i¥Î,¬O,¤£¥i¥ÎÃÄ¥]¾÷,,¤@¯ë,Á`¶q¶i¦ì,¾AÀ³¯g:¥Dªv¬â²´©Î¸²µå²yµßµ¥·P¬V,,Indication:Treatment of superficial ocular infections.,,¥~ Æ[:5 ²@¤ÉÂI²´²~¸Ë,Appearance: 5 mL eye drop in plastic bottle,Äo¡A µo¬õ¡A ¥Ö½§¬õ¯l,Itching¡A redness¡A skin rash¡A swelling,,¬Ò¥i¥Î,µø¯q²´ÃÄ¤ô,Showen (CM) 0.25% eye drops¡A,,,§_,¬O,,²~¸Ë²´ÃÄ¤ô¡A¶}²~30¤Ñ«á¡A½Ð¤ÅÄ~Äò¨Ï¥Î¡C,,The eye drops should be thrown away 30 days after opening.,,³Æµù: ­Y¦P®É¨Ï¥Î¨âºØ²´ÃÄ¤ô¡A ½Ð¶¡¹j5¤ÀÄÁ¡A ­YµLÂå®v«ü¥Ü¡A µL¥ý«á¨Ï¥Î¶¶§Ç,,102¦~²Ä¥|¦¸ÃÄ©e·|¨MÄ³´À¥N,¤@¯ë,¤@¯ë,²~¸Ë²´ÃÄ¤ô¡A¶}²~30¤Ñ«á¡A½Ð¤ÅÄ~Äò¨Ï¥Î¡C,,,0,0,§_,100.0,,§_,§_,§_,³æ¤è,§_,¥i¥Î,¥i¥Î,¤£¥i¿i,§_,,1.00,1.00,1.00,1.00,999,999,7,7,24.00,24.00,0,0,,¦³¹Ï¤ù,,0,,0,,S01AA01,,,,,,,,,BOT,,°·«Oµ¹¥I,°·«Oµ¹¥I,CHLORAMPHENICOL,S01AA01,AC45307421,§_,AdministrableDrugForm,OPDROP,,,,,,,,,PH047,202303141652,12.00,16.00
ESIL,20041201,99999999,¥i¥Î,Siliverzine cream 1%¡A 20gm,Siliverzine cream 1%¡A 20gm,Silver Sulphadiazine,EXT,BID,TDER,DE-02-00,¥~¥Î,¾A¶q,Siliverzine,«D²Õ®M,,,¤@¯ë¥i¥Î,¬O,¥i¥ÎÃÄ¥]¾÷,¥i¥Î,¤@¯ë,Á`¶q¶i¦ì,¾AÀ³¯g:¿N¿S¶Ë,,Indication:Wound in patients with burns.,,¥~ Æ[:²Hºñ¦â¥Õ¦â¬Û¶¡20gm³nºÞ¡A ¥Õ¦â»\¤l,Appearance:20gm white/light green tube,¨`¼ö·P¡A ¬õ¼ö¡A Äo¡A ¶¡½è©ÊµÇª¢(ªø´Á),Burning¡A rash¡A itching¡A interstitial nephritis.,,¬Ò¥i¥Î,¿S½§µÎ¨Å»I,Siliverzine cream 1%¡A 20gm,,,§_,¬O,,¹ïÁDÓiÃÄ¹L±ÓªÌ¸T¥Î¡A ½Ð¤Å±µÄ²²´¡B¤f©Î»óµÄ,,Notify your doctor if you are allergic to sulfa drugs.,,,,,¤@¯ë,¤@¯ë,Äµ »y:¹ïÁDÓiÃÄ¹L±ÓªÌ¸T¥Î¡A½Ð¤Å±µÄ²²´¡B¤f©Î»óµÄ,,,,,§_,99.0,,§_,¬O,§_,³æ¤è,§_,¥i¥Î,¥i¥Î,¤£¥i¿i,¬O,,1.00,1.00,9.00,9.00,99,99,7,1,99.00,99.00,0,0,,¦³¹Ï¤ù,,0,,0,,D06BA01,,,,,,,,,TUB,,°·«Oµ¹¥I,°·«Oµ¹¥I,SULFADIAZINE,D06BA01,AC32571338,§_,LiquidLiquidEmulsion,TOPCRM,,,,,,,,,PH022,202312221701,31.70,41.00
ESIL1,19960101,99999999,°±¥Î,Silvazine cream 1gm,Silvazine cream 1gm,Silver Sulphadiazine,EXT,,TDER,DE-02-00,¥~¥Î,GM,Silvazine cream,«D²Õ®M,°±¥Î,ESIL,¤w°±¥Î,¬O,¤£¥i¥ÎÃÄ¥]¾÷,,¤@¯ë,Á`¶q¶i¦ì,¾AÀ³¯g:¿N¿S¶Ë,,,,,,,,,¥u¥Î©óªù¶E¤Î¦í°|STAT,,Silvazine cream 1gm,,,§_,¬O,,,,,,,,,¤@¯ë,¤@¯ë,,,,,,§_,50.0,,§_,§_,§_,³æ¤è,§_,¥i¥Î,¥i¥Î,¤£¥i¿i,§_,,1.00,1.00,999.00,999.00,999,999,7,1,0,0,0,0,,µL¹Ï¤ù,,0,,0,,,,,,,,,,,GM,§_,°·«O¤£¥Ó³ø¤£­p»ù,°·«O¤£¥Ó³ø¤£­p»ù,,,,§_,LiquidLiquidEmulsion,TOPCRM,,,,,,,,,PH047,202303141652,0,0
ESILK,20040901,99999999,°±¥Î,Silkis oint 30gm,Silkis oint 30gm,Calcitriol,EXT,BID,TDER,DE-09-00,¥~¥Î,¾A¶q,,«D²Õ®M,°±¥Î¡A¥i¬dÃþ¦üÃÄ,,¤@¯ë¥i¥Î,¬O,¤£¥i¥ÎÃÄ¥]¾÷,­­¥Î,¤@¯ë,Á`¶q¶i¦ì,¾AÀ³¯g:°®Å~¡B´M±`©ÊÚµ½H,,,,,,,,,¥u¥Î©óªù¶E¤Î¦í°|STAT,¬I­²ªY³n»I,Silkis oint 30gm,,,§_,¬O,,,,,,,,,¤@¯ë,¤@¯ë,Äµ »y:¹ïÁDÓiÃÄ¹L±ÓªÌ¸T¥Î¡A½Ð¤Å±µÄ²²´¡B¤f©Î»óµÄ,,,,,§_,99.0,,§_,§_,§_,³æ¤è,§_,¥i¥Î,¥i¥Î,¤£¥i¿i,§_,,1.00,1.00,99.00,99.00,99,99,1,1,0,0,0,0,,µL¹Ï¤ù,,0,,0,,,,,,,,,,,TUB,,°·«Oµ¹¥I,°·«Oµ¹¥I,CALCITRIOL,D05AX03,B023403343,§_,LiquidLiquidEmulsion,TOPOINT,,,,,,,,,PH047,202303141652,580.00,696.00
ESIM,20180615,99999999,¥i¥Î,Simbrinza eye drops 1%/0.2%¡A 5mL,Simbrinza eye drops 1%/0.2%¡A 5mL,Brinzolamide + Brimonidine tartrate,OU,BID,TOPH,OP-05-06,¥~¥Î,ºw,,«D²Õ®M,,,¤@¯ë¥i¥Î,¬O,¥i¥ÎÃÄ¥]¾÷,±ø¥ó¤Uµ¹¥I,¤@¯ë,Á`¶q¶i¦ì,¾AÀ³¯g:ªvÀø¦¨¤H¤§«C¥ú²´¡B°ª²´À£¡C,,Indication:Lowering of ocular pressure,,¥~ Æ[:¥Õ¦â5mLÂI²´²~,Appearance:5mL eye drop bottle,¤f°®¡A§½³¡²´·ú¹L±Ó¤ÏÀ³¡Aµø¤O¼Ò½k¡A²´·ú¨ë¿E,Xerostomia¡A local ocular hypersensitivity reaction¡A blurred vision¡A eye irritati,,¬Ò¥i¥Î,³Ó§JÀ£10²@§J/2²@§J½Æ¤èÂI²´²G,Simbrinza 1%/0.2% oph susp,,,,¬O,,¨Ï¥Î«e½Ð±NÃÄ¤ô·n®Ì§¡¤Ã¡C,¨Ï¥Î«á«ØÄ³À£¦í»ó°¼²´¨¤(»ó²\ºÞ)¡A³¬°_²´Â¥2¤ÀÄÁ´î¤Ö¥þ¨­§l¦¬°Æ§@¥Î,Shake bottle well prior to administration.,Closing the eyelids for 2 minutes to reduce systemic side effects after using it,³Æµù: ­Y¦P®É¨Ï¥Î¨âºØ²´ÃÄ¤ô¡A ½Ð¶¡¹j5¤ÀÄÁ¡A ­YµLÂå®v«ü¥Ü¡A µL¥ý«á¨Ï¥Î¶¶§Ç,Allow at least 5 minutes between different eye preparations.,,¤@¯ë,¤@¯ë,Äµ »y:¬°Á×§KÃÄ®Ä¤£§¡¡A ¨Ï¥Î«e½Ð°È¥²¥R¤À·n¤Ã,,,0,0,§_,100.0,,§_,¬O,§_,½Æ¤è,,¥i¥Î,¥i¥Î,¤£¥i¿i,¬O,,1.00,1.00,1.00,1.00,999,999,1,1,3.00,3.00,0,0,,¦³¹Ï¤ù,,0,,0,,S01EC54,S01EC04,S01EA05,,,0,,0,,BOT,,°·«Oµ¹¥I,°·«Oµ¹¥I,BRINZOLAMIDE 10 MG/ML + BRIMONIDINE 2 MG/ML,S01EC54,BC26946421,,AdministrableDrugForm,OPDROP,,,0,,0,,,,PH022,202312221701,302.00,362.00
ESIN,19960101,99999999,°±¥Î,Sinomin oph soln 4%¡A 15mL,Sinomin oph soln 4%¡A 15mL,Sulfamethoxazole,OU,,TOPH,OP-01-00,¥~¥Î,ºw,OSMD,«D²Õ®M,°±¥Î,EKING,¤@¯ë¥i¥Î,¬O,¤£¥i¥ÎÃÄ¥]¾÷,,¤@¯ë,Á`¶q¶i¦ì,¾AÀ³¯g:²´³¡µoª¢µ¥¯gª¬,,Indication:Eye inflammations.,,¥~ Æ[:¥Õ¦â15mL¥~²~,Appearance:15mL white eye drop bottle,²´·ú¦³¨`¼ö·P©Î¨ä¥L¤£¾A·P,Burning or other eye discomfort,,¬Ò¥i¥Î,¤îÁw±ÓÂI²´²G,Sinomin oph soln 15mL,,,§_,¬O,,¹ïÁDÓiÃÄ¹L±ÓªÌ¸T¥Î,30¢XC¥H¤UÀx¦s¡A¤Å§NÂÃ©Î§N­á,Notify your doctor if you are allergic to sulfa drugs.,Store less than 30 ¢X C¡A do not refrigerate or freeze,³Æµù: ­Y¦P®É¨Ï¥Î¨âºØ²´ÃÄ¤ô¡A ½Ð¶¡¹j5¤ÀÄÁ¡A ­YµLÂå®v«ü¥Ü¡A µL¥ý«á¨Ï¥Î¶¶§Ç,Wait at least 5 minutes before you put any other eye drop in the same eye.,,¤@¯ë,¤@¯ë,Äµ »y:¹ïÁDÓiÃÄ¹L±ÓªÌ¸T¥Î,,,,,§_,300.0,,§_,§_,§_,³æ¤è,§_,°±¥Î,°±¥Î,¤£¥i¿i,§_,,1.00,1.00,1.00,1.00,999,999,7,1,99.00,99.00,0,0,,¦³¹Ï¤ù,,0,,0,,J01EC01,S01AB91,,,,,,,,BOT,§_,°·«Oµ¹¥I,°·«Oµ¹¥I,SULFAMETHOXAZOLE,S01AB91,AC45960435,§_,AdministrableDrugForm,OPDROP,,,,,,,,,PH047,202303141652,13.60,18.00
ESKI,19960101,99999999,°±¥Î,Skinoren cream 30gm,Skinoren cream 30gm,Azelaic Acid,EXT,,TDER,DE-07-00,¥~¥Î,¾A¶q,Skinoren Cream,«D²Õ®M,¼t°Ó¯Ê³f,EAZL,¤@¯ë¥i¥Î,¬O,¥i¥ÎÃÄ¥]¾÷,,¤@¯ë,Á`¶q¶i¦ì,¾AÀ³¯g:´M±`©ÊÚµ½H(«C¬Kµk¡A ¯»¨ë¡A ­±¯p),,Indication:Acne vulgaris.,,¥~ Æ[:¥Õ¦âÂÅ¦â¾ï¦â¬Û¶¡30gm³nºÞ¡A ¥Õ¦â»\¤l,Appearance:30gm white/orange/blue tube,¨`¼ö·P¡A »´·L¨ëµh·P¡A ¥Ö½§°®Àê¡A Äo¡A ²æ¥Ö¡A ÅÜ¬õ,Burning¡A stinging¡A or tingling of skin¡A mild¡A dryness of skin¡A itching of skin¡A,,¬Ò¥i¥Î,«äÄR¦w¨Å»I¡@,Skinoren cream 30gm,,,§_,¬O,,¬°¥~¥ÎÃÄ«~¡A ½Ð§½³¡¨Ï¥Î¡A ¤Å±µÄ²²´·ú©Î»~ªA,,For external use. Avoid contact with the eyes or oral consumption.,,,,,¤@¯ë,¤@¯ë,Äµ »y: ¥»«~¬°¥~¥ÎÃÄ«~¡A½Ð§½³¡¨Ï¥Î¡A¤Å±µÄ²²´·ú©Î»~ªA¡C,,,,,§_,99.0,,§_,¬O,§_,³æ¤è,§_,¥i¥Î,¥i¥Î,¤£¥i¿i,§_,,1.00,1.00,9.00,9.00,999,999,7,1,99.00,99.00,0,0,,¦³¹Ï¤ù,,0,,0,,D10AX03,,,,,,,,,TUB,§_,°·«Oµ¹¥I,°·«Oµ¹¥I,AZELAIC ACID,D10AX03,BC19488343,§_,LiquidLiquidEmulsion,TOPCRM,,,,,,,,,PH006,202309030802,195.00,234.00
ESOFT,19960101,99999999,°±¥Î,Sofra-tulle 10x10,Sofra-tulle 10x10,Framycetin + Lanoparaffin Gauz,EXT,,TDER,DE-02-00,¥~¥Î,¤ù,Sofra-tulle,«D²Õ®M,°±¥Î,EFRA,¤@¯ë¥i¥Î,¬O,¤£¥i¥ÎÃÄ¥]¾÷,,¤@¯ë,Á`¶q¶i¦ì,¾AÀ³¯g:±þµß¡B«OÅ@¶Ë¤f,,,,,,,,,,,Sofra-tulle 10x10,,,§_,¬O,,,,,,,,,¤@¯ë,¤@¯ë,,,,,,§_,1.0,,§_,§_,§_,³æ¤è,§_,¥i¥Î,¥i¥Î,¤£¥i¿i,¬O,,1.00,1.00,999.00,999.00,999,999,1,1,0,0,0,0,,µL¹Ï¤ù,,0,,0,,,,,,,,,,,PC,§_,¤£µ¹¥I¶·¦Û¥I,¤£µ¹¥I¶·¦Û¥I,,,B015734329,§_,SolidDrugForm,MEDPAD,,,,,,,,,PH047,202303141652,0,13.00
ESOJ,20190925,99999999,¥i¥Î,Sojourn Inhalation Liquid 250mL(­­³Â¾K¬ì),Sojourn Inhalation Liquid 250mL/bottle,Sevoflurane,IH,,ZANE,CN-04-01,¥~¥Î,ML,Ultane,«D²Õ®M,,,¤@¯ë¥i¥Î,¬O,¥i¥ÎÃÄ¥]¾÷,¤º§t,¤£¦LÃÄÅÒ,Á`¶q¶i¦ì,¾AÀ³¯g:¬°§l¤J©Ê¥þ¨­³Â¾K¾¯,,Indication:Anaesthesia.,,¥~ Æ[:250²@¤É¶ì½¦²~,Appearance:250mL bottle.,§C¦åÀ£¡A¿E°Ê¡Aäú¤ß¡A¹Ã¦R¡A«y¹Â,Hypotension¡A agitation¡A nausea¡A vomiting¡A cough,,¥u¥Î©óªù¶E¤Î¦í°|STAT,µÎ²³§l¤J¥Î²G¾¯,Sojourn Inhalation Liquid,,,¬O,¬O,,À³µø¨ä¦~ÄÖ¡BÅé­«¤Î¯gªp¤©¥H¾A·í¤§¾¯¶q¡A¨Ã¯d·NÆ[¹î,,Precaution: Should consider age¡A weight and disease state to modify dosage.,,,,2019Q3ÃÄ©e·s¶i,¤@¯ë,¤@¯ë,Äµ »y:À³µø¨ä¦~ÄÖ¡BÅé­«¤Î¯gªp¤©¥H¾A·í¤§¾¯¶q¡A¨Ã¯d·NÆ[¹î,Äµ °ªÄµ°T,,0,0,§_,1.0,,§_,¬O,§_,³æ¤è,,°±¥Î,,¤£¥i¿i,§_,,0,0,999.00,999.00,1,1,1,1,999.00,999.00,0,0,,¦³¹Ï¤ù,,0,,0,,N01AB08,,,,,0,,0,,ML,,¥Ó³ø¤£­p»ù,¥Ó³ø¤£­p»ù,,,,,GasLiquidMixture,INHLSOL,,,0,,0,,,,PH034,202107221119,0,25.00
ESOO,20160712,99999999,°±¥Î,Soolantra cream 1%¡A 15gm (±M®×¶i¤f),Soolantra cream 1%¡A 15gm (±M®×¶i¤f),Ivermectin,EXT,QD,TDER,DE-11-00,¥~¥Î,¾A¶q,Soolantra,«D²Õ®M,°±¥Î,,±M®×¶i¤fÃÄ«~,¬O,¥i¥ÎÃÄ¥]¾÷,°·«O¤£µ¹¥I,¤@¯ë,Á`¶q¶i¦ì,¾AÀ³¯g:ªvÀø°s´í»ó¤Þ°_¤§µoª¢¯gª¬,,Indication:Treatment of inflammatory lesions of rosacea.,,¥~ Æ[:¥Õ¦â15gm¶ì½¦³nºÞ,Appearance:15gm white tube,¥Ö½§¨`¼ö·P¡A¥Ö½§¨ëµh,Skin burning sensation¡A skin irritation.,,¥u¥Î©óªù¶E¤Î¦í°|STAT,µÎ§Q¹F¨Å»I,Soolantra cream 1%¡A 15gm,,,,¬O,,¬°¥~¥ÎÃÄ«~¡A ½Ð§½³¡¨Ï¥Î¡A ¤Å±µÄ²²´·ú©Î»~ªA,,Use on the face only. Avoid contact with your eyes and lips.,,,,½ÃºÖ³¡®Ö­ã±M®×¶i¤fÃÄ«~,¤@¯ë,¤@¯ë,Äµ »y:¥~¥ÎÃÄ«~¡A¶È¥Î©óÁy³¡¡A¤Å±µÄ²²´·ú¡B¤f®B³¡¡C¶î©Ù«áÀ³¬~¤â¡C,,,0,0,§_,99.0,,¬O,§_,¬O,³æ¤è,§_,°±¥Î,°±¥Î,¤£¥i¿i,§_,,1.00,1.00,9.00,9.00,999,999,7,1,99.00,99.00,0,0,,¦³¹Ï¤ù,,0,,0,,D11AX22,,,,,0,,0,,TUB,,¤£µ¹¥I¶·¦Û¥I,¤£µ¹¥I¶·¦Û¥I,,,,§_,LiquidLiquidEmulsion,TOPCRM,,,,,,,,,PH006,201901211744,0,1500.00
ESOO3,20181212,99999999,¥i¥Î,Soolantra cream 1%¡A 30gm,Soolantra cream 1%¡A 30gm,Ivermectin,EXT,QD,TDER,DE-11-00,¥~¥Î,¾A¶q,Soolantra,«D²Õ®M,,,¤@¯ë¥i¥Î,¬O,¥i¥ÎÃÄ¥]¾÷,°·«O¤£µ¹¥I,¤@¯ë,Á`¶q¶i¦ì,¾AÀ³¯g:¾A¥Î©ó¦¨¤H°s¼Ñ(¥C¯lÁw¯p¥Ö¯l)µoª¢¯f¨_ªº§½³¡ªvÀø¡C,,Indication:Treatment of inflammatory lesions of rosacea.,,¥~ Æ[:¥Õ¦â30gm¶ì½¦³nºÞ,Appearance:30gm white tube,¥Ö½§¨`¼ö·P¡A¥Ö½§¨ëµh,Skin burning sensation¡A skin irritation.,,¬Ò¥i¥Î,µÎ§Q¹F¨Å»I,Soolantra cream 1%¡A 30gm,,,,¬O,,¥~¥ÎÃÄ«~¡A¶È¥Î©óÁy³¡¡A¤Å±µÄ²²´·ú¡B¤f®B³¡¡C,,Use on the face only. Avoid contact with your eyes and lips.,,,,2018.12ÃÄ©e·s¶i,¤@¯ë,¤@¯ë,Äµ »y:¥~¥ÎÃÄ«~¡A¶È¥Î©óÁy³¡¡A¤Å±µÄ²²´·ú¡B¤f®B³¡¡C¶î©Ù«áÀ³¬~¤â¡C,,,0,0,§_,99.0,,§_,¬O,§_,³æ¤è,§_,°±¥Î,°±¥Î,¤£¥i¿i,¬O,,1.00,1.00,9.00,9.00,999,999,7,1,99.00,99.00,0,0,,¦³¹Ï¤ù,,0,,0,,D11AX22,,,,,0,,0,,TUB,§_,¤£µ¹¥I¶·¦Û¥I,¤£µ¹¥I¶·¦Û¥I,,,,§_,LiquidLiquidEmulsion,TOPCRM,,,0,,0,,,,PH009,202201030901,0,2400.00
ESPD,20230331,99999999,¥i¥Î,Sinpharderm cream 40%¡A 10gm (¥h¨¤½è),Sinpharderm cream 40%¡A 10gm (¥h¨¤½è),Urea,EXT,,TDER,DE-10-00,¥~¥Î,¾A¶q,Urea Cream,«D²Õ®M,,,¤@¯ë¥i¥Î,¬O,¥i¥ÎÃÄ¥]¾÷,¥i¥Î,¤@¯ë,Á`¶q¶i¦ì,¾AÀ³¯g:¥h¨¤½è¡C,,Indication:Exfoliation,,¥~ Æ[:10gm³nºÞ¥Õ¦â»\¤l,Appearance:10gm tube with white cap,§½³¡µu¼È©Ê¨ëµh¡B¨`¼ö·P¡B·kÄo¡C,Local transient pain¡A burning sensation¡A itching.,,¬Ò¥i¥Î,§ö¤Æ¥h¨¤½è¨Å»I40%¡A 10¤½§J,Sinpharderm cream 40%¡A 10gm,,,,¬O,,¥u­­©ó¥Ö½§¥~¥Î¤£±o¤ºªA¡C,,For external use only¡A not for internal use.,,À³Á×§K¨Ï¥Î©ó²´·ú¤º¡A¥ç¤£±o¬I©ó²´·ú¥|©P©ÎÂH½¤¡C,Avoid use in the eyes¡A and do not apply around the eyes or mucous membranes.,2023Q1 ÃÄ©e·s¶i,¤@¯ë,¤@¯ë,Äµ »y: ¥»«~¬°¥~¥ÎÃÄ«~¡A½Ð§½³¡¨Ï¥Î¡A¤Å±µÄ²²´·ú©Î»~ªA¡C,,,0,0,§_,99.0,,§_,¬O,§_,³æ¤è,§_,¥i¥Î,¥i¥Î,¤£¥i¿i,¬O,,1.00,1.00,4.00,4.00,999,999,7,1,99.00,99.00,0,0,,¦³¹Ï¤ù,,0,,0,,D02AE01,,,,,0,,0,,TUB,,°·«Oµ¹¥I,°·«Oµ¹¥I,UREA,D02AE01,AC49888329,,LiquidLiquidEmulsion,TOPCRM,,,0,,0,,,,PH047,202305111150,32.20,42.00
ESPED,19960101,99999999,°±¥Î,Spersallerg eye drop 10mL,Spersallerg eye drop 10mL,Antazoline + Tetryzoline,OU,,TOPH,OP-06-00,¥~¥Î,ºw,Spersallerg Eye Drop,«D²Õ®M,°±¥Î¡A¥i¬dÃþ¦üÃÄ,,¤@¯ë¥i¥Î,¬O,¤£¥i¥ÎÃÄ¥]¾÷,,¤@¯ë,Á`¶q¶i¦ì,¾AÀ³¯g:²´³¡µoª¢µ¥¯gª¬,,Indication:Ocular inflammation and other symptoms .,,¥~ Æ[:³z©ú10mL¶ì½¦¥~²~¡A ¥Õ¦â»\¤l,Appearance:10mL eye drop bottle¡A yellow box,²´¤ºÀ£ÅÜ¤Æ¡A Àû¤ÕÂX±i¡A ¨`¼ö·P¡A ¨ëµh·P¡A ¬y²´²\,Increase or decrease in intraocular pressure; pupillary dilation; transient stin,,¥u¥Î©óªù¶E¤Î¦í°|STAT,ªv±Ó·Àµß²´ÃÄ¤ô,Spersallerg eye drop 10mL,,,§_,¬O,,½Ð¨Ì·Ó«ü¥Ü´Á­­¤º¨Ï¥Î¡A «ØÄ³ÃÄ«~¶}«Ê¤@­Ó¤ë«á¤£À³¦A¥Î,,Follow doctor's advice. Use within one month after opening package.,,,,,¤@¯ë,¤@¯ë,Äµ »y:½Ð¨Ì·Ó«ü¥Ü´Á­­¤º¨Ï¥Î¡A«ØÄ³ÃÄ«~¶}«Ê¤@­Ó¤ë«á¤£À³¦A¥Î,,,,,§_,200.0,,§_,§_,§_,³æ¤è,§_,°±¥Î,¥i¥Î,¤£¥i¿i,§_,,1.00,1.00,1.00,1.00,999,999,7,1,0,0,0,0,,¦³¹Ï¤ù,,0,,0,,S01GA52,,,,,,,,,BOT,§_,°·«Oµ¹¥I,°·«Oµ¹¥I,ANTAZOLINE HCL,S01GA52,B019012429,§_,AdministrableDrugForm,OPDROP,,,,,,,,,PH047,202303141652,52.00,65.00
ESPEO,19960101,99999999,¥i¥Î,Spersin ointment 10gm,Spersin ointment 10gm,Bacitracin + Neomycin + Ploymyxin B,EXT,,TDER,DE-02-00,¥~¥Î,¾A¶q,Spersin Oint,«D²Õ®M,,,¤@¯ë¥i¥Î,¬O,¥i¥ÎÃÄ¥]¾÷,,¤@¯ë,Á`¶q¶i¦ì,¾AÀ³¯g:¥Ö½§¥~¶Ë¡A ¼ìºÅ¡A Áw¥Ö¯fµ¥²Óµß·P¬V¯g,,Indication:Antibiotics for topical use.,,¥~ Æ[:¥Õ¦â10gm³nºÞ,Appearance:10gm white tube,¥Ö½§¨ë¿E¡A Äo·P,Skin irritation and itchness,,¬Ò¥i¥Î,¨Ï¥Ö·s³n»I,Spersin ointment,,,§_,¬O,,¬°¥~¥ÎÃÄ«~¡A ½Ð§½³¡¨Ï¥Î¡A ¤Å±µÄ²²´·ú©Î»~ªA,,For external use. Avoid contact with the eyes or oral consumption.,,,,,¤@¯ë,¤@¯ë,Äµ »y: ¥»«~¬°¥~¥ÎÃÄ«~¡A½Ð§½³¡¨Ï¥Î¡A¤Å±µÄ²²´·ú©Î»~ªA¡C,,,,,§_,99.0,,§_,¬O,§_,³æ¤è,§_,¥i¥Î,¥i¥Î,¤£¥i¿i,¬O,,1.00,1.00,9.00,9.00,999,999,7,1,99.00,99.00,0,0,,¦³¹Ï¤ù,,0,,0,,D06AX05,D06AX04,,,,,,,,TUB,§_,°·«Oµ¹¥I,°·«Oµ¹¥I,BACITRACIN 400IU/GM + NEOMYCIN 3.5MG/GM + POLYMYXIN 5KIU/GM,D06AX04,A047810329,§_,LiquidLiquidEmulsion,TOPOINT,,,,,,,,,PH047,202303141652,78.00,98.00
ESPI,20080916,99999999,°±¥Î,Spiriva inhaler 18mcg 30's/set,Spiriva inhaler 18mcg 30's/set,Tiotropium,IH,QD,ERSP,RE-01-00,¥~¥Î,CAP,Spiriva,«D²Õ®M,°±¥Î,ESPIR,¤@¯ë¥i¥Î,§_,¤£¥i¥ÎÃÄ¥]¾÷,¥i¥Î,¤@¯ë,Á`¶q¶i¦ì,¾AÀ³¯g:ºC©Êªý¶ë©ÊªÍ¯eºû«ùªvÀø,,Indication:Chronic obstructive pulmonary disease,,¥~ Æ[:ªø¶ê¬W«¬½¦Ån»P¦Ç¦â§l¤J¶ê¾¹¨ã,Appearance:White/green box,¤f°®¡A ·w¯t¡A µø¤O¼Ò½k¡A ¤ß·i¹L³t,Dry mouth¡A dizziness¡A vision blurred¡A tachycardia,,¥u¥Î©óªù¶E¤Î¦í°|STAT,¾A³Ý¼Ö§l¤J¾¯,Spiriva inhaler 18mcg 30's/s,,,§_,¬O,,½Ð¿í·ÓÂå®v«ü¥Ü¨Ï¥Î¡A ­Yµo¥ÍºÃ¦üÃÄª«¤£¨}¤ÏÀ³½Ð§iª¾Âå¥Í,,Follow doctor's advice. Check with doctor if you notice any side effects.,,,,,¤@¯ë,¤@¯ë,Äµ »y:½Ð¿í·ÓÂå®v«ü¥Ü¨Ï¥Î¡A­Yµo¥ÍºÃ¦üÃÄª«¤£¨}¤ÏÀ³½Ð§iª¾Âå¥Í¡C,,,,,§_,30.0,,¬O,§_,¬O,³æ¤è,§_,°±¥Î,¥i¥Î,¤£¥i¿i,§_,,1.00,1.00,1.00,1.00,91,91,30,30,1.00,1.00,0,0,,¦³¹Ï¤ù,,0,,0,,R03BB04,,,,,,,,,SET,§_,°·«Oµ¹¥I,°·«Oµ¹¥I,TIOTROPIUM,R03BB04,B0237061E4,§_,GasSolidSpray,ORINHL,,,,,,,,,PH047,202303141652,1514.00,1817.00
ESPIR,20130320,99999999,¥i¥Î,Spiriva Respimat 2.5mcg/puff,Spiriva Respimat 2.5mcg/puff,Tiotropium,IH,QD,ERSP,RE-01-00,¥~¥Î,PFF,Spiriva,«D²Õ®M,,,¤@¯ë¥i¥Î,¬O,¥i¥ÎÃÄ¥]¾÷,¥i¥Î,¤@¯ë,Á`¶q¶i¦ì,¾AÀ³¯g:ºC©Êªý¶ë©ÊªÍ¯e(§tºC©Ê¤ä®ðºÞª¢¡BªÍ®ð¸~)¤§ºû«ùªvÀø¤Î,­°§C´c¤Æ,Indication:Chronic obstructive pulmonary disease,(including chronic bronchitis and emphysema),¥~ Æ[: §tÃÄ¾TÅø»P¤@­ÓµÎ¨K¼Q§l¤J¾¹ (²Ä¤@¦¸¨Ï¥Î«e²Õ¸Ë),Appearance:1 Catridge + 1 RESPIMAT inhaler,¤f°®¡A ·w¯t¡A µø¤O¼Ò½k¡A ¤ß·i¹L³t,Dry mouth¡A dizziness¡A vision blurred¡A tachycardia,,¬Ò¥i¥Î,¾A³Ý¼ÖµÎ¨K¼Q§l¤J¾¯ 2.5 ·L¤½§J,Spiriva Respimat 2.5mcg/puff,,,§_,¬O,,½Ð¿í·ÓÂå®v«ü¥Ü¨Ï¥Î¡A ­Yµo¥ÍºÃ¦üÃÄª«¤£¨}¤ÏÀ³½Ð§iª¾Âå¥Í,,Follow doctor's advice. Check with doctor if you notice any side effects.,,,,,¤@¯ë,¤@¯ë,Äµ »y:½Ð¿í·ÓÂå®v«ü¥Ü¨Ï¥Î¡A­Yµo¥ÍºÃ¦üÃÄª«¤£¨}¤ÏÀ³½Ð§iª¾Âå¥Í¡C,,,0,0,§_,60.0,,¬O,¬O,§_,³æ¤è,§_,¥i¥Î,¥i¥Î,¤£¥i¿i,¬O,,2.00,2.00,2.00,2.00,999,999,1,1,2.00,2.00,0,0,,¦³¹Ï¤ù,,0,,0,,R03BB04,,,,,,,,,BOT,,°·«Oµ¹¥I,°·«Oµ¹¥I,TIOTROPIUM,R03BB04,BC25033161,§_,GasLiquidMixture,INHLSOL,,,,,,,,,PH047,202303141653,1528.00,1834.00
ESPOT,20210327,99999999,¥i¥Î,¾A­¿¼ÖSpiolto Respimat 2.5/2.5mcg/puff,Spiolto Respimat 2.5/2.5mcg/puff,Tiotropium + Olodaterol,IH,QD,ERSP,RE-01-00,¥~¥Î,PFF,Spiolto (½Æ¤è),«D²Õ®M,,,¤@¯ë¥i¥Î,¬O,¥i¥ÎÃÄ¥]¾÷,¥i¥Î,¤@¯ë,Á`¶q¶i¦ì,¾AÀ³¯g:ºC©Êªý¶ë©ÊªÍ¯e¤§ªø´Áºû«ùªvÀø,,Indication:Chronic obstructive pulmonary disease,,¥~ Æ[: §tÃÄ¾TÅø»P¤@­ÓµÎ¨K¼Q§l¤J¾¹ (²Ä¤@¦¸¨Ï¥Î«e²Õ¸Ë),Appearance:1 Catridge + 1 RESPIMAT inhaler,¤f°®¡A ·w¯t¡A µø¤O¼Ò½k¡A ¤ß·i¹L³t,Dry mouth¡A dizziness¡A vision blurred¡A tachycardia,,¬Ò¥i¥Î,¾A­¿¼Ö µÎ¨K¼Q §l¤J¾¯,Spiolto Respimat 2.5/2.5mcg,,,,¬O,,½Ð¿í·ÓÂå®v«ü¥Ü¨Ï¥Î¡A ­Yµo¥ÍºÃ¦üÃÄª«¤£¨}¤ÏÀ³½Ð§iª¾Âå¥Í,À³¤p¤ßÁ×§KÅý¼QÃú¶i¤J²´·ú,Follow doctor's advice. Check with doctor if you notice any side effects.,Should be cautioned to avoid getting the spray into eyes,ÃÄÅø´¡©ñ¤J§l¤J¾¹¤§«á¡A¶È¯à¨Ï¥Î3­Ó¤ë,Don't use more than 3 months after insertion of the cartridge into the inhaler.,2021.Q1ÃÄ©e·s¶i,¤@¯ë,¤@¯ë,Äµ »y:½Ð¿í·ÓÂå®v«ü¥Ü¨Ï¥Î¡A­Yµo¥ÍºÃ¦üÃÄª«¤£¨}¤ÏÀ³½Ð§iª¾Âå¥Í¡C,,,0,0,§_,60.0,,¬O,¬O,§_,½Æ¤è,§_,¥i¥Î,¥i¥Î,¤£¥i¿i,¬O,,2.00,2.00,2.00,2.00,999,999,1,1,2.00,2.00,0,0,,¦³¹Ï¤ù,,0,,0,,R03AL06,R03AC19,R03BB04,,,0,,0,,BOT,,°·«Oµ¹¥I,°·«Oµ¹¥I,OLODATEROL 5 MCG/DOSE + TIOTROPIUM 5 MCG/DOSE,R03AL06,BC26735443,,GasLiquidMixture,INHLSOL,,,0,,0,,,,PH034,202105191017,1530.00,1836.00
ESTE,20050317,99999999,¥i¥Î,Stesolid rectal tubes 10mg,Stesolid rectal tubes 10mg,Diazepam,RECT,ASORDER,CNEU,CN-02-02,¥~¥Î,TUB,Diazepam,«D²Õ®M,Á{±ÄÃÄ¡A½Ð³qª¾ÃÄ§½¥~ÁÊ,,­Ó®×Á{±Ä,¬O,¥i¥ÎÃÄ¥]¾÷,°·«O¤£µ¹¥I,¤@¯ë,Á`¶q¶i¦ì,¾AÀ³¯g:ÀË¬d©Î¤â³N«e¨zªù¥ÎÂíÀR¾¯,,Indication:Sedative before exploratory examination.,,¥~ Æ[:¾Tºä¸Ë´Îª¬²G¾¯,Apperance:single packed plastic tube,¯h­Â¡B§x­Â¡B·w¯t¡B°O¾Ð³à¥¢¡B¹B°Ê¥¢½Õ,Fatigue¡A drowsiness¡A dizziness¡A memory loss¡A ataxia,,¬Ò¥i¥Î,²¨µjª½¸z¥Î²G¾¯,Stesolid rectal tubes 10mg,,,¬O,¬O,,¥ÎÃÄ«á¥i¯à·|¦³ºÎ·N¡Bª`·N¤O¤£¶°¤¤¡B¤Ï®g¯à¤O­°§Cµ¥²{¶H,,May cause dizziness¡A weakness¡A lack of coordination.,,,,,¤@¯ë,¥|¯ÅºÞ¨î,Äµ »y:¥ÎÃÄ«á¥i¯à·|¦³ºÎ·N¡Bª`·N¤O¤£¶°¤¤¡B¤Ï®g¯à¤O­°§Cµ¥²{¶H,,,,,§_,1.0,,§_,¬O,§_,³æ¤è,§_,°±¥Î,°±¥Î,¤£¥i¿i,¬O,,1.00,1.00,1.00,1.00,10,999,1,1,1.00,1.00,0,0,,¦³¹Ï¤ù,,0,,0,,N05BA01,,,,,,,,,TUB,§_,¤£µ¹¥I¶·¦Û¥I,¤£µ¹¥I¶·¦Û¥I,,,,§_,Liquid,RECSOL,,,,,,,,,PH047,202402150456,0,168.00
ESTI,19960101,99999999,°±¥Î,Stiemycin solution 2% 25mL,Stiemycin solution 2% 25mL,Erythromycin,EXT,,TDER,DE-02-00,¥~¥Î,¾A¶q,Stiemycin,«D²Õ®M,°±¥Î¡A¥i¬dÃþ¦üÃÄ,,¤@¯ë¥i¥Î,¬O,¤£¥i¥ÎÃÄ¥]¾÷,,¤@¯ë,Á`¶q¶i¦ì,¾AÀ³¯g:´M±`©ÊÚµ½H,,,,,,,,,¥u¥Î©óªù¶E¤Î¦í°|STAT,,Stiemycin solution 2% 25mL,,,§_,¬O,,,,,,,,,¤@¯ë,¤@¯ë,,,,,,§_,99.0,,§_,§_,§_,³æ¤è,§_,¥i¥Î,¥i¥Î,¤£¥i¿i,§_,,1.00,1.00,999.00,999.00,999,999,7,1,0,0,0,0,,µL¹Ï¤ù,,0,,0,,,,,,,,,,,BOT,§_,°·«Oµ¹¥I,°·«Oµ¹¥I,ERYTHROMYCIN,D10AF02,B019114340,§_,Liquid,TOPSOL,,,,,,,,,PH047,202303141653,161.00,193.00
ESUP,19960101,99999999,¥i¥Î,Suprane 240mL,Suprane 240mL,Desflurane,IH,,ZANE,CN-04-01,¥~¥Î,ML,Suprane,«D²Õ®M,,,¤@¯ë¥i¥Î,¬O,¥i¥ÎÃÄ¥]¾÷,,¤£¦LÃÄÅÒ,Á`¶q¶i¦ì,¾AÀ³¯g:³Â¾K¾¯,,Indication:Anesthesia,,¥~ Æ[:240²@¤É¾TÅø,Appearance:240mL bottle.,äú¤ß¡A¹Ã¦R¡A«y¹Â,Nausea¡A vomiting¡A cough.,,¥u¥Î©óªù¶E¤Î¦í°|STAT,¿é¬¡¯à²GºA§l¤J¾¯,Suprane 240mL,,,§_,¬O,,»Ý¸g¥Ñ´§µo¾¹µ¹ÃÄ¤§§l¤J©Ê¥þ¨­³Â¾K¾¯,,,,,,,¤@¯ë,¤@¯ë,Äµ »y:À³µø¨ä¦~ÄÖ¡BÅé­«¤Î¯gªp¤©¥H¾A·í¤§¾¯¶q¡A¨Ã¯d·NÆ[¹î,Äµ °ªÄµ°T,,,,§_,240.0,,§_,¬O,§_,³æ¤è,§_,¥i¥Î,¥i¥Î,¤£¥i¿i,¬O,,1.00,1.00,999.00,999.00,999,999,1,1,999.00,999.00,0,0,,¦³¹Ï¤ù,,0,,0,,N01AB07,,,,,,,,,CC,§_,¥Ó³ø¤£­p»ù,¥Ó³ø¤£­p»ù,,,,§_,GasLiquidMixture,INHLSOL,,,,,,,,,PH047,202303141653,0,21.00
ESUT,20060925,99999999,¥i¥Î,Sutrol gel-vaginal 7.5mg/gm¡A 25gm,Sutrol gel-vaginal 7.5mg/gm¡A 25gm,Metronidazole,VAG,HS,SGU,UR-01-00,¥~¥Î,¾A¶q,,«D²Õ®M,,,¤@¯ë¥i¥Î,¬O,¥i¥ÎÃÄ¥]¾÷,¥i¥Î,¤@¯ë,Á`¶q¶i¦ì,¾AÀ³¯g:ªvÀø²Óµß³±¹Dª¢,,Indication:Vaginal infections,,¥~ Æ[:25 gm ³±¹D¥Î³n»I,Appearance:Red/white box¡A 25gm tube,³±³¡¤£¾A¡A ³±¹D©À¯]µß·P¬V¡A ³±¹D¨ë¿E¡A °©¬ÖµÄ¤£¾A,Vag discomfort¡A vag candidiasis¡A vag irritation¡A pelvic discomfort.,,¬Ò¥i¥Î,¯À¤k¼ä³±¹D¥Î¾®½¦,Sutrol gel-vaginal 7.5mg/gm¡A,,,§_,¬O,,½Ð¸m©ó«Äµ£µLªk¨ú±o¤§³B,,Keep medicine out of reach of children.,,,,,¤@¯ë,¤@¯ë,Äµ »y:½Ð¸m©ó«Äµ£µLªk¨ú±o¤§³B,,,,,§_,99.0,,§_,¬O,§_,³æ¤è,§_,¥i¥Î,¥i¥Î,¤£¥i¿i,¬O,,1.00,1.00,9.00,9.00,112,112,7,1,99.00,99.00,0,0,,¦³¹Ï¤ù,,0,,0,,G01AF01,,,,,,,,,TUB,,°·«Oµ¹¥I,°·«Oµ¹¥I,METRONIDAZOLE,G01AF01,AC45386540,§_,LiquidSolidSuspension,VAGGEL,,,,,,,,,PH047,202401101452,102.00,122.00
ESWI,20031105,99999999,¥i¥Î,Sterile water for irrigation 2000mL,Sterile water for irrigation 2000mL,Sterile Water,IRR,,MSIV,NU-05-00,¥~¥Î,BOT,,«D²Õ®M,,,¤@¯ë¥i¥Î,¬O,¥i¥ÎÃÄ¥]¾÷,¥i¥Î,¤@¯ë,Á`¶q¶i¦ì,,,,,,,,,,¬Ò¥i¥Î,,Sterile water for irrigation,,,§_,¬O,,,,,,,,,¤@¯ë,¤@¯ë,Äµ »y: ¥»«~¬°¥~¥ÎÃÄ«~¡A½Ð§½³¡¨Ï¥Î¡A¤Å±µÄ²²´·ú©Î»~ªA¡C,,,,,§_,1.0,,§_,¬O,§_,³æ¤è,§_,°±¥Î,°±¥Î,¤£¥i¿i,¬O,,1.00,1.00,99.00,99.00,999,99,1,1,99.00,99.00,0,0,,µL¹Ï¤ù,,2000.00,ML,0,,V07ABaa,,,,,,,,,BAG,,°·«O¤£¥Ó³ø¤£­p»ù,°·«O¤£¥Ó³ø¤£­p»ù,,,A036456312,§_,Liquid,IRSOL,,,,,,,,,PH047,202303200853,0,72.00
ESYM,20020523,99999999,¥i¥Î,Symbicort Turbuhaler 160/4.5mcg,Symbicort Turbuhaler 160/4.5mcg,Budesonide + Formoterol,IH,,ERSP,RE-04-00,¥~¥Î,PFF,Symbicort ©w¶q¯»ª¬§l¤J¾¯,«D²Õ®M,,,¤@¯ë¥i¥Î,¬O,¥i¥ÎÃÄ¥]¾÷,¥i¥Î,¤@¯ë,Á`¶q¶i¦ì,¾AÀ³¯g:¾A¦X¨Ï¥ÎÃþ©T¾J¤Îªø®Ä£]2§@¥Î¾¯¦X¨ÖªvÀø®ð³Ý¡Aªý¶ë©ÊªÍ¯f,,Indication:Asthma¡A chronic obstructive pulmonary disease.,,¥~ Æ[:¥Õ¦â¶ì½¦¥~²~¡A¬õ¦â±ÛÂà©³½L,Appearance:White box,ÀYµh¡A ¤ß±ª¡A Å¸§Ý¡A ¤fµÄª¢©Î¥X²{¥ÕÂI¡A ³ïÄVµh¡A «y¹Â¡A Án­µ¼R°×,Headache; rapid pulse; trembling; sores¡A mouth irritation or white spots; sore t,,¬Ò¥i¥Î,"§l¥²ÂX"³£«O©w¶q¯»ª¬§l¤J¾¯,Symbicort Turbuhaler 160/4.5,,,§_,¬O,,§l¤J¾¯¡A ¨Ï¥Î«á©yº¤¤f,,For inhalation only. Gargle after using.,,,,,¤@¯ë,¤@¯ë,Äµ »y:§l¤J¾¯¡A¨Ï¥Î«á©yº¤¤f,,,,,§_,120.0,,§_,¬O,§_,½Æ¤è,§_,¥i¥Î,¥i¥Î,¤£¥i¿i,¬O,,2.00,2.00,4.00,4.00,99,30,1,1,12.00,12.00,0,0,1.00,¦³¹Ï¤ù,,0,,0,,R03AK07,R03AC13,R03BA02,,,,,,,SET,,°·«Oµ¹¥I,°·«Oµ¹¥I,BUDESONIDE 160 (320) MCG/DOSE + FORMOTEROL 4.5 (9.0) MCG/DOSE,R03AK07,BC232651E7,§_,GasSolidSpray,MDINHLPWD,,,,,,,,,PH047,202303141653,929.00,1115.00
ESYMR,20190620,99999999,¥i¥Î,(¼QÃú)Symbicort Rapihaler 160/4.5mcg/dose,Symbicort Rapihaler 160/4.5mcg/dose,Budesonide + Formoterol,IH,,ERSP,RE-04-00,¥~¥Î,PFF,Symbicort ®ð¤Æ¼QÃú¾¯,«D²Õ®M,,,¤@¯ë¥i¥Î,¬O,¥i¥ÎÃÄ¥]¾÷,¥i¥Î,¤@¯ë,Á`¶q¶i¦ì,¾AÀ³¯g:¾A¦X¨Ï¥ÎÃþ©T¾J¤Îªø®Ä£]2§@¥Î¾¯¦X¨ÖªvÀø®ð³Ý¡Aªý¶ë©ÊªÍ¯f,,Indication:Asthma¡A chronic obstructive pulmonary disease.,,¥~ Æ[: ¬õ/¦Ç¶ì½¦¥~²~,Appearance: Red/gray plastic device.,ÀYµh¡A ¤ß±ª¡A Å¸§Ý¡A ¤fµÄª¢©Î¥X²{¥ÕÂI¡A ³ïÄVµh¡A «y¹Â¡A Án­µ¼R°×,Headache; rapid pulse; trembling; sores¡A mouth irritation or white spots,,¬Ò¥i¥Î,¡§§l¥²ÂX¡¨®ð¤Æ¼QÃú¾¯,Symbicort Rapihaler 160/4.5,,,,¬O,,§l¤J¾¯¡A ¨Ï¥Î«á©yº¤¤f,½Ð¤Å¦s©ñ©ó30¢J¥H¤W,For inhalation only. Gargle after using.,Do not store above 30 ¢XC,,,2019.Q2ÃÄ©e·s¶i,¤@¯ë,¤@¯ë,Äµ »y:§l¤J¾¯¡A¨Ï¥Î«á©yº¤¤f,,,0,0,§_,120.0,,§_,¬O,§_,½Æ¤è,§_,¥i¥Î,¥i¥Î,¤£¥i¿i,¬O,,2.00,2.00,4.00,4.00,99,30,1,1,12.00,12.00,0,0,1.00,¦³¹Ï¤ù,,0,,0,,R03AK07,R03AC13,R03BA02,,,0,,0,,SET,,°·«Oµ¹¥I,°·«Oµ¹¥I,BUDESONIDE 160 (320) MCG/DOSE + FORMOTEROL 4.5 (9.0) MCG/DOSE,R03AK07,BC266571E7,§_,,,,,0,,0,mL,,,PH034,202212211509,929.00,1115.00
ETAF,20150920,99999999,°±¥Î,Taflotan oph soln 0.0015%¡A 2.5mL,Taflotan oph soln 0.0015%¡A 2.5mL,Tafluprost,OU,HS,TOPH,OP-05-05,¥~¥Î,ºw,Zioptan,«D²Õ®M,°±¥Î,,¤@¯ë¥i¥Î,¬O,¤£¥i¥ÎÃÄ¥]¾÷,±ø¥ó¤Uµ¹¥I,¤@¯ë,Á`¶q¶i¦ì,¾AÀ³¯g:¥Dªv«C¥ú²´¡A °ª²´À£¡C,,Indication:Reduction of intraocular pressure.,,¥~ Æ[: 2.5 ²@¤ÉÂI²´²~,Appearance: 2.5 mL eye drop in plastic bottle,µ²½¤¥R¦å¡AÀYµh¡A¨ëµh¡Aµø¤O¼Ò½k¡A­i½¤¦â¯À¨I¾ý,Conjunctival hyperemia¡A headache¡A stinging¡A blurred vision¡A iris color changes,,¥u¥Î©óªù¶E¤Î¦í°|STAT,®õºÖÃ¹©Z²´ÃÄ¤ô,Taflotan oph soln 0.0015%,,,,¬O,,¥i¯à¥X²{¼È®É©Êµø¤O¼Ò½k¡AÁ×§K¶}¨®©Î¾Þ§@»ö¾¹¡C,,Avoid driving or operating machinery if you occur vision blurred.,,³Æµù: ­Y¦P®É¨Ï¥Î¨âºØ²´ÃÄ¤ô¡A ½Ð¶¡¹j5¤ÀÄÁ¡A ­YµLÂå®v«ü¥Ü¡A µL¥ý«á¨Ï¥Î¶¶§Ç,Allow at least 5 minutes between different eye preparations,106-2 ÃÄ©e·|³q¹L¶iÃÄ,¤@¯ë,¤@¯ë,¥i¯à¥X²{¼È®É©Êµø¤O¼Ò½k¡AÁ×§K¶}¨®©Î¾Þ§@»ö¾¹¡C,,,0,0,§_,50.0,,§_,§_,¬O,³æ¤è,§_,¥i¥Î,¥i¥Î,¤£¥i¿i,¬O,,1.00,1.00,1.00,1.00,999,999,28,999,2.00,2.00,0,0,,¦³¹Ï¤ù,,0,,0,,S01EE05,,,,,0,,0,,BOT,,°·«Oµ¹¥I,°·«Oµ¹¥I,TAFLUPROST,S01EE05,BC25377414,§_,AdministrableDrugForm,OPDROP,,,,,,,,,PH047,202303141653,243.00,292.00
ETAFS,20190701,99999999,¥i¥Î,Taflotan-S 0.0015%¡A 0.3mL ²´ÃÄ¤ô(30¤ä/²°),Taflotan-S 0.0015%¡A0.3mL ophthalmic solution,Tafluprost,OU,HS,TOPH,OP-05-05,¥~¥Î,¤ä,Taflotan-S,«D²Õ®M,,,¤@¯ë¥i¥Î,¬O,¥i¥ÎÃÄ¥]¾÷,±ø¥ó¤Uµ¹¥I,¤@¯ë,¦¸­p¶q¶i¦ì,¾AÀ³¯g:¥Dªv«C¥ú²´¡A °ª²´À£,,Indication:Reduction of intraocular pressure.,,¥~ Æ[: 0.3²@¤É³æ¤ä¸Ë²´ÃÄ¤ô,Appearance: 0.3mL eye drop in plastic container.,µ²½¤¥R¦å¡AÀYµh¡A¨ëµh¡Aµø¤O¼Ò½k¡A­i½¤¦â¯À¨I¾ý,Conjunctival hyperemia¡A headache¡A stinging¡A blurred vision¡A iris color changes,,¬Ò¥i¥Î,®õºÖÃ¹©Z(³æ¤ä¸Ë)²´ÃÄ¤ô0.0015%,Taflotan-S oph soln 0.0015%,,,,¬O,,¥i¯à¥X²{¼È®É©Êµø¤O¼Ò½k¡AÁ×§K¶}¨®©Î¾Þ§@»ö¾¹¡C,¨C²´¨Ï¥Î¤@ºw¡A¤@¤é¤@¦¸¡C»Ý§NÂÃ2-8¢J¡C,Avoid driving or operating machinery if you occur vision blurred.,One drop in affected eye(s) once daily.,³Æµù: ­Y¦P®É¨Ï¥Î¨âºØ²´ÃÄ¤ô¡A ½Ð¶¡¹j5¤ÀÄÁ¡A ­YµLÂå®v«ü¥Ü¡A µL¥ý«á¨Ï¥Î¶¶§Ç,1.Store in a 2-8¢J. 2.Allow at least 5 minutes between different eye preparation,2019Q2ÃÄ©e·s¼W,¤@¯ë,¤@¯ë,¥i¯à¥X²{¼È®É©Êµø¤O¼Ò½k¡AÁ×§K¶}¨®©Î¾Þ§@»ö¾¹¡C,,,0,0,§_,1.0,,§_,¬O,¬O,³æ¤è,§_,¥i¥Î,¥i¥Î,¤£¥i¿i,¬O,,1.00,1.00,1.00,1.00,999,999,1,1,1.00,1.00,0,0,,¦³¹Ï¤ù,,0,,0,,S01EE05,,,,,0,,0,,¤ä,§_,°·«Oµ¹¥I,°·«Oµ¹¥I,TAFLUPROST,S01EE05,BC26615405,¬O,AdministrableDrugForm,OPDROP,,,0,,0,,,,PH034,202202161341,13.50,18.00
ETAL,19960101,99999999,°±¥Î,Talsutin VT 100/50mg,Talsutin VT 100/50mg,Tetracycline + Amphotericin B,VAG,HS,SGU,UR-01-00,¥~¥Î,V.T,Talsutin VT,«D²Õ®M,°±¥Î¡A¥i¬dÃþ¦üÃÄ,,¤@¯ë¥i¥Î,¬O,¤£¥i¥ÎÃÄ¥]¾÷,,¤@¯ë,Á`¶q¶i¦ì,¾AÀ³¯g:©À¯]µß¡BºwÂÎ©Î²Óµß·P¬V©Ò¤Þ°_¤§³±¹Dª¢,,,,,,,,,,±aµÎ©w ³±¹D¿õ,Talsutin VT 100/50mg,,,§_,¬O,,,,,,,,,¤@¯ë,¤@¯ë,Äµ »y:³±¹D®ê¾¯¸m©ó25¢J¥H¤UÀx¦s¡A ½Ð¥ý¥h°£¥~¥]¸Ë«á¦A¥Î,,,,,§_,1.0,,§_,§_,¬O,³æ¤è,§_,¥i¥Î,¥i¥Î,¤£¥i¿i,¬O,,1.00,1.00,1.00,1.00,999,999,7,1,0,0,0,0,,µL¹Ï¤ù,,0,,0,,,,,,,,,,,V.T,§_,°·«Oµ¹¥I,°·«Oµ¹¥I,TETRACYCLINE 100MG + AMPHOTERICIN B 50MG,G01AA,A034794500,§_,SolidDrugForm,VAGSUPP,,,,,,,,,PH047,202303141653,5.80,8.00
ETAR,19960101,99999999,°±¥Î,Tarivid otic solution 0.3%¡A 5mL,Tarivid otic solution 0.3%¡A 5mL,Ofloxacin,AU,,TENT,EN-01-00,¥~¥Î,ºw,Tarivid,«D²Õ®M,¼t°Ó¯Ê³f,EFLO,¤@¯ë¥i¥Î,¬O,¥i¥ÎÃÄ¥]¾÷,,¤@¯ë,Á`¶q¶i¦ì,¾AÀ³¯g:¦Õ¥Îºw¾¯¡A ªvÀø¥~¦Õª¢¡A ¹ª½¤¬ï¤Õ¤§ºC©Ê¤¤¦Õª¢µ¥,,Indication:Ear infections.,,¥~ Æ[:³z©ú5mL¶ì½¦¥~´ß¡A ºñ¦â»\¤l,Appearance:Green ear drop bottle,ÀY·w,Dizziness,,¬Ò¥i¥Î,®õ§Q¥²§´ÂI¦Õ²G,Tarivid otic soln 0.3%¡A 5mL,,,§_,¬O,,¬°¥~¥ÎÃÄ«~¡A ½Ð§½³¡¨Ï¥Î¡A ¤Å±µÄ²²´·ú©Î»~ªA,,For external use. Avoid contact with the eyes or oral consumption.,,,,,¤@¯ë,¤@¯ë,Äµ »y: ¥»«~¬°¥~¥ÎÃÄ«~¡A½Ð§½³¡¨Ï¥Î¡A¤Å±µÄ²²´·ú©Î»~ªA¡C,,,,,§_,100.0,,§_,¬O,§_,³æ¤è,§_,°±¥Î,¥i¥Î,¤£¥i¿i,§_,,6.00,6.00,10.00,10.00,999,999,7,1,30.00,30.00,0,0,,¦³¹Ï¤ù,,0,,0,,S02AA16,S02AA91,,,,,,,,BOT,§_,°·«Oµ¹¥I,°·«Oµ¹¥I,OFLOXACIN,S02AA16,BC22283421,§_,AdministrableDrugForm,OTDROP,,,,,,,,,PH006,202401281028,51.00,64.00
ETAZ,20020526,99999999,°±¥Î,Zorac gel 0.1%¡A 30gm,Zorac gel 0.1%¡A 30gm,Tazarotene,EXT,,TDER,DE-09-00,¥~¥Î,¾A¶q,Tazorac gel,«D²Õ®M,°±¥Î,EZOR,¤w°±¥Î,¬O,¤£¥i¥ÎÃÄ¥]¾÷,±ø¥ó¤Uµ¹¥I,¤@¯ë,Á`¶q¶i¦ì,¾AÀ³¯g:°®Å~¡B´M±`©ÊÚµ½H,,,,,,,,,¥u¥Î©óªù¶E¤Î¦í°|STAT,Ã¹½§®æ ¥~¥Î¾®½¦,Zorac gel 0.1%¡A 30gm,,,§_,¬O,,,,,,,,,¤@¯ë,¤@¯ë,Äµ »y: ¥»«~¬°¥~¥ÎÃÄ«~¡A½Ð§½³¡¨Ï¥Î¡A¤Å±µÄ²²´·ú©Î»~ªA¡C,,,,,§_,99.0,,§_,§_,§_,³æ¤è,§_,¥i¥Î,¥i¥Î,¤£¥i¿i,§_,,1.00,1.00,1.00,1.00,60,30,1,1,0,0,0,0,,µL¹Ï¤ù,,0,,0,,,,,,,,,,,TUB,,°·«Oµ¹¥I,°·«Oµ¹¥I,TAZAROTENE,D05AX05,B023194343,§_,LiquidSolidSuspension,TOPGEL,,,,,,,,,PH047,202303141653,693.00,832.00
ETEA,19960101,99999999,¥i¥Î,Tears Naturale 15mL,Tears Naturale 15mL,Dextran 70 + Hydromellose,OU,,TOPH,OP-07-00,¥~¥Î,ºw,Tears Naturale,«D²Õ®M,°±¥Î¡A¥i¬dÃþ¦üÃÄ,EATL,¤@¯ë¥i¥Î,¬O,¥i¥ÎÃÄ¥]¾÷,,¤@¯ë,Á`¶q¶i¦ì,¾AÀ³¯g:¼È®É½w¸Ñ¦]²´·ú°®Àß©Ò¤Þ°_¨`¼ö·P»P¨ë¿E·P,,Indication:Relief of dry eyes.,,¥~ Æ[:15mLÂÅºñ/¥Õ¦âÂI²´²~,Appearance:15mL blue-green/white eye drop bottle,°¸¦Ó²´·ú¬õ¸~¡A ¨`¼ö¡A ¨ëµh·P,Occasionally ocular redness¡A swelling¡A burning sensation¡A pain¡A stinging.,,¬Ò¥i¥Î,²\µMÂI²´²G,Tears Naturale 15mL,,,§_,¬O,,­Yµø¤O¼Ò½k¡A «ùÄòµo¬õ©Î¨ëµh½Ð§iª¾Âå¥Í,,Vision blurring¡A continued redness or irritation of the eye¡A check with doctor.,,³Æµù: ­Y¦P®É¨Ï¥Î¨âºØ²´ÃÄ¤ô¡A ½Ð¶¡¹j5¤ÀÄÁ¡A ­YµLÂå®v«ü¥Ü¡A µL¥ý«á¨Ï¥Î¶¶§Ç,,,¤@¯ë,¤@¯ë,Äµ »y:­Y²´·ú«ùÄòµo¬õ¡B¨ëµh©Î³sÄò¨Ï¥Î¤T¤Ñ¯gª¬¥¼§ïµ½¡A½Ð¥ß§Y°±¥Î¨Ã¦^¶E¡C,,,,,§_,300.0,,§_,¬O,§_,³æ¤è,§_,¥i¥Î,°±¥Î,¤£¥i¿i,§_,,1.00,1.00,2.00,2.00,999,999,28,1,48.00,48.00,0,0,,¦³¹Ï¤ù,,0,,0,,S01XA20,,,,,,,,,BOT,§_,°·«Oµ¹¥I,°·«Oµ¹¥I,DEXTRAN 1MG/ML + HYDROXYPROPYL METHYLCELLULOSE 3MG/ML,S01XA20,B017091435,§_,AdministrableDrugForm,OPDROP,,,,,,,,,PH049,202310311033,47.10,61.00
ETEA1,20231101,99999999,¥i¥Î,Tears Naturale 15mL,Tears Naturale 15mL,Dextran 70 + Hydromellose,OU,,TOPH,OP-07-00,¥~¥Î,ºw,Tears Naturale,«D²Õ®M,,,¤@¯ë¥i¥Î,¬O,¥i¥ÎÃÄ¥]¾÷,°·«O¤£µ¹¥I,¤@¯ë,Á`¶q¶i¦ì,¾AÀ³¯g:¼È®É½w¸Ñ¦]²´·ú°®Àß©Ò¤Þ°_¨`¼ö·P»P¨ë¿E·P¡C,,Indication: Relieves dry eye burning and irritation.,,¥~ Æ[:15mL¶ì½¦ÂI²´²~¡AÂÅºñ/¥Õ¦â¼ÐÅÒ¡B¥Õ¦â²~»\,Appearance: 15mL eye dropper bottle with white cap.,°¸¦³²´·ú¬õ¸~¡B¨`¼ö¡B¨ëµh·P¡C,Occasional eye redness¡A swelling¡A burning¡A and stinging sensation.,,¬Ò¥i¥Î,²\µMÂI²´²G,Tears Naturale 15mL,,,,¬O,,­Y²´·ú«ùÄòµo¬õ¡B¨ëµh©Î³sÄò¨Ï¥Î¤T¤Ñ¯gª¬¥¼§ïµ½¡A½Ð¥ß§Y°±¥Î¨Ã¦^¶E¡C,¶}²~28¤Ñ«á½Ð¤ÅÄ~Äò¨Ï¥Î¡C,Report any vision changes¡A and stop after 3 days with no improvement.,Don't use after 28 days of opening.,³Æµù¡G­Y¦P®É¨Ï¥Î¨âºØ²´ÃÄ¤ô¡A½Ð¶¡¹j5¤ÀÄÁ¡C­YµLÂå®v«ü¥Ü¡A«hµL¥ý«á¶¶§Ç¡C,If using two eye drops together¡A please wait 5 minutes between applications.,202310 ·s¼W (2023/11/1 °_Tears Naturale°·«O¤£µ¹¥I),¤@¯ë,¤@¯ë,Äµ »y:­Y²´·ú«ùÄòµo¬õ¡B¨ëµh©Î³sÄò¨Ï¥Î¤T¤Ñ¯gª¬¥¼§ïµ½¡A½Ð¥ß§Y°±¥Î¨Ã¦^¶E¡C,,,0,0,§_,300.0,,§_,¬O,§_,³æ¤è,,°±¥Î,,¤£¥i¿i,¬O,,1.00,1.00,2.00,2.00,999,999,28,1,48.00,48.00,0,0,,¦³¹Ï¤ù,,0,,0,,S01XA20,,,,,0,,0,,BOT,§_,¤£µ¹¥I¶·¦Û¥I,¤£µ¹¥I¶·¦Û¥I,,,,§_,AdministrableDrugForm,OPDROP,,,0,,0,,,,PH006,202311260914,0,150.00
ETEI,19960101,99999999,°±¥Î,Teiria gel 5%¡A 40gm,Teiria gel 5%¡A 40gm,Etofenamate,EXT,,CNEU,CN-01-02,¥~¥Î,¾A¶q,Rheumon Gel,«D²Õ®M,°±¥Î,EETO,¤@¯ë¥i¥Î,¬O,¤£¥i¥ÎÃÄ¥]¾÷,,¤@¯ë,Á`¶q¶i¦ì,¾AÀ³¯g:§á¶Ë¡A ¼²¶Ë¡A Ãö¸`ª¢¡A ­·Àã¯gµ¥,,Indication:Relief of pain & inflammation.,,¥~ Æ[:²HÂÅ¦â¥Õ¦â¬Û¶¡³nºÞ,Appearance:Light blue/white tube,¥Ö½§·kÄo¡A ¬õ´³¡A ¥Ö½§¨ë¿E¡A ¹L±Ó©Ê¥Ö½§ª¢¡A ëC³Â¯l,Pruritus¡A erythema¡A irritation¡A allergic contact dermatitis¡A hives,,¥u¥Î©óªù¶E¤Î¦í°|STAT,«äµÎ»Äµh¾®½¦,Teiria gel 5%¡A 40gm,,,§_,¬O,,¬°¥~¥ÎÃÄ«~¡A ½Ð§½³¡¨Ï¥Î¡A ¤Å±µÄ²²´·ú©Î»~ªA,,For external use. Avoid contact with the eyes or oral consumption.,,¦p¥ÎÃÄ«á¥X²{³ïµh¡B¤fµÄÂH½¤¼ìÄê¡B¥Ö¯lµ¥¯gª¬¡A¥ß§Y°±ÃÄ¦^¶E,If signs of sore throat¡A mouth ulcers or skin rash occur¡A please consult doctor,,¤@¯ë,¤@¯ë,Äµ »y: ¥»«~¬°¥~¥ÎÃÄ«~¡A½Ð§½³¡¨Ï¥Î¡A¤Å±µÄ²²´·ú©Î»~ªA¡C,,,,,§_,130.0,,§_,§_,§_,³æ¤è,§_,°±¥Î,¥i¥Î,¤£¥i¿i,§_,,1.00,1.00,9.00,9.00,999,999,7,1,99.00,99.00,0,0,,¦³¹Ï¤ù,,0,,0,,M02AA06,,,,,,,,,TUB,§_,°·«Oµ¹¥I,°·«Oµ¹¥I,ETOFENAMATE,M02AA06,A034159345,§_,LiquidSolidSuspension,TOPGEL,,,,,,,,,PH047,202303141653,52.00,65.00
ETES,19960101,99999999,°±¥Î,Testoviron K-Y,Testoviron K-Y,Testosterone + K-Y,EXT,,HM,HR-03-01,¥~¥Î,¾A¶q,Testoviron K-Y,«D²Õ®M,°±¥Î,,¤@¯ë¥i¥Î,¬O,¤£¥i¥ÎÃÄ¥]¾÷,°·«O¤£µ¹¥I,¤@¯ë,Á`¶q¶i¦ì,¾AÀ³¯g:¨k©Ê²üº¸»X»s¾¯,,,,,,,,,,,Testoviron K-Y,,,§_,¬O,,,,,,,,,¤@¯ë,¤@¯ë,Äµ »y: ¥»«~¬°¥~¥ÎÃÄ«~¡A½Ð§½³¡¨Ï¥Î¡A¤Å±µÄ²²´·ú©Î»~ªA¡C,,,,,§_,99.0,,§_,§_,§_,³æ¤è,§_,¥i¥Î,¥i¥Î,¤£¥i¿i,¬O,,1.00,1.00,999.00,999.00,999,999,7,1,0,0,0,0,,µL¹Ï¤ù,,0,,0,,,,,,,,,,,BOX,§_,¤£µ¹¥I¶·¦Û¥I,¤£µ¹¥I¶·¦Û¥I,,,,§_,LiquidSolidSuspension,TOPGEL,,,,,,,,,PH047,202303141653,0,300.00
ETET,20130916,99999999,°±¥Î,Tetracycline oph oint 1%¡A 5gm,Tetracycline oph oint 1%¡A 5gm,Tetracycline,OU,,TOPH,OP-01-00,¥~¥Î,¾A¶q,Tetracycline,«D²Õ®M,°±¥Î,,¤@¯ë¥i¥Î,¬O,¥i¥ÎÃÄ¥]¾÷,¥i¥Î,¤@¯ë,Á`¶q¶i¦ì,¾AÀ³¯g:²´·ú©Î¶Ë¤fµoª¢µ¥¯gª¬; ¨ã±þµß§@¥Î,,Indication: Treat superficial infection of wound or eyes,,¥~ Æ[:5gm¥Õ¦â³nºÞ,Appearance:5gm white tube,§½³¡¨ë¿E,Local irritation,,¥u¥Î©óªù¶E¤Î¦í°|STAT,ÆQ»Ä¥|Àô¯À²´ÃÄ»I,Tetracycline oph oint 5gm 1,,,§_,¬O,,­Yµo¥ÍÄY­«¹L±Ó©Îµo¯lµ¥¤£¾A¯gª¬¡A À³§Y°±ÃÄ¨Ã½Ð±ÐÂå®v,,Report to doctor¡A if any severe hypersensitivity or skin rash occur.,,³Æµù: ­Y¦P®É¨Ï¥Î¨âºØ²´¥ÎÃÄ«~¡A ½Ð¶¡¹j5¤ÀÄÁ¡A ¥ýÂIÃÄ¤ô¡A ¦A¨Ï¥ÎÃÄ»I,Allow at least 5 minutes between different eye preparations¡A solution first.,,¤@¯ë,¤@¯ë,Äµ »y:½Ð¸m©ó«Äµ£µLªk¨ú±o¤§³B,,,0,0,§_,99.0,,§_,¬O,§_,³æ¤è,§_,°±¥Î,°±¥Î,¤£¥i¿i,¬O,,1.00,1.00,99.00,99.00,99,30,7,1,99.00,99.00,0,0,,¦³¹Ï¤ù,,0,,0,,S01AA09,,,,,,,,,TUB,§_,°·«Oµ¹¥I,°·«Oµ¹¥I,TETRACYCLINE,S01AA09,AC52555421,§_,LiquidLiquidEmulsion,OPOINT,,,,,,,,,PH006,202003191531,16.60,22.00
ETHEW,20181009,99999999,¥i¥Î,°ü¤H°òÂ¦·Å«×­p,Electronic Thermometer,Thermometer,EXT,,ZOTH,MEDD,¥~¥Î,¤ä,°ü¤H°òÂ¦·Å«×­p,«D²Õ®M,,,¤@¯ë¥i¥Î,¬O,¥i¥ÎÃÄ¥]¾÷,°·«O¤£µ¹¥I,¤@¯ë,Á`¶q¶i¦ì,¾AÀ³¯g:´ú¶q°òÂ¦Åé·Å,,Indication:Measure basal body temperature.,,¥~ Æ[:¥Õ¦â¹q¤l¾÷¾¹,Appearance:White thermometer,,,,¥u¥Î©óªù¶E¤Î¦í°|STAT,°ü¤H°òÂ¦·Å«×­p,Electronic Thermometer,,,§_,¬O,,½Ð¸m©ó«Äµ£µLªk¨ú±o¤§³B,,Keep thermometer out of reach of children.,,,,[Rx_x]½Ã§÷¡A³B¤è¶°¤£Åã¥Ü,¤@¯ë,¤@¯ë,Äµ »y:½Ð¸m©ó«Äµ£µLªk¨ú±o¤§³B,,,0,0,§_,1.0,,§_,¬O,§_,³æ¤è,§_,°±¥Î,°±¥Î,¤£¥i¿i,§_,,1.00,1.00,1.00,1.00,999,999,1,1,1.00,1.00,0,0,,¦³¹Ï¤ù,,0,,0,,,,,,,0,,0,,¤ä,§_,¤£µ¹¥I¶·¦Û¥I,¤£µ¹¥I¶·¦Û¥I,,,,§_,AdministrableDrugForm,APPFUL,,,0,,0,,,,PH034,202110310953,0,180.00
ETIL2,20040901,99999999,°±¥Î,Timolast 0.25%¡A 5mL,Timolast 0.25%¡A 5mL,Timolol,OU,QD,TOPH,OP-05-04,¥~¥Î,ºw,,«D²Õ®M,°±¥Î,ECUS2,¤@¯ë¥i¥Î,¬O,¤£¥i¥ÎÃÄ¥]¾÷,¥i¥Î,¤@¯ë,Á`¶q¶i¦ì,¾AÀ³¯g:«C¥ú²´,,Indication:Glaucoma,,,,,,,¥u¥Î©óªù¶E¤Î¦í°|STAT,±ý¥Ø©ú,Timolast 0.25%¡A 5mL,,,§_,¬O,,,,,,,,,¤@¯ë,¤@¯ë,Äµ »y:­Y¦³®ð³Ý©ÎµjÅË©Ê®ðºÞª¢®É¡AÀ³¤p¤ß¨Ï¥Î¥»ÃÄ,,,,,§_,100.0,,§_,§_,¬O,³æ¤è,§_,°±¥Î,¥i¥Î,¤£¥i¿i,§_,,1.00,1.00,999.00,999.00,60,999,30,1,0,0,0,0,,µL¹Ï¤ù,,0,,0,,,,,,,,,,,BOT,,°·«Oµ¹¥I,°·«Oµ¹¥I,TIMOLOL,S01ED01,B023782421,§_,AdministrableDrugForm,OPDROP,,,,,,,,,PH047,202303141653,84.00,101.00
ETIL5,20040901,99999999,°±¥Î,Timolast 0.5%¡A 5mL,Timolast 0.5%¡A 5mL,Timolol,OU,QD,TOPH,OP-05-04,¥~¥Î,ºw,,«D²Õ®M,°±¥Î,ETIM5,¤@¯ë¥i¥Î,¬O,¤£¥i¥ÎÃÄ¥]¾÷,¥i¥Î,¤@¯ë,Á`¶q¶i¦ì,¾AÀ³¯g:«C¥ú²´,,Indication:Glaucoma,,,,,,,¥u¥Î©óªù¶E¤Î¦í°|STAT,±ý¥Ø©ú,Timolast 0.5%¡A 5mL,,,§_,¬O,,,,,,,,,¤@¯ë,¤@¯ë,Äµ »y:­Y¦³®ð³Ý©ÎµjÅË©Ê®ðºÞª¢®É¡AÀ³¤p¤ß¨Ï¥Î¥»ÃÄ,,,,,§_,100.0,,§_,§_,¬O,³æ¤è,§_,°±¥Î,¥i¥Î,¤£¥i¿i,§_,,1.00,1.00,999.00,999.00,60,999,30,1,0,0,0,0,,µL¹Ï¤ù,,0,,0,,,,,,,,,,,BOT,,°·«Oµ¹¥I,°·«Oµ¹¥I,TIMOLOL,S01ED01,B023781421,§_,AdministrableDrugForm,OPDROP,,,,,,,,,PH047,202303141653,191.00,229.00
ETIM2,19960101,99999999,°±¥Î,Timoptol 0.25% 5mL,Timoptol 0.25% 5mL,Timolol,OU,,TOPH,OP-05-04,¥~¥Î,ºw,Timoptol,«D²Õ®M,°±¥Î,ECUS2,¤@¯ë¥i¥Î,¬O,¤£¥i¥ÎÃÄ¥]¾÷,,¤@¯ë,Á`¶q¶i¦ì,¾AÀ³¯g:«C¥ú²´,,,,,,,,,¥u¥Î©óªù¶E¤Î¦í°|STAT,,Timoptol 0.25% 5mL,,,§_,¬O,,,,,,,,,¤@¯ë,¤@¯ë,Äµ »y:­Y¦³®ð³Ý©ÎµjÅË©Ê®ðºÞª¢®É¡AÀ³¤p¤ß¨Ï¥Î¥»ÃÄ,,,,,§_,100.0,,§_,§_,§_,³æ¤è,§_,°±¥Î,¥i¥Î,¤£¥i¿i,§_,,1.00,1.00,999.00,999.00,60,999,30,1,0,0,0,0,,µL¹Ï¤ù,,0,,0,,,,,,,,,,,BOT,§_,°·«Oµ¹¥I,°·«Oµ¹¥I,TIMOLOL,S01ED01,B019247421,§_,AdministrableDrugForm,OPDROP,,,,,,,,,PH047,202303141654,118.00,142.00
ETIM5,19960101,99999999,¥i¥Î,Timoptol 0.5% 5mL,Timoptol 0.5% 5mL,Timolol,OU,,TOPH,OP-05-04,¥~¥Î,ºw,Timoptol,«D²Õ®M,,,¤@¯ë¥i¥Î,¬O,¥i¥ÎÃÄ¥]¾÷,,¤@¯ë,Á`¶q¶i¦ì,¾AÀ³¯g:«C¥ú²´,,Indication:Glucoma,,¥~ Æ[:5mLÂÅ/¥Õ¦âÂI²´²~,Appearance:5mL red/white eye drop bottle,¼È®Éµø¤O¼Ò½k¡A ¨`¼ö¨ëµh·P¡A ¨¤½¤·P¬V,Transient blurred vision¡A burning & stinging¡A conjunctival infection,,¬Ò¥i¥Î,«C²´ÅS·Àµß²´ÃÄ¤ô,Timoptol 0.5% 5mL,,,§_,¬O,,­Y¦³®ð³Ý©ÎµjÅË©Ê®ðºÞª¢®É¡A À³¤p¤ß¨Ï¥Î¥»ÃÄ,,Should not use this medicine if patient has asthma that is not well-controlled.,,³Æµù: ­Y¦P®É¨Ï¥Î¨âºØ²´ÃÄ¤ô¡A ½Ð¶¡¹j5¤ÀÄÁ¡A ­YµLÂå®v«ü¥Ü¡A µL¥ý«á¨Ï¥Î¶¶§Ç,,,¤@¯ë,¤@¯ë,Äµ »y:­Y¦³®ð³Ý©ÎµjÅË©Ê®ðºÞª¢®É¡AÀ³¤p¤ß¨Ï¥Î¥»ÃÄ,,,,,§_,100.0,,§_,¬O,§_,³æ¤è,§_,¥i¥Î,¥i¥Î,¤£¥i¿i,¬O,,1.00,1.00,1.00,1.00,60,60,28,1,4.00,4.00,0,0,,¦³¹Ï¤ù,,0,,0,,S01ED01,,,,,,,,,BOT,§_,°·«Oµ¹¥I,°·«Oµ¹¥I,TIMOLOL,S01ED01,BC19259421,§_,AdministrableDrugForm,OPDROP,,,,,,,,,PH022,202312221702,114.00,137.00
ETIMX,20020308,99999999,°±¥Î,Timoptol-XE 0.5% 2.5mL,Timoptol-XE 0.5% 2.5mL,Timolol,OU,QD,TOPH,OP-05-04,¥~¥Î,ºw,Timoptol,«D²Õ®M,°±¥Î,ETIM5,¤w°±¥Î,¬O,¤£¥i¥ÎÃÄ¥]¾÷,,¤@¯ë,Á`¶q¶i¦ì,¾AÀ³¯g:°ª²´À£¯g¡B¼s¨¤©Ê«C¥ú²´,,,,,,,,,¬Ò¥i¥Î,,Timoptol-XE 0.5% 2.5mL,,,§_,¬O,,,,,,,,,¤@¯ë,¤@¯ë,,,,,,§_,50.0,,§_,§_,§_,³æ¤è,§_,¥i¥Î,¥i¥Î,¤£¥i¿i,¬O,,1.00,1.00,99.00,99.00,60,99,30,1,0,0,0,0,,µL¹Ï¤ù,,0,,0,,,,,,,,,,,BOT,§_,°·«Oµ¹¥I,°·«Oµ¹¥I,TIMOLOL,S01ED01,B021545414,§_,AdministrableDrugForm,OPDROP,,,,,,,,,PH047,202303141654,313.00,376.00
ETIS,20141215,99999999,°±¥Î,Tisseel solution for sealant 2mL/set,Tisseel solution for sealant 2mL/set,Thrombin+calcium chloride+aprotinin+protein clotta,EXT,,HEMT,HE-05-00,¥~¥Î,SET,,«D²Õ®M,°±¥Î,,¤@¯ë¥i¥Î,¬O,¥i¥ÎÃÄ¥]¾÷,°·«O¤£µ¹¥I,¤£¦LÃÄÅÒ,Á`¶q¶i¦ì,¾AÀ³¯g:¼Ð·Ç¤â³N§Þ³N¤£¨¬®Éªº»²§UÀøªk¡A¨ó§U¤î¦å¡C,,Indication:Adjunct to hemostasis.,,¥~ Æ[:Âù°wµ©ª`®g¾¹,Appearance:TISSEEL Syringe,¹L±Ó¤ÏÀ³,Pruritus,,¥u¥Î©óªù¶E¤Î¦í°|STAT,²ÕÂ´­×´_¾®¦X¾¯(²Ä¤G¥N),Tisseel,,,,¬O,,¶È¨Ï¥Î©ó³Ð¶Ëªí­±¡C,-18¢J¥H¤U§N­á,For Topical Use Only. Do Not Inject,,¤£¥i¦åºÞ¤º§ë»P¡C,Do not inject TISSEEL directly into the circulatory system or vascularized tissu,¥»ÃÄ«~ÃÄ¾¯¬ìµL®w¦s¡A¥Ñ¶}¤M©Ð¦Û¦æºÞ²z¡C,¤@¯ë,¤@¯ë,Äµ »y: ¥»«~¬°¥~¥ÎÃÄ«~¡A½Ð§½³¡¨Ï¥Î¡A¤Å±µÄ²²´·ú©Î»~ªA¡C,,,0,0,§_,1.0,,§_,§_,§_,½Æ¤è,§_,°±¥Î,¥i¥Î,¤£¥i¿i,§_,,1.00,1.00,10.00,10.00,1,1,1,1,10.00,0,0,0,,¦³¹Ï¤ù,,0,,0,,B02AB01,B02BC06,B05XA07,,,0,,0,,BOX,§_,¤£µ¹¥I¶·¦Û¥I,¤£µ¹¥I¶·¦Û¥I,,,,§_,LiquidLiquidEmulsion,TOPLTN,,,,,,,,,PH047,202303141654,0,20000.00
ETIS4,20171225,99999999,¥i¥Î,Tisseel solution for sealant 4mL/set,Tisseel solution for sealant 4mL/set,Thrombin+calcium chloride+aprotinin+protein clotta,EXT,,HEMT,HE-05-00,¥~¥Î,SET,Tisseel,«D²Õ®M,,,¤@¯ë¥i¥Î,¬O,¥i¥ÎÃÄ¥]¾÷,°·«O¤£µ¹¥I,¤£¦LÃÄÅÒ,¦¸­p¶q¶i¦ì,¾AÀ³¯g:¼Ð·Ç¤â³N§Þ³N¤£¨¬®Éªº»²§UÀøªk¡A¨ó§U¤î¦å¡C,,Indication:Adjunct to hemostasis.,,¥~ Æ[:Âù°wµ©ª`®g¾¹,Appearance:TISSEEL Syringe,¹L±Ó¤ÏÀ³,Pruritus,,¥u¥Î©óªù¶E¤Î¦í°|STAT,²ÕÂ´­×´_¾®¦X¾¯(²Ä¤G¥N),Tisseel,,,,¬O,,¶È¨Ï¥Î©ó³Ð¶Ëªí­±¡C,-18¢J¥H¤U§N­á,For Topical Use Only. Do Not Inject.,Store in -18~-20¢XC.,¤£¥i¦åºÞ¤º§ë»P¡C,Do not inject TISSEEL directly into the circulatory system or vascularized tissu,¥»ÃÄ«~ÃÄ¾¯¬ìµL®w¦s¡A¥Ñ¶}¤M©Ð¦Û¦æºÞ²z¡C,¤@¯ë,¤@¯ë,Äµ »y: ¥»«~¬°¥~¥ÎÃÄ«~¡A½Ð§½³¡¨Ï¥Î¡A¤Å±µÄ²²´·ú©Î»~ªA¡C,,,0,0,§_,1.0,,§_,¬O,§_,½Æ¤è,§_,°±¥Î,¥i¥Î,¤£¥i¿i,§_,,1.00,1.00,5.00,5.00,1,1,1,1,5.00,5.00,0,0,,µL¹Ï¤ù,,0,,0,,B02AB01,B02BC06,B05XA07,,,0,,0,,SET,,¤£µ¹¥I¶·¦Û¥I,¤£µ¹¥I¶·¦Û¥I,,,,,LiquidLiquidEmulsion,TOPLTN,,,,,,,,,PH047,202303141654,0,28800.00
ETOB,20040108,99999999,¥i¥Î,Tobradex 5mL ophthalmic suspension,Tobradex 5mL ophthalmic suspension,Tobramycin + Dexamethasone,OU,,TOPH,OP-02-00,¥~¥Î,ºw,Tobradex,«D²Õ®M,,,¤@¯ë¥i¥Î,¬O,¥i¥ÎÃÄ¥]¾÷,¥i¥Î,¤@¯ë,Á`¶q¶i¦ì,¾AÀ³¯g:²´³¡µoª¢µ¥¯gª¬,,Indication:Superficial bacterial infection of eyes,,¥~ Æ[:¥Õ¦â¶ì½¦¥~²~¡A ¦³²HÂÅ¦â©@°Ø¦â±ø¯¾,Appearance:5mL eye drop bottle¡A white/brown/blue box,µø¤O¼Ò½k,Blurred vision,,¬Ò¥i¥Î,ÂI¥²µÎ²´¥ÎÄa¯B²G,Tobradex oph susp 5mL,,,§_,¬O,,ªø´Á¨Ï¥ÎÃþ©T¾J¥i¯à·|³y¦¨²´À£¼W¥[¡A µø¯«¸g¨ü·l,,May cause high eye pressure for long-term use.,,³Æµù: ­Y¦P®É¨Ï¥Î¨âºØ²´ÃÄ¤ô¡A ½Ð¶¡¹j5¤ÀÄÁ¡A ­YµLÂå®v«ü¥Ü¡A µL¥ý«á¨Ï¥Î¶¶§Ç,,,¤@¯ë,¤@¯ë,Äµ »y:ªø´Á¨Ï¥ÎÃþ©T¾J¥i¯à·|³y¦¨²´À£¼W¥[¡Aµø¯«¸g¨ü·l,,²´ÃÄ¤ô,,,§_,100.0,,§_,¬O,§_,½Æ¤è,§_,¥i¥Î,¥i¥Î,¤£¥i¿i,¬O,,1.00,1.00,1.00,1.00,60,60,7,1,99.00,99.00,0,0,,¦³¹Ï¤ù,,0,,0,,S01CA01,S01AA12,S01BA01,,,,,,,BOT,§_,°·«Oµ¹¥I,°·«Oµ¹¥I,DEXAMETHASONE 1MG/ML + TOBRAMYCIN 3MG/ML,S01CA01,BC18617421,§_,LiquidSolidSuspension,OPSUSP,,,,,,,,,PH047,202401091712,105.00,126.00
ETOBO,20041116,99999999,¥i¥Î,Tobradex ²´ÃÄ»I 3.5gm,Tobradex eye ointment 3.5gm,Tobramycin + Dexamethasone,OU,,TOPH,OP-02-00,¥~¥Î,¾A¶q,Tobradex,«D²Õ®M,,,¤@¯ë¥i¥Î,¬O,¥i¥ÎÃÄ¥]¾÷,¥i¥Î,¤@¯ë,Á`¶q¶i¦ì,¾AÀ³¯g:²´·ú©Î¨ä¥L³¡¦ì¹L±Ó©Êµoª¢µ¥¯gª¬,,Indication:Superficial infection of wound or eyes,,¥~ Æ[:¥Õ¦â³nºÞ¡A ¦³²HÂÅ¦â©@°Ø¦â±ø¯¾,Appearance:White tube,µø¤O¼Ò½k,Blurred vision,,¬Ò¥i¥Î,ÂI¥²µÎ ²´ÃÄ»I,TOBRADEX eye oint 3.5gm,,,§_,¬O,,ªø´Á¨Ï¥ÎÃþ©T¾J¥i¯à·|³y¦¨²´À£¼W¥[¡A µø¯«¸g¨ü·l,,May cause high eye pressure for long-term use.,,,,,¤@¯ë,¤@¯ë,Äµ »y:ªø´Á¨Ï¥ÎÃþ©T¾J¥i¯à·|³y¦¨²´À£¼W¥[¡Aµø¯«¸g¨ü·l,,²´ÃÄ»I,,,§_,99.0,,§_,¬O,§_,³æ¤è,§_,°±¥Î,¥i¥Î,¤£¥i¿i,¬O,,1.00,1.00,9.00,9.00,30,30,7,1,99.00,99.00,0,0,,¦³¹Ï¤ù,,0,,0,,S01CA01,S01BA01,S01AA12,,,,,,,TUB,§_,°·«Oµ¹¥I,°·«Oµ¹¥I,DEXAMETHASONE 1MG/GM + TOBRAMYCIN 3MG/GM,S01CA01,BC20915417,§_,LiquidLiquidEmulsion,OPOINT,,,,,,,,,PH006,202402191415,97.00,121.00
ETON,20231127,99999999,¥i¥Î,Tonin gel 10%¡A 40gm,Tonin gel 10%¡A 40gm,Etofenamate,EXT,,CNEU,CN-01-02,¥~¥Î,¾A¶q,Eto gel,«D²Õ®M,,,¤@¯ë¥i¥Î,¬O,¥i¥ÎÃÄ¥]¾÷,±ø¥ó¤Uµ¹¥I,¤@¯ë,Á`¶q¶i¦ì,¾AÀ³¯g: §á¶Ë¡B¼²¶Ë¡B¸yµh¡BÃö¸`ª¢¡B­·Àã¯gµ¥¡C,,Indication: Relief of pain and inflammation.,,¥~ Æ[: ¶À¡Bºñ¦â¬Û¶¡³nºÞ¡C,Appearance: Yellow and green alternating soft tube.,¥Ö½§·kÄo¡B¬õ´³¡B¥Ö½§¨ë¿E¡B¹L±Ó©Ê¥Ö½§ª¢¡BëC³Â¯l¡C,Skin itching¡A irritation¡A reddness¡A allergic dermatitis¡A urticaria.,,¬Ò¥i¥Î,µh¹ç»Äµh¾®½¦10%¡A 40§J,Tonin gel 10%¡A 40gm,,,,¬O,,¤£¯à»P²´·úÂH½¤¤Î¦³¶Ë¤f¥Ö½§±µÄ²¡C,Á×¥ú«O¦s©ó25¢J¥H¤U¡C,Avoid contact with eyes¡A mucous membranes¡A and damaged skin.,Store away from light at temperatures below 25¢XC.,¥ÎÃÄ«á­Y¥X²{³ïµh¡B¤fµÄÂH½¤¼ìÄê¡B¥Ö¯lµ¥¯gª¬¡A¥ß§Y°±ÃÄ¦^¶E¡C,If signs of sore throat¡A mouth ulcers or skin rash occur¡A please consult doctor.,202311 EETO¯Ê³f´À¥N,¤@¯ë,¤@¯ë,Äµ »y: ¥»«~¬°¥~¥ÎÃÄ«~¡A½Ð§½³¡¨Ï¥Î¡A¤Å±µÄ²²´·ú©Î»~ªA¡C,,,0,0,§_,99.0,,§_,¬O,§_,³æ¤è,§_,¥i¥Î,¥i¥Î,¤£¥i¿i,¬O,,1.00,1.00,9.00,9.00,999,999,7,1,99.00,99.00,0,0,,¦³¹Ï¤ù,,0,,0,,M02AA06,,,,,0,,0,,TUB,,°·«Oµ¹¥I,°·«Oµ¹¥I,ETOFENAMATE,M02AA06,AC37909345,§_,LiquidSolidSuspension,TOPGEL,,,0,,0,,,,PH006,202312100814,81.00,101.00
ETOP,19960101,99999999,¥i¥Î,Topsym lotion 0.05%¡A 10gm,Topsym lotion 0.05%¡A 10gm,Fluocinonide,EXT,,TDER,DE-06-00,¥~¥Î,¾A¶q,Topsym Lotion,«D²Õ®M,,,¤@¯ë¥i¥Î,¬O,¥i¥ÎÃÄ¥]¾÷,,¤@¯ë,Á`¶q¶i¦ì,¾AÀ³¯g:·Ã¯l¡A ¥Ö½§ª¢¡A Äo¯l¡A °®Å~¡A ¯×º|©Ê¥Ö½§ª¢µ¥,,Indication:Eczema¡A dermatitis¡A vitiligo¡A alopecia.,,¥~ Æ[:¥Õ¦â¶ì½¦¥~´ß¡A ¥Õ¦â»\¤l,Appearance:White bottle,¥Ö½§°_¤ôªw¡A µoÄo¡A ¨`¼ö·P¡A ±Ó·P©Ê¼W¥[¡A ¶Ë¤fÂ¡¦X¯à¤O®t,Blisters¡A burning¡A itching of skin¡A increased skin sensitivity¡A lack of healing,,¬Ò¥i¥Î,0.05% §´½§²b¬~¾¯,Topsym lotion 0.05%¡A 10gm,,,§_,¬O,,¬°¥~¥ÎÃÄ«~¡A ½Ð§½³¡¨Ï¥Î¡A ¤Å±µÄ²²´·ú©Î»~ªA,,Precaution: For external use only. Do not apply to eyes or take orally.,,¨Ï¥Î«e½Ð®¶·n§¡¤Ã¡C,Shake well before use.,,¤@¯ë,¤@¯ë,Äµ »y:°£Âå®v«ü¥Ü¥~¡A½Ð¤Åªø´Á©Î±K¶°¦a«ùÄò¨Ï¥Î,,¬~¾¯,,,§_,99.0,,§_,¬O,§_,³æ¤è,§_,¥i¥Î,¥i¥Î,¤£¥i¿i,¬O,,1.00,1.00,9.00,9.00,999,999,7,1,99.00,99.00,0,0,,¦³¹Ï¤ù,,0,,0,,D07AC08,,,,,,,,,BOT,§_,°·«Oµ¹¥I,°·«Oµ¹¥I,FLUOCINONIDE,D07AC08,AC29739329,§_,LiquidLiquidEmulsion,TOPLTN,,,,,,,,,PH022,202312221703,65.00,81.00
ETOP1,20091228,99999999,¥i¥Î,Topsym ¨Å»I0.05%¡A 10gm,Topsym cream 0.05%¡A 10gm,Fluocinonide,EXT,,TDER,DE-06-00,¥~¥Î,¾A¶q,Topsym,«D²Õ®M,,,¤@¯ë¥i¥Î,¬O,¥i¥ÎÃÄ¥]¾÷,¥i¥Î,¤@¯ë,Á`¶q¶i¦ì,¾AÀ³¯g:·Ã¯l¡A ¥Ö½§ª¢¡A Äo¯l¡A °®Å~¡A ¯×º|©Ê¥Ö½§ª¢µ¥,,Indication:Dermatitis¡A psoriasis¡A vitiligo¡A alopecia,,¥~ Æ[:¥Õ¦â³nºÞ¡A ¤W­±¦³ºñ¦â¼ÐÅÒ,Appearance:10gm white tube,¥Ö½§°_¤ôªw¡A µoÄo¡A ¨`¼ö·P¡A ±Ó·P©Ê¼W¥[¡A ¶Ë¤fÂ¡¦X¯à¤O®t,Blisters¡A burning¡A itching of skin¡A increased skin sensitivity¡A lack of healing,,¬Ò¥i¥Î,§´½§²b¨Å»I,Topsym cream 0.05%¡A 10gm,,,§_,¬O,,¬°¥~¥ÎÃÄ«~¡A ½Ð§½³¡¨Ï¥Î¡A ¤Å±µÄ²²´·ú©Î»~ªA,,For external use. Avoid contact with the eyes or oral consumption.,,ªø´Á¨Ï¥Î¶·ÂÔ·Vµû¦ô¡C,Carefully evaluate before long-term use.,,¤@¯ë,¤@¯ë,Äµ »y: ¥»«~¬°¥~¥ÎÃÄ«~¡A½Ð§½³¡¨Ï¥Î¡A¤Å±µÄ²²´·ú©Î»~ªA¡C,,¨Å»I,,,§_,99.0,,§_,¬O,§_,³æ¤è,§_,¥i¥Î,¥i¥Î,¤£¥i¿i,¬O,,1.00,1.00,9.00,9.00,99,99,7,1,99.00,99.00,0,0,,¦³¹Ï¤ù,,0,,0,,D07AC08,,,,,,,,,TUB,,°·«Oµ¹¥I,°·«Oµ¹¥I,FLUOCINONIDE,D07AC08,AC18063329,§_,LiquidLiquidEmulsion,TOPCRM,,,,,,,,,PH022,202312221703,42.20,55.00
ETOPC,20050815,99999999,°±¥Î,Topsym ³n»I5gm (¦Û¶O),Topsym ³n»I5gm (¦Û¶O),Fluocinonide,EXT,,TDER,DE-06-00,¥~¥Î,¾A¶q,Topsym cream,«D²Õ®M,°±¥Î,ETOP1,¤@¯ë¥i¥Î,¬O,¤£¥i¥ÎÃÄ¥]¾÷,°·«O¤£µ¹¥I,¤@¯ë,Á`¶q¶i¦ì,¾AÀ³¯g:·Ã¯l¡B¥Ö½§ª¢¡BÄo¯l¡B°®Å~¡B¯×º|©Ê¥Ö½§ª¢µ¥,,Indication:Psoriasis¡A vitiligo¡A alopecia¡A pustulosi,,¥~ Æ[:¥Õ¦â³nºÞ¡A¤W­±¦³ºñ¦â¼ÐÅÒ,,,,,¬Ò¥i¥Î,§´½§²b¿Ë¤ô³n»I,Topsym ³n»I5gm (¦Û¶O),,,§_,¬O,,,,,,,,,¤@¯ë,¤@¯ë,Äµ »y: ¥»«~¬°¥~¥ÎÃÄ«~¡A½Ð§½³¡¨Ï¥Î¡A¤Å±µÄ²²´·ú©Î»~ªA¡C,,,,,§_,99.0,,§_,§_,§_,³æ¤è,§_,¥i¥Î,¥i¥Î,¤£¥i¿i,¬O,,1.00,1.00,99.00,99.00,99,99,7,1,0,0,0,0,,µL¹Ï¤ù,,0,,0,,,,,,,,,,,TUB,,¤£µ¹¥I¶·¦Û¥I,¤£µ¹¥I¶·¦Û¥I,,,,§_,LiquidLiquidEmulsion,TOPCRM,,,,,,,,,PH047,202303141654,0,67.00
ETRA,20030625,99999999,°±¥Î,Travatan 0.004%¡A 2.5mL,Travatan 0.004%¡A 2.5mL,Travoprost,OU,,TOPH,OP-05-05,¥~¥Î,ºw,Travatan,«D²Õ®M,°±¥Î,EIZB,¤@¯ë¥i¥Î,¬O,¤£¥i¥ÎÃÄ¥]¾÷,±ø¥ó¤Uµ¹¥I,¤@¯ë,Á`¶q¶i¦ì,¾AÀ³¯g:¼s¨¤¶}©ñ©Ê«C¥ú²´¡A ²´À£¹L°ª,,Indication:Lowering of ocular pressure.,,¥~ Æ[:¥Õºñ¦â¥~¥]¸Ë¡A 2.5mL ÂI²´²~,Appearance:White/green box¡A 2.5mL eye drop bottle,µø¤O´î°h¡A ²§ª«·P¡A ²´Â¥ª¢¡A µø¤O¼Ò½k¡A ²´·ú¥R¦å¡A ²´·úµh(µoÄo)¡A ­i½¤ÅÜ¦â,Decreased visual acuity¡A foreign body sensation¡A blepharitis¡A blurred vision,,¥u¥Î©óªù¶E¤Î¦í°|STAT,µÎÀ£©ZÂI²´²G,Travatan 0.004%¡A 2.5mL,,,§_,¬O,,¥¥°ü©Î±NÃh¥¥¤§°ü¤kÁ×§K¨Ï¥Î,,Avoid during pregnancy.,,³Æµù: ­Y¦P®É¨Ï¥Î¨âºØ²´ÃÄ¤ô¡A ½Ð¶¡¹j5¤ÀÄÁ¡A ­YµLÂå®v«ü¥Ü¡A µL¥ý«á¨Ï¥Î¶¶§Ç,,105-4 ÃÄ©e·|¨MÄ³§R°£,¤@¯ë,¤@¯ë,Äµ »y:¥¥°ü©Î±NÃh¥¥¤§°ü¤kÁ×§K¨Ï¥Î,,,,,§_,50.0,,§_,§_,§_,³æ¤è,§_,¥i¥Î,¥i¥Î,¤£¥i¿i,§_,,1.00,1.00,1.00,1.00,99,99,28,1,2.00,2.00,0,0,,¦³¹Ï¤ù,,0,,0,,S01EE04,,,,,,,,,BOT,,°·«Oµ¹¥I,°·«Oµ¹¥I,TRAVOPROST,S01EE04,BC24139414,§_,AdministrableDrugForm,OPDROP,,,,,,,,,PH047,202303141654,426.00,511.00
ETRE,20190925,99999999,¥i¥Î,Trelegy Ellipta 92/55/22 mcg Inhalation Powder,Trelegy Ellipta 92/55/22 mcg Inhalation Powder,Fluticasone furoate + Umeclidinium + Vilanterol,INHL,QD,ERSP,RE-04-00,¥~¥Î,PFF,Trelegy Ellipta,«D²Õ®M,,,¤@¯ë¥i¥Î,¬O,¥i¥ÎÃÄ¥]¾÷,±ø¥ó¤Uµ¹¥I,¤@¯ë,Á`¶q¶i¦ì,¾AÀ³¯g:ºC©Êªý¶ë©ÊªÍ¯f,,Indication:Chronic obstructive pulmonary disease,,¥~ Æ[:¾TºäÃÄ²°¤º§t¤@­Ó§l¤J¾¹»P°®Àê¾¯,Appearance:each box contains 1 inhaler and 1 desiccant,ÀYµh¡A»ó«|ª¢¡A¤W©I§l¹D·P¬V,Headache¡A nasopharyngitis¡A upper respiratory tract infection,,¬Ò¥i¥Î,ªÍ¼Ö³ß©ö§Q¹F92/55/22 mcg°®¯»§l¤J¾¯,Trelegy Ellipta 92/55/22 mcg,,,,¬O,,§l¤J¤§«á¡A±wªÌÀ³¥Î¤ôº¤¤f¡A¥B¤£¥i§]¤U¡A¥H´î¤Ö¤f«|©À¯]µß·P¬Vªº­·ÀI¡@,ÃÄ²°¤º¸Ë¦³¤@¥]°®Àê¾¯¡A¤Á¤Å§]­¹©Î§l­¹,After inhalation¡A patients should rinse mouth with water without swallowing,The tray contains a desiccant¡A don't eat or inhale.,¶}«Ê«á¡A½Ð±N°®Àê¾¯¥á±ó¡A¨Ã½T«O«Äµ£»PÃdª«µLªk¨ú±o,Throw desiccant away in the trash out of reach of children and pets If opening,2019Q4ÃÄ©e·s¶i,¤@¯ë,¤@¯ë,§l¤J¤§«á¡A±wªÌÀ³¥Î¤ôº¤¤f¡A¥B¤£¥i§]¤U,,,0,0,§_,30.0,,§_,¬O,§_,½Æ¤è,§_,¥i¥Î,¥i¥Î,¤£¥i¿i,¬O,,1.00,1.00,1.00,1.00,999,999,1,1,1.00,1.00,0,0,,¦³¹Ï¤ù,,0,,0,,R03AL08,R03BA09,R03AL03,R03BB07,R03AK10,0,,0,,¤ä,,°·«Oµ¹¥I,°·«Oµ¹¥I,VILANTEROL 22-25 MCG/DOSE + UMECLIDINIUM 55-62.5 MCG/DOSE + FLUTICASONE FUROATE 92-200 MCG/DOSE,R03AL08,BC27395443,§_,GasSolidSpray,INHLPWD,,,0,,0,mL,,,PH034,202105191018,1603.00,1924.00
ETRI,20070401,99999999,°±¥Î,TRI-LUMA cream 15gm,TRI-LUMA cream 15gm,Fluocinolone + Hydroquinone + Tretinoin,EXT,,TDER,DE-11-00,¥~¥Î,¾A¶q,Tri-Luma cream,«D²Õ®M,°±¥Î¡A¥i¬dÃþ¦üÃÄ,,¤w°±¥Î,¬O,¤£¥i¥ÎÃÄ¥]¾÷,,¤@¯ë,Á`¶q¶i¦ì,¾AÀ³¯g: °t¦X¨¾ÅÎªvÀøÁy³¡¨x´³,,Indication:Melasma of the face,,¥~ Æ[:¥Õ¦â15gm³nºÞ¡A¦³²H¾ï¦âÂÅ¦â¬Û¶¡°Ï¶ô¡A¥Õ¦â»\¤l,,¬õ´³¡B²æ¥Ö¡B¨`¼ö·P¡B°®Àê·kÄo·P,,,¬Ò¥i¥Î,¨O½§´³¨Å»I 15 §J,TRI-LUMA cream 15gm,,,§_,¬O,,,,,,,,,¤@¯ë,¤@¯ë,Äµ »y:¥¥°ü¸T¤î¨Ï¥Î¥»ÃÄ«~¡A¤Å±µÄ²²´¡B¤f©Î»óµÄ¡A¨ÃÁ×§K¤éÅÎ,,,,,§_,99.0,,§_,§_,§_,½Æ¤è,§_,¥i¥Î,¥i¥Î,¤£¥i¿i,¬O,,1.00,1.00,1.00,1.00,99,99,1,0,0,0,0,0,,¦³¹Ï¤ù,,0,,0,,,,,,,,,,,TUB,,¤£µ¹¥I¶·¦Û¥I,¤£µ¹¥I¶·¦Û¥I,,,,§_,LiquidLiquidEmulsion,TOPCRM,,,,,,,,,PH047,202303141654,0,2292.00
ETRI3,20081208,99999999,°±¥Î,Tri-Luma cream 3gm,Tri-Luma cream 3gm,Fluocinolone + Hydroquinone + Tretinoin,EXT,,TDER,DE-11-00,¥~¥Î,¾A¶q,Tri-Luma cream,«D²Õ®M,°±¥Î¡A¥i¬dÃþ¦üÃÄ,,¤w°±¥Î,¬O,¤£¥i¥ÎÃÄ¥]¾÷,,¤@¯ë,Á`¶q¶i¦ì,¾AÀ³¯g: °t¦X¨¾ÅÎªvÀøÁy³¡¨x´³,,Indication:Melasma of the face,,¥~ Æ[:¥Õ¦â3gm³nºÞ¡A¦³²H¾ï¦âÂÅ¦â¬Û¶¡°Ï¶ô¡A¥Õ¦â»\¤l,,,,,¬Ò¥i¥Î,¨O½§´³¨Å»I 3 §J,Tri-Luma cream 3gm,,,§_,¬O,,,,,,,,,¤@¯ë,¤@¯ë,Äµ »y:¥¥°ü¸T¤î¨Ï¥Î¥»ÃÄ«~¡A¤Å±µÄ²²´¡B¤f©Î»óµÄ¡A¨ÃÁ×§K¤éÅÎ,,,,,§_,99.0,,§_,§_,§_,³æ¤è,§_,¥i¥Î,¥i¥Î,¤£¥i¿i,¬O,,1.00,1.00,1.00,1.00,99,99,1,1,0,0,0,0,,¦³¹Ï¤ù,,0,,0,,,,,,,,,,,TUB,,¤£µ¹¥I¶·¦Û¥I,¤£µ¹¥I¶·¦Û¥I,,,,§_,LiquidLiquidEmulsion,TOPCRM,,,,,,,,,PH047,202303141654,0,850.00
ETRP,20181010,99999999,°±¥Î,Tripledye 500mL,Tripledye 500mL,Brillant Green,EXT,,TDER,DE-01-00,¥~¥Î,ML,,«D²Õ®M,°±¥Î,,¤@¯ë¥i¥Î,¬O,¤£¥i¥ÎÃÄ¥]¾÷,,¤£¦LÃÄÅÒ,Á`¶q¶i¦ì,¾AÀ³¯g:®ø¬r±þµß,,,,,,,,,¥u¥Î©óªù¶E¤Î¦í°|STAT,,,,,§_,¬O,,,,,,,,97/4/28´«³f¥X®w«á¡A¥¼¦AÁÊ¤J,¤@¯ë,¤@¯ë,Äµ »y: ¥»«~¬°¥~¥ÎÃÄ«~¡A½Ð§½³¡¨Ï¥Î¡A¤Å±µÄ²²´·ú©Î»~ªA¡C,,,0,0,§_,500.0,,§_,¬O,§_,³æ¤è,§_,¥i¥Î,¥i¥Î,¤£¥i¿i,§_,,1.00,1.00,999.00,999.00,999,999,1,1,999.00,999.00,0,0,,µL¹Ï¤ù,,0,,0,,D08AXaa,,,,,0,,0,,BOT,§_,¤£µ¹¥I¶·¦Û¥I,¤£µ¹¥I¶·¦Û¥I,,,,§_,Liquid,TOPSOL,,,0,,0,,,,PH008,201907290943,0,780.00
ETRU,19960101,99999999,°±¥Î,Trusopt 2%¡A 5mL ophthalmic solution,Trusopt 2%¡A 5mL ophthalmic solution,Dorzolamide,OU,BID,TOPH,OP-05-03,¥~¥Î,ºw,Trusopt,«D²Õ®M,°±¥Î,,¤@¯ë¥i¥Î,¬O,¥i¥ÎÃÄ¥]¾÷,¥i¥Î,¤@¯ë,Á`¶q¶i¦ì,¾AÀ³¯g: °ª²´À£¯g¡A ¼s¨¤©Ê«C¥ú²´,,Indication:Raised intraocular pressure¡A In patients with,ocular hypertension or open-angle glaucoma,¥~ Æ[: 5mL¥~²~,Appearance:5mL eye drop bottle,¤f­W¡B¨ëµh·P¡Bµø¤O¼Ò½k¡B¹L±Ó¤ÏÀ³¡BÀY©ü,bitter taste¡A burning¡A blurred vision¡A allergic reaction¡A dizziness,,¬Ò¥i¥Î,µÎÅSÀûÂI²´²G¾¯2%,Trusopt 2%¡A 5mL ophthalmic,,,§_,¬O,,¹ïÁDÓiÃÄ¹L±ÓªÌ¸T¥Î,,Notify your doctor if you are allergic to sulfa drugs (sulfonamide).,,³Æµù: ­Y¦P®É¨Ï¥Î¦hºØ²´¥Î»s¾¯¡A ½Ð¶¡¹j¦Ü¤Ö5¤ÀÄÁ¡C,Wait at least 5 minutes between different eye preparations.,202303 EAZO¯Ê³f´À¥N,¤@¯ë,¤@¯ë,Äµ »y:¹ïÁDÓiÃÄ¹L±ÓªÌ¸T¥Î,,,,,§_,100.0,,§_,¬O,§_,³æ¤è,§_,¥i¥Î,¥i¥Î,¤£¥i¿i,¬O,,1.00,1.00,1.00,1.00,60,999,28,1,6.00,6.00,0.01,0.01,,¦³¹Ï¤ù,,0,,0,,S01EC03,,,,,5.00,ml,0.30,ml,BOT,§_,°·«Oµ¹¥I,°·«Oµ¹¥I,DORZOLAMIDE,S01EC03,BC22107421,§_,LiquidSolidSuspension,OPSUSP,,,,,,,,,PH006,202401281029,221.00,265.00
EULE,20030901,99999999,°±¥Î,Ulex À¿²G 10%¡A 30gm,Ulex lotion 10%¡A 30gm (Topical),Crotamiton,EXT,,TDER,DE-08-00,¥~¥Î,¾A¶q,Eurax,«D²Õ®M,°±¥Î,,¤@¯ë¥i¥Î,¬O,¥i¥ÎÃÄ¥]¾÷,¥i¥Î,¤@¯ë,Á`¶q¶i¦ì,¾AÀ³¯g:¬Î½H¡A ¥Ö½§·kÄo,,Indication:Non-atopic allergy¡A urticaria¡A eczema.,,¥~ Æ[:¥Õ¦â¶ì½¦¤p²~¸Ë,Appearance:White bottle,§½³¡¨ë¿E¡B±µÄ²©Ê¥Ö½§ª¢¡B¹L±Ó¤ÏÀ³,Local irritation¡A contact dermatitis¡A allergic reaction,,¬Ò¥i¥Î,±y¤O¯ÀÀ¿²G,Ulex lotion 10%¡A 30gm (Topi,,,§_,¬O,,¬°¥~¥ÎÃÄ«~¡A ½Ð§½³¡¨Ï¥Î¡A ¤Å±µÄ²²´·ú©Î»~ªA,,For external use. Avoid contact with the eyes or oral consumption.,,,,,¤@¯ë,¤@¯ë,Äµ »y: ¥»«~¬°¥~¥ÎÃÄ«~¡A½Ð§½³¡¨Ï¥Î¡A¤Å±µÄ²²´·ú©Î»~ªA¡C,,,,,§_,99.0,,§_,¬O,§_,³æ¤è,§_,¥i¥Î,¥i¥Î,¤£¥i¿i,§_,,1.00,1.00,9.00,9.00,99,99,7,1,99.00,99.00,0,0,,¦³¹Ï¤ù,,0,,0,,P03AX91,,,,,,,,,BOT,,°·«Oµ¹¥I,°·«Oµ¹¥I,CROTAMITON,P03AX91,A028952343,§_,LiquidLiquidEmulsion,TOPLTN,,,,,,,,,PH006,202307281154,29.70,39.00
EULT,19960101,99999999,°±¥Î,Ultane 250mL,Ultane 250mL,Sevoflurane,IH,,ZANE,CN-04-01,¥~¥Î,ML,Ultane,«D²Õ®M,°±¥Î,,¤@¯ë¥i¥Î,¬O,¥i¥ÎÃÄ¥]¾÷,,¤£¦LÃÄÅÒ,Á`¶q¶i¦ì,¾AÀ³¯g:³Â¾K¾¯,,,,,,,,,,¦èºÖ¾U§l¤J¥Î²G¾¯,Ultane 250mL,,,§_,¬O,,,,,,,,2018-Q2 ÃÄ©e·|§R°£,¤@¯ë,¤@¯ë,Äµ »y:À³µø¨ä¦~ÄÖ¡BÅé­«¤Î¯gªp¤©¥H¾A·í¤§¾¯¶q¡A¨Ã¯d·NÆ[¹î,Äµ °ªÄµ°T,,,,§_,1.0,,§_,¬O,§_,³æ¤è,§_,¥i¥Î,¥i¥Î,¤£¥i¿i,¬O,,1.00,1.00,999.00,999.00,999,999,1,1,999.00,999.00,0,0,,¦³¹Ï¤ù,,0,,0,,N01AB08,,,,,,,,,CC,§_,¥Ó³ø¤£­p»ù,¥Ó³ø¤£­p»ù,,,,§_,GasLiquidMixture,INHLSOL,,,,,,,,,PH047,202303141654,0,39.00
EULT1,20150315,99999999,°±¥Î,Ultibro Breezhaler 110/50mcg,Ultibro Breezhaler 110/50mcg,Indacaterol + Glycopyrronium,IH,QD,ERSP,RE-04-00,¥~¥Î,PFF,Ultibro,«D²Õ®M,°±¥Î,,¤@¯ë¥i¥Î,¬O,¥i¥ÎÃÄ¥]¾÷,±ø¥ó¤Uµ¹¥I,¤@¯ë,¦¸­p¶q¶i¦ì,¾AÀ³¯g:ºC©Êªý¶ë©ÊªÍ¯e¤§ºû«ùªvÀø¤Î­°§C´c¤Æ,,Indication:maintenance bronchodilator treatment to relieve,symptoms & reduce exacerbations in patients with COPD.,¥~ Æ[: ¨C²°¤º§t¤@­Ó§l¤J¾¹»P30²É§l¤J½¦Ån,Appearance: each box contains 1 inhaler and 30 capsules,¤ß±ª¡BÀYµh¡B§x­Â¡B§C¦å¹[¡B°ª¦å¿},palpitation¡A headace¡A fatigue¡A hypokalemia¡A hyperglycemia,,¬Ò¥i¥Î,©ù«Ò³Õ§l¤J½¦Ån110/50·L§J,Ultibro Breezhaler 110/50mcg,,,,¬O,,Ultibro½¦Ån¥u¯à·f°t§l¤J¾¹¨Ï¥Î¡A¤£¥iª½±µ§]ªA¡I,,Ultibro Capsule is administered only with Breezhaler¡A must not be swallowed!,,,,2015¦~²Ä¤@¦¸ÃÄ©e·|³q¹L·s¶i,¤@¯ë,¤@¯ë,Ultibro½¦Ån¥u¯à·f°t§l¤J¾¹¨Ï¥Î¡A¤£¥iª½±µ§]ªA¡I,,,0,0,§_,30.0,,§_,¬O,§_,½Æ¤è,§_,¥i¥Î,¥i¥Î,¤£¥i¿i,¬O,,1.00,1.00,1.00,1.00,30,999,1,1,1.00,1.00,0,0,,¦³¹Ï¤ù,,0,,0,,R03AC18,R03BB06,R03AL04,,,0,,0,,BOX,,°·«Oµ¹¥I,°·«Oµ¹¥I,INDACATEROL 110 MCG/DOSE + GLYCOPYRRONIUM 50 MCG/DOSE,R03AL04,BC26301443,§_,GasSolidSpray,INHLPWD,,,,,,,,,PH006,202312130842,1221.00,1465.00
EULTA,20180615,99999999,°±¥Î,Ultane Inhalation Liquid 250mL,Ultane Inhalation Liquid 250mL,Sevoflurane,IH,,ZANE,CN-04-01,¥~¥Î,ML,,«D²Õ®M,°±¥Î,ESOJ,¤@¯ë¥i¥Î,¬O,¥i¥ÎÃÄ¥]¾÷,,¤£¦LÃÄÅÒ,Á`¶q¶i¦ì,¾AÀ³¯g:¬°§l¤J©Ê¥þ¨­³Â¾K¾¯,,Indication:Anaesthesia.,,¥~ Æ[:250²@¤É¶ì½¦²~,Appearance:250mL bottle.,§C¦åÀ£¡A¿E°Ê¡Aäú¤ß¡A¹Ã¦R¡A«y¹Â,Hypotension¡A agitation¡A nausea¡A vomiting¡A cough,,¥u¥Î©ó¦í°|,¦èºÖ¾U§l¤J¥Î²G¾¯,Ultane Inhalation Liquid,,,¬O,¬O,,À³µø¨ä¦~ÄÖ¡BÅé­«¤Î¯gªp¤©¥H¾A·í¤§¾¯¶q¡A¨Ã¯d·NÆ[¹î,,Precaution: Should consider age¡A weight and disease state to modify dosage.,,,,2018-Q2 ÃÄ©e·|·s¶i¡A2019Q3§R°£,¤@¯ë,¤@¯ë,Äµ »y:À³µø¨ä¦~ÄÖ¡BÅé­«¤Î¯gªp¤©¥H¾A·í¤§¾¯¶q¡A¨Ã¯d·NÆ[¹î,Äµ °ªÄµ°T,,0,0,§_,250.0,,§_,¬O,§_,³æ¤è,§_,°±¥Î,°±¥Î,¤£¥i¿i,§_,,0,0,999.00,999.00,999,999,1,1,999.00,999.00,0,0,,¦³¹Ï¤ù,,0,,0,,N01AB08,,,,,0,,0,,ML,,¥Ó³ø¤£­p»ù,¥Ó³ø¤£­p»ù,,,,,GasLiquidMixture,INHLSOL,,,0,,0,mL,,,PH008,202107161604,0,35.00
EULTR,20100628,99999999,°±¥Î,Ultra test strips(§§¥Í),Ultra test strips(§§¥Í),Test Strips,,ASORDER,ZOTH,MEDD,½Ã§÷,¤ù,,«D²Õ®M,°±¥Î¡A¥i¬dÃþ¦üÃÄ,,¤@¯ë¥i¥Î,¬O,¤£¥i¥ÎÃÄ¥]¾÷,¥i¥Î,¤@¯ë,Á`¶q¶i¦ì,,,,,,,,,,¥u¥Î©óªù¶E,Ã­»¨¦å¿}¸Õ¯È,Ultra test strips(§§¥Í),,,§_,¬O,,,,,,,,,¤@¯ë,¤@¯ë,,,,,,§_,1.0,,¬O,§_,§_,³æ¤è,§_,¥i¥Î,¥i¥Î,¤£¥i¿i,¬O,,1.00,1.00,1.00,1.00,30,30,1,1,0,0,0,0,,µL¹Ï¤ù,,0,,0,,,,,,,,,,,¤ù,,°·«Oµ¹¥I,°·«Oµ¹¥I,,,TSS01ULTRAFZ,§_,AdministrableDrugForm,APPFUL,,,,,,,,,PH047,202303141654,8.51,30.00
EURE,19960101,99999999,¥i¥Î,Urea cream 10%¡A 20gm,Urea cream 10%¡A 20gm,Urea,EXT,,TDER,DE-10-00,¥~¥Î,¾A¶q,Urea Cream,«D²Õ®M,,,¤@¯ë¥i¥Î,¬O,¥i¥ÎÃÄ¥]¾÷,,¤@¯ë,Á`¶q¶i¦ì,¾AÀ³¯g:¥Ö½§«OÀã¾¯¤Î¨¤½è³n¤Æ¾¯(¥h¨¤½è),,Indication:Promote hydration¡A remote excess keratin.,,¥~ Æ[:²H¬õ¦â20gm³nºÞ¡A©³³¡¬°¬õ¦â¡A¥Õ¦â»\¤l,Appearance:20gm tube¡A red box,§½³¡¨ë¿E¡A ¯kµh¡A ¬õ¸~¡A Äo,Occasionally local stinging¡A pain¡A redness & itch.,,¬Ò¥i¥Î,Àu½§¨Å»I,Urea cream 10%¡A 20gm,,,§_,¬O,,¬°¥~¥ÎÃÄ«~¡A ½Ð§½³¡¨Ï¥Î¡A ¤Å±µÄ²²´·ú©Î»~ªA,,For external use. Avoid contact with the eyes or oral consumption.,,,,,¤@¯ë,¤@¯ë,Äµ »y: ¥»«~¬°¥~¥ÎÃÄ«~¡A½Ð§½³¡¨Ï¥Î¡A¤Å±µÄ²²´·ú©Î»~ªA¡C,,,,,§_,99.0,,§_,¬O,§_,³æ¤è,§_,¥i¥Î,¥i¥Î,¤£¥i¿i,¬O,,1.00,1.00,9.00,9.00,999,999,7,1,99.00,99.00,0,0,,¦³¹Ï¤ù,,0,,0,,D02AE01,,,,,,,,,TUB,§_,°·«Oµ¹¥I,°·«Oµ¹¥I,UREA,D02AE01,A027289338,§_,LiquidLiquidEmulsion,TOPCRM,,,,,,,,,PH022,202312221703,23.10,30.00
EVENI,19960101,99999999,¥i¥Î,Ventolin inhaler 0.1mg/dose,Ventolin inhaler 0.1mg/dose,Salbutamol,IH,,ERSP,RE-01-00,¥~¥Î,PFF,Ventolin Inhaler,«D²Õ®M,,,¤@¯ë¥i¥Î,¬O,¥i¥ÎÃÄ¥]¾÷,,¤@¯ë,Á`¶q¶i¦ì,¾AÀ³¯g:®ð³Ý¡A ¤ä®ðºÞª¢,,Indication:Relief of acute bronchospasm.,,¥~ Æ[:²Hºñ¦â²~¨­¡A ²`ºñ¦â»\¤l,Appearance:White/light blue box,¤ß¸õ¥[§Ö¡A ÀYµh¡A µo§Ý¡A «y¹Â¡A ÀY·w¡A ¤f°®,Rapid heartbeat¡A headache¡A trembling¡A coughing ¡A dizzy¡A dryness or irritation of,,¬Ò¥i¥Î,ªx±oªL©w¶q¼QÃú¾¯,Ventolin inhaler 0.1mg/dose,,,§_,¬O,,½Ð¿í·ÓÂå®v«ü¥Ü¨Ï¥Î¡A ­Yµo¥ÍºÃ¦üÃÄª«¤£¨}¤ÏÀ³½Ð§iª¾Âå¥Í,,Follow doctor's advice. Check with doctor if you notice any side effects.,,,,,¤@¯ë,¤@¯ë,Äµ »y:½Ð¿í·ÓÂå®v«ü¥Ü¨Ï¥Î¡A­Yµo¥ÍºÃ¦üÃÄª«¤£¨}¤ÏÀ³½Ð§iª¾Âå¥Í¡C,,§l¤J¾¯,,,§_,200.0,,§_,¬O,§_,³æ¤è,§_,¥i¥Î,¥i¥Î,¤£¥i¿i,¬O,,2.00,1.00,2.00,2.00,60,30,28,1,8.00,8.00,0,0,1.00,¦³¹Ï¤ù,,0,,0,,R03AC02,,,,,,,,,BOT,§_,°·«Oµ¹¥I,°·«Oµ¹¥I,SALBUTAMOL,R03AC02,BC17528138,§_,GasSolidSpray,ORINHL,,,,,,,,,PH047,202303141655,104.00,125.00
EVENN,19960101,99999999,°±¥Î,Ventolin Nebule 5mg/2.5mL,Ventolin Nebule 5mg/2.5mL,Salbutamol,IH,,ERSP,RE-01-00,¥~¥Î,AMP,Ventolin Nebules,«D²Õ®M,°±¥Î,,¤@¯ë¥i¥Î,¬O,¥i¥ÎÃÄ¥]¾÷,,¤@¯ë,¦¸­p¶q¶i¦ì,¾AÀ³¯g:¤ä®ðºÞµjÅË¡A «æ©ÊÄY­«©Ê®ð³Ý,,Indication:Relief of acute bronchospasm.,,¥~ Æ[:³z©ú2.5mL¶ì½¦¦wÞÀ¡C,Appearance:2.5 mL plastic ampoule.,¤ß¸õ¥[§Ö¡A ÀYµh¡A µo§Ý¡A «y¹Â¡A ÀY·w¡A ¤f°®,Rapid heartbeat¡A headache¡A trembling¡A coughing ¡A dizzy¡A dryness or irritation of,,,ªx±oªL ©I§l·»²G¾¯,Ventolin Nebule 5mg/2.5mL,,,§_,¬O,,°t¦XÃú¤Æ¾¹¨Ï¥Î¤§©I§lªvÀø¥ÎÃÄ¡A »ÝÁ×¥úÀx¦s©óÄá¤ó25«×¥H¤U«Ç·Å¡C,,Medicine taken by inhalation only¡A using a nebuliser. Protect from light.,,,,2018.12 ÃÄ©e·|§R°£,¤@¯ë,¤@¯ë,Äµ »y: °t¦XÃú¤Æ¾¹¨Ï¥Î¤§©I§lªvÀø¥ÎÃÄ¡A»ÝÁ×¥úÀx¦s©óÄá¤ó25«×¥H¤U«Ç·Å¡C,,§l¤J²G,,,§_,1.0,,§_,¬O,§_,³æ¤è,§_,¥i¥Î,¥i¥Î,¤£¥i¿i,¬O,,1.00,1.00,1.00,1.00,14,3,1,1,4.00,4.00,0,0,,¦³¹Ï¤ù,,0,,0,,R03AC02,,,,,,,,,AMP,§_,°·«Oµ¹¥I,°·«Oµ¹¥I,SALBUTAMOL,R03AC02,BC19536414,§_,GasLiquidMixture,INHLSOL,,,,,,,,,PH047,202303141655,4.95,7.00
EVENR,19960101,99999999,°±¥Î,Ventolin respirator soln 1mL,Ventolin respirator soln 1mL,Salbutamol,IH,,ERSP,RE-01-00,¥~¥Î,ML,Ventolin Respirator Soln,«D²Õ®M,°±¥Î,,¤@¯ë¥i¥Î,¬O,¤£¥i¥ÎÃÄ¥]¾÷,,¤@¯ë,Á`¶q¶i¦ì,¾AÀ³¯g:®ð³Ý¡B¤ä®ðºÞª¢µ¥,,Indication:Relief of acute bronchospasm.,,,,,,,,,Ventolin respirator soln 1mL,,,§_,¬O,,,,,,,,,¤@¯ë,¤@¯ë,Äµ »y: °t¦XÃú¤Æ¾¹¨Ï¥Î¤§©I§lªvÀø¥ÎÃÄ¡A»ÝÁ×¥úÀx¦s©óÄá¤ó25«×¥H¤U«Ç·Å¡C,,,,,§_,1.0,,§_,§_,§_,³æ¤è,§_,¥i¥Î,¥i¥Î,¤£¥i¿i,¬O,,1.00,1.00,2.00,2.00,999,999,1,1,8.00,8.00,0,0,,µL¹Ï¤ù,,0,,0,,,,,,,,,,,CC,§_,°·«Oµ¹¥I,°·«Oµ¹¥I,SALBUTAMOL,R03AC02,B018205338,§_,GasLiquidMixture,INHLSOL,,,,,,,,,PH047,202303141655,9.25,12.00
EVID,20070401,99999999,¥i¥Î,Vidisic gel 10gm,Vidisic gel 10gm,Carbomer,OU,,TOPH,OP-07-00,¥~¥Î,¾A¶q,Vidisic,«D²Õ®M,,EGIN,¤@¯ë¥i¥Î,¬O,¥i¥ÎÃÄ¥]¾÷,¥i¥Î,¤@¯ë,Á`¶q¶i¦ì,¾AÀ³¯g:°®²´¯g,,Indication:Treat dry eye.,,¥~ Æ[:¥Õ¦â10gm³nºÞ¡A ºñ¦â¾î±ø¯¾,Appearance:10gm white tube.,µu¼Èªºµø¤O¼Ò½k,Transient blurring in vision,,¬Ò¥i¥Î,ºû¸¦´µ²´¥Î¾®½¦,Vidisic gel 10gm,,,§_,¬O,,½Ð¸m©ó«Äµ£µLªk¨ú±o¤§³B,,Keep medicine out of reach of children.,,³Æµù: ­Y¦P®É¨Ï¥Î¨âºØ²´¥ÎÃÄ«~¡A ½Ð¶¡¹j5¤ÀÄÁ¡A ¥ýÂIÃÄ¤ô¡A ¦A¨Ï¥ÎÃÄ»I,Allow at least 5 minutes between different eye preparations¡A solution first.,,¤@¯ë,¤@¯ë,Äµ »y:½Ð¸m©ó«Äµ£µLªk¨ú±o¤§³B,,,,,§_,99.0,,§_,¬O,§_,³æ¤è,§_,¥i¥Î,¥i¥Î,¤£¥i¿i,¬O,,1.00,1.00,1.00,1.00,99,99,28,1,99.00,99.00,0,0,,¦³¹Ï¤ù,,0,,0,,S01XA20,,,,,,,,,TUB,,°·«Oµ¹¥I,°·«Oµ¹¥I,CARBOMER (=CARBOPOL=CARBOXYPOLYMETHYLENE),S01XA20,BC21277429,§_,LiquidSolidSuspension,OPGEL,,,,,,,,,PH022,202312221704,98.00,123.00
EVIG,20080701,99999999,¥i¥Î,Vigamox 0.5%¡A 5mL ophthalmic solution,Vigamox 0.5%¡A 5mL ophthalmic solution,Moxifloxacin,OU,TID,TOPH,OP-01-00,¥~¥Î,ºw,Vigamox,«D²Õ®M,Á{±ÄÃÄ¡A½Ð³qª¾ÃÄ§½¥~ÁÊ,,­Ó®×Á{±Ä,¬O,¤£¥i¥ÎÃÄ¥]¾÷,°·«O¤£µ¹¥I,¤@¯ë,Á`¶q¶i¦ì,¾AÀ³¯g:²Óµß©Êµ²½¤ª¢,,Indication:The treatment of bacterial conjunctivitis,,¥~ Æ[:5mL ÂI²´²~¸Ë,Appearance:5mL eye drop bottle¡A red-brown box,µ²½¤ª¢¡AµøÄ±±Ó¾U«×­°§C¡A²´·ú°®Àß¡A²´·ú¤£¾A,Conjunctivitis¡A decreased visual acuity¡A dry eye¡A ocular discomfort.,,¬Ò¥i¥Î,«Âº¸²¶ÂI²´²G,Vigamox oph soln 0.5%¡A 5mL,,,§_,¬O,,½Ð¿í·ÓÂå®v«ü¥Ü¨Ï¥Î¡A ­Yµo¥ÍºÃ¦üÃÄª«¤£¨}¤ÏÀ³½Ð§iª¾Âå¥Í,,Follow doctor's advice. Check with doctor if you notice any side effects.,There is no order of use except the doctor's instruction.,³Æµù: ­Y¦P®É¨Ï¥Î¨âºØ²´ÃÄ¤ô¡A ½Ð¶¡¹j5¤ÀÄÁ¡A­YµLÂå®v«ü¥Ü¡A µL¥ý«á¨Ï¥Î,Wait at least 5 minutes between putting in each drop if 2 ophthalmic solutions.,2018Q2ÃÄ©e§R°£.2022Q3­Ó®×Á{±Ä,¤@¯ë,¤@¯ë,Äµ »y:½Ð¿í·ÓÂå®v«ü¥Ü¨Ï¥Î¡A­Yµo¥ÍºÃ¦üÃÄª«¤£¨}¤ÏÀ³½Ð§iª¾Âå¥Í¡C,,,,,§_,99.0,,§_,¬O,§_,³æ¤è,§_,°±¥Î,°±¥Î,¤£¥i¿i,§_,,1.00,1.00,1.00,1.00,99,99,7,1,6.00,6.00,0,0,,¦³¹Ï¤ù,,0,,0,,S01AE07,,,,,,,,,BOT,,¤£µ¹¥I¶·¦Û¥I,¤£µ¹¥I¶·¦Û¥I,,,,§_,AdministrableDrugForm,OPDROP,,,,,,,,,PH034,202210240827,0,784.00
EVIM,20110501,99999999,¥i¥Î,Vimax foaming solution 25mL,Vimax foaming solution 25mL,Clobetasol,EXT,BID,TDER,DE-06-00,¥~¥Î,¾A¶q,Vimax,«D²Õ®M,,,¤@¯ë¥i¥Î,¬O,¥i¥ÎÃÄ¥]¾÷,¥i¥Î,¤@¯ë,Á`¶q¶i¦ì,¾AÀ³¯g:¤û¥ÖÅ~¡A Àã¯l¡A «ó¥­­aÄö,,Indication:Psoriasis¡A recalcitrant eczema,,¥~ Æ[:¥Õ¦â¥~¥]¸Ë,Appearance:White box,¥Ö½§°_¤ôªw¡A µoÄo¡A ¨`¼ö·P¡A ±Ó·P©Ê¼W¥[¡A ¶Ë¤fÂ¡¦X®t,Blisters¡A burning¡A itching of skin¡A increased skin sensitivity¡A lack of healing,,¬Ò¥i¥Î,¥i©ö¾Aªwªj²G,Vimax foaming solution 25mL,,,§_,¬O,,°£Âå®v«ü¥Ü¥~¡A ½Ð¤Åªø´Á©Î±K¶°¦a«ùÄò¨Ï¥Î,,Follow doctor's advice. Do not use this medicine for long term.,,½ÐÀx¦s©ó³±²D³B©Î¦B½c§NÂÃ¡A¤£¥i§N­á,Store in a cold place or refridgerator¡A do NOT freeze!,,¤@¯ë,¤@¯ë,Äµ »y:°£Âå®v«ü¥Ü¥~¡A½Ð¤Åªø´Á©Î±K¶°¦a«ùÄò¨Ï¥Î,,,,,§_,99.0,,§_,¬O,§_,³æ¤è,§_,¥i¥Î,¥i¥Î,¤£¥i¿i,¬O,,1.00,1.00,9.00,9.00,999,999,7,1,99.00,99.00,0,0,,¦³¹Ï¤ù,,0,,0,,D07AD01,,,,,,,,,BOT,,°·«Oµ¹¥I,°·«Oµ¹¥I,CLOBETASOL PROPIONATE,D07AD01,AC49063340,§_,GasLiquidMixture,FOAMAPL,,,,,,,,,PH022,202312221704,101.00,121.00
EVIR,20030102,99999999,°±¥Î,Viru-Merz 5gm,Viru-Merz 5gm,Tromantadine,EXT,,TDER,DE-04-00,¥~¥Î,¾A¶q,,«D²Õ®M,°±¥Î¡A¥i¬dÃþ¦üÃÄ,,¤w°±¥Î,¬O,¤£¥i¥ÎÃÄ¥]¾÷,±ø¥ó¤Uµ¹¥I,¤@¯ë,Á`¶q¶i¦ì,¾AÀ³¯g:³æ¯Â¯p¯l¡B±aª¬¯p¯l¡B©ÎÀã¯l©Ê¯p¯lµ¥,,Indication:Herpes simplex infection of skin,,,,,,,¥u¥Î©óªù¶E¤Î¦í°|STAT,³Á´µ§JÂo¾®½¦,Viru-Merz 5gm,,,§_,¬O,,,,,,,,,¤@¯ë,¤@¯ë,,,,,,§_,99.0,,§_,§_,§_,³æ¤è,§_,¥i¥Î,¥i¥Î,¤£¥i¿i,§_,,1.00,1.00,99.00,99.00,99,99,1,1,0,0,0,0,,µL¹Ï¤ù,,0,,0,,,,,,,,,,,TUB,,°·«Oµ¹¥I,°·«Oµ¹¥I,TROMANTADINE,D06BB02,B013071321,§_,LiquidSolidSuspension,TOPGEL,,,,,,,,,PH047,202303141655,450.00,600.00
EVIRL,20140708,99999999,°±¥Î,Virless cream 5%¡A 5gm,Virless cream 5%¡A 5gm,Acyclovir,EXT,,TDER,DE-04-00,¥~¥Î,¾A¶q,Zovirax,«D²Õ®M,°±¥Î,EDHEP,¤@¯ë¥i¥Î,¬O,¥i¥ÎÃÄ¥]¾÷,­­¥Î,¤@¯ë,Á`¶q¶i¦ì,¾AÀ³¯g:¥Dªv³æ¯Â©Ê¯p¯l,,Indication:Treat herpes simplex virus infection.,,¥~ Æ[:5¤½§J¾TºÞ¥]¸Ë,Appearance:5gm tube,¼È®É©Ê¨`¼ö¨ë¿E¡A »´·L°®Àê¡A Äo,Transient burning or stinging¡A mild drying¡A itching.,,¬Ò¥i¥Î,«g¯p¨Å»I,Virless cream,,,,¬O,,¬°¥~¥ÎÃÄ«~¡A ½Ð§½³¡¨Ï¥Î¡A ¤Å±µÄ²²´·ú©Î»~ªA,,For external use. Avoid contact with the eyes or oral consumption.,,,,,¤@¯ë,¤@¯ë,Äµ »y: ¥»«~¬°¥~¥ÎÃÄ«~¡A½Ð§½³¡¨Ï¥Î¡A¤Å±µÄ²²´·ú©Î»~ªA¡C,,,0,0,§_,99.0,,§_,¬O,§_,³æ¤è,§_,°±¥Î,°±¥Î,¤£¥i¿i,§_,,1.00,1.00,9.00,9.00,99,99,7,1,99.00,99.00,0,0,,¦³¹Ï¤ù,,0,,0,,D06BB03,,,,,0,,0,,TUB,,°·«Oµ¹¥I,°·«Oµ¹¥I,ACYCLOVIR,D06BB03,AC32684321,§_,LiquidLiquidEmulsion,TOPCRM,,,,,,,,,PH006,202207201325,41.10,53.00
EVIT,20070115,99999999,°±¥Î,Vita A eye oint,Vita A eye oint,Vitamin A,OU,,TOPH,OP-08-00,¥~¥Î,¾A¶q,Vita A eye oint,«D²Õ®M,°±¥Î¡A¥i¬dÃþ¦üÃÄ,,¤@¯ë¥i¥Î,¬O,¤£¥i¥ÎÃÄ¥]¾÷,¥i¥Î,¤@¯ë,Á`¶q¶i¦ì,¾AÀ³¯g:¨¤½¤µoª¢µ¥¯gª¬,,Indication:Corneal inflammation.,,¥~ Æ[:¥Õ¦â¯»¬õ¦â¬Û¶¡³nºÞ¡A ¥Õ¦â»\¤l,Appearance:White/pink tube,¹L±Ó¤ÏÀ³,Hypersensitivity reactions.,,¬Ò¥i¥Î,ºû¥L©RA ²´ÃÄ»I,Vita A eye oint,,,§_,¬O,,­Yµo¥ÍÄY­«¹L±Ó©Îµo¯lµ¥¤£¾A¯gª¬¡AÀ³§Y°±ÃÄ¨Ã½Ð±ÐÂå®v,,Report to doctor¡A if any severe hypersensitivity or skin rash occur.,,³Æµù: ­Y¦P®É¨Ï¥Î¨âºØ²´¥ÎÃÄ«~¡A ½Ð¶¡¹j5¤ÀÄÁ¡A ¥ýÂIÃÄ¤ô¡A ¦A¨Ï¥ÎÃÄ»I,,,¤@¯ë,¤@¯ë,Äµ »y: ­Yµo¥ÍÄY­«¹L±Ó©Îµo¯lµ¥¤£¾A¯gª¬¡AÀ³§Y°±ÃÄ¨Ã½Ð±ÐÂå®v,,,,,§_,99.0,,§_,§_,§_,³æ¤è,§_,¥i¥Î,¥i¥Î,¤£¥i¿i,¬O,,1.00,1.00,99.00,99.00,99,30,7,1,0,0,0,0,,¦³¹Ï¤ù,,0,,0,,S01XA02,,,,,,,,,TUB,,°·«Oµ¹¥I,°·«Oµ¹¥I,VITAMIN A,S01XA02,A004156417,§_,LiquidLiquidEmulsion,OPOINT,,,,,,,,,PH047,202303141655,18.00,23.00
EVOR,19960101,99999999,°±¥Î,Voren-G gel 10mg/gm 30gm,Voren-G gel 10mg/gm 30gm,Diclofenac,EXT,,CNEU,CN-01-02,¥~¥Î,¾A¶q,Voren-G Gel,«D²Õ®M,°±¥Î¡A¥i¬dÃþ¦üÃÄ,,¤@¯ë¥i¥Î,¬O,¤£¥i¥ÎÃÄ¥]¾÷,,¤@¯ë,Á`¶q¶i¦ì,¾AÀ³¯g:Âíµh¡B®øª¢,,,,,,,,,¥u¥Î©óªù¶E¤Î¦í°|STAT,,Voren-G gel 10mg/gm 30gm,,,§_,¬O,,,,,,,,,¤@¯ë,¤@¯ë,,,,,,§_,99.0,,§_,§_,§_,³æ¤è,§_,¥i¥Î,¥i¥Î,¤£¥i¿i,§_,,1.00,1.00,1.00,1.00,999,999,30,1,0,0,0,0,,µL¹Ï¤ù,,0,,0,,,,,,,,,,,TUB,§_,°·«Oµ¹¥I,°·«Oµ¹¥I,DICLOFENAC,M02AA15,A039349343,§_,LiquidSolidSuspension,TOPGEL,,,,,,,,,PH047,202303141655,55.00,66.00
EVORS,19960101,99999999,¥i¥Î,Voren ®ê¾¯ 12.5mg,Voren suppository 12.5mg,Diclofenac,RECT,ASORDER,CNEU,CN-01-02,¥~¥Î,SUP,Voren Supp,«D²Õ®M,,,¤@¯ë¥i¥Î,¬O,¥i¥ÎÃÄ¥]¾÷,,¤@¯ë,¦¸­p¶q¶i¦ì,¾AÀ³¯g:¸Ñ¼ö¡A Âíµh¡A ®øª¢,,Indication:Relief pain¡A inflammation & fever.,,¥~ Æ[:¥Õ©³¾ï¦r¥]¸Ë¡A ¤º¬°¥Õ¦âÄú½èÃÄ,Appearance:White suppository,¸¡µh¡A «K¯µ¡A ¸¡Âm¡A µÈ®ð¡A äú¤ß¡A ÀY·w¡A ÀYµh,Abdominal pain¡A constipation¡A diarrhea¡A flatulence¡A nausea¡A dizzy¡A headache,,,«Dª¢®ê¾¯,Voren supp,,,§_,¬O,,¨zªù®ê¾¯½Ð¸m©ó25¢J¥H¤UÀx¦s¡A ¨Ã©ó­é¥~¥]¸Ë«á¨Ï¥Î,,Anal suppository. Store under 25¢XC in a dry place.,,¦p¥ÎÃÄ«á¥X²{³ïµh¡B¤fµÄÂH½¤¼ìÄê¡B¥Ö¯lµ¥¯gª¬¡A¥ß§Y°±ÃÄ¦^¶E,If signs of sore throat¡A mouth ulcers or skin rash occur¡A please consult doctor,,¤@¯ë,¤@¯ë,Äµ »y:¨zªù®ê¾¯½Ð¸m©ó25¢J¥H¤UÀx¦s¡A ¨Ã©ó­é¥~¥]¸Ë«á¨Ï¥Î,,®ê¾¯,,,§_,1.0,,§_,¬O,§_,³æ¤è,§_,¥i¥Î,¥i¥Î,¤£¥i¿i,¬O,,1.00,1.00,2.00,2.00,999,999,1,1,16.00,16.00,0.40,0.12,,¦³¹Ï¤ù,,0,,0,,M01AB05,,,,,,,,,SUP,§_,°·«Oµ¹¥I,°·«Oµ¹¥I,DICLOFENAC,M01AB05,AB28656500,§_,SolidDrugForm,RECSUPP,,,,,,,,,PH047,202401121032,5.00,7.00
EVYZ,20210915,99999999,¥i¥Î,Vyzulta 0.024%¡A 5mL ophthalmic solution,Vyzulta 0.024%¡A 5mL ophthalmic solution,Latanoprostene bunod,OU,HS,TOPH,OP-05-05,¥~¥Î,ºw,Vyzulta,«D²Õ®M,,,¤@¯ë¥i¥Î,¬O,¥i¥ÎÃÄ¥]¾÷,¥i¥Î,¤@¯ë,Á`¶q¶i¦ì,¾AÀ³¯g:¶}©ñ©Ê«C¥ú²´©Î°ª²´À£¯f¤H´î»´²´¤ºÀ£,,Indication:Reduction of intraocular pressure.,,¥~ Æ[:5mL¥Õ¦â²´ÃÄ¤ô²~¡Aºñ¦â»\¤l,Appearance:White bottle and green cap¡A 5mL eye drop bottle,µ²½¤¥R¦å¡A¨¤½¤ª¢¡A¶À´³Ån¼Ë¤ô¸~¡A¶À´³µøºô½¤¤ô¸~,Conjunctival hyperemia¡A keratitis¡A Cystoid macular edema¡A Macular retinal edema.,,¬Ò¥i¥Î,¤Zµø¹F²´¥Î²G¾¯,Vyzulta 0.024%¡A 5mL ophthalm,,,,¬O,,¨CºØ²´ÃÄ¤ô¤§¶¡À³¶¡¹j¦Ü¤Ö5¤ÀÄÁ,,If more than 1 topical ophthalmic drug is being used¡A,the drugs should be administered with at least 5 minutes between applications.,¥¼¶}±ÒªºÃÄ²~À³2-8¢XC«O¦s¡C¶}«Ê«á¥i¦b§C©ó25¢XC¤U«O¦s8¶g¡C,Unopened bottle should be stored at 2-8¢J¡A and opened bottle at 2-25¢J for 8week,2021Q3ÃÄ©e·s¶i,¤@¯ë,¤@¯ë,¨CºØ²´ÃÄ¤ô¤§¶¡À³¶¡¹j¦Ü¤Ö5¤ÀÄÁ,,,0,0,§_,100.0,,§_,¬O,¬O,³æ¤è,§_,¥i¥Î,°±¥Î,¤£¥i¿i,¬O,,1.00,1.00,1.00,1.00,999,999,28,7,2.00,2.00,0,0,,¦³¹Ï¤ù,,0,,0,,S01EE06,,,,,0,,0,,BOT,§_,°·«Oµ¹¥I,°·«Oµ¹¥I,LATANOPROSTENE BUNOD,S01EE06,BC27825421,,LiquidSolidSuspension,OPSUSP,,,0,,0,,,,PH047,202303141542,904.00,1085.00
EWAR,20030102,99999999,°±¥Î,Wartec cream 0.15%¡A 5gm,Wartec cream 0.15%¡A 5gm,Podophyllotoxin,EXT,,TDER,DE-04-00,¥~¥Î,¾A¶q,,«D²Õ®M,°±¥Î,YALDA,¤w°±¥Î,¬O,¤£¥i¥ÎÃÄ¥]¾÷,°·«O¤£µ¹¥I,¤@¯ë,Á`¶q¶i¦ì,¾AÀ³¯g:§½³¡¨Ï¥ÎªvÀø¯f¬r¬Ð,,Indication:Topical treatment of warts,,,,,,,¬Ò¥i¥Î,,Wartec cream 0.15%¡A 5gm,,,§_,¬O,,,,,,,,,¤@¯ë,¤@¯ë,Äµ »y:½Ð¿í·ÓÂå®v«ü¥Ü¨Ï¥Î¡A­Yµo¥ÍºÃ¦üÃÄª«¤£¨}¤ÏÀ³½Ð§iª¾Âå¥Í¡C,,,,,§_,99.0,,§_,§_,§_,³æ¤è,§_,°±¥Î,¥i¥Î,¥i¿i,¬O,,1.00,1.00,99.00,99.00,99,99,1,1,0,0,0,0,,µL¹Ï¤ù,,0,,0,,,,,,,,,,,TUB,,¤£µ¹¥I¶·¦Û¥I,¤£µ¹¥I¶·¦Û¥I,,,,§_,LiquidLiquidEmulsion,TOPCRM,,,,,,,,,PH047,202303141655,0,2500.00
EXAL,19960101,99999999,¥i¥Î,Xalatan 0.005%¡A 2.5mL ophthalmic solution,Xalatan 0.005%¡A 2.5mL ophthalmic solution,Latanoprost,OU,,TOPH,OP-05-05,¥~¥Î,ºw,Xalatan,«D²Õ®M,,,¤@¯ë¥i¥Î,¬O,¥i¥ÎÃÄ¥]¾÷,±ø¥ó¤Uµ¹¥I,¤@¯ë,Á`¶q¶i¦ì,¾AÀ³¯g:¤»·³¥H¤W¨àµ£»P¦¨¤H¤§«C¥ú²´¡B°ª²´À£¡C,,Indication:Lowering of ocular pressure,,¥~ Æ[:2.5­½¤ÉÂI²´²~,Appearance:2.5mL eye drop bottle¡A white/blue box,µø¤O¼Ò½k¡A ²´·ú¨ëµh©Î¬y²\¡A ²´Â¥¤Î²´·úÃC¦âÅÜ²`,Blurred vision¡A eye irritation¡A or tearing¡A darkening of eyelid skin color¡A incr,,¬Ò¥i¥Î,µÎ¦Ó©Z²´ÃÄ¤ô,Xalatan oph soln 0.005%,,,§_,¬O,,¶}«Ê«e»Ý©ó¦B½c§NÂÃ(2-8¢XC)¡A¶}«Ê«á¡A«Ç·Å(<25¢XC)¥i¨Ï¥Î¥|¶g¡C,,Store in a fridge(2-8¢XC). Store at RT (<25¢XC) for up to 4 weeks.,,³Æµù: ­Y¦P®É¨Ï¥Î¨âºØ²´ÃÄ¤ô¡A ½Ð¶¡¹j5¤ÀÄÁ¡A ­YµLÂå®v«ü¥Ü¡A µL¥ý«á¨Ï¥Î¶¶§Ç,Allow at least 5 minutes between different eye preparations,104-3 ÃÄ©e·|§R°£; 105-3ÃÄ©e·|·s¶i,¤@¯ë,¤@¯ë,Äµ »y:¶}«Ê«e»Ý©ó¦B½c§NÂÃ(2-8¢XC)¡A¶}«Ê«á¡A«Ç·Å(<25¢XC)¥i¨Ï¥Î¥|¶g¡C,,,,,§_,50.0,,§_,¬O,§_,³æ¤è,§_,¥i¥Î,¥i¥Î,¤£¥i¿i,¬O,,1.00,1.00,1.00,1.00,60,60,28,1,2.00,2.00,0,0,,¦³¹Ï¤ù,,0,,0,,S01EE01,,,,,,,,,BOT,§_,°·«Oµ¹¥I,°·«Oµ¹¥I,LATANOPROST,S01EE01,BC22540414,§_,AdministrableDrugForm,OPDROP,,,,,,,,,PH022,202312221704,426.00,511.00
EXAL2,20070111,99999999,°±¥Î,Xalacom eye drops 2.5mL,Xalacom eye drops 2.5mL,Latanoprost + Timolol,OU,,TOPH,OP-05-06,¥~¥Î,ºw,Xalacom,«D²Õ®M,°±¥Î,EDUOT,¤@¯ë¥i¥Î,¬O,¤£¥i¥ÎÃÄ¥]¾÷,­­¥Î,¤@¯ë,Á`¶q¶i¦ì,¾AÀ³¯g:¼s¨¤¶}©ñ©Ê«C¥ú²´¡B²´À£¹L°ªµ¥,,,,¥~ Æ[: 2.5 ml ¸ËÂI²´²~,,,,,¥u¥Î©óªù¶E¤Î¦í°|STAT,½Æ¤èµÎ¦Ó©Z²´ÃÄ¤ô,Xalacom eye drops 2.5mL,,,§_,¬O,,,,,,,,,¤@¯ë,¤@¯ë,Äµ »y:½Ð¸m©óÄá¤ó 2-8 «×¦B½cÁ×¥ú§NÂÃ«O¦s¡C,,,,,§_,50.0,,§_,§_,§_,½Æ¤è,§_,°±¥Î,¥i¥Î,¤£¥i¿i,¬O,,1.00,1.00,1.00,1.00,60,30,30,1,0,0,0,0,,µL¹Ï¤ù,,0,,0,,,,,,,,,,,BOT,,°·«Oµ¹¥I,°·«Oµ¹¥I,TIMOLOL 5MG/ML + LATANOPROST 50MCG/ML,S01ED51,B023537414,§_,AdministrableDrugForm,OPDROP,,,,,,,,,PH047,202303141655,738.00,886.00
EXAM,20160130,99999999,¥i¥Î,Xamiol gel 30gm,Xamiol gel 30gm,Calcipotriol + Betamethasone,EXT,,TDER,DE-09-00,¥~¥Î,¾A¶q,Daivobet,«D²Õ®M,,,¤@¯ë¥i¥Î,¬O,¥i¥ÎÃÄ¥]¾÷,¥i¥Î,¤@¯ë,Á`¶q¶i¦ì,¾AÀ³¯g:ªvÀø¤û¥ÖÅ~,,Indication:Plaque psoriasis,,¥~ Æ[:¥Õ¦â30g³nºÞ¡A ¬õ¦â»\¤l,Appearance:30gm white tube¡A red cap,·kÄo¡A ¼È®É©Ê§½³¡¨ë¿E¡A ¥Ö½§ª¢¡A ¬õ´³,Pruritus¡A local transient irritation¡A dermatitis¡A erythema,,¬Ò¥i¥Î,µ·ª´¼Ú¾®½¦,Xamiol gel 30gm,,,,¬O,,¬°¥~¥ÎÃÄ«~¡A ½Ð§½³¡¨Ï¥Î¡A ¤Å±µÄ²²´·ú©Î»~ªA,,For external use. Avoid contact with the eyes or oral consumption.,,¨Ï¥Î«e±NÃÄ²~·n¤@·n¡A¦A¶î©Ù©ó±w³¡,Shake the bottle before use and apply to the affected area.,105-1 ÃÄ©e·|³q¹L·s¶iÃÄ«~,¤@¯ë,¤@¯ë,Äµ »y: ¥»«~¬°¥~¥ÎÃÄ«~¡A½Ð§½³¡¨Ï¥Î¡A¤Å±µÄ²²´·ú©Î»~ªA¡C,,,0,0,§_,99.0,,§_,¬O,§_,½Æ¤è,§_,¥i¥Î,¥i¥Î,¤£¥i¿i,¬O,,1.00,1.00,9.00,9.00,999,999,7,1,99.00,99.00,0,0,,¦³¹Ï¤ù,,0,,0,,D05AX02,D07AC01,D05AX52,,,0,,0,,BOT,,°·«Oµ¹¥I,°·«Oµ¹¥I,CALCIPOTRIOL 50MCG/GM + BETAMETHASONE 500MCG/GM,D05AX52,BC25159343,§_,LiquidLiquidEmulsion,TOPOINT,,,,,,,,,PH022,202312221704,536.00,643.00
EXYL,20080916,99999999,°±¥Î,Xylmol oint 15gm,Xylmol oint 15gm,Zinc Oxide+ Lidocaine+ Alu. Acetate+Hydrocortisone,RECT,,ALIM,GI-08-00,¥~¥Î,¾A¶q,Xylmol,«D²Õ®M,°±¥Î¡A¥i¬dÃþ¦üÃÄ,,¤@¯ë¥i¥Î,¬O,¤£¥i¥ÎÃÄ¥]¾÷,,¤@¯ë,Á`¶q¶i¦ì,¾AÀ³¯g:¥Dªvµi½H,,Indication:External & internal hemorrhoids.,,¥~ Æ[: ¥Õ¦â15gm³nºÞ¡A¯»¬õ¦â©³³¡¡A¶Â¦â»\¤l,Appearance:15gm white tube¡A pink box,¿N¨`·P¡A ¥Ö½§Äo¡A ¬õ´³¡A ¥C¯l¡A ·kÄo,Burning¡A itching¡A erythema¡A papules¡A pruritis,,¬Ò¥i¥Î,³ßÂ¡²© ³n»I,Xylmol oint,,,§_,¬O,,¬°¥~¥ÎÃÄ«~¡A ½Ð§½³¡¨Ï¥Î¡A ¤Å±µÄ²²´·ú©Î»~ªA,,For external use. Avoid contact with the eyes or oral consumption.,,,,2020²Ä¤T¦¸ÃÄ©e·|§R°£,¤@¯ë,¤@¯ë,Äµ »y: ¥»«~¬°¥~¥ÎÃÄ«~¡A½Ð§½³¡¨Ï¥Î¡A¤Å±µÄ²²´·ú©Î»~ªA¡C,,,,,§_,99.0,,§_,¬O,§_,½Æ¤è,§_,°±¥Î,°±¥Î,¤£¥i¿i,§_,,1.00,1.00,9.00,9.00,999,999,7,1,99.00,99.00,0,0,,¦³¹Ï¤ù,,0,,0,,C05AA01,C05AD01,D02ABaa,,,,,,,TUB,,°·«Oµ¹¥I,°·«Oµ¹¥I,LIDOCAINE 50MG/GM + HYDROCORTISONE 2.5MG/GM + ZINC OXIDE 180MG/GM + ALUMINUM ACETATE 35MG/GM,C05AA01,A021455335,§_,LiquidLiquidEmulsion,TOPOINT,,,,,,,,,PH047,202303141655,40.00,52.00
EXYL41,19960101,99999999,°±¥Î,Xylocaine 4% 30mL,Xylocaine 4% 30mL,Xylocaine,EXT,,ZANE,CN-04-02,¥~¥Î,¾A¶q,Xylocaine,«D²Õ®M,°±¥Î¡A¥i¬dÃþ¦üÃÄ,,¤w°±¥Î,¬O,¤£¥i¥ÎÃÄ¥]¾÷,,¤@¯ë,Á`¶q¶i¦ì,¾AÀ³¯g:¬°§½³¡³Â¾K¾¯,,,,,,,,,¥u¥Î©óªù¶E¤Î¦í°|STAT,,Xylocaine 4% 30mL,,,§_,¬O,,,,,,,,,¤@¯ë,¤@¯ë,Äµ »y:À³µø¨ä¦~ÄÖ¡BÅé­«¤Î¯gªp¤©¥H¾A·í¤§¾¯¶q¡A¨Ã¯d·NÆ[¹î,,,,,§_,99.0,,§_,§_,§_,³æ¤è,§_,¥i¥Î,¥i¥Î,¤£¥i¿i,§_,,1.00,1.00,999.00,999.00,999,999,1,1,0,0,0,0,,µL¹Ï¤ù,,0,,0,,,,,,,,,,,BOT,§_,¥Ó³ø¤£­p»ù,¥Ó³ø¤£­p»ù,,,,§_,Liquid,TOPSOL,,,,,,,,,PH047,202303141655,0,456.00
EXYLJ,19960101,99999999,¥i¥Î,Xylocaine ¾®½¦ 30gm¡A 2%,Xylocaine jelly 30gm¡A 2%,Lidocaine,EXT,,ZANE,CN-04-02,¥~¥Î,¾A¶q,Xylocaine Jelly,«D²Õ®M,,,¤@¯ë¥i¥Î,¬O,¥i¥ÎÃÄ¥]¾÷,°·«O¤£µ¹¥I,¤@¯ë,Á`¶q¶i¦ì,¾AÀ³¯g:¬°§½³¡³Â¾K¾®½¦,,Indication:Surface anaesthetics.,,¥~ Æ[:30gm ³n»I¥]¸Ë,Appearance:30gm white tube,¹L±Ó©Ê¥ð§J,Anaphylactic shock,,¬Ò¥i¥Î,­W®§¼Ö¥d¦]¾®½¦2%,Xylocaine jelly 30gm¡A 2%,,,§_,¬O,,¬°¥~¥ÎÃÄ«~¡A ½Ð§½³¡¨Ï¥Î¡A ¤Å±µÄ²²´·ú©Î»~ªA,,For external use. Avoid contact with the eyes or oral consumption.,,,,,¤@¯ë,¤@¯ë,Äµ »y: ¥»«~¬°¥~¥ÎÃÄ«~¡A½Ð§½³¡¨Ï¥Î¡A¤Å±µÄ²²´·ú©Î»~ªA¡C,,¾®½¦,,,§_,99.0,,§_,¬O,§_,³æ¤è,§_,°±¥Î,°±¥Î,¤£¥i¿i,¬O,,1.00,1.00,9.00,9.00,999,999,7,1,99.00,99.00,0,0,,¦³¹Ï¤ù,,0,,0,,D04AB01,,,,,,,,,TUB,§_,¤£µ¹¥I¶·¦Û¥I,¤£µ¹¥I¶·¦Û¥I,,,,§_,LiquidSolidSuspension,TOPGEL,,,,,,,,,PH022,202312221704,0,96.00
EXYLS,19960101,99999999,°±¥Î,Xylocaine spray 80mg/gm,Xylocaine spray 80mg/gm,Lidocaine,EXT,,ZANE,CN-04-02,¥~¥Î,¾A¶q,Xylocaine Spray,«D²Õ®M,°±¥Î,EXYSP,¤@¯ë¥i¥Î,¬O,¤£¥i¥ÎÃÄ¥]¾÷,,¤£¦LÃÄÅÒ,Á`¶q¶i¦ì,¾AÀ³¯g:¬°§½³¡³Â¾K¾¯,,,,,,,,,¥u¥Î©óªù¶E¤Î¦í°|STAT,,Xylocaine spray 80mg/gm,,,§_,¬O,,,,,,,,,¤@¯ë,¤@¯ë,,,,,,§_,99.0,,§_,§_,§_,³æ¤è,§_,¥i¥Î,¥i¥Î,¤£¥i¿i,§_,,1.00,1.00,999.00,999.00,999,999,1,1,0,0,0,0,,µL¹Ï¤ù,,0,,0,,,,,,,,,,,BOT,§_,¥Ó³ø¤£­p»ù,¥Ó³ø¤£­p»ù,,,B003456353,§_,AdministrableDrugForm,SPRY,,,,,,,,,PH047,202303141656,0,1027.00
EXYSP,19960101,99999999,¥i¥Î,Xylocaine spray 10%¡A 50mL,Xylocaine spray 10%¡A 50mL,Lidocaine,LA,ASORDER,ZANE,CN-04-02,¥~¥Î,¾A¶q,Xylocaine Spray,«D²Õ®M,,EQCSP,¤@¯ë¥i¥Î,¬O,¥i¥ÎÃÄ¥]¾÷,¤º§t,¤@¯ë,Á`¶q¶i¦ì,¾AÀ³¯g: §½³¡³Â¾K¡C,,Indication: Local anesthesia.,,¥~ Æ[:³z©ú¬Á¼þ²~¡A¥Õ¦â¼ÐÅÒ»P²~»\,Appearance: Clear glass bottle with white label and cap.,§½³¡¨ë¿E¡B¹L±Ó¤ÏÀ³¡B«æ©Ê¥þ¨­©Ê¬r©Ê,Local irritation¡A allergic reactions¡A acute systemic toxicity.,,¥u¥Î©óªù¶E¤Î¦í°|STAT,­W®§¼Ö¥d¦]®Aµ©¦¡¼QÃú¾¯10%¡A 50²@¤É,Xylocaine spray 10%¡A 50mL,,,§_,¬O,,Á×§K±µÄ²²´·ú¡C,,Avoid contact with eyes.,,¹L¶q©Î¹L©óÀWÁc¨Ï¥Î¥i¯à¤Þ°_¤¤¬r¤ÏÀ³¡C,Possible toxicity with overdose or excessive use.,2023Q3 ÃÄ©e¦A±Ò¥Î,¤@¯ë,¤@¯ë,Äµ »y:À³µø¨ä¦~ÄÖ¡BÅé­«¤Î¯gªp¤©¥H¾A·í¤§¾¯¶q¡A¨Ã¯d·NÆ[¹î,,¼QÃú¾¯,,,§_,500.0,,§_,¬O,§_,³æ¤è,§_,°±¥Î,°±¥Î,¤£¥i¿i,¬O,,1.00,1.00,20.00,20.00,999,999,1,1,40.00,40.00,0,0,,¦³¹Ï¤ù,,0,,0,,D04AB01,,,,,,,,,BOT,§_,¥Ó³ø¤£­p»ù,¥Ó³ø¤£­p»ù,,,,§_,AdministrableDrugForm,SPRY,,,,,,,,,PH022,202312221704,0,852.00
EZAD,20071224,99999999,°±¥Î,Zaditen eye drops 5mL,Zaditen eye drops 5mL,Ketotifen,OU,,TOPH,OP-06-00,¥~¥Î,ºw,Zaditen,«D²Õ®M,°±¥Î,,¤@¯ë¥i¥Î,¬O,¤£¥i¥ÎÃÄ¥]¾÷,¥i¥Î,¤@¯ë,Á`¶q¶i¦ì,¾AÀ³¯g: ¦]¹L±Ó©Êµ²½¤ª¢¤Þ°_¤§²´·úÄo,,Indication:Allergic conjunctivitis,,¥~ Æ[:¥Õ¦â5mL¥~²~¡A ¥Õ¦â»\¤l,Appearance:5mL eye drop bottle¡A green/blue box,¨ëµh¡B°®²´¡BÀYµh¡B¤f°®¡B¹L±Ó,pain in eye¡A dry eyes¡A headache¡A dry mouth¡A allergy,,¬Ò¥i¥Î,¥ß±Ó°±ÂI²´²G,Zaditen eye drops 5mL,,,§_,¬O,,½Ð¸m©ó«Äµ£µLªk¨ú±o¤§³B,,Keep medicine out of reach of children.,,³Æµù: ­Y¦P®É¨Ï¥Î¨âºØ²´ÃÄ¤ô¡A ½Ð¶¡¹j5¤ÀÄÁ¡A ­YµLÂå®v«ü¥Ü¡A µL¥ý«á¨Ï¥Î¶¶§Ç,,,¤@¯ë,¤@¯ë,Äµ »y:½Ð¸m©ó«Äµ£µLªk¨ú±o¤§³B,,²´ÃÄ¤ô,,,§_,99.0,,§_,§_,§_,³æ¤è,§_,¥i¥Î,¥i¥Î,¤£¥i¿i,¬O,,1.00,1.00,1.00,1.00,99,99,7,1,8.00,8.00,0,0,,¦³¹Ï¤ù,,0,,0,,S01GX08,,,,,,,,,BOT,,°·«Oµ¹¥I,°·«Oµ¹¥I,KETOTIFEN,S01GX08,BC23793421,§_,AdministrableDrugForm,OPDROP,,,,,,,,,PH047,202303141656,50.00,65.00
EZAL,20020523,99999999,¥i¥Î,Zalain cream 2%¡A 15gm,Zalain cream 2%¡A 15gm,Sertaconazole,EXT,,TDER,DE-03-00,¥~¥Î,¾A¶q,Zalain,«D²Õ®M,,,¤@¯ë¥i¥Î,¬O,¥i¥ÎÃÄ¥]¾÷,¥i¥Î,¤@¯ë,Á`¶q¶i¦ì,¾AÀ³¯g:¥Ö½§ªí­±Åðµß·P¬V,,Indication:Topical Antifungals & Antiparasites,,¥~ Æ[:¥Õ¦â¬õ¦â¬Û¶¡15gm³nºÞ¡A ¥Õ¦â»\¤l,Appearance:15gm white/red tube,»´·L§½³¡µu¼È©Ê¹L±Ó¤ÏÀ³,Slight local & transient erythematous reaction.,,¬Ò¥i¥Î,¹F¨Ó¨Å»I,Zalain cream 2%¡A 15gm,,,§_,¬O,,¬°¥~¥ÎÃÄ«~¡A ½Ð§½³¡¨Ï¥Î¡A ¤Å±µÄ²²´·ú©Î»~ªA,,For external use. Avoid contact with the eyes or oral consumption.,,,,,¤@¯ë,¤@¯ë,Äµ »y: ¥»«~¬°¥~¥ÎÃÄ«~¡A½Ð§½³¡¨Ï¥Î¡A¤Å±µÄ²²´·ú©Î»~ªA¡C,,¨Å»I,,,§_,99.0,,§_,¬O,§_,³æ¤è,§_,¥i¥Î,¥i¥Î,¤£¥i¿i,¬O,,1.00,1.00,9.00,9.00,99,99,7,7,99.00,99.00,0,0,,¦³¹Ï¤ù,,0,,0,,D01AC14,,,,,,,,,TUB,,°·«Oµ¹¥I,°·«Oµ¹¥I,SERTACONAZOLE,D01AC14,AB43847335,§_,LiquidLiquidEmulsion,TOPCRM,,,,,,,,,PH022,202312221704,87.00,109.00
EZAL5,20210114,99999999,¥i¥Î,ZALAIN ³±¹D¿õ 500mg,ZALAIN vaginal tablet 500mg,Sertaconazole,VAG,QW,SGU,UR-01-00,¥~¥Î,VTAB,Zalain,«D²Õ®M,,,¤@¯ë¥i¥Î,¬O,¥i¥ÎÃÄ¥]¾÷,¥i¥Î,¤@¯ë,Á`¶q¶i¦ì,¾AÀ³¯g:ªvÀøÅðµß¤Þ°_¤§³±¹D·P¬V,,Indication:Vulvovag candidiasis.,,¥~ Æ[:¥Õ¦âÀ£¼Ò³±¹D¿õ¾¯,Appearance:White vag supp,»´·L§½³¡µu¼È©Ê¹L±Ó¤ÏÀ³,Slight local & transient erythematous reaction.,,¬Ò¥i¥Î,¹F¨Ó³±¹D¿õ,ZALAIN vaginal tablet 500mg,,,§_,¬O,,³±¹D®ê¾¯¸m©ó25¢J¥H¤UÀx¦s¡A ½Ð¥ý¥h°£¥~¥]¸Ë«á¦A¥Î,,Vaginal suppository¡A store under 25¢XC in a dry place.,,,,,¤@¯ë,¤@¯ë,Äµ »y:³±¹D®ê¾¯¸m©ó25¢J¥H¤UÀx¦s¡A ½Ð¥ý¥h°£¥~¥]¸Ë«á¦A¥Î,,®ê¾¯,0,0,§_,1.0,,§_,¬O,§_,³æ¤è,§_,¥i¥Î,°±¥Î,¤£¥i¿i,¬O,,1.00,1.00,1.00,1.00,99,99,1,1,1.00,1.00,0,0,,¦³¹Ï¤ù,,0,,0,,G01AF19,G01AF91,,,,0,,0,,TAB,,°·«Oµ¹¥I,°·«Oµ¹¥I,SERTACONAZOLE,G01AF19,AB44451500,§_,SolidDrugForm,VAGSUPP,,,0,,0,,,,PH006,202207141432,93.00,116.00
EZIN,20150511,99999999,¥i¥Î,Zin ointment 20%¡A 28.4gm,Zin ointment 20%¡A 28.4gm,Zinc Oxide,EXT,,TDER,DE-08-00,¥~¥Î,¾A¶q,ZnO,«D²Õ®M,,,¤@¯ë¥i¥Î,¬O,¥i¥ÎÃÄ¥]¾÷,°·«O¤£µ¹¥I,¤@¯ë,Á`¶q¶i¦ì,¾AÀ³¯g:½w¸Ñ¥Ö½§¨ë¿E¤Î·kÄoµ¥¯gª¬¡A§¿¥¬¯l,,Indication:Treat eczema¡A scalp dermatoses.,,¥~ Æ[:¥Õ¦â²HÂÅ¦â¬Û¶¡³nºÞ¡A ¥Õ¦â»\¤l,Appearance: White/light blue tube,¥Ö½§°®Àê©ÎºòÁ^,Drying or tightening of skin.,,¬Ò¥i¥Î,®ñ¤Æ¾N³n»I,Zin ointment 20%¡A 28.4g,,,,¬O,,¬°¥~¥ÎÃÄ«~¡A ½Ð§½³¡¨Ï¥Î¡A ¤Å±µÄ²²´·ú©Î»~ªA,,For external use. Avoid contact with the eyes or oral consumption.,,,,,¤@¯ë,¤@¯ë,Äµ »y: ¥»«~¬°¥~¥ÎÃÄ«~¡A½Ð§½³¡¨Ï¥Î¡A¤Å±µÄ²²´·ú©Î»~ªA¡C,,,0,0,§_,99.0,,§_,¬O,§_,³æ¤è,§_,°±¥Î,°±¥Î,¤£¥i¿i,¬O,,1.00,1.00,9.00,9.00,999,999,7,1,99.00,99.00,0,0,,¦³¹Ï¤ù,,0,,0,,D02ABaa,,,,,0,,0,,TUB,,¤£µ¹¥I¶·¦Û¥I,¤£µ¹¥I¶·¦Û¥I,,,,§_,LiquidLiquidEmulsion,TOPOINT,,,,,,,,,PH022,202312221705,0,63.00
EZNO,19960101,99999999,°±¥Î,Zin ointment 20%¡A 1oz (28.4gm),Zin ointment 20%¡A 1oz (28.4gm),Zinc Oxide,EXT,,TDER,DE-08-00,¥~¥Î,¾A¶q,ZnO,«D²Õ®M,°±¥Î,EZIN,¤@¯ë¥i¥Î,¬O,¤£¥i¥ÎÃÄ¥]¾÷,,¤@¯ë,Á`¶q¶i¦ì,¾AÀ³¯g:½w¸Ñ¥Ö½§¨ë¿E¤Î·kÄoµ¥¯gª¬¡A§¿¥¬¯l,,Indication:Treat eczema¡A scalp dermatoses.,,¥~ Æ[:¥Õ¦â²HÂÅ¦â¬Û¶¡³nºÞ¡A ¥Õ¦â»\¤l,Appearance: White/light blue tube,¥Ö½§°®Àê©ÎºòÁ^,Drying or tightening of skin.,,¥u¥Î©óªù¶E¤Î¦í°|STAT,®ñ¤Æ¾N³n»I,Zin ointment 20%¡A 1oz (28.4g,,,§_,¬O,,¬°¥~¥ÎÃÄ«~¡A ½Ð§½³¡¨Ï¥Î¡A ¤Å±µÄ²²´·ú©Î»~ªA,,For external use. Avoid contact with the eyes or oral consumption.,,,,,¤@¯ë,¤@¯ë,Äµ »y: ¥»«~¬°¥~¥ÎÃÄ«~¡A½Ð§½³¡¨Ï¥Î¡A¤Å±µÄ²²´·ú©Î»~ªA¡C,,,,,¬O,99.0,,§_,§_,§_,³æ¤è,§_,¥i¥Î,¥i¥Î,¤£¥i¿i,¬O,,1.00,1.00,9.00,9.00,999,999,7,1,99.00,99.00,0,0,,¦³¹Ï¤ù,,0,,0,,D02ABaa,,,,,,,,,TUB,§_,¤£µ¹¥I¶·¦Û¥I,¤£µ¹¥I¶·¦Û¥I,ZINC OXIDE,D02AB,A0142383AN,§_,LiquidLiquidEmulsion,TOPOINT,,,,,,,,,PH047,202303141656,41.80,54.00
EZOR,20041207,99999999,°±¥Î,Zorac cream 0.1%¡A 30gm,Zorac cream 0.1%¡A 30gm,Tazarotene,EXT,,TDER,DE-09-00,¥~¥Î,¾A¶q,Zorac cream,«D²Õ®M,°±¥Î,EKAR,¤@¯ë¥i¥Î,¬O,¤£¥i¥ÎÃÄ¥]¾÷,±ø¥ó¤Uµ¹¥I,¤@¯ë,Á`¶q¶i¦ì,¾AÀ³¯g:°®Å~¡A ´M±`©ÊÚµ½H,,Indication:Treat psoriasis & acne vulgaris.,,¥~ Æ[:²L©@°Ø¦â¥Õ¦â¬Û¶¡³nºÞ,Appearance:30gm white/brown tube,·kÄo¡A ¨`¼ö¨ëµh·P¡A ¬õ¸~¡A ¤û¥ÖÅ~´c¤Æ,Pruritus¡A burning/stinging¡A erythema¡A worsening of psoriasis,,¥u¥Î©óªù¶E¤Î¦í°|STAT,Ã¹½§®æ ¥~¥Î¨Å»I,Zorac cream 0.1%¡A 30gm,,,§_,¬O,,¬°¥~¥ÎÃÄ«~¡A ½Ð§½³¡¨Ï¥Î¡A ¤Å±µÄ²²´·ú©Î»~ªA,,For external use. Avoid contact with the eyes or oral consumption.,,,,,¤@¯ë,¤@¯ë,Äµ »y: ¥»«~¬°¥~¥ÎÃÄ«~¡A½Ð§½³¡¨Ï¥Î¡A¤Å±µÄ²²´·ú©Î»~ªA¡C,,,,,§_,99.0,,¬O,§_,§_,³æ¤è,§_,¥i¥Î,¥i¥Î,¤£¥i¿i,¬O,,1.00,1.00,9.00,9.00,60,30,30,1,99.00,99.00,0,0,,¦³¹Ï¤ù,,0,,0,,D05AX05,,,,,,,,,TUB,,°·«Oµ¹¥I,°·«Oµ¹¥I,TAZAROTENE,D05AX05,BC23854343,§_,LiquidLiquidEmulsion,TOPCRM,,,,,,,,,PH047,202303141656,368.00,442.00
EZOVC,19960101,99999999,°±¥Î,Zovirax cream 5%¡A 2gm,Zovirax cream 5%¡A 2gm,Acyclovir,EXT,,TDER,DE-04-00,¥~¥Î,¾A¶q,Zovirax Cream,«D²Õ®M,°±¥Î,EVIRL,¤@¯ë¥i¥Î,¬O,¤£¥i¥ÎÃÄ¥]¾÷,­­¥Î,¤@¯ë,Á`¶q¶i¦ì,¾AÀ³¯g:¥Dªv³æ¯Â©Ê¯p¯l,,Indication:Treat herpes simplex virus infection.,,¥~ Æ[:ÂÅ¦â³nºÞ¡A ¥Õ¦â»\¤l,Appearance:2gm blue tube,¼È®É©Ê¨`¼ö¨ë¿E¡A »´·L°®Àê¡A Äo,Transient burning or stinging¡A mild drying ¡A itching.,,¥u¥Î©óªù¶E¤Î¦í°|STAT,5% ¼ö«Â¼Ö¯À ¨Å»I¾¯,Zovirax cream 5%¡A 2gm,,,§_,¬O,,¬°¥~¥ÎÃÄ«~¡A ½Ð§½³¡¨Ï¥Î¡A ¤Å±µÄ²²´·ú©Î»~ªA,,For external use. Avoid contact with the eyes or oral consumption.,,,,,¤@¯ë,¤@¯ë,Äµ »y: ¥»«~¬°¥~¥ÎÃÄ«~¡A½Ð§½³¡¨Ï¥Î¡A¤Å±µÄ²²´·ú©Î»~ªA¡C,,,,,§_,99.0,,¬O,§_,§_,³æ¤è,§_,¥i¥Î,¥i¥Î,¤£¥i¿i,§_,,1.00,1.00,9.00,9.00,999,999,7,1,99.00,99.00,0,0,,¦³¹Ï¤ù,,0,,0,,D06BB03,,,,,,,,,TUB,§_,°·«Oµ¹¥I,°·«Oµ¹¥I,ACYCLOVIR,D06BB03,B013476312,§_,LiquidLiquidEmulsion,TOPCRM,,,,,,,,,PH047,202303141656,41.30,54.00
EZOVO,19960101,99999999,°±¥Î,Zovirax ²´¥ÎÃÄ»I 3%¡A 4.5gm,Zovirax eye oint 3%¡A 4.5gm,Acyclovir,OU,,TOPH,OP-01-00,¥~¥Î,¾A¶q,Zovirax Oph Oint,«D²Õ®M,°±¥Î,EDEV,¤w°±¥Î,¬O,¤£¥i¥ÎÃÄ¥]¾÷,­­¥Î,¤@¯ë,Á`¶q¶i¦ì,¾AÀ³¯g:¥Dªv³æ¯Â¯p¯l©Ê¨¤½¤ª¢,,Indication:Treat herpes simplex keratitis.,,¥~ Æ[:ÂÅ¦â¥Õ¦â¬Û¶¡³nºÞ¡A¥Õ¦â»\¤l,,,,,¥u¥Î©óªù¶E¤Î¦í°|STAT,3% ¼ö«Â¼Ö¯À,Zovirax eye oint 3%¡A 4.5gm,,,§_,¬O,,,,,,,,,¤@¯ë,¤@¯ë,Äµ »y: ­Yµo¥ÍÄY­«¹L±Ó©Îµo¯lµ¥¤£¾A¯gª¬¡AÀ³§Y°±ÃÄ¨Ã½Ð±ÐÂå®v,,,,,§_,99.0,,§_,§_,§_,³æ¤è,§_,°±¥Î,¥i¥Î,¤£¥i¿i,¬O,,1.00,1.00,999.00,999.00,999,999,7,1,0,0,0,0,,¦³¹Ï¤ù,,0,,0,,,,,,,,,,,TUB,§_,°·«Oµ¹¥I,°·«Oµ¹¥I,ACYCLOVIR,S01AD03,B011325420,§_,LiquidLiquidEmulsion,OPOINT,,,,,,,,,PH047,202303141656,535.00,642.00
HCVDA01,20170124,99999999,°±¥Î,HCVDAA0001(C¨x¥þ¤fªA·sÃÄ°·«O­pµe) 1b/24¶g,HCVDAA0001(C¨x¥þ¤fªA·sÃÄ°·«O­pµe) 1b/24¶g,Daklinza + Sunvepra (1b/24¶g),PO,AS,QANB,AI-03-04,¤fªA,DOSE,C¨x¥þ¤fªA·sÃÄ°·«O­pµe,«D²Õ®M,°±¥Î,,¤@¯ë¥i¥Î,¬O,¤£¥i¥ÎÃÄ¥]¾÷,±ø¥ó¤Uµ¹¥I,¤£¦LÃÄÅÒ,Á`¶q¶i¦ì,,,,,,,,,,¥u¥Î©óªù¶E,C¨x¥þ¤fªA·sÃÄ°·«O­pµe(²Õ¦X0001),HCVDAA0001(C¨x¥þ¤fªA·sÃÄ°·«O­pµe),,,,¬O,,,,,,,,¥Ó³ø¥Î¥N½X¡A¤w°±¥Î¡C,¤@¯ë,¤@¯ë,,,,0,0,§_,1.0,,§_,§_,§_,½Æ¤è,§_,°±¥Î,°±¥Î,¤£¥i¿i,§_,,1.00,1.00,1.00,1.00,28,28,0,0,1.00,1.00,0,0,,µL¹Ï¤ù,,0,,0,,,,,,,0,,0,,¤Ñ,§_,°·«Oµ¹¥I,°·«Oµ¹¥I,DACLATASVIR + ASUNAPREVIR,J05AP,HCVDAA0001,,SolidDrugForm,TAB,,,,,,,,,PH047,202401261215,0,0
HCVDA02,20170124,99999999,°±¥Î,HCVDAA0002(C¨x¥þ¤fªA·sÃÄ°·«O­pµe) 1b/12¶g,HCVDAA0002(C¨x¥þ¤fªA·sÃÄ°·«O­pµe) 1b/12¶g,Viekirax + Exviera (1b/12¶g),PO,AS,QANB,AI-03-04,¤fªA,DOSE,C¨x¥þ¤fªA·sÃÄ°·«O­pµe,«D²Õ®M,°±¥Î,,¤@¯ë¥i¥Î,¬O,¤£¥i¥ÎÃÄ¥]¾÷,±ø¥ó¤Uµ¹¥I,¤£¦LÃÄÅÒ,Á`¶q¶i¦ì,,,,,,,,,,¥u¥Î©óªù¶E,C¨x¥þ¤fªA·sÃÄ°·«O­pµe(²Õ¦X0002),HCVDAA0002(C¨x¥þ¤fªA·sÃÄ°·«O­pµe),,,,¬O,,,,,,,,110¦~3¤ë26¤é°·«O¼f¦r²Ä1100035134¸¹¨ç¿ì²z(1100501¥Í®Ä) °±¤îµ¹¥I,¤@¯ë,¤@¯ë,,,,0,0,§_,1.0,,§_,§_,§_,½Æ¤è,§_,°±¥Î,°±¥Î,¤£¥i¿i,§_,,1.00,1.00,1.00,1.00,28,28,0,0,1.00,1.00,0,0,,µL¹Ï¤ù,,0,,0,,,,,,,0,,0,,¤Ñ,§_,°·«Oµ¹¥I,°·«Oµ¹¥I,OMBITASVIR + PARITAPREVIR + RITONAVIR + DASABUVIR,J05AP,HCVDAA0002,,SolidDrugForm,TAB,,,,,,,¬Ò¥i,³æ¦¸¿éª`,PH047,202401261215,2140.00,0
HCVDA03,20170124,99999999,°±¥Î,HCVDAA0003(C¨x¥þ¤fªA·sÃÄ°·«O­pµe) 1a/12¶g,HCVDAA0003(C¨x¥þ¤fªA·sÃÄ°·«O­pµe) 1a/12¶g,Viekirax + Exviera + Ribavirin (1a/12¶g),PO,AS,QANB,AI-03-04,¤fªA,DOSE,C¨x¥þ¤fªA·sÃÄ°·«O­pµe,«D²Õ®M,°±¥Î,,¤@¯ë¥i¥Î,¬O,¤£¥i¥ÎÃÄ¥]¾÷,±ø¥ó¤Uµ¹¥I,¤£¦LÃÄÅÒ,Á`¶q¶i¦ì,,,,,,,,,,¥u¥Î©óªù¶E,C¨x¥þ¤fªA·sÃÄ°·«O­pµe(²Õ¦X0003),HCVDAA0003(C¨x¥þ¤fªA·sÃÄ°·«O­pµe),,,,¬O,,,,,,,,,¤@¯ë,¤@¯ë,,,,0,0,§_,1.0,,§_,§_,§_,½Æ¤è,§_,°±¥Î,°±¥Î,¤£¥i¿i,§_,,1.00,1.00,1.00,1.00,28,28,0,0,1.00,1.00,0,0,,µL¹Ï¤ù,,0,,0,,,,,,,0,,0,,¤Ñ,§_,°·«Oµ¹¥I,°·«Oµ¹¥I,OMBITASVIR + PARITAPREVIR + RITONAVIR + DASABUVIR + RIBAVIRIN,J05AP,HCVDAA0003,§_,SolidDrugForm,TAB,,,,,,,¬Ò¥i,³æ¦¸¿éª`,PH047,202401261215,2140.00,0
HCVDA04,20170124,99999999,°±¥Î,HCVDAA0004(C¨x¥þ¤fªA·sÃÄ°·«O­pµe) 1a/24¶g,HCVDAA0004(C¨x¥þ¤fªA·sÃÄ°·«O­pµe) 1a/24¶g,Viekirax + Exviera + Ribavirin (1a/24¶g),PO,AS,QANB,AI-03-04,¤fªA,DOSE,C¨x¥þ¤fªA·sÃÄ°·«O­pµe,«D²Õ®M,°±¥Î,,¤@¯ë¥i¥Î,¬O,¤£¥i¥ÎÃÄ¥]¾÷,±ø¥ó¤Uµ¹¥I,¤£¦LÃÄÅÒ,Á`¶q¶i¦ì,,,,,,,,,,¥u¥Î©óªù¶E,C¨x¥þ¤fªA·sÃÄ°·«O­pµe(²Õ¦X0004),HCVDAA0004(C¨x¥þ¤fªA·sÃÄ°·«O­pµe),,,,¬O,,,,,,,,,¤@¯ë,¤@¯ë,,,,0,0,§_,1.0,,§_,§_,§_,½Æ¤è,§_,°±¥Î,°±¥Î,¤£¥i¿i,§_,,1.00,1.00,1.00,1.00,28,28,0,0,1.00,1.00,0,0,,µL¹Ï¤ù,,0,,0,,,,,,,0,,0,,¤Ñ,§_,°·«Oµ¹¥I,°·«Oµ¹¥I,OMBITASVIR + PARITAPREVIR + RITONAVIR + DASABUVIR + RIBAVIRIN,J05AP,HCVDAA0004,§_,SolidDrugForm,TAB,,,,,,,¬Ò¥i,³æ¦¸¿éª`,PH047,202401261216,1070.00,0
HCVDA10,20180104,99999999,¥i¥Î,HCVDAA0010(C¨x¥þ¤fªA·sÃÄ°·«O­pµe) 1¡B4¡B5¡B6/12¶g,HCVDAA0010(C¨x¥þ¤fªA·sÃÄ°·«O­pµe) 1¡B4¡B5¡B6/12¶g,Harvoni +/- Ribavirin (1¡B4¡B5¡B6/12¶g),PO,ASORDER,QANB,AI-03-04,¤fªA,DOSE,C¨x¥þ¤fªA·sÃÄ°·«O­pµe,«D²Õ®M,,,¤@¯ë¥i¥Î,¬O,¤£¥i¥ÎÃÄ¥]¾÷,±ø¥ó¤Uµ¹¥I,¤£¦LÃÄÅÒ,Á`¶q¶i¦ì,,,,,,,,,,¥u¥Î©óªù¶E,C¨x¥þ¤fªA·sÃÄ°·«O­pµe(²Õ¦X0010),HCVDAA0010(C¨x¥þ¤fªA·sÃÄ°·«O­pµe),,,,¬O,,,,,,,,[Rx_x]¥Ó³ø½X³B¤è¶°¤£Åã¥Ü,¤@¯ë,¤@¯ë,,,,0,0,§_,1.0,,§_,§_,§_,½Æ¤è,§_,°±¥Î,°±¥Î,¤£¥i¿i,§_,,1.00,1.00,1.00,1.00,28,28,0,0,1.00,1.00,0,0,,µL¹Ï¤ù,,0,,0,,,,,,,0,,0,,¤Ñ,,°·«Oµ¹¥I,°·«Oµ¹¥I,SOFOSBUVIR + LEDIPASVIR +/- RIBAVIRIN,J05APX1,HCVDAA0010,,,,,,,,,,¬Ò¥i,³æ¦¸¿éª`,PH047,202401261216,2140.00,0
HCVDA11,20180104,99999999,¥i¥Î,HCVDAA0011(C¨x¥þ¤fªA·sÃÄ°·«O­pµe) 2/12¶g,HCVDAA0011(C¨x¥þ¤fªA·sÃÄ°·«O­pµe) 2/12¶g,Sovaldi + Ribavirin (2/12¶g),PO,ASORDER,QANB,AI-03-04,¤fªA,DOSE,C¨x¥þ¤fªA·sÃÄ°·«O­pµe,«D²Õ®M,,,¤@¯ë¥i¥Î,¬O,¤£¥i¥ÎÃÄ¥]¾÷,±ø¥ó¤Uµ¹¥I,¤£¦LÃÄÅÒ,Á`¶q¶i¦ì,,,,,,,,,,¥u¥Î©óªù¶E,C¨x¥þ¤fªA·sÃÄ°·«O­pµe(²Õ¦X0011),HCVDAA0011(C¨x¥þ¤fªA·sÃÄ°·«O­pµe),,,,¬O,,,,,,,,[Rx_x]¥Ó³ø½X³B¤è¶°¤£Åã¥Ü,¤@¯ë,¤@¯ë,,,,0,0,§_,1.0,,§_,§_,§_,½Æ¤è,§_,°±¥Î,°±¥Î,¤£¥i¿i,§_,,1.00,1.00,1.00,1.00,28,28,0,0,1.00,1.00,0,0,,µL¹Ï¤ù,,0,,0,,,,,,,0,,0,,¤Ñ,§_,°·«Oµ¹¥I,°·«Oµ¹¥I,SOFOSBUVIR + RIBAVIRIN,J05APX8,HCVDAA0011,§_,,,,,,,,,¬Ò¥i,³æ¦¸¿éª`,PH047,202401261216,2098.00,0
HCVDA12,20190101,99999999,¥i¥Î,HCVDAA0012(C¨x¥þ¤fªA·sÃÄ°·«O­pµe) 1-6«¬/8¶g,HCVDAA0012(C¨x¥þ¤fªA·sÃÄ°·«O­pµe) 1~6«¬/8¶g,Glecaprevir + Pibrentasvir (1~6type/8¶g),PO,ASORDER,QANB,AI-03-04,¤fªA,DOSE,C¨x¥þ¤fªA·sÃÄ°·«O­pµe,«D²Õ®M,,,¤@¯ë¥i¥Î,¬O,¤£¥i¥ÎÃÄ¥]¾÷,±ø¥ó¤Uµ¹¥I,¤£¦LÃÄÅÒ,Á`¶q¶i¦ì,,,,,,,,,,¬Ò¥i¥Î,C¨x¥þ¤fªA·sÃÄ°·«O­pµe(²Õ¦X0012),HCVDAA0012(C¨x¥þ¤fªA·sÃÄ°·«O­pµe),,,,,,,,,,,,[Rx_x]¥Ó³ø½X³B¤è¶°¤£Åã¥Ü,,¤@¯ë,,,,0,0,§_,1.0,,§_,,§_,½Æ¤è,,°±¥Î,,¤£¥i¿i,§_,,1.00,1.00,1.00,1.00,28,28,0,0,1.00,1.00,0,0,,µL¹Ï¤ù,,0,,0,,,,,,,0,,0,,¤Ñ,§_,°·«Oµ¹¥I,°·«Oµ¹¥I,GLECAPREVIR + PIBRENTASVIR,J05AP57,HCVDAA0012,,,,,,0,,0,,,,PH047,202401261216,3210.00,0
HCVDA13,20190101,99999999,¥i¥Î,HCVDAA0013(C¨x¥þ¤fªA·sÃÄ°·«O­pµe) 1-6«¬/12¶g,HCVDAA0013(C¨x¥þ¤fªA·sÃÄ°·«O­pµe) 1~6«¬/12¶g,Glecaprevir + Pibrentasvir (1~6type/12¶g),PO,ASORDER,QANB,AI-03-04,¤fªA,DOSE,C¨x¥þ¤fªA·sÃÄ°·«O­pµe,«D²Õ®M,,,¤@¯ë¥i¥Î,¬O,¤£¥i¥ÎÃÄ¥]¾÷,±ø¥ó¤Uµ¹¥I,¤£¦LÃÄÅÒ,Á`¶q¶i¦ì,,,,,,,,,,¥u¥Î©óªù¶E,C¨x¥þ¤fªA·sÃÄ°·«O­pµe(²Õ¦X0013),HCVDAA0013(C¨x¥þ¤fªA·sÃÄ°·«O­pµe),,,,¬O,,,,,,,,[Rx_x]¥Ó³ø½X³B¤è¶°¤£Åã¥Ü,,¤@¯ë,,,,0,0,§_,1.0,,§_,§_,§_,½Æ¤è,,°±¥Î,,¤£¥i¿i,§_,,1.00,1.00,1.00,1.00,28,28,0,0,1.00,1.00,0,0,,µL¹Ï¤ù,,0,,0,,,,,,,0,,0,,¤Ñ,§_,°·«Oµ¹¥I,°·«Oµ¹¥I,GLECAPREVIR + PIBRENTASVIR,J05AP57,HCVDAA0013,,,,,,0,,0,,,,PH047,202401261216,2140.00,0
HCVDA14,20190101,99999999,¥i¥Î,HCVDAA0014(C¨x¥þ¤fªA·sÃÄ°·«O­pµe) 1©Î3«¬/16¶g,HCVDAA0014(C¨x¥þ¤fªA·sÃÄ°·«O­pµe) 1©Î3«¬/16¶g,Glecaprevir + Pibrentasvir (1¡A3type/16¶g),PO,ASORDER,QANB,AI-03-04,¤fªA,DOSE,C¨x¥þ¤fªA·sÃÄ°·«O­pµe,«D²Õ®M,,,¤@¯ë¥i¥Î,¬O,¤£¥i¥ÎÃÄ¥]¾÷,±ø¥ó¤Uµ¹¥I,¤£¦LÃÄÅÒ,Á`¶q¶i¦ì,,,,,,,,,,¥u¥Î©óªù¶E,C¨x¥þ¤fªA·sÃÄ°·«O­pµe(²Õ¦X0014),HCVDAA0014(C¨x¥þ¤fªA·sÃÄ°·«O­pµe),,,,¬O,,,,,,,,[Rx_x]¥Ó³ø½X³B¤è¶°¤£Åã¥Ü,,¤@¯ë,,,,0,0,§_,1.0,,§_,,§_,½Æ¤è,,°±¥Î,,¤£¥i¿i,§_,,1.00,1.00,1.00,0,28,28,0,0,1.00,1.00,0,0,,µL¹Ï¤ù,,0,,0,,,,,,,0,,0,,¤Ñ,§_,°·«Oµ¹¥I,°·«Oµ¹¥I,GLECAPREVIR + PIBRENTASVIR,J05AP57,HCVDAA0014,,,,,,0,,0,,,,PH047,202401261216,1605.00,0
HCVDA15,20191004,99999999,¥i¥Î,HCVDAA0015(C¨x¥þ¤fªA·sÃÄ°·«O­pµe)1-6«¬Epclusa12¶g,HCVDAA0015(C¨x¥þ¤fªA·sÃÄ°·«O­pµe)1-6«¬Epclusa12¶g,Sofosbuvir + Velpatasvir (1-6/12¶g),PO,QD,QANB,AI-03-04,¤fªA,DOS,C¨x¥þ¤fªA·sÃÄ°·«O­pµe,«D²Õ®M,,,¤@¯ë¥i¥Î,¬O,¤£¥i¥ÎÃÄ¥]¾÷,±ø¥ó¤Uµ¹¥I,¤£¦LÃÄÅÒ,Á`¶q¶i¦ì,,,,,,,,,,¥u¥Î©óªù¶E¤Î¦í°|STAT,C¨x¥þ¤fªA·sÃÄ°·«O­pµe(²Õ¦X0015),HCVDAA0015(C¨x¥þ¤fªA·sÃÄ°·«O­pµe),,,,¬O,,,,,,,,[Rx_x]¥Ó³ø½X³B¤è¶°¤£Åã¥Ü,,¤@¯ë,,,,0,0,§_,1.0,,§_,,§_,³æ¤è,,°±¥Î,,¤£¥i¿i,§_,,1.00,1.00,1.00,1.00,28,28,28,28,1.00,1.00,0,0,,µL¹Ï¤ù,,0,,0,,,,,,,0,,0,,¤Ñ,§_,°·«Oµ¹¥I,°·«Oµ¹¥I,SOFOSBUVIR + VELPATASVIR,J05AP55,HCVDAA0015,,,,,,0,,0,,,,PH047,202401311120,2140.00,0
HCVDA16,20191004,99999999,¥i¥Î,HCVDAA0016(C¨x¥þ¤fªA·sÃÄ°·«O­pµe)1-6«¬(E+R)12¶g,HCVDAA0016(C¨x¥þ¤fªA·sÃÄ°·«O­pµe)1-6«¬(E+R)12¶g,Sofosbuvir + Velpatasvir +/- Ribavirin (1-6/12¶g),PO,QD,QANB,AI-03-04,¤fªA,DOS,C¨x¥þ¤fªA·sÃÄ°·«O­pµe,«D²Õ®M,,,¤@¯ë¥i¥Î,¬O,¤£¥i¥ÎÃÄ¥]¾÷,±ø¥ó¤Uµ¹¥I,¤£¦LÃÄÅÒ,Á`¶q¶i¦ì,,,,,,,,,,¥u¥Î©óªù¶E¤Î¦í°|STAT,C¨x¥þ¤fªA·sÃÄ°·«O­pµe(²Õ¦X0016),HCVDAA0016(C¨x¥þ¤fªA·sÃÄ°·«O­pµe),,,,¬O,,,,,,,,[Rx_x]¥Ó³ø½X³B¤è¶°¤£Åã¥Ü,¤@¯ë,¤@¯ë,,,,0,0,§_,1.0,,§_,§_,§_,½Æ¤è,§_,°±¥Î,°±¥Î,¤£¥i¿i,§_,,1.00,1.00,1.00,1.00,28,28,28,28,1.00,1.00,0,0,,µL¹Ï¤ù,,0,,0,,,,,,,0,,0,,¤Ñ,§_,°·«Oµ¹¥I,°·«Oµ¹¥I,SOFOSBUVIR + VELPATASVIR + RIBAVIRIN,J05APX5,HCVDAA0016,,,,,,0,,0,,,,PH047,202401311120,2140.00,0
HCVDA17,20220411,99999999,¥i¥Î,HCVDAA0017(C¨x¥þ¤fªA·sÃÄ°·«O­pµe)1-6«¬(S/V/V)12¶g,HCVDAA0017(C¨x¥þ¤fªA·sÃÄ°·«O­pµe)1-6«¬(S/V/V)12¶g,Sofosbuvir + Velpatasvir + Voxilaprevir (1-6/12¶g),PO,QD,QANB,AI-03-04,¤fªA,DOS,C¨x¥þ¤fªA·sÃÄ°·«O­pµe,«D²Õ®M,,,¤@¯ë¥i¥Î,¬O,¤£¥i¥ÎÃÄ¥]¾÷,±ø¥ó¤Uµ¹¥I,¤£¦LÃÄÅÒ,Á`¶q¶i¦ì,,,,,,,,,,¥u¥Î©óªù¶E,C¨x¥þ¤fªA·sÃÄ°·«O­pµe(²Õ¦X0017),HCVDAA0017(C¨x¥þ¤fªA·sÃÄ°·«O­pµe),,,,¬O,,,,,,,,[Rx_x]¥Ó³ø½X³B¤è¶°¤£Åã¥Ü,¤@¯ë,¤@¯ë,,,,0,0,§_,1.0,,§_,,§_,½Æ¤è,,°±¥Î,,¤£¥i¿i,§_,,1.00,1.00,1.00,1.00,28,28,28,28,1.00,1.00,0,0,,µL¹Ï¤ù,,0,,0,,,,,,,0,,0,,DAY,§_,°·«Oµ¹¥I,°·«Oµ¹¥I,SOFOSBUVIR + VELPATASVIR + VOXILAPREVIR,J05AP56,HCVDAA0017,,,,,,0,,0,,,,PH047,202401311120,2140.00,0
HE1806,20090323,99999999,¥i¥Î,#8 ¦å²G³zªR²G-3.8L A²G,#8 ¦å²G³zªR²G-3.8L A²G,,,,NUTR,NU-06-00,°w¾¯,BOT,,«D²Õ®M,°±¥Î,,¤@¯ë¥i¥Î,¬O,¤£¥i¥ÎÃÄ¥]¾÷,¥i¥Î,¤£¦LÃÄÅÒ,,¾AÀ³¯g: °t¦X¬~µÇ¾÷¤Î¤H¤uµÇÅ¦¥Î¡A¥H²M¬~¯f¤H¤§¦å¤¤§¿¬r¡C,,Indication: Dialysis solution.,,,,,,,¬Ò¥i¥Î,"«HªF" ¦å²G³zªR²G8¸¹,#8 ¦å²G³zªR²G-3.8L A²G,,,,¬O,,­­©ó¤H¤uµÇÅ¦³zªR¡A¤£±o¥Î©óª`®g¡B¸¡½¤Äé¬~¡C,±K«Ê¦s©ñ©ó40¢XC¥H¤U¡A¤£¥i§N­á¡C,For hemodialysis only.,Store sealed below 40¢XC. Do not freeze.,³zªR²Gµ}ÄÀ«á¶·¥ß§Y¨Ï¥Î¡C,Use immediately after dilution.,[Rx_x]¬~µÇ²G³B¤è¶°¤£Åã¥Ü ½Ã¸pÃÄ»s¦r²Ä037450¸¹,¤@¯ë,¤@¯ë,Äµ »y:¥»«~»Ý¸m©óÁ×¥ú³±²D°®Àê³B,,,0,0,§_,1.0,,§_,§_,§_,½Æ¤è,§_,°±¥Î,°±¥Î,¤£¥i¿i,¬O,,0,0,0,0,0,0,0,0,0,0,0,0,,µL¹Ï¤ù,,0,,0,,,,,,,0,,0,,±í,,¥Ó³ø¤£­p»ù,¥Ó³ø¤£­p»ù,,,,§_,Liquid,SOL,,,0,,3800.00,mL,¥²¶·µ}ÄÀ,³æ¦¸¿éª`,PH047,202401041603,0,0
HE1807,20090323,99999999,¥i¥Î,#9 ¦å²G³zªR²G-3.8L A²G,#9 ¦å²G³zªR²G-3.8L A²G,,,,NUTR,NU-06-00,°w¾¯,BOT,,«D²Õ®M,°±¥Î,,¤@¯ë¥i¥Î,¬O,¤£¥i¥ÎÃÄ¥]¾÷,¥i¥Î,¤£¦LÃÄÅÒ,,¾AÀ³¯g: °t¦X¬~µÇ¾÷¤Î¤H¤uµÇÅ¦¥Î¡A¥H²M¬~¯f¤H¤§¦å¤¤§¿¬r¡C,,Indication: Dialysis solution.,,,,,,,¬Ò¥i¥Î,"«HªF" ¦å²G³zªR²G9¸¹,#9 ¦å²G³zªR²G-3.8L A²G,,,,¬O,,­­©ó¤H¤uµÇÅ¦³zªR¡A¤£±o¥Î©óª`®g¡B¸¡½¤Äé¬~¡C,,For hemodialysis only.,,³zªR²Gµ}ÄÀ«á¶·¥ß§Y¨Ï¥Î¡C,Use immediately after dilution.,[Rx_x]¬~µÇ²G³B¤è¶°¤£Åã¥Ü ½Ã¸pÃÄ»s¦r²Ä039602¸¹,¤@¯ë,¤@¯ë,Äµ »y:¥»«~»Ý¸m©óÁ×¥ú³±²D°®Àê³B,,,0,0,§_,1.0,,§_,§_,§_,½Æ¤è,§_,°±¥Î,°±¥Î,¤£¥i¿i,¬O,,0,0,0,0,0,0,0,0,0,0,0,0,,µL¹Ï¤ù,,0,,0,,,,,,,0,,0,,±í,,¥Ó³ø¤£­p»ù,¥Ó³ø¤£­p»ù,,,,§_,Liquid,SOL,,,0,,3800.00,mL,¥²¶·µ}ÄÀ,³æ¦¸¿éª`,PH047,202306141049,0,0
HE1809,20090301,99999999,¥i¥Î,#11 ¦å²G³zªR²G-3.8L A²G,#11 ¦å²G³zªR²G-3.8L A²G,,,,NUTR,NU-06-00,°w¾¯,BOT,,«D²Õ®M,°±¥Î,,¤@¯ë¥i¥Î,¬O,¤£¥i¥ÎÃÄ¥]¾÷,¥i¥Î,¤£¦LÃÄÅÒ,,¾AÀ³¯g: °t¦X¬~µÇ¾÷¤Î¤H¤uµÇÅ¦¥Î¡A¥H²M¬~¯f¤H¤§¦å¤¤§¿¬r¡C,,Indication: Dialysis solution.,,,,,,,¬Ò¥i¥Î,"«HªF" ¦å²G³zªR²G11¸¹,#11 ¦å²G³zªR²G-3.8L A²G,,,,¬O,,­­©ó¤H¤uµÇÅ¦³zªR¡A¤£±o¥Î©óª`®g¡B¸¡½¤Äé¬~¡C,,For hemodialysis only.,,³zªR²Gµ}ÄÀ«á¶·¥ß§Y¨Ï¥Î¡C,Use immediately after dilution.,[Rx_x]¬~µÇ²G³B¤è¶°¤£Åã¥Ü ½Ã¸pÃÄ»s¦r²Ä042495¸¹,¤@¯ë,¤@¯ë,Äµ »y:¥»«~»Ý¸m©óÁ×¥ú³±²D°®Àê³B,,,0,0,§_,1.0,,§_,,§_,½Æ¤è,,°±¥Î,,¤£¥i¿i,¬O,,0,0,0,0,0,0,0,0,0,0,0,0,,µL¹Ï¤ù,,0,,0,,,,,,,0,,0,,±í,,¥Ó³ø¤£­p»ù,¥Ó³ø¤£­p»ù,,,,,Liquid,SOL,,,0,,3800.00,,¥²¶·µ}ÄÀ,³æ¦¸¿éª`,PH047,202306141053,0,0
HE1810,20090301,99999999,¥i¥Î,#13 ¦å²G³zªR²G-3.8L A²G,#13 ¦å²G³zªR²G-3.8L A²G,,,,NUTR,NU-06-00,°w¾¯,BOT,,«D²Õ®M,°±¥Î,,¤@¯ë¥i¥Î,¬O,¤£¥i¥ÎÃÄ¥]¾÷,¥i¥Î,¤£¦LÃÄÅÒ,,¾AÀ³¯g: °t¦X¬~µÇ¾÷¤Î¤H¤uµÇÅ¦¥Î¡A¥H²M¬~¯f¤H¤§¦å¤¤§¿¬r¡C,,Indication: Dialysis solution.,,,,,,,¬Ò¥i¥Î,"«HªF" ¦å²G³zªR²G13¸¹,#13 ¦å²G³zªR²G-3.8L A²G,,,,¬O,,­­©ó¤H¤uµÇÅ¦³zªR¡A¤£±o¥Î©óª`®g¡B¸¡½¤Äé¬~¡C,,For hemodialysis only.,,³zªR²Gµ}ÄÀ«á¶·¥ß§Y¨Ï¥Î¡C,Use immediately after dilution.,[Rx_x]¬~µÇ²G³B¤è¶°¤£Åã¥Ü ½Ã¸pÃÄ»s¦r²Ä047253¸¹,¤@¯ë,¤@¯ë,Äµ »y:¥»«~»Ý¸m©óÁ×¥ú³±²D°®Àê³B,,,0,0,§_,1.0,,§_,,§_,½Æ¤è,,°±¥Î,,¤£¥i¿i,¬O,,0,0,0,0,0,0,0,0,0,0,0,0,,µL¹Ï¤ù,,0,,0,,,,,,,0,,0,,±í,,¥Ó³ø¤£­p»ù,¥Ó³ø¤£­p»ù,,,,,Liquid,SOL,,,0,,3800.00,mL,¥²¶·µ}ÄÀ,³æ¦¸¿éª`,PH047,202306141053,0,0
HE1812,20090301,99999999,¥i¥Î,#300 µÇÅ¦³zªR²G-10L B±í,#300 µÇÅ¦³zªR²G-10L B±í,Sodium bicarbonate + Sodium chloride,,,NUTR,NU-06-00,°w¾¯,BOT,,«D²Õ®M,°±¥Î,,¤@¯ë¥i¥Î,¬O,¤£¥i¥ÎÃÄ¥]¾÷,¥i¥Î,¤£¦LÃÄÅÒ,,¾AÀ³¯g: °t¦X¤H¤uµÇÅ¦¥Î¥H²M¬~¯f¤H¦å¤¤§¿¬r¡C,,Indication: Hemodialysis solution.,,,,,,,¬Ò¥i¥Î,µÇÅ¦³zªR²G300¸¹(¤A),#300 µÇÅ¦³zªR²G-10L B±í,,,,¬O,,­­©ó¤H¤uµÇÅ¦³zªR¡A¤£±o¥Î©óª`®g¡B¸¡½¤Äé¬~¡C,,For hemodialysis only.,,³zªR²Gµ}ÄÀ«á¶·¥ß§Y¨Ï¥Î¡C,Use immediately after dilution.,[Rx_x]¬~µÇ²G³B¤è¶°¤£Åã¥Ü ½Ã¸pÃÄ»s¦r²Ä029206¸¹,¤@¯ë,¤@¯ë,Äµ »y:¥»«~»Ý¸m©óÁ×¥ú³±²D°®Àê³B,,,0,0,§_,1.0,,§_,,§_,½Æ¤è,,°±¥Î,,¤£¥i¿i,¬O,,0,0,0,0,0,0,0,0,0,0,0,0,,µL¹Ï¤ù,,0,,0,,,,,,,0,,0,,±í,,¥Ó³ø¤£­p»ù,¥Ó³ø¤£­p»ù,,,,,Liquid,SOL,,,0,,0,mL,¥²¶·µ}ÄÀ,³æ¦¸¿éª`,PH047,202306141104,0,0
HE1813,20090301,99999999,¥i¥Î,#300 µÇÅ¦³zªR²G¯»¾¯B¯»,#300 µÇÅ¦³zªR²G¯»¾¯B¯»,Sodium bicarbonate + Sodium chloride,,,NUTR,NU-06-00,°w¾¯,PK,,«D²Õ®M,°±¥Î,,¤@¯ë¥i¥Î,¬O,¤£¥i¥ÎÃÄ¥]¾÷,¥i¥Î,¤£¦LÃÄÅÒ,,¾AÀ³¯g: °t¦X¤H¤uµÇÅ¦¾÷¡B¥Î¥H²M¬~¯f¤H¦å¤¤§¿¬r¡C,,Indication: Hemodialysis powder.,,,,,,,¬Ò¥i¥Î,µÇÅ¦³zªR¯»300¸¹(¤A),#300 µÇÅ¦³zªR²G¯»¾¯B¯»,,,,¬O,,­­©ó¤H¤uµÇÅ¦³zªR¡A¤£±o¥Î©óª`®g¡B¸¡½¤Äé¬~¡C,,For hemodialysis only.,,µ}ÄÀ«á¶·¥ß§Y¨Ï¥Î¡C,Use immediately after dilution.,[Rx_x]¬~µÇ²G³B¤è¶°¤£Åã¥Ü ½Ã¸pÃÄ»s¦r²Ä041042¸¹,¤@¯ë,¤@¯ë,Äµ »y:¥»ÃÄ¤@©w­n¸gµ}ÄÀ¹L«á¨Ï¥Î,,,0,0,§_,1.0,,§_,,§_,½Æ¤è,,°±¥Î,,¤£¥i¿i,¬O,,0,0,0,0,0,0,0,0,0,0,0,0,,µL¹Ï¤ù,,0,,0,,,,,,,0,,0,,¥],,¥Ó³ø¤£­p»ù,¥Ó³ø¤£­p»ù,,,,,SolidDrugForm,POWD,,,0,,0,,¥²¶·µ}ÄÀ,³æ¦¸¿éª`,PH047,202306141110,0,0
HE1814,20231220,99999999,¥i¥Î,¦å²G³zªR¿@ÁY²G A-168,¦å²G³zªR¿@ÁY²G A-168,,,,NUTR,NU-06-00,°w¾¯,BOT,,«D²Õ®M,°±¥Î,,¤@¯ë¥i¥Î,¬O,¤£¥i¥ÎÃÄ¥]¾÷,¤º§t,¤£¦LÃÄÅÒ,Á`¶q¶i¦ì,¾AÀ³¯g: °t¦X¬~µÇ¾÷¤Î¤H¤uµÇÅ¦¥Î¡A¥H²M¬~¯f¤H¤§¦å¤¤§¿¬r¡C,,Indication: Dialysis solution.,,¥~ Æ[: 3.8¤½¤ÉHDPE ¶ì½¦±í¸Ë,Appearance: 3.8 Liter HDPE plastic bottle,,,,¬Ò¥i¥Î,"ÀÙ¥Í"¦å²G³zªR¿@ÁY²G A-168,HD concentrate A-168,,,,¬O,,­­©ó¤H¤uµÇÅ¦³zªR¡A¤£±o¥Î©óª`®g¡B¸¡½¤Äé¬~¡C,±K«Ê¦s©ñ©ó40¢XC¥H¤U¡A¤£¥i§N­á¡C,For hemodialysis only.,Store sealed below 40¢XC. Do not freeze.,³zªR²Gµ}ÄÀ«á¶·¥ß§Y¨Ï¥Î¡C,Use immediately after dilution.,[Rx_x]¬~µÇ²G³B¤è¶°¤£Åã¥Ü ½Ã³¡ÃÄ»s¦r²Ä060349¸¹,¤@¯ë,¤@¯ë,Äµ »y:¥»«~»Ý¸m©óÁ×¥ú³±²D°®Àê³B,,,0,0,§_,1.0,,§_,§_,§_,½Æ¤è,§_,°±¥Î,°±¥Î,¤£¥i¿i,§_,³zªR¤¤¤ß¦VÃÄ®w½Ð»â,0,0,0,0,0,0,0,0,0,0,0,0,,µL¹Ï¤ù,,0,,0,,,,,,,0,,0,,±í,,°·«O¤£¥Ó³ø¤£­p»ù,°·«O¤£¥Ó³ø¤£­p»ù,,,,§_,Liquid,SOL,,,0,,3800.00,mL,,,PH047,202401120926,0,0
HE1815,20231220,99999999,¥i¥Î,¦å²G³zªR¿@ÁY²G A-188,¦å²G³zªR¿@ÁY²G A-188,,,,NUTR,NU-06-00,°w¾¯,BOT,,«D²Õ®M,°±¥Î,,¤@¯ë¥i¥Î,¬O,¤£¥i¥ÎÃÄ¥]¾÷,¤º§t,¤£¦LÃÄÅÒ,Á`¶q¶i¦ì,¾AÀ³¯g: ¦å²G³zªR¡C,,Indication: Hemodialysis.,,¥~ Æ[: 3.8¤½¤ÉHDPE ¶ì½¦±í¸Ë,Appearance: 3.8 Liter HDPE plastic bottle,,,,¬Ò¥i¥Î,"ÀÙ¥Í"¦å²G³zªR¿@ÁY²G A-188,HD concentrate A-188,,,,¬O,,­­©ó¤H¤uµÇÅ¦³zªR¡A¤£±o¥Î©óª`®g¡B¸¡½¤Äé¬~¡C,±K«Ê¦s©ñ©ó40¢XC¥H¤U¡A¤£¥i§N­á¡C,For hemodialysis only.,Store sealed below 40¢XC. Do not freeze.,³zªR²Gµ}ÄÀ«á¶·¥ß§Y¨Ï¥Î¡C,Use immediately after dilution.,[Rx_x]¬~µÇ²G³B¤è¶°¤£Åã¥Ü ½Ã³¡ÃÄ»s¦r²Ä060393¸¹,¤@¯ë,¤@¯ë,Äµ »y:¥»«~»Ý¸m©óÁ×¥ú³±²D°®Àê³B,,,0,0,§_,1.0,,§_,,§_,½Æ¤è,,°±¥Î,,¤£¥i¿i,§_,³zªR¤¤¤ß¦VÃÄ®w½Ð»â,0,0,0,0,0,0,0,0,0,0,0,0,,µL¹Ï¤ù,,0,,0,,,,,,,0,,0,,±í,§_,°·«O¤£¥Ó³ø¤£­p»ù,°·«O¤£¥Ó³ø¤£­p»ù,,,,,Liquid,SOL,,,0,,3800.00,mL,,,PH047,202401120927,0,0
HE1816,20231220,99999999,¥i¥Î,¦å²G³zªR¿@ÁY²G A-198,¦å²G³zªR¿@ÁY²G A-198,,,,NUTR,NU-06-00,°w¾¯,BOT,,«D²Õ®M,°±¥Î,,¤@¯ë¥i¥Î,¬O,¤£¥i¥ÎÃÄ¥]¾÷,¤º§t,¤£¦LÃÄÅÒ,Á`¶q¶i¦ì,¾AÀ³¯g: °t¦X¬~µÇ¾÷¤Î¤H¤uµÇÅ¦¥Î¡A¥H²M¬~¯f¤H¤§¦å¤¤§¿¬r¡C,,Indication: Dialysis solution.,,¥~ Æ[: 3.8¤½¤ÉHDPE¶ì½¦±í¸Ë,Appearance: 3.8 Liter HDPE plastic bottle,,,,¬Ò¥i¥Î,"ÀÙ¥Í"¦å²G³zªR¿@ÁY²G A-198,HD concentrate A-198,,,,¬O,,­­©ó¤H¤uµÇÅ¦³zªR¡A¤£±o¥Î©óª`®g¡B¸¡½¤Äé¬~¡C,±K«Ê¦s©ñ©ó40¢XC¥H¤U¡A¤£¥i§N­á¡C,For hemodialysis only.,Store sealed below 40¢XC. Do not freeze.,³zªR²Gµ}ÄÀ«á¶·¥ß§Y¨Ï¥Î¡C,Use immediately after dilution.,[Rx_x]¬~µÇ²G³B¤è¶°¤£Åã¥Ü ½Ã³¡ÃÄ»s¦r²Ä060513¸¹,¤@¯ë,¤@¯ë,Äµ »y:¥»«~»Ý¸m©óÁ×¥ú³±²D°®Àê³B,,,0,0,§_,1.0,,§_,§_,§_,½Æ¤è,§_,°±¥Î,°±¥Î,¤£¥i¿i,§_,³zªR¤¤¤ß¦VÃÄ®w½Ð»â,0,0,0,0,0,0,0,0,0,0,0,0,,µL¹Ï¤ù,,0,,0,,,,,,,0,,0,,±í,,°·«O¤£¥Ó³ø¤£­p»ù,°·«O¤£¥Ó³ø¤£­p»ù,,,,§_,Liquid,SOL,,,0,,3800.00,mL,,,PH047,202401120927,0,0
HE1817,20231220,99999999,¥i¥Î,­«ºÒ»Ä¶u³zªR¥Î¯»¾¯,­«ºÒ»Ä¶u³zªR¥Î¯»¾¯,Sodium Bicarbonate,,,NUTR,NU-06-00,°w¾¯,BOT,,«D²Õ®M,°±¥Î,,¤@¯ë¥i¥Î,¬O,¤£¥i¥ÎÃÄ¥]¾÷,¤º§t,¤£¦LÃÄÅÒ,Á`¶q¶i¦ì,¾AÀ³¯g: °t¦X¤H¤uµÇÅ¦¥Î¥H²M¬~µÇÅ¦¯f¤H¤§¦å¤¤§¿¬r¡C,,Indication: For hemodialysis treatment.,,¥~ Æ[: 500¤½§JHDPE¶ì½¦²~¸Ë,Appearance: 500 gram HDPE plastic bottle,§C¦åÀ£¡Bäú¤ß¡B¹Ã¦R¡B¦Ù¦×µjÅË¡B·w¯t¡BÀYµh¡B©ü°g¡C,Hypotension¡A nausea¡A vomiting¡A spasms¡A dizziness¡A headache.,,¬Ò¥i¥Î,"ÀÙ¥Í"­«ºÒ»Ä¶u³zªR¥Î¯»¾¯,Sodi-Bicarbo "CHI SHENG",,,,¬O,,À³¦b§Y±N¨Ï¥Î«e¥Î²Å¦X³zªR«~½èªº¯Â²b¤ô¥[¥Hµ}ÄÀ¡C,Àx¦s©ó 40¢J¥H¤U¡A½Ð¤Å§NÂÃ¡C,Dilute with dialysis-quality purified water immediately before use.,Store below 40¢XC. Refrigeration not recommended.,¶È¥Î©ó³æ¦¸¦å²G³zªR¡C,For single-use dialysis treatment only.,[Rx_x]¬~µÇ³zªR¥Î¯»¾¯³B¤è¶°¤£Åã¥Ü ½Ã³¡ÃÄ»s¦r²Ä060347¸¹,¤@¯ë,¤@¯ë,Äµ »y:¥»«~»Ý¸m©óÁ×¥ú³±²D°®Àê³B,,,0,0,§_,1.0,,§_,,§_,½Æ¤è,,°±¥Î,,¤£¥i¿i,§_,³zªR¤¤¤ß¦VÃÄ®w½Ð»â,0,0,0,0,0,0,0,0,0,0,0,0,,µL¹Ï¤ù,,0,,0,,,,,,,0,,0,,²~,,°·«O¤£¥Ó³ø¤£­p»ù,°·«O¤£¥Ó³ø¤£­p»ù,,,,,SolidDrugForm,POWD,,,500.00,GM,0,,,,PH047,202401120928,0,0
HE5000,20080828,99999999,¥i¥Î,Dianeal 1500mL 1.5% (PD2Âù³U),Dianeal 1500mL 1.5% (PD2Âù³U),,IP,,NUTR,NU-06-00,°w¾¯,BAG,,«D²Õ®M,,,¤@¯ë¥i¥Î,§_,¤£¥i¥ÎÃÄ¥]¾÷,¥i¥Î,¤£¦LÃÄÅÒ,,,,,,,,,,,¬Ò¥i¥Î,,Dianeal 1500mL 1.5% (PD2Âù³U),,,§_,¬O,,,,,,,,[Rx_x]¬~µÇ²G³B¤è¶°¤£Åã¥Ü,¤@¯ë,¤@¯ë,,,,,,§_,1.0,,§_,§_,§_,½Æ¤è,§_,°±¥Î,°±¥Î,¤£¥i¿i,§_,,1.00,1.00,2.00,2.00,30,30,1,1,4.00,4.00,0,0,,µL¹Ï¤ù,,0,,0,,B05BB02,,,,,,,,,BAG,,°·«Oµ¹¥I,°·«Oµ¹¥I,PERITONEAL DIALYTICS SOLUTIONS,B05DB,BC22199210,§_,Liquid,MUCTOPSOL,,,,,1500.00,mL,¬Ò¥i,³æ¦¸¿éª`,PH034,202110281006,156.00,187.00
HE5001,20080828,99999999,¥i¥Î,Dianeal 1500mL 1.5% (PD4Âù³U),Dianeal 1500mL 1.5% (PD4Âù³U),,IP,,NUTR,NU-06-00,°w¾¯,BAG,,«D²Õ®M,,,¤@¯ë¥i¥Î,§_,¤£¥i¥ÎÃÄ¥]¾÷,¥i¥Î,¤£¦LÃÄÅÒ,,,,,,,,,,,¬Ò¥i¥Î,,Dianeal 1500mL 1.5% (PD4Âù³U),,,§_,¬O,,,,,,,,[Rx_x]¬~µÇ²G³B¤è¶°¤£Åã¥Ü,¤@¯ë,¤@¯ë,,,,,,§_,1.0,,§_,§_,§_,½Æ¤è,§_,°±¥Î,°±¥Î,¤£¥i¿i,§_,,1.00,1.00,2.00,2.00,30,30,1,1,4.00,4.00,0,0,,µL¹Ï¤ù,,0,,0,,B05BB02,,,,,,,,,BAG,,°·«Oµ¹¥I,°·«Oµ¹¥I,PERITONEAL DIALYTICS SOLUTIONS,B05DB,BC22297210,§_,Liquid,MUCTOPSOL,,,,,1500.00,mL,¬Ò¥i,³æ¦¸¿éª`,PH034,202110281006,156.00,187.00
HE5002,20080828,99999999,¥i¥Î,Dianeal 1500mL 2.5% (PD2Âù³U),Dianeal 1500mL 2.5% (PD2Âù³U),,IP,,NUTR,NU-06-00,°w¾¯,BAG,,«D²Õ®M,,,¤@¯ë¥i¥Î,§_,¤£¥i¥ÎÃÄ¥]¾÷,¥i¥Î,¤£¦LÃÄÅÒ,,,,,,,,,,,¬Ò¥i¥Î,,Dianeal 1500mL 2.5% (PD2Âù³U),,,§_,¬O,,,,,,,,[Rx_x]¬~µÇ²G³B¤è¶°¤£Åã¥Ü,¤@¯ë,¤@¯ë,,,,,,§_,1.0,,§_,§_,§_,½Æ¤è,§_,°±¥Î,°±¥Î,¤£¥i¿i,§_,,1.00,1.00,2.00,2.00,30,30,1,1,4.00,4.00,0,0,,µL¹Ï¤ù,,0,,0,,B05BB02,,,,,,,,,BAG,,°·«Oµ¹¥I,°·«Oµ¹¥I,PERITONEAL DIALYTICS SOLUTIONS,B05DB,BC22198210,§_,Liquid,MUCTOPSOL,,,,,1500.00,mL,¬Ò¥i,³æ¦¸¿éª`,PH034,202110281006,156.00,187.00
HE5003,20080828,99999999,¥i¥Î,Dianeal 1500mL 2.5% (PD4Âù³U),Dianeal 1500mL 2.5% (PD4Âù³U),Dianeal 1500cc 2.5% (PD4Âù³U),IP,,NUTR,NU-06-00,°w¾¯,BAG,,«D²Õ®M,,,¤@¯ë¥i¥Î,¬O,¤£¥i¥ÎÃÄ¥]¾÷,¥i¥Î,¤£¦LÃÄÅÒ,,,,,,,,,,,¬Ò¥i¥Î,,Dianeal 1500mL 2.5% (PD4Âù³U),,,§_,¬O,,,,,,,,[Rx_x]¬~µÇ²G³B¤è¶°¤£Åã¥Ü,¤@¯ë,¤@¯ë,,,,,,§_,1.0,,§_,§_,§_,³æ¤è,§_,°±¥Î,°±¥Î,¤£¥i¿i,¬O,,1.00,1.00,2.00,2.00,30,30,1,1,4.00,4.00,0,0,,µL¹Ï¤ù,,0,,0,,B05BB02,,,,,,,,,BAG,,°·«Oµ¹¥I,°·«Oµ¹¥I,PERITONEAL DIALYTICS SOLUTIONS,B05DB,BC22299210,§_,Liquid,MUCTOPSOL,,,,,1500.00,mL,¬Ò¥i,³æ¦¸¿éª`,PH034,202110281006,156.00,187.00
HE5004,20080828,99999999,¥i¥Î,Dianeal 1500mL 4.25% (PD 2 Âù³U),Dianeal 1500mL 4.25% (PD 2 Âù³U),Dianeal 1500cc 4.25% (PD 2 Âù³U),IP,,NUTR,NU-06-00,°w¾¯,BAG,,«D²Õ®M,,,¤@¯ë¥i¥Î,¬O,¤£¥i¥ÎÃÄ¥]¾÷,¥i¥Î,¤£¦LÃÄÅÒ,Á`¶q¶i¦ì,,,,,,,,,,¬Ò¥i¥Î,,Dianeal 1500mL 4.25% (PD 2 Âù,,,§_,¬O,,,,,,,,[Rx_x]¬~µÇ²G³B¤è¶°¤£Åã¥Ü,¤@¯ë,¤@¯ë,,,,,,§_,1.0,,§_,§_,§_,³æ¤è,§_,°±¥Î,°±¥Î,¤£¥i¿i,¬O,,1.00,1.00,2.00,2.00,30,30,1,1,4.00,4.00,0,0,,µL¹Ï¤ù,,0,,0,,B05BB02,,,,,,,,,BAG,,°·«Oµ¹¥I,°·«Oµ¹¥I,PERITONEAL DIALYTICS SOLUTIONS,B05DB,BC22218210,§_,Liquid,MUCTOPSOL,,,,,1500.00,mL,¬Ò¥i,³æ¦¸¿éª`,PH034,202110281006,156.00,187.00
HE5005,20080828,99999999,¥i¥Î,Dianeal 1500mL 4.25% (PD 4Âù³U),Dianeal 1500mL 4.25% (PD 4Âù³U),Dianeal 1500cc 4.25% (PD 4Âù³U),IP,,NUTR,NU-06-00,°w¾¯,BAG,,«D²Õ®M,,,¤@¯ë¥i¥Î,¬O,¤£¥i¥ÎÃÄ¥]¾÷,¥i¥Î,¤£¦LÃÄÅÒ,,,,,,,,,,,¬Ò¥i¥Î,,Dianeal 1500mL 4.25% (PD 4Âù,,,§_,¬O,,,,,,,,[Rx_x]¬~µÇ²G³B¤è¶°¤£Åã¥Ü,¤@¯ë,¤@¯ë,,,,,,§_,1.0,,§_,§_,§_,³æ¤è,§_,°±¥Î,°±¥Î,¤£¥i¿i,¬O,,1.00,1.00,2.00,2.00,30,30,1,1,4.00,4.00,0,0,,µL¹Ï¤ù,,0,,0,,B05BB02,,,,,,,,,BAG,,°·«Oµ¹¥I,°·«Oµ¹¥I,PERITONEAL DIALYTICS SOLUTIONS,B05DB,BC22298210,§_,Liquid,MUCTOPSOL,,,,,1500.00,mL,¬Ò¥i,³æ¦¸¿éª`,PH034,202110281006,156.00,187.00
HE5010,20080828,99999999,¥i¥Î,Dianeal 2000mL 1.5% (PD 2Âù³U),Dianeal 2000mL 1.5% (PD 2Âù³U),Dianeal 2000cc 1.5% (PD 2Âù³U),IP,,NUTR,NU-06-00,°w¾¯,BAG,,«D²Õ®M,,,¤@¯ë¥i¥Î,¬O,¤£¥i¥ÎÃÄ¥]¾÷,¥i¥Î,¤£¦LÃÄÅÒ,,,,,,,,,,,¬Ò¥i¥Î,,Dianeal 2000mL 1.5% (PD 2Âù³U,,,§_,¬O,,,,,,,,[Rx_x]¬~µÇ²G³B¤è¶°¤£Åã¥Ü,¤@¯ë,¤@¯ë,,,,,,§_,1.0,,§_,§_,§_,³æ¤è,§_,°±¥Î,°±¥Î,¤£¥i¿i,¬O,,1.00,1.00,2.00,2.00,30,30,1,1,4.00,4.00,0,0,,µL¹Ï¤ù,,0,,0,,B05BB02,,,,,,,,,BAG,,°·«Oµ¹¥I,°·«Oµ¹¥I,PERITONEAL DIALYTICS SOLUTIONS,B05DB,BC22199212,§_,Liquid,MUCTOPSOL,,,,,2000.00,mL,¬Ò¥i,³æ¦¸¿éª`,PH034,202110281006,179.00,215.00
HE5011,20080828,99999999,¥i¥Î,Dianeal 2L 1.5% (PD 4 Âù³U),Dianeal 2L 1.5% (PD 4 Âù³U),Dianeal 2L 1.5% (PD 4 Âù³U),IP,,NUTR,NU-06-00,°w¾¯,BAG,,«D²Õ®M,,,¤@¯ë¥i¥Î,¬O,¤£¥i¥ÎÃÄ¥]¾÷,¥i¥Î,¤£¦LÃÄÅÒ,,,,,,,,,,,¬Ò¥i¥Î,,Dianeal 2L 1.5% (PD 4 Âù³U),,,§_,¬O,,,,,,,,[Rx_x]¬~µÇ²G³B¤è¶°¤£Åã¥Ü,¤@¯ë,¤@¯ë,,,,,,§_,1.0,,§_,§_,§_,³æ¤è,§_,°±¥Î,°±¥Î,¤£¥i¿i,¬O,,1.00,1.00,2.00,2.00,30,30,1,1,4.00,4.00,0,0,,µL¹Ï¤ù,,0,,0,,B05BB02,,,,,,,,,BAG,,°·«Oµ¹¥I,°·«Oµ¹¥I,PERITONEAL DIALYTICS SOLUTIONS,B05DB,BC22297212,§_,Liquid,MUCTOPSOL,,,,,2000.00,mL,¬Ò¥i,³æ¦¸¿éª`,PH034,202212071417,179.00,215.00
HE5012,20080828,99999999,¥i¥Î,Dianeal 2000mL 2.5% (PD 2Âù³U),Dianeal 2000mL 2.5% (PD 2Âù³U),Dianeal 2000cc 2.5% (PD 2Âù³U),IP,,NUTR,NU-06-00,°w¾¯,BAG,,«D²Õ®M,,,¤@¯ë¥i¥Î,¬O,¤£¥i¥ÎÃÄ¥]¾÷,¥i¥Î,¤£¦LÃÄÅÒ,,,,,,,,,,,¬Ò¥i¥Î,,Dianeal 2000mL 2.5% (PD 2Âù³U),,,§_,¬O,,,,,,,,[Rx_x]¬~µÇ²G³B¤è¶°¤£Åã¥Ü,¤@¯ë,¤@¯ë,,,,,,§_,1.0,,§_,§_,§_,³æ¤è,§_,°±¥Î,°±¥Î,¤£¥i¿i,¬O,,1.00,1.00,2.00,2.00,30,30,1,1,4.00,4.00,0,0,,µL¹Ï¤ù,,0,,0,,B05BB02,,,,,,,,,BAG,,°·«Oµ¹¥I,°·«Oµ¹¥I,PERITONEAL DIALYTICS SOLUTIONS,B05DB,BC22198212,§_,Liquid,MUCTOPSOL,,,,,2000.00,mL,¬Ò¥i,³æ¦¸¿éª`,PH034,202110281006,179.00,215.00
HE5013,20080828,99999999,¥i¥Î,Dianeal 2L 2.5% (PD 4Âù³U),Dianeal 2L 2.5% (PD 4Âù³U),Dianeal 2L 2.5% (PD 4Âù³U),IP,,NUTR,NU-06-00,°w¾¯,BAG,,«D²Õ®M,,,¤@¯ë¥i¥Î,¬O,¤£¥i¥ÎÃÄ¥]¾÷,¥i¥Î,¤£¦LÃÄÅÒ,,,,,,,,,,,¬Ò¥i¥Î,,Dianeal 2L 2.5% (PD 4Âù³U),,,§_,¬O,,,,,,,,[Rx_x]¬~µÇ²G³B¤è¶°¤£Åã¥Ü,¤@¯ë,¤@¯ë,,,,,,§_,1.0,,§_,§_,§_,³æ¤è,§_,°±¥Î,°±¥Î,¤£¥i¿i,¬O,,1.00,1.00,2.00,2.00,30,30,1,1,4.00,4.00,0,0,,µL¹Ï¤ù,,0,,0,,B05BB02,,,,,,,,,BAG,,°·«Oµ¹¥I,°·«Oµ¹¥I,PERITONEAL DIALYTICS SOLUTIONS,B05DB,BC22299212,§_,Liquid,MUCTOPSOL,,,,,2000.00,mL,¬Ò¥i,³æ¦¸¿éª`,PH034,202212071418,179.00,215.00
HE5014,20080828,99999999,¥i¥Î,Dianeal 2000mL 4.25% (PD 2Âù³U),Dianeal 2000mL 4.25% (PD 2Âù³U),Dianeal 2000cc 4.25%(PD 2Âù³U),IP,,NUTR,NU-06-00,°w¾¯,BAG,,«D²Õ®M,,,¤@¯ë¥i¥Î,¬O,¤£¥i¥ÎÃÄ¥]¾÷,¥i¥Î,¤£¦LÃÄÅÒ,,,,,,,,,,,¬Ò¥i¥Î,,Dianeal 2000mL 4.25% (PD 2Âù³U,,,§_,¬O,,,,,,,,[Rx_x]¬~µÇ²G³B¤è¶°¤£Åã¥Ü,¤@¯ë,¤@¯ë,,,,,,§_,1.0,,§_,§_,§_,³æ¤è,§_,°±¥Î,°±¥Î,¤£¥i¿i,¬O,,1.00,1.00,2.00,2.00,30,30,1,1,4.00,4.00,0,0,,µL¹Ï¤ù,,0,,0,,B05BB02,,,,,,,,,BAG,,°·«Oµ¹¥I,°·«Oµ¹¥I,PERITONEAL DIALYTICS SOLUTIONS,B05DB,BC22218212,§_,Liquid,MUCTOPSOL,,,,,2000.00,mL,¬Ò¥i,³æ¦¸¿éª`,PH034,202110281006,179.00,215.00
HE5015,20080828,99999999,¥i¥Î,Dianeal 2000mL 4.25% (PD 4Âù³U),Dianeal 2000mL 4.25% (PD 4Âù³U),Dianeal 2000cc 4.25% (PD 4Âù³U),IP,,NUTR,NU-06-00,°w¾¯,BAG,,«D²Õ®M,,,¤@¯ë¥i¥Î,¬O,¤£¥i¥ÎÃÄ¥]¾÷,¥i¥Î,¤£¦LÃÄÅÒ,,,,,,,,,,,¬Ò¥i¥Î,,Dianeal 2000mL 4.25% (PD 4Âù,,,§_,¬O,,,,,,,,[Rx_x]¬~µÇ²G³B¤è¶°¤£Åã¥Ü,¤@¯ë,¤@¯ë,,,,,,§_,1.0,,§_,§_,§_,³æ¤è,§_,°±¥Î,°±¥Î,¤£¥i¿i,¬O,,1.00,1.00,2.00,2.00,30,30,1,1,4.00,4.00,0,0,,µL¹Ï¤ù,,0,,0,,B05BB02,,,,,,,,,BAG,,°·«Oµ¹¥I,°·«Oµ¹¥I,PERITONEAL DIALYTICS SOLUTIONS,B05DB,BC22298212,§_,Liquid,MUCTOPSOL,,,,,2000.00,mL,¬Ò¥i,³æ¦¸¿éª`,PH034,202110281006,179.00,215.00
HE5020,20080828,99999999,¥i¥Î,Dianeal 2500mL 1.5% (PD 2 ³æ³U),Dianeal 2500mL 1.5% (PD 2 ³æ³U),Dianeal 2500cc 1.5% (PD 2 ³æ³U),IP,,NUTR,NU-06-00,°w¾¯,BAG,,«D²Õ®M,,,¤@¯ë¥i¥Î,¬O,¤£¥i¥ÎÃÄ¥]¾÷,¥i¥Î,¤£¦LÃÄÅÒ,,,,,,,,,,,¬Ò¥i¥Î,,Dianeal 2500mL 1.5% (PD 2 ³æ,,,§_,¬O,,,,,,,,[Rx_x]¬~µÇ²G³B¤è¶°¤£Åã¥Ü,¤@¯ë,¤@¯ë,,,,,,§_,1.0,,§_,§_,§_,³æ¤è,§_,°±¥Î,°±¥Î,¤£¥i¿i,¬O,,1.00,1.00,2.00,2.00,30,30,1,1,4.00,4.00,0,0,,µL¹Ï¤ù,,0,,0,,B05BB02,,,,,,,,,BAG,,°·«Oµ¹¥I,°·«Oµ¹¥I,PERITONEAL DIALYTICS SOLUTIONS,B05DB,BC22199214,§_,Liquid,MUCTOPSOL,,,,,2500.00,mL,¬Ò¥i,³æ¦¸¿éª`,PH034,202110281006,199.00,239.00
HE5021,20080828,99999999,¥i¥Î,Dianeal 2500mL 1.5% (PD 2 Âù³U),Dianeal 2500mL 1.5% (PD 2 Âù³U),Dianeal 2500cc 1.5% (PD 2 Âù³U),IP,,NUTR,NU-06-00,°w¾¯,BAG,,«D²Õ®M,,,¤@¯ë¥i¥Î,¬O,¤£¥i¥ÎÃÄ¥]¾÷,¥i¥Î,¤£¦LÃÄÅÒ,,,,,,,,,,,¬Ò¥i¥Î,,Dianeal 2500mL 1.5% (PD 2 Âù³U,,,§_,¬O,,,,,,,,[Rx_x]¬~µÇ²G³B¤è¶°¤£Åã¥Ü,¤@¯ë,¤@¯ë,,,,,,§_,1.0,,§_,§_,§_,³æ¤è,§_,°±¥Î,°±¥Î,¤£¥i¿i,¬O,,1.00,1.00,2.00,2.00,30,30,1,1,4.00,4.00,0,0,,µL¹Ï¤ù,,0,,0,,B05BB02,,,,,,,,,BAG,,°·«Oµ¹¥I,°·«Oµ¹¥I,PERITONEAL DIALYTICS SOLUTIONS,B05DB,B022199214,§_,Liquid,MUCTOPSOL,,,,,2500.00,mL,¬Ò¥i,³æ¦¸¿éª`,PH034,202110281006,201.00,241.00
HE5022,20080828,99999999,¥i¥Î,Dianeal 2.5L 1.5% (PD 4 ³æ³U),Dianeal 2.5L 1.5% (PD 4 ³æ³U),Dianeal 2.5L 1.5% (PD 4 ³æ³U),IP,,NUTR,NU-06-00,°w¾¯,BAG,,«D²Õ®M,,,¤@¯ë¥i¥Î,¬O,¤£¥i¥ÎÃÄ¥]¾÷,¥i¥Î,¤£¦LÃÄÅÒ,,,,,,,,,,,¬Ò¥i¥Î,,Dianeal 2.5L 1.5% (PD 4 ³æ³U),,,§_,¬O,,,,,,,,[Rx_x]¬~µÇ²G³B¤è¶°¤£Åã¥Ü,¤@¯ë,¤@¯ë,,,,,,§_,1.0,,§_,§_,§_,³æ¤è,§_,°±¥Î,°±¥Î,¤£¥i¿i,¬O,,1.00,1.00,2.00,2.00,30,30,1,1,4.00,4.00,0,0,,µL¹Ï¤ù,,0,,0,,B05BB02,,,,,,,,,BAG,,°·«Oµ¹¥I,°·«Oµ¹¥I,PERITONEAL DIALYTICS SOLUTIONS,B05DB,BC22297214,§_,Liquid,MUCTOPSOL,,,,,2500.00,mL,¬Ò¥i,³æ¦¸¿éª`,PH034,202212071418,199.00,239.00
HE5023,20080828,99999999,¥i¥Î,Dianeal 2500mL 1.5% (PD 4 Âù³U),Dianeal 2500mL 1.5% (PD 4 Âù³U),Dianeal 2500cc 1.5% (PD 4 Âù³U),IP,,NUTR,NU-06-00,°w¾¯,BAG,,«D²Õ®M,,,¤@¯ë¥i¥Î,¬O,¤£¥i¥ÎÃÄ¥]¾÷,¥i¥Î,¤£¦LÃÄÅÒ,,,,,,,,,,,¬Ò¥i¥Î,,Dianeal 2500mL 1.5% (PD 4 Âù,,,§_,¬O,,,,,,,,[Rx_x]¬~µÇ²G³B¤è¶°¤£Åã¥Ü,¤@¯ë,¤@¯ë,,,,,,§_,1.0,,§_,§_,§_,³æ¤è,§_,°±¥Î,°±¥Î,¤£¥i¿i,¬O,,1.00,1.00,2.00,2.00,30,30,1,1,4.00,4.00,0,0,,µL¹Ï¤ù,,0,,0,,B05BB02,,,,,,,,,BAG,,°·«Oµ¹¥I,°·«Oµ¹¥I,PERITONEAL DIALYTICS SOLUTIONS,B05DB,BC22297214,§_,Liquid,MUCTOPSOL,,,,,2500.00,mL,¬Ò¥i,³æ¦¸¿éª`,PH034,202110281006,199.00,239.00
HE5024,20080901,99999999,¥i¥Î,Dianeal 2500mL 2.5% (PD 2 ³æ³U),Dianeal 2500mL 2.5% (PD 2 ³æ³U),Dianeal 2500cc 2.5% (PD 2 ³æ³U),IP,,NUTR,NU-06-00,°w¾¯,BAG,,«D²Õ®M,,,¤@¯ë¥i¥Î,¬O,¤£¥i¥ÎÃÄ¥]¾÷,¥i¥Î,¤£¦LÃÄÅÒ,,,,,,,,,,,¬Ò¥i¥Î,,Dianeal 2500mL 2.5% (PD 2 ³æ,,,§_,¬O,,,,,,,,[Rx_x]¬~µÇ²G³B¤è¶°¤£Åã¥Ü,¤@¯ë,¤@¯ë,,,,,,§_,1.0,,§_,§_,§_,³æ¤è,§_,°±¥Î,°±¥Î,¤£¥i¿i,¬O,,1.00,1.00,2.00,2.00,30,30,1,1,4.00,4.00,0,0,,µL¹Ï¤ù,,0,,0,,B05BB02,,,,,,,,,BAG,,°·«Oµ¹¥I,°·«Oµ¹¥I,PERITONEAL DIALYTICS SOLUTIONS,B05DB,BC22198214,§_,Liquid,MUCTOPSOL,,,,,2500.00,mL,¬Ò¥i,³æ¦¸¿éª`,PH034,202110281006,199.00,239.00
HE5025,20080901,99999999,¥i¥Î,Dianeal 2500mL 2.5% (PD 2 Âù³U),Dianeal 2500mL 2.5% (PD 2 Âù³U),Dianeal 2500cc 2.5% (PD 2 Âù³U),IP,,NUTR,NU-06-00,°w¾¯,BAG,,«D²Õ®M,,,¤@¯ë¥i¥Î,¬O,¤£¥i¥ÎÃÄ¥]¾÷,¥i¥Î,¤£¦LÃÄÅÒ,,,,,,,,,,,¬Ò¥i¥Î,,Dianeal 2500mL 2.5% (PD 2 Âù,,,§_,¬O,,,,,,,,[Rx_x]¬~µÇ²G³B¤è¶°¤£Åã¥Ü,¤@¯ë,¤@¯ë,,,,,,§_,1.0,,§_,§_,§_,³æ¤è,§_,°±¥Î,°±¥Î,¤£¥i¿i,¬O,,1.00,1.00,2.00,2.00,30,30,1,1,4.00,4.00,0,0,,µL¹Ï¤ù,,0,,0,,B05BB02,,,,,,,,,BAG,,°·«Oµ¹¥I,°·«Oµ¹¥I,PERITONEAL DIALYTICS SOLUTIONS,B05DB,BC22198214,§_,Liquid,MUCTOPSOL,,,,,2500.00,mL,¬Ò¥i,³æ¦¸¿éª`,PH034,202110281006,199.00,239.00
HE5026,20080901,99999999,¥i¥Î,Dianeal 2.5L 2.5% (PD 4 ³æ³U),Dianeal 2.5L 2.5% (PD 4 ³æ³U),Dianeal 2.5L 2.5% (PD 4 ³æ³U),IP,,NUTR,NU-06-00,°w¾¯,BAG,,«D²Õ®M,,,¤@¯ë¥i¥Î,¬O,¤£¥i¥ÎÃÄ¥]¾÷,¥i¥Î,¤£¦LÃÄÅÒ,,,,,,,,,,,¬Ò¥i¥Î,,Dianeal 2.5L 2.5% (PD 4 ³æ³U),,,§_,¬O,,,,,,,,[Rx_x]¬~µÇ²G³B¤è¶°¤£Åã¥Ü,¤@¯ë,¤@¯ë,,,,,,§_,1.0,,§_,§_,§_,³æ¤è,§_,°±¥Î,°±¥Î,¤£¥i¿i,¬O,,1.00,1.00,2.00,2.00,30,30,1,1,4.00,4.00,0,0,,µL¹Ï¤ù,,0,,0,,B05BB02,,,,,,,,,BAG,,°·«Oµ¹¥I,°·«Oµ¹¥I,PERITONEAL DIALYTICS SOLUTIONS,B05DB,BC22299214,§_,Liquid,MUCTOPSOL,,,,,2500.00,mL,¬Ò¥i,³æ¦¸¿éª`,PH034,202212071418,199.00,239.00
HE5027,20080901,99999999,¥i¥Î,Dianeal 2500mL 2.5% (PD 4 Âù³U),Dianeal 2500mL 2.5%(PD 4 Âù³U),Dianeal 2500cc 2.5% (PD 4 Âù³U),IP,,NUTR,NU-06-00,°w¾¯,BAG,,«D²Õ®M,,,¤@¯ë¥i¥Î,¬O,¤£¥i¥ÎÃÄ¥]¾÷,¥i¥Î,¤£¦LÃÄÅÒ,,,,,,,,,,,¬Ò¥i¥Î,,Dianeal 2500mL 2.5%(PD 4 Âù³U),,,§_,¬O,,,,,,,,[Rx_x]¬~µÇ²G³B¤è¶°¤£Åã¥Ü,¤@¯ë,¤@¯ë,,,,,,§_,1.0,,§_,§_,§_,³æ¤è,§_,°±¥Î,°±¥Î,¤£¥i¿i,¬O,,1.00,1.00,2.00,2.00,30,30,1,1,4.00,4.00,0,0,,µL¹Ï¤ù,,0,,0,,B05BB02,,,,,,,,,BAG,,°·«Oµ¹¥I,°·«Oµ¹¥I,PERITONEAL DIALYTICS SOLUTIONS,B05DB,BC22299214,§_,Liquid,MUCTOPSOL,,,,,2500.00,mL,¬Ò¥i,³æ¦¸¿éª`,PH034,202110281007,199.00,239.00
HE5028,20080901,99999999,¥i¥Î,Dianeal 2500mL 4.25% (PD 4 ³æ³U),Dianeal 2500mL 4.25% (PD 4 ³æ³U),Dianeal 2500cc 4.25% (PD 4 ³æ³U),IP,,NUTR,NU-06-00,°w¾¯,BAG,,«D²Õ®M,,,¤@¯ë¥i¥Î,¬O,¤£¥i¥ÎÃÄ¥]¾÷,¥i¥Î,¤£¦LÃÄÅÒ,,,,,,,,,,,¬Ò¥i¥Î,,Dianeal 2500mL 4.25% (PD 4,,,§_,¬O,,,,,,,,[Rx_x]¬~µÇ²G³B¤è¶°¤£Åã¥Ü,¤@¯ë,¤@¯ë,,,,,,§_,1.0,,§_,§_,§_,³æ¤è,§_,°±¥Î,°±¥Î,¤£¥i¿i,¬O,,1.00,1.00,2.00,2.00,30,30,1,1,4.00,4.00,0,0,,µL¹Ï¤ù,,0,,0,,B05BB02,,,,,,,,,BAG,,°·«Oµ¹¥I,°·«Oµ¹¥I,PERITONEAL DIALYTICS SOLUTIONS,B05DB,BC22298214,§_,Liquid,MUCTOPSOL,,,,,2500.00,mL,¬Ò¥i,³æ¦¸¿éª`,PH034,202110281007,199.00,239.00
HE5029,20080901,99999999,¥i¥Î,Dianeal 2500mL 4.25% (PD 4Âù³U),Dianeal 2500mL 4.25% (PD 4Âù³U),Dianeal 2500cc 4.25% (PD 4Âù³U),IP,,NUTR,NU-06-00,°w¾¯,BAG,,«D²Õ®M,,,¤@¯ë¥i¥Î,¬O,¤£¥i¥ÎÃÄ¥]¾÷,¥i¥Î,¤£¦LÃÄÅÒ,,,,,,,,,,,¬Ò¥i¥Î,,Dianeal 2500mL 4.25% (PD 4Âù,,,§_,¬O,,,,,,,,[Rx_x]¬~µÇ²G³B¤è¶°¤£Åã¥Ü,¤@¯ë,¤@¯ë,,,,,,§_,1.0,,§_,§_,§_,³æ¤è,§_,°±¥Î,°±¥Î,¤£¥i¿i,¬O,,1.00,1.00,2.00,2.00,30,30,1,1,4.00,4.00,0,0,,µL¹Ï¤ù,,0,,0,,B05BB02,,,,,,,,,BAG,,°·«Oµ¹¥I,°·«Oµ¹¥I,PERITONEAL DIALYTICS SOLUTIONS,B05DB,BC22298214,§_,Liquid,MUCTOPSOL,,,,,2500.00,mL,¬Ò¥i,³æ¦¸¿éª`,PH034,202110281007,199.00,239.00
HE5040,20080901,99999999,¥i¥Î,Dianeal 5000mL 1.5% (PD2³æ³U),Dianeal 5000mL 1.5% (PD2³æ³U),Dianeal 5000cc 1.5% (PD2³æ³U),IP,,NUTR,NU-06-00,°w¾¯,BAG,,«D²Õ®M,,,¤@¯ë¥i¥Î,¬O,¤£¥i¥ÎÃÄ¥]¾÷,¥i¥Î,¤£¦LÃÄÅÒ,,,,,,,,,,,¬Ò¥i¥Î,,Dianeal 5000mL 1.5% (PD2³æ³U),,,§_,¬O,,,,,,,,[Rx_x]¬~µÇ²G³B¤è¶°¤£Åã¥Ü,¤@¯ë,¤@¯ë,,,,,,§_,1.0,,§_,§_,§_,³æ¤è,§_,°±¥Î,°±¥Î,¤£¥i¿i,¬O,,1.00,1.00,2.00,2.00,30,30,1,1,4.00,4.00,0,0,,µL¹Ï¤ù,,0,,0,,B05BB02,,,,,,,,,BAG,,°·«Oµ¹¥I,°·«Oµ¹¥I,PERITONEAL DIALYTICS SOLUTIONS,B05DB,BC22199221,§_,Liquid,MUCTOPSOL,,,,,5000.00,mL,¬Ò¥i,³æ¦¸¿éª`,PH034,202110281007,278.00,334.00
HE5041,20080901,99999999,¥i¥Î,Dianeal 5L1.5% (PD 4³æ³U),Dianeal 5L1.5% (PD 4³æ³U),Dianeal 5L1.5% (PD 4³æ³U),IP,,NUTR,NU-06-00,°w¾¯,BAG,,«D²Õ®M,,,¤@¯ë¥i¥Î,¬O,¤£¥i¥ÎÃÄ¥]¾÷,¥i¥Î,¤£¦LÃÄÅÒ,,,,,,,,,,,¬Ò¥i¥Î,,Dianeal 5L1.5% (PD 4³æ³U),,,§_,¬O,,,,,,,,[Rx_x]¬~µÇ²G³B¤è¶°¤£Åã¥Ü,¤@¯ë,¤@¯ë,,,,,,§_,1.0,,§_,§_,§_,³æ¤è,§_,°±¥Î,°±¥Î,¤£¥i¿i,¬O,,1.00,1.00,2.00,2.00,30,30,1,1,4.00,4.00,0,0,,µL¹Ï¤ù,,0,,0,,B05BB02,,,,,,,,,BAG,,°·«Oµ¹¥I,°·«Oµ¹¥I,PERITONEAL DIALYTICS SOLUTIONS,B05DB,BC22297221,§_,Liquid,MUCTOPSOL,,,,,5000.00,mL,¬Ò¥i,³æ¦¸¿éª`,PH034,202212071419,278.00,334.00
HE5042,20080901,99999999,¥i¥Î,Dianeal 5000mL 2.5% (PD 2³æ³U),Dianeal 5000mL 2.5% (PD 2³æ³U),Dianeal 5000cc 2.5% (PD 2³æ³U),IP,,NUTR,NU-06-00,°w¾¯,BAG,,«D²Õ®M,,,¤@¯ë¥i¥Î,¬O,¤£¥i¥ÎÃÄ¥]¾÷,¥i¥Î,¤£¦LÃÄÅÒ,,,,,,,,,,,¬Ò¥i¥Î,,Dianeal 5000mL 2.5% (PD 2³æ³U),,,§_,¬O,,,,,,,,[Rx_x]¬~µÇ²G³B¤è¶°¤£Åã¥Ü,¤@¯ë,¤@¯ë,,,,,,§_,1.0,,§_,§_,§_,³æ¤è,§_,°±¥Î,°±¥Î,¤£¥i¿i,¬O,,1.00,1.00,2.00,2.00,30,30,1,1,4.00,4.00,0,0,,µL¹Ï¤ù,,0,,0,,B05BB02,,,,,,,,,BAG,,°·«Oµ¹¥I,°·«Oµ¹¥I,PERITONEAL DIALYTICS SOLUTIONS,B05DB,BC22198221,§_,Liquid,MUCTOPSOL,,,,,5000.00,mL,¬Ò¥i,³æ¦¸¿éª`,PH034,202110281007,278.00,334.00
HE5043,20080901,99999999,¥i¥Î,Dianeal 5L 2.5% (PD 4³æ³U),Dianeal 5L 2.5% (PD 4³æ³U),Dianeal 5L 2.5% (PD 4³æ³U),IP,,NUTR,NU-06-00,°w¾¯,BAG,,«D²Õ®M,,,¤@¯ë¥i¥Î,¬O,¤£¥i¥ÎÃÄ¥]¾÷,¥i¥Î,¤£¦LÃÄÅÒ,,,,,,,,,,,¬Ò¥i¥Î,,Dianeal 5L 2.5% (PD 4³æ³U),,,§_,¬O,,,,,,,,[Rx_x]¬~µÇ²G³B¤è¶°¤£Åã¥Ü,¤@¯ë,¤@¯ë,,,,,,§_,1.0,,§_,§_,§_,³æ¤è,§_,°±¥Î,°±¥Î,¤£¥i¿i,¬O,,1.00,1.00,2.00,2.00,30,30,1,1,4.00,4.00,0,0,,µL¹Ï¤ù,,0,,0,,B05BB02,,,,,,,,,BAG,,°·«Oµ¹¥I,°·«Oµ¹¥I,PERITONEAL DIALYTICS SOLUTIONS,B05DB,BC22299221,§_,Liquid,MUCTOPSOL,,,,,5000.00,mL,¬Ò¥i,³æ¦¸¿éª`,PH034,202212071419,278.00,334.00
HE5044,20080901,99999999,¥i¥Î,Dianeal 5000mL 4.25%(PD 2³æ³U),Dianeal 5000mL 4.25% (PD 2³æ³U),Dianeal 5000cc 4.25% (PD 2³æ³U),IP,,NUTR,NU-06-00,°w¾¯,BAG,,«D²Õ®M,,,¤@¯ë¥i¥Î,¬O,¤£¥i¥ÎÃÄ¥]¾÷,¥i¥Î,¤£¦LÃÄÅÒ,,,,,,,,,,,¬Ò¥i¥Î,,Dianeal 5000mL 4.25% (PD 2³æ³U,,,§_,¬O,,,,,,,,[Rx_x]¬~µÇ²G³B¤è¶°¤£Åã¥Ü,¤@¯ë,¤@¯ë,,,,,,§_,1.0,,§_,§_,§_,³æ¤è,§_,°±¥Î,°±¥Î,¤£¥i¿i,¬O,,1.00,1.00,2.00,2.00,30,30,1,1,4.00,4.00,0,0,,µL¹Ï¤ù,,0,,0,,B05BB02,,,,,,,,,BAG,,°·«Oµ¹¥I,°·«Oµ¹¥I,PERITONEAL DIALYTICS SOLUTIONS,B05DB,BC22218221,§_,Liquid,MUCTOPSOL,,,,,5000.00,mL,¬Ò¥i,³æ¦¸¿éª`,PH034,202110281007,278.00,334.00
HE5045,20080901,99999999,¥i¥Î,Dianeal 5000mL 4.25% (PD 4³æ³U),Dianeal 5000mL 4.25% (PD 4³æ³U),Dianeal 5000cc 4.25%(PD 4³æ³U),IP,,NUTR,NU-06-00,°w¾¯,BAG,,«D²Õ®M,,,¤@¯ë¥i¥Î,¬O,¤£¥i¥ÎÃÄ¥]¾÷,¥i¥Î,¤£¦LÃÄÅÒ,,,,,,,,,,,¬Ò¥i¥Î,,Dianeal 5000mL 4.25% (PD 4³æ³U,,,§_,¬O,,,,,,,,[Rx_x]¬~µÇ²G³B¤è¶°¤£Åã¥Ü,¤@¯ë,¤@¯ë,,,,,,§_,1.0,,§_,§_,§_,³æ¤è,§_,°±¥Î,°±¥Î,¤£¥i¿i,¬O,,1.00,1.00,2.00,2.00,30,30,1,1,4.00,4.00,0,0,,µL¹Ï¤ù,,0,,0,,B05BB02,,,,,,,,,BAG,,°·«Oµ¹¥I,°·«Oµ¹¥I,PERITONEAL DIALYTICS SOLUTIONS,B05DB,BC22298221,§_,Liquid,MUCTOPSOL,,,,,5000.00,mL,¬Ò¥i,³æ¦¸¿éª`,PH034,202110281007,278.00,334.00
HE5050,20080901,99999999,¥i¥Î,Nutrineal 2000mL 1.1% (PD 4Âù³U),Nutrineal 2000mL 1.1% (PD 4Âù³U),Nutrineal 2000cc 1.1% (PD 4Âù³U),IP,,NUTR,NU-06-00,°w¾¯,BAG,,«D²Õ®M,,,¤@¯ë¥i¥Î,¬O,¤£¥i¥ÎÃÄ¥]¾÷,¥i¥Î,¤£¦LÃÄÅÒ,,,,,,,,,,,¬Ò¥i¥Î,,Nutrineal 2000mL 1.1% (PD 4Âù,,,§_,¬O,,,,,,,,[Rx_x]¬~µÇ²G³B¤è¶°¤£Åã¥Ü,¤@¯ë,¤@¯ë,,,,,,§_,1.0,,§_,§_,§_,³æ¤è,§_,°±¥Î,°±¥Î,¤£¥i¿i,¬O,,1.00,1.00,2.00,2.00,30,30,1,1,4.00,4.00,0,0,,µL¹Ï¤ù,,0,,0,,B05BA01,,,,,,,,,BAG,,°·«Oµ¹¥I,°·«Oµ¹¥I,1.1%AMINO ACIDS FOR PERITONEAL DIALYTICS,B05DB,BC24219212,§_,Liquid,MUCTOPSOL,,,,,2000.00,mL,¬Ò¥i,³æ¦¸¿éª`,PH034,202110281007,295.00,354.00
HE5060,20080901,99999999,¥i¥Î,Extraneal 2L 7.5% 3.5meq/LÂù³U,Extraneal 2L 7.5% 3.5meq/LÂù³U,Extraneal 2L 7.5% 3.5meq/LÂù³U,IP,,NUTR,NU-06-00,°w¾¯,BAG,,«D²Õ®M,,,¤@¯ë¥i¥Î,¬O,¤£¥i¥ÎÃÄ¥]¾÷,¥i¥Î,¤£¦LÃÄÅÒ,,,,,,,,,,,¬Ò¥i¥Î,,Extraneal 2L 7.5% 3.5meq/LÂù³U,,,§_,¬O,,,,,,,,[Rx_x]¬~µÇ²G³B¤è¶°¤£Åã¥Ü,¤@¯ë,¤@¯ë,,,,,,§_,1.0,,§_,§_,§_,³æ¤è,§_,°±¥Î,°±¥Î,¤£¥i¿i,¬O,,1.00,1.00,2.00,2.00,30,30,1,1,4.00,4.00,0,0,,µL¹Ï¤ù,,0,,0,,B05BB02,,,,,,,,,BAG,,°·«Oµ¹¥I,°·«Oµ¹¥I,PERITONEAL DIALYTICS SOLUTIONS(Icodextrin),B05DB,BC23687212,§_,Liquid,MUCTOPSOL,,,,,2000.00,mL,¬Ò¥i,³æ¦¸¿éª`,PH034,202212071420,374.00,449.00
HE5061,20080901,99999999,¥i¥Î,Extraneal 2L 7.5% 3.5meq/L³æ³U,Extraneal 2L 7.5% 3.5meq/L³æ³U,Extraneal 2L 7.5% 3.5meq/L³æ³U,IP,,NUTR,NU-06-00,°w¾¯,BAG,,«D²Õ®M,,,¤@¯ë¥i¥Î,¬O,¤£¥i¥ÎÃÄ¥]¾÷,¥i¥Î,¤£¦LÃÄÅÒ,,,,,,,,,,,¬Ò¥i¥Î,,Extraneal 2L 7.5% 3.5meq/L³æ³U,,,§_,¬O,,,,,,,,[Rx_x]¬~µÇ²G³B¤è¶°¤£Åã¥Ü,¤@¯ë,¤@¯ë,,,,,,§_,1.0,,§_,§_,§_,³æ¤è,§_,°±¥Î,°±¥Î,¤£¥i¿i,¬O,,1.00,1.00,2.00,2.00,30,30,1,1,4.00,4.00,0,0,,µL¹Ï¤ù,,0,,0,,B05BB02,,,,,,,,,BAG,,°·«Oµ¹¥I,°·«Oµ¹¥I,PERITONEAL DIALYTICS SOLUTIONS(Icodextrin),B05DB,BC23687212,§_,Liquid,MUCTOPSOL,,,,,2000.00,mL,¬Ò¥i,³æ¦¸¿éª`,PH034,202212071420,374.00,449.00
I5FU,20130925,99999999,°±¥Î,5-FU inj 1000mg/20mL,5-FU inj 1000mg/20mL,5-Fluorouracil,IVD,,RACA,ON-02-01,°w¾¯,mg,,«D²Õ®M,°±¥Î,IFLU1,¤@¯ë¥i¥Î,¬O,¤£¥i¥ÎÃÄ¥]¾÷,,¤@¯ë,¦¸­p¶q¶i¦ì,¾AÀ³¯g:¬°§Ü¸~½FÃÄ,,Indication:Anticarcinoma agent,,¥~ Æ[:20mL³z©ú¤p²~(Vial),Appearance: 20 mL vial,¸¡Âm¡A äú¤ß¡A ¹Ã¦R¡A ±¼¾v,Diarrhea¡A nausea & vomiting¡A alopecia.,,,¦n´_ª`®g²G50²@§J/²@¤É,5-FU inj 1000mg/20mL,,,§_,¬O,,¥»«~¬°­«¯gªvÀøÃÄ¡A ½Ð¨Ì·ÓÂå®v«ü¥Ü¨Ï¥Î,,Follow doctor's advice. Do not change your dose or schedule.,,,,,¤ÆÀø,¤ÆÀø,Äµ »y:¥»«~¬°­«¯gªvÀøÃÄª«¡A½Ð¨Ì·ÓÂå®v«ü¥Ü¨Ï¥Î¡C,Äµ °ªÄµ°T,,20.0,-20.0,§_,1000.0,,§_,§_,§_,³æ¤è,§_,¥i¥Î,¥i¥Î,¤£¥i¿i,¬O,,1.00,1.00,4800.00,4800.00,7,7,1,1,4800.00,4800.00,0,0,,¦³¹Ï¤ù,,0,,0,,L01BC02,,,,,,,,,VIAL,§_,°·«Oµ¹¥I,°·«Oµ¹¥I,FLUOROURACIL,L01BC02,AC58033238,§_,Liquid,IVSOL,,,,,,,¬Ò¥i,³æ¦¸¿éª`,PH032,202109091842,115.00,138.00
IAAA,19960101,99999999,°±¥Î,§Ü¦Ê¨B³D¬r¦å²M,Antivenin of D. Acutus (¦Ê¨B³D),A. Acutus antivenin,IM,,HIMM,IM-03-00,°w¾¯,EA,,«D²Õ®M,°±¥Î,,¤@¯ë¥i¥Î,¬O,¤£¥i¥ÎÃÄ¥]¾÷,,¤@¯ë,Á`¶q¶i¦ì,¾AÀ³¯g:¦Ê¨B³D¬r¤¤¬r,,Indication:Therapy for the bite of D. acutus snake.,,¥~ Æ[: ­á´¹°®¯»¤p²~ + µ}ÄÀ²G,Appearance: powder in a Vial + diluted solution,¹L±Ó²{¶H¡A¥]¬A¹L±Ó©Ê¥ð§J¡A§C¦åÀ£¡A¦å²M¯f¡C,allergic phenomena including anaphylaxis¡A hypotension¡A serum sickness.,,,§Ü¦Ê¨B³D¬r¦å²M­á´¹ª`®g¾¯,Antivenin of D. Acutus (¦Ê¨B³D),,,§_,¬O,,½Ð¸m©óÄá¤ó 2-8 «×¦B½c§NÂÃ,,Store in a refrigerator (2-8¢XC).,,¥»«~À³§¹¥þ·»¸Ñ«á©ó2¤p®É¤º¥Î§¹¡C,use the medicine within 2 hours after dilution.,ºò«æ®É¥i¦V¤TÁ`ªQ¤s¤À°|­É½Õ ¹q¸Ü¡G27656673,¤@¯ë,ª`®g,Äµ »y: ­Yµo¥ÍÄY­«¹L±Ó©Îµo¯lµ¥¤£¾A¯gª¬¡AÀ³§Y°±ÃÄ¨Ã½Ð±ÐÂå®v,,,,,¬O,1.0,,§_,§_,§_,³æ¤è,§_,¥i¥Î,¥i¥Î,¤£¥i¿i,¬O,,1.00,1.00,1.00,1.00,1,1,1,1,2.00,2.00,0,0,,¦³¹Ï¤ù,,0,,0,,J06AA03,,,,,,,,,DOS,§_,°·«Oµ¹¥I,°·«Oµ¹¥I,SNAKE VENOM ANTISERUM,J06AA03,JC00010209,§_,Liquid,SOL,,,,,,,¬Ò¥i,³æ¦¸¿éª`,PH008,201806121204,17452.00,20942.00
IABI,20190731,99999999,¥i¥Î,Abilify Maintena inj 400mg,Abilify Maintena inj 400mg,Aripiprazole,IM,STAT,CNEU,CN-02-01,°w¾¯,¤ä,Abilify,«D²Õ®M,,,¤@¯ë¥i¥Î,¬O,¥i¥ÎÃÄ¥]¾÷,±ø¥ó¤Uµ¹¥I,¤@¯ë,Á`¶q¶i¦ì,¾AÀ³¯g: «äÄ±¥¢½Õ¯g¡A²Ä¤@«¬Âù·¥©Ê¯e±w,,Indication: Schizophrenia¡A Bipolar I disorder,,¥~ Æ[:¹w¥R¶ñª`®g°wµ©,Appearance: Suspension for injection in pre-filled syringe.,«K¯µ¡A ·w¯t¡A ÀR§¤¤£¯à¡A µJ¼{¡A ¥¢¯v,Constipation¡A dizziness¡A akathisia¡A anxiety¡A insomnia¡A extrapyramidal disorder.,,¥u¥Î©óªù¶E¤Î¦í°|STAT,¦w¥ß´_¬ü¹F«ùÄò©ÊÃÄ®Ä¦Ù¦×ª`®g¹w¥R¶ñª`®gµ©,Abilify Maintena 400mg inj,,,¬O,¬O,,¶È¨Ñ¦Ù¦×ª`®g¨Ï¥Î¡C,,Administer by IM route only as a single injection,,¥ÎÃÄ«á¥i¯àµo¥ÍÀY·w¡A ¤Å¶¼°s,May induce dizziness. Avoid alcohol while taking medication.,2019Q2Á{®É·|Á{±Ä²M³æ2021.Q3ÃÄ©e¶i¥Î¥¿¦¡«~¶µ,¤@¯ë,ª`®g,Äµ »y:¥»«~À³¥H¦Ù¦×ª`®g (IM) ¤è¦¡§ë»P,,,0,0,§_,1.0,,§_,¬O,§_,³æ¤è,,¥i¥Î,¥i¥Î,¤£¥i¿i,§_,,1.00,1.00,1.00,1.00,999,999,28,28,1.00,1.00,0,0,,¦³¹Ï¤ù,,0,,0,,N05AX12,,,,,0,,0,,¤ä,,°·«Oµ¹¥I,°·«Oµ¹¥I,ARIPIPRAZOLE,N05AX12,BC26987271,,Liquid,SOL,,,400.00,mg,0,,,,PH047,202402140345,7642.00,9170.00
IABI1,20090520,99999999,°±¥Î,Abiplatin inj 10mg/20mL,Abiplatin inj 10mg/20mL,Cisplatin,IVD,,RACA,ON-01-02,°w¾¯,mg,Abiplatin,«D²Õ®M,°±¥Î,,¤w°±¥Î,¬O,¤£¥i¥ÎÃÄ¥]¾÷,¥i¥Î,¤@¯ë,Á`¶q¶i¦ì,¾AÀ³¯g:¬°§Ü¸~½FÃÄ,,Indications:For cancer therapy,,¥~ Æ[:¸Ë¦³·»²G¤§´Ä¶Â¦â20 mL¤p²~,Appearance: 20 mL Vial,äú¤ß¡A ¹Ã¦R¡A µÇ¬r©Ê¡A °©Åè§í¨î¡A ¦Õ¬r©Ê,Nausea¡A vomiting¡A renal toxicity¡A bone-marrow depression¡A ototoxicity.,,¥u¥Î©óªù¶E¤Î¦í°|STAT,ªü¼ÖÀùª`®g²G,Abiplatin inj 10mg/20mL,,,§_,¬O,,¥»«~¬°­«¯gªvÀøÃÄ¡A ½Ð¨Ì·ÓÂå®v«ü¥Ü¨Ï¥Î,,Take this medicine exactly as your doctor ordered.,,,,,¤ÆÀø,¤ÆÀø,Äµ »y:¥»«~¬°­«¯gªvÀøÃÄª«¡A½Ð¨Ì·ÓÂå®v«ü¥Ü¨Ï¥Î¡C,Äµ °ªÄµ°T,,20.0,-20.0,¬O,10.0,,§_,§_,§_,³æ¤è,§_,¥i¥Î,¥i¥Î,¤£¥i¿i,¬O,,1.00,1.00,300.00,300.00,1,1,1,1,300.00,300.00,0,0,,¦³¹Ï¤ù,,0,,0,,L01XA01,,,,,,,,,VIAL,,°·«Oµ¹¥I,°·«Oµ¹¥I,CISPLATIN,L01XA01,B020937238,§_,Liquid,IVSOL,,,,,,,¬Ò¥i,³æ¦¸¿éª`,PH032,202109091807,70.00,88.00
IABI5,20130409,99999999,°±¥Î,Abiplatin inj 50mg/100mL,Abiplatin inj 50mg/100mL,Cisplatin,IVD,,RACA,ON-01-02,°w¾¯,mg,Abiplatin,«D²Õ®M,°±¥Î,ICIS,¤@¯ë¥i¥Î,¬O,¤£¥i¥ÎÃÄ¥]¾÷,¥i¥Î,¤@¯ë,Á`¶q¶i¦ì,¾AÀ³¯g: Âà²¾©Ê¸A¤Y¸~Àù¡BÂà²¾©Ê§Z±_¸~½F¤Î»H¯Ö¤ºÂà²¾«¬²Ó­M¸~½F,,Indication: Metastatic testicular tumors¡A,Metastatic ovarian tumors¡A Advanced bladder cancer.,¥~ Æ[: 100 mL ¤p²~,Appearance: 100 mL Vial,äú¤ß¡A ¹Ã¦R¡A µÇ¬r©Ê¡A °©Åè§í¨î¡A ¦Õ¬r©Ê,Nausea¡A vomiting¡A renal toxicity¡A bone-marrow depression¡A ototoxicity.,,¥u¥Î©óªù¶E¤Î¦í°|STAT,ªü¼ÖÀùª`®g²G50mg/100mL,Abiplatin,,,§_,¬O,,¥»«~¬°­«¯gªvÀøÃÄ¡A ½Ð¨Ì·ÓÂå®v«ü¥Ü¨Ï¥Î,,Take this medicine exactly as your doctor ordered.,,,,,¤ÆÀø,¤ÆÀø,Äµ »y:¥»«~¬°­«¯gªvÀøÃÄª«¡A½Ð¨Ì·ÓÂå®v«ü¥Ü¨Ï¥Î¡C,Äµ °ªÄµ°T,,20.0,-20.0,¬O,50.0,,§_,§_,§_,³æ¤è,§_,°±¥Î,¥i¥Î,¤£¥i¿i,¬O,,1.00,1.00,300.00,300.00,1,1,1,1,300.00,300.00,0,0,,¦³¹Ï¤ù,,0,,0,,L01XA01,,,,,,,,,VIAL,,°·«Oµ¹¥I,°·«Oµ¹¥I,CISPLATIN,L01XA01,B020937255,§_,Liquid,IVSOL,,,,,,,¬Ò¥i,³æ¦¸¿éª`,PH032,202109091807,350.00,420.00
IABM,19960101,99999999,°±¥Î,§Ü«B³Ê¸`¤Î¶º°Í­Å³D¬r¦å²M,Antivenin of B multicinctus & N naja atra,B. Multicinctus antivenin + N. Naja atra antivenin,IM,,HIMM,IM-03-00,°w¾¯,EA,,«D²Õ®M,°±¥Î,,¤@¯ë¥i¥Î,¬O,¤£¥i¥ÎÃÄ¥]¾÷,,¤@¯ë,Á`¶q¶i¦ì,¾AÀ³¯g:«B³Ê¸`©Î¶º°Í­Å³D¬r¤¤¬r,,Indication:Therapy for the bite of B. multicintus and N.,atra snakes.,¥~ Æ[: ­á´¹°®¯»¤p²~ + µ}ÄÀ²G,Appearance: powder in a Vial + diluted solution,¹L±Ó²{¶H¡A¥]¬A¹L±Ó©Ê¥ð§J¡A§C¦åÀ£¡A¦å²M¯f¡C,allergic phenomena including anaphylaxis¡A hypotension¡A serum sickness.,,,§Ü«B³Ê¸`¤Î¶º°Í­Å³D¬r¦å²M­á´¹ª`®g¾¯,Antivenin of B multicinctus & N naja atra,,,§_,¬O,,½Ð¸m©óÄá¤ó 2-8 «×¦B½c§NÂÃ,,Store in a refrigerator (2-8¢XC).,,¥»«~À³§¹¥þ·»¸Ñ«á©ó2¤p®É¤º¥Î§¹¡C,use the medicine within 2 hours after dilution.,ºò«æ®É¥i¦V¤TÁ`ªQ¤s¤À°|­É½Õ ¹q¸Ü¡G27656673,¤@¯ë,ª`®g,Äµ »y: ­Yµo¥ÍÄY­«¹L±Ó©Îµo¯lµ¥¤£¾A¯gª¬¡AÀ³§Y°±ÃÄ¨Ã½Ð±ÐÂå®v,,,,,¬O,1.0,,§_,§_,§_,½Æ¤è,§_,¥i¥Î,¥i¥Î,¤£¥i¿i,¬O,,1.00,1.00,1.00,1.00,999,999,1,1,2.00,2.00,0,0,,¦³¹Ï¤ù,,0,,0,,J06AA03,,,,,,,,,TAB,§_,°·«Oµ¹¥I,°·«Oµ¹¥I,SNAKE VENOM ANTISERUM,J06AA03,JC00009212,§_,Liquid,SOL,,,,,,,¥²¶·µ}ÄÀ,³æ¦¸¿éª`,PH008,201806121204,17452.00,20942.00
IACE,20070401,99999999,¥i¥Î,Acemycin inj 500mg/2mL,Acemycin inj 500mg/2mL,Amikacin,IVD,,QANB,AI-01-03,°w¾¯,VAL,Amikin,«D²Õ®M,,,¤@¯ë¥i¥Î,¬O,¥i¥ÎÃÄ¥]¾÷,,¤@¯ë,¤é¾¯¶q¶i¦ì,¾AÀ³¯g:²Óµß©Ê·P¬V,,Indications:Bacterial infection.,,¥~ Æ[:³z©ú¬Á¼þ¦wÞÀ(amp)¡A ¶À¦â¥~»\,,¯«¸g¬r¡A ¦Õ¬r¡A µÇ¬r©Ê¡A ³J¥Õ§¿¡A ¹è§¿,Neurotoxicity¡A ototoxicity¡A nephrotoxicity¡A proteinuria¡A oliguria.,¤@¯ëÃþ§Ü¥Í¯À,¬Ò¥i¥Î,®ÉªYÅð¯Àª`®g²G,Acemycin inj 500mg/2mL,,,§_,¬O,,,,,,,,,¤@¯ë,ª`®g,Äµ »y:IVdrip®Éª`®g®É¶¡»Ý¶W¹L30¦Ü60¤ÀÄÁ¡A¥[¤J100¦Ü200mlµ}ÄÀ²G,,,,,¬O,1.0,,§_,¬O,§_,³æ¤è,§_,°±¥Î,°±¥Î,¤£¥i¿i,¬O,,1.00,1.00,2.00,2.00,7,7,1,1,4.00,4.00,0.12,0.09,,¦³¹Ï¤ù,,500.00,mg,0,10-15 mg/Kg/day,J01GB06,,,,,0.50,g,1.00,g,VAL,,°·«Oµ¹¥I,°·«Oµ¹¥I,AMIKACIN,J01GB06,AC28477212,§_,Liquid,IVSOL,,,500.00,mg,2.00,mL,¥²¶·µ}ÄÀ,³æ¦¸¿éª`,PH047,202402121422,39.10,51.00
IACET,20150920,99999999,¥i¥Î,Acetamol inj 1gm,Acetamol inj 1gm,Propacetamol,IVD,,CNEU,CN-01-05,°w¾¯,VAL,Acetaminophen 0.5gm,«D²Õ®M,,,¤@¯ë¥i¥Î,¬O,¥i¥ÎÃÄ¥]¾÷,°·«O¤£µ¹¥I,¤@¯ë,¦¸­p¶q¶i¦ì,¾AÀ³¯g:¦bµLªk¨Ï¥Î¤fªA§ëÃÄ¤è¦¡®É¡A¥Î©ó¯kµh©Îµo¿N¤§¯gª¬ªvÀø¡C,,Indication:Relief of pain¡A fever.,,¥~ Æ[:¬õ»\¤p²~+³z©ú¬Á¼þ¦wÞÀ,Appearance:red cap vial + colorless ampoule,äú¤ß¡A¹Ã¦R¡Aª`®g³¡¦ì¯kµh,Nausea¡A vomiting¡A injection site pain,,¬Ò¥i¥Î,¡§¥Í¹F¡¨µÎ¯k®ø¼öª`®g¾¯ 1 ¤½§J,Acetamol inj 1gm,,,,¬O,,¶È¥iÀR¯ßª`®gµ¹ÃÄ¡C,¦¹ÃÄ«~¶È¥i³æ¦¸¨Ï¥Î¡C½Õ°t«á»Ý©ó30¤ÀÄÁ¤º¨Ï¥Î¡C,For IV infusion only.,single-use vials only. Use the medicine within 30 mins after dilution.,¹ïAcetaminophen¹L±ÓªÌ¸T¥Î¡C,Contraindication:Hypersensitivity to acetaminophen.,104-3 ÃÄ©e·|³q¹L¶iÃÄ¡A ­­µ´¹ï¦Û¶O,¤@¯ë,ª`®g,²£«~½Õ°t«á¡A¥²¶·©ó30¤ÀÄÁ¤º¨Ï¥Î¡C,,,0,0,§_,1.0,,§_,¬O,§_,³æ¤è,§_,°±¥Î,°±¥Î,¤£¥i¿i,¬O,,1.00,1.00,2.00,2.00,999,999,1,1,8.00,8.00,0.12,0.03,,¦³¹Ï¤ù,,0,,0,,N02BE05,N02BE01,,,,0,,0,,VIAL,,¤£µ¹¥I¶·¦Û¥I,¤£µ¹¥I¶·¦Û¥I,,,,§_,Liquid,IVSOL,,,1000.00,mg,,,¥²¶·µ}ÄÀ,³æ¦¸¿éª`,PH047,202401121057,0,234.00
IACL,20090801,99999999,¥i¥Î,Aclasta inj 5mg/100mL,Aclasta inj 5mg/100mL,Zoledronic Acid,IVD,,META,ME-06-00,°w¾¯,Vial,Aclasta,«D²Õ®M,,,¤@¯ë¥i¥Î,¬O,¤£¥i¥ÎÃÄ¥]¾÷,,¤@¯ë,Á`¶q¶i¦ì,¾AÀ³¯g:°©½è²¨ÃP¯g,,Indication:Osteoporosis,,¥~ Æ[: 100mL¤p²~ª`®g²G,Appearance: 100mL Bottle,·P«_¯gª¬¡A §C¦å¶t¡A ÀYµh¡A ©üºÎ,Influenza¡A hypocalcemia¡A headache¡A lethargy.,,¥u¥Î©óªù¶E¤Î¦í°|STAT,°©¤O±jª`®g²G,Aclasta inj 5mg/100mL,,,§_,¬O,,¥»«~À³©ó"¤£§t¶t"¤§ÀR¯ß¿éª`²G¤¤µ}ÄÀ¡A ¨Ã½wºCºwª`,,Never dilute the concentrate with calcium-containing infusion solutions.,Given by slow IV infusion.,³Æµù: ¦³§C¦å¶t±wªÌ­nÄá¨ú¨¬°÷ªº¶t©Mºû¥L©RD3,Pre-existing hypocalcemia must be treated by adequate intake of Ca & vit D befor,98¦~²Ä¥|¦¸ÃÄ©e·|³q¹LÁ{±Ä,¤@¯ë,¤@¯ë,Äµ »y:¥»«~À³©ó"¤£§t¶t"¤§ÀR¯ß¿éª`²G¤¤µ}ÄÀ¡A ¨Ã½wºCºwª`,,,,,§_,1.0,,§_,¬O,§_,³æ¤è,§_,°±¥Î,°±¥Î,¤£¥i¿i,¬O,,1.00,1.00,1.00,1.00,1,1,1,1,1.00,1.00,0,0,,¦³¹Ï¤ù,,0,,0,,M05BA08,,,,,,,,,VIAL,,°·«Oµ¹¥I,°·«Oµ¹¥I,ZOLEDRONIC ACID,M05BA08,BC24692255,§_,Liquid,IVSOL,¦M®`¤G¯Å(¡I),,5.00,mg,100.00,mL,¤£»Ýµ}ÄÀ,³æ¦¸¿éª`,PH047,202402140526,9453.00,11344.00
IACT,19960101,99999999,¥i¥Î,Actilyse inj 50mg,Actilyse inj 50mg,Human Plasminogen Activator,IVD,,HEMT,HE-04-00,°w¾¯,VAL,tPA (alteplase),«D²Õ®M,,,¤@¯ë¥i¥Î,¬O,¤£¥i¥ÎÃÄ¥]¾÷,­­¥Î,¤@¯ë,Á`¶q¶i¦ì,¾AÀ³¯g:¬°¦å®ê·»¸Ñ¾¯,,Indication:Thrombolytics,,,,,,,¥u¥Î©óªù¶E¤Î¦í°|STAT,®êÅéµÎª`®g²G,Actilyse inj 50mg,,,§_,¬O,,¥»«~»Ý( ÂÐ®Ö ),,,,,,,¤@¯ë,ª`®g,Äµ»y:¥»«~»Ý( ÂÐ®Ö ),Äµ °ªÄµ°T,,,,¬O,1.0,,¬O,¬O,§_,³æ¤è,§_,°±¥Î,°±¥Î,¤£¥i¿i,¬O,,1.00,1.00,2.00,2.00,1,1,1,1,2.00,2.00,0,0,,¦³¹Ï¤ù,,0,,0,,B01AD02,B05BA01,B05BB01,,,,,,,VAL,§_,°·«Oµ¹¥I,°·«Oµ¹¥I,PLASMINOGEN ACTIVATOR RECOMBINANT HUMAN TISSUE-TYPE A,B01AD02,KC00743248,§_,Liquid,IVSOL,,,50.00,mg,50.00,mL,¬Ò¥i,³æ¦¸¿éª`,PH008,202004151003,17815.00,21378.00
IACTM,20170915,99999999,¥i¥Î,Actemra inj 162mg/0.9mL,Actemra inj 162mg/0.9mL,Tocilizumab,SC,Q2W,HIMM,IM-04-00,°w¾¯,¤ä,Actemra (¥Ö¤Uª`®g¾¯),«D²Õ®M,Á{±ÄÃÄ¡A½Ð³qª¾ÃÄ§½¥~ÁÊ,,¤@¯ë°ª»ùÃÄ,¬O,¥i¥ÎÃÄ¥]¾÷,¥i¥Î,¤@¯ë,¦¸­p¶q¶i¦ì,¾AÀ³¯g:Ãþ­··Ã©ÊÃö¸`ª¢,,Indication:Treatment of active rheumatic arthritis,,¥~ Æ[: 0.9mL ¹w¶ñ¥R°wµ©,Appearance: Prefilled syringe 0.9mL,·P¬V¡A ¹L±Ó¤ÏÀ³¡A ¥Ö½§·kÄo,Infections¡A allergic reactions¡A pruritus,,¬Ò¥i¥Î,¦w®¼¼Ö¥Ö¤Uª`®g¾¯,Actemra inj 162mg/0.9mL,,,§_,¬O,,½Ð¥ß§Y¦^¶E:­¹¼¤§C¡Aäú¤ß¡A¹Ã¦R¡A¯h­Â¡A¯ù¦â§¿¡A¥Ö½§²´·úµo¶À¡A¸¡µÈ¡A¥k¤W¸¡,¯kµh¡C,Call doctor at once:appetite loss/nausea/vomiting/fatigue/brown,urine/yellowing of skin or eyes/bloating/upper right abdomen pain.,»Ý2-8¢XC§NÂÃ«O¦s¡C¦pªGµo¥ÍÄY­«·P¬V¡A½Ð¼È°±¥»ÃÄª½¨ì·P¬V±¡ªp±o¨ì±±¨î¡C,Store at 2-8¢XC. Interrupt drug if a serious infection develops.,2017¦~²Ä¤T¦¸ÃÄ©e·|·s¶i¡ACOVID¥´ªk:¥ª¥k¤j»L¦U¥´¤@°¦,¤@¯ë,ª`®g,½Ð¥ß§Y¦^¶E:­¹¼¤§C¡Aäú¤ß¡A¹Ã¦R¡A¯h­Â¡A¯ù¦â§¿¡A¥Ö½§²´·úµo¶À¡A¸¡µÈ¡A¥k¤W¸¡µh,,,0,0,§_,1.0,,§_,¬O,§_,³æ¤è,§_,¥i¥Î,¥i¥Î,¤£¥i¿i,¬O,,1.00,1.00,2.00,2.00,1,150,1,1,2.00,2.00,0,0,,¦³¹Ï¤ù,,0,,0,,L04AC07,,,,,0,,0,,¤ä,¬O,°·«Oµ¹¥I,°·«Oµ¹¥I,TOCILIZUMAB,L04AC07,KC00977208,§_,Liquid,SOL,,,162.00,mg,0.90,mL,¬Ò¥i,³æ¦¸¿éª`,PH006,202108031413,8054.00,9665.00
IACTMV,20210623,99999999,¥i¥Î,Actemra Infusion 80mg/4mL/Vial ±M®×(­­Covid-19),Actemra Infusion 80mg/4mL/Vial ±M®×(­­Covid-19),Tocilizumab,IVD,STAT,HIMM,IM-04-00,°w¾¯,mg,Actemra (Covid-19¥Î)±M®×¶i¤f,«D²Õ®M,Á{±ÄÃÄ¡A½Ð³qª¾ÃÄ§½¥~ÁÊ,,­Ó®×Á{±Ä,¬O,¥i¥ÎÃÄ¥]¾÷,±ø¥ó¤Uµ¹¥I,¤@¯ë,Á`¶q¶i¦ì,¾AÀ³¯g:­««×·s«¬«aª¬¯f¬r(SARS-CoV-2)·P¬V¯g,,Indication:Hospitalized patients of COVID-19,,¥~ Æ[:¬Á¼þ¤p²~¸ËÃÄ²G,Appearance: solution in glass vial,·P¬V¡A ¹L±Ó¤ÏÀ³¡A ¥Ö½§·kÄo,Infections¡A allergic reactions¡A pruritus,,¥u¥Î©óªù¶E¤Î¦í°|STAT,(±M®×¶i¤f)Actemra ÀR¯ßÂIºwª`®g¾¯,Actemra Infusion 80mg/4mL,,,,¬O,,­­¥Î©ó·s«aªÍª¢±wªÌ,µ}ÄÀ«áÀ³Á×¥úÀx¦s,Only for patients of COVID-19,Avoid light after dilution.,»Ý2-8¢XC§NÂÃ«O¦s¡C,Store at 2-8¢XC.,2021/06 ¥»Âå¥O­­¥Î©óCOVID-19¯eºÞ¸p³q³ø­Ó®×¡A¤£»Ý¨Æ«e¼f¬d,¤@¯ë,ª`®g,Äµ »y:½Ð¸m©óÄá¤ó 2-8 «×¦B½cÁ×¥ú§NÂÃ«O¦s¡C,,,0,0,¬O,80.0,,¬O,¬O,¬O,³æ¤è,§_,°±¥Î,°±¥Î,¤£¥i¿i,§_,,0,0,800.00,800.00,1,1,1,1,800.00,800.00,0,0,,¦³¹Ï¤ù,,0,,0,,L04AC07,,,,,0,,0,,VIAL,,°·«Oµ¹¥I,°·«Oµ¹¥I,tocilizumab,L04AC07,X000246219,§_,Liquid,IVSOL,,,80.00,mg,4.00,mL,¥²¶·µ}ÄÀ,³æ¦¸¿éª`,PH047,202302221439,3613.00,4336.00
IACTMV10,20210627,99999999,¥i¥Î,Actemra Infusion 200mg/10mL/Vial ±M®×(­­Covid-19),Actemra Infusion 200mg/10mL/Vial ±M®×(­­Covid-19),Tocilizumab,IVD,STAT,HIMM,IM-04-00,°w¾¯,mg,Actemra (Covid-19¥Î)±M®×¶i¤f,«D²Õ®M,Á{±ÄÃÄ¡A½Ð³qª¾ÃÄ§½¥~ÁÊ,,­Ó®×Á{±Ä,¬O,¥i¥ÎÃÄ¥]¾÷,±ø¥ó¤Uµ¹¥I,¤@¯ë,Á`¶q¶i¦ì,¾AÀ³¯g:­««×·s«¬«aª¬¯f¬r(SARS-CoV-2)·P¬V¯g,,Indication:Hospitalized patients of COVID-19,,¥~ Æ[:¬Á¼þ¤p²~¸ËÃÄ²G,Appearance: solution in glass vial,·P¬V¡A ¹L±Ó¤ÏÀ³¡A ¥Ö½§·kÄo,Infections¡A allergic reactions¡A pruritus,,¥u¥Î©óªù¶E¤Î¦í°|STAT,(±M®×¶i¤f)Actemra ÀR¯ßÂIºwª`®g¾¯,ACTEMRA Infusion 200mg/10mL,,,,¬O,,­­¥Î©ó·s«aªÍª¢±wªÌ,µ}ÄÀ«áÀ³Á×¥úÀx¦s,Only for patients of COVID-19,Avoid light after dilution.,»Ý2-8¢XC§NÂÃ«O¦s¡C,Store at 2-8¢XC.,2021/06 ¥»Âå¥O­­¥Î©óCOVID-19¯eºÞ¸p³q³ø­Ó®×¡A¤£»Ý¨Æ«e¼f¬d,¤@¯ë,ª`®g,Äµ »y:½Ð¸m©óÄá¤ó 2-8 «×¦B½cÁ×¥ú§NÂÃ«O¦s¡C,Äµ °ªÄµ°T,,0,0,§_,200.0,,¬O,¬O,¬O,³æ¤è,,°±¥Î,,¤£¥i¿i,§_,,0,0,800.00,800.00,1,1,1,1,800.00,800.00,0,0,,¦³¹Ï¤ù,,0,,0,,L04AC07,,,,,0,,0,,VIAL,§_,°·«Oµ¹¥I,°·«Oµ¹¥I,tocilizumab,L04AC07,X000247229,§_,Liquid,IVSOL,,,200.00,mg,10.00,mL,¥²¶·µ}ÄÀ,³æ¦¸¿éª`,PH047,202302221439,8567.00,10280.00
IADA0,20090424,99999999,°±¥Î,Adacel 0.5mL (±M®×),Adacel 0.5mL (±M®×),Diphtheria + Tetanus + Pertussis,IM,STAT,HIMM,IM-02-01,°w¾¯,VAL,Adacel,«D²Õ®M,°±¥Î,,¤@¯ë¥i¥Î,¬O,¤£¥i¥ÎÃÄ¥]¾÷,°·«O¤£µ¹¥I,¤@¯ë,Á`¶q¶i¦ì,¾AÀ³¯g: 4-64 ·³¶¡¤§¤T¦X¤@°l¥[¬Ì­],,,,¥~ Æ[: 0.5 ml ¤p²~¸Ë,,,,,¬Ò¥i¥Î,¤T¦X¤@¸É°l¬Ì­](±M®×),Adacel 0.5mL (±M®×),,,§_,¬O,,,,,,,,,¤@¯ë,ª`®g,Äµ »y:»â¨ú¬Ì­]«á¡A½Ð¥ß§Y¦Üª`®g«Ç¨Ì«ü¥Ü¨Ï¥Î¡C,,,,,¬O,1.0,,§_,§_,§_,³æ¤è,§_,°±¥Î,¥i¥Î,¤£¥i¿i,¬O,,1.00,1.00,1.00,1.00,1,1,1,1,0,0,0,0,,µL¹Ï¤ù,,0,,0,,,,,,,,,,,VIAL,,¤£µ¹¥I¶·¦Û¥I,¤£µ¹¥I¶·¦Û¥I,,,,§_,Liquid,SOL,,,,,,,¬Ò¥i,³æ¦¸¿éª`,PH032,202110031707,0,850.00
IADD,20151218,99999999,°±¥Î,Addamel N inj 10mL/vial (¦¨¤H¥Î),Addamel N inj 10mL/vial (¦¨¤H¥Î),Cr+Cu+Fe+Zn+Mn+Se+I+F+Mo,IVA,QD,NUTR,NU-02-00,°w¾¯,Vial,Trace Element,«D²Õ®M,°±¥Î,,±M®×¶i¤fÃÄ«~,¬O,¥i¥ÎÃÄ¥]¾÷,,¤@¯ë,¦¸­p¶q¶i¦ì,¾AÀ³¯g:»Ì¡A »É¡A ¾N¡A ÅK¡A¿ø¡A Ö´¡A ¸K¡A ¬t¡A à»¤§ÀR¯ßÀç¾i¸É¥R,,Indication: Cr¡A Cu¡A Zn¡A Fe¡A Mn¡A Se¡A I¡A F¡A Mo supplement,,¥~ Æ[:³z©ú10²@¤É¤p²~(Vial),Appearance: 10mL colorless vial.,¬õ¯l,Skin rash.,,¬Ò¥i¥Î,µL (±M®×¶i¤f),Addamel N inj 10mL/vial,,,,¬O,,¥»ÃÄ¤@©w­n¸gµ}ÄÀ¹L«á¨Ï¥Î¡C,Wilson¡¦s Disease¸T¥Î¡C,Should be diluted before injecting.,Contraindication:Wilson¡¦s Disease.,¿éª`®É¶¡¤£¥i¤Ö©ó8¤p®É¡C,The infusion time should not be less than 8 hours.,¶È¨ÑTPN½Õ°t¨Ï¥Î¡C,¤@¯ë,ª`®g,Äµ »y:¥»ÃÄ¤@©w­n¸gµ}ÄÀ¹L«á¨Ï¥Î,,,0,0,§_,1.0,,§_,§_,§_,½Æ¤è,§_,°±¥Î,¥i¥Î,¤£¥i¿i,¬O,,1.00,1.00,1.00,1.00,999,999,10,10,1.00,1.00,0,0,,¦³¹Ï¤ù,,0,,0,,B05XA31,B05BB01,,,,0,,0,,AMP,,¤£µ¹¥I¶·¦Û¥I,¤£µ¹¥I¶·¦Û¥I,,,,§_,Liquid,IVSOL,,,,,,,¬Ò¥i,³æ¦¸¿éª`,PH036,201609291214,0,216.00
IADDV,20160706,99999999,¥i¥Î,Addaven inj 10mL/amp (¦¨¤H¥Î),Addaven inj 10mL/amp (¦¨¤H¥Î),Cr+Cu+Fe+Zn+Mn+Se+I+F+Mo,IVA,QD,NUTR,NU-02-00,°w¾¯,AMP,Trace Element,«D²Õ®M,,,±M®×¶i¤fÃÄ«~,¬O,¥i¥ÎÃÄ¥]¾÷,,¤£¦LÃÄÅÒ,¦¸­p¶q¶i¦ì,¾AÀ³¯g:»Ì¡A »É¡A ¾N¡A ÅK¡A¿ø¡A Ö´¡A ¸K¡A ¬t¡A à»¤§ÀR¯ßÀç¾i¸É¥R,,Indication: Cr¡A Cu¡A Zn¡A Fe¡A Mn¡A Se¡A I¡A F¡A Mo supplement,,¥~ Æ[:³z©ú10mL¦wÞÀ,Appearance: 10mL colorless ampoule.,¬õ¯l,Skin rash.,,¬Ò¥i¥Î,·L¹FÃ­ª`®g²G,Addaven inj 10mL/amp (¦¨¤H¥Î),,,,¬O,,¥»ÃÄ¤@©w­n¸gµ}ÄÀ¹L«á¨Ï¥Î¡C,,Should be diluted before injecting.,,Wilson¡¦s Disease¸T¥Î¡C,Contraindication:Wilson¡¦s Disease.,¶È¨ÑTPN½Õ°t¨Ï¥Î¡C,¤@¯ë,ª`®g,Äµ »y:¥»ÃÄ¤@©w­n¸gµ}ÄÀ¹L«á¨Ï¥Î,,,0,0,§_,1.0,,§_,¬O,§_,½Æ¤è,§_,°±¥Î,¥i¥Î,¤£¥i¿i,¬O,,1.00,1.00,1.00,1.00,999,999,10,10,1.00,1.00,0,0,,¦³¹Ï¤ù,,0,,0,,B05XA31,,,,,0,,0,,AMP,§_,°·«Oµ¹¥I,°·«Oµ¹¥I,ELECTROLYTES,B05XA31,BC26993229,§_,Liquid,IVSOL,,,,,10.00,mL,¥²¶·µ}ÄÀ,³æ¦¸¿éª`,PH034,202211141609,95.00,119.00
IADE,19960101,99999999,¥i¥Î,Adenocor inj 6mg/2mL,Adenocor inj 6mg/2mL,Adenosine,IVPUSH,,CAVS,CV-01-04,°w¾¯,VAL,Adenosine,«D²Õ®M,,IADEN,¤@¯ë¥i¥Î,¬O,¥i¥ÎÃÄ¥]¾÷,,¤@¯ë,¦¸­p¶q¶i¦ì,¾AÀ³¯g:¤W¤ß«Ç¤ß·i¹L³t,,Indication:Treat paroxysmal supraventricular tachycardias.,,¥~ Æ[:³z©ú¬Á¼þ¤p²~¡Aµµ¦â¥~»\,Appearance: 2mL vial with purple cap,­±¼é¬õ¡A ¤ß¸õ®}½w¡A ¤ß«ß²§±`,Facial flush¡A bradycardia¡A arrhythmias.,,¥u¥Î©óªù¶E¤Î¦í°|STAT,¦w«Ç«ßª`®g¾¯,Adenocor inj 6mg/2mL,,,§_,¬O,,¥»«~»Ý( ÂÐ®Ö ) §Ö³tÀR¯ßª`®g (¶W¹L2¬í),,(high-alert medication) rapid IV bolus injection > 2 sec,,,,,¤@¯ë,ª`®g,Äµ»y:¥»«~»Ý( ÂÐ®Ö ),Äµ °ªÄµ°T,,,,¬O,1.0,,§_,¬O,§_,³æ¤è,§_,°±¥Î,°±¥Î,¤£¥i¿i,¬O,,1.00,1.00,3.00,3.00,1,1,1,1,3.00,3.00,0.05,0.05,,¦³¹Ï¤ù,,6.00,mg,0,0.05-0.1 mg/Kg (³æ¦¸),C01EB10,,,,,,,,,VAL,§_,°·«Oµ¹¥I,°·«Oµ¹¥I,ADENOSINE,C01EB10,BC21439212,§_,Liquid,IVSOL,,,6.00,mg,2.00,mL,¬Ò¥i,³æ¦¸¿éª`,PH047,202402121358,126.00,151.00
IADEN,20100801,99999999,°±¥Î,Adenozer inj 6mg/2mL,Adenozer inj 6mg/2mL,Adenosine,IVP,,CAVS,CV-01-04,°w¾¯,VAL,Adenocor,«D²Õ®M,°±¥Î,,¤@¯ë¥i¥Î,¬O,¥i¥ÎÃÄ¥]¾÷,¥i¥Î,¤@¯ë,¦¸­p¶q¶i¦ì,¾AÀ³¯g:¤W¤ß«Ç¤ß·i¹L³t,,Treatment of paroxysmal supraventricular tachycardias.,,¥~ Æ[:³z©ú¬Á¼þ¤p²~¡A¬õ¦â¥~»\,Appearance: 2 vial with red cap.,­±¼é¬õ¡A ¤ß¸õ®}½w¡A ¤ß«ß²§±`,Facial flush¡A bradycardia¡A arrhythmias.,,¥u¥Î©óªù¶E¤Î¦í°|STAT,½w¤ß¼Öª`®g²G,Adenozer inj 6mg/2mL,,,§_,¬O,,¥»«~»Ý( ÂÐ®Ö ) ¡A§Ö³tÀR¯ßª`®g (¶W¹L2¬í),,(high-alert medication) rapid IV bolus injection > 2 sec,,,,,¤@¯ë,ª`®g,Äµ»y:¥»«~»Ý( ÂÐ®Ö ),Äµ °ªÄµ°T,,,,¬O,1.0,,§_,¬O,§_,³æ¤è,§_,°±¥Î,°±¥Î,¤£¥i¿i,§_,,1.00,1.00,3.00,3.00,1,1,1,1,3.00,3.00,0,0,,¦³¹Ï¤ù,,6.00,mg,0,0.05-0.1 mg/Kg (³æ¦¸),C01EB10,,,,,,,,,AMP,,°·«Oµ¹¥I,°·«Oµ¹¥I,ADENOSINE,C01EB10,AC41989212,§_,Liquid,IVSOL,,,6.00,mg,2.00,mL,¬Ò¥i,³æ¦¸¿éª`,PH032,202109051927,126.00,151.00
IADIF,20181203,99999999,°±¥Î,4»ù¦Û¶O¬y·P AdimFlu-S 0.5mL/dose,4»ù¦Û¶O¬y·P AdimFlu-S 0.5mL/dose,Purified Split Inactivated Influenza Virus,IM,ST,HIMM,IM-02-02,°w¾¯,DOS,Influenza Vaccine Quadrivalent,«D²Õ®M,°±¥Î,,¤@¯ë¥i¥Î,¬O,¥i¥ÎÃÄ¥]¾÷,°·«O¤£µ¹¥I,¤@¯ë,Á`¶q¶i¦ì,¾AÀ³¯g:¾A¥Î©ó3·³¥H¤W¨àµ£¤Î¦¨¤H¤§¬y¦æ©Ê·P«_¬Ì­],,Indication:Influenza vaccine for 3 years and older .,,¥~ Æ[:¥R¶ñ¦¡ª`®g°wµ©¡A³»ºÝ¬°¦Ç¦â,Appearance: Suspension for injection in pre-filled syringe.,ÀYµh¡A ¦Ùµh¡A ±µºØ³¡¦ì¯kµh,Headache¡A myalgia¡A injection site reaction.,,¥u¥Î©óªù¶E¤Î¦í°|STAT,"¦w©w¥ñ"µõ¸Ñ«¬¥|»ù¬y·P¬Ì­],4»ù¦Û¶O¬y·P AdimFlu-S 0.5mL/dose,FLU_4,,,¬O,,»â¨ú¬Ì­]«á¡A ½Ð¥ß§Y¦Üª`®g«Ç¨Ì«ü¥Ü¨Ï¥Î,,After receiving the vaccine¡A please go to the injection room immediately.,,,,2018.12 ·s¶i,¤@¯ë,ª`®g,Äµ »y:»â¨ú¬Ì­]«á¡A½Ð¥ß§Y¦Üª`®g«Ç¨Ì«ü¥Ü¨Ï¥Î¡C,,,0,0,§_,1.0,,§_,¬O,¬O,³æ¤è,,°±¥Î,°±¥Î,¤£¥i¿i,§_,,1.00,1.00,1.00,1.00,1,1,1,1,1.00,1.00,0,0,,¦³¹Ï¤ù,,0,,0,,J07BB02,,,,,0,,0,,¤ä,,¤£µ¹¥I¶·¦Û¥I,¤£µ¹¥I¶·¦Û¥I,,,,,Liquid,SOL,,,0,,0.50,mL,¤£»Ýµ}ÄÀ,,PH034,202109102133,0,420.00
IADR1,19960101,99999999,¥i¥Î,Adrenalin inj 1mg/mL,Adrenalin inj 1mg/mL,Epinephrine,IM,,CAVS,CV-01-03,°w¾¯,AMP,Bosmin,«D²Õ®M,,,¤@¯ë¥i¥Î,¬O,¥i¥ÎÃÄ¥]¾÷,,¤@¯ë,¦¸­p¶q¶i¦ì,¾AÀ³¯g:¤ß¦]©Ê¥ð§J¡A ¤ß·i°±¤î¡A ®ðºÞµjÅË,,Indication:Anaphylactic shock¡A cardiac arrest¡A asthma.,,¥~ Æ[:²`½Å¦â¬Á¼þ¦wÞÀ(amp)¡A¶À¦â¥~¶K¯È,,¯Ýµh¡A ¤ß«ß¤£¾ã¡A ÀYµh¡A ¤£¦w¡A ·ÐÄ¼,Chest pain¡A arrhythmia; headache¡A nervousness¡A restlessness.,,,¦w±o²z¨º¹çª`®g²G,Adrenalin inj 1mg/mL,,,§_,¬O,,¥»«~»Ý( ÂÐ®Ö ),«Ç·ÅÀx¦s¡AÁ×§K°ª¼ö¡B¼éÀã¡B¥ú½uª½®g,Store at room temperature¡A away from heat¡A moisture¡A and direct light.,,,,,¤@¯ë,ª`®g,Äµ»y:¥»«~»Ý( ÂÐ®Ö ),Äµ °ªÄµ°T,,,,¬O,1.0,,§_,¬O,§_,³æ¤è,§_,°±¥Î,°±¥Î,¤£¥i¿i,¬O,,1.00,1.00,60.00,60.00,999,999,1,1,60.00,60.00,2.50,0.50,,¦³¹Ï¤ù,,1.00,mg,0,0.01-0.03 mg/Kg (³æ¦¸),C01CA24,,,,,,,,,AMP,§_,°·«Oµ¹¥I,°·«Oµ¹¥I,EPINEPHRINE,C01CA24,AC00480209,§_,Liquid,SOL,,,1.00,mg,1.00,mL,¬Ò¥i,³æ¦¸¿éª`,PH034,202111021513,15.00,20.00
IAET,20140402,99999999,°±¥Î,Aethoxysklerol 2% 2mL/amp (±M®×¶i¤f),Aethoxysklerol 2% 2mL/amp (±M®×¶i¤f),Polidocanol,IV,ST,CAVS,CV-11-00,°w¾¯,AMP,,«D²Õ®M,°±¥Î,,±M®×¶i¤fÃÄ«~,¬O,¥i¥ÎÃÄ¥]¾÷,,¤@¯ë,¦¸­p¶q¶i¦ì,¾AÀ³¯g:¤UªÏÀR¯ß¦±±i,,Indication:varicose veins of the lower extremities,,¥~ Æ[:2mL ¦wÞÀ,Appearance: 2mL ampoule,¦å¸~¡Bª`®g³¡¦ì¨ë¿E©Î¯kµh¡B·kÄo©Îµo¼ö,Hematoma¡A irritation or pain of injection site¡A pruritus¡A warmth,,¬Ò¥i¥Î,,Aethoxysklerol 2% 2mL/amp,,,,,,ª`®g§¹¦¨«á¡AÄñ¤WÁ^±a¨Ã¨B¦æ15¦Ü20¤ÀÄÁ¡C,,After injection is complete¡A apply compression/bandage¡A and have patient walk,for 15-20 minutes.,,,,¤@¯ë,ª`®g,Äµ »y:½Ð¿í·ÓÂå®v«ü¥Ü¨Ï¥Î¡A­Yµo¥ÍºÃ¦üÃÄª«¤£¨}¤ÏÀ³½Ð§iª¾Âå¥Í¡C,,,0,0,§_,1.0,,¬O,§_,§_,³æ¤è,§_,¥i¥Î,¥i¥Î,¤£¥i¿i,¬O,,1.00,1.00,3.00,3.00,1,1,1,1,5.00,5.00,0,0,,¦³¹Ï¤ù,,0,,0,,C05BB02,,,,,,,,,AMP,§_,¤£µ¹¥I¶·¦Û¥I,¤£µ¹¥I¶·¦Û¥I,,,,§_,Liquid,IVSOL,,,,,,,¬Ò¥i,³æ¦¸¿éª`,PH008,201905050912,0,3000.00
IAGG,20170915,99999999,¥i¥Î,Aggrastat inj 12.5mg/50mL,Aggrastat inj 12.5mg/50mL,Tirofiban,IVD,,HEMT,HE-03-00,°w¾¯,Vial,Aggrastat,«D²Õ®M,,,¤@¯ë¥i¥Î,¬O,¥i¥ÎÃÄ¥]¾÷,±ø¥ó¤Uµ¹¥I,¤@¯ë,Á`¶q¶i¦ì,¾AÀ³¯g:¹w¨¾¤£Ã­©w¤ßµ±µh¤Î¯Ê¦å©Ê¤ßÅ¦¨Öµo¯g,,Indication:Angina and prevent cardiac ischemic events.,,¥~ Æ[:50mL¤p²~,Appearance: 50mL Vial,¥X¦å¡Aäú¤ß¡Aµo¼ö¡AÀYµh,Bleeding; nausea; fever; headache.,,¥u¥Î©óªù¶E¤Î¦í°|STAT,¶®·ç¿@ÁY¿éª`²G,Aggrastat inj 12.5mg/50mL,,,,¬O,,¥»ÃÄ¤@©w­n¸gµ}ÄÀ¹L«á¨Ï¥Î,¨Ï¥Î¥i±±¨î¬y³t¤§¿é²G¬¦ÀR¯ß¿éª`¡C,Should be diluted before injection.,Administer via IVD infusion pump.,,,2017¦~²Ä¤T¦¸ÃÄ©e·|·s¶i,¤@¯ë,ª`®g,Äµ »y:¥»ÃÄ¤@©w­n¸gµ}ÄÀ¹L«á¨Ï¥Î,,,0,0,¬O,1.0,,§_,¬O,§_,³æ¤è,§_,°±¥Î,°±¥Î,¤£¥i¿i,¬O,,1.00,1.00,2.00,2.00,2,2,1,1,2.00,2.00,0,0,,¦³¹Ï¤ù,,0,,0,,B01AC17,,,,,0,,0,,VIAL,§_,°·«Oµ¹¥I,°·«Oµ¹¥I,TIROFIBAN,B01AC17,BC22606248,,Liquid,IVSOL,,,12.50,mg,50.00,mL,¥²¶·µ}ÄÀ,³æ¦¸\¯S®í¿éª`,PH052,202306221343,7382.00,8858.00
IAHIB,20060109,99999999,°±¥Î,Act-HIB inj 0.5 mL/dose,Act-HIB inj 0.5 mL/dose,Haemophilus b Conjugate Vaccine,IM,ST,HIMM,IM-02-01,°w¾¯,VAL,Hib Vaccine,«D²Õ®M,°±¥Î¡A¥i¬dÃþ¦üÃÄ,,¤@¯ë¥i¥Î,§_,¤£¥i¥ÎÃÄ¥]¾÷,°·«O¤£µ¹¥I,¤@¯ë,Á`¶q¶i¦ì,¾AÀ³¯g:¬°b«¬¶Ý¦å±ìµß±µ¦X¬Ì­],,,,,,,,,¬Ò¥i¥Î,¤Ú´µ¼wb«¬¶Ý¦å±ìµß¬Ì­],Act-HIB inj 0.5 mL/dose,HIB,,§_,¬O,,,,,,,,,¤@¯ë,ª`®g,Äµ »y:¥»«~»Ý¸m©óÁ×¥ú³±²D°®Àê³B,,,,,¬O,1.0,,§_,§_,§_,³æ¤è,§_,¥i¥Î,¥i¥Î,¤£¥i¿i,¬O,,1.00,1.00,1.00,1.00,1,1,1,1,0,0,0,0,,µL¹Ï¤ù,,0,,0,,,,,,,,,,,VAL,,¤£µ¹¥I¶·¦Û¥I,¤£µ¹¥I¶·¦Û¥I,,,,§_,Liquid,SOL,,,,,,,¬Ò¥i,³æ¦¸¿éª`,PH032,202110031653,0,650.00
IAJO,20220823,99999999,¥i¥Î,Ajovy inj 225mg/1.5mL,Ajovy inj 225mg/1.5mL,Fremanezumab,SC,Q1M,CNEU,CN-03-07,°w¾¯,¤ä,Ajovy,«D²Õ®M,Á{±ÄÃÄ¡A½Ð³qª¾ÃÄ§½¥~ÁÊ,,¥»°|Á{±Ä²M³æ,¬O,¥i¥ÎÃÄ¥]¾÷,±ø¥ó¤Uµ¹¥I,¤@¯ë,Á`¶q¶i¦ì,¾AÀ³¯g:¹w¨¾¦¨¤H°¾ÀYµh¡C,,Indication:Preventive treatment of migraine in adults.,,¥~ Æ[:ÃÄ²G©ó¹w¥R¶ñ°wµ©,Appearance:Solution in a single-dose prefilled syringe.,ª`®g³¡¦ì¤ÏÀ³¡A¹L±Ó¤ÏÀ³,Injection site reactions¡A Hypersensitivity.,,¥u¥Î©óªù¶E¤Î¦í°|STAT,¦ã¤[ºûª`®g²G,Ajovy inj 225mg/1.5mL,,,,¬O,,¥»ÃÄ¤£¥i§N­á¡C,¶È¨Ñ¥Ö¤Uª`®g¨Ï¥Î¡C,Do not freeze.,For subcutaneous use only.,Á×¥ú§NÂÃÀx¦s©ó2-8¢XC¡C­Y¸m©ó«Ç·Å³Ì°ª25¢XC¤U¶W¹L24¤p®É¡A½Ð¤Å¨Ï¥Î,Store at 2-8¢XC. Maybe at up to 25¢XC for a maximum of 24 hours.,2022.09³¯¤¹¤¤Âå®v­Ó®×Á{±Ä,¤@¯ë,¤@¯ë,¥»ÃÄ¤£¥i§N­á¡C¶È¨Ñ¥Ö¤Uª`®g¨Ï¥Î¡C,,,0,0,§_,1.0,,§_,¬O,¬O,³æ¤è,§_,¥i¥Î,¥i¥Î,¤£¥i¿i,§_,,1.00,1.00,3.00,3.00,84,84,28,28,3.00,3.00,0,0,,¦³¹Ï¤ù,,0,,0,,N02CD03,,,,,0,,0,,¤ä,¬O,°·«Oµ¹¥I,°·«Oµ¹¥I,FREMANEZUMAB,N02CD03,KC01138210,§_,Liquid,SOL,,,225.00,mg,1.50,mL,,,PH047,202401161056,9748.00,11698.00
IALB,20080801,99999999,°±¥Î,Albumin 25% 50mL(Albutein),Albumin 25% 50mL(Albutein),Albumin,IVD,QD,HEMT,HE-06-00,°w¾¯,BOT,Human Albumin,«D²Õ®M,°±¥Î¡A¥i¬dÃþ¦üÃÄ,,¤@¯ë¥i¥Î,¬O,¤£¥i¥ÎÃÄ¥]¾÷,±ø¥ó¤Uµ¹¥I,¤@¯ë,Á`¶q¶i¦ì,¾AÀ³¯g:§C¥Õ³J¥Õ¦å¯g¡A ¥ð§J¡A ¿N¶Ë,,Indication:Treat hypovolemic shock¡A hypoalbuminemia.,,¥~ Æ[:50 mL ²°¸Ë¬Á¼þ¤p²~,,´`Àô¹L«×­t²ü¡A ªÍ¤ô¸~,Circulatory overload¡A pulmonary oedema.,,¥u¥Î©óªù¶E¤Î¦í°|STAT,¦ãº¸¸É©wª`®g²G25%,Albumin 25% 50mL,,,§_,¬O,,¥»«~¬°­«¯gªvÀøÃÄ¡A ½Ð¨Ì·ÓÂå®v«ü¥Ü¨Ï¥Î,,Take this medicine exactly as your doctor ordered.,,,,,¤@¯ë,¤@¯ë,Äµ »y:¥»«~¬°­«¯gªvÀøÃÄª«¡A½Ð¨Ì·ÓÂå®v«ü¥Ü¨Ï¥Î¡C,,,,,¬O,1.0,,§_,¬O,§_,³æ¤è,§_,°±¥Î,°±¥Î,¤£¥i¿i,¬O,,1.00,3.00,5.00,5.00,3,9,1,1,10.00,10.00,0.20,0.10,,¦³¹Ï¤ù,,0,,0,,B05AA01,,,,,,,,,VIAL,§_,°·«Oµ¹¥I,°·«Oµ¹¥I,ALBUMIN,B05AA01,KC00375248,§_,Liquid,IVSOL,,,12.50,GM,50.00,mL,¬Ò¥i,³æ¦¸¿éª`,PH006,202102101052,1519.00,1823.00
IALB1,20010102,99999999,°±¥Î,Human Albumin 20% 100mL,Human Albumin 20% 100mL,Albumin,IV,,HEMT,HE-06-00,°w¾¯,BOT,Albumin,«D²Õ®M,°±¥Î,,¤@¯ë¥i¥Î,¬O,¤£¥i¥ÎÃÄ¥]¾÷,±ø¥ó¤Uµ¹¥I,¤@¯ë,Á`¶q¶i¦ì,¾AÀ³¯g:§C¥Õ³J¥Õ¦å¯g,,,,,,,,,¬Ò¥i¥Î,,Human Albumin 20% 100mL,,,§_,¬O,,,,,,,,,¤@¯ë,ª`®g,,,,,,¬O,1.0,,§_,§_,§_,³æ¤è,§_,¥i¥Î,¥i¥Î,¥i¿i,¬O,,1.00,1.00,99.00,2.00,99,3,1,1,0,0,0,0,,µL¹Ï¤ù,,0,,0,,,,,,,,,,,BOT,,°·«Oµ¹¥I,°·«Oµ¹¥I,ALBUMIN,B05AA01,K000628255,§_,Liquid,IVSOL,,,,,,,¬Ò¥i,³æ¦¸¿éª`,PH033,201507141559,1963.00,2356.00
IALB20,20201215,99999999,¥i¥Î,Albumin inj 20% 50mL (TBSF),Albumin inj 20% 50mL (TBSF),Albumin,IVD,QD,HEMT,HE-06-00,°w¾¯,BOT,Human Albumin,«D²Õ®M,,,¤@¯ë¥i¥Î,¬O,¤£¥i¥ÎÃÄ¥]¾÷,±ø¥ó¤Uµ¹¥I,¤@¯ë,Á`¶q¶i¦ì,¾AÀ³¯g:§C³J¥Õ¦å¯g¡B¥ð§J¡B¿N¶Ë¡C,,Indication:Hypoproteinaemia¡A Shock¡A Burns.,,¥~ Æ[:(ÂÅ¨¤)¯È²°¸Ë50 mL ²°¸Ë¬Á¼þ¤p²~,Appearance: 50mL glass bottle,´`Àô¹L«×­t²ü¡A ªÍ¤ô¸~,Circulatory overload¡A pulmonary edema.,,¥u¥Î©óªù¶E¤Î¦í°|STAT,°ê¦å»s¾¯¯q±d(20%)¤H¦å²M¥Õ³J¥Õª`®g¾¯,Albumin 20% 50mL (TBSF),,,,¬O,,¥»«~¬°­«¯gªvÀøÃÄ¡A ½Ð¨Ì·ÓÂå®v«ü¥Ü¨Ï¥Î,,Use this drug as ordered by your doctor.,,¥»«~¶u§t¶q48-100mmol/L¡A¦³¶u­­¨îªº¯f±w½Ð¤p¤ß¨Ï¥Î.,Sodium content:48-100mmol/L.Use with caution in patients with sodium restriction,2020.Q4ÃÄ©e·s¶i,¤@¯ë,ª`®g,Äµ »y:¥»«~¬°­«¯gªvÀøÃÄª«¡A½Ð¨Ì·ÓÂå®v«ü¥Ü¨Ï¥Î¡C,,,0,0,¬O,1.0,,¬O,¬O,§_,³æ¤è,§_,°±¥Î,°±¥Î,¤£¥i¿i,¬O,,2.00,2.00,7.00,7.00,3,9,1,1,12.00,12.00,0,0,,¦³¹Ï¤ù,,0,,0,,B05AA01,,,,,0,,0,,BOT,,°·«Oµ¹¥I,°·«Oµ¹¥I,ALBUMIN,B05AA01,KC00842248,,Liquid,IVSOL,,,10.00,GM,50.00,mL,¬Ò¥i,³æ¦¸¿éª`,PH047,202402121405,1212.00,1454.00
IALBB,19960101,99999999,°±¥Î,Albumin 25% 50mL(Buminate),Albumin 25% 50mL(Buminate),Albumin,IV,,HEMT,HE-06-00,°w¾¯,BOT,Albumin,«D²Õ®M,°±¥Î,,¤@¯ë¥i¥Î,¬O,¤£¥i¥ÎÃÄ¥]¾÷,±ø¥ó¤Uµ¹¥I,¤@¯ë,Á`¶q¶i¦ì,¾AÀ³¯g:§C¥Õ³J¥Õ¦å¯g,,,,,,,,,,25%¤HÅé¥¿±`¦å²M¥Õ³J¥Õª`®g¾¯,Albumin 25% 50mL(Buminate),,,§_,¬O,,,,,,,,,¤@¯ë,ª`®g,Äµ »y:¥»«~¬°­«¯gªvÀøÃÄª«¡A½Ð¨Ì·ÓÂå®v«ü¥Ü¨Ï¥Î¡C,,,,,¬O,1.0,,§_,§_,§_,³æ¤è,§_,¥i¥Î,¥i¥Î,¤£¥i¿i,¬O,,1.00,2.00,2.00,2.00,3,9,1,1,0,0,0,0,,µL¹Ï¤ù,,0,,0,,,,,,,,,,,BOT,§_,°·«Oµ¹¥I,°·«Oµ¹¥I,ALBUMIN,B05AA01,K000271248,§_,Liquid,IVSOL,,,,,,,¬Ò¥i,³æ¦¸¿éª`,PH006,201505041057,1519.00,1823.00
IALBU,20140121,99999999,°±¥Î,Albumin 25% 50mL (Albuminar-25),Albumin 25% 50mL (Albuminar-25),Albumin,IV,QD,HEMT,HE-06-00,°w¾¯,BOT,Albumin,«D²Õ®M,°±¥Î,IALB,¤@¯ë¥i¥Î,¬O,¤£¥i¥ÎÃÄ¥]¾÷,±ø¥ó¤Uµ¹¥I,¤@¯ë,Á`¶q¶i¦ì,¾AÀ³¯g:§C¥Õ³J¥Õ¦å¯g¡A ¥ð§J¡A ¿N¶Ë,,Indication:Treat hypovolemic shock¡A hypoalbuminemia.,,¥~ Æ[:50 mL ²°¸Ë¬Á¼þ¤p²~,,´`Àô¹L«×­t²ü¡A ªÍ¤ô¸~,Circulatory overload¡A pulmonary oedema.,,¥u¥Î©óªù¶E¤Î¦í°|STAT,"·RÀq"¤HÅé¦å²M¥Õ³J¥Õ25%ª`®g²G,Albumin 25% 50mL (Albuminar-,,,§_,¬O,,¥»«~¬°­«¯gªvÀøÃÄ¡A ½Ð¨Ì·ÓÂå®v«ü¥Ü¨Ï¥Î,,Take this medicine exactly as your doctor ordered.,,,,,¤@¯ë,ª`®g,Äµ »y:¥»«~¬°­«¯gªvÀøÃÄª«¡A½Ð¨Ì·ÓÂå®v«ü¥Ü¨Ï¥Î¡C,,,0,0,§_,1.0,,§_,§_,§_,³æ¤è,§_,°±¥Î,¥i¥Î,¤£¥i¿i,¬O,,1.00,2.00,2.00,2.00,3,9,1,1,10.00,10.00,0,0,,¦³¹Ï¤ù,,0,,0,,B05AA01,,,,,,,,,VIAL,,°·«Oµ¹¥I,°·«Oµ¹¥I,ALBUMIN,B05AA01,KC00303248,§_,Liquid,IVSOL,,,,,,,¬Ò¥i,³æ¦¸¿éª`,PH006,201612231403,1480.00,1776.00
IALC,20181219,99999999,¥i¥Î,99.5% Alcohol inj 5mL,99.5% Alcohol inj 5mL,Alcohol,PI,STAT,RACA,ON-99-99,°w¾¯,Vial,Ethanol,«D²Õ®M,°±¥Î,,³æ¦ìÁ{±Ä,¬O,¥i¥ÎÃÄ¥]¾÷,°·«O¤£µ¹¥I,¤£¦LÃÄÅÒ,Á`¶q¶i¦ì,¾AÀ³¯g:¾A¥Î¸g¥Ö°sºëª`®gÀøªkªº¨x²Ó­MÀù,,Indication:Percutaneous injection therapy for liver cancer,,¥~ Æ[: ¼á²M³z©ú 5 mL ¬Á¼þ¤p²~¸Ë,Appearance: 5 mL glass vial,¦å²MÂàÓi×Q¼W¥[¡Aµo¿N¡A­G¼ìºÅ¡A¦å®ê®ê¶ë,Increased serum transaminases¡A fever¡A gastric ulcer¡A throboembolism,,¥u¥Î©óªù¶E¤Î¦í°|STAT,99.5% °sºëª`®g¾¯,99.5% Alcohol inj 5mL,,,§_,¬O,,½Ð¤Å¨Ï¥Î¦b¥~¥Î®ø¬r,¥»ÃÄ¨ã©ö¿U»PÃz¬µ©Ê¡A¨Ï¥Î¤p¤ß¡I,Don't be used for external sterilization.,Flammable and explosive¡A handle with caution.,,,[Rx_o]³B¤è¶°­nÅã¥Ü¡A2018.12 ¸z­G¤¤¤ß³æ¦ìÁ{±Ä,¤@¯ë,ª`®g,Äµ »y:½Ð¿í·ÓÂå®v«ü¥Ü¨Ï¥Î¡A­Yµo¥ÍºÃ¦üÃÄª«¤£¨}¤ÏÀ³½Ð§iª¾Âå¥Í¡C,,,0,0,¬O,1.0,,§_,¬O,¬O,³æ¤è,§_,°±¥Î,°±¥Î,¤£¥i¿i,§_,,1.00,1.00,2.00,2.00,6,6,1,1,2.00,2.00,0,0,,¦³¹Ï¤ù,,0,,0,,L01XXbb,,,,,0,,0,,VAL,§_,¤£µ¹¥I¶·¦Û¥I,¤£µ¹¥I¶·¦Û¥I,,,,§_,Liquid,SOL,,,0,,5.00,mL,,,PH047,202305181102,0,144.00
IALE,20030401,99999999,¥i¥Î,Aleviatin inj 250mg/5mL,Aleviatin inj 250mg/5mL,Phenytoin,IVD,,CNEU,CN-03-01,°w¾¯,AMP,Dilantin,«D²Õ®M,,,¤@¯ë¥i¥Î,¬O,¥i¥ÎÃÄ¥]¾÷,¥i¥Î,¤@¯ë,¦¸­p¶q¶i¦ì,¾AÀ³¯g:ªvÀøÅöíw,,Indication:Prevention & treatment of seizures,,¥~ Æ[:³z©ú¬Á¼þ¦wÞÀ(amp)¡A¥~¶K¯È¬°¥Õ¦â¡A¤¤¶¡¦³²H¶À¦â±ø¯¾,Appearance: 5mL Ampoule,©µ¿ð©Ê¹L±Ó¤ÏÀ³¡A ¦A¥Í¤£¨}³h¦å¡A ¸}¨B¤£Ã­¡A ·NÃÑ²V²c,Delayed severe hypersensitivity reactions¡A aplastic anemia¡Aclumsiness¡Aconfusion,,¬Ò¥i¥Î,ªü¹p©¼ªü¼yª`®g²G,Aleviatin inj 250mg/5mL,,,¬O,¬O,,1¤ÀÄÁ¤£¶W¹L1mL¤§³t«×IVª`®g,,Slow IV no faster than 1mL/min,,¦p¥ÎÃÄ«á¥X²{³ïµh¡B¤fµÄÂH½¤¼ìÄê¡B¥Ö¯lµ¥¯gª¬¡A¥ß§Y°±ÃÄ¦^¶E,If signs of sore throat¡A mouth ulcers or skin rash occur¡A please consult doctor,,¤@¯ë,ª`®g,Äµ »y:1¤ÀÄÁ¤£¶W¹L1mL¤§³t«×IVª`®g,,,,,¬O,1.0,,§_,¬O,§_,³æ¤è,§_,°±¥Î,°±¥Î,¤£¥i¿i,¬O,,1.00,1.00,3.00,6.00,99,99,1,1,6.00,6.00,0.16,0.16,,¦³¹Ï¤ù,,250.00,mg,0,,N03AB02,,,,,,,,,AMP,,°·«Oµ¹¥I,°·«Oµ¹¥I,PHENYTOIN,N03AB02,AC45701221,§_,Liquid,IVSOL,¦M®`¤G¯Å(¡I),,250.00,mg,5.00,mL,¥²¶·µ}ÄÀ,³æ¦¸¿éª`,PH032,202103231849,69.00,86.00
IALF,20150905,99999999,°±¥Î,Alfentanil inj 1mg/2mL (HAMELN),Alfentanil inj 1mg/2mL (HAMELN),Alfentanil,IVD,,CNEU,CN-01-01,°w¾¯,AMP,,«D²Õ®M,°±¥Î,IALF1,¤@¯ë¥i¥Î,¬O,¤£¥i¥ÎÃÄ¥]¾÷,,¤@¯ë,¤£¶i¦ì,¾AÀ³¯g: µu®Ä³Â¾K©Ê¤îµh¾¯¤Î³Â¾K»¤¾É¾¯,,Indication:Analgesia & anaesthetic induction,,¥~ Æ[:³z©ú2mL¦wÞÀ,Appearance: 2mL ampoule,¤ß°Ê¹L½w¡B§C¦åÀ£¡Bäú¤ß¡B¹Ã¦R,Bradycardia¡A hypotension¡A nausea¡A vomitting,,¥u¥Î©óªù¶E¤Î¦í°|STAT,ªüµØ§h©Z¥§ª`®g²G,Alfentanil inj 1mg/2mL,,,¬O,¬O,,À³µø¨ä¦~ÄÖ¡BÅé­«¤Î¯gªp¤©¥H¾A·í¤§¾¯¶q¡A ¨Ã¯d·NÆ[¹î,,Should consider age¡A weight and disease state to modify dosage.,,¹ï¥»«~¦¨¤À©Î¾~¤ùÃþÃÄª«µLªk­@¨üªÌ¸T§Ò¨Ï¥Î,,105/09/05¶}ÀÉ¡A¦]À³³Â¾K¬ì±ÆÀË§å»ù¡A¥Í®Ä¤é´Á§ï¬°104/09/05,¤@¯ë,¤G¯ÅºÞ¨î,Äµ »y:À³µø¨ä¦~ÄÖ¡BÅé­«¤Î¯gªp¤©¥H¾A·í¤§¾¯¶q¡A¨Ã¯d·NÆ[¹î,Äµ °ªÄµ°T,,0,0,¬O,1.0,,§_,¬O,§_,³æ¤è,§_,°±¥Î,°±¥Î,¤£¥i¿i,§_,,1.00,1.00,1.00,1.00,1,7,1,1,4.00,4.00,0,0,,¦³¹Ï¤ù,,0,,0,,N01AH02,,,,,0,,0,,AMP,§_,¤£µ¹¥I¶·¦Û¥I,¤£µ¹¥I¶·¦Û¥I,,,,§_,Liquid,IVSOL,,,1.00,mg,2.00,mL,¥²¶·µ}ÄÀ,³æ¦¸¿éª`,PH034,202206011053,0,180.00
IALF1,20200901,99999999,¥i¥Î,Alfentanil inj 1mg/2mL,Alfentanil inj 1mg/2mL,Alfentanil,IVD,,CNEU,CN-01-01,°w¾¯,AMP,ªüµØ§h©Z¥§ (¤G¯ÅºÞ¨îÃÄ),«D²Õ®M,,,¤@¯ë¥i¥Î,¬O,¤£¥i¥ÎÃÄ¥]¾÷,°·«O¤£µ¹¥I,¤@¯ë,¤£¶i¦ì,¾AÀ³¯g: µu®Ä³Â¾K©Ê¤îµh¾¯¤Î³Â¾K»¤¾É¾¯,,Indication:Analgesia and anaesthetic induction,,¥~ Æ[:2 ²@¤É¦wÞÀ,Appearance: 2 mL ampoule,¦Ù±jª½¡A¤ß°Ê¹L½w¡A§C¦åÀ£¡AÀY·w¡Aäú¤ß,muscular rigidity¡A bradycardia¡A hypotension¡A dizziness,,¥u¥Î©óªù¶E¤Î¦í°|STAT,"ºÞ¨îÃÄ«~¼t"ªüµØ§h©Z¥§ª`®g²G,Alfentanil inj 1mg/2mL,,,¬O,¬O,,À³µø¨ä¦~ÄÖ¡BÅé­«¤Î¯gªp¤©¥H¾A·í¤§¾¯¶q¡A ¨Ã¯d·NÆ[¹î,,Should consider age¡A weight and disease state to modify dosage.,,¹ï¥»«~¦¨¤À©Î¾~¤ùÃþÃÄª«µLªk­@¨üªÌ¸T§Ò¨Ï¥Î,Avoid using in patients who have known intolerance to alfentanil or opioids.,2022.05ºÞºÞ§½´«¼t,¤@¯ë,¤G¯ÅºÞ¨î,Äµ »y:À³µø¨ä¦~ÄÖ¡BÅé­«¤Î¯gªp¤©¥H¾A·í¤§¾¯¶q¡A¨Ã¯d·NÆ[¹î,Äµ °ªÄµ°T,,0,0,¬O,1.0,,§_,¬O,§_,³æ¤è,,°±¥Î,,¤£¥i¿i,§_,,1.00,1.00,1.00,1.00,1,7,1,1,10.00,10.00,0,0,,¦³¹Ï¤ù,,0,,0,,N01AH02,,,,,0,,0,,AMP,,¤£µ¹¥I¶·¦Û¥I,¤£µ¹¥I¶·¦Û¥I,,,,§_,Liquid,IVSOL,,,1.00,mg,2.00,mL,¥²¶·µ}ÄÀ,³æ¦¸¿éª`,PH047,202308011015,0,180.00
IALF1BAD,20220509,99999999,¥i¥Î,Alfentanil inj 1mg/2mL ´Ý¾l¾P·´,Alfentanil inj 1mg/2mL ´Ý¾l¾P·´,Alfentanil,IV,,CNEU,CN-01-01,°w¾¯,AMP,,«D²Õ®M,,,¤@¯ë¥i¥Î,¬O,¤£¥i¥ÎÃÄ¥]¾÷,¥i¥Î,¤£¦LÃÄÅÒ,¤£¶i¦ì,,,,,,,,,,¥u¥Î©óªù¶E¤Î¦í°|STAT,Alfentanil inj 1mg/2mL ´Ý¾l¾P·´,Alfentanil inj 1mg/2mL ´Ý¾l¾P·´,,,,¬O,,,,,,,,[Rx_x]ºÞÃÄ¥á±ó½X¡A³B¤è¶°¤£Åã¥Ü,¤@¯ë,¤G¯ÅºÞ¨î,,Äµ °ªÄµ°T,,0,0,§_,1.0,,§_,,§_,³æ¤è,,°±¥Î,,¥i¿i,§_,,1.00,1.00,1.00,1.00,1,1,1,1,4.00,4.00,0,0,,µL¹Ï¤ù,,0,,0,,,,,,,0,,0,,AMP,,°·«O¤£¥Ó³ø¤£­p»ù,°·«O¤£¥Ó³ø¤£­p»ù,,,,,,,,,1.00,mg,2.00,mL,¥²¶·µ}ÄÀ,³æ¦¸¿éª`,PH022,202206011023,0,180.00
IALFBAD,20150905,99999999,°±¥Î,Alfentanil inj ´Ý¾l¾P·´ (HAMELN),Alfentanil inj ´Ý¾l¾P·´ (HAMELN),Alfentanil,IVPUSH,,CNEU,CN-01-01,°w¾¯,AMP,,«D²Õ®M,°±¥Î,IALF1BAD,¤@¯ë¥i¥Î,¬O,¤£¥i¥ÎÃÄ¥]¾÷,,¤£¦LÃÄÅÒ,¤£¶i¦ì,¾AÀ³¯g: µu®Ä³Â¾K©Ê¤îµh¾¯¤Î³Â¾K»¤¾É¾¯,,Indication:Analgesia & anaesthetic induction,,¥~ Æ[:³z©ú2mL¦wÞÀ,Appearance: 2mL ampoule,¤ß°Ê¹L½w¡B§C¦åÀ£¡Bäú¤ß¡B¹Ã¦R,Bradycardia¡A hypotension¡A nausea¡A vomitting,,¥u¥Î©óªù¶E¤Î¦í°|STAT,ªüµØ§h©Z¥§ª`®g²G,Alfentanil inj ´Ý¾l¾P·´,,,§_,¬O,,À³µø¨ä¦~ÄÖ¡BÅé­«¤Î¯gªp¤©¥H¾A·í¤§¾¯¶q¡A ¨Ã¯d·NÆ[¹î,,Should consider age¡A weight and disease state to modify dosage.,,,,[Rx_x]ºÞÃÄ¥á±ó½X¡A³B¤è¶°¤£Åã¥Ü105/09/05¶}ÀÉ¡A¦]³Â¾K¬ì±ÆÀË§å»ù¡A¥Í®Ä¤é´Á§ï104/09/05,¤@¯ë,¤G¯ÅºÞ¨î,Äµ »y:À³µø¨ä¦~ÄÖ¡BÅé­«¤Î¯gªp¤©¥H¾A·í¤§¾¯¶q¡A¨Ã¯d·NÆ[¹î,Äµ °ªÄµ°T,,0,0,¬O,1.0,,§_,¬O,§_,³æ¤è,§_,°±¥Î,°±¥Î,¤£¥i¿i,§_,,1.00,1.00,1.00,1.00,1,7,1,1,4.00,4.00,0,0,,¦³¹Ï¤ù,,0,,0,,N01AH02,,,,,0,,0,,AMP,,°·«O¤£¥Ó³ø¤£­p»ù,°·«O¤£¥Ó³ø¤£­p»ù,,,,,Liquid,IVSOL,,,1.00,mg,2.00,mL,¬Ò¥i,³æ¦¸¿éª`,PH034,202206011054,0,0
IALI,19960101,99999999,°±¥Î,Alinamin F-B12 inj 20mg/2mL,Alinamin F-B12 inj 20mg/2mL,TTFD + B12,IV,,NUTR,NU-02-00,°w¾¯,AMP,Alinamin F,«D²Õ®M,°±¥Î¡A¥i¬dÃþ¦üÃÄ,,¤@¯ë¥i¥Î,¬O,¤£¥i¥ÎÃÄ¥]¾÷,,¤@¯ë,¦¸­p¶q¶i¦ì,¾AÀ³¯g:¯«¸gª¢,,,,,,,,,,,Alinamin F-B12 inj 20mg/2mL,,,§_,¬O,,,,,,,,,¤@¯ë,ª`®g,Äµ »y:¥»«~»Ý¸m©óÁ×¥ú³±²D°®Àê³B,,,,,¬O,1.0,,§_,§_,§_,³æ¤è,§_,¥i¥Î,¥i¥Î,¤£¥i¿i,¬O,,1.00,1.00,999.00,999.00,999,999,1,1,0,0,0,0,,µL¹Ï¤ù,,0,,0,,,,,,,,,,,AMP,§_,°·«Oµ¹¥I,°·«Oµ¹¥I,HYDROXOCOBALAMIN ACETATE,B03BA53,N005370212,§_,Liquid,IVSOL,,,,,,,¬Ò¥i,³æ¦¸¿éª`,PH008,201403201325,17.86,22.00
IALI1,20110601,99999999,¥i¥Î,Alimta inj 100mg,Alimta inj 100mg,Pemetrexed,IVD,STAT,RACA,ON-02-03,°w¾¯,mg,,«D²Õ®M,Á{±ÄÃÄ¡A½Ð³qª¾ÃÄ§½¥~ÁÊ,,¥»°|Á{±Ä²M³æ,¬O,¤£¥i¥ÎÃÄ¥]¾÷,±ø¥ó¤Uµ¹¥I,¤@¯ë,Á`¶q¶i¦ì,¾AÀ³¯g:ªvÀø±ß´Á©ÎÂà²¾©Ê«D¤p²Ó­MªÍÀù,,Treat advanced or metastatic non-small cell lung cancer,,¥~ Æ[:¸Ë¦³¥Õ¦â­á´¹¤§¬Á¼þ¤p²~,Appearance: glass vials with white frozen crystals,¯h­Â¡Bäú¤ß¡B¥Ö¯l¡B«K¯µ¡B«y¹Â¡B³h¦å¡B¤¤©Ê²y¼Æ¶q´î¤Ö¡C,Fatigue¡A nausea¡A rash¡A constipation¡A cough¡A anemia¡A neutropenia.,,¬Ò¥i¥Î,·R¹ç¹Fª`®g¾¯100²@§J,Alimta inj 100mg,,,§_,¬O,,Äµ »y: ¥»«~¬°­«¯gªvÀøÃÄª«¡A½Ð¨Ì·ÓÂå®v«ü¥Ü¨Ï¥Î¡C,,Precaution: For severe conditions¡A please follow doctor's instructions.,,,,,¤ÆÀø,¤ÆÀø,Äµ »y:¥»«~¬°­«¯gªvÀøÃÄª«¡A½Ð¨Ì·ÓÂå®v«ü¥Ü¨Ï¥Î¡C,Äµ °ªÄµ°T,,,,§_,100.0,,§_,¬O,§_,³æ¤è,§_,°±¥Î,°±¥Î,¤£¥i¿i,¬O,,1.00,1.00,1000.00,1000.00,1,1,1,1,1000.00,1000.00,0,0,,µL¹Ï¤ù,,0,,0,,L01BA04,,,,,,,,,VIAL,§_,°·«Oµ¹¥I,°·«Oµ¹¥I,PEMETREXED,L01BA04,BC24874255,§_,Liquid,IVSOL,¦M®`¤@¯Å(¡I¡I),,100.00,mg,,,¬Ò¥i,³æ¦¸¿éª`,PH047,202403221154,6192.00,7430.00
IALI5,20110601,99999999,¥i¥Î,ALIMTA inj 500mg,ALIMTA inj 500mg,Pemetrexed,IVD,STAT,RACA,ON-02-03,°w¾¯,mg,,«D²Õ®M,Á{±ÄÃÄ¡A½Ð³qª¾ÃÄ§½¥~ÁÊ,,¥»°|Á{±Ä²M³æ,¬O,¤£¥i¥ÎÃÄ¥]¾÷,±ø¥ó¤Uµ¹¥I,¤@¯ë,Á`¶q¶i¦ì,¾AÀ³¯g:ªvÀø±ß´Á©ÎÂà²¾©Ê«D¤p²Ó­MªÍÀù,,Treat advanced or metastatic non-small cell lung cancer,,¥~ Æ[:¸Ë¦³¥Õ¦â­á´¹¤§¬Á¼þ¤p²~,,¯h­Â¡Bäú¤ß¡B¥Ö¯l¡B«K¯µ¡B«y¹Â¡B³h¦å¡B¤¤©Ê²y¼Æ¶q´î¤Ö¡C,Fatigue¡A nausea¡A rash¡A constipation¡A cough¡A anemia¡A neutropenia.,,¬Ò¥i¥Î,·R¹ç¹Fª`®g¾¯,Alimta,,,§_,¬O,,Äµ »y: ¥»«~¬°­«¯gªvÀøÃÄª«¡A½Ð¨Ì·ÓÂå®v«ü¥Ü¨Ï¥Î¡C,,Precaution: For severe conditions¡A please follow doctor's instructions.,,,,,¤ÆÀø,¤ÆÀø,Äµ »y:¥»«~¬°­«¯gªvÀøÃÄª«¡A½Ð¨Ì·ÓÂå®v«ü¥Ü¨Ï¥Î¡C,Äµ °ªÄµ°T,,,,§_,500.0,,§_,§_,§_,³æ¤è,§_,°±¥Î,°±¥Î,¤£¥i¿i,¬O,,1.00,1.00,1000.00,1000.00,1,1,1,1,1000.00,1000.00,0,0,,¦³¹Ï¤ù,,0,,0,,L01BA04,,,,,,,,,VIAL,§_,°·«Oµ¹¥I,°·«Oµ¹¥I,PEMETREXED,L01BA04,BC24084277,§_,Liquid,IVSOL,¦M®`¤@¯Å(¡I¡I),,500.00,mg,,,¬Ò¥i,³æ¦¸¿éª`,PH047,202403221154,28282.00,33938.00
IALL,19960101,99999999,°±¥Î,Allergy skin test,Allergy skin test,Allergy Skin Test,IM,,ZOTH,TEST,°w¾¯,DOS,Allergy skin test,«D²Õ®M,°±¥Î¡A¥i¬dÃþ¦üÃÄ,,¤@¯ë¥i¥Î,¬O,¤£¥i¥ÎÃÄ¥]¾÷,,¤£¦LÃÄÅÒ,Á`¶q¶i¦ì,¾AÀ³¯g:¬°ÀËÅç¸Õ¾¯,,,,,,,,,,,Allergy skin test,,,§_,¬O,,,,,,,,,¤@¯ë,ª`®g,,,,,,¬O,1.0,,§_,§_,§_,³æ¤è,§_,¥i¥Î,¥i¥Î,¤£¥i¿i,¬O,,1.00,1.00,999.00,999.00,999,999,1,1,999.00,999.00,0,0,,µL¹Ï¤ù,,0,,0,,,,,,,,,,,DOS,§_,¤£µ¹¥I¶·¦Û¥I,¤£µ¹¥I¶·¦Û¥I,,,,§_,AdministrableDrugForm,APPFUL,,,,,,,¬Ò¥i,³æ¦¸¿éª`,PH034,202108011023,0,800.00
IALO,20150615,99999999,°±¥Î,Aloxi inj 0.25mg/5mL,Aloxi inj 0.25mg/5mL,Palonosetron,IVD,,CNEU,CN-03-08,°w¾¯,Vial,,«D²Õ®M,°±¥Î,IOKM,¤@¯ë¥i¥Î,¬O,¥i¥ÎÃÄ¥]¾÷,¥i¥Î,¤@¯ë,Á`¶q¶i¦ì,¾AÀ³¯g:¹w¨¾¤ÆÀø¤Þ°_ªºäú¤ß¹Ã¦R,,Indication:Prevention of chemotherapy-induced nausea and,vomiting.,¥~ Æ[:5²@¤É³z©ú¬Á¼þ¤p²~¡AÂÅ¦â»\¤l¡C,Appearance: 5mL vial with blue cap,ÀYµh¡AÀY·w¡A«K¯µ¡A¸¡Âm¡A¯h³Ò,Headache¡A dizziness¡A constipation¡A diarrhea¡A weakness,,¬Ò¥i¥Î,¹Ã¥ßµÎª`®g¾¯,Aloxi 0.25mg,,,,¬O,,§ë»P¥»ÃÄ«e»P«á§¡»Ý¥H¥Í²z­¹ÆQ¤ô¨R¬~¿éª`ºÞ½u,,Flush IV line with N/S prior to and following administration.,,¦¨¤H:¦b¶}©l¤ÆÀø«e30¤ÀÄÁµ¹ÃÄ¡AÀR¯ßª`®g»Ý¶W¹L30¬í¡C,Infuse over 30 seconds¡A beginning ~30 minutes prior to the start of chemotherapy,,¤@¯ë,¤@¯ë,§ë»P¥»ÃÄ«e»P«á§¡»Ý¥H¥Í²z­¹ÆQ¤ô¨R¬~¿éª`ºÞ½u,,,0,0,§_,1.0,,§_,¬O,§_,³æ¤è,§_,¥i¥Î,¥i¥Î,¤£¥i¿i,¬O,,1.00,1.00,8.00,8.00,99,99,1,1,8.00,8.00,0,0,,¦³¹Ï¤ù,,0,,0,,A04AA05,,,,,0,,0,,VIAL,,°·«Oµ¹¥I,°·«Oµ¹¥I,PALONOSETRON,A04AA05,BC24785221,§_,Liquid,IVSOL,,,0.25,mg,5.00,mL,¥²¶·µ}ÄÀ,³æ¦¸¿éª`,PH006,202401281033,657.00,788.00
IALVO,20231220,99999999,¥i¥Î,Alvosteo inj 20mcg/80microliters¡A 2.4mL,Alvosteo inj 20mcg/80microliters¡A 2.4mL,Teriparatide,SC,QD,META,ME-06-00,°w¾¯,DOSE,Forteo,«D²Õ®M,°±¥Î,,¤@¯ë¥i¥Î,¬O,¥i¥ÎÃÄ¥]¾÷,±ø¥ó¤Uµ¹¥I,¤@¯ë,Á`¶q¶i¦ì,¾AÀ³¯g:ªvÀø¦¨¤H°©½è²¨ÃP¯g¡C,,Indication:Treatment for adult osteoporosis.,,¥~ Æ[: 2.4²@¤É¹w¥ý¥R¶ñ¤§¥d¦¡ºÞ¡C,Appearance:1 prefilled glass cartridge.,¯kµh¡BÃö¸`µh¡BÀY·w¡Bäú¤ß¡BµL¤O¡C,Pain¡A joint pain¡A dizziness¡A nausea¡A weakness.,,¥u¥Î©óªù¶E¤Î¦í°|STAT,¦ã¼Ú°©±oª`®g²G20·L§J/80·L¤É,Alvosteo inj 20mcg/80microli,,,,¬O,,¥»«~À³Á×¥ú§NÂÃ©ó2-8¢XC¡A¶}«Ê¶W¹L28¤ÑÀ³¥á±ó¥d¦¡ºÞ¡C,­Y¥X²{«ùÄòäú¤ß¡B¹Ã¦R¡B«K¯µ¡B¯h³Ò©Î¦Ù¦×µL¤O¡AÀ³§iª¾Âå¥Í¡C,Store at 2-8¢XC¡A protect from light. Discard cartridge if open for over 28 days.,Notify doctor of persistent nausea¡A vomiting¡A constipation¡A or muscle weakness.,¨C¤éÀ³Äá¨ú¨¬°÷¶t½è»Pºû¥Í¯ÀD¡C,Adequate daily intake of calcium and vitamin D is recommended.,2023Q4 ÃÄ©e·s¶i,¤@¯ë,ª`®g,Äµ »y: ¥»«~À³Á×¥ú§NÂÃ©ó2-8¢XC¡A¶}«Ê¶W¹L28¤ÑÀ³¥á±ó¥d¦¡ºÞ¡C,,,0,0,§_,28.0,,§_,¬O,§_,³æ¤è,§_,°±¥Î,°±¥Î,¤£¥i¿i,§_,,1.00,1.00,1.00,1.00,999,999,28,28,1.00,1.00,0,0,1.00,µL¹Ï¤ù,,0,,0,,H05AA02,,,,,20.00,mcg,20.00,mcg,VIAL,,°·«Oµ¹¥I,°·«Oµ¹¥I,TERIPARATIDE,H05AA02,KC01151213,§_,Liquid,SOL,,,600.00,mcg,2.40,mL,,,PH047,202401311459,8471.00,10165.00
IAMH,19960101,99999999,°±¥Î,Aminopoly-H 500 mL,Aminopoly-H 500 mL,Amino Acids,IV,,NUTR,NU-04-01,°w¾¯,BOT,,«D²Õ®M,°±¥Î,,¤@¯ë¥i¥Î,¬O,¤£¥i¥ÎÃÄ¥]¾÷,,¤@¯ë,Á`¶q¶i¦ì,¾AÀ³¯g:Ói°ò»Ä¸É¥R¾¯,,,,,,,,,,,Aminopoly-H 500 mL,,,§_,¬O,,,,,,,,,¤@¯ë,ª`®g,,,,,,¬O,1.0,,§_,§_,§_,³æ¤è,§_,¥i¥Î,¥i¥Î,¤£¥i¿i,¬O,,1.00,1.00,999.00,999.00,999,999,1,1,0,0,0,0,,µL¹Ï¤ù,,0,,0,,,,,,,,,,,BOT,§_,°·«Oµ¹¥I,°·«Oµ¹¥I,6.7% AMINO ACIDS FOR HEPATIC,B05BA01,A029276277,§_,Liquid,IVSOL,,,,,,,¬Ò¥i,³æ¦¸¿éª`,PH032,201408071532,590.00,750.00
IAMI2,20080320,99999999,¥i¥Î,Amiparen inj 10% 200mL,Amiparen inj 10% 200mL,Amino Acids,IVD,,NUTR,NU-04-01,°w¾¯,BOT,Amiparen,«D²Õ®M,,,¤@¯ë¥i¥Î,¬O,¥i¥ÎÃÄ¥]¾÷,¥i¥Î,¤@¯ë,Á`¶q¶i¦ì,¾AÀ³¯g:¦¨¤H®ò°ò»Ä¸É¥R²G,,Indication:Supplement amino acids.,,¥~ Æ[:³z©ú200mL³n³U,,,,,¬Ò¥i¥Î,¦w©R«O¹çª`®g²G,Amiparen inj 10% 200mL,,,§_,¬O,,½Ð¿í·ÓÂå®v«ü¥Ü¨Ï¥Î¡A ­Yµo¥ÍºÃ¦üÃÄª«¤£¨}¤ÏÀ³½Ð§iª¾Âå¥Í,,Follow doctor's advice. Check with doctor if you notice any side effects.,,,,,¤@¯ë,ª`®g,Äµ »y:½Ð¿í·ÓÂå®v«ü¥Ü¨Ï¥Î¡A­Yµo¥ÍºÃ¦üÃÄª«¤£¨}¤ÏÀ³½Ð§iª¾Âå¥Í¡C,,,,,¬O,1.0,¦³,§_,¬O,§_,½Æ¤è,§_,°±¥Î,°±¥Î,¤£¥i¿i,¬O,,1.00,1.00,1.00,1.00,99,99,1,1,6.00,6.00,0,0,,¦³¹Ï¤ù,,0,,0,,B05BA01,,,,,,,,,BOT,,°·«Oµ¹¥I,°·«Oµ¹¥I,10.0% AMINO ACIDS FOR HEPATIC,B05BA01,AC45310263,§_,Liquid,IVSOL,,,20.00,GM,200.00,mL,¤£»Ýµ}ÄÀ,³æ¦¸¿éª`,PH047,202303090943,149.00,179.00
IAMIF,20101216,99999999,°±¥Î,Aminofluid 1000mL,Aminofluid 1000mL,Amino Acid + Glucose,IVD,,NUTR,NU-04-01,°w¾¯,BAG,Aminofluid,«D²Õ®M,°±¥Î,,¤@¯ë¥i¥Î,¬O,¥i¥ÎÃÄ¥]¾÷,¥i¥Î,¤@¯ë,Á`¶q¶i¦ì,¾AÀ³¯g: ¤â³N«e«áÀç¾i¸Éµ¹¡A®ø¤Æ¹D¼ìºÅ»PÀç¾i»ÙÃª¤§¸Éµ¹¡C,,Indication: Provision of electrolytes¡A glucose & amino acids,,¥~ Æ[:¤W¤U¨â«Ç¡A ³z©ú1000mLª`®g³U,,¬õ¯l¡B¯Ý³¡¤£¾A¡B¤ß±ª,Rash¡A chest discomfort¡A palpitation,,¬Ò¥i¥Î,®ò°ò´I²G,Aminofluid 1000mL,,,§_,¬O,,½Ð¿í·ÓÂå®v«ü¥Ü¨Ï¥Î¡A ­Yµo¥ÍºÃ¦üÃÄª«¤£¨}¤ÏÀ³½Ð§iª¾Âå®v,,Follow doctor's advice. Check with doctor if you notice any side effects.,,,,102¦~²Ä¥|¦¸ÃÄ©e·|¨MÄ³§R°£,¤@¯ë,ª`®g,Äµ »y:½Ð¿í·ÓÂå®v«ü¥Ü¨Ï¥Î¡A­Yµo¥ÍºÃ¦üÃÄª«¤£¨}¤ÏÀ³½Ð§iª¾Âå¥Í¡C,,,,,,1.0,,§_,§_,§_,½Æ¤è,§_,°±¥Î,¥i¥Î,¤£¥i¿i,¬O,,1.00,1.00,2.00,2.00,30,99,1,1,2.00,2.00,0,0,,¦³¹Ï¤ù,,0,,0,,B05BB01,,,,,,,,,BAG,,°·«Oµ¹¥I,°·«Oµ¹¥I,10.0% AMINO ACIDS+DEXTROSE+ELECTROLYTE SOLUTION FOR INFUSION,B05BA10,B023878209,§_,Liquid,IVSOL,,,,,,,¬Ò¥i,³æ¦¸¿éª`,PH006,201501051500,311.00,373.00
IAMII,20151022,99999999,°±¥Î,Aminosteril infant 6% 100mL,Aminosteril infant 6% 100mL,Amino Acids,IVD,4PM,NUTR,NU-04-01,°w¾¯,ML,Aminosteril Infant,«D²Õ®M,°±¥Î,,¤@¯ë¥i¥Î,¬O,¤£¥i¥ÎÃÄ¥]¾÷,,¤£¦LÃÄÅÒ,Á`¶q¶i¦ì,¾AÀ³¯g:¥®¨àÓi°ò»Ä¸É¥R²G,,Indication:Supplement amino acids.,,¥~ Æ[:³z©ú100mL¬Á¼þ²~,,Åé²G¡B¹q¸Ñ½è¤£¥­¿Å,Fluid¡A electrolyte imbalance,,¬Ò¥i¥Î,ªü¦Ì­YÀR¯ß¿éª`²G,Aminosteril infant 6% 100mL,,,§_,¬O,,¶È¨ÑTPN½Õ°t¨Ï¥Î,,For TPN formulation use only.,,,,,¤@¯ë,ª`®g,Äµ »y:ÃÄ§½½Õ¾¯¡A «D¤@¯ë¥æ¥IÃÄ«~,,,0,0,§_,100.0,¦³,§_,¬O,§_,½Æ¤è,§_,°±¥Î,°±¥Î,¤£¥i¿i,§_,,0,0,100.00,150.00,100,100,1,1,100.00,150.00,0,0,,µL¹Ï¤ù,,0,,0,,B05BA01,,,,,0,,0,,BOT,§_,°·«Oµ¹¥I,°·«Oµ¹¥I,6.0% AMINO ACIDS FOR INFANT,B05BA01,BC22022255,§_,Liquid,IVSOL,,,6.00,GM,100.00,mL,¬Ò¥i,³æ¦¸¿éª`,PH047,202312011658,208.00,250.00
IAMII1,20210929,99999999,¥i¥Î,Aminosteril infant 10% 100mL,Aminosteril infant 10% 100mL,Amino Acids,IVD,4PM,NUTR,NU-04-01,°w¾¯,ML,Aminosteril infant,«D²Õ®M,,,¤@¯ë¥i¥Î,¬O,¤£¥i¥ÎÃÄ¥]¾÷,¥i¥Î,¤£¦LÃÄÅÒ,Á`¶q¶i¦ì,¾AÀ³¯g:¥®¨àÓi°ò»Ä¸É¥R²G,,Indication:Supplement of amino acids for children.,,¥~ Æ[:100mL¬Á¼þ²~,Appearance:100mL glass bottle,Åé²G¡B¹q¸Ñ½è¡BÓi°ò»Ä¤£¥­¿Å,Fluid¡A electrolyte¡A and amino acid imbalance,,¬Ò¥i¥Î,ªü¦Ì­YÀR¯ß¿éª`²G10%,Aminosteril infant 10% 100mL,,,,¬O,,¶È¨ÑTPN½Õ°t¨Ï¥Î,,For TPN formulation use only.,,,,202109 [IAMII] ¯Ê³f´À¥N,¤@¯ë,ª`®g,Äµ »y:ÃÄ§½½Õ¾¯¡A «D¤@¯ë¥æ¥IÃÄ«~,,,0,0,§_,100.0,¦³,§_,¬O,§_,½Æ¤è,§_,°±¥Î,°±¥Î,¤£¥i¿i,§_,,0,0,100.00,100.00,100,100,1,1,100.00,100.00,0,0,,¦³¹Ï¤ù,,0,,0,,B05BA01,,,,,0,,0,,BOT,,°·«Oµ¹¥I,°·«Oµ¹¥I,10.0% AMINO ACIDS FOR INFANT,B05BA01,BC22023255,§_,Liquid,IVSOL,,,10.00,GM,100.00,mL,¬Ò¥i,³æ¦¸¿éª`,PH065,202403061216,192.00,230.00
IAMIK,19960101,99999999,°±¥Î,Aminol-K inj 500mL,Aminol-K inj 500mL,Amino Acids + Xylitol,IV,,NUTR,NU-04-01,°w¾¯,BOT,Aminol-K,«D²Õ®M,°±¥Î¡A¥i¬dÃþ¦üÃÄ,,¤@¯ë¥i¥Î,¬O,¤£¥i¥ÎÃÄ¥]¾÷,,¤@¯ë,Á`¶q¶i¦ì,¾AÀ³¯g:¬°¦¨¤HÓi°ò»Ä¸É¥R²G,,,,,,,,,,Ói¬ü¼Ö·çª`®g²G,Aminol-K inj 500mL,,,§_,¬O,,,,,,,,,¤@¯ë,ª`®g,Äµ »y:½Ð¿í·ÓÂå®v«ü¥Ü¨Ï¥Î¡A­Yµo¥ÍºÃ¦üÃÄª«¤£¨}¤ÏÀ³½Ð§iª¾Âå¥Í¡C,,,,,¬O,1.0,,§_,§_,§_,³æ¤è,§_,¥i¥Î,¥i¥Î,¤£¥i¿i,¬O,,1.00,1.00,2.00,2.00,99,99,1,1,0,0,0,0,,µL¹Ï¤ù,,0,,0,,,,,,,,,,,BOT,§_,°·«Oµ¹¥I,°·«Oµ¹¥I,3.0% AMINO ACIDS+XYLITOL SOLUTIONS,B05BA10,A011723277,§_,Liquid,IVSOL,,,,,,,¬Ò¥i,³æ¦¸¿éª`,PH008,201403201325,88.00,106.00
IAMIL,19960101,99999999,°±¥Î,Aminophylline°w¾¯250mg/10mL,Aminophylline inj 250mg/10mL,Aminophylline,IVD,,ERSP,RE-01-00,°w¾¯,AMP,Aminophylline,«D²Õ®M,°±¥Î,IASI,¤@¯ë¥i¥Î,¬O,¥i¥ÎÃÄ¥]¾÷,¥i¥Î,¤@¯ë,¦¸­p¶q¶i¦ì,¾AÀ³¯g:¤ä®ðºÞ®ð³Ý,,Indication:Treat asthma¡A bronchopneumonia¡A bronchitis.,,¥~ Æ[:³z©ú¬Á¼þ¦wÞÀ(amp)¡A ÂÅ¦â¦r«¬,,,,,,®ò°ò«DªLª`®g²G,Aminophylline inj 250mg/10mL,,,§_,¬O,½Ã±Ð³æ¤­,À³µø¨ä¦~ÄÖ¡A Åé­«¤Î¯gªp¤©¥H¾A·í¤§¾¯¶q¡A ¨Ã¯d·NÆ[¹î,,Should consider age¡A weight and disease state to modify dosage.,,,,,¤@¯ë,ª`®g,Äµ »y:À³µø¨ä¦~ÄÖ¡BÅé­«¤Î¯gªp¤©¥H¾A·í¤§¾¯¶q¡A¨Ã¯d·NÆ[¹î,,,,,¬O,1.0,,§_,§_,§_,³æ¤è,§_,¥i¥Î,¥i¥Î,¤£¥i¿i,¬O,,1.00,1.00,4.00,4.00,999,999,1,1,0,0,0,0,,¦³¹Ï¤ù,,0,,0,,R03DA05,,,,,,,,,AMP,§_,°·«Oµ¹¥I,°·«Oµ¹¥I,AMINOPHYLLINE,R03DA05,N005088229,§_,Liquid,IVSOL,,,,,,,¬Ò¥i,³æ¦¸¿éª`,PH008,201403201325,3.60,6.00
IAMIN,19960101,99999999,°±¥Î,Aminosteril N Hepa 8% 500mL,Aminosteril N Hepa 8% 500mL,Amino Acids Infusion Soln,IV,,NUTR,NU-04-01,°w¾¯,BOT,Aminosteril NHepa,«D²Õ®M,°±¥Î¡A¥i¬dÃþ¦üÃÄ,,¤@¯ë¥i¥Î,¬O,¥i¥ÎÃÄ¥]¾÷,,¤@¯ë,Á`¶q¶i¦ì,¾AÀ³¯g:¬°¦¨¤H®ò°ò»Ä¸É¥R²G,,Indication:Supplement amino acids.,,¥~ Æ[:³z©ú500mL¬Á¼þ²~¡A²`ºñ¦â¥~»\¡A¥Õ¦â¥~¶K¯È,,,,,,¥d¤ñ¿Õ§A°·NÀR¯ß¿éª`²G,Aminosteril N Hepa 8% 500mL,,,§_,¬O,,,,,,,,,¤@¯ë,ª`®g,Äµ »y:ÃÄ§½½Õ¾¯¡A «D¤@¯ë¥æ¥IÃÄ«~,,,,,¬O,1.0,,§_,§_,§_,³æ¤è,§_,¥i¥Î,¥i¥Î,¤£¥i¿i,¬O,,1.00,1.00,2.00,2.00,99,99,1,1,0,0,0,0,,¦³¹Ï¤ù,,0,,0,,B05BA01,,,,,,,,,BOT,§_,°·«Oµ¹¥I,°·«Oµ¹¥I,8.0% AMINO ACIDS FOR HEPATIC,B05BA01,B020706277,§_,Liquid,IVSOL,,,,,,,¬Ò¥i,³æ¦¸¿éª`,PH032,201409091606,194.00,240.00
IAMIO,19960101,99999999,¥i¥Î,Amiodarone (Cordarone) inj 150mg/3mL,Amiodarone (Cordarone) inj 150mg/3mL,Amiodarone,IVD,QD,CAVS,CV-01-02,°w¾¯,AMP,Cordarone,«D²Õ®M,,,¤@¯ë¥i¥Î,¬O,¥i¥ÎÃÄ¥]¾÷,,¤@¯ë,¦¸­p¶q¶i¦ì,¾AÀ³¯g:¤ß«ß¤£¾ã,,Indication:Treat tachycardia¡A fibrillation.,,¥~ Æ[:³z©ú¬Á¼þ¦wÞÀ(amp)¡A¶Â¦â¦rÅé,,ÀY·w¡A ÀY­«¸}»´¡A ¥ú±Ó·P¡A ¥Òª¬¸¢¾÷¯à²§±`,Dizziness¡A lightheadedness¡A photosensitization¡A hypothyroidism.,,,Å¦±o¼Öª`®g²G,Amiodarone inj 150mg/3mL,,,¬O,¬O,,¨Ï¥Î«DPVC®e¾¹µ}ÄÀ²G¡A±q¤¤¥¡¾ÉºÞÂIºwµ¹ÃÄ¡C,,infusion duration exceeds 2 hours dilute with D5W and administer in non-PVC,bottles.,,,,¤@¯ë,ª`®g,Äµ »y:­­¥ÎD5W µ}ÄÀ©ó«DPVC®e¾¹,Äµ °ªÄµ°T,ª`®g¾¯,,,¬O,1.0,,§_,¬O,¬O,³æ¤è,§_,°±¥Î,°±¥Î,¤£¥i¿i,¬O,,1.00,1.00,15.00,15.00,999,999,1,1,15.00,15.00,0.20,0.10,,¦³¹Ï¤ù,,0,,0,,C01BD01,,,,,,,,,AMP,§_,°·«Oµ¹¥I,°·«Oµ¹¥I,AMIODARONE,C01BD01,BC14861216,§_,Liquid,IVSOL,,,150.00,mg,3.00,mL,¥²¶·µ}ÄÀ,³æ¦¸\¯S®í¿éª`,PH047,202402140158,92.00,115.00
IAMIP,19960101,99999999,°±¥Î,Amikin inj 500mg/2mL,Amikin inj 500mg/2mL,Amikacin,IVD,,QANB,AI-01-03,°w¾¯,VAL,Amikin,«D²Õ®M,°±¥Î,IACE,¤@¯ë¥i¥Î,¬O,¤£¥i¥ÎÃÄ¥]¾÷,,¤@¯ë,Á`¶q¶i¦ì,¾AÀ³¯g:²Óµß©Ê·P¬V,,,,,,,,¤@¯ëÃþ§Ü¥Í¯À,,·RÅð¯Àª`®g²G,Amikin inj 500mg/2mL,,,§_,¬O,,,,,,,,,¤@¯ë,ª`®g,Äµ »y:­­¥ÎD5W µ}ÄÀ©ó«DPVC®e¾¹,,,,,¬O,1.0,,§_,§_,§_,³æ¤è,§_,¥i¥Î,¥i¥Î,¤£¥i¿i,¬O,,1.00,1.00,2.00,2.00,7,7,1,1,0,0,0,0,,µL¹Ï¤ù,,0,,0,,J01GB06,,,,,0.50,g,1.00,g,VAL,§_,°·«Oµ¹¥I,°·«Oµ¹¥I,AMIKACIN,J01GB06,B017767212,§_,Liquid,IVSOL,,,,,,,¬Ò¥i,³æ¦¸¿éª`,PH009,201707171611,85.00,102.00
IAMISA,19960101,99999999,°±¥Î,Amisalin 200mg/2mL,Amisalin 200mg/2mL,Procainamide,IM,,CAVS,CV-01-02,°w¾¯,AMP,Pronestyl,«D²Õ®M,°±¥Î¡A¥i¬dÃþ¦üÃÄ,,¤w°±¥Î,¬O,¤£¥i¥ÎÃÄ¥]¾÷,,¤@¯ë,¦¸­p¶q¶i¦ì,¾AÀ³¯g:¤ß«ß¤£¾ã,,,,,,,,,,,Amisalin 200mg/2mL,,,§_,¬O,,,,,,,,,¤@¯ë,ª`®g,,,,,,¬O,1.0,,§_,§_,§_,³æ¤è,§_,¥i¥Î,¥i¥Î,¤£¥i¿i,¬O,,1.00,1.00,5.00,5.00,999,999,1,1,0,0,0,0,,µL¹Ï¤ù,,0,,0,,C01BA02,,,,,,,,,AMP,§_,°·«Oµ¹¥I,°·«Oµ¹¥I,PROCAINAMIDE,C01BA02,B018185212,§_,Liquid,SOL,,,,,,,¬Ò¥i,³æ¦¸¿éª`,PH032,202109051928,25.00,31.00
IAMIX1,19960101,99999999,°±¥Î,Aminomix 1500mL,Aminomix 1500mL,Amino Acid + Glucose,IV,,NUTR,NU-04-05,°w¾¯,BAG,Aminomix,«D²Õ®M,°±¥Î,,¤@¯ë¥i¥Î,¬O,¤£¥i¥ÎÃÄ¥]¾÷,,¤£¦LÃÄÅÒ,Á`¶q¶i¦ì,¾AÀ³¯g:¬°¦¨¤H®ò°ò»Ä¹q¸Ñ½è¸É¥R²G,,,,,,,,,,,Aminomix 1500mL,,,§_,¬O,,,,,,,,,¤@¯ë,ª`®g,,,,,,¬O,1.0,,§_,§_,§_,³æ¤è,§_,¥i¥Î,¥i¥Î,¤£¥i¿i,¬O,,1.00,1.00,2.00,2.00,99,99,1,1,0,0,0,0,,µL¹Ï¤ù,,0,,0,,,,,,,,,,,BAG,§_,°·«Oµ¹¥I,°·«Oµ¹¥I,10.7% AMINO ACIDS+DEXTROSE+ELECTROLYTE SOLUTION FOR INFUSION,B05BA10,B020114210,§_,Liquid,IVSOL,,,,,,,¬Ò¥i,³æ¦¸¿éª`,PH008,201403201325,472.00,566.00
IAMP,20040215,99999999,¥i¥Î,Ampolin inj 0.5gm,Ampolin inj 0.5gm,Ampicillin,IVD,,QANB,AI-01-01,°w¾¯,VAL,,«D²Õ®M,,,¤@¯ë¥i¥Î,¬O,¥i¥ÎÃÄ¥]¾÷,,¤@¯ë,¦¸­p¶q¶i¦ì,¾AÀ³¯g:²Óµß©Ê·P¬V,,Indications:Bacterial infection.,,¥~ Æ[:³z©ú¬Á¼þ¤p²~(Vial)¡A¥Õ¦â©³¥~¶K¯È¡AÂÅ¦â®Ø¡Aºñ¦â¥~®Ø,Appearance: 0.5g powder / vial,»´·L¸¡Âm¡A ÀYµh,Diarrhea (mild)¡A hedache.,¤@¯ëÃþ§Ü¥Í¯À,¬Ò¥i¥Î,¦w³ÕÅð¯Àª`®g¾¯,Ampolin inj 0.5gm,,,§_,¬O,,­Yµo¥ÍÄY­«¹L±Ó©Îµo¯lµ¥¤£¾A¯gª¬¡A À³§Y°±ÃÄ¨Ã½Ð±ÐÂå®v,,Report to doctor¡A if any severe hypersensitivity or skin rash occur.,,,,,¤@¯ë,ª`®g,Äµ »y: ­Yµo¥ÍÄY­«¹L±Ó©Îµo¯lµ¥¤£¾A¯gª¬¡AÀ³§Y°±ÃÄ¨Ã½Ð±ÐÂå®v,,,,,¬O,1.0,,§_,¬O,§_,³æ¤è,§_,°±¥Î,°±¥Î,¤£¥i¿i,¬O,,1.00,1.00,6.00,6.00,7,7,1,1,24.00,24.00,1.60,0.40,,¦³¹Ï¤ù,D/W,500.00,mg,0,25-60 mg/Kg/day,J01CA01,,,,,0.50,g,2.00,g,VAL,,°·«Oµ¹¥I,°·«Oµ¹¥I,AMPICILLIN,J01CA01,AC01853277,§_,Liquid,IVSOL,,,500.00,mg,,,¥²¶·µ}ÄÀ,³æ¦¸¿éª`,PH047,202402140207,25.00,33.00
IAMP5,19960101,99999999,°±¥Î,Ampicillin inj 0.5gm,Ampicillin inj 0.5gm,Ampicillin,IM,,QANB,AI-01-01,°w¾¯,VAL,Ampicillin,«D²Õ®M,°±¥Î,IAMP,¤@¯ë¥i¥Î,¬O,¥i¥ÎÃÄ¥]¾÷,,¤@¯ë,¦¸­p¶q¶i¦ì,¾AÀ³¯g:²Óµß©Ê·P¬V,,Indications:Bacterial infection.,,¥~ Æ[:³z©ú¬Á¼þ¤p²~(Vial)¡A¥Õ¦â©³¥~¶K¯È¡AÂÅ¦â¦r¡A¶À»\¤l¡C,,,,¤@¯ëÃþ§Ü¥Í¯À,¬Ò¥i¥Î,"¥x¸Î" ¦w¤ñ¦èªLª`®g¾¯,Ampicillin inj 0.5gm,,,§_,¬O,,,,,,,,,¤@¯ë,ª`®g,Äµ »y: ­Yµo¥ÍÄY­«¹L±Ó©Îµo¯lµ¥¤£¾A¯gª¬¡AÀ³§Y°±ÃÄ¨Ã½Ð±ÐÂå®v,,,,,¬O,1.0,,§_,§_,§_,³æ¤è,§_,°±¥Î,¥i¥Î,¤£¥i¿i,¬O,,1.00,1.00,6.00,6.00,7,7,1,1,0,0,0,0,,µL¹Ï¤ù,D/W,500.00,mg,0,25-60 mg/Kg/day,J01CA01,,,,,0.50,g,2.00,g,VAL,§_,°·«Oµ¹¥I,°·«Oµ¹¥I,AMPICILLIN,J01CA01,A013581277,§_,Liquid,SOL,,,,,,,¬Ò¥i,³æ¦¸¿éª`,PH009,201707171611,6.30,13.00
IANE,19960101,99999999,¥i¥Î,Anexate inj 0.5mg/5mL,Anexate inj 0.5mg/5mL,Flumazenil,IVPUSH,,ZADT,AD-02-00,°w¾¯,AMP,Anexate,«D²Õ®M,,,¤@¯ë¥i¥Î,¬O,¥i¥ÎÃÄ¥]¾÷,,¤@¯ë,¦¸­p¶q¶i¦ì,¾AÀ³¯g:¬°Benzodiazepine«ú§Ü¾¯,,Indications:Benzodiazepine antagonist.,,¥~ Æ[:³z©ú¬Á¼þ¦wÞÀ(amp)¡A¥Õ¦â©³¥~¶K¯È¡Aºñ¦â¤è¶ô,Appearance: 5mL Ampoule,µJ¼{¡A ¤ß±ª¡A ®£Äß,Anxiety¡A palpitation¡A fear,,¥u¥Î©óªù¶E¤Î¦í°|STAT,¦w©ö¿ôª`®g²G,Anexate inj 0.5mg/5mL,,,§_,¬O,,À³µø¨ä¦~ÄÖ¡A Åé­«¤Î¯gªp¤©¥H¾A·í¤§¾¯¶q¡A ¨Ã¯d·NÆ[¹î,,Should consider age¡A weight and disease state to modify dosage.,,®e¾¹¤Î¿é²G®M»Ý¿ï¾Ünon-PVC§÷½è,Prepare in non-PVC containers. Use non-PVC administration sets,,¤@¯ë,ª`®g,Äµ »y:À³µø¨ä¦~ÄÖ¡BÅé­«¤Î¯gªp¤©¥H¾A·í¤§¾¯¶q¡A¨Ã¯d·NÆ[¹î,,,,,¬O,1.0,,§_,¬O,§_,³æ¤è,§_,°±¥Î,°±¥Î,¤£¥i¿i,¬O,,1.00,1.00,10.00,10.00,1,1,1,1,10.00,10.00,0.48,0.10,,¦³¹Ï¤ù,,0,,0,,V03AB25,,,,,,,,,AMP,§_,°·«Oµ¹¥I,°·«Oµ¹¥I,FLUMAZENIL,V03AB25,BC17124221,§_,Liquid,IVSOL,,,0.50,mg,5.00,mL,¥²¶·µ}ÄÀ,³æ¦¸¿éª`,PH034,202012021522,910.00,1092.00
IANEG,19960101,99999999,°±¥Î,Anegyn inj 500mg/100mL,Anegyn inj 500mg/100mL,Metronidazole,IVD,,QANB,AI-01-13,°w¾¯,BAG,Flagyl,«D²Õ®M,°±¥Î,IMETR,¤@¯ë¥i¥Î,¬O,¥i¥ÎÃÄ¥]¾÷,,¤@¯ë,¦¸­p¶q¶i¦ì,¾AÀ³¯g:¹½®ñ©Êµß¤Þ°_¤§·P¬V¯g,,Indication:Treatment of infections in anaerobic bacteria,,¥~ Æ[:100mL¶ì½¦³n³U,Appearance:VIAFLEX mini-bags,¸z­G¾÷¯à»ÙÃª¡A ëC³Â¯l¡A ¯«¸g©Ê¤ô¸~,GI disturbances; urticaria¡A angioedema.,¤@¯ëÃþ§Ü¥Í¯À,¬Ò¥i¥Î,"¬I¤ñ¹Å"·R¦¼²Mª`®g²G,Anegyn inj 500mg/100mL,,,§_,¬O,,¥»«~»Ý¸m©óÁ×¥ú³±²D°®Àê³B,,Store at room temperature¡A away from heat¡A moisture¡A and direct light.,,,,2013¦~²Ä¤T¦¸ÃÄ©e·|¨MÄ³§R°£,¤@¯ë,ª`®g,Äµ »y:¥»«~»Ý¸m©óÁ×¥ú³±²D°®Àê³B,,,,,¬O,1.0,,§_,§_,§_,³æ¤è,§_,¥i¥Î,¥i¥Î,¤£¥i¿i,¬O,,1.00,1.00,3.00,3.00,7,7,1,7,6.00,6.00,0,0,,¦³¹Ï¤ù,,500.00,mg,0,7.5-30 mg/Kg/day,J01XD01,,,,,0.50,g,1.50,g,BOT,§_,°·«Oµ¹¥I,°·«Oµ¹¥I,METRONIDAZOLE,J01XD01,B014287255,§_,Liquid,IVSOL,,,,,,,¬Ò¥i,³æ¦¸¿éª`,PH009,201707171611,95.00,119.00
IANG,20051012,99999999,¥i¥Î,Angidil inj 0.1% 10mL,Angidil inj 0.1% 10mL,Isosorbide Dinitrate,IVD,,CAVS,CV-02-00,°w¾¯,AMP,,«D²Õ®M,,,¤@¯ë¥i¥Î,¬O,¥i¥ÎÃÄ¥]¾÷,,¤@¯ë,¦¸­p¶q¶i¦ì,¾AÀ³¯g:¤ß¦Ù±ð¶ë¡A ¤ß°IºÜµ¥,,Indications:Treatment of angina.,,¥~ Æ[:10 mL ¦wÞÀ¸Ë,,ÀYµh¡A äú¤ß,Headache¡A nausea.,,¬Ò¥i¥Î,©É¤ß³qª`®g²G,Angidil inj 0.1% 10mL,,,§_,¬O,,¿éª`®É»Ý¨Ï¥Î«DPVC§÷½èªºÂIºw¿é²G®M»P®e¾¹,¥i¯à¦³®É·|Ä±±oÀY·w¡A ©ü¯t¡A ½ÐÁ×§K§Ö³tªº°Ê§@©Î«º¶ÕÅÜ¤Æ,May cause dizziness or drowsiness. Take care to avoid sudden movement.,dilute in non-PVC bottles,,,,¤@¯ë,ª`®g,Äµ»y:µ}ÄÀ²GÀ³¨Ï¥Î«DPVC§÷½è®e¾¹,,,,,¬O,1.0,,§_,¬O,§_,³æ¤è,§_,°±¥Î,°±¥Î,¤£¥i¿i,¬O,,1.00,1.00,10.00,10.00,99,99,1,1,25.00,25.00,0,0,,¦³¹Ï¤ù,,0,,0,,C01DA08,,,,,,,,,AMP,,°·«Oµ¹¥I,°·«Oµ¹¥I,ISOSORBIDE DINITRATE,C01DA08,AC44974229,§_,Liquid,IVSOL,,,10.00,mg,10.00,mL,¥²¶·µ}ÄÀ,³æ¦¸\«ùÄò¿éª`,PH008,202012290859,141.00,169.00
IANO,20190620,99999999,¥i¥Î,Anol inj 200mg/mL¡A100mL/bag,Anol inj 200mg/mL¡A100mL/bag,D-Mannitol,IVD,,CAVS,CV-03-04,°w¾¯,BAG,Maniton,«D²Õ®M,,,¤@¯ë¥i¥Î,¬O,¥i¥ÎÃÄ¥]¾÷,,¤@¯ë,¦¸­p¶q¶i¦ì,¾AÀ³¯g:§Q§¿¡A ­°¸£À£¡A µÇ¤p²y¹LÂo³t²v¤§´ú©wµ¥,,Indication:Management of high eye¡A cerebral pressure.,,¥~ Æ[:100mL³n³U,Appearance: 100mL Bag,Åé²G¹q¸Ñ½è¥¢¿Å¡A äú¤ß¡A ¹Ã¦R¡A ¤f´÷,Fluid & electrolyte imbalance¡A nausea & vomiting¡A thirst,,¬Ò¥i¥Î,¦wÅSª`®g²G,Anol Inj. 200mg/mL¡A100mL/bag,,,,¬O,,½Ð¿í·ÓÂå®v«ü¥Ü¨Ï¥Î¡A ­Yµo¥ÍºÃ¦üÃÄª«¤£¨}¤ÏÀ³½Ð§iª¾Âå¥Í,,Follow doctor's advice. Check with doctor if you notice any side effects.,,,,2019.06ÃÄ©e·s¶i,¤@¯ë,ª`®g,Äµ »y:½Ð¿í·ÓÂå®v«ü¥Ü¨Ï¥Î¡A­Yµo¥ÍºÃ¦üÃÄª«¤£¨}¤ÏÀ³½Ð§iª¾Âå¥Í¡C,,,0,0,§_,1.0,,§_,¬O,§_,³æ¤è,§_,°±¥Î,°±¥Î,¤£¥i¿i,¬O,,1.00,1.00,5.00,5.00,999,999,1,1,5.00,5.00,0.75,0.05,,¦³¹Ï¤ù,,100.00,ML,0,,B05BC01,,,,,0,,0,,BAG,,°·«Oµ¹¥I,°·«Oµ¹¥I,MANNITOL,B05BC01,AC42601255,§_,Liquid,IVSOL,,,20.00,GM,100.00,mL,¬Ò¥i,³æ¦¸¿éª`,PH010,202101281943,39.40,51.00
IANP,19960101,99999999,¥i¥Î,Anpo °w¾¯ 50mg/5mL,Anpo inj 50mg/5mL,Ritodrine,IVD,QD,SGU,UR-02-00,°w¾¯,AMP,Yutopar,«D²Õ®M,,,¤@¯ë¥i¥Î,¬O,¥i¥ÎÃÄ¥]¾÷,,¤@¯ë,¦¸­p¶q¶i¦ì,¾AÀ³¯g:¹w¨¾¦­²£¡A ¬y²£¤§¥Î,,Indication:Prevention of preterm labour.,,¥~ Æ[:5²@¤É³z©ú¦wÞÀ(amp)¡A ¥Õ¦â¥~¶K¯È,Appearance: 5mL ampoule,¾_Å¸¡A äú¤ß¡A ¹Ã¦R¡A ÀYµh¡A ¬õ´³,Tremor¡A nausea¡A vomiting¡A headache or erythema.,,,¦wÄ_ª`®g²G,Anpo inj 50mg/5mL,,,§_,¬O,,­Y¦³®cÁY©Î¯}¤ô¡A ½Ð¥ß§Y§iª¾Âå®v,,Inform doctor immediately if contractions begin again or ruptured membranes,occur.,¿éª`²G«ØÄ³¨Ï¥ÎD5W¡C­Y¨Ï¥ÎN/Sµ}ÄÀ¡A±N¼W¥[µo¥ÍªÍ¤ô¸~¤§¥i¯à©Ê¡C,Use Dextrose 5% as diluent to avoid pulmonary edema,,¤@¯ë,ª`®g,Äµ »y:­Y¦³®cÁY©Î¯}¤ô¡A½Ð¥ß§Y§iª¾Âå®v¡C,,,,,¬O,1.0,,§_,¬O,¬O,³æ¤è,§_,°±¥Î,°±¥Î,¤£¥i¿i,¬O,,1.00,1.00,10.00,10.00,999,999,1,1,10.00,10.00,0,0,,¦³¹Ï¤ù,,0,,0,,G02CA01,,,,,,,,,AMP,§_,°·«Oµ¹¥I,°·«Oµ¹¥I,RITODRINE,G02CA01,AB37126221,§_,Liquid,IVSOL,,,50.00,mg,5.00,mL,¥²¶·µ}ÄÀ,¬Ò¥i,PH007,202005210734,41.80,54.00
IANT,20061208,99999999,°±¥Î,Antrex inj 30mg/10mL,Antrex inj 30mg/10mL,Folinic Acid,IV,,ZADT,AD-02-00,°w¾¯,mg,Antrex,«D²Õ®M,°±¥Î,ILEUV,¤@¯ë¥i¥Î,¬O,¤£¥i¥ÎÃÄ¥]¾÷,¥i¥Î,¤@¯ë,¦¸­p¶q¶i¦ì,¾AÀ³¯g:¸­»Ä«ú§Ü¾¯¤§¸Ñ¬r¾¯,,Indications:Intoxication of folic acid antagonist.,,¥~ Æ[:³z©ú¬Á¼þ¦wÞÀ(amp)¡A¥Õ¦â¥~¶K¯È,Appearance: 10 mL Ampoule,¹L±Ó¤ÏÀ³,Allergic reactions.,,¥u¥Î©óªù¶E¤Î¦í°|STAT,¦w¯SÂà,Antrex,,,§_,¬O,,¶J©ñ®É»Ý¸m©ó¦B½c§NÂÃ(Äá¤ó 2-8 «×),,Store in a refrigerator (2-8¢XC).,,,,,¤ÆÀø,¤ÆÀø,Äµ »y:½Ð¸m©óÄá¤ó 2-8 «×¦B½cÁ×¥ú§NÂÃ«O¦s¡C,,,,,¬O,30.0,,§_,§_,§_,³æ¤è,§_,¥i¥Î,¥i¥Î,¤£¥i¿i,¬O,,1.00,1.00,2000.00,2000.00,7,7,1,1,2000.00,2000.00,0,0,,¦³¹Ï¤ù,,0,,0,,V03AF03,,,,,,,,,AMP,,°·«Oµ¹¥I,°·«Oµ¹¥I,LEUCOVORIN,V03AF03,B015906229,§_,Liquid,IVSOL,,,30.00,mg,10.00,mL,¥²¶·µ}ÄÀ,³æ¦¸¿éª`,PH006,201903220802,109.00,131.00
IANX,20041216,99999999,¥i¥Î,Anxicam inj 2mg/1mL,Anxicam inj 2mg/1mL,Lorazepam,IM,,CNEU,CN-02-02,°w¾¯,AMP,Ativan,«D²Õ®M,,,¤@¯ë¥i¥Î,¬O,¥i¥ÎÃÄ¥]¾÷,,¤@¯ë,¦¸­p¶q¶i¦ì,¾AÀ³¯g:µJ¼{ª¬ºA,,Indications:Treat insomnia¡A anxiety & tension.,,¥~ Æ[:²`½Å¦â1mL¦wÞÀ (amp),Appearance: 1mL Ampoule,¸}¨B²Â©å©Î¤£Ã­¡A ÀY·w¡A ©ü©ü±ýºÎ¡A ¤f¾¦¤£²M¡A ­¹¼¤§ïÅÜ,Clumsiness or unsteadiness; dizzy; sleepy; unclear speaking; appetite changes,,¬Ò¥i¥Î,¦w¤ß¥­ª`®g²G,Anxicam 2mg,,,¬O,¬O,,¶J©ñ®É»Ý¸m©ó¦B½c§NÂÃ(Äá¤ó 2-8 «×),,Store in a refrigerator (2-8¢XC).,,,,,¤@¯ë,¥|¯ÅºÞ¨î,Äµ »y:½Ð¸m©óÄá¤ó 2-8 «×¦B½cÁ×¥ú§NÂÃ«O¦s¡C,,,,,,1.0,,§_,¬O,§_,³æ¤è,§_,°±¥Î,°±¥Î,¤£¥i¿i,¬O,,1.00,1.00,2.00,3.00,1,30,1,1,12.00,12.00,0.12,0.05,,¦³¹Ï¤ù,,0,,0,,N05BA06,,,,,,,,,AMP,,°·«Oµ¹¥I,°·«Oµ¹¥I,LORAZEPAM,N05BA06,AC39626209,§_,Liquid,IVSOL,,,2.00,mg,1.00,mL,¬Ò¥i,³æ¦¸¿éª`,PH034,202110260932,15.00,20.00
IAPCN,20170331,99999999,°±¥Î,Penicilina Atral inj 1 MIU/vial,Penicilina Atral inj 1 MIU/vial,Penicillin G,IVD,,QANB,AI-01-01,°w¾¯,VAL,Penicillin G,«D²Õ®M,°±¥Î,,±M®×¶i¤fÃÄ«~,¬O,¥i¥ÎÃÄ¥]¾÷,°·«O¤£µ¹¥I,¤@¯ë,Á`¶q¶i¦ì,¾AÀ³¯g:²Óµß©Ê·P¬V,,Indication:Antibiotic for infection.,,¥~ Æ[:³z©ú¤p²~(Vial)¡A ¥Õ¦â¤W»\,Appearance: Vial with white cap,¹L±Ó¤ÏÀ³,Hypersensitivity reactions.,¤@¯ëÃþ§Ü¥Í¯À,¥u¥Î©óªù¶E¤Î¦í°|STAT,Penicilina Atral (±M®×¶i¤f¥ÎÃÄ),Penicilina Atral inj 1MIU,,,§_,¬O,,­Yµo¥ÍÄY­«¹L±Ó©Îµo¯lµ¥¤£¾A¯gª¬¡A À³§Y°±ÃÄ¨Ã½Ð±ÐÂå®v,,Report to doctor¡A if any severe hypersensitivity or skin rash occur.,,,,±M®×ÃÄ«~¡A¶È­­¥Î©ópenicillin test½Õ¾¯,¤@¯ë,ª`®g,Äµ »y: ­Yµo¥ÍÄY­«¹L±Ó©Îµo¯lµ¥¤£¾A¯gª¬¡AÀ³§Y°±ÃÄ¨Ã½Ð±ÐÂå®v,,,0,0,§_,1.0,,¬O,¬O,§_,³æ¤è,§_,°±¥Î,¥i¥Î,¤£¥i¿i,¬O,,1.00,1.00,6.00,6.00,7,7,1,1,144.00,144.00,1.20,0.24,,¦³¹Ï¤ù,D/W,0,,0,,J01CE01,,,,,0.60,g,3.60,g,VIAL,§_,¤£µ¹¥I¶·¦Û¥I,¤£µ¹¥I¶·¦Û¥I,,,,,Liquid,IVSOL,,,1.00,MIU,,,¬Ò¥i,³æ¦¸¿éª`,PH047,202401261314,0,252.00
IAPR,20040501,99999999,°±¥Î,Aprelazine inj 20mg/1mL,Aprelazine inj 20mg/1mL,Hydralazine,IV,,CAVS,CV-06-00,°w¾¯,AMP,Apresoline,«D²Õ®M,°±¥Î,,¤@¯ë¥i¥Î,¬O,¥i¥ÎÃÄ¥]¾÷,,¤@¯ë,¦¸­p¶q¶i¦ì,¾AÀ³¯g:°ª¦åÀ£,,Indications:Treatment of hypertensive emergencies.,,¥~ Æ[:³z©ú¬Á¼þ¦wÞÀ(amp)¡Aºñ¦â¦r«¬,Apperance: 1mL ampoule,¥Ö½§Äo¡A Ãö¸`µh¡A ¦Ù¦×µh¡A ³ïÄVµh¡A µo¿N¡A ¤ô¸~,Skin rash or itching¡A joint pain¡A muscle pain¡A sore throat and fever¡A swelling.,,,¦w¦å¥­ª`®g²G,Aprelazine inj 20mg/1mL,,,§_,¬O,,¥i¯à¦³®É·|Ä±±oÀY·w¡A ©ü¯t¡A ½ÐÁ×§K§Ö³tªº°Ê§@©Î«º¶ÕÅÜ¤Æ,,May cause dizziness or drowsiness. Take care to avoid sudden movement.,,,,,¤@¯ë,ª`®g,Äµ »y:¥i¯à¦³®É·|Ä±±oÀY·w¡B©ü¯t¡A½ÐÁ×§K§Ö³tªº°Ê§@©Î«º¶ÕÅÜ¤Æ,,,,,¬O,1.0,,§_,§_,§_,³æ¤è,§_,¥i¥Î,¥i¥Î,¤£¥i¿i,¬O,,1.00,1.00,2.00,2.00,999,999,1,1,3.00,3.00,0,0,,¦³¹Ï¤ù,,0,,0,,C02DB02,,,,,,,,,AMP,§_,°·«Oµ¹¥I,°·«Oµ¹¥I,HYDRALAZINE,C02DB02,A025245209,§_,Liquid,IVSOL,,,,,,,¬Ò¥i,³æ¦¸¿éª`,PH006,201612231405,26.40,34.00
IARA,20050920,99999999,°±¥Î,Aranesp 25mcg/mL (­­¦Û¶O-¬~µÇ«Ç¥Î),Aranesp 25mcg/mL (Private-Hemodialysis),Darbepoetin alfa,SC,,HEMT,HE-01-00,°w¾¯,VAL,Aranesp,«D²Õ®M,°±¥Î,,¤w°±¥Î,¬O,¤£¥i¥ÎÃÄ¥]¾÷,¥i¥Î,¤£¦LÃÄÅÒ,,¾AÀ³¯g:ºC©ÊµÇ¥\¯à¥¢½Õ¤§³h¦å¯gª¬,,,,,,,,,¬Ò¥i¥Î,¨Ï¬õ¦å²yª@ª`®g¾¯,Aranesp 25mcg/mL (¦Û¶O-¬~µÇ«Ç),,,§_,¬O,,,,,,,,,¤@¯ë,ª`®g,Äµ »y:½Ð¸m©óÄá¤ó 2-8 «×¦B½cÁ×¥ú§NÂÃ«O¦s¡C,,,,,§_,1.0,,¬O,§_,§_,³æ¤è,§_,¥i¥Î,¥i¥Î,¤£¥i¿i,¬O,,1.00,1.00,999.00,999.00,999,999,1,0,0,0,0,0,,µL¹Ï¤ù,,0,,0,,B03XA02,,,,,,,,,VAL,,¤£µ¹¥I¶·¦Û¥I,¤£µ¹¥I¶·¦Û¥I,,,,§_,Liquid,SOL,,,,,,,¬Ò¥i,³æ¦¸¿éª`,PH008,202010131650,0,900.00
IARE,20031001,99999999,°±¥Î,Aredia inj 15mg/5mL,Aredia inj 15mg/5mL,Pamidronate,IVD,,META,ME-06-00,°w¾¯,VAL,Aredia,«D²Õ®M,°±¥Î¡A¥i¬dÃþ¦üÃÄ,,¤w°±¥Î,¬O,¤£¥i¥ÎÃÄ¥]¾÷,±ø¥ó¤Uµ¹¥I,¤@¯ë,Á`¶q¶i¦ì,¾AÀ³¯g: °©½è²¨ÃP¯g,,,,,,,,,¬Ò¥i¥Î,¹p¨f¨Èª`®g¾¯,Aredia inj 15mg/5mL,,,§_,¬O,,,,,,,,,¤@¯ë,¤@¯ë,Äµ »y:¥»«~À³©ó"¤£§t¶t"¤§ÀR¯ß¿éª`²G¤¤µ}ÄÀ¡A ¨Ã½wºCºwª`,,,,,¬O,1.0,,§_,§_,§_,³æ¤è,§_,¥i¥Î,¥i¥Î,¤£¥i¿i,¬O,,1.00,1.00,6.00,6.00,1,1,1,1,6.00,6.00,0,0,,µL¹Ï¤ù,,0,,0,,M05BA03,,,,,,,,,VAL,§_,°·«Oµ¹¥I,°·«Oµ¹¥I,PAMIDRONATE DISODIUM,M05BA03,B020666221,§_,Liquid,IVSOL,,,,,,,¬Ò¥i,³æ¦¸¿éª`,PH036,201503261656,1517.00,1820.00
IARI,20161228,99999999,¥i¥Î,Arixtra 2.5mg/0.5mL pre-filled syringe,Arixtra 2.5mg/0.5mL pre-filled syringe,Fondaparinux,SC,QD,HEMT,HE-02-00,°w¾¯,¤ä,Arixtra,«D²Õ®M,,,¤@¯ë¥i¥Î,¬O,¥i¥ÎÃÄ¥]¾÷,±ø¥ó¤Uµ¹¥I,¤@¯ë,Á`¶q¶i¦ì,¾AÀ³¯g:¹w¨¾¦å®ê®ê¶ë¨Æ¥ó¡A«æ©Ê¤ß¦Ù±ð¶ë¤§ªvÀø,,Indication:Prophylaxis of deep vein thrombosis.,Treatment of acute myocardial infarction,¥~ Æ[: 0.5mL ¹w¶ñ¥R°wµ©,Appearance: 0.5mL single dose prefilled syringe,ª`®g³¡¦ì¯kµh¡A¥Ö¯l¡Aµo¼ö¡A³h¦å¡A¥X¦å,Injection site reaction¡A rash¡A fever¡A anemia¡A hemorrhag,,¬Ò¥i¥Î,·R®ê³qª`®g¾¯2.5²@§J/0.5²@¤É,Arixtra 2.5mg/0.5mL,,,,¬O,,¥X²{¥ô¦ó²§±`·ï«C©Î¥X¦å¡A¶Ë¤f¤£©ö¤î¦å¡A½Ð¾¨³t»PÂå®vÁpµ¸,¤£¥i§N­á.ª`®g«e¤£»Ý¥ý±Æ°£ª`®g¾¹¤ºªºªÅ®ð,Report any signs of unusual bruising or bleeding to doctor immediately.,Don't freeze.It is no necessary to exclude air from the syringe before injection,¤£¥i¦Ù¦×ª`®g,Not for IM use,,¤@¯ë,ª`®g,Äµ »y: ¥X²{¥ô¦ó²§±`·ï«C©Î¥X¦å¡A¶Ë¤f¤£©ö¤î¦å¡A½Ð¾¨³t»PÂå®vÁpµ¸,Äµ °ªÄµ°T,,0,0,§_,1.0,,§_,¬O,§_,³æ¤è,§_,°±¥Î,°±¥Î,¤£¥i¿i,¬O,,1.00,1.00,4.00,4.00,999,999,1,1,4.00,4.00,0,0,,¦³¹Ï¤ù,,0,,0,,B01AX05,,,,,0,,0,,¤ä,,°·«Oµ¹¥I,°·«Oµ¹¥I,FONDAPARINUX SODIUM,B01AX05,BC25126206,§_,Liquid,SOL,,,2.50,mg,0.50,mL,¬Ò¥i,³æ¦¸¿éª`,PH047,202303090944,270.00,324.00
IART,19960101,99999999,°±¥Î,ARTZDispo 2.5mL,ARTZDispo 2.5mL,Sodium Hyaluronate,IS,,CNEU,CN-05-00,½Ã§÷,AMP,Hyaluronate,«D²Õ®M,°±¥Î,IHIK,¤@¯ë¥i¥Î,¬O,¤£¥i¥ÎÃÄ¥]¾÷,,¤@¯ë,¦¸­p¶q¶i¦ì,¾AÀ³¯g:°h¤Æ©Ê½¥Ãö¸`ª¢,,,,,,,,,,,ARTZDispo 2.5mL,,,§_,¬O,,,,,,,,,¤@¯ë,¤@¯ë,,,,,,§_,1.0,,§_,§_,§_,³æ¤è,§_,¥i¥Î,¥i¥Î,¤£¥i¿i,¬O,,1.00,1.00,2.00,2.00,1,1,1,1,0,0,0,0,,µL¹Ï¤ù,,0,,0,,,,,,,,,,,AMP,§_,°·«Oµ¹¥I,°·«Oµ¹¥I,,,FBT01025MLR7,§_,Liquid,SOL,,,,,,,¬Ò¥i,³æ¦¸¿éª`,PH008,201403201325,744.45,1154.00
IART3,20100322,99999999,°±¥Î,Arti Aid I-A inj 3mL,Arti Aid I-A inj 3mL,Sodium Hyaluronate,IS,,CNEU,CN-05-00,½Ã§÷,AMP,Hyaluronate,«D²Õ®M,°±¥Î,,¤@¯ë¥i¥Î,¬O,¤£¥i¥ÎÃÄ¥]¾÷,°·«O¤£µ¹¥I,¤@¯ë,¦¸­p¶q¶i¦ì,¾AÀ³¯g:°h¤Æ©Ê½¥Ãö¸`ª¢,,Indication:Relieve knee pain due to osteoarthritis.,,¥~ Æ[: ¨C²°¤º¸Ë¤@­Ó¹w¶ñ¥Rª`®g°wµ©,Appearance: each box contains a prefilled syringe,ª`®g³¡¦ì·|¦³µu¼Èªº¸~¡A µh¡A ¼ö,Transient swelling¡A pain¡A heat & redness may occur sporadically at the injection,,¥u¥Î©óªù¶E¤Î¦í°|STAT,©M±d ¦w¸`¯q,Arti Aid I-A inj 3mL,,,§_,¬O,,Ãö¸`¤ºª`®g,,Intra-articular injection.,,,,,¤@¯ë,¤@¯ë,Äµ »y:Ãö¸`¤ºª`®g,,,,,§_,1.0,,§_,§_,§_,³æ¤è,§_,°±¥Î,¥i¥Î,¤£¥i¿i,¬O,,1.00,1.00,2.00,2.00,1,1,1,1,2.00,2.00,0,0,,¦³¹Ï¤ù,,0,,0,,,,,,,,,,,AMP,,¤£µ¹¥I¶·¦Û¥I,¤£µ¹¥I¶·¦Û¥I,,,,§_,Liquid,SOL,,,,,,,¬Ò¥i,³æ¦¸¿éª`,PH036,201406030950,0,2280.00
IASI,20111225,99999999,¥i¥Î,Asiphylline inj 250mg/10mL,Asiphylline inj 250mg/10mL,Aminophylline,IVD,,ERSP,RE-01-00,°w¾¯,AMP,Aminophylline,«D²Õ®M,,,¤@¯ë¥i¥Î,¬O,¥i¥ÎÃÄ¥]¾÷,¥i¥Î,¤@¯ë,¦¸­p¶q¶i¦ì,¾AÀ³¯g:¤ä®ðºÞ®ð³Ý¤Î¤ä®ðºÞµjÅË,,Indication:Relaxation of bronchial smooth muscle,,¥~ Æ[: ³z©ú¬Á¼þ¦wÞÀ§tµL¦â·»²G¡C,Appearance: Clear solution in glass ampoule.,¤ß¨`¼ö¡A ¤ß¸õ¹L§Ö¡A ÀYµh¡A ±Æ§¿¼W¥[,Heartburn¡A fast heartbeat¡A headache¡A increased urination,,¬Ò¥i¥Î,¤ß¦w¹çª`®g²G,Asiphylline inj 250mg/10mL,,,§_,¬O,½Ã±Ð³æ¤­,À³µø¨ä¦~ÄÖ¡A Åé­«¤Î¯gªp¤©¥H¾A·í¤§¾¯¶q¡A ¨Ã¯d·NÆ[¹î,,Should consider age¡A weight and disease state to modify dosage.,,,,,¤@¯ë,ª`®g,Äµ »y:À³µø¨ä¦~ÄÖ¡BÅé­«¤Î¯gªp¤©¥H¾A·í¤§¾¯¶q¡A¨Ã¯d·NÆ[¹î,,,0,0,¬O,1.0,,§_,¬O,§_,³æ¤è,§_,°±¥Î,°±¥Î,¤£¥i¿i,¬O,,1.00,1.00,4.00,4.00,99,99,1,1,4.00,4.00,0.10,0.03,,¦³¹Ï¤ù,,250.00,mg,0,Initial: 2-4mg/kg/day,R03DA05,,,,,,,,,AMP,§_,°·«Oµ¹¥I,°·«Oµ¹¥I,AMINOPHYLLINE,R03DA05,NC09994229,§_,Liquid,IVSOL,,,250.00,mg,10.00,mL,¥²¶·µ}ÄÀ,³æ¦¸\«ùÄò¿éª`,PH047,202402121422,15.00,20.00
IASP,19960101,99999999,°±¥Î,Aspegic inj 0.5gm,Aspegic inj 0.5gm,Lysine Acetylsalicylate,IV,,CNEU,CN-01-02,°w¾¯,VAL,Aspegic,«D²Õ®M,°±¥Î¡A¥i¬dÃþ¦üÃÄ,,¤@¯ë¥i¥Î,¬O,¤£¥i¥ÎÃÄ¥]¾÷,,¤@¯ë,Á`¶q¶i¦ì,¾AÀ³¯g:¸Ñ¼ö£¿Âíµh£¿­·Àã©Ê¯kµh,,,,,,,,,¥u¥Î©óªù¶E¤Î¦í°|STAT,ªü´µ¦Ê¦Nª`®g¾¯,Aspegic inj 0.5gm,,,§_,¬O,,,,,,,,,¤@¯ë,ª`®g,Äµ »y:­Y¦³®ð³Ý©ÎµjÅË©Ê®ðºÞª¢®É¡AÀ³¤p¤ß¨Ï¥Î¥»ÃÄ,,,,,¬O,1.0,,§_,§_,§_,³æ¤è,§_,¥i¥Î,¥i¥Î,¤£¥i¿i,¬O,,1.00,1.00,2.00,2.00,999,999,1,1,0,0,0,0,,µL¹Ï¤ù,,0,,0,,,,,,,,,,,VAL,§_,°·«Oµ¹¥I,°·«Oµ¹¥I,ACETYLSALICYLIC ACID,N02BA01,B0215282B9,§_,Liquid,IVSOL,,,,,,,¬Ò¥i,³æ¦¸¿éª`,PH008,201403201325,10.00,13.00
IATI,19960101,99999999,°±¥Î,Ativan inj 2mg/mL,Ativan inj 2mg/mL,Lorazepam,IV,,CNEU,CN-02-02,°w¾¯,VAL,Ativan,«D²Õ®M,°±¥Î¡A¥i¬dÃþ¦üÃÄ,,¤w°±¥Î,¬O,¤£¥i¥ÎÃÄ¥]¾÷,,¤@¯ë,Á`¶q¶i¦ì,¾AÀ³¯g:µJ¼{ª¬ºA,,,,,,,,,,,Ativan inj 2mg/mL,,,§_,¬O,,,,,,,,,¤@¯ë,¥|¯ÅºÞ¨î,Äµ »y:­Y¦³®ð³Ý©ÎµjÅË©Ê®ðºÞª¢®É¡AÀ³¤p¤ß¨Ï¥Î¥»ÃÄ,,,,,¬O,1.0,,§_,§_,§_,³æ¤è,§_,¥i¥Î,¥i¥Î,¤£¥i¿i,¬O,,1.00,1.00,4.00,2.00,999,999,1,1,0,0,0,0,,µL¹Ï¤ù,,0,,0,,,,,,,,,,,VAL,§_,°·«Oµ¹¥I,°·«Oµ¹¥I,LORAZEPAM,N05BA06,B022957209,§_,Liquid,IVSOL,,,,,,,¬Ò¥i,³æ¦¸¿éª`,PH008,201505131626,36.50,46.00
IATM,19960101,99999999,°±¥Î,§ÜÀt´ßªá¤Î¨ª§Àì|³D¬r¦å²M,Antivenin of Tr. mucrosquamatus and Tr. gramineus,Tr.mucrosquamatus antivenin+Tr.gramineus antivenin,IM,,HIMM,IM-03-00,°w¾¯,EA,,«D²Õ®M,°±¥Î,,¤@¯ë¥i¥Î,¬O,¤£¥i¥ÎÃÄ¥]¾÷,,¤@¯ë,Á`¶q¶i¦ì,¾AÀ³¯g:Àt´ßªá¤Î¨ª§Àì|³D¬r¤¤¬r,,Indication:Therapy for the bite of Tr. mucrosquamatus and,Tr. stejneteri snakes.,¥~ Æ[: ­á´¹°®¯»¤p²~ + µ}ÄÀ²G,Appearance: powder in a Vial + diluted solution,¹L±Ó²{¶H¡A¥]¬A¹L±Ó©Ê¥ð§J¡A§C¦åÀ£¡A¦å²M¯f¡C,Allergic phenomena including anaphylaxis¡A hypotension¡A serum sickness.,,,§ÜÀt´ßªá¤Î¨ª§Àì|³D¬r¦å²M­á´¹ª`®g¾¯,Antivenin of Tr. mucrosquama,,,§_,¬O,,½Ð¸m©óÄá¤ó 2-8 «×¦B½c§NÂÃ,,Store in a refrigerator (2-8¢XC).,,¥»«~À³§¹¥þ·»¸Ñ«á©ó2¤p®É¤º¥Î§¹¡C,use the medicine within 2 hours after dilution.,ºò«æ®É¥i¦V¤TÁ`ªQ¤s¤À°|­É½Õ ¹q¸Ü¡G27656673,¤@¯ë,ª`®g,Äµ »y: ­Yµo¥ÍÄY­«¹L±Ó©Îµo¯lµ¥¤£¾A¯gª¬¡AÀ³§Y°±ÃÄ¨Ã½Ð±ÐÂå®v,,,,,¬O,1.0,,§_,§_,§_,½Æ¤è,§_,¥i¥Î,¥i¥Î,¤£¥i¿i,¬O,,1.00,1.00,1.00,1.00,999,999,1,1,2.00,2.00,0,0,,¦³¹Ï¤ù,,0,,0,,J06AA03,,,,,,,,,TAB,§_,°·«Oµ¹¥I,°·«Oµ¹¥I,TR. MUCROSQUAMATUS ANTIVENIN,J06AA03,JC00006212,§_,Liquid,SOL,,,,,,,¬Ò¥i,³æ¦¸¿éª`,PH008,201806121205,17452.00,20942.00
IATO,20020122,99999999,°±¥Î,Atofen inj 40mg/10mL,Atofen inj 40mg/10mL,Ferric Chloride Hexahydrate,IV,,NUTR,NU-01-00,°w¾¯,AMP,,«D²Õ®M,°±¥Î¡A¥i¬dÃþ¦üÃÄ,,¤w°±¥Î,¬O,¤£¥i¥ÎÃÄ¥]¾÷,±ø¥ó¤Uµ¹¥I,¤@¯ë,¦¸­p¶q¶i¦ì,¾AÀ³¯g:ªvÀø¯ÊÅK©Ê³h¦å,,,,,,,,,¬Ò¥i¥Î,,Atofen inj 40mg/10mL,,,§_,¬O,,,,,,,,,¤@¯ë,¤@¯ë,Äµ »y: »Ý¦æ½wºC¤§ÀR¯ßª`®g,,,,,¬O,1.0,,§_,§_,§_,³æ¤è,§_,¥i¥Î,¥i¥Î,¤£¥i¿i,¬O,,1.00,1.00,1.00,1.00,99,99,1,1,0,0,0,0,,µL¹Ï¤ù,,0,,0,,,,,,,,,,,AMP,,°·«Oµ¹¥I,°·«Oµ¹¥I,FERRIC CHLORIDE,B03AC,B022879229,§_,Liquid,IVSOL,,,,,,,¬Ò¥i,³æ¦¸¿éª`,PH008,201403201325,37.50,47.00
IATR,19960101,99999999,¥i¥Î,Atropine sulfate °w¾¯1mg/1mL,Atropine sulfate inj 1mg/1mL,Atropine,IM,,ALIM,GI-05-00,°w¾¯,AMP,Atropine,«D²Õ®M,,,¤@¯ë¥i¥Î,¬O,¥i¥ÎÃÄ¥]¾÷,¥i¥Î,¤@¯ë,¦¸­p¶q¶i¦ì,¾AÀ³¯g:¸z­GµjÅË¡A ®ðºÞµjÅË¡A ¤ßÅ¦¶Ç¾É»ÙÃª,,Indication:GI spasmodic¡A bronchospasm¡AAV conduction disturba,,¥~ Æ[:²`½Å¦â¬Á¼þ¦wÞÀ(amp)¡A¥Õ¦â¥~¶K¯È¡A²HÂÅ¦âÃÄ«~¦r«¬,Apperance:2mL ampoule,¤f°®¡A ®ðºÞ¤Àªcª«´î¤Ö¡A ´²Àû,Dry mouth¡A thirst¡A reduced bronchial secretions¡A mydriasis.,,,²¸»Äªü¦««~ª`®g²G,Atropine 1mg,,,§_,¬O,,¥»ÃÄ¦³®É·|¤Þ°_µø¤O¼Ò½k¡A ¶}¨®©Î¾Þ§@¦MÀI¾÷¾¹½Ð¯d·N,,May cause blurred vision. Use caution in driving or operating machinery.,,,,,¤@¯ë,ª`®g,Äµ »y:¥»ÃÄ¦³®É·|¤Þ°_µø¤O¼Ò½k¡A ¶}¨®©Î¾Þ§@¦MÀI¾÷¾¹½Ð¯d·N,LA ¥~Æ[¬Û¦ü,,,,¬O,1.0,,§_,¬O,§_,³æ¤è,§_,¥i¥Î,°±¥Î,¤£¥i¿i,¬O,,1.00,1.00,4.00,4.00,999,999,1,1,48.00,48.00,0.08,0.08,,¦³¹Ï¤ù,,1.00,mg,0,0.01-0.05 mg/Kg (³æ¦¸),A03BA01,,,,,,,,,AMP,§_,°·«Oµ¹¥I,°·«Oµ¹¥I,ATROPINE,A03BA01,AC04951209,§_,Liquid,SOL,,,1.00,mg,1.00,mL,¬Ò¥i,³æ¦¸¿éª`,PH047,202402140415,15.00,20.00
IATRA,19960101,99999999,°±¥Î,Atracurium inj 25mg,Atracurium inj 25mg,Atracurium Besylate,IV,,CNEU,CN-03-02,°w¾¯,AMP,Tracurium,«D²Õ®M,°±¥Î,ITRA2,¤@¯ë¥i¥Î,¬O,¤£¥i¥ÎÃÄ¥]¾÷,,¤@¯ë,¦¸­p¶q¶i¦ì,¾AÀ³¯g:¤â³N®É¤§°©Àf¦ÙÃP¦¢,,,,,,,,,,,Atracurium inj 25mg,,,§_,¬O,,,,,,,,,¤@¯ë,ª`®g,Äµ »y:½Ð¸m©óÄá¤ó 2-8 «×¦B½cÁ×¥ú§NÂÃ«O¦s¡C,­¹ ­¹ª«¥æ¤¬,,,,¬O,1.0,,§_,§_,§_,³æ¤è,§_,¥i¥Î,¥i¥Î,¤£¥i¿i,¬O,,1.00,1.00,9.00,9.00,999,999,1,1,0,0,0,0,,µL¹Ï¤ù,,0,,0,,,,,,,,,,,AMP,§_,°·«Oµ¹¥I,°·«Oµ¹¥I,CISATRACURIUM 5.00 MG/ATRACURIUM 25.00 MG,M03AC04,B022066214,§_,Liquid,IVSOL,,,,,,,¬Ò¥i,³æ¦¸¿éª`,PH008,201403201326,75.00,90.00
IAUG,19960101,99999999,°±¥Î,Augmentin°w¾¯ 600mg,Augmentin inj 600mg,Amoxicillin + Clavulanic Acid,IVD,,QANB,AI-01-01,°w¾¯,VAL,Augmentin,«D²Õ®M,°±¥Î,ISOO,¤@¯ë¥i¥Î,¬O,¥i¥ÎÃÄ¥]¾÷,­­¥Î,¤@¯ë,¦¸­p¶q¶i¦ì,¾AÀ³¯g:²Óµß©Ê·P¬V,,Indications:Bacterial infection.,,¥~ Æ[:³z©ú¬Á¼þ¤p²~(Vial)¡A¥Õ¦â©³¥~¶K¯È¡Aºñ¦â¤è¶ô,,»´·L¸¡Âm¡A ÀYµh¡A ­Gµh¡A ¸¡µÈ ¡A ´HÅ¸,Diarrhea (mild)¡A hedache¡A stomach pain¡A swelling of abdomen¡A chills.,¤@¯ëÃþ§Ü¥Í¯À,,¦w·ÀµßÀR¯ßª`®g¾¯,Augmentin inj 600mg,,,§_,¬O,,µÇ¥\¯à¤£¨¬ªÌ»Ý½Õ¾ã¾¯¶q,,,,,,,¤@¯ë,ª`®g,Äµ »y:µÇ¥\¯à¤£¨¬ªÌ»Ý½Õ¾ã¾¯¶q,,,,,¬O,1.0,,§_,§_,§_,½Æ¤è,§_,¥i¥Î,¥i¥Î,¤£¥i¿i,¬O,,1.00,1.00,2.00,2.00,7,7,1,1,8.00,8.00,0,0,,¦³¹Ï¤ù,,0,,0,,J01CR02,,,,,0.50,g,3.00,g,VAL,§_,°·«Oµ¹¥I,°·«Oµ¹¥I,AMOXICILLIN 500MG + CLAVULANIC ACID 100MG,J01CR02,B018304280,§_,Liquid,IVSOL,,,,,,,¬Ò¥i,³æ¦¸¿éª`,PH009,201707171611,68.00,82.00
IAVA,20080606,99999999,¥i¥Î,Avastin inj 100mg/4mL,Avastin inj 100mg/4mL,Bevacizumab,IVD,,RACA,ON-09-03,°w¾¯,mg,Avastin,«D²Õ®M,,,¤@¯ë¥i¥Î,¬O,¤£¥i¥ÎÃÄ¥]¾÷,±ø¥ó¤Uµ¹¥I,¤@¯ë,Á`¶q¶i¦ì,¾AÀ³¯g:§Ü¸~½FÃÄ,°t»s«á«O¦s´Á­­¡G24hrs(25¢XC)¡A­­½Õ»s·í¤é§¹¦¨µ¹ÃÄ,Indication:Chemotherapy of malignant tumours.,,¥~ Æ[:4 mL¤p²~¸Ë,,°ª¦åÀ£¡A ¦åºÞ®ê¶ë¡A ¯kµh¡A ÀYµh¡A ·w¯t,Hypertension¡A thromboembolic event¡A pain¡Aheadache¡Adizziness,,¬Ò¥i¥Î,Àù«ä°±ª`®g²G,Avastin,,,§_,¬O,,¥»«~¬°­«¯gªvÀøÃÄ¡A ½Ð¨Ì·ÓÂå®v«ü¥Ü¨Ï¥Î,,Take this medicine exactly as your doctor ordered.,,³Æµù:¶J©ñ®É»Ý¸m©ó¦B½c§NÂÃ(Äá¤ó 2-8 «×)¡A¤Å§N­á©Î¾_·n,Store in a refrigerator (2-8¢XC). Do not freeze or shake.,106-2ÃÄ©e·|³q¹LÁ{±Ä¡A¤£³]°ò¥»®w¦s¡C,¤ÆÀø,¤ÆÀø,Äµ »y:¥»«~¬°­«¯gªvÀøÃÄª«¡A½Ð¨Ì·ÓÂå®v«ü¥Ü¨Ï¥Î¡C,,,,,¬O,100.0,,§_,¬O,§_,³æ¤è,§_,°±¥Î,°±¥Î,¤£¥i¿i,¬O,,1.00,1.00,1000.00,1000.00,14,14,1,1,1000.00,1000.00,0,0,,¦³¹Ï¤ù,,0,,0,,L01FG01,,,,,,,,,VAL,¬O,°·«Oµ¹¥I,°·«Oµ¹¥I,BEVACIZUMAB,L01FG01,KC00807219,§_,Liquid,IVSOL,,,100.00,mg,4.00,mL,¬Ò¥i,³æ¦¸¿éª`,PH047,202402140531,6450.00,7740.00
IAVA0,20121227,99999999,¥i¥Î,Avastin inj 100mg/4mL (Sample),Avastin inj 100mg/4mL (Sample),Bevacizumab,IVD,,RACA,ON-09-03,°w¾¯,mg,Avastin,«D²Õ®M,Á{±ÄÃÄ¡A½Ð³qª¾ÃÄ§½¥~ÁÊ,,ÃÄ©e·|Á{±Ä,¬O,¤£¥i¥ÎÃÄ¥]¾÷,±ø¥ó¤Uµ¹¥I,¤@¯ë,Á`¶q¶i¦ì,¾AÀ³¯g:§Ü¸~½FÃÄ,°t»s«á«O¦s´Á­­¡G24hrs(25¢XC)¡A­­½Õ»s·í¤é§¹¦¨µ¹ÃÄ,Indication:Chemotherapy of malignant tumours.,,¥~ Æ[:4 mL¤p²~¸Ë,,°ª¦åÀ£¡A ¦åºÞ®ê¶ë¡A ¯kµh¡A ÀYµh¡A ·w¯t,Hypertension¡A thromboembolic event¡A pain¡Aheadache¡Adizziness,,¬Ò¥i¥Î,Àù«ä°±ª`®g²G,Avastin (Sample),,,§_,¬O,,¥»«~¬°­«¯gªvÀøÃÄ¡A ½Ð¨Ì·ÓÂå®v«ü¥Ü¨Ï¥Î,,Take this medicine exactly as your doctor ordered.,,³Æµù:¶J©ñ®É»Ý¸m©ó¦B½c§NÂÃ(Äá¤ó 2-8 «×)¡A¤Å§N­á©Î¾_·n,Store in a refrigerator (2-8¢XC). Do not freeze or shake.,[Rx_x]³B¤è¶°¤£Åã¥Ü¡A2021Q4ÃÄ©e³q¹L¼Ë«~ÃÄ,¤ÆÀø,¤ÆÀø,Äµ »y:¥»«~¬°­«¯gªvÀøÃÄª«¡A½Ð¨Ì·ÓÂå®v«ü¥Ü¨Ï¥Î¡C,,,0,0,¬O,100.0,,§_,¬O,§_,³æ¤è,§_,°±¥Î,°±¥Î,¤£¥i¿i,¬O,,1.00,1.00,1000.00,1000.00,14,14,1,1,1000.00,1000.00,0,0,,µL¹Ï¤ù,,0,,0,,L01FG01,,,,,,,,,VIAL,,°·«O¤£¥Ó³ø¤£­p»ù,°·«O¤£¥Ó³ø¤£­p»ù,,,,§_,Liquid,IVSOL,,,100.00,mg,4.00,mL,¬Ò¥i,³æ¦¸¿éª`,PH047,202402140531,0,0
IAVE,20060925,99999999,°±¥Î,Avelox °w¾¯ 400mg/250mL,Avelox infusion 400mg/250mL,Moxifloxacin,IVD,QD,QANB,AI-01-08,°w¾¯,BOT,,«D²Õ®M,°±¥Î¡A¥i¬dÃþ¦üÃÄ,,¤@¯ë¥i¥Î,¬O,¥i¥ÎÃÄ¥]¾÷,¥i¥Î,¤@¯ë,Á`¶q¶i¦ì,¾AÀ³¯g:²Óµß©Ê·P¬V,,Indications:Bacterial infection.,,¥~ Æ[:³z©ú¬Á¼þ¥~²~¡A·t¬õ¦â¥~»\¡A²H¶À¦â²GÅé¡AÂÅµµ¥Õ¬Û¶¡¥~¶K¯È,,¸z­G¾÷¯à»ÙÃª¡A ÀYµh¡A ·w¯t¡A ¨ýÄ±§ïÅÜ,GI disturbances¡A headache¡A dizziness; taste perversion.,¤@¯ëÃþ§Ü¥Í¯À,¬Ò¥i¥Î,«Â¬¥³tÀR¯ßª`®g²G,Avelox infusion 400mg/250mL,,,§_,¬O,,­Yµo¥ÍÄY­«¹L±Ó©Îµo¯lµ¥¤£¾A¯gª¬¡A À³§Y°±ÃÄ¨Ã½Ð±ÐÂå®v,,Report to doctor¡A if any severe hypersensitivity or skin rash occur.,,­«¯g¦ÙµL¤O±wªÌ¤£«ØÄ³¨Ï¥Î,It is not recommended for patients with myasthenia gravis,,¤@¯ë,ª`®g,Äµ »y: ­Yµo¥ÍÄY­«¹L±Ó©Îµo¯lµ¥¤£¾A¯gª¬¡AÀ³§Y°±ÃÄ¨Ã½Ð±ÐÂå®v,,ª`®g¾¯,,,¬O,1.0,,§_,¬O,§_,³æ¤è,§_,°±¥Î,°±¥Î,¤£¥i¿i,¬O,,1.00,1.00,2.00,2.00,1,1,1,1,2.00,2.00,0.05,0.05,,¦³¹Ï¤ù,,400.00,mg,0,<18y/o: safety not established,J01MA14,,,,,0.40,g,0.40,g,BOT,,°·«Oµ¹¥I,°·«Oµ¹¥I,MOXIFLOXACIN,J01MA14,BC23712265,§_,Liquid,IVSOL,,,400.00,mg,250.00,mL,¤£»Ýµ}ÄÀ,³æ¦¸¿éª`,PH006,202307281156,582.00,698.00
IAZA,20011024,99999999,°±¥Î,Azactam inj 1gm,Azactam inj 1gm,Aztreonam,IV,,QANB,AI-01-13,°w¾¯,VAL,Azactam,«D²Õ®M,Á{±ÄÃÄ¡A½Ð³qª¾ÃÄ§½¥~ÁÊ,,­Ó®×Á{±Ä,¬O,¤£¥i¥ÎÃÄ¥]¾÷,,¤@¯ë,Á`¶q¶i¦ì,¾AÀ³¯g:²Óµß©Ê·P¬V,,Indications:Bacterial infection.,,,,,,¯S®íÃþ§Ü¥Í¯À,,,Azactam inj 1gm,,,§_,¬O,,,,,,,,,¤@¯ë,ª`®g,,,,,,¬O,1.0,,§_,§_,§_,³æ¤è,§_,¥i¥Î,¥i¥Î,¤£¥i¿i,¬O,,1.00,1.00,2.00,2.00,7,7,1,1,0,0,0,0,,µL¹Ï¤ù,,0,,0,,J01DF01,,,,,1.00,g,4.00,g,VAL,§_,°·«Oµ¹¥I,°·«Oµ¹¥I,AZTREONAM,J01DF01,BC23105209,§_,Liquid,IVSOL,,,,,,,¬Ò¥i,³æ¦¸¿éª`,PH009,201707171612,488.00,586.00
IBAY,19960101,99999999,°±¥Î,BayHep B 0.5mL,BayHep B 0.5mL,Hepatitis B Immune Globulin,IM,,HIMM,IM-03-00,°w¾¯,VAL,HBIG,«D²Õ®M,°±¥Î,IHBIG,¤@¯ë¥i¥Î,¬O,¤£¥i¥ÎÃÄ¥]¾÷,,¤@¯ë,Á`¶q¶i¦ì,¾AÀ³¯g:¬°B«¬¨xª¢§K¬Ì²y³J¥Õ,,Indications:Post-exposure prophylaxis of hepatitis.,,,,ª`®g³¡¦ì§½³¡¯kµh,Local pain & tenderness at the inj site.,,¥u¥Î©óªù¶E¤Î¦í°|STAT,,BayHep B 0.5mL,HBIG,,§_,¬O,,¶J©ñ®É»Ý¸m©ó¦B½c§NÂÃ(Äá¤ó 2-8 «×),,Store in a refrigerator (2-8¢XC).,,,,,¤@¯ë,ª`®g,Äµ »y:½Ð¸m©óÄá¤ó 2-8 «×¦B½cÁ×¥ú§NÂÃ«O¦s¡C,,,,,¬O,1.0,,§_,§_,§_,³æ¤è,§_,¥i¥Î,¥i¥Î,¤£¥i¿i,¬O,,1.00,1.00,9.00,9.00,999,999,1,1,0,0,0,0,,µL¹Ï¤ù,,0,,0,,,,,,,,,,,VAL,§_,°·«Oµ¹¥I,°·«Oµ¹¥I,HEPATITIS B IMMUNE GLOBULIN,J06BB04,KC00452206,§_,Liquid,SOL,,,,,,,¬Ò¥i,³æ¦¸¿éª`,PH008,201403201326,2690.00,3228.00
IBAY1,19960101,99999999,°±¥Î,HyperHep B 1mL,HyperHep B 1mL,Hepatitis B Immune Globulin,IM,,HIMM,IM-03-00,°w¾¯,VAL,HBIG,«D²Õ®M,°±¥Î¡A¥i¬dÃþ¦üÃÄ,,¤@¯ë¥i¥Î,¬O,¤£¥i¥ÎÃÄ¥]¾÷,±ø¥ó¤Uµ¹¥I,¤@¯ë,Á`¶q¶i¦ì,¾AÀ³¯g:¬°B«¬¨xª¢§K¬Ì²y³J¥Õ,,Indications:Post-exposure prophylaxis of hepatitis.,,,,,,,¥u¥Î©óªù¶E¤Î¦í°|STAT,B«¬¨xª¢§K¬Ì¤H¦å²y³J¥Õª`®g²G,HyperHep B 1mL,HBIG,,§_,¬O,,,,,,,,,¤@¯ë,ª`®g,Äµ »y:½Ð¸m©óÄá¤ó 2-8 «×¦B½cÁ×¥ú§NÂÃ«O¦s¡C,,,,,¬O,1.0,,§_,§_,§_,³æ¤è,§_,¥i¥Î,¥i¥Î,¤£¥i¿i,¬O,,1.00,1.00,9.00,9.00,999,999,1,1,0,0,0,0,,¦³¹Ï¤ù,,0,,0,,,,,,,,,,,VAL,§_,°·«Oµ¹¥I,°·«Oµ¹¥I,HEPATITIS B IMMUNE GLOBULIN,J06BB04,KC00452209,§_,Liquid,SOL,,,,,,,¬Ò¥i,³æ¦¸¿éª`,PH008,201403201326,4941.00,5929.00
IBAY5,20051013,99999999,°±¥Î,Bay Hep B 5mL,Bay Hep B 5mL,Hepatitis B Immune Globulin,IM,,HIMM,IM-03-00,°w¾¯,VAL,HBIG,«D²Õ®M,Á{±ÄÃÄ¡A½Ð³qª¾ÃÄ§½¥~ÁÊ,,¤@¯ë¥i¥Î,¬O,¤£¥i¥ÎÃÄ¥]¾÷,±ø¥ó¤Uµ¹¥I,¤@¯ë,Á`¶q¶i¦ì,¾AÀ³¯g:¬°B«¬¨xª¢§K¬Ì²y³J¥Õ,,Indications:Post-exposure prophylaxis of hepatitis.,,,(B),,,,¥u¥Î©óªù¶E¤Î¦í°|STAT,¢Ð«¬¨xª¢§K¬Ì¤H¦å²y³J¥Õª`®g²G,Bay Hep B 5mL,HBIG,,§_,¬O,,,,,,,,,¤@¯ë,ª`®g,Äµ »y:½Ð¸m©óÄá¤ó 2-8 «×¦B½cÁ×¥ú§NÂÃ«O¦s¡C,,,,,¬O,1.0,,§_,§_,§_,³æ¤è,§_,¥i¥Î,¥i¥Î,¤£¥i¿i,¬O,,1.00,1.00,9.00,9.00,999,999,1,1,9.00,9.00,0,0,,µL¹Ï¤ù,,0,,0,,,,,,,,,,,VAL,,°·«Oµ¹¥I,°·«Oµ¹¥I,HEPATITIS B IMMUNE GLOBULIN,J06BB04,KC00452221,§_,Liquid,SOL,,,,,,,¬Ò¥i,³æ¦¸¿éª`,PH006,201501051504,23782.00,26000.00
IBCG,19960101,99999999,°±¥Î,BCG vaccine 2.5mg/mL,BCG vaccine 2.5mg/mL,BCG Vaccine,SC,,HIMM,IM-02-01,°w¾¯,DOS,BCG Vaccine,«D²Õ®M,°±¥Î,IBCG0,¤@¯ë¥i¥Î,¬O,¤£¥i¥ÎÃÄ¥]¾÷,,¤£¦LÃÄÅÒ,Á`¶q¶i¦ì,¾AÀ³¯g:¬°¥d¤¶­]¬Ì­]¡A¹w¨¾µ²®Ö¯f.,,,,,,,,,,,BCG vaccine 2.5mg/mL,BCG,,§_,¬O,,,,,,,,,¤@¯ë,ª`®g,Äµ »y:¥»«~¥i©M¨ä¥L¥h¬¡©Ê¬Ì­]¦P®É±µºØ¡A¦ýÀ³±µºØ©ó¤£¦P³¡¦ì,,,,,¬O,1.0,,§_,§_,§_,³æ¤è,§_,¥i¥Î,¥i¥Î,¤£¥i¿i,¬O,,1.00,1.00,1.00,1.00,999,999,1,1,0,0,0,0,,µL¹Ï¤ù,,0,,0,,,,,,,,,,,DOS,§_,¤£µ¹¥I¶·¦Û¥I,¤£µ¹¥I¶·¦Û¥I,,,,§_,Liquid,SOL,,,,,,,¬Ò¥i,³æ¦¸¿éª`,PH032,202110031655,0,40.00
IBCG0,20031223,99999999,¥i¥Î,BCG (¥d¤¶­]¡A¬F©²´£¨Ñ) 0.5mg/mL,BCG ¬Ì­] 0.5mg/mL (¬F©²´£¨Ñ),BCG Vaccine,ID,STAT,HIMM,IM-02-01,°w¾¯,DOS,,«D²Õ®M,,,¤@¯ë¥i¥Î,§_,¤£¥i¥ÎÃÄ¥]¾÷,,¤£¦LÃÄÅÒ,Á`¶q¶i¦ì,¾AÀ³¯g:¬°¥d¤¶­]¬Ì­]¡A¹w¨¾µ²®Ö¯f.,,Indications:Active immunisation against TB.,,¥~ Æ[: ³z©ú¬Á¼þ¦w²~(µ}ÄÀ²G) + ²`½Å¦â¬Á¼þ¦wÞÀ(BCG),Appearance: colorless ampoule (Diluent) + brown ampoule(BCG),§½³¡¬õ¸~¯kµh¡B²O¤Úµ²¸~¤j¡BÁw½H,,,¥u¥Î©óªù¶E¤Î¦í°|STAT,BCG ¬Ì­],BCG ¬Ì­] 0.5mg/mL (¬F©²´£¨Ñ),BCG,,§_,¬O,,±µºØ³¡¦ì¤Î©P³ò«O«ù°®Àê²M¼ä¡AÁ×§K¼¯À¿¡BªgÀã¡C,,,,¥d¤¶­]±µºØ«á¤£±o©ó¤T­Ó¤ë¤º¦A±µºØ¡C,,,¤@¯ë,ª`®g,Äµ »y:¥»«~§t¬¡©Ê¤À¤ä±ìµß¡A¾¹§÷¶·¥H¶Ç¬Vª«³B²z¤è¦¡»s³Æ¤Î±ó¸m,,,,,¬O,1.0,,§_,¬O,§_,³æ¤è,§_,°±¥Î,°±¥Î,¤£¥i¿i,§_,,1.00,1.00,1.00,1.00,1,1,1,1,1.00,1.00,0,0,,¦³¹Ï¤ù,,0,,0,,L03AX03,,,,,,,,,DOS,,°·«Oµ¹¥I,°·«Oµ¹¥I,,,J000085216,§_,Liquid,SOL,,,0.50,mg,1.00,mL,¬Ò¥i,³æ¦¸¿éª`,PH032,202110031655,0,0
IBCGI8,19960101,99999999,°±¥Î,BCG 81mg Immucyst,BCG 81mg Immucyst,BCG Immunotherapeutic,IRR,ST,RACA,ON-06-00,°w¾¯,VAL,BCG,«D²Õ®M,°±¥Î¡A¥i¬dÃþ¦üÃÄ,,¤@¯ë¥i¥Î,¬O,¤£¥i¥ÎÃÄ¥]¾÷,,¤@¯ë,Á`¶q¶i¦ì,¾AÀ³¯g:ªvÀø¤Î¹w¨¾»H¯ÖÀù,,Indication:Treatment & prophylaxis of bladder cancer.,,¥~ Æ[:²`½Å¦â¬Á¼þ¤p²~(VIAL)¡A ÂÅ¦â¥~»\¡A ¥Õ¦â¶K¯È,,»H¯Öµoª¢¤ÏÀ³¡A ¼È®É©Êµo¿N¡A ¦å§¿,Inflammatory response in the bladder¡A transient fever¡A hematuria,,,¤Ú´µ¼wBCG§K¬ÌªvÀø¾¯,BCG 81mg Immucyst,,,§_,¬O,,¥»«~§t¬¡©Ê¤À¤ä±ìµß¡A ¾¹§÷¶·¥H¶Ç¬Vª«³B²z¤è¦¡»s³Æ¤Î±ó¸m,,,,³Æµù:¶J©ñ®É»Ý¸m©ó¦B½c§NÂÃ(Äá¤ó 2-8 «×),Store in a refrigerator (2-8¢XC).,,¤ÆÀø,¤ÆÀø,Äµ »y:¥»«~§t¬¡©Ê¤À¤ä±ìµß¡A¾¹§÷¶·¥H¶Ç¬Vª«³B²z¤è¦¡»s³Æ¤Î±ó¸m,,,,,¬O,1.0,,§_,§_,§_,³æ¤è,§_,¥i¥Î,¥i¥Î,¤£¥i¿i,¬O,,1.00,1.00,1.00,1.00,14,14,1,1,1.00,1.00,0,0,,¦³¹Ï¤ù,,0,,0,,L03AX03,,,,,,,,,VAL,§_,¤£µ¹¥I¶·¦Û¥I,¤£µ¹¥I¶·¦Û¥I,,,,§_,Liquid,SOL,,,,,,,¬Ò¥i,³æ¦¸¿éª`,PH038,202201111611,0,5197.00
IBCGSII,20220315,99999999,¥i¥Î,SII-ONCO-BCG inj 40mg/mL(±M®×¶i¤f),SII-ONCO-BCG inj 40mg/mL(±M®×¶i¤f),BCG Immunotherapeutic,IRR,STAT,RACA,ON-06-00,°w¾¯,Vial,BCG »H¯ÖÄéª`,«D²Õ®M,,,±M®×¶i¤fÃÄ«~,¬O,¤£¥i¥ÎÃÄ¥]¾÷,¥i¥Î,¤@¯ë,Á`¶q¶i¦ì,¾AÀ³¯g:ªvÀø¤Î¹w¨¾»H¯ÖÀù,,Indication:Treatment and prophylaxis of bladder cancer.,,¥~ Æ[:½Å¦â¤p²~¸Ë­á´¹»s¾¯,Appearance:Frozen crystal in brown vial,»H¯Öµoª¢¤ÏÀ³¡A ¼È®É©Êµo¿N¡A ¦å§¿,Inflammatory response in the bladder¡A transient fever¡A hematuria,,¥u¥Î©óªù¶E¤Î¦í°|STAT,Àù§J-BCG§K¬ÌªvÀø¾¯(±M®×¶i¤f),SII-ONCO-BCG inj 40mg/mL,,,,¬O,,2-8¢XC«O¦s¡C¥»ÃÄ¤£¯à§@¬°¹w¨¾µ²®Ö¯f¤§¬Ì­]¨Ï¥Î,¤£¥i¥HÀR¯ß¡B¥Ö¤U©Î¦Ù¦×ª`®g,Store at 2-8¢XC. Not to be used as a vaccine against tuberculosis.,Not be administered intravenously¡A subcutaneously or intramuscularly.,Äéª`«á6¤p®É¤º±Æ¥Xªº§¿²G»Ý¸g¾A·í¦a®ø¬r,Urine voided for 6 hours after instillation needs to be properly disinfected.,2022.Q1ÃÄ©e·s¶i,¤@¯ë,ª`®g,2-8¢XC«O¦s.¥»ÃÄ¤£¯à§@¬°¹w¨¾µ²®Ö¯f¤§¬Ì­]¨Ï¥Î.¤£¥i¥HÀR¯ß¡B¥Ö¤U©Î¦Ù¦×ª`®g,,,0,0,¬O,1.0,,¬O,¬O,§_,³æ¤è,,°±¥Î,,¤£¥i¿i,¬O,,3.00,3.00,3.00,3.00,1,1,1,1,3.00,3.00,0,0,,¦³¹Ï¤ù,,0,,0,,L03AX03,,,,,0,,0,,VIAL,§_,°·«Oµ¹¥I,°·«Oµ¹¥I,Bacillus Calmette-Guerin,L03AX03,X000214545,,Liquid,SOL,,,0,,0,,,,PH034,202209261030,1517.00,1820.00
IBCO,19960101,99999999,°±¥Î,B-complex°w¾¯1mL (Combeplex),B-complex inj 1mL (Combeplex),Vitamin B Complex,IVD,,NUTR,NU-02-00,°w¾¯,AMP,Vitamin B Complex,«D²Õ®M,°±¥Î,,¤@¯ë¥i¥Î,¬O,¥i¥ÎÃÄ¥]¾÷,,¤@¯ë,¦¸­p¶q¶i¦ì,¾AÀ³¯g:ºû¥L©RB¸s¯Ê¥F¯g,,Indications:Vit B-complex deficiency.,,¥~ Æ[:²`½Å¦â¬Á¼þ¦wÞÀ(amp)¡A ¥Õ¦â¥~¶K¯È¡A µµ¦â°Ó«~¦W,Appearance: 1 mL Ampoule,äú¤ß¡A ¹Ã¦R¡A ¸¡³¡µjÅË¡A ·kÄo,Nausea¡A vomiting¡A abdominal cramps¡A pruritus.,,,±d¥²¸É¤O°w,B-complex inj 1mL (Combeplex),,,§_,¬O,,¥»«~»Ý¸m©óÁ×¥ú³±²D°®Àê³B,,Store at room temperature¡A away from heat¡A moisture¡A and direct light.,,,,,¤@¯ë,ª`®g,Äµ »y:¥»«~»Ý¸m©óÁ×¥ú³±²D°®Àê³B,,,,,¬O,1.0,,§_,¬O,§_,½Æ¤è,§_,¥i¥Î,¥i¥Î,¤£¥i¿i,¬O,,1.00,1.00,9.00,9.00,999,999,1,1,9.00,9.00,0.25,0.25,,¦³¹Ï¤ù,,0,,0,,A11HA04,A11DA01,A11HA01,A11HA02,,,,,,AMP,§_,°·«Oµ¹¥I,°·«Oµ¹¥I,VITAMIN B1 100MG/ML + VITAMIN B2 5MG/ML + VITAMIN B6 5MG/ML + NICOTINAMIDE 50MG/ML + PANTOTHENIC ACID 5MG/ML,B05XC,NC03067209,§_,Liquid,IVSOL,,,,,1.00,mL,¬Ò¥i,³æ¦¸¿éª`,PH006,201809300844,15.00,20.00
IBCO2,20180315,99999999,¥i¥Î,B-complex °w¾¯1mL,B-complex inj 1mL,Thiamine+Riboflavin+Nicotinamide+Pyridoxine,IVD,,NUTR,NU-02-00,°w¾¯,AMP,Vitamin B Complex,«D²Õ®M,,,¤@¯ë¥i¥Î,¬O,¥i¥ÎÃÄ¥]¾÷,¥i¥Î,¤@¯ë,¦¸­p¶q¶i¦ì,¾AÀ³¯g:ºû¥L©RB¸s¯Ê¥F¯g,,Indications:Vitamin B-complex deficiency.,,¥~ Æ[:²`½Å¦â¬Á¼þ¦wÞÀ(amp)¡A ¥Õ¦â¥~¶K¯È,Appearance: 1 mL Ampoule,äú¤ß¡A ¹Ã¦R¡A ¸¡³¡µjÅË¡A ·kÄo,Nausea¡A vomiting¡A abdominal cramps¡A pruritus.,,¬Ò¥i¥Î,½Æ¦Xºû¥Í¯À-¢Ðª`®g²G,B-complex inj 1mL,,,,¬O,,¥»«~»Ý¸m©óÁ×¥ú³±²D°®Àê³B,,Store at room temperature¡A away from heat¡A moisture¡A and direct light.,,,,,¤@¯ë,ª`®g,Äµ »y:¥»«~»Ý¸m©óÁ×¥ú³±²D°®Àê³B,,,0,0,¬O,1.0,,§_,¬O,§_,½Æ¤è,,°±¥Î,,¤£¥i¿i,¬O,,1.00,1.00,9.00,9.00,999,999,1,1,9.00,9.00,0.10,0.10,,¦³¹Ï¤ù,,0,,0,,A11HA04,A11DA01,A11HA01,A11HA02,,0,,0,,AMP,§_,°·«Oµ¹¥I,°·«Oµ¹¥I,VITAMIN B1 60MG/ML + VITAMIN B2 3MG/ML + VITAMIN B6 3MG/ML + NICOTINAMIDE 30MG/ML,B05XC,NC00476209,,Liquid,IVSOL,,,96.00,mg,1.00,mL,¬Ò¥i,³æ¦¸¿éª`,PH034,201908131048,15.00,20.00
IBEN,20190529,99999999,¥i¥Î,Benlysta inj 400mg,Benlysta inj 400mg,Belimumab,IVD,STAT,HIMM,IM-04-00,°w¾¯,mg,Benlysta,«D²Õ®M,,,¤@¯ë¥i¥Î,¬O,¥i¥ÎÃÄ¥]¾÷,¥i¥Î,¤@¯ë,Á`¶q¶i¦ì,¾AÀ³¯g: ¥þ¨­©Ê¬õ´³©Ê¯T½H,°t»s«á«O¦s´Á­­¡G8hrs(25¢XC)¡A½Õ»s®É¶¡¡G,Indication: Treatment of Systemic Lupus Erythematosus,,¥~ Æ[: ¥Õ¦â¯»¥½©ó³z©ú¤p²~(Vial),Appearance:glass vial containing white powder,·P¬V¡B¹L±Ó¤ÏÀ³¡Bäú¤ß¡B¸¡Âm¡B¿éª`¬ÛÃö¤ÏÀ³,Infections¡A hypersensitivity¡A nausea¡A diarrhea¡A Infusion related reaction.,,¥u¥Î©óªù¶E¤Î¦í°|STAT,©bÄR¥Í­á´¹ª`®g¾¯,Benlysta,,,§_,¬O,,¸m©óÄá¤ó 2-8 «×¦B½c§NÂÃ¡C¶È¨ÑÀR¯ß¿éª`µ¹ÃÄ¡C,¿éª`®É¶¡»Ý¦Ü¤Ö1¤p®É¡A¦ý¤£¥i¶W¹L8¤p®É¡C,Store between 2-8¢XC. IV infusion only.,Benlysta should be infused over a 1 hour period.,¨Ï¥Î¥»ÃÄ«e30¤Ñ¤ÎªvÀø´Á¶¡¤£¥i±µºØ¬¡©Ê´î¬r¬Ì­]¡C,Live vaccines should not be given for 30 days before or concurrently.,2019Q2Á{®É·|Á{±Ä²M³æ2021.Q3ÃÄ©e¶i¥Î¥¿¦¡«~¶µ,¤ÆÀø,ª`®g,¸m©óÄá¤ó 2-8 «×¦B½c§NÂÃ¡C¶È¨ÑÀR¯ß¿éª`µ¹ÃÄ¡C,,,0,0,§_,400.0,,§_,¬O,§_,³æ¤è,§_,°±¥Î,°±¥Î,¤£¥i¿i,§_,,0,0,800.00,800.00,99,99,1,1,800.00,800.00,0,0,,¦³¹Ï¤ù,,0,,0,,L04AA26,,,,,0,,0,,VIAL,¬O,°·«Oµ¹¥I,°·«Oµ¹¥I,BELIMUMAB,L04AA26,KC00935271,§_,Liquid,IVSOL,,,400.00,mg,0,mL,¥²¶·µ}ÄÀ,³æ¦¸¿éª`,PH065,202212180942,14744.00,17693.00
IBER,19960101,99999999,°±¥Î,Beriglobin P 320mg/2mL,Beriglobin P 320mg/2mL,Immune Globulin,IM,,HIMM,IM-03-00,°w¾¯,AMP,Gamastan,«D²Õ®M,°±¥Î¡A¥i¬dÃþ¦üÃÄ,,¤@¯ë¥i¥Î,¬O,¤£¥i¥ÎÃÄ¥]¾÷,,¤@¯ë,¦¸­p¶q¶i¦ì,¾AÀ³¯g:§K¬Ì²y³J¥Õ¯Ê¥F¯g,,,,,(B),,,,¥u¥Î©óªù¶E¤Î¦í°|STAT,,Beriglobin P 320mg/2mL,,,§_,¬O,,,,,,,,,¤@¯ë,ª`®g,Äµ »y:½Ð¸m©óÄá¤ó 2-8 «×¦B½cÁ×¥ú§NÂÃ«O¦s¡C,,,,,¬O,1.0,,§_,§_,§_,³æ¤è,§_,¥i¥Î,¥i¥Î,¤£¥i¿i,¬O,,1.00,1.00,99.00,99.00,1,999,1,1,0,0,0,0,,µL¹Ï¤ù,,0,,0,,,,,,,,,,,AMP,§_,°·«Oµ¹¥I,°·«Oµ¹¥I,IMMUNOGLOBULIN,J06BA03,K000422212,§_,Liquid,SOL,,,,,,,¬Ò¥i,³æ¦¸¿éª`,PH008,201403201326,576.00,691.00
IBETA,20181121,99999999,°±¥Î,Betamethasone inj 4mg/1mL,Betamethasone inj 4mg/1mL,Betamethasone,IM,,HM,HR-01-00,°w¾¯,AMP,Rinderon,«D²Õ®M,°±¥Î,IRIN4,¤@¯ë¥i¥Î,¬O,¥i¥ÎÃÄ¥]¾÷,¥i¥Î,¤@¯ë,¦¸­p¶q¶i¦ì,¾AÀ³¯g:¨ã§Üµoª¢§@¥Î,,Indication:Anti-inflammatory.,,¥~ Æ[:³z©ú1²@¤É¦wÞÀ,Appearance: 1mL ampoule,¤ô¸~¡A °ª¦åÀ£¡A ¯Ø®q¯Àªý§Ü,Edema¡A hypertension; insulin resistance,,¬Ò¥i¥Î,­¿¹FÁÚªQª`®g²G,Betamethasone inj 4mg/mL,,,,¬O,,¥»«~»Ý¸m©óÁ×¥ú³±²D°®Àê³B,,Store at room temperature¡A away from heat¡A moisture¡A and direct light.,,,,2018.11 ¼È¥NRinderon inj 4mg/1mL ¯Ê³f,¤@¯ë,ª`®g,Äµ »y:¥»«~»Ý¸m©óÁ×¥ú³±²D°®Àê³B,,,0,0,§_,1.0,,§_,¬O,§_,³æ¤è,,°±¥Î,°±¥Î,¤£¥i¿i,¬O,,1.00,1.00,6.00,6.00,999,999,1,1,8.00,8.00,0.15,0.15,,¦³¹Ï¤ù,,0,,0,,H02AB01,,,,,0,,0,,AMP,,°·«Oµ¹¥I,°·«Oµ¹¥I,BETAMETHASONE,H02AB01,AC21959209,,Liquid,IVSOL,,,4.00,mg,1.00,mL,¬Ò¥i,³æ¦¸¿éª`,PH006,201908191415,15.40,20.00
IBEX,20220315,99999999,¥i¥Î,Bexsero 0.5mL/dose (B«¬¸£½¤ª¢Âù²yµß¬Ì­]),Bexsero 0.5mL/dose,Meningococcal group B Vaccine,IM,STAT,HIMM,IM-02-01,°w¾¯,DOS,Bexsero,«D²Õ®M,,,¤@¯ë¥i¥Î,¬O,¥i¥ÎÃÄ¥]¾÷,°·«O¤£µ¹¥I,¤@¯ë,Á`¶q¶i¦ì,¾AÀ³¯g:B«¬¸£½¤ª¢Âù²yµß½Æ¦X¬Ì­],,Indication:Meningococcal Group B Vaccine,,¥~ Æ[:¦³BEXSERO¦r¼Ëªº¥~²°,Appearance: 1 single-dose prefilled-syringe in box,ª`®g³¡¦ì¤ÏÀ³¡A¯h­Â¡AÀYµh¡Aäú¤ß,injection site reaction¡A fatigue¡A headache¡A nausea,,¥u¥Î©óªù¶E¤Î¦í°|STAT,¥²«ä¿ÕB«¬¸£½¤ª¢Âù²yµß¬Ì­],Bexsero 0.5mL/dose,MenB,,,¬O,,Äa¯B²G¦s©ñ´Á¶¡¥i¯à·|§Î¦¨²Ó·L¦Ç¥Õ¦â¨I¾ýª«¡C,©Ò¥H¨Ï¥Î«e½Ð¥R¤À®¶·n¨Ï§Î¦¨§¡¤ÃªºÄa¯B²G¡C,Found particulate matter in suspension is possible.,And shake immediately before use to form a homogeneous suspension.,¶È¥H¦Ù¦×ª`®g¤è¦¡¬I¥´¡C»Ý§NÂÃ«O¦s(2-8¢XC),For intramuscular use only. Store refrigerated¡A at 2-8¢XC,2022.Q1ÃÄ©e·s¶i,¤@¯ë,ª`®g,Äa¯B²G¦s©ñ´Á¶¡¥i¯à·|§Î¦¨²Ó·L¦Ç¥Õ¦â¨I¾ýª«¡C©Ò¥H¨Ï¥Î«e½Ð¥R¤À®¶·n¨Ï§Î¦¨§¡¤ÃªºÄa¯B²G¡C,,,0,0,§_,1.0,,§_,¬O,¬O,³æ¤è,§_,°±¥Î,°±¥Î,¤£¥i¿i,§_,,1.00,1.00,1.00,1.00,1,1,1,1,1.00,1.00,0,0,,¦³¹Ï¤ù,,0,,0,,J07AH09,,,,,0,,0,,¤ä,§_,¤£µ¹¥I¶·¦Û¥I,¤£µ¹¥I¶·¦Û¥I,,,,,Liquid,SOL,,,0,,0.50,mL,,,PH049,202208221106,0,6630.00
IBFL,20131216,99999999,¥i¥Î,Bfluid inj 1000mL,Bfluid inj 1000mL,Amino Acid + Glucose+ Vit B1,IVD,,NUTR,NU-04-01,°w¾¯,BAG,,«D²Õ®M,,,¤@¯ë¥i¥Î,¬O,¥i¥ÎÃÄ¥]¾÷,¥i¥Î,¤@¯ë,¤é¾¯¶q¶i¦ì,¾AÀ³¯g: ¤â³N«e«áÀç¾i¸Éµ¹¡A®ø¤Æ¹D¼ìºÅ»PÀç¾i»ÙÃª¤§¸Éµ¹¡C,,Indication: Provision of electrolytes¡A glucose & amino acids,,¥~ Æ[: ¤W¤U¨â«Ç¡A ³z©ú1000mLª`®g³U,,¬õ¯l¡B¯Ý³¡¤£¾A¡B¤ß±ª,Rash¡A chest discomfort¡A palpitation,,¬Ò¥i¥Î,¥²´I¤O±o,Bfluid inj 1000mL,,,§_,¬O,,½Ð¿í·ÓÂå®v«ü¥Ü¨Ï¥Î¡A ­Yµo¥ÍºÃ¦üÃÄª«¤£¨}¤ÏÀ³½Ð§iª¾Âå®v,,Follow doctor's advice. Check with doctor if you notice any side effects.,,,,102¦~²Ä¥|¦¸ÃÄ©e·|·s¶i,¤@¯ë,ª`®g,Äµ »y:½Ð¿í·ÓÂå®v«ü¥Ü¨Ï¥Î¡A­Yµo¥ÍºÃ¦üÃÄª«¤£¨}¤ÏÀ³½Ð§iª¾Âå¥Í¡C,,,0,0,§_,1.0,¦³,§_,¬O,§_,½Æ¤è,§_,°±¥Î,°±¥Î,¤£¥i¿i,¬O,,1.00,1.00,2.00,2.00,30,99,1,1,2.00,2.00,0,0,,¦³¹Ï¤ù,,0,,0,,B05BB01,B05BA10,A11DA01,B05BA01,B05BA03,,,,,BAG,,°·«Oµ¹¥I,°·«Oµ¹¥I,3.0% AMINO ACIDS+DEXTROSE+ELECTROLYTE SOLUTION FOR INFUSION,B05BA10,BC25179209,§_,Liquid,IVSOL,,,,,1000.00,mL,¤£»Ýµ}ÄÀ,³æ¦¸¿éª`,PH047,202401091536,289.00,347.00
IBIC,20180315,99999999,¥i¥Î,Bicillin L-A inj 2.4 MIU/4mL,Bicillin L-A inj 2.4 MIU/4mL,Penicillin G Benzathine,IM,STAT,QANB,AI-01-01,°w¾¯,Vial,Penadur LA,«D²Õ®M,,,¤@¯ë¥i¥Î,¬O,¥i¥ÎÃÄ¥]¾÷,¥i¥Î,¤@¯ë,Á`¶q¶i¦ì,¾AÀ³¯g:²Óµß©Ê·P¬V,,Indication:Antibiotic for infection.,,¥~ Æ[: 4²@¤É¹w¶ñ¥R°wµ©,Appearance: Prefilled syringe 4mL,¹L±Ó¤ÏÀ³¡A ¤fµÄª¢¡A ¦Þª¢,Hypersensitivity reactions¡A stomatitis¡A glossitis.,¤@¯ëÃþ§Ü¥Í¯À,¬Ò¥i¥Î,¥²§Æ¹çª`®g¾¯,Bicillin L-A inj 2.4MIU/4mL,,,,¬O,,¥»«~¶È­­¦Ù¦×ª`®g(IM)¤è¦¡§ë»P,,IM use only.,,½Ð¸m©óÄá¤ó 2-8 «×¦B½c§NÂÃ,Store in a refrigerator (2-8¢XC).,2018-1 ÃÄ©e·s¶i,¤@¯ë,ª`®g,Äµ »y:¥»«~À³¥H¦Ù¦×ª`®g (IM) ¤è¦¡§ë»P,SA «÷­µ¬Û¦ü,,0,0,§_,1.0,,§_,¬O,¬O,³æ¤è,,°±¥Î,°±¥Î,¤£¥i¿i,¬O,,1.00,1.00,1.00,1.00,7,7,1,1,1.00,1.00,0.01,0.01,,¦³¹Ï¤ù,,0,,0,,J01CE08,,,,,2.40,MU,3.60,MU,VIAL,,°·«Oµ¹¥I,°·«Oµ¹¥I,PENICILLIN G BENZATHINE,J01CE08,BC26966219,§_,LiquidSolidSuspension,SUSP,,,2.40,MIU,4.00,mL,,,PH047,202403131632,949.00,1139.00
IBLE1,20080324,99999999,¥i¥Î,BLEOCIN inj 15mg,BLEOCIN inj 15mg,Bleomycin,IVD,,RACA,ON-03-09,°w¾¯,mg,Bleomycin,«D²Õ®M,Á{±ÄÃÄ¡A½Ð³qª¾ÃÄ§½¥~ÁÊ,,¥»°|Á{±Ä²M³æ,¬O,¤£¥i¥ÎÃÄ¥]¾÷,¥i¥Î,¤@¯ë,¦¸­p¶q¶i¦ì,¾AÀ³¯g:ªvÀø´c©Ê¸~½F,°t»s«á«O¦s´Á­­¡G24hrs(25¢XC)¡A­­½Õ»s·í¤é§¹¦¨µ¹ÃÄ,Indications:For cancer therapy,,¥~ Æ[:³z©ú¤p²~¡A ºñ¦â²~»\,,ÄY­«¶¡½è©ÊªÍª¢¡A ªÍ³¡ÅÖºû¤Æ¡A ¹L±Ó¡A µo¼ö,Severe interstitial pneumonia & pulmonary fibrosis¡A hypersensitivity¡A fever¡A,,¬Ò¥i¥Î,¼³Ãþ´cª`®g¾¯,Bleocin,,,§_,¬O,,¥»«~¬°­«¯gªvÀøÃÄ¡A ½Ð¨Ì·ÓÂå®v«ü¥Ü¨Ï¥Î,,Take this medicine exactly as your doctor ordered,,³Æµù:½Ð¸m©óÄá¤ó 2-8 «×¦B½c§NÂÃ,Store in a refrigerator (2-8¢XC).,,¤ÆÀø,ª`®g,Äµ »y:¥»«~¬°­«¯gªvÀøÃÄª«¡A½Ð¨Ì·ÓÂå®v«ü¥Ü¨Ï¥Î¡C,Äµ °ªÄµ°T,,,,¬O,15.0,,§_,¬O,§_,³æ¤è,§_,°±¥Î,°±¥Î,¤£¥i¿i,¬O,,15.00,15.00,30.00,30.00,1,1,1,1,30.00,30.00,0,0,,¦³¹Ï¤ù,,0,,0,,L01DC01,,,,,,,,,VIAL,§_,°·«Oµ¹¥I,°·«Oµ¹¥I,BLEOMYCIN,L01DC01,BC19124235,§_,Liquid,IVSOL,¦M®`¤@¯Å(¡I¡I),,15.00,mg,,,¥²¶·µ}ÄÀ,³æ¦¸¿éª`,PH047,202303090944,1265.00,1518.00
IBLE5,20080324,99999999,°±¥Î,Bleocin inj 5mg,Bleocin inj 5mg,Bleomycin,IVD,,RACA,ON-03-09,°w¾¯,mg,Bleocin,«D²Õ®M,°±¥Î,,¤@¯ë¥i¥Î,¬O,¤£¥i¥ÎÃÄ¥]¾÷,¥i¥Î,¤@¯ë,¦¸­p¶q¶i¦ì,¾AÀ³¯g:ªvÀø´c©Ê¸~½F,,Indications:Treatment of carcinoma.,,¥~ Æ[:³z©ú¤p²~¡A ÂÅ¦â²~»\,,ÄY­«¶¡½è©ÊªÍª¢¡A ªÍ³¡ÅÖºû¤Æ¡A ¹L±Ó¡A µo¼ö,Severe interstitial pneumonia & pulmonary fibrosis¡A hypersensitivity¡A fever¡A,,¬Ò¥i¥Î,¼³Ãþ´cª`®g¾¯,Bleocin,,,§_,¬O,,¥»«~¬°­«¯gªvÀøÃÄ¡A ½Ð¨Ì·ÓÂå®v«ü¥Ü¨Ï¥Î,,Take this medicine exactly as your doctor ordered,,,,,¤ÆÀø,ª`®g,Äµ »y:¥»«~¬°­«¯gªvÀøÃÄª«¡A½Ð¨Ì·ÓÂå®v«ü¥Ü¨Ï¥Î¡C,Äµ °ªÄµ°T,,,,¬O,5.0,,§_,¬O,§_,³æ¤è,§_,°±¥Î,°±¥Î,¤£¥i¿i,¬O,,5.00,5.00,30.00,30.00,1,1,1,1,30.00,30.00,0,0,,¦³¹Ï¤ù,,0,,0,,L01DC01,,,,,,,,,VIAL,,°·«Oµ¹¥I,°·«Oµ¹¥I,BLEOMYCIN,L01DC01,BC19191221,§_,Liquid,IVSOL,¦M®`¤@¯Å(¡I¡I),,5.00,mg,,,¬Ò¥i,³æ¦¸¿éª`,PH032,202109091810,515.00,618.00
IBLT,19960101,99999999,°±¥Î,Bluton 500mL (50% glucose),Bluton 500mL (50% glucose),Dextrose,IV,,NUTR,NU-04-02,°w¾¯,BOT,,«D²Õ®M,°±¥Î,IGLU5,¤@¯ë¥i¥Î,¬O,¤£¥i¥ÎÃÄ¥]¾÷,,¤£¦LÃÄÅÒ,Á`¶q¶i¦ì,¾AÀ³¯g:¬°50%¸²µå¿}ª`®g²G,,Indications:Treatment of carbohydrate and fluid depletion,,¥~ Æ[:500mL ¬Á¼þ²~,,,,,,¸Éº¸³qª`®g²G,Bluton 500mL (50% glucose),,,§_,¬O,,50 % Glucose Solution¡A°ª±i¸²µå¿}²G¡A­­ÃÄ¾¯¬ì½Õ°tTPN¨Ï¥Î,,,,,,104-3 ÃÄ©e·|§ï¥HGlucose inj 50%¡A 500mL ´À¥N,¤@¯ë,ª`®g,Äµ »y:ÃÄ§½½Õ¾¯¡A «D¤@¯ë¥æ¥IÃÄ«~,,,,,¬O,1.0,¦³,§_,§_,§_,³æ¤è,§_,¥i¥Î,¥i¥Î,¤£¥i¿i,¬O,,1.00,1.00,1.00,5.00,1,999,1,1,1.00,1.00,0,0,,¦³¹Ï¤ù,,0,,0,,B05BA03,,,,,,,,,BOT,§_,°·«Oµ¹¥I,°·«Oµ¹¥I,DEXTROSE 500 MG/ML +- MULTIVITAMINES,B05BA03,NC03055277,§_,Liquid,IVSOL,,,,,,,¬Ò¥i,³æ¦¸¿éª`,PH008,201510041005,39.90,50.00
IBNT1,20220524,99999999,°±¥Î,Pfizer-BioNTech (5-11·³) 0.2mL/dose (1.3mL/vial),Pfizer-BioNTech (5-11y/o) 0.2mL/dose (1.3mL/vial),SARS-CoV-2 Spike glycoprotein [mRNA],IM,STAT,HIMM,IM-02-02,°w¾¯,DOSE,COVID-19 ¨àµ£Vaccine BioNTech,«D²Õ®M,°±¥Î,,±M®×¶i¤fÃÄ«~,¬O,¥i¥ÎÃÄ¥]¾÷,¥i¥Î,¤£¦LÃÄÅÒ,¦¸­p¶q¶i¦ì,¾AÀ³¯g:5-11·³·s«aªÍª¢(COVID-19)BioNTech¬Ì­],,Indication:BioNTech COVID-19 Vaccine for 5-11 years older.,,¥~ Æ[:1.3mL¤p²~ (¦h¾¯¶q¿@ÁY²G),Appearance:1.3mL vial (multiple dose concentrate),ª`®g³¡¦ì¤ÏÀ³¡A¯h­Â¡Aµo¿N¡Aäú¤ß¡A¦Ù¦×µmµh,Injection site reactions¡A headache¡A fatigue¡A fever¡A nausea¡A muscle aches,,¥u¥Î©óªù¶E¤Î¦í°|STAT,5-11·³BioNTech·s«aªÍª¢(COVID-19)¬Ì­],Pfizer-BioNTech (5-11·³),CoV_BNT1,,,¬O,,¥¼¶}«ÊÃÄ²~30 ¢XC¥H¤U«O¦s12¤p®É¡C,µ}ÄÀ«á2 -30¢XC¥iºû«ù12¤p®É¡C,The unopened vial could store for up to 12 hours at up to 30¢XC.,After dilution could store for 12 hours at 2-30¢XC,¥»«~»Ýµ}ÄÀ¡C¸Ñ­á«á¡A½Ð¤Å­«·s§N­á¡C,Should be administered after dilution. Do not refreeze.,[Rx_o]COVID¬Ì­]2021 ¬F©²´£¨Ñ-¥Ó³ø¬ì¦³¥Ó½Ð¤½ª©¦P·N®Ñ¨Ñ¶E¶¡¤U¸üÃ±¦W,¤@¯ë,ª`®g,¥¼¶}«ÊÃÄ²~30¢XC¥H¤U«O¦s12¤p®É¡Cµ}ÄÀ«á2 -30¢XC¥iºû«ù12¤p®É¡C,,,0,0,¬O,1.0,,§_,¬O,¬O,³æ¤è,§_,°±¥Î,°±¥Î,¤£¥i¿i,§_,,1.00,1.00,1.00,1.00,1,1,1,1,1.00,1.00,0,0,,¦³¹Ï¤ù,,0,,0,,J07BX03,,,,,0,,0,,DOS,,°·«O¤£¥Ó³ø¤£­p»ù,°·«O¤£¥Ó³ø¤£­p»ù,,,,§_,Liquid,SOL,,,0,,1.30,mL,,,PH006,202401281038,0,0
IBNT6M,20220825,99999999,°±¥Î,Pfizer-BioNTech (6M-4·³) 0.2mL/dose (0.4mL/vial),Pfizer-BioNTech (6M-4·³) 0.2mL/dose (0.4mL/vial),SARS-CoV-2 Spike glycoprotein [mRNA],IM,STAT,HIMM,IM-02-02,°w¾¯,DOSE,COVID-19 À¦¥®Vaccine BioNTech,«D²Õ®M,°±¥Î,,±M®×¶i¤fÃÄ«~,¬O,¥i¥ÎÃÄ¥]¾÷,¥i¥Î,¤£¦LÃÄÅÒ,¦¸­p¶q¶i¦ì,¾AÀ³¯g:6­Ó¤ë-4·³·s«aªÍª¢(COVID-19)BioNTech¬Ì­],,Indication:BioNTech COVID-19 Vaccine for 4years-6months.,,¥~ Æ[:0.4mL¤p²~ (¦h¾¯¶q¿@ÁY²G),Appearance:0.4mL vial (multiple dose concentrate),ª`®g³¡¦ì¤ÏÀ³¡A¯h­Â¡Aµo¿N¡Aäú¤ß¡A¦Ù¦×µmµh,Injection site reactions¡A headache¡A fatigue¡A fever¡A nausea¡A muscle aches,,¥u¥Î©óªù¶E¤Î¦í°|STAT,6­Ó¤ë¦Ü4·³¨àµ£BioNTech·s«a(COVID-19)¬Ì­],Pfizer-BioNTech (6¤ë-4·³),CoV_BNT6,,,¬O,,¥¼¶}«ÊÃÄ²~30 ¢XC¥H¤U«O¦s12¤p®É¡C,µ}ÄÀ«á2 -30¢XC¥iºû«ù12¤p®É¡C,The unopened vial could store for up to 12 hours at up to 30¢XC.,After dilution could store for 12 hours at 2-30¢XC,¥»«~»Ýµ}ÄÀ¡C¸Ñ­á«á¡A½Ð¤Å­«·s§N­á¡C,Should be administered after dilution. Do not refreeze.,[Rx_o]COVID¬Ì­]2022 ¬F©²´£¨Ñ-¥Ó³ø¬ì¦³¥Ó½Ð¤½ª©¦P·N®Ñ¨Ñ¶E¶¡¤U¸üÃ±¦W,¤@¯ë,ª`®g,¥¼¶}«ÊÃÄ²~30¢XC¥H¤U«O¦s12¤p®É¡Cµ}ÄÀ«á2 -30¢XC¥iºû«ù12¤p®É¡C,,,0,0,¬O,1.0,,§_,¬O,¬O,³æ¤è,§_,°±¥Î,°±¥Î,¤£¥i¿i,§_,,1.00,1.00,1.00,1.00,1,1,1,1,1.00,1.00,0,0,,¦³¹Ï¤ù,,0,,0,,J07BX03,,,,,0,,0,,DOS,,°·«O¤£¥Ó³ø¤£­p»ù,°·«O¤£¥Ó³ø¤£­p»ù,,,,§_,Liquid,SOL,,,0,,0.40,mL,,,PH006,202401281038,0,0
IBOL,20130619,99999999,¥i¥Î,Bolenic IV infusion 4mg,Bolenic IV infusion 4mg,Zoledronic Acid,IVD,,META,ME-06-00,°w¾¯,VAL,Zometa,«D²Õ®M,,,¤@¯ë¥i¥Î,¬O,¤£¥i¥ÎÃÄ¥]¾÷,¥i¥Î,¤@¯ë,Á`¶q¶i¦ì,¾AÀ³¯g:ªvÀøÀù¯g¤Þ°_ªº°ª¦å¶t,,Indication:Treatment of hypercalcemia.,,¥~ Æ[:5mL ¤p²~°®¯»¸Ë,Appearance: powder in a 5mL vial,³h¦å¡A ÀYµh¡A µ²½¤ª¢¡A äú¤ß¡A ¹Ã¦R¡A ¹½­¹,Anemia¡A headache¡A conjunctivitis¡A nausea¡A vomiting¡A anorexia,,¬Ò¥i¥Î,¨ô©T¥§ÀR¯ß­á´¹ª`®g¾¯4²@§J,Bolenic 4mg,,,§_,¬O,,¥»«~À³©ó"¤£§t¶t"¤§ÀR¯ß¿éª`²G¤¤µ}ÄÀ¡A½wºCºwª`¡C,,Should be diluted in "non-calcium" intravenous solution¡A and drip slowly.,,¥H100mL 0.9%´â¤Æ¶u©Î5%¸²µå¿}·»²Gµ}ÄÀ«áÀR¯ß¿éª`>15¤ÀÄÁ,Dilute in 100mL of 0.9% NaCl or 5% glucose solution. Infuse over 15 minutes.,,¤@¯ë,ª`®g,Äµ »y:¥»«~À³©ó"¤£§t¶t"¤§ÀR¯ß¿éª`²G¤¤µ}ÄÀ¡A ¨Ã½wºCºwª`,,,0,0,¬O,1.0,,§_,¬O,§_,³æ¤è,§_,¥i¥Î,¥i¥Î,¤£¥i¿i,¬O,,1.00,1.00,1.00,1.00,1,1,1,1,1.00,1.00,0,0,,¦³¹Ï¤ù,,0,,0,,M05BA08,,,,,,,,,VIAL,,°·«Oµ¹¥I,°·«Oµ¹¥I,ZOLEDRONIC ACID,M05BA08,AA52339219,§_,Liquid,IVSOL,¦M®`¤G¯Å(¡I),,4.00,mg,,,¥²¶·µ}ÄÀ,³æ¦¸¿éª`,PH047,202402140525,4393.00,5272.00
IBON,19960101,99999999,°±¥Î,Bonefos inj 300mg/5mL,Bonefos inj 300mg/5mL,Clodronate,IVD,,META,ME-06-00,°w¾¯,AMP,Bonefos,«D²Õ®M,Á{±ÄÃÄ¡A½Ð³qª¾ÃÄ§½¥~ÁÊ,,­Ó®×Á{±Ä,¬O,¥i¥ÎÃÄ¥]¾÷,±ø¥ó¤Uµ¹¥I,¤@¯ë,¦¸­p¶q¶i¦ì,¾AÀ³¯g:´c©Ê¸~½F¤§°©Âà²¾,,Indications:Treatment of osteolysis of malignant origin,,¥~ Æ[: 5ml ¦wÞÀ,,»´·L¸z­G¤£¾A¡A §C¦å¶t,Mild GI irritation¡A asymptomatic hypocalcemia.,,¥u¥Î©ó¦í°|,°©ºû§§ª`®g¾¯,Bonefos inj 300mg/5mL,,,§_,¬O,,¥»«~¬°­«¯gªvÀøÃÄ¡A½Ð¨Ì·ÓÂå®v«ü¥Ü¨Ï¥Î,,Take this medicine exactly as your doctor ordered,,,,,¤@¯ë,ª`®g,Äµ »y:¥»«~¬°­«¯gªvÀøÃÄª«¡A½Ð¨Ì·ÓÂå®v«ü¥Ü¨Ï¥Î¡C,,,,,¬O,1.0,,§_,¬O,§_,³æ¤è,§_,¥i¥Î,¥i¥Î,¤£¥i¿i,¬O,,1.00,1.00,1.00,1.00,999,999,1,1,2.00,2.00,0,0,,µL¹Ï¤ù,,0,,0,,M05BA02,,,,,,,,,AMP,§_,°·«Oµ¹¥I,°·«Oµ¹¥I,DISODIUM CLODRONATE,M05BA02,B021809221,§_,Liquid,IVSOL,,,300.00,mg,5.00,mL,¥²¶·µ}ÄÀ,³æ¦¸¿éª`,PH008,201904221614,740.00,888.00
IBONV,20070626,99999999,¥i¥Î,Bonviva inj 3mg/3mL,Bonviva inj 3mg/3mL,Ibandronate,IVPUSH,STAT,META,ME-06-00,°w¾¯,AMP,Bonviva,«D²Õ®M,,,¤@¯ë¥i¥Î,¬O,¤£¥i¥ÎÃÄ¥]¾÷,,¤@¯ë,Á`¶q¶i¦ì,¾AÀ³¯g:°±¸g«á°ü¤k¤§°©½è²¨ÃP¯g,,Indication:Treatment of osteoporosis in postmenopausal women,,¥~ Æ[: 3mL ¦wÞÀ,Appearance: 3mL Ampoule,­Iµh¡A ¥|ªÏ¯kµh¡A ·P¬V¡A µL¤O¡A ¹L±Ó¤ÏÀ³,Back pain¡A pain in extremity¡A infection¡A asthenia¡A allergic reaction,,¬Ò¥i¥Î,°©ºû§§,Bonviva inj 3mg/3mL,,,§_,¬O,,­Yµo¥ÍÄY­«¹L±Ó©Îµo¯lµ¥¤£¾A¯gª¬¡A À³§Y°±ÃÄ¨Ã½Ð±ÐÂå®v,,Report to doctor¡A if any severe hypersensitivity or skin rash occur.,,³Æµù: ¦³§C¦å¶t±wªÌ­nÄá¨ú¨¬°÷ªº¶t©Mºû¥L©RD3,Pre-existing hypocalcemia must be treated by adequate intake of Ca & vit D befor,,¤@¯ë,ª`®g,Äµ »y: ­Yµo¥ÍÄY­«¹L±Ó©Îµo¯lµ¥¤£¾A¯gª¬¡AÀ³§Y°±ÃÄ¨Ã½Ð±ÐÂå®v,,,,,§_,1.0,,§_,¬O,§_,³æ¤è,§_,°±¥Î,°±¥Î,¤£¥i¿i,¬O,,1.00,1.00,1.00,1.00,1,1,1,1,1.00,1.00,0,0,,¦³¹Ï¤ù,,0,,0,,M05BA06,,,,,,,,,¤ä,,°·«Oµ¹¥I,°·«Oµ¹¥I,IBANDRONIC ACID,M05BA06,BC24630216,§_,Liquid,IVSOL,,,3.00,mg,3.00,mL,¬Ò¥i,³æ¦¸¿éª`,PH034,202012021512,2267.00,2720.00
IBOO,20170915,99999999,¥i¥Î,Boostrix 0.5mL/dose (¤T¦X¤@¸É°l¬Ì­]),Boostrix 0.5mL/dose (Private),Diphtheria + Tetanus + Pertussis,IM,STAT,HIMM,IM-02-01,°w¾¯,DOS,Boostrix,«D²Õ®M,,,¤@¯ë¥i¥Î,¬O,¥i¥ÎÃÄ¥]¾÷,°·«O¤£µ¹¥I,¤@¯ë,Á`¶q¶i¦ì,¾AÀ³¯g: 4 ·³(§t)¥H¤W¡A¤T¦X¤@¸É°l¥[¬Ì­],,Indication:Booster vaccination for diphtheria¡A pertussis¡A,tetanus,¥~ Æ[: 0.5mL ¹w¶ñ¥R°wµ©,Appearance: Prefilled syringe 0.5mL,¯h­Â¡A ÀYµh¡A µo¿N,Tiredness¡A headache¡A fever,,¬Ò¥i¥Î,¸É¬I°l¬Ì­],Boostrix inj 0.5mL/dose,Tdap,,,¬O,,»â¨ú¬Ì­]«á¡A ½Ð¥ß§Y¦Üª`®g«Ç¨Ì«ü¥Ü¨Ï¥Î,,After receiving the vaccine¡A please go to the injection room immediately.,,,,2017¦~²Ä¤T¦¸ÃÄ©e·|·s¶i,¤@¯ë,ª`®g,Äµ »y:»â¨ú¬Ì­]«á¡A½Ð¥ß§Y¦Üª`®g«Ç¨Ì«ü¥Ü¨Ï¥Î¡C,,,0,0,§_,1.0,,§_,¬O,¬O,½Æ¤è,§_,°±¥Î,°±¥Î,¤£¥i¿i,§_,,1.00,1.00,1.00,1.00,1,1,1,1,1.00,1.00,0,0,,¦³¹Ï¤ù,,0,,0,,J07AJ02,J07AM01,J07AF01,,,0,,0,,¤ä,,¤£µ¹¥I¶·¦Û¥I,¤£µ¹¥I¶·¦Û¥I,,,,§_,Liquid,SOL,,,,,0.50,mL,¬Ò¥i,³æ¦¸¿éª`,PH032,202110031707,0,1750.00
IBOT,20210114,99999999,¥i¥Î,Botox 100 Unit/Vial,Botox 100 Unit/Vial,Botulinum Toxin type A,SC,,CNEU,CN-03-02,°w¾¯,UNIT,Botox,«D²Õ®M,,,¤@¯ë¥i¥Î,¬O,¤£¥i¥ÎÃÄ¥]¾÷,±ø¥ó¤Uµ¹¥I,¤@¯ë,Á`¶q¶i¦ì,¾AÀ³¯g:¦Ù¦×ÃP¦¢§@¥Î,,Indications:Treatment of various spasticity.,,¥~ Æ[:100U ¤p²~,,§½³¡¯kµh¡A §½³¡µê®z,Localized pain¡A local weakness.,,¥u¥Î©óªù¶E¤Î¦í°|STAT,«O§´¾A°®¯»ª`®g¾¯,Botox 100 Unit/Vial,,,§_,¬O,,À³µø¨ä¦~ÄÖ¡A Åé­«¤Î¯gªp¤©¥H¾A·í¤§¾¯¶q¡A ¨Ã¯d·NÆ[¹î,,Should consider age¡A weight and disease state to modify dosage.,,³Æµù: ¤Å¥Î©ó­«¯g¦ÙµL¤O±wªÌ¡A¶J©ñ®É»Ý¸m©ó¦B½c§NÂÃ(Äá¤ó 2-8 «×),Not for myasthenia gravis. Store in a refrigerator (2-8¢XC).,,¤@¯ë,ª`®g,Äµ »y:À³µø¨ä¦~ÄÖ¡BÅé­«¤Î¯gªp¤©¥H¾A·í¤§¾¯¶q¡A¨Ã¯d·NÆ[¹î,,,0,0,§_,100.0,,§_,¬O,§_,³æ¤è,§_,¥i¥Î,¥i¥Î,¤£¥i¿i,¬O,,1.00,1.00,200.00,200.00,1,1,1,1,200.00,200.00,0,0,,¦³¹Ï¤ù,,0,,0,,M03AX01,,,,,0,,0,,UNIT,¬O,°·«Oµ¹¥I,°·«Oµ¹¥I,BOTULINUM TOXIN TYPE A,M03AX01,KC00525299,§_,Liquid,SOL,,,100.00,U,0,,,,PH008,202101140920,63.00,79.00
IBRE,19960101,99999999,°±¥Î,Brevibloc 100mg,Brevibloc 100mg,Esmolol,IVD,,CAVS,CV-04-02,°w¾¯,VAL,,«D²Õ®M,°±¥Î,,¤w°±¥Î,¬O,¤£¥i¥ÎÃÄ¥]¾÷,,¤@¯ë,Á`¶q¶i¦ì,¾AÀ³¯g:¤W¤ß«Ç¤ß·i¹L³t¡B¤â³N¤¤©Î¤â³N«á¤ß·i¹L³t¡B°ª¦åÀ£,,Control of ventricular rate in atrial fibrillation patients,,¥~ Æ[: 10ml ¤p²~,,,,,,³Õ¥ß§Jª`®g¾¯,Brevibloc 100mg,,,§_,¬O,,,,,,,,,¤@¯ë,ª`®g,Äµ »y:­Y¦³®ð³Ý©ÎµjÅË©Ê®ðºÞª¢®É¡AÀ³¤p¤ß¨Ï¥Î¥»ÃÄ,,,,,¬O,1.0,,§_,§_,§_,³æ¤è,§_,¥i¥Î,¥i¥Î,¤£¥i¿i,¬O,,1.00,1.00,10.00,10.00,999,999,1,1,0,0,0,0,,µL¹Ï¤ù,,0,,0,,C07BA09,,,,,,,,,VAL,§_,°·«Oµ¹¥I,°·«Oµ¹¥I,ESMOLOL,C07AB09,B019934229,§_,Liquid,IVSOL,,,,,,,¬Ò¥i,³æ¦¸¿éª`,PH006,201404281541,375.00,450.00
IBRI,19960101,99999999,°±¥Î,Brietal inj 500mg,Brietal inj 500mg,Methohexital,IV,,ZANE,CN-04-01,°w¾¯,ML,Brietal,«D²Õ®M,°±¥Î¡A¥i¬dÃþ¦üÃÄ,,¤@¯ë¥i¥Î,¬O,¤£¥i¥ÎÃÄ¥]¾÷,,¤£¦LÃÄÅÒ,Á`¶q¶i¦ì,¾AÀ³¯g:»¤¾É³Â¾K¾¯,,,,,,,,,¥u¥Î©óªù¶E¤Î¦í°|STAT,,Brietal inj 500mg,,,§_,¬O,,,,,,,,,¤@¯ë,ª`®g,Äµ »y:À³µø¨ä¦~ÄÖ¡BÅé­«¤Î¯gªp¤©¥H¾A·í¤§¾¯¶q¡A¨Ã¯d·NÆ[¹î,,,,,¬O,1.0,,§_,§_,§_,³æ¤è,§_,¥i¥Î,¥i¥Î,¤£¥i¿i,¬O,,1.00,1.00,999.00,999.00,999,999,1,1,0,0,0,0,,µL¹Ï¤ù,,0,,0,,,,,,,,,,,CC,§_,¥Ó³ø¤£­p»ù,¥Ó³ø¤£­p»ù,,,B015803277,§_,Liquid,IVSOL,,,,,,,¬Ò¥i,³æ¦¸¿éª`,PH008,201403201326,0,230.00
IBRID,20161228,99999999,¥i¥Î,Bridion inj 200mg/2mL,Bridion inj 200mg/2mL,Sugammadex,IVPUSH,STAT,ZADT,AD-02-00,°w¾¯,VAL,Bridion,«D²Õ®M,,,¤@¯ë¥i¥Î,¬O,¥i¥ÎÃÄ¥]¾÷,°·«O¤£µ¹¥I,¤@¯ë,¦¸­p¶q¶i¦ì,¾AÀ³¯g:°fÂàrocuronium©Îvecuronium»¤¾É¯«¸g¦Ù¦×ªýÂ_,,Indication:Reversal of neuromuscular blockade,,¥~ Æ[:2²@¤É¤p²~¡AµL¦â¦Ü·L¶À·»²G,Appearance: 2mL vial¡A colourless to slightly yellow solution,«y¹Â¡A³Â¾K¨Öµo¯f,Cough¡A anaesthetic complication,,¥u¥Î©óªù¶E¤Î¦í°|STAT,­¿«Ò®¦ª`®g²G200²@§J/2²@¤É,Bridion inj 200mg/2mL,,,,¬O,,±N¥»ÃÄ¦b10¬í¤ºª`¤J²{¦sÀR¯ßª`®gºÞ½u¤¤,,The bolus injection should be into an existing IV line within 10 seconds.,Protect from light.,¦¹¶µÃÄ«~¤£¥i»P¨ä¥LÃÄª«²£«~²V¥Î¡C¥»«~À³Á×¥ú¡C,This medicinal product must not be mixed with other medicinal products,105-04ÃÄ©e·|·s¶i,¤@¯ë,ª`®g,±N¥»ÃÄ¦b10¬í¤ºª`¤J²{¦sÀR¯ßª`®gºÞ½u¤¤,,,0,0,¬O,1.0,,§_,¬O,§_,³æ¤è,§_,°±¥Î,°±¥Î,¤£¥i¿i,§_,,1.00,1.00,8.00,8.00,1,1,1,1,8.00,8.00,0,0,,¦³¹Ï¤ù,,0,,0,,V03AB35,,,,,0,,0,,AMP,,¤£µ¹¥I¶·¦Û¥I,¤£µ¹¥I¶·¦Û¥I,,,,§_,Liquid,SOL,,,200.00,mg,2.00,mL,¬Ò¥i,³æ¦¸¿éª`,PH034,202101261424,0,4620.00
IBUR,20060711,99999999,°±¥Î,Burinex inj 2mg/4mL,Burinex inj 2mg/4mL,Bumetanide,IV,,CAVS,CV-03-02,°w¾¯,AMP,Burinex inj,«D²Õ®M,°±¥Î,,¤w°±¥Î,¬O,¤£¥i¥ÎÃÄ¥]¾÷,¥i¥Î,¤@¯ë,¦¸­p¶q¶i¦ì,¾AÀ³¯g:¬°§Q§¿¾¯¡A¥Î©óªvÀø°ª¦åÀ£¡B«æ©ÊªÍ¤ô¸~,,Indication: Hypertension¡A liver cirrhosis¡A renal diseases.,,¥~ Æ[: 4 ml ¦wÞÀ,,,,,¬Ò¥i¥Î,¥²·çª`®g²G,Burinex inj 2mg/4mL,,,§_,¬O,,,,,,,,,¤@¯ë,ª`®g,Äµ »y:¹ïÁDÓiÃÄ¹L±ÓªÌ¸T¥Î,,,,,¬O,1.0,,§_,§_,§_,³æ¤è,§_,¥i¥Î,¥i¥Î,¤£¥i¿i,¬O,,1.00,1.00,999.00,999.00,999,999,1,1,0,0,0,0,,¦³¹Ï¤ù,,0,,0,,C03CA02,,,,,,,,,AMP,,°·«Oµ¹¥I,°·«Oµ¹¥I,BUMETANIDE,C03CA02,B019109219,§_,Liquid,IVSOL,,,,,,,¬Ò¥i,³æ¦¸¿éª`,PH008,201505121923,47.10,61.00
IBUS,19960101,99999999,°±¥Î,Buscopan inj 20mg/1mL,Buscopan inj 20mg/1mL,Hyoscin-Butylbromide,IM,,ALIM,GI-05-00,°w¾¯,AMP,Buscopan,«D²Õ®M,°±¥Î,IFUC,¤@¯ë¥i¥Î,¬O,¤£¥i¥ÎÃÄ¥]¾÷,,¤@¯ë,¦¸­p¶q¶i¦ì,¾AÀ³¯g:¥Dªv­G¸z¡BÁxºÞ¡Bªc§¿¹Dµ¥¥­·Æ¦Ù¤§µjÅË,,,,,,,,,,¸É´µ¥i­Dª`®g²G,Buscopan inj 20mg/1mL,,,§_,¬O,,,,,,,,,¤@¯ë,ª`®g,Äµ »y:½Ð¿í·ÓÂå®v«ü¥Ü¨Ï¥Î¡A­Yµo¥ÍºÃ¦üÃÄª«¤£¨}¤ÏÀ³½Ð§iª¾Âå¥Í¡C,,,,,¬O,1.0,,§_,§_,§_,³æ¤è,§_,¥i¥Î,¥i¥Î,¤£¥i¿i,¬O,,1.00,1.00,2.00,2.00,999,999,1,1,0,0,0,0,,µL¹Ï¤ù,,0,,0,,,,,,,,,,,AMP,§_,°·«Oµ¹¥I,°·«Oµ¹¥I,SCOPOLAMINE,A03BB01,B022727209,§_,Liquid,SOL,,,,,,,¬Ò¥i,³æ¦¸¿éª`,PH008,201403201326,15.00,19.00
ICAC,20140708,99999999,¥i¥Î,Cacare inj 2mcg/1mL,Cacare inj 2mcg/1mL,Calcitriol,IVPUSH,,META,NU-02-00,°w¾¯,AMP,,«D²Õ®M,°±¥Î,,¤@¯ë¥i¥Î,¬O,¤£¥i¥ÎÃÄ¥]¾÷,±ø¥ó¤Uµ¹¥I,¤@¯ë,¦¸­p¶q¶i¦ì,¾AÀ³¯g:³B²zªø´ÁµÇÅ¦³zªRªº§C¦å¶t±¡§Î,,Indication:Management of hypocalcemia in patients,undergoing haemodialysis.,¥~ Æ[: Á×¥ú1 mL¦wÞÀ(amp),Appearance: 1 mL ampoule,µL¤O¡A ÀYµh¡A ¶ÝºÎ¡A äú¤ß¡A ¹Ã¦R¡A ¤f°®¡A «K¯µ,Weakness¡A headache¡A somnolence; nausea¡A vomiting¡A dry mouth¡A constipation,,¬Ò¥i¥Î,¶t¥ý,Cacare inj 2mcg/ml,,,,¬O,,¤Å¥Î©ó°ª¦å¶t¤Îºû¥L©RD¤¤¬r±wªÌ,,,,,,,¤@¯ë,ª`®g,Äµ »y:½Ð¤Å»Pºû¥Í¯À D »s¾¯¨Ö¥Î,,,0,0,§_,1.0,,§_,¬O,§_,³æ¤è,§_,°±¥Î,°±¥Î,¤£¥i¿i,¬O,,1.00,1.00,2.00,2.00,99,99,1,1,2.00,2.00,0,0,,¦³¹Ï¤ù,,0,,0,,A11CC04,,,,,0,,0,,AMP,,¤£µ¹¥I¶·¦Û¥I,¤£µ¹¥I¶·¦Û¥I,,,,§_,Liquid,IVSOL,,,2.00,mcg,1.00,mL,¬Ò¥i,³æ¦¸¿éª`,PH047,202401101422,0,140.00
ICAG,20131105,99999999,¥i¥Î,Calglon inj 10% 10mL,Calglon inj 10% 10mL,Calcium gluconate,IVD,,NUTR,NU-03-00,°w¾¯,AMP,,«D²Õ®M,,,¤@¯ë¥i¥Î,¬O,¥i¥ÎÃÄ¥]¾÷,,¤@¯ë,¦¸­p¶q¶i¦ì,¾AÀ³¯g:¶tÂ÷¤l¤£¨¬,,Indication:Ca deficiency,,¥~ Æ[:10mL ¦wÞÀ,Appearance: 10 mL Ampoule,°ª¦å¶t¡A¤ß«ß¤£¾ã¡A§C¦åÀ£,Hypercalcemia¡A arrhythmia¡A hypotension,,,¶t§J±d,Calglon 10%,,,§_,¬O,,IV§ë¤©®É³t²v¤£¥i¶W¹L 0.5 ~ 1.5 ml/min,,,,,,102¦~²Ä¥|¦¸ÃÄ©e·|¨MÄ³´À¥N,¤@¯ë,ª`®g,Äµ »y:IV§ë¤©®É³t²v¤£¥i¶W¹L 0.5 ~ 2 ml/min¡C,,,0,0,§_,1.0,,§_,¬O,§_,½Æ¤è,§_,¥i¥Î,¥i¥Î,¤£¥i¿i,¬O,,1.00,1.00,3.00,5.00,999,999,1,1,6.00,6.00,3.00,3.00,,¦³¹Ï¤ù,,93.00,mg,0,,A12AA03,A12AA20,,,,,,,,AMP,§_,°·«Oµ¹¥I,°·«Oµ¹¥I,CALCIUM GLUCONATE,A12AA03,AC58006229,§_,Liquid,IVSOL,,,93.00,mg,10.00,mL,¥²¶·µ}ÄÀ,³æ¦¸\«ùÄò¿éª`,PH032,202111120842,15.00,20.00
ICAG1,20160718,99999999,°±¥Î,Calcium gluconate inj 10%¡A 10mL (±M®×¶i¤f),Calcium gluconate inj 10%¡A 10mL (±M®×¶i¤f),Calcium gluconate,IVD,ST,NUTR,NU-03-00,°w¾¯,AMP,Calcium gluconate,«D²Õ®M,°±¥Î,,,¬O,¥i¥ÎÃÄ¥]¾÷,,¤£¦LÃÄÅÒ,Á`¶q¶i¦ì,¾AÀ³¯g:¶tÂ÷¤l¤£¨¬,,Indication:Ca deficiency,,¥~ Æ[: 10mL ¤p²~,Appearance: 10 mL bottle,Hypercalcemia¡A arrhythmia¡A hypotension,°ª¦å¶t¡A¤ß«ß¤£¾ã¡A§C¦åÀ£,,¥u¥Î©óªù¶E¤Î¦í°|STAT,Calcium gluconate inj 10%¡A 10mL,Calcium gluconate inj 10%,,,,¬O,,¥»«~­­TPN½Õ°t¨Ï¥Î¡A¸T¤îª½±µ¨Ï¥Î©óÀR¯ßª`®g¡C,,For TPN formulation use only.,,,,¶È¨ÑTPN½Õ°t¨Ï¥Î¡C,¤@¯ë,ª`®g,Äµ »y:ÃÄ§½½Õ¾¯¡A «D¤@¯ë¥æ¥IÃÄ«~,,,0,0,§_,1.0,,¬O,§_,§_,³æ¤è,§_,°±¥Î,¥i¥Î,¤£¥i¿i,§_,,1.00,1.00,1.00,1.00,1,1,1,1,1.00,1.00,0,0,,¦³¹Ï¤ù,,0,,0,,A12AA20,,,,,0,,0,,AMP,§_,¤£µ¹¥I¶·¦Û¥I,¤£µ¹¥I¶·¦Û¥I,,,,,Liquid,IVSOL,,,,,,,¬Ò¥i,³æ¦¸¿éª`,PH006,202401281039,0,90.00
ICAG2,20130507,99999999,°±¥Î,Ca. gluconate 10% 200mL,Ca. gluconate 10% 200mL,Calcium gluconate,,,NUTR,NU-03-00,°w¾¯,BOT,Calcium gluconate,«D²Õ®M,°±¥Î¡A¥i¬dÃþ¦üÃÄ,,³æ¦ìÁ{±Ä,¬O,¤£¥i¥ÎÃÄ¥]¾÷,°·«O¤£µ¹¥I,¤£¦LÃÄÅÒ,Á`¶q¶i¦ì,¾AÀ³¯g:¶tÂ÷¤l¤£¨¬,,Indication:Ca deficiency,,¥~ Æ[: 200mL ¬Á¼þ²~,Appearance: 200 mL glass bottle,Hypercalcemia¡A arrhythmia¡A hypotension,°ª¦å¶t¡A¤ß«ß¤£¾ã¡A§C¦åÀ£,,¥u¥Î©óªù¶E¤Î¦í°|STAT,¸²µå¿}»Ä¶tª`®g²G 10 %,Ca. gluconate 10% 200mL,,,§_,¬O,,¥»«~­­TPN½Õ°t¨Ï¥Î¡A¸T¤îª½±µ¨Ï¥Î©óÀR¯ßª`®g¡C,,For TPN formulation use only.,,,,¥»«~¬°200 mL¥]¸Ë¡A¶È¨ÑTPN½Õ°t¨Ï¥Î¡A¸T¤îª½±µ¨Ï¥Î©óÀR¯ßª`®g¡C¶t 0.465 meq/mL,¤@¯ë,ª`®g,Äµ »y:ÃÄ§½½Õ¾¯¡A «D¤@¯ë¥æ¥IÃÄ«~,,,0,0,¬O,1.0,,¬O,§_,§_,³æ¤è,§_,°±¥Î,¥i¥Î,¤£¥i¿i,¬O,,1.00,1.00,0.10,0.10,1,1,1,1,0.10,0.10,0,0,,µL¹Ï¤ù,,0,,0,,A12AA20,,,,,,,,,BOT,§_,¤£µ¹¥I¶·¦Û¥I,¤£µ¹¥I¶·¦Û¥I,,,,§_,Liquid,IVSOL,,,,,,,¬Ò¥i,³æ¦¸¿éª`,PH006,201809300845,0,138.00
ICAGL,20160922,99999999,°±¥Î,Calcium gluconate inj 10%¡A 10mL,Calcium gluconate inj 10%¡A 10mL,Calcium gluconate,IVD,ST,NUTR,NU-03-00,°w¾¯,AMP,Calcium gluconate,«D²Õ®M,°±¥Î,,¤@¯ë¥i¥Î,¬O,¥i¥ÎÃÄ¥]¾÷,,¤£¦LÃÄÅÒ,Á`¶q¶i¦ì,¾AÀ³¯g:¶tÂ÷¤l¤£¨¬,,Indication:Ca deficiency,,¥~ Æ[: 10mL ´Ä¦â¦w²~,Appearance: 10mL Ampule,Hypercalcemia¡A arrhythmia¡A hypotension,°ª¦å¶t¡A¤ß«ß¤£¾ã¡A§C¦åÀ£,,¥u¥Î©óªù¶E¤Î¦í°|STAT,¸²µå¿}»Ä¶tÀR¯ßª`®g²G (ÀÙ¥Í),Calcium gluconate inj 10%,,,,¬O,,¥»«~­­TPN½Õ°t¨Ï¥Î¡A¸T¤îª½±µ¨Ï¥Î©óÀR¯ßª`®g¡C,,For TPN formulation use only.,,ÀR¯ßÂIºw«ØÄ³¨Ï¥Î0.22 micron fillter,Use of a 0.22 micron inline filter for IV administration.,¶È¨ÑTPN½Õ°t¨Ï¥Î¡C,¤@¯ë,ª`®g,Äµ »y:ÃÄ§½½Õ¾¯¡A «D¤@¯ë¥æ¥IÃÄ«~,,,0,0,§_,1.0,,¬O,§_,§_,³æ¤è,§_,°±¥Î,¥i¥Î,¤£¥i¿i,§_,,1.00,1.00,1.00,1.00,1,1,1,1,1.00,1.00,0,0,,¦³¹Ï¤ù,,0,,0,,A12AA03,,,,,0,,0,,AMP,,°·«Oµ¹¥I,°·«Oµ¹¥I,CALCIUM GLUCONATE,A12AA03,AC01923229,,Liquid,IVSOL,,,,,,,¬Ò¥i,³æ¦¸¿éª`,PH006,201809300846,15.00,20.00
ICAL,20130916,99999999,°±¥Î,Calcijex inj 2mcg/1mL,Calcijex inj 2mcg/1mL,Calcitriol,IV,,META,NU-02-00,°w¾¯,AMP,,«D²Õ®M,°±¥Î,ICAC,¤@¯ë¥i¥Î,¬O,¤£¥i¥ÎÃÄ¥]¾÷,±ø¥ó¤Uµ¹¥I,¤@¯ë,¦¸­p¶q¶i¦ì,¾AÀ³¯g:³B²zªø´ÁµÇÅ¦³zªRªº§C¦å¶t±¡§Î,,Indication:Management of hypocalcemia in patients,undergoing haemodialysis.,¥~ Æ[: Á×¥ú1 mL¦wÞÀ(amp),Appearance: 1 mL ampoule,µL¤O¡A ÀYµh¡A ¶ÝºÎ¡A äú¤ß¡A ¹Ã¦R¡A ¤f°®¡A «K¯µ,Weakness¡A headache¡A somnolence; nausea¡A vomiting¡A dry mouth¡A constipation,,¬Ò¥i¥Î,,Calcijex inj 2mcg/1mL,,,§_,¬O,,¤Å¥Î©ó°ª¦å¶t¤Îºû¥L©RD¤¤¬r±wªÌ,,,,,,,¤@¯ë,ª`®g,Äµ »y:½Ð¤Å»Pºû¥Í¯À D »s¾¯¨Ö¥Î,,,0,0,§_,1.0,,§_,§_,§_,³æ¤è,§_,¥i¥Î,¥i¥Î,¤£¥i¿i,¬O,,1.00,1.00,99.00,99.00,99,99,1,1,2.00,2.00,0,0,,¦³¹Ï¤ù,,0,,0,,A11CC04,,,,,,,,,AMP,,¥Ó³ø¤£­p»ù,¥Ó³ø¤£­p»ù,,,,§_,Liquid,IVSOL,,,,,,,¬Ò¥i,³æ¦¸¿éª`,PH034,202004291513,0,174.00
ICAL1,20040430,99999999,°±¥Î,Calcijex 1mcg,Calcijex 1mcg,Calcitriol,IV,,META,ME-06-00,°w¾¯,AMP,,«D²Õ®M,°±¥Î¡A¥i¬dÃþ¦üÃÄ,,¤w°±¥Î,§_,¤£¥i¥ÎÃÄ¥]¾÷,°·«O¤£µ¹¥I,¤£¦LÃÄÅÒ,Á`¶q¶i¦ì,¾AÀ³¯g:³B²zªø´ÁµÇÅ¦³zªRªº§C¦å¶t±¡§Î,,Indication:Hypocalcemia in chronic renal dialysis patients,,¥~ Æ[: 1 mcg ¦wÞÀ,,,,,¥u¥Î©óªù¶E¤Î¦í°|STAT,¶t½ç¦Nª`®g¾¯,Calcijex 1mcg,,,§_,¬O,,,,,,,,,¤@¯ë,ª`®g,Äµ »y:½Ð¤Å»Pºû¥Í¯À D »s¾¯¨Ö¥Î,,,,,§_,1.0,,§_,§_,§_,³æ¤è,§_,¥i¥Î,¥i¥Î,¤£¥i¿i,§_,,1.00,1.00,99.00,99.00,99,99,1,1,0,0,0,0,,¦³¹Ï¤ù,,0,,0,,,,,,,,,,,AMP,,¤£µ¹¥I¶·¦Û¥I,¤£µ¹¥I¶·¦Û¥I,,,,§_,Liquid,IVSOL,,,,,,,¬Ò¥i,³æ¦¸¿éª`,PH008,201403201326,0,204.00
ICAL2,20110815,99999999,°±¥Î,Caltsue inj 4mcg/2mL,Caltsue inj 4mcg/2mL,Calcitriol,IV,,META,ME-06-00,°w¾¯,AMP,Calcijex,«D²Õ®M,°±¥Î¡A¥i¬dÃþ¦üÃÄ,,¤@¯ë¥i¥Î,¬O,¤£¥i¥ÎÃÄ¥]¾÷,±ø¥ó¤Uµ¹¥I,¤@¯ë,¦¸­p¶q¶i¦ì,¾AÀ³¯g:³B²zªø´ÁµÇÅ¦³zªRªº§C¦å¶t±¡§Î,,Indication:Management of hypocalcemia in patients undergoing,chronic renal dialysis.,¥~ Æ[:2mL¦wÞÀ,Apperance:2mL amp,µL¤O¡A ÀYµh¡A ¶ÝºÎ¡A äú¤ß¡A ¹Ã¦R¡A ¤f°®¡A «K¯µ,Weakness¡A headache¡A somnolence; nausea¡A vomiting¡A dry mouth¡A constipation,,¬Ò¥i¥Î,¶tª`¯qª`®g²G,Caltsue inj 4mcg/2mL,,,§_,¬O,,¤Å¥Î©ó°ª¦å¶t¤Îºû¥L©RD¤¤¬r±wªÌ,,Don't used for hypercalcemia or evidence of vit D toxicity.,,,,10¼Ó¬~µÇ«Ç¨Ï¥Î¡A2013¦~²Ä¤T¦¸ÃÄ©e·|¨MÄ³§R°£,¤@¯ë,ª`®g,,,,0,0,§_,1.0,,§_,§_,§_,³æ¤è,§_,¥i¥Î,¥i¥Î,¤£¥i¿i,¬O,,1.00,1.00,9.00,9.00,99,99,1,1,9.00,9.00,0,0,,¦³¹Ï¤ù,,0,,0,,,,,,,,,,,AMP,,¥Ó³ø¤£­p»ù,¥Ó³ø¤£­p»ù,,,,§_,Liquid,IVSOL,,,,,,,¬Ò¥i,³æ¦¸¿éª`,PH036,201508031607,0,72.00
ICAM,20040501,99999999,°±¥Î,Campto inj 100mg/5mL,Campto inj 100mg/5mL,Irinotecan,IVD,,RACA,ON-07-01,°w¾¯,mg,,«D²Õ®M,°±¥Î,IIRI,¤w°±¥Î,¬O,¤£¥i¥ÎÃÄ¥]¾÷,±ø¥ó¤Uµ¹¥I,¤@¯ë,Á`¶q¶i¦ì,¾AÀ³¯g:¬°§Ü¸~½FÃÄ,,,,,,,,,¬Ò¥i¥Î,§ÜÀù§´ÀR¯ß¿éª`¿@ÁY²G,Campto inj 100mg/5mL,,,§_,¬O,,,,,,,,,¤ÆÀø,¤ÆÀø,Äµ »y:¥»«~¬°­«¯gªvÀøÃÄª«¡A½Ð¨Ì·ÓÂå®v«ü¥Ü¨Ï¥Î¡C,Äµ °ªÄµ°T,,,,§_,100.0,,§_,§_,§_,³æ¤è,§_,¥i¥Î,¥i¥Î,¤£¥i¿i,¬O,,1.00,1.00,700.00,700.00,1,1,1,1,0,0,0,0,,µL¹Ï¤ù,,0,,0,,L01CE02,,,,,,,,,VAL,§_,°·«Oµ¹¥I,°·«Oµ¹¥I,IRINOTECAN,L01CE02,B022473221,§_,Liquid,IVSOL,,,,,,,¬Ò¥i,³æ¦¸¿éª`,PH032,202303261553,8270.00,9924.00
ICAN,20140218,99999999,°±¥Î,Cancidas inj 50mg,Cancidas inj 50mg,Caspofungin,IVD,QD,QANB,AI-02-00,°w¾¯,Vial,Cancidas,«D²Õ®M,Á{±ÄÃÄ¡A½Ð³qª¾ÃÄ§½¥~ÁÊ,,­Ó®×Á{±Ä,¬O,¤£¥i¥ÎÃÄ¥]¾÷,¥i¥Î,¤@¯ë,Á`¶q¶i¦ì,¾AÀ³¯g:§ÜÅðµßÃÄ,,Indication:Antifungal drug,,¥~ Æ[:³z©ú¤p²~(Vial)¡A¥Õ¦â¥~»\¡A¥Õ¦â¬õ¦â¬Û¶¡¥~¶K¯È,Appearance: Vial with white cap,§C¦åÀ£¡A¦åºÞ¯«¸g©Ê¤ô¸~¡A¬È´H¡AÀYµh¡A¥Ö¯l¡A§C¹[¦å¯g,Hypotension¡A peripheral edema¡A chills¡A headache¡A skin rash¡A hypokalemia ,¯S®íÃþ§Ü¥Í¯À,¥u¥Î©ó¦í°|,Åð®§¤îª`®g¾¯50²@§J,Cancidas inj 50mg,,,§_,¬O,,ªvÀø´Á¶¡»ÝºÊ´ú¨x¥\¯à,,Monitor liver function tests during therapy.,,,,,¤@¯ë,ª`®g,Äµ »y:ªø´Á§ë»PÀ³¯d·N¨xÅ¦¥\¯àÅÜ¤Æ¡A¤Å¶¼°s¡C,,,0,0,§_,1.0,,§_,¬O,§_,³æ¤è,§_,°±¥Î,°±¥Î,¤£¥i¿i,¬O,,1.00,1.00,2.00,2.00,1,1,7,7,2.00,2.00,0,0,,¦³¹Ï¤ù,,0,,0,,J02AX04,,,,,50.00,mg,50.00,mg,VIAL,,°·«Oµ¹¥I,°·«Oµ¹¥I,CASPOFUNGIN,J02AX04,B023485248,§_,,,,,50.00,mg,,,¥²¶·µ}ÄÀ,³æ¦¸¿éª`,PH008,201904221615,9500.00,11400.00
ICAR,20031225,99999999,°±¥Î,Carboplatin inj 150mg/15mL,Carboplatin inj 150mg/15mL,Carboplatin,IVD,,RACA,ON-01-02,°w¾¯,mg,Carboplatin,«D²Õ®M,°±¥Î,ICAR1,¤@¯ë¥i¥Î,¬O,¤£¥i¥ÎÃÄ¥]¾÷,¥i¥Î,¤@¯ë,Á`¶q¶i¦ì,¾AÀ³¯g:¬°§Ü¸~½FÃÄ,,Indication:Cancer therapy.,,¥~ Æ[:15mL ´Ä¶Â¦â¤p²~,,°©Åè§í¨î¡A äú¤ß¡A ¹Ã¦R¡A ¸¡µh¡A ¸¡Âm,Myelosuppression; nausea & vomiting¡A abdominal pain¡A diarrhea.,,¬Ò¥i¥Î,§J¥»½Fª`®g²G,Carboplatin,,,§_,¬O,,¥»ÃÄ¥i¯à·|³y¦¨¦Õ¬r©Ê¤Î¶gÃä¯«¸g¯fÅÜ,,,,,,,¤ÆÀø,¤ÆÀø,Äµ»y¡G¥»ÃÄ¥i¯à·|³y¦¨¦Õ¬r©Ê¤Î¶gÃä¯«¸g¯fÅÜ¡C,Äµ °ªÄµ°T,,20.0,-20.0,,150.0,,§_,§_,§_,³æ¤è,§_,¥i¥Î,¥i¥Î,¤£¥i¿i,¬O,,1.00,1.00,800.00,800.00,1,1,1,1,800.00,800.00,0,0,,¦³¹Ï¤ù,,0,,0,,L01XA02,,,,,,,,,VAL,,°·«Oµ¹¥I,°·«Oµ¹¥I,,,,§_,Liquid,IVSOL,,,,,,,¬Ò¥i,³æ¦¸¿éª`,PH032,202109091808,0,1782.00
ICAR1,20140325,99999999,°±¥Î,Carboplatin inj 150mg/15mL,Carboplatin inj 150mg/15mL,Carboplatin,IVD,,RACA,ON-01-02,°w¾¯,mg,Carboplatin,«D²Õ®M,°±¥Î,IPAR,¤@¯ë¥i¥Î,¬O,¤£¥i¥ÎÃÄ¥]¾÷,¥i¥Î,¤@¯ë,Á`¶q¶i¦ì,¾AÀ³¯g:¬°§Ü¸~½FÃÄ,,Indication:Cancer therapy.,,¥~ Æ[:15mL ³z©ú¤p²~,,°©Åè§í¨î¡A äú¤ß¡A ¹Ã¦R¡A ¸¡µh¡A ¸¡Âm,Myelosuppression; nausea & vomiting¡A abdominal pain¡A diarrhea.,,¬Ò¥i¥Î,¥d§B©Ô¤Bª`®g²G,Carboplatin,,,,¬O,,¥»ÃÄ¥i¯à·|³y¦¨¦Õ¬r©Ê¤Î¶gÃä¯«¸g¯fÅÜ,,,,,,,¤ÆÀø,¤ÆÀø,Äµ»y¡G¥»ÃÄ¥i¯à·|³y¦¨¦Õ¬r©Ê¤Î¶gÃä¯«¸g¯fÅÜ¡C,Äµ °ªÄµ°T,,0,0,§_,150.0,,§_,§_,§_,³æ¤è,§_,¥i¥Î,¥i¥Î,¤£¥i¿i,¬O,,1.00,1.00,800.00,800.00,1,1,1,1,800.00,800.00,0,0,,¦³¹Ï¤ù,,0,,0,,L01XA02,,,,,,,,,VIAL,,¤£µ¹¥I¶·¦Û¥I,¤£µ¹¥I¶·¦Û¥I,,,,§_,Liquid,IVSOL,,,150.00,mg,15.00,mL,¬Ò¥i,³æ¦¸¿éª`,PH032,202109091808,0,2054.00
ICAR2,20230920,99999999,¥i¥Î,Carboplatin inj 150mg/15mL,Carboplatin inj 150mg/15mL,Carboplatin,IVD,,RACA,ON-01-02,°w¾¯,mg,Carboplatin,«D²Õ®M,,,¤@¯ë¥i¥Î,¬O,¤£¥i¥ÎÃÄ¥]¾÷,±ø¥ó¤Uµ¹¥I,¤@¯ë,Á`¶q¶i¦ì,¾AÀ³¯g:¬°§Ü¸~½FÃÄ,°t»s«á«O¦s´Á­­¡G8hrs(25¢XC)¡A½Õ»s®É¶¡¡G,Indication: Antineoplastic (anti-tumor) drug.,,¥~ Æ[:15mL³z©ú¤p²~¡AÂÅ¦â»\¤l¡A¥Õ¦â¼ÐÅÒ¡C,Appearance: 15mL clear vial¡A blue cap¡A white label.,°©Åè§í¨î¡Bäú¤ß¡B¹Ã¦R¡B¸¡µh¡B¸¡Âm¡C,Bone marrow suppression¡A nausea¡A vomiting¡A abdominal pain¡A diarrhea.,,¬Ò¥i¥Î,«g¹`°±ÀR¯ßª`®g²G150²@§J/15²@¤É,¡I¡ICarboplatin,,,,¬O,,¥»ÃÄ¥i¯à·|³y¦¨¦Õ¬r©Ê¤Î¶gÃä¯«¸g¯fÅÜ¡C,,Precaution: May cause ototoxicity and peripheral neuropathy.,,¤£¥i¨Ï¥Î§t¾T°wÀY¡A©Î¥i¯à»PÃÄ«~±µÄ²³¡¦ì§t¾TªºÀR¯ßµ¹ÃÄ¾¹²Õ¡C,Avoid use with aluminum-containing needles or IV administration sets.,2023Q3 ÃÄ©e·s¶i,¤ÆÀø,¤ÆÀø,Äµ»y¡G¥»ÃÄ¥i¯à·|³y¦¨¦Õ¬r©Ê¤Î¶gÃä¯«¸g¯fÅÜ¡C,Äµ °ªÄµ°T,,0,0,¬O,150.0,,§_,¬O,§_,³æ¤è,,°±¥Î,,¤£¥i¿i,¬O,,1.00,1.00,800.00,800.00,3,3,1,1,800.00,800.00,0,0,,¦³¹Ï¤ù,,0,,0,,L01XA02,,,,,0,,0,,VIAL,,°·«Oµ¹¥I,°·«Oµ¹¥I,CARBOPLATIN,L01XA02,AC57314235,§_,Liquid,IVSOL,¦M®`¤@¯Å(¡I¡I),,150.00,mg,15.00,mL,¥²¶·µ}ÄÀ,³æ¦¸¿éª`,PH047,202312151126,1201.00,1441.00
ICARN,20181001,99999999,¥i¥Î,L-Carnit inj 1gm/5mL,L-Carnit inj 1gm/5mL,L-carnitine,IVD,,NUTR,NU-04-05,°w¾¯,AMP,Carnitine,«D²Õ®M,Á{±ÄÃÄ¡A½Ð³qª¾ÃÄ§½¥~ÁÊ,,¥»°|Á{±Ä²M³æ,¬O,¥i¥ÎÃÄ¥]¾÷,¥i¥Î,¤@¯ë,¦¸­p¶q¶i¦ì,¾AÀ³¯g:Carnitine¯Ê¥F¯g,,Indication:Carnitine deficiency,,¥~ Æ[:5²@¤É¦wÞÀ,Appearance: 5mL ampoule,°ª¦åÀ£¡A¯Ýµh¡AÀYµh¡AÀY·w¡A·PÄ±²§±`¡A°ª¶t¦å¯g¡A«y¹Â,Hypertension¡A chest pain¡A headache¡A dizziness¡A paresthesia¡A hypercalcemia¡A cough,,¬Ò¥i¥Î,Àu¥[¤Oª`®g¾¯1¤½§J/5²@¤É,L-Carnit inj 1gm/5mL,,,§_,¬O,,ÀR¯ß¿éª`¦Ü¤Ö30¤ÀÄÁ,,IV infusion over 30 minutes,,¥i¯à¤Þ°_äú¤ß¡A¹Ã¦R¯gª¬,Precaution: May cause nausea¡A vomiting.,¨u¨£¯e¯f¥ÎÃÄ,¤@¯ë,¤@¯ë,ÀR¯ß¿éª`¦Ü¤Ö30¤ÀÄÁ,,,0,0,§_,1.0,,§_,¬O,§_,³æ¤è,§_,°±¥Î,°±¥Î,¤£¥i¿i,¬O,,0,0,6.00,6.00,999,999,1,1,18.00,18.00,0,0,,¦³¹Ï¤ù,,0,,0,,A16AA01,,,,,0,,0,,AMP,,¤£µ¹¥I¶·¦Û¥I,¤£µ¹¥I¶·¦Û¥I,,,,§_,Liquid,IVSOL,,,1.00,GM,5.00,mL,¥²¶·µ}ÄÀ,³æ¦¸\«ùÄò¿éª`,PH008,202004220939,0,288.00
ICAV,20040621,99999999,¥i¥Î,Caverject 20mcg inj,Caverject 20mcg inj,Alprostadil,LI,,SGU,UR-03-00,°w¾¯,VAL,Caverject,«D²Õ®M,Á{±ÄÃÄ¡A½Ð³qª¾ÃÄ§½¥~ÁÊ,,­Ó®×Á{±Ä,¬O,¤£¥i¥ÎÃÄ¥]¾÷,¥i¥Î,¤@¯ë,Á`¶q¶i¦ì,¾AÀ³¯g:¨k©Ê©Ê¥\¯à»ÙÃª,,Indication:Erectile dysfunction,,¥~ Æ[:1¤ä¤p²~­á´¹°®¯»¤Î1¤p²~¸Ëµ}ÄÀ²G¡C,,³±²ô¯kµh¡A ª`®g³¡¦ì¦å¸~¡A ©µ¿ð®gºë,Penile pain¡A haematoma at the site of inj¡A prolonged erection,,¬Ò¥i¥Î,¥dºû³Ç¯Sª`®g¾¯,Caverject 20mcg inj,,,§_,¬O,,µo¥Í¥ô¦óªø®É¶¡«k°_À³¥ß§Y§iª¾Âå®v¡A²§±`«k°_¤£¥i¶W¹L6¤p®É¡C,,Notify your doctor if any erection that persists for longer than 4 hours.,,,,110¦~Q1ÃÄ©e·|§R°£,¤@¯ë,ª`®g,Äµ »y:µo¥Í¥ô¦óªø®É¶¡«k°_À³¥ß§Y§iª¾Âå®v.,,,,,¬O,1.0,,§_,¬O,§_,³æ¤è,§_,°±¥Î,°±¥Î,¤£¥i¿i,¬O,,1.00,1.00,1.00,1.00,999,999,1,1,2.00,2.00,0,0,,¦³¹Ï¤ù,,0,,0,,C01EA01,G04BE01,,,,,,,,VAL,,°·«Oµ¹¥I,°·«Oµ¹¥I,ALPROSTADIL (=PGE1),G04BE01,BC20936238,§_,Liquid,SOL,,,20.00,mcg,,,¬Ò¥i,³æ¦¸¿éª`,PH047,202402121413,569.00,683.00
ICEF,19960101,99999999,°±¥Î,Cefamezin inj 1gm,Cefamezin inj 1gm,Cefazolin,IV,Q8H,QANB,AI-01-02,°w¾¯,VAL,Cefamezin,«D²Õ®M,°±¥Î,ICEF1,¤@¯ë¥i¥Î,¬O,¤£¥i¥ÎÃÄ¥]¾÷,,¤@¯ë,Á`¶q¶i¦ì,¾AÀ³¯g:²Óµß©Ê·P¬V,,,,,,,,¤@¯ëÃþ§Ü¥Í¯À,,,Cefamezin inj 1gm,,,§_,¬O,,,,,,,,,¤@¯ë,ª`®g,,,,,,¬O,1.0,,§_,§_,§_,³æ¤è,§_,¥i¥Î,¥i¥Î,¤£¥i¿i,¬O,,1.00,1.00,2.00,2.00,7,7,1,1,0,0,0,0,,µL¹Ï¤ù,,0,,0,,J01DB04,,,,,1.00,g,3.00,g,VAL,§_,°·«Oµ¹¥I,°·«Oµ¹¥I,CEFAZOLIN (=CEPHAZOLIN),J01DB04,A030810209,§_,Liquid,IVSOL,,,,,,,¬Ò¥i,³æ¦¸¿éª`,PH009,201707171612,94.00,113.00
ICEF1,20130619,99999999,¥i¥Î,Cefa inj 1gm,Cefa inj 1gm,Cefazolin,IVD,Q8H,QANB,AI-01-02,°w¾¯,VAL,Cefamezin,«D²Õ®M,,,¤@¯ë¥i¥Î,¬O,¥i¥ÎÃÄ¥]¾÷,±ø¥ó¤Uµ¹¥I,¤@¯ë,¤é¾¯¶q¶i¦ì,¾AÀ³¯g:²Óµß©Ê·P¬V,,Indication:Bacterial infections.,,¥~ Æ[: ¬Á¼þ¤p²~¸Ë,Appearance: 1g powder / vial,¸¡Âm¡A ¹L±Ó¤ÏÀ³¡A ¦å²G¤è­±¯e¯f,Diarrhea¡A hypersensitivity reactions¡A blood disorders,¤@¯ëÃþ§Ü¥Í¯À,¬Ò¥i¥Î,«HµØª`®g¾¯,Cefa inj 1gm,,,§_,¬O,,¹ïÀYÌU¤lµß¯ÀÃþ§Ü¥Í¯À¹L±ÓªÌ¸T¥Î¡I,µÇ¥\¯à¤£¨¬ªÌ»Ý½Õ¾ã¾¯¶q,Should not be used in patients allergic to cephalosporin antibiotics!,Adjust dosage in renal impairment patients,¥HÀR¯ß±Àª`µ¹ÃÄ®É¡AÀ³¶W¹L3-5¤ÀÄÁ½wºCª`®g¡C,When IV bolus: inject slowly over 3 to 5 minutes,,¤@¯ë,ª`®g,¹ïÀYÌU¤lµß¯ÀÃþ§Ü¥Í¯À¹L±ÓªÌ¸T¥Î¡I,,,0,0,¬O,1.0,,§_,¬O,§_,³æ¤è,§_,°±¥Î,°±¥Î,¤£¥i¿i,¬O,,1.00,1.00,3.00,3.00,7,7,1,1,12.00,12.00,0.20,0.06,,¦³¹Ï¤ù,D/W,1000.00,mg,0,25-50 mg/Kg/day,J01DB04,,,,,1.00,g,3.00,g,VIAL,,°·«Oµ¹¥I,°·«Oµ¹¥I,CEFAZOLIN (=CEPHAZOLIN),J01DB04,AB29447209,§_,Liquid,IVSOL,,,1000.00,mg,,,¥²¶·µ}ÄÀ,³æ¦¸¿éª`,PH034,202104071343,25.00,33.00
ICEF7,20091228,99999999,°±¥Î,Cefuroxime inj 750mg,Cefuroxime inj 750mg,Cefuroxime,IVD,,QANB,AI-01-02,°w¾¯,VAL,Zinacef,«D²Õ®M,°±¥Î,IFUR,¤@¯ë¥i¥Î,¬O,¥i¥ÎÃÄ¥]¾÷,¥i¥Î,¤@¯ë,Á`¶q¶i¦ì,¾AÀ³¯g:²Óµß©Ê·P¬V,,Indication:Bacterial infections.,,¥~ Æ[:³z©ú¤p²~¡A¾ï¶À¦â¥~»\¡Aºñ¦â¥~Àô¡A¥Õ¦â¥~¶K¯È¡AÂÅ¦â¦r¼Ë,,¹L±Ó¤ÏÀ³¡A ¸z­G¤£­@¨ü©Ê,Allergic reactions¡A GI intolerance.,¤@¯ëÃþ§Ü¥Í¯À,¬Ò¥i¥Î,½çºÖ¼Ö«Hª`®g²G,Cefuroxime inj 750mg,,,§_,¬O,,­Yµo¥ÍÄY­«¹L±Ó©Îµo¯lµ¥¤£¾A¯gª¬¡A À³§Y°±ÃÄ¨Ã½Ð±ÐÂå®v,,Report to doctor¡A if any severe hypersensitivity or skin rash occur.,,,,,¤@¯ë,ª`®g,Äµ »y: ­Yµo¥ÍÄY­«¹L±Ó©Îµo¯lµ¥¤£¾A¯gª¬¡AÀ³§Y°±ÃÄ¨Ã½Ð±ÐÂå®v,,,,,¬O,1.0,,§_,§_,§_,³æ¤è,§_,°±¥Î,¥i¥Î,¤£¥i¿i,¬O,,1.00,1.00,2.00,2.00,7,7,1,1,0,0,0,0,,¦³¹Ï¤ù,,0,,0,,J01DC02,,,,,0.75,g,3.00,g,VIAL,§_,°·«Oµ¹¥I,°·«Oµ¹¥I,CEFUROXIME,J01DC02,AC30620289,§_,Liquid,IVSOL,,,,,,,¬Ò¥i,³æ¦¸¿éª`,PH009,201707171613,25.30,33.00
ICEFA,20070901,99999999,°±¥Î,Cefazolin inj 1gm,Cefazolin inj 1gm,Cefazolin,IVD,Q8H,QANB,AI-01-02,°w¾¯,VAL,Cefamezin,«D²Õ®M,°±¥Î,ICEF1,¤@¯ë¥i¥Î,¬O,¥i¥ÎÃÄ¥]¾÷,¥i¥Î,¤@¯ë,Á`¶q¶i¦ì,¾AÀ³¯g:²Óµß©Ê·P¬V,,Indication:Bacterial infections.,,¥~ Æ[:¬Á¼þ¤p²~¸Ë,Appearance: 1g powder / vial,¸¡Âm¡A ¹L±Ó¤ÏÀ³¡A ¦å²G¤è­±¯e¯f,Diarrhea¡A hypersensitivity reactions¡A blood disorders,¤@¯ëÃþ§Ü¥Í¯À,¥u¥Î©óªù¶E,¦èµØ¼ÖªLª`®g¾¯,Cefazolin inj 1gm,,,§_,¬O,,¹ïÀYÌU¤lµß¯ÀÃþ§Ü¥Í¯À¹L±ÓªÌ¸T¥Î¡I,,Should not be used in patients allergic to cephalosporin antibiotics!,,µÇ¥\¯à¤£¨¬ªÌ»Ý½Õ¾ã¾¯¶q,Adjust dosage in renal impairment patients,,¤@¯ë,ª`®g,¹ïÀYÌU¤lµß¯ÀÃþ§Ü¥Í¯À¹L±ÓªÌ¸T¥Î¡I,SA «÷­µ¬Û¦ü,,,,¬O,1.0,,§_,§_,§_,³æ¤è,§_,¥i¥Î,¥i¥Î,¤£¥i¿i,¬O,,1.00,1.00,2.00,2.00,7,7,1,1,6.00,6.00,0.10,0.10,,¦³¹Ï¤ù,,0,,0,,J01DB04,,,,,1.00,g,3.00,g,VAL,,°·«Oµ¹¥I,°·«Oµ¹¥I,CEFAZOLIN (=CEPHAZOLIN),J01DB04,AB15842209,§_,Liquid,IVSOL,,,,,,,¬Ò¥i,³æ¦¸¿éª`,PH006,201708291710,15.70,20.00
ICEFO,19960101,99999999,°±¥Î,Cefobid 0.5gm,Cefobid 0.5gm,Cefoperazone,IV,,QANB,AI-01-02,°w¾¯,VAL,Cefobid,«D²Õ®M,°±¥Î,,¤@¯ë¥i¥Î,¬O,¤£¥i¥ÎÃÄ¥]¾÷,,¤@¯ë,Á`¶q¶i¦ì,¾AÀ³¯g:²Óµß©Ê·P¬V,,,,,,,,ºÞ¨îÃþ§Ü¥Í¯À,,,Cefobid 0.5gm,,,§_,¬O,,,,,,,,,¤@¯ë,ª`®g,,,,,,¬O,1.0,,§_,§_,§_,³æ¤è,§_,¥i¥Î,¥i¥Î,¤£¥i¿i,¬O,,1.00,1.00,999.00,999.00,7,7,1,1,0,0,0,0,,µL¹Ï¤ù,,0,,0,,J01DD12,,,,,0.50,g,4.00,g,VAL,§_,°·«Oµ¹¥I,°·«Oµ¹¥I,CEFOPERAZONE,J01DD12,B020358277,§_,Liquid,IVSOL,,,,,,,¬Ò¥i,³æ¦¸¿éª`,PH009,201707171614,272.00,326.00
ICEFS,20230808,99999999,¥i¥Î,Ceft-S inj 1gm,Ceft-S inj 1gm,Ceftriaxone,,,QANB,AI-01-02,°w¾¯,Vial,Rocephin,«D²Õ®M,,,¤@¯ë¥i¥Î,¬O,¥i¥ÎÃÄ¥]¾÷,±ø¥ó¤Uµ¹¥I,¤@¯ë,¤é¾¯¶q¶i¦ì,¾AÀ³¯g:²Óµß©Ê·P¬V,,Indication:Antibiotic for infection.,,¥~ Æ[:³z©ú¬Á¼þ¤p²~(ºñ»\)§t¥Õ¦â¯»¥½¡C,Appearance: Glass vial with a green cap and white powder.,¸z­G¤£¾A¡Bª`®g³¡¦ì¯kµh¡B¦å²G¼Æ­È§ïÅÜ¡B¥Ö½§¹L±Ó¡B¾®¦å²§±`,GI upsets¡A pain¡A hematological changes¡A skin reactions¡A coagulation disorders,ºÞ¨îÃþ§Ü¥Í¯À,¬Ò¥i¥Î,½ç§´ÀR¯ßª`®g¾¯1¤½§J,Ceft-S inj 1gm,,,,¬O,,­Yµo¥ÍÄY­«¹L±Ó©Îµo¯lµ¥¤£¾A¯gª¬¡AÀ³§Y°±ÃÄ¨Ã½Ð±ÐÂå®v,,Inform doctor if any severe hypersensitivity or skin rash occurs.,,¤£¥i»P§t¶t·»²G²V¦X©Î¨Ö¥Î¡C,Do not mix or use together with calcium-containing solutions.,202308 ICTX¯Ê³f´À¥N,¤@¯ë,ª`®g,Äµ »y: ­Yµo¥ÍÄY­«¹L±Ó©Îµo¯lµ¥¤£¾A¯gª¬¡AÀ³§Y°±ÃÄ¨Ã½Ð±ÐÂå®v,,,0,0,¬O,1.0,,§_,¬O,§_,³æ¤è,§_,°±¥Î,°±¥Î,¤£¥i¿i,¬O,,1.00,1.00,4.00,4.00,7,7,1,1,4.00,4.00,0.20,0.10,,¦³¹Ï¤ù,D/W,1000.00,mg,0,50-100mg/kg q24h,J01DD04,,,,,1.00,g,2.00,g,VIAL,§_,°·«Oµ¹¥I,°·«Oµ¹¥I,CEFTRIAXONE,J01DD04,AC39940209,§_,Liquid,IVSOL,,,1000.00,mg,0,mL,¥²¶·µ}ÄÀ,³æ¦¸¿éª`,PH047,202308271537,66.00,83.00
ICEFT,20130207,99999999,¥i¥Î,Cetazine inj 1gm,Cetazine inj 1gm,Ceftazidime,IVD,,QANB,AI-01-02,°w¾¯,Vial,Fortum,«D²Õ®M,,,¤@¯ë¥i¥Î,¬O,¥i¥ÎÃÄ¥]¾÷,¥i¥Î,¤@¯ë,¦¸­p¶q¶i¦ì,¾AÀ³¯g: ²Óµß©Ê·P¬V,,Indication: Bacterial infections.,,¥~ Æ[:³z©ú¤p²~(Vial)¡A ºñ¦â»\¤l¡A ¥Õ¦â©³¥~¶K¯È,Appearance: Vial with green cap,¸¡Âm¡A ª`®g³¡¦ì¦å®êÀR¯ßª¢,Diarrhea¡A thrombophlebitis with IV administration.,ºÞ¨îÃþ§Ü¥Í¯À,¬Ò¥i¥Î,ÌU§´ª`®g¾¯ (¦è¥L§Q¥Å),Cetazine inj 1gm,,,§_,¬O,,­Yµo¥ÍÄY­«¹L±Ó©Îµo¯lµ¥¤£¾A¯gª¬¡A À³§Y°±ÃÄ¨Ã½Ð±ÐÂå®v,,Report to doctor¡A if any severe hypersensitivity or skin rash occur.,,,,,¤@¯ë,ª`®g,Äµ »y: ­Yµo¥ÍÄY­«¹L±Ó©Îµo¯lµ¥¤£¾A¯gª¬¡AÀ³§Y°±ÃÄ¨Ã½Ð±ÐÂå®v,SA «÷­µ¬Û¦ü,,0,0,¬O,1.0,,§_,¬O,§_,³æ¤è,§_,°±¥Î,°±¥Î,¤£¥i¿i,¬O,,1.00,1.00,4.00,4.00,7,7,1,1,12.00,12.00,0,0,,¦³¹Ï¤ù,D/W,1000.00,mg,0,30-100 mg/Kg/day,J01DD02,,,,,1.00,g,4.00,g,VIAL,,°·«Oµ¹¥I,°·«Oµ¹¥I,CEFTAZIDIME,J01DD02,AC41754209,§_,Liquid,IVSOL,,,1000.00,mg,,,¥²¶·µ}ÄÀ,³æ¦¸¿éª`,PH047,202309111224,35.40,46.00
ICER,20170905,99999999,°±¥Î,«O»_Cervarix (gsk) 0.5mL/dose,Cervarix HPV 0.5mL/dose,HPV type16/18 L1 protein,IM,STAT,HIMM,IM-02-02,°w¾¯,DOS,Cervarix,«D²Õ®M,°±¥Î,,¤@¯ë¥i¥Î,§_,¥i¥ÎÃÄ¥]¾÷,°·«O¤£µ¹¥I,¤@¯ë,Á`¶q¶i¦ì,¾AÀ³¯g:¹w¨¾¤l®cÀVÀù©Î¯fÅÜ,,Indication:Prevent cervical dysplasia¡Acervical carcinoma.,,¥~ Æ[: ²°¸Ë¡A¤º§t0.5mL ¹w¶ñ¥R°wµ©,Appearance: Prefilled syringe 0.5mL,ÀYµh¡A ¸z­G¤£¾A¡A Äo¡A ¥Ö¯l¡A ¦Ù¦×¯kµh¡A Ãö¸`µh,Headache¡A GI disturbances¡A itch¡A rash¡A myalgia¡A arthralgia,,¥u¥Î©óªù¶E¤Î¦í°|STAT,«O»_¤HÃþ¨Å¬ð¯f¬r²Ä16/18«¬¬Ì­],Cervarix HPV 0.5mL/dose,HPV2,,§_,¬O,,»â¨ú¬Ì­]«á¡A ½Ð¥ß§Y¦Üª`®g«Ç¨Ì«ü¥Ü¨Ï¥Î,,After receiving the vaccine¡A please go to the injection room immediately.,,³Æµù: «D¥Î©óªvÀø¤l®cÀVÀù,Not for treatment of cervical cancer.,,¤@¯ë,ª`®g,Äµ »y:»â¨ú¬Ì­]«á¡A½Ð¥ß§Y¦Üª`®g«Ç¨Ì«ü¥Ü¨Ï¥Î¡C,,,0,0,§_,1.0,,¬O,¬O,¬O,³æ¤è,§_,°±¥Î,°±¥Î,¤£¥i¿i,§_,,1.00,1.00,1.00,1.00,1,1,1,1,1.00,1.00,0,0,,¦³¹Ï¤ù,,0,,0,,J07BM02,,,,,0,,0,,VIAL,,¤£µ¹¥I¶·¦Û¥I,¤£µ¹¥I¶·¦Û¥I,,,,§_,Liquid,SOL,,,,,0.50,mL,,,PH006,202401281040,0,3500.00
ICER0,20190225,99999999,¥i¥Î,Cervarix (¤HÃþ¨Å¬ð¯f¬r¬Ì­]¡A¬F©²´£¨Ñ) 0.5mL/dose,Cervarix (HPV¡AGovernment) 0.5mL/dose,HPV type16/18 L1 protein,IM,STAT,HIMM,IM-02-02,°w¾¯,DOS,Cervarix,«D²Õ®M,¼t°Ó¯Ê³f,,¤@¯ë¥i¥Î,§_,¥i¥ÎÃÄ¥]¾÷,­­¥Î,¤@¯ë,Á`¶q¶i¦ì,¾AÀ³¯g:¹w¨¾¤l®cÀVÀù©Î¯fÅÜ,,Indication:Prevent cervical dysplasia¡Acervical carcinoma.,,¥~ Æ[: ²°¸Ë¡A¤º§t0.5mL ¹w¶ñ¥R°wµ©,Appearance: Prefilled syringe 0.5mL,ÀYµh¡A ¸z­G¤£¾A¡A Äo¡A ¥Ö¯l¡A ¦Ù¦×¯kµh¡A Ãö¸`µh,Headache¡A GI disturbances¡A itch¡A rash¡A myalgia¡A arthralgia,,¥u¥Î©óªù¶E¤Î¦í°|STAT,«O»_¤HÃþ¨Å¬ð¯f¬r²Ä16/18«¬¬Ì­](¬F©²´£¨Ñ),Cervarix HPV 0.5mL/dose,HPV2,,,¬O,,»â¨ú¬Ì­]«á¡A ½Ð¥ß§Y¦Üª`®g«Ç¨Ì«ü¥Ü¨Ï¥Î,,After receiving the vaccine¡A please go to the injection room immediately.,,³Æµù: «D¥Î©óªvÀø¤l®cÀVÀù,Not for treatment of cervical cancer.,2019.02¤½¶O2»ù¤l®cÀV¬Ì­],¤@¯ë,ª`®g,Äµ »y:»â¨ú¬Ì­]«á¡A½Ð¥ß§Y¦Üª`®g«Ç¨Ì«ü¥Ü¨Ï¥Î¡C,,,0,0,§_,1.0,,§_,¬O,¬O,³æ¤è,§_,°±¥Î,°±¥Î,¤£¥i¿i,§_,,1.00,1.00,1.00,1.00,1,1,1,1,1.00,1.00,0,0,,¦³¹Ï¤ù,,0,,0,,J07BM02,,,,,0,,0,,¤ä,,°·«Oµ¹¥I,°·«Oµ¹¥I,,,,§_,Liquid,SOL,,,0,,0.50,mL,,,PH065,202402021657,0,0
ICER1,20121227,99999999,°±¥Î,Cervarix(gsk) inj 0.5mL(­­±M®×­û¤u¥Î),Cervarix(gsk) inj 0.5mL(­­±M®×­û¤u¥Î),HPV type16/18 L1 protein,IM,ST,HIMM,IM-02-02,°w¾¯,Vial,Cervarix,«D²Õ®M,°±¥Î,,³æ¦ìÁ{±Ä,§_,¤£¥i¥ÎÃÄ¥]¾÷,°·«O¤£µ¹¥I,¤@¯ë,Á`¶q¶i¦ì,¾AÀ³¯g:¹w¨¾¤l®cÀVÀù©Î¯fÅÜ,,Indication:Prevent cervical dysplasia¡Acervical carcinoma.,,¥~ Æ[: ²°¸Ë¡A¤º§t0.5 mL ¹w¶ñ¥R°wµ©,Appearance: Prefilled syringe 0.5 mL,ÀYµh¡A ¸z­G¤£¾A¡A Äo¡A ¥Ö¯l¡A ¦Ù¦×¯kµh¡A Ãö¸`µh,Headache¡A GI disturbances¡A itch¡A rash¡A myalgia¡A arthralgia,,¥u¥Î©óªù¶E,«O»_¤HÃþ¨Å¬ð¯f¬r²Ä16/18«¬¬Ì­],Cervarix(gsk) inj 0.5mL(­­±M®×­û,HPV2,,§_,¬O,,»â¨ú¬Ì­]«á¡A ½Ð¥ß§Y¦Üª`®g«Ç¨Ì«ü¥Ü¨Ï¥Î,,After receiving the vaccine¡A please go to the injection room immediately.,,³Æµù: «D¥Î©óªvÀø¤l®cÀVÀù,Not for treatment of cervical cancer.,,¤@¯ë,ª`®g,Äµ »y:»â¨ú¬Ì­]«á¡A½Ð¥ß§Y¦Üª`®g«Ç¨Ì«ü¥Ü¨Ï¥Î¡C,,,0,0,§_,1.0,,§_,§_,¬O,½Æ¤è,§_,°±¥Î,¥i¥Î,¤£¥i¿i,§_,,1.00,1.00,1.00,1.00,1,1,1,1,1.00,1.00,0,0,,µL¹Ï¤ù,,0,,0,,J07BM02,,,,,,,,,¤ä,,¤£µ¹¥I¶·¦Û¥I,¤£µ¹¥I¶·¦Û¥I,,,,§_,Liquid,SOL,,,,,,,¬Ò¥i,³æ¦¸¿éª`,PH034,202109102134,0,2500.00
ICERE,20150610,99999999,°±¥Î,Cerebrolysin 215.2mg/mL¡A 10mL,Cerebrolysin 215.2mg/mL¡A 10mL,Cerebrolysin concentrate,IVD,,NUTR,NU-04-01,°w¾¯,AMP,Cerebrolysin,«D²Õ®M,°±¥Î,,¤@¯ë¥i¥Î,¬O,¥i¥ÎÃÄ¥]¾÷,,¤@¯ë,¦¸­p¶q¶i¦ì,¾AÀ³¯g:¤£¯àÄá¨ú¾A·í­¹ª«¤§±wªÌ¤§¸É§UªvÀø¾¯,,Indication:Amino acid supplement for disturbances of protein,digestion & malabsorption due to disorders.,¥~ Æ[:10mL ¦wÞÀ,Appearance: 10 mL Ampoule,¹L±Ó¤ÏÀ³,Hypersensitivity reactions.,,¬Ò¥i¥Î,³t§Q²Mª`®g²G,Cerebrolysin 215.2mg/mL¡A10mL,,­­¦Û¶O,,¬O,,«ØÄ³ºC³tÀR¯ß¿éª`¬ù60-120¤ÀÄÁ,,IV infusion is approximately 60-120 minutes.,,,,104-3 ÃÄ©e·|³q¹L¶iÃÄ¡A ­­µ´¹ï¦Û¶O,¤@¯ë,ª`®g,«ØÄ³ºC³tÀR¯ß¿éª`¬ù60-120¤ÀÄÁ,,,0,0,¬O,1.0,,§_,¬O,§_,½Æ¤è,§_,°±¥Î,°±¥Î,¤£¥i¿i,¬O,,1.00,1.00,15.00,15.00,99,99,1,1,15.00,15.00,0,0,,¦³¹Ï¤ù,,0,,0,,B05BA01,,,,,0,,0,,AMP,§_,¤£µ¹¥I¶·¦Û¥I,¤£µ¹¥I¶·¦Û¥I,,,,§_,Liquid,IVSOL,,,2152.00,mg,10.00,mL,¬Ò¥i,³æ¦¸¿éª`,PH006,202401281041,0,540.00
ICET,20120924,99999999,°±¥Î,CetaZONE inj 1gm,CetaZONE inj 1gm,Cefmetazole,IVD,Q6H,QANB,AI-01-02,°w¾¯,VAL,,«D²Õ®M,°±¥Î,,¤@¯ë¥i¥Î,¬O,¥i¥ÎÃÄ¥]¾÷,¥i¥Î,¤@¯ë,Á`¶q¶i¦ì,¾AÀ³¯g:²Óµß©Ê·P¬V,,Indication:Antibiotic for infection.,,¥~ Æ[:³z©ú¤p²~(Vial)¡A ¶À¦â¥~»\,Appearance: Vial with yellow cap,¹L±Ó¤ÏÀ³¡A µÇ¬r©Ê¡A ¦å²G¤è­±¯fÅÜ,Hypersensitivity reactions; nephrotoxicity; neutropenia; thrombocytopenia.,ºÞ¨îÃþ§Ü¥Í¯À,¬Ò¥i¥Î,³ß¹F¶©ª`®g²G,CetaZONE inj 1gm,,,§_,¬O,,µÇ¥\¯à¤£¨¬ªÌ»Ý½Õ¾ã¾¯¶q,,Adjust dosage in renal impairment patients,,,,,¤@¯ë,ª`®g,Äµ »y:µÇ¥\¯à¤£¨¬ªÌ»Ý½Õ¾ã¾¯¶q,SA «÷­µ¬Û¦ü,,0,0,¬O,1.0,,§_,¬O,§_,³æ¤è,§_,°±¥Î,°±¥Î,¤£¥i¿i,¬O,,1.00,1.00,2.00,2.00,7,7,1,1,8.00,8.00,0.15,0.08,,¦³¹Ï¤ù,,0,,0,¤£«ØÄ³¡A¨àµ£¨Ï¥Îªº¦w¥þ©Ê¥¼½T¥ß,J01DC09,,,,,1.00,g,4.00,g,VIAL,,°·«Oµ¹¥I,°·«Oµ¹¥I,CEFMETAZOLE,J01DC09,AC35182209,§_,Liquid,IVSOL,,,1000.00,mg,,,¥²¶·µ}ÄÀ,³æ¦¸¿éª`,PH006,202110291503,73.00,91.00
ICETR,20131002,99999999,°±¥Î,Cetrotide inj 0.25mg,Cetrotide inj 0.25mg,Cetrorelix,H,QD,HM,HR-02-00,°w¾¯,VAL,,«D²Õ®M,°±¥Î,,¤@¯ë¥i¥Î,¬O,¤£¥i¥ÎÃÄ¥]¾÷,,¤@¯ë,Á`¶q¶i¦ì,¾AÀ³¯g: ¹w¨¾±µ¨ü§Z±_±j®Ä¨ë¿E±Æ§ZªvÀøªÌ¦­µo©Êªº±Æ¥X¤£¦¨¼ô§Z¡C,,Indication:Prevent of premature ovulation in ovarian stimula,,¥~ Æ[:³z©ú¤p²~§tÃÄ¯»¥½¡C,Appearance: clear vial contain powder.,äú¤ß¡BÀYµh,nausea¡A headache,,¬Ò¥i¥Î,ªY±o®õ­á´¹ª`®g¾¯,Cetrotide 0.25mg inj,,,§_,¬O,,¥ÎÃÄ«e»Ý½T©w¯f¤H¨S¦³Ãh¥¥,,Don't use in Pregnancy women.,,¶JÂÃ·Å«×2-8¢J,Store in 2-8¢J,102¦~²Ä¥|¦¸ÃÄ©e·|·s¶i¡A111Q3ÃÄ©e·|§R°£,¤@¯ë,¤@¯ë,,,,0,0,§_,1.0,,§_,¬O,§_,³æ¤è,§_,°±¥Î,°±¥Î,¤£¥i¿i,¬O,,1.00,1.00,1.00,1.00,99,99,7,10,1.00,1.00,0,0,,¦³¹Ï¤ù,,0,,0,,H01CC02,,,,,,,,,VIAL,,¤£µ¹¥I¶·¦Û¥I,¤£µ¹¥I¶·¦Û¥I,,,,§_,,,¦M®`¤G¯Å(¡I),,0.25,mg,,,¬Ò¥i,³æ¦¸¿éª`,PH006,202307281500,0,1835.00
ICHE,20160915,99999999,°±¥Î,Chenday inj 25mg/5mL,Chenday inj 25mg/5mL,Labetalol,IVD,QD,CAVS,CV-04-02,°w¾¯,AMP,Trandate,«D²Õ®M,°±¥Î,ITRAD,¤@¯ë¥i¥Î,¬O,¥i¥ÎÃÄ¥]¾÷,,¤@¯ë,¦¸­p¶q¶i¦ì,¾AÀ³¯g:°ª¦åÀ£,,Indication:Hypertension.,,¥~ Æ[:³z©ú¦wÞÀ(amp)¡A¥Õ¦â¥~¶K¯È,Appearance: 5mL colorless amp.,«º¶Õ©Ê§C¦åÀ£¡AÀY·w¡Aµê®z¡Aäú¤ß,Orthostatic hypotension¡A dizziness¡A fatigue¡A nausea,,¬Ò¥i¥Î,À£®õ©wª`®g²G,Chenday inj 25mg/5mL,,,¬O,¬O,,¥i¯à¦³®É·|Ä±±oÀY·w¡A ©ü¯t¡A ½ÐÁ×§K§Ö³tªº°Ê§@©Î«º¶ÕÅÜ¤Æ,,May cause dizziness or drowsiness. Take care to avoid sudden movement.,,,,,¤@¯ë,ª`®g,Äµ »y:¥i¯à¦³®É·|Ä±±oÀY·w¡B©ü¯t¡A½ÐÁ×§K§Ö³tªº°Ê§@©Î«º¶ÕÅÜ¤Æ,,,0,0,§_,1.0,,§_,¬O,¬O,³æ¤è,§_,°±¥Î,°±¥Î,¤£¥i¿i,¬O,,1.00,1.00,20.00,20.00,999,999,1,1,96.00,96.00,1.44,0.04,,¦³¹Ï¤ù,,25.00,mg,0,,C07AG01,,,,,0,,0,,AMP,,°·«Oµ¹¥I,°·«Oµ¹¥I,LABETALOL,C07AG01,AC49550221,§_,Liquid,IVSOL,,,25.00,mg,5.00,mL,¥²¶·µ}ÄÀ,³æ¦¸\«ùÄò¿éª`,PH034,202205301626,72.00,90.00
ICHI,20060321,99999999,°±¥Î,Chirocaine inj 0.5%¡A10mL,Chirocaine inj 0.5%¡A10mL,Levobupivacaine,IVD,,ZANE,CN-04-02,°w¾¯,AMP,Chirocaine,«D²Õ®M,°±¥Î,,¤@¯ë¥i¥Î,¬O,¤£¥i¥ÎÃÄ¥]¾÷,,¤@¯ë,¦¸­p¶q¶i¦ì,¾AÀ³¯g:§½³¡³Â¾K¾¯,,Indication:Local anesthesia.,,¥~ Æ[:10 mL ¶ì½¦¦wÞÀ¸Ë,,§C¦åÀ£¡A äú¤ß¡A µo¼ö¡A ¹Ã¦R¡A ³h¦å,Hypotension¡A nausea¡A fever¡A vomiting¡A anemia.,,¥u¥Î©óªù¶E¤Î¦í°|STAT,¶}¬¥³Í¦]ª`®g¾¯,Chirocaine inj 0.5%¡A10mL,,,§_,¬O,,À³µø¨ä¦~ÄÖ¡BÅé­«¤Î¯gªp¤©¥H¾A·í¤§¾¯¶q¡A ¨Ã¯d·NÆ[¹î,,Should consider age¡A weight and disease state to modify dosage.,,,,2013¦~²Ä¤T¦¸ÃÄ©e·|¨MÄ³§R°£,¤@¯ë,ª`®g,Äµ »y:À³µø¨ä¦~ÄÖ¡BÅé­«¤Î¯gªp¤©¥H¾A·í¤§¾¯¶q¡A¨Ã¯d·NÆ[¹î,,,,,¬O,1.0,,§_,§_,§_,³æ¤è,§_,¥i¥Î,¥i¥Î,¤£¥i¿i,¬O,,1.00,1.00,3.00,3.00,99,99,1,1,3.00,3.00,0,0,,¦³¹Ï¤ù,,0,,0,,N01BB10,,,,,,,,,AMP,,¥Ó³ø¤£­p»ù,¥Ó³ø¤£­p»ù,,,,§_,Liquid,IVSOL,,,,,,,¬Ò¥i,³æ¦¸¿éª`,PH036,201406030955,0,194.00
ICHL,19960101,99999999,°±¥Î,Chlorpromazine 50mg/2mL,Chlorpromazine 50mg/2mL,Chlorpromazine,IM,,CNEU,CN-02-01,°w¾¯,AMP,Wintermin,«D²Õ®M,°±¥Î¡A¥i¬dÃþ¦üÃÄ,,¤@¯ë¥i¥Î,¬O,¤£¥i¥ÎÃÄ¥]¾÷,,¤@¯ë,¦¸­p¶q¶i¦ì,¾AÀ³¯g:ÂíÀR¡B¤î¦Rµ¥§@¥Î,,,,,,,,,,ÆQ»Ä´â´¶³Â?ª`®g²G,Chlorpromazine 50mg/2mL,,,§_,¬O,,,,,,,,,¤@¯ë,ª`®g,Äµ »y:¦p±Ä¨úºC³tÀR¯ß¿éª`¡A½Ð¯f±w¥­½ö¨Ãª`·N¦åÀ£,,,,,¬O,1.0,,§_,§_,§_,³æ¤è,§_,¥i¥Î,¥i¥Î,¤£¥i¿i,¬O,,1.00,1.00,1.00,1.00,999,999,1,1,0,0,0,0,,µL¹Ï¤ù,,0,,0,,,,,,,,,,,AMP,§_,°·«Oµ¹¥I,°·«Oµ¹¥I,CHLORPROMAZINE,N05AA01,N000662212,§_,Liquid,SOL,,,,,,,¬Ò¥i,³æ¦¸¿éª`,PH008,201403201327,0,5.00
ICHL1,20050124,99999999,°±¥Î,Chloramphenicol inj 1gm,Chloramphenicol inj 1gm,Chloramphenicol,IV,,QANB,AI-01-05,°w¾¯,VAL,Chloramphenicol,«D²Õ®M,Á{±ÄÃÄ¡A½Ð³qª¾ÃÄ§½¥~ÁÊ,,­Ó®×Á{±Ä,¬O,¥i¥ÎÃÄ¥]¾÷,¥i¥Î,¤@¯ë,Á`¶q¶i¦ì,¾AÀ³¯g:²Óµß©Ê·P¬V,,Indication:Bacterial infections.,,¥~ Æ[:1g °®¯»ª`®g¾¯,,°©ÀH§í¨î¡A¥Õ¦å²y¡B¦å¤pªO´î¤Ö¡A³h¦å¡C,bone marrow depression¡A leukopenia¡A reticulocytopenia¡A thrombopenia & anemia.,¯S®íÃþ§Ü¥Í¯À,¥u¥Î©ó¦í°|,µ[¬Ä»Ä´âÅð¯À¯»¥½,Chloramphenicol inj 1gm,,,§_,¬O,,·s¥Í¨à©Î¦­²£¨à¨Ï¥Î»Ýª`·Ngray syndrome¡C,,Toxic reactions known as gray syndrome have occurred in premature and neonates,,,,,¤@¯ë,ª`®g,Äµ »y: ­Yµo¥ÍÄY­«¹L±Ó©Îµo¯lµ¥¤£¾A¯gª¬¡AÀ³§Y°±ÃÄ¨Ã½Ð±ÐÂå®v,,,,,¬O,1.0,,§_,§_,§_,³æ¤è,§_,¥i¥Î,¥i¥Î,¤£¥i¿i,¬O,,1.00,1.00,2.00,2.00,7,7,1,1,8.00,8.00,0.20,0.05,,¦³¹Ï¤ù,,0,,0,,J01BA01,,,,,1.00,g,3.00,g,VAL,,°·«Oµ¹¥I,°·«Oµ¹¥I,CHLORAMPHENICOL,J01BA01,AC38580209,§_,Liquid,SOL,,,,,,,¬Ò¥i,³æ¦¸¿éª`,PH047,202401261226,15.00,20.00
ICIM,20190731,99999999,¥i¥Î,Cimzia inj 200mg/1mL,Cimzia inj 200mg/1mL,Certolizumab pegol,SC,Q2W,HIMM,IM-04-00,°w¾¯,¤ä,Cimzia,«D²Õ®M,,,¤@¯ë¥i¥Î,¬O,¤£¥i¥ÎÃÄ¥]¾÷,±ø¥ó¤Uµ¹¥I,¤@¯ë,Á`¶q¶i¦ì,¾AÀ³¯g:Ãþ­·Àã©ÊÃö¸`ª¢¡B»øª½©Ê¯á´Õª¢¡B°®Å~©ÊÃö¸`ª¢¡B°®Å~,,Indication: Rheumatoid arthritis¡A Ankylosing spondylitis¡A,Psoriatic arthritis¡A Plaque psoriasis,¥~ Æ[:°wµ©¸Ëª`®g¾¯,Appearance: Prefilled syringe,·P¬V¡A°ª¦åÀ£¡A¨xª¢¡A¥Ö¯l,Infection¡A hypertension¡A hepatitis¡A skin rash,,¬Ò¥i¥Î,ªY½¥¨Èª`®g²G,Cimzia 200mg/1mL inj.,,,,¬O,,­Y»Ýª`®g¨â¾¯®ÉÀ³¤À§Oª`®g©ó,¤j»L©Î¸¡³¡ªº¤£¦P³¡¦ì,If need two doses should be injected,separately in different parts of the thigh or abdomen.,Àx¦s©ó2¡V 8¢XC¡A¤£¥i§N­á¡A¤£­n·b´|ª`®g³¡¦ì,Store at 2¡V8 ¢X C¡A not frozen. Do not lick the injection site.,2019Q2Á{®É·|Á{±ÄÃÄ; 2023Q1ÃÄ©eÁ{±ÄÂà¥¿¦¡,¤@¯ë,ª`®g,­Y»Ýª`®g¨â¾¯®ÉÀ³¤À§Oª`®g©ó¤j»L©Î¸¡³¡ªº¤£¦P³¡¦ì,,,0,0,§_,1.0,,§_,¬O,§_,³æ¤è,§_,¥i¥Î,¥i¥Î,¤£¥i¿i,¬O,,1.00,1.00,2.00,2.00,999,999,1,1,2.00,2.00,0,0,,¦³¹Ï¤ù,,0,,0,,L04AB05,,,,,0,,0,,¤ä,¬O,°·«Oµ¹¥I,°·«Oµ¹¥I,CERTOLIZUMAB PEGOL,L04AB05,KC01024209,,Liquid,SOL,,,200.00,mg,1.00,mL,,,PH047,202304211615,11798.00,14158.00
ICIP,19960101,99999999,°±¥Î,Ciproxin °w¾¯ 100mg/50mL,Ciproxin inj 100mg/50mL,Ciprofloxacin,IVD,Q12H,QANB,AI-01-08,°w¾¯,VAL,Ciproxin,«D²Õ®M,°±¥Î,,¤@¯ë¥i¥Î,¬O,¥i¥ÎÃÄ¥]¾÷,,¤@¯ë,Á`¶q¶i¦ì,¾AÀ³¯g: ²Óµß©Ê·P¬V,,Indication: Treatment of bacterial infections.,,¥~ Æ[:50mL¤p²~,,äú¤ß¡A ¸¡Âm¡A ¹Ã¦R¡A ®ø¤Æ¤£¨}¡A ¸¡µh¡A µÈ®ð,Nausea¡A diarrhea¡A vomiting¡A dyspepsia¡A abdominal pain¡A flatulence.,¤@¯ëÃþ§Ü¥Í¯À,,³t³Õ·sÀR¯ß¿é²G,Ciproxin inj 100mg/50mL,,,§_,¬O,,¥»«~¿éª`®É¶¡À³¶W¹L60¤ÀÄÁ,,IV infusion over a period of 60 minutes,,,,,¤@¯ë,ª`®g,Äµ »y:¥»«~¿éª`®É¶¡À³¶W¹L60¤ÀÄÁ,,ª`®g¾¯,,,¬O,1.0,,§_,§_,§_,³æ¤è,§_,¥i¥Î,¥i¥Î,¤£¥i¿i,¬O,,1.00,1.00,6.00,6.00,7,7,1,1,12.00,12.00,1.00,0.80,,¦³¹Ï¤ù,,100.00,mg,0,20-30 mg/Kg/day (Max: 800 mg/day),J01MA02,,,,,0.10,g,0.80,g,VAL,§_,°·«Oµ¹¥I,°·«Oµ¹¥I,CIPROFLOXACIN,J01MA02,BA18095248,§_,,,,,,,,,¬Ò¥i,³æ¦¸¿éª`,PH047,202004231357,206.00,247.00
ICIP2,20170615,99999999,°±¥Î,Ciproxin °w¾¯ 200mg/100mL,Ciproxin inj 200mg/100mL,Ciprofloxacin,IVD,Q12H,QANB,AI-01-08,°w¾¯,BOT,Ciproxin,«D²Õ®M,°±¥Î¡A¥i¬dÃþ¦üÃÄ,,¤@¯ë¥i¥Î,¬O,¥i¥ÎÃÄ¥]¾÷,,¤@¯ë,Á`¶q¶i¦ì,¾AÀ³¯g: ²Óµß©Ê·P¬V,,Indication: Treatment of bacterial infections.,,¥~ Æ[:100mL¤p²~,Appearance: 100mL glass bottle,äú¤ß¡A ¸¡Âm¡A ¹Ã¦R¡A ®ø¤Æ¤£¨}¡A ¸¡µh¡A µÈ®ð,Nausea¡A diarrhea¡A vomiting¡A dyspepsia¡A abdominal pain¡A flatulence.,¤@¯ëÃþ§Ü¥Í¯À,¬Ò¥i¥Î,³t³Õ·sÀR¯ß¿é²G,Ciproxin inj 200mg/100mL,,,,¬O,,¥»«~¿éª`®É¶¡À³¶W¹L60¤ÀÄÁ,¥»ÃÄ«~»ÝÁ×¥úÀx¦s¡AÃÄ²~»Ý¦b¨Ï¥Î«e¦A±q²°¤l¨ú¥X,IV infusion over a period of 60 minutes,Protect from light.,­«¯g¦ÙµL¤O±wªÌ¤£«ØÄ³¨Ï¥Î,It is not recommended for patients with myasthenia gravis,2017¦~²Ä¤G¦¸ÃÄ©e·|·s¶i,¤@¯ë,ª`®g,Äµ »y:¥»«~¿éª`®É¶¡À³¶W¹L60¤ÀÄÁ,,ª`®g¾¯,0,0,§_,1.0,,¬O,¬O,§_,³æ¤è,§_,°±¥Î,°±¥Î,¤£¥i¿i,¬O,,1.00,1.00,3.00,3.00,7,7,1,1,6.00,6.00,0.50,0.40,,¦³¹Ï¤ù,,200.00,mg,0,20-30 mg/Kg/day (Max: 800 mg/day),J01MA02,,,,,0.20,g,0.80,g,BOT,,°·«Oµ¹¥I,°·«Oµ¹¥I,CIPROFLOXACIN,J01MA02,BA18095255,,Liquid,IVSOL,,,200.00,mg,100.00,mL,¤£»Ýµ}ÄÀ,³æ¦¸¿éª`,PH047,202303090947,412.00,494.00
ICIS,20140702,99999999,¥i¥Î,Cisplatin 50mg/50mL,Cisplatin 50mg/50mL,Cisplatin,IVD,,RACA,ON-01-02,°w¾¯,mg,Abiplatin,«D²Õ®M,,,¤@¯ë¥i¥Î,¬O,¤£¥i¥ÎÃÄ¥]¾÷,¥i¥Î,¤@¯ë,Á`¶q¶i¦ì,¾AÀ³¯g:¬°§Ü¸~½FÃÄ,°t»s«á«O¦s´Á­­¡G24hrs(25¢XC)¡AÁ×¥ú«O¦s¡A­­½Õ»s·í¤é§¹¦¨µ¹ÃÄ,Indication:Cancer therapy.,,¥~ Æ[: 50 mL ¤p²~,Appearance: 50 mL Vial,äú¤ß¡A ¹Ã¦R¡A µÇ¬r©Ê¡A °©Åè§í¨î¡A ¦Õ¬r©Ê,Nausea¡A vomiting¡A renal toxicity¡A bone-marrow depression¡A ototoxicity.,,¥u¥Î©óªù¶E¤Î¦í°|STAT,¦è§B©Ô¤Bª`®g²G,¡I¡ICisplatin,,,,¬O,,¥»«~¬°­«¯gªvÀøÃÄ¡A ½Ð¨Ì·ÓÂå®v«ü¥Ü¨Ï¥Î,,Take this medicine exactly as your doctor ordered.,,,,,¤ÆÀø,¤ÆÀø,Äµ »y:¥»«~¬°­«¯gªvÀøÃÄª«¡A½Ð¨Ì·ÓÂå®v«ü¥Ü¨Ï¥Î¡C,Äµ °ªÄµ°T,,0,0,§_,50.0,,§_,¬O,§_,³æ¤è,§_,°±¥Î,°±¥Î,¤£¥i¿i,¬O,,1.00,1.00,300.00,300.00,1,1,1,1,300.00,300.00,0,0,,¦³¹Ï¤ù,,0,,0,,L01XA01,,,,,0,,0,,VIAL,§_,°·«Oµ¹¥I,°·«Oµ¹¥I,CISPLATIN,L01XA01,BC21782248,§_,Liquid,IVSOL,¦M®`¤@¯Å(¡I¡I),,500.00,mg,50.00,mL,¬Ò¥i,³æ¦¸¿éª`,PH047,202303211437,350.00,420.00
ICISA,20160722,99999999,°±¥Î,Cisatracurium inj 10mg/5mL,Cisatracurium inj 10mg/5mL,Cisatracurium,IVPUSH,AS,CNEU,CN-03-02,°w¾¯,AMP,Nimbex,«D²Õ®M,¼t°Ó¯Ê³f,,¤@¯ë¥i¥Î,¬O,¥i¥ÎÃÄ¥]¾÷,±ø¥ó¤Uµ¹¥I,¦C¦L¦í°|ÃÄÅÒ,¦¸­p¶q¶i¦ì,¾AÀ³¯g:¤â³N©Î®ðºÞ´¡ºÞ¤§°©Àf¦ÙÃP¦¢,,Indication:Relax skeletal muscles during surgery or,controlled ventilation.,¥~ Æ[:³z©ú5²@¤É¦wÞÀ,Appearance: 5mL ampoule,¥Ö½§¼é¬õ¡A §C¦åÀ£¡A ¤ä®ðºÞµjÅË,Skin flushing¡A hypotension¡A bronchospasm.,,¥u¥Î©óªù¶E¤Î¦í°|STAT,¥d¤ñ ¦ÙÃP¦¢ª`®g²G,Cisatracurium inj 10mg/5mL,,,,¬O,,¥»«~»Ý( ÂÐ®Ö ),,,,¶J©ñ®É»Ý¸m©ó¦B½c§NÂÃ(Äá¤ó 2-8 «×),Store in a refrigerator (2-8¢XC).,Nimbex inj 10mg/5mL¯Ê³f´À¥NÃÄ,¤@¯ë,ª`®g,Äµ»y:¥»«~»Ý( ÂÐ®Ö ),Äµ °ªÄµ°T,,0,0,¬O,1.0,,¬O,¬O,§_,³æ¤è,§_,°±¥Î,°±¥Î,¤£¥i¿i,¬O,,1.00,1.00,4.00,4.00,999,999,1,1,45.00,45.00,0,0,,¦³¹Ï¤ù,,0,,0,,M03AC11,,,,,0,,0,,AMP,,°·«Oµ¹¥I,°·«Oµ¹¥I,CISATRACURIUM 10.00 MG/ATRACURIUM 50.00 MG,M03AC11,BC26541221,§_,Liquid,IVSOL,,,10.00,mg,5.00,mL,¬Ò¥i,³æ¦¸¿éª`,PH006,202106091009,73.00,91.00
ICISA2,20181212,99999999,°±¥Î,Cisatracurium inj 10mg/5mL (±M®×),Cisatracurium inj 10mg/5mL (±M®×),Cisatracurium,IVP,AS,CNEU,CN-03-02,°w¾¯,AMP,Nimbex,«D²Õ®M,°±¥Î,INIMB,±M®×¶i¤fÃÄ«~,¬O,¥i¥ÎÃÄ¥]¾÷,±ø¥ó¤Uµ¹¥I,¦C¦L¦í°|ÃÄÅÒ,¦¸­p¶q¶i¦ì,¾AÀ³¯g:¤â³N©Î®ðºÞ´¡ºÞ¤§°©Àf¦ÙÃP¦¢,,Indication:Relax skeletal muscles during surgery or,controlled ventilation.,¥~ Æ[:³z©ú5²@¤É¦wÞÀ,Appearance: 5mL ampoule,¥Ö½§¼é¬õ¡A §C¦åÀ£¡A ¤ä®ðºÞµjÅË,Skin flushing¡A hypotension¡A bronchospasm.,,¥u¥Î©óªù¶E¤Î¦í°|STAT,±M®×¶i¤fCisatracurium inj 10mg/5mL,Cisatracurium inj 10mg/5mL,,,,¬O,,¥»«~»Ý( ÂÐ®Ö ),,Independent double check before administration.,,¶J©ñ®É»Ý¸m©ó¦B½c§NÂÃ(Äá¤ó 2-8 «×),Store in a refrigerator (2-8¢XC).,2018.12±M®×¶i¤f (Ã±³Â¾K¦P·N®Ñ§Y¥i) (¥N²z¡G¾î¤s¥ø·~¡A»s³y¡Gsiegfried hameln gmbh),¤@¯ë,ª`®g,Äµ»y:¥»«~»Ý( ÂÐ®Ö ),Äµ °ªÄµ°T,,0,0,,1.0,,¬O,¬O,§_,³æ¤è,,°±¥Î,,¤£¥i¿i,¬O,,1.00,1.00,4.00,10.00,999,999,1,1,45.00,45.00,0,0,,¦³¹Ï¤ù,,0,,0,,M03AC11,,,,,0,,0,,VIAL,,°·«Oµ¹¥I,°·«Oµ¹¥I,CISATRACURIUM 10.00 MG/ATRACURIUM 50.00 MG,M03AC11,XC00175221,,Liquid,IVSOL,,,10.00,mg,5.00,mL,¬Ò¥i,³æ¦¸¿éª`,PH006,201909191350,58.00,73.00
ICIT,19960101,99999999,°±¥Î,Citosol inj 0.5gm,Citosol inj 0.5gm,Thiamylal,IV,,ZANE,CN-04-01,°w¾¯,AMP,Citosol,«D²Õ®M,°±¥Î¡A¥i¬dÃþ¦üÃÄ,,¤@¯ë¥i¥Î,¬O,¤£¥i¥ÎÃÄ¥]¾÷,,¤£¦LÃÄÅÒ,¦¸­p¶q¶i¦ì,¾AÀ³¯g:¬°»¤¾É¥þ¨­³Â¾K¾¯,,Indication:Induction of anesthesia.,,,,,,,,,Citosol inj 0.5gm,,,§_,¬O,,,,,,,,,¤@¯ë,ª`®g,Äµ »y:À³µø¨ä¦~ÄÖ¡BÅé­«¤Î¯gªp¤©¥H¾A·í¤§¾¯¶q¡A¨Ã¯d·NÆ[¹î,Äµ °ªÄµ°T,,,,¬O,1.0,,§_,§_,§_,³æ¤è,§_,¥i¥Î,¥i¥Î,¤£¥i¿i,¬O,,1.00,1.00,99.00,99.00,999,999,1,1,0,0,0,0,,µL¹Ï¤ù,,0,,0,,,,,,,,,,,AMP,§_,¥Ó³ø¤£­p»ù,¥Ó³ø¤£­p»ù,,,B019761277,§_,Liquid,IVSOL,,,,,,,¬Ò¥i,³æ¦¸¿éª`,PH008,201403201327,0,113.00
ICIT3,20081020,99999999,¥i¥Î,Citosol inj 300mg,Citosol inj 300mg,Thiamylal,IVD,,ZANE,CN-04-01,°w¾¯,AMP,Citosol,«D²Õ®M,,,¤@¯ë¥i¥Î,§_,¤£¥i¥ÎÃÄ¥]¾÷,¥i¥Î,¤£¦LÃÄÅÒ,Á`¶q¶i¦ì,¾AÀ³¯g: ³Â¾K¾¯,,Indication:Induction of anesthesia.,,,,,,,¥u¥Î©óªù¶E¤Î¦í°|STAT,ªv±oµÎ ÀR¯ßª`®g¾¯,Citosol inj 300mg,,,§_,¬O,,¥»«~»Ý( ÂÐ®Ö ),,,,,,,¤@¯ë,¥|¯ÅºÞ¨î,Äµ»y:¥»«~»Ý( ÂÐ®Ö ),Äµ °ªÄµ°T,,,,¬O,1.0,,§_,¬O,§_,³æ¤è,§_,°±¥Î,°±¥Î,¤£¥i¿i,§_,,1.00,1.00,3.00,3.00,1,1,1,1,3.00,3.00,0,0,,¦³¹Ï¤ù,,0,,0,,N01AFaa,,,,,,,,,AMP,§_,¥Ó³ø¤£­p»ù,¥Ó³ø¤£­p»ù,,,,§_,Liquid,IVSOL,,,300.00,mg,12.00,mL,¤£»Ýµ}ÄÀ,³æ¦¸¿éª`,PH008,201803121658,0,144.00
ICLA,20080916,99999999,°±¥Î,Claforan iInj 500mg,Claforan inj 500mg,Cefotaxime,IV,,QANB,AI-01-02,°w¾¯,VAL,Claforan,«D²Õ®M,°±¥Î,ICLA1,¤@¯ë¥i¥Î,¬O,¤£¥i¥ÎÃÄ¥]¾÷,¥i¥Î,¤@¯ë,¦¸­p¶q¶i¦ì,¾AÀ³¯g:²Óµß©Ê·P¬V,,,,,,,,ºÞ¨îÃþ§Ü¥Í¯À,¬Ò¥i¥Î,¥i¬¡¯àª`®g¾¯,Claforan inj 500mg,,,§_,¬O,,,,,,,,,¤@¯ë,ª`®g,Äµ »y:¨Ï¥Î¥»ÃÄ­Y¥X²{¹L±Ó©Î·P¬Vµ¥¯gª¬¡A½Ð°±¥Î¨Ã»PÂå®vÁpµ¸,,,,,§_,1.0,,§_,§_,§_,³æ¤è,§_,¥i¥Î,¥i¥Î,¥i¿i,¬O,,1.00,1.00,4.00,4.00,7,7,1,1,0,0,0,0,,µL¹Ï¤ù,,0,,0,,J01DD01,,,,,0.50,g,4.00,g,VAL,§_,°·«Oµ¹¥I,°·«Oµ¹¥I,CEFOTAXIME,J01DD01,B022319277,§_,Liquid,IVSOL,,,,,,,¬Ò¥i,³æ¦¸¿éª`,PH009,201707171615,162.00,194.00
ICLA1,19960101,99999999,¥i¥Î,Claforan inj 1gm,Claforan inj 1gm,Cefotaxime,IVD,,QANB,AI-01-02,°w¾¯,VAL,Claforan,«D²Õ®M,,,¤@¯ë¥i¥Î,¬O,¥i¥ÎÃÄ¥]¾÷,,¤@¯ë,¤é¾¯¶q¶i¦ì,¾AÀ³¯g:²Óµß©Ê·P¬V,,Indication:Bacterial infections.,,¥~ Æ[:1g °®¯»ª`®g¾¯,Appearance: 1g/Vial,¥Õ¦å²y´î¤Ö¡A ¹L±Ó¤ÏÀ³¡A ¸z­G¤£¾A,Leukopenia¡A hypersensitivity reactions¡A GI effects.,ºÞ¨îÃþ§Ü¥Í¯À,,¥i¬¡¯àª`®g¾¯,Claforan inj 1gm,,,§_,¬O,,­Yµo¥ÍÄY­«¹L±Ó©Îµo¯lµ¥¤£¾A¯gª¬¡A À³§Y°±ÃÄ¨Ã½Ð±ÐÂå®v,,Report to doctor¡A if any severe hypersensitivity or skin rash occur.,,,,,¤@¯ë,ª`®g,Äµ »y: ­Yµo¥ÍÄY­«¹L±Ó©Îµo¯lµ¥¤£¾A¯gª¬¡AÀ³§Y°±ÃÄ¨Ã½Ð±ÐÂå®v,,,,,¬O,1.0,,§_,¬O,§_,³æ¤è,§_,°±¥Î,°±¥Î,¤£¥i¿i,¬O,,1.00,1.00,2.00,3.00,7,7,1,1,12.00,12.00,0.60,0.20,,¦³¹Ï¤ù,D/W,1000.00,mg,0,50-200 mg/Kg/day,J01DD01,,,,,1.00,g,4.00,g,VAL,§_,°·«Oµ¹¥I,°·«Oµ¹¥I,CEFOTAXIME,J01DD01,BC22319209,§_,Liquid,IVSOL,,,1000.00,mg,,,¥²¶·µ}ÄÀ,³æ¦¸¿éª`,PH047,202303090947,100.00,125.00
ICLAR2,20191215,99999999,¥i¥Î,Clariscan inj 0.5 mmol/mL¡A 20mL/Bot,Clariscan inj 0.5 mmol/mL¡A 20mL/Bot,Gadoterate meglumine,IV,,SCAN,VS-01-03,°w¾¯,BOT,Dotarem,«D²Õ®M,,,¤@¯ë¥i¥Î,¬O,¥i¥ÎÃÄ¥]¾÷,¤º§t,¤£¦LÃÄÅÒ,Á`¶q¶i¦ì,¾AÀ³¯g:®ÖºÏ¦@®¶¼v¹³Åã¼v¾¯,,Indication:MRI contrast agent,,¥~ Æ[:ª`®g¥Î·»²G©ó¤p²~,Appearance:Solution for injection in vial,ª`®g³¡¦ì¤ÏÀ³¡Aäú¤ß¡AÀYµh,Injection site reaction¡A nausea¡A headache,,¥u¥Î©óªù¶E¤Î¦í°|STAT,§JÅã¨Îª`®g¾¯,Clariscan inj 0.5 mmol/mL¡A 2,,,,¬O,,½Ð¿í·ÓÂå®v«ü¥Ü¨Ï¥Î¡A ­Yµo¥ÍºÃ¦üÃÄª«¤£¨}¤ÏÀ³½Ð§iª¾Âå¥Í,,Follow doctor's advice. Check with doctor if you notice any side effects.,,À³µû¦ôµÇ¥\¯à¡A¨Ã°±¥ÎMeformin¦Ü¤Ö48¤p®É,Assessment of renal function is necessary¡A Metformin deactivated at least 48 hr,2019.Q4ÃÄ©e·s¶i,¤@¯ë,ª`®g,Äµ »y:½Ð¿í·ÓÂå®v«ü¥Ü¨Ï¥Î¡A­Yµo¥ÍºÃ¦üÃÄª«¤£¨}¤ÏÀ³½Ð§iª¾Âå¥Í¡C,Äµ °ªÄµ°T,,0,0,§_,1.0,,§_,¬O,§_,³æ¤è,,°±¥Î,°±¥Î,¤£¥i¿i,§_,,1.00,1.00,2.00,2.00,1,1,1,1,2.00,2.00,0,0,,µL¹Ï¤ù,,0,,0,,V08CA02,,,,,0,,0,,BOT,§_,¤£µ¹¥I¶·¦Û¥I,¤£µ¹¥I¶·¦Û¥I,,,,,Liquid,IVSOL,,,10.00,mmol,20.00,mL,¬Ò¥i,³æ¦¸¿éª`,PH034,202202170908,0,1680.00
ICLE,19960101,99999999,°±¥Î,Cleocin inj 300mg/2mL,Cleocin inj 300mg/2mL,Clindamycin,IV,,QANB,AI-01-07,°w¾¯,VAL,,«D²Õ®M,°±¥Î,ICLI,¤@¯ë¥i¥Î,¬O,¤£¥i¥ÎÃÄ¥]¾÷,,¤@¯ë,Á`¶q¶i¦ì,¾AÀ³¯g:²Óµß©Ê·P¬V,,,,,,,,¤@¯ëÃþ§Ü¥Í¯À,,,Cleocin inj 300mg/2mL,,,§_,¬O,,,,,,,,,¤@¯ë,ª`®g,,,,,,¬O,1.0,,§_,§_,§_,³æ¤è,§_,¥i¥Î,¥i¥Î,¤£¥i¿i,¬O,,1.00,1.00,999.00,999.00,7,7,1,1,0,0,0,0,,µL¹Ï¤ù,,0,,0,,J01FF01,,,,,0.30,g,1.80,g,VAL,§_,°·«Oµ¹¥I,°·«Oµ¹¥I,CLINDAMYCIN,J01FF01,B020641212,§_,Liquid,IVSOL,,,,,,,¬Ò¥i,³æ¦¸¿éª`,PH009,201707171615,143.87,225.00
ICLEX,20100628,99999999,°±¥Î,Clexane inj 60mg/0.6mL,Clexane inj 60mg/0.6mL,Enoxaparin,SC,,HEMT,HE-02-00,°w¾¯,AMP,,«D²Õ®M,°±¥Î,,¤@¯ë¥i¥Î,¬O,¥i¥ÎÃÄ¥]¾÷,¥i¥Î,¤@¯ë,¦¸­p¶q¶i¦ì,¾AÀ³¯g:¹w¨¾ªvÀø¦å®ê,,Indication:Thromboembolic disease,,¥~ Æ[:0.6 mL ª`®g¤p°w,Appearance:0.6mL syringe,¥X¦å©Ê¯gª¬¡A ¦å¤pªO´î¤Ö,Hemorrhagic symptoms¡A thrombocytopenia.,,¬Ò¥i¥Î,§J¥ß¥Íª`®g¾¯,Clexane inj 60mg/0.6mL,,,§_,¬O,,¥X²{¥ô¦ó²§±`·ï«C©Î¥X¦å¡A¶Ë¤f¤£©ö¤î¦å¡A½Ð¾¨³t»PÂå®vÁpµ¸,ª`®g«e¤£»Ý¥ý±Æ°£ª`®g¾¹¤ºªºªÅ®ð¡C,Report any signs of unusual bruising or bleeding to doctor immediately.,It is no necessary to exclude air from the syringe before injection.,Àx¦s©ó«Ç·Å(¤£¥i¶W¹L25¢J)¡C,Store in room temperature ( < 25¢XC).,2021.09.01ÃÄ©e·|§R°£,¤@¯ë,ª`®g,Äµ»y:¥»«~»Ý( ÂÐ®Ö ),Äµ °ªÄµ°T,,,,§_,1.0,,§_,¬O,§_,³æ¤è,§_,¥i¥Î,¥i¥Î,¤£¥i¿i,¬O,,1.00,1.00,2.00,2.00,280,280,1,1,4.00,4.00,0,0,,¦³¹Ï¤ù,,0,,0,,B01AB05,,,,,,,,,AMP,,°·«Oµ¹¥I,°·«Oµ¹¥I,ENOXAPARIN,B01AB05,BC22354280,§_,Liquid,SOL,,,60.00,mg,0.60,mL,¬Ò¥i,³æ¦¸¿éª`,PH047,202303090948,134.00,161.00
ICLI,20110621,99999999,°±¥Î,Clindamycin inj 300mg/2mL,Clindamycin inj 300mg/2mL,Clindamycin,IVD,,QANB,AI-01-07,°w¾¯,AMP,Cleocin,«D²Õ®M,°±¥Î,ICLI3,¤@¯ë¥i¥Î,¬O,¥i¥ÎÃÄ¥]¾÷,,¤@¯ë,¦¸­p¶q¶i¦ì,¾AÀ³¯g:²Óµß©Ê·P¬V,,Indication:Bacterial infection,,¥~ Æ[:2mL¦wÞÀ,Appearance:2mL Amp.,¸¡µh¡A äú¤ß¡A ¹Ã¦R¡A ¸¡Âm¡A ëC³Â¯l,Abdominal pain¡A nausea¡A vomiting¡A diarrhea¡A urticaria.,¤@¯ëÃþ§Ü¥Í¯À,¬Ò¥i¥Î,§JªL¹FÅð¯Àª`®g²G,Clindamycin inj 300mg/2mL,,,§_,¬O,,IVdrip¿@«×¤p©ó6 mg/ml¡A ª`®g®É¶¡¶W¹L30¦Ü60¤ÀÄÁ,,Concentrate less than 6 mg/mL¡A IV drip for 30-60min,,,,2015¦~²Ä¤@¦¸ÃÄ©e·|³q¹L§R°£,¤@¯ë,¤@¯ë,Äµ »y:IVdrip¿@«×¤p©ó6 mg/ml¡Aª`®g®É¶¡¶W¹L30¦Ü60¤ÀÄÁ¡C,,,,,¬O,1.0,,§_,§_,§_,³æ¤è,§_,¥i¥Î,¥i¥Î,¤£¥i¿i,¬O,,1.00,1.00,4.00,4.00,7,7,1,1,16.00,16.00,0.27,0.07,,¦³¹Ï¤ù,,300.00,mg,0,15-40 mg/Kg/day,J01FF01,,,,,0.30,g,1.80,g,AMP,,°·«Oµ¹¥I,°·«Oµ¹¥I,CLINDAMYCIN,J01FF01,AC33572212,§_,Liquid,IVSOL,,,,,,,¬Ò¥i,³æ¦¸¿éª`,PH009,201707171616,12.30,16.00
ICLI1,20071125,99999999,°±¥Î,Clinoleic 20% 100mL emulsion,Clinoleic 20% 100mL emulsion,TPN Solution,IVD,AS,NUTR,NU-04-03,°w¾¯,BAG,Clinoleic,«D²Õ®M,°±¥Î¡A¥i¬dÃþ¦üÃÄ,,¤w°±¥Î,¬O,¤£¥i¥ÎÃÄ¥]¾÷,¥i¥Î,¦C¦L¦í°|ÃÄÅÒ,Á`¶q¶i¦ì,¾AÀ³¯g: ÀR¯ßÀç¾i¸É¥R,,,,¥~ Æ[:¥Õ¦â¨Å¾¯ 100 ml ³n³U¸Ë,,,,,¥u¥Î©ó¦í°|,§JªL¿Õ§Q20%¿éª`¨Å¾¯,Clinoleic 20% 100mL emulsion,,,§_,¬O,,,,,,,,,¤@¯ë,ª`®g,Äµ »y: ½Ð¿íÂå®v«ü¥Ü«ö®É¥ÎÃÄ¡A¤Å¦Û¦æ§ïÅÜ¾¯¶q¡B¥Îªk©Î¥ô·N°±ÃÄ¡C,,,,,§_,1.0,,§_,§_,§_,½Æ¤è,§_,°±¥Î,¥i¥Î,¤£¥i¿i,¬O,,0,1.00,0,4.00,0,6,0,1,0,0,0,0,,µL¹Ï¤ù,,0,,0,,,,,,,,,,,BAG,,°·«Oµ¹¥I,°·«Oµ¹¥I,FAT EMULSIONS MCT/LCT,B05BA02,B024196255,§_,Liquid,IVSOL,,,,,,,¬Ò¥i,³æ¦¸¿éª`,PH008,201403201327,294.00,294.00
ICLI15,20080618,99999999,¥i¥Î,Clinimix inj 1500mL,Clinimix inj 1500mL,Amino Acid + Glucose,IVD,QD,NUTR,NU-04-05,°w¾¯,BAG,Clinimix,«D²Õ®M,°±¥Î,,¤@¯ë¥i¥Î,¬O,¥i¥ÎÃÄ¥]¾÷,±ø¥ó¤Uµ¹¥I,¦C¦Lªù¶EÃÄÅÒ,Á`¶q¶i¦ì,¾AÀ³¯g:ÀR¯ßÀç¾i¸É¥R,,Indication:Parenteral nutrition when oral or enteral,alimentation is impossible¡A insufficient or contraindicated.,¥~ Æ[:¨C¥]1500 mL ³n³U,,°ª¦å¿}¡A °ªº¯³zÀ£¯gª¬,Hyperglycaemia¡A glycosuria & hyperosmolar syndrome may occur.,,¬Ò¥i¥Î,§J¨½±Kµ·¿éª`²G,Clinimix inj 1500mL,,,§_,¬O,,ÃÄ§½½Õ¾¯¡A «D¤@¯ë¥æ¥IÃÄ«~,,For TPN formulation use only.,,°ªº¯³zÀ£·»²G¡A À³¥Ñ¤¤¥¡ÀR¯ß¿éª`,Solutions with an osmolarity > 800 mOsm/L should be infused via a central vein.,[Rx_o]ÃÄ§½TPN½Õ¾¯¡A «D¤@¯ë¥æ¥IÃÄ«~,TPN,ª`®g,Äµ »y:ÃÄ§½½Õ¾¯¡A «D¤@¯ë¥æ¥IÃÄ«~,,,,,§_,1.0,,¬O,¬O,§_,³æ¤è,§_,°±¥Î,°±¥Î,¤£¥i¿i,¬O,,1.00,1.00,2.00,2.00,99,99,1,1,2.00,2.00,0,0,,µL¹Ï¤ù,,0,,0,,B05BA01,B05BA10,,,,,,,,BAG,,°·«Oµ¹¥I,°·«Oµ¹¥I,5.0% AMINO ACIDS+DEXTROSE+ELECTROLYTE SOLUTION FOR INFUSION,B05BA10,BC23218210,§_,Liquid,IVSOL,,,,,1500.00,mL,¬Ò¥i,³æ¦¸¿éª`,PH076,202312011053,499.00,599.00
ICLI2,20071125,99999999,°±¥Î,CLINOLEIC 20% 250mL emulsion,CLINOLEIC 20% 250mL emulsion,TPN Solution,IVD,AS,NUTR,NU-04-03,°w¾¯,BAG,Clinoleic,«D²Õ®M,°±¥Î¡A¥i¬dÃþ¦üÃÄ,,¤w°±¥Î,¬O,¤£¥i¥ÎÃÄ¥]¾÷,¥i¥Î,¦C¦L¦í°|ÃÄÅÒ,Á`¶q¶i¦ì,¾AÀ³¯g: ÀR¯ßÀç¾i¸É¥R,,,,¥~ Æ[:¥Õ¦â¨Å¾¯ 250 ml ³n³U¸Ë,,,,,¥u¥Î©ó¦í°|,§JªL¿Õ§Q20%¿éª`¨Å¾¯,CLINOLEIC 20% 250mL emulsion,,,§_,¬O,,,,,,,,,¤@¯ë,ª`®g,Äµ »y: ½Ð¿íÂå®v«ü¥Ü«ö®É¥ÎÃÄ¡A¤Å¦Û¦æ§ïÅÜ¾¯¶q¡B¥Îªk©Î¥ô·N°±ÃÄ¡C,,,,,§_,1.0,,§_,§_,§_,³æ¤è,§_,¥i¥Î,¥i¥Î,¤£¥i¿i,¬O,,0,1.00,0,4.00,0,6,0,1,0,0,0,0,,µL¹Ï¤ù,,0,,0,,,,,,,,,,,BAG,,°·«Oµ¹¥I,°·«Oµ¹¥I,FAT EMULSIONS MCT/LCT,B05BA02,B024196265,§_,Liquid,IVSOL,,,,,,,¬Ò¥i,³æ¦¸¿éª`,PH008,201403201327,320.00,320.00
ICLI3,20180514,99999999,¥i¥Î,Clincin inj 300mg/2mL,Clincin inj 300mg/2mL,Clindamycin,IVD,,QANB,AI-01-07,°w¾¯,AMP,Cleocin,«D²Õ®M,,,¤@¯ë¥i¥Î,¬O,¥i¥ÎÃÄ¥]¾÷,,¤@¯ë,¦¸­p¶q¶i¦ì,¾AÀ³¯g:²Óµß©Ê·P¬V,,Indication:Bacterial infection,,¥~ Æ[:2mL¦w²~,Appearance:2mL Ampoule,¸¡µh¡A äú¤ß¡A ¹Ã¦R¡A ¸¡Âm¡A ëC³Â¯l,Abdominal pain¡A nausea¡A vomiting¡A diarrhea¡A urticaria.,¤@¯ëÃþ§Ü¥Í¯À,¬Ò¥i¥Î,§J¤OªYª`®g²G,Clincin inj 300mg/2mL,,,,¬O,,IVdrip¿@«×¤p©ó12 mg/mL¡A ª`®g³t²v»Ý¤p©ó30mg/¤ÀÄÁ,,IV concentration less than 12 mg/mL¡A infusion rate < 30 mg/min.,,,,2015¦~²Ä¤@¦¸ÃÄ©e·|³q¹L·s¶i¨ú¥N,¤@¯ë,ª`®g,IVdrip¿@«×¤p©ó12 mg/mL¡A ª`®g³t²v»Ý¤p©ó30mg/¤ÀÄÁ,,,0,0,§_,1.0,,§_,¬O,§_,³æ¤è,§_,°±¥Î,°±¥Î,¤£¥i¿i,¬O,,1.00,1.00,4.00,4.00,7,7,1,1,16.00,16.00,0.27,0.07,,¦³¹Ï¤ù,,300.00,mg,0,,J01FF01,D10AF01,G01AA10,,,0.30,g,1.80,g,AMP,,°·«Oµ¹¥I,°·«Oµ¹¥I,CLINDAMYCIN,J01FF01,AC31368212,§_,Liquid,IVSOL,,,300.00,mg,2.00,mL,¥²¶·µ}ÄÀ,³æ¦¸¿éª`,PH047,202403131633,15.00,20.00
ICOD,19960101,99999999,°±¥Î,Codeine phosphate inj 15mg/1mL,Codeine phosphate inj 15mg/1mL,Codeine,IM,,CNEU,CN-01-01,°w¾¯,AMP,Codeine,«D²Õ®M,°±¥Î¡A¥i¬dÃþ¦üÃÄ,,¤w°±¥Î,¬O,¤£¥i¥ÎÃÄ¥]¾÷,,¤@¯ë,¤£¶i¦ì,¾AÀ³¯g:¤î«y£¿Âíµh§@¥Î,,,,,,,,,¥u¥Î©óªù¶E¤Î¦í°|STAT,,Codeine phosphate inj 15mg/1,,,§_,¬O,,,,,,,,,¤@¯ë,¤T¯ÅºÞ¨î,Äµ »y: ½Ð¿íÂå®v«ü¥Ü«ö®É¥ÎÃÄ¡A¤Å¦Û¦æ§ïÅÜ¾¯¶q¡B¥Îªk©Î¥ô·N°±ÃÄ¡C,,,,,¬O,1.0,,§_,§_,§_,³æ¤è,§_,¥i¥Î,¥i¥Î,¤£¥i¿i,§_,,1.00,1.00,999.00,999.00,999,999,1,1,0,0,0,0,,µL¹Ï¤ù,,0,,0,,,,,,,,,,,AMP,§_,°·«Oµ¹¥I,°·«Oµ¹¥I,CODEINE PHOSPHATE,R05DA04,A005889209,§_,Liquid,SOL,,,,,,,¬Ò¥i,³æ¦¸¿éª`,PH008,201505131626,15.00,19.00
ICODBAD,19960101,99999999,°±¥Î,Codeine inj 15mg/1mL´Ý¾l¾PÀì,Codeine inj 15mg/1mL´Ý¾l¾PÀì,Codeine,IM,,CNEU,CN-01-01,°w¾¯,AMP,Codeine,«D²Õ®M,°±¥Î¡A¥i¬dÃþ¦üÃÄ,,¤w°±¥Î,¬O,¤£¥i¥ÎÃÄ¥]¾÷,,¤@¯ë,¤£¶i¦ì,¾AÀ³¯g:¤î«y¡A Âíµh§@¥Î,,,,,,,,,¥u¥Î©óªù¶E¤Î¦í°|STAT,,Codeine inj 15mg/1mL´Ý¾l¾PÀì,,,§_,¬O,,,,,,,,[Rx_x]ºÞÃÄ¥á±ó½X¡A³B¤è¶°¤£Åã¥Ü,¤@¯ë,¤G¯ÅºÞ¨î,Äµ »y: ½Ð¿íÂå®v«ü¥Ü«ö®É¥ÎÃÄ¡A¤Å¦Û¦æ§ïÅÜ¾¯¶q¡B¥Îªk©Î¥ô·N°±ÃÄ¡C,,,,,¬O,1.0,,§_,§_,§_,³æ¤è,§_,°±¥Î,°±¥Î,¤£¥i¿i,§_,,1.00,1.00,999.00,999.00,999,999,1,1,0,0,0,0,,µL¹Ï¤ù,,0,,0,,,,,,,,,,,AMP,§_,°·«Oµ¹¥I,°·«Oµ¹¥I,CODEINE PHOSPHATE,R05DA04,A005889209,§_,Liquid,SOL,,,,,,,¬Ò¥i,³æ¦¸¿éª`,PH034,202111011044,22.00,33.00
ICOL,20090508,99999999,¥i¥Î,Colimycin inj 2MU,Colimycin inj 2MU,Colistin Methanesulfonate,IVD,,QANB,AI-01-13,°w¾¯,VAL,Colimycin,«D²Õ®M,Á{±ÄÃÄ¡A½Ð³qª¾ÃÄ§½¥~ÁÊ,,­Ó®×Á{±Ä,¬O,¥i¥ÎÃÄ¥]¾÷,±ø¥ó¤Uµ¹¥I,¤@¯ë,Á`¶q¶i¦ì,¾AÀ³¯g:¥Î©ó¦h­«§ÜÃÄ©Ê¤§¸¯Äõ¤ó³±©Ê²Óµß·P¬V,,Indication:Treatment of systemic infections.,,¥~ Æ[:2MU °®¯»ª`®g¾¯,,,,¯S®íÃþ§Ü¥Í¯À,¬Ò¥i¥Î,§JµgÅð¯Àª`®g¾¯,Colimycin inj 2MU,,,§_,¬O,,¥i¯à·|¤Þ°_·w¯t¡A ¤â¸}³Â¤ìµL¤O©Î¨ëµhµ¥²{¶H,,May cause dizziness or numbness and tingling sensations in the hands¡A toes¡A,and feet.,,,,¤@¯ë,ª`®g,Äµ »y: ¥i¯à·|¤Þ°_·w¯t¡B¤â¸}³Â¤ìµL¤O©Î¨ëµhµ¥²{¶H,,,,,,1.0,,§_,¬O,§_,³æ¤è,§_,°±¥Î,°±¥Î,¤£¥i¿i,¬O,,1.00,1.00,2.00,2.00,7,7,1,1,4.00,4.00,0.15,0.08,,¦³¹Ï¤ù,,0,,0,,J01XB01,,,,,2.00,MU,3.00,MU,VIAL,,°·«Oµ¹¥I,°·«Oµ¹¥I,COLISTIN,J01XB01,AC24961212,§_,Liquid,IVSOL,,,2000.00,KIU,,,¬Ò¥i,³æ¦¸¿éª`,PH047,202403131633,314.00,377.00
ICOL1,20150825,99999999,°±¥Î,Colomycin inj 1MU,Colomycin inj 1MU,Colistin Methanesulfonate,IVD,,QANB,AI-01-13,°w¾¯,VAL,Colimycin,«D²Õ®M,°±¥Î,,­Ó®×Á{±Ä,¬O,¥i¥ÎÃÄ¥]¾÷,¥i¥Î,¤@¯ë,Á`¶q¶i¦ì,¾AÀ³¯g:¥Î©ó¦h­«§ÜÃÄ©Ê¤§¸¯Äõ¤ó³±©Ê²Óµß·P¬V,,Indication:Treatment of systemic infections.,,¥~ Æ[:1MU °®¯»ª`®g¾¯,Appearance: Vial with red cap.,¯«¸g¬r©Ê¡AÀY·w¡AÀYµh¡AµÇ¬r©Ê¡A¨¥»y¤£²M,Neurotoxicity¡A dizziness¡A headache¡A nephrotoxicity¡A slurred speech,¯S®íÃþ§Ü¥Í¯À,¬Ò¥i¥Î,Colomycin inj 1MU (±M®×¶i¤f),Colomycin inj 1MU,,,,¬O,,¥i¯à·|¤Þ°_·w¯t¡A ¤â¸}³Â¤ìµL¤O©Î¨ëµhµ¥²{¶H,,May cause dizziness or numbness and tingling sensations in the hands¡A toes¡A,and feet.,,,»Ý¶ñ¼gÁ{±Ä³æ¡A¸g·P¬V¬ìÂå®v·|Ã±¦P·N¨Ï¥Î,¤@¯ë,¤@¯ë,Äµ »y: ¥i¯à·|¤Þ°_·w¯t¡B¤â¸}³Â¤ìµL¤O©Î¨ëµhµ¥²{¶H,,,0,0,¬O,1.0,,§_,§_,§_,³æ¤è,§_,°±¥Î,¥i¥Î,¤£¥i¿i,¬O,,1.00,1.00,4.00,4.00,7,7,1,1,8.00,8.00,0.30,0.16,,µL¹Ï¤ù,,0,,0,,J01XB01,,,,,1.00,MU,3.00,MU,VIAL,,°·«Oµ¹¥I,°·«Oµ¹¥I,COLISTIN,J01XB01,X000136209,§_,Liquid,IVSOL,,,,,,,¬Ò¥i,³æ¦¸¿éª`,PH008,201904221610,174.00,209.00
ICOMDBA1,20220922,99999999,°±¥Î,BA1Âù»ùModerna(Covid19) 0.5mL/dose(2.5mL/vial),BA1Âù»ùModerna(Covid19) 0.5mL/dose(2.5mL/vial),SARS-CoV-2 Spike glycoprotein [mRNA],IM,STAT,HIMM,IM-02-02,°w¾¯,DOS,COVID-19 Vaccine Âù»ùModerna,«D²Õ®M,°±¥Î,,±M®×¶i¤fÃÄ«~,¬O,¥i¥ÎÃÄ¥]¾÷,¥i¥Î,¤£¦LÃÄÅÒ,¦¸­p¶q¶i¦ì,¾AÀ³¯g:²ö¼w¯ÇÂù»ù·s«aªÍª¢(COVID-19)¬Ì­],,Indication:Moderna COVID-19 bivalent vaccine,,¥~ Æ[:2.5mL¤p²~ (¦h¾¯¶q¥]¸Ë),Appearance:2.5mL vial (multiple dose package),ª`®g³¡¦ì¤ÏÀ³¡A¯h­Â¡Aµo¿N¡Aäú¤ß¡A¦Ù¦×µmµh,Injection site reactions¡A headache¡A fatigue¡A fever¡A nausea¡A muscle aches,,¥u¥Î©óªù¶E¤Î¦í°|STAT,Âù»ù²ö¼w¯Ç·s«a¬Ì­],Âù»ùModerna(Covid19) 0.5mL/dos,CoV_bMod,,,¬O,,¸Ñ­á«á¡A½Ð¤Å­«·s§N­á¡C,2-8¢J¥i«O¦s30¤Ñ¡C,Do not refreeze.,Store at 2-8¢XC after removal from the freezer for a maximum of 30 days.,²Ä¤@¾¯©â¥X«á¦b2-25¢XC¥i¦s©ñ19¤p®É,After 1st dose has been withdrawn¡A vial should be held 2-25¢XC for 19 hour,[Rx_o]COVID¬Ì­],¤@¯ë,ª`®g,Äµ »y: ½Ð¿íÂå®v«ü¥Ü«ö®É¥ÎÃÄ¡A¤Å¦Û¦æ§ïÅÜ¾¯¶q¡B¥Îªk©Î¥ô·N°±ÃÄ¡C,,,0,0,¬O,1.0,,§_,¬O,¬O,³æ¤è,,°±¥Î,,¤£¥i¿i,§_,,1.00,1.00,1.00,1.00,1,1,1,1,1.00,1.00,0,0,,¦³¹Ï¤ù,,0,,0,,J07BN01,,,,,0,,0,,DOS,,°·«O¤£¥Ó³ø¤£­p»ù,°·«O¤£¥Ó³ø¤£­p»ù,,,,§_,Liquid,SOL,,,0,,2.50,mL,,,PH047,202309251609,0,0
ICOMDBA5,20220922,99999999,°±¥Î,BA4/5¦¸¥@¥NModerna(Covid19) 0.5mL/dose(2.5mL/vial),BA4/5¦¸¥@¥NModerna(Covid19) 0.5mL/dose(2.5mL/vial),SARS-CoV-2 Spike glycoprotein [mRNA],IM,STAT,HIMM,IM-02-02,°w¾¯,DOSE,COVID-19 Vaccine ¦¸¥@¥NModerna,«D²Õ®M,°±¥Î,,±M®×¶i¤fÃÄ«~,¬O,¥i¥ÎÃÄ¥]¾÷,¥i¥Î,¤£¦LÃÄÅÒ,¦¸­p¶q¶i¦ì,¾AÀ³¯g:²ö¼w¯ÇÂù»ùBA4/5¦¸¥@¥N·s«aªÍª¢(COVID-19)¬Ì­],,Indication:Moderna COVID-19 BA4/5 bivalent vaccine,,¥~ Æ[:2.5mL¤p²~ (¦h¾¯¶q¥]¸Ë),Appearance:2.5mL vial (multiple dose package),ª`®g³¡¦ì¤ÏÀ³¡A¯h­Â¡Aµo¿N¡Aäú¤ß¡A¦Ù¦×µmµh,Injection site reactions¡A headache¡A fatigue¡A fever¡A nausea¡A muscle aches,,¥u¥Î©óªù¶E¤Î¦í°|STAT,BA4/5¦¸¥@¥N²ö¼w¯Ç·s«a¬Ì­],BA4/5¦¸¥@¥NModerna(Covid19) 0.5,CoV_bMB5,,,¬O,,¸Ñ­á«á¡A½Ð¤Å­«·s§N­á¡C,2-8¢J¥i«O¦s30¤Ñ¡C,Do not refreeze.,Store at 2-8¢XC after removal from the freezer for a maximum of 30 days.,²Ä¤@¾¯©â¥X«á¦b2-25¢XC¥i¦s©ñ19¤p®É,After 1st dose has been withdrawn¡A vial should be held 2-25¢XC for 19 hour,[Rx_o]COVID¬Ì­],¤@¯ë,ª`®g,Äµ »y: ½Ð¿íÂå®v«ü¥Ü«ö®É¥ÎÃÄ¡A¤Å¦Û¦æ§ïÅÜ¾¯¶q¡B¥Îªk©Î¥ô·N°±ÃÄ¡C,,,0,0,¬O,1.0,,§_,¬O,¬O,³æ¤è,,°±¥Î,,¤£¥i¿i,§_,,1.00,1.00,1.00,1.00,1,1,1,1,1.00,1.00,0,0,,¦³¹Ï¤ù,,0,,0,,J07BX03,,,,,0,,0,,DOS,,°·«O¤£¥Ó³ø¤£­p»ù,°·«O¤£¥Ó³ø¤£­p»ù,,,,,Liquid,SOL,,,0,,2.50,mL,,,PH047,202310301214,0,0
ICONVXBB,20240105,99999999,¥i¥Î,COVID-19 XBB.1.5 Novavax 0.5mL/dose (2.5mL/vial),COVID-19 XBB.1.5 Novavax 0.5mL/dose (2.5mL/vial),SARS-CoV-2 Spike glycoprotein,IM,STAT,HIMM,IM-02-02,°w¾¯,DOSE,COVID-19 Novavax XBB.1.5,«D²Õ®M,°±¥Î,,±M®×¶i¤fÃÄ«~,¬O,¥i¥ÎÃÄ¥]¾÷,¥i¥Î,¤£¦LÃÄÅÒ,¦¸­p¶q¶i¦ì,¾AÀ³¯g:¿Õ¥Ë¥Ë§J´µ(Nuvaxovid) 12·³¥H¤W·s«aªÍª¢¬Ì­]¡C,,Indication:Novavax (Nuvaxovid) COVID-19 vaccine for age >=12,,¥~ Æ[: 2.5²@¤É¦h¾¯¶q¤p¬Á¼þ²~(ÂÅ¦â²~»\),Appearance: 2.5 mL multi-dose glass vial (blue cap),ÀYµh¡Bäú¤ß/¹Ã¦R¡B¦Ù¦×µh¡BÃö¸`µh¡Bª`®g³¡¦ì¯kµh¡B¯h­Â¡BµL¤O¡C,Headache¡A nausea/vomiting¡A myalgia¡A arthralgia¡A injection site pain¡A fatigue.,,¥u¥Î©óªù¶E¤Î¦í°|STAT,Novavax·s«aªÍª¢¬Ì­]XBB.1.5,COVID-19 Novavax XBB.1.5,CoV_NXBB,,,¬O,,¶È¨Ñ¦Ù¦×ª`®gµ¹ÃÄ¡C¨C¦¸©âÃÄ«e½Ð±ÛÂàÃÄ²~¡C,¶}«Ê«á¡A¦b«Ç·Å25¢XC¥H¤U¥i¦s©ñ6¤p®É¡A¦b2-8¢XC¥i¦s©ñ12¤p®É¡C,For intramuscular use only. Gently swirl the vial before each withdrawal.,After opening¡A store below 25¢XC for 6 hours or at 2-8¢XC for 12 hours.,±µºØ«á¡A­Y¥X²{©I§l§xÃø¡B¤ß±ª¤Î¯ÝµhÀ³¥ß§Y´NÂå¡C,Seek medical help for breathing issues/palpitations/chest pain post-vaccination.,[Rx_o] 202401·s«ØCOVID¬Ì­]¬F©²´£¨Ñ-¥Ó³ø½Ò¦³¥Ó½Ð¤½ª©¦P·N®Ñ¨Ñ¶E¶¡¤U¸üÃ±¦W,¤@¯ë,ª`®g,Äµ »y:¥»«~À³¥H¦Ù¦×ª`®g (IM) ¤è¦¡§ë»P,,,0,0,¬O,1.0,,§_,¬O,¬O,³æ¤è,,°±¥Î,,¤£¥i¿i,§_,,1.00,1.00,1.00,0,1,1,1,1,1.00,1.00,0,0,,¦³¹Ï¤ù,,0,,0,,J07BN04,,,,,0,,0,,DOS,,°·«O¤£¥Ó³ø¤£­p»ù,°·«O¤£¥Ó³ø¤£­p»ù,,,,,LiquidSolidSuspension,SUSP,,,0,,2.50,mL,,,PH006,202403221208,0,0
ICOR,19960101,99999999,°±¥Î,Cortrosyn depot,Cortrosyn depot,A.C.T.H.,IM,,HM,HR-03-03,°w¾¯,VAL,A.C.T.H.,«D²Õ®M,°±¥Î¡A¥i¬dÃþ¦üÃÄ,,¤w°±¥Î,¬O,¤£¥i¥ÎÃÄ¥]¾÷,,¤@¯ë,Á`¶q¶i¦ì,¾AÀ³¯g:¬°«PµÇ¤W¸¢¥Ö½è¿E¯À,,,,,,,,,,,Cortrosyn depot,,,§_,¬O,,,,,,,,,¤@¯ë,ª`®g,Äµ »y: ¥i¯à·|¤Þ°_·w¯t¡B¤â¸}³Â¤ìµL¤O©Î¨ëµhµ¥²{¶H,,,,,¬O,1.0,,§_,§_,§_,³æ¤è,§_,¥i¥Î,¥i¥Î,¤£¥i¿i,¬O,,1.00,1.00,1.00,1.00,7,999,1,1,0,0,0,0,,µL¹Ï¤ù,,0,,0,,,,,,,,,,,VAL,§_,°·«Oµ¹¥I,°·«Oµ¹¥I,COSYNTROPIN,H01AA02,B015451209,§_,Liquid,SOL,,,,,,,¬Ò¥i,³æ¦¸¿éª`,PH008,201403201327,143.00,172.00
ICOS,20120524,99999999,°±¥Î,Cosmegen inj 0.5mg,Cosmegen inj 0.5mg,Dactinomycin,IVD,,RACA,ON-03-09,°w¾¯,mg,Actinomycin,«D²Õ®M,¼t°Ó¯Ê³f,,­Ó®×Á{±Ä,¬O,¤£¥i¥ÎÃÄ¥]¾÷,±ø¥ó¤Uµ¹¥I,¤@¯ë,¦¸­p¶q¶i¦ì,¾AÀ³¯g:¤p¨àÀù¡A ¸A¤Y´c©Ê¸~½F,,Indication:Treatment of cancers in children & testicular,cancer.,¥~ Æ[:´Ä¦âÁ×¥ú¤p²~,,­Â«å¡A¥F¤O¡A ¶ÝºÎ¡A µo¿N¡A ¦Ù¦×µh¡A ª½¸zª¢¡A §C¦å¶t,Malaise¡A fatigue¡A lethargy¡A fever¡A myalgia¡A proctitis¡A hypocalcemia.,,¬Ò¥i¥Î,¥i¬üÀR,Cosmegen,,,§_,¬O,,¥»«~¬°­«¯gªvÀøÃÄ¡A½Ð¨Ì·ÓÂå®v«ü¥Ü¨Ï¥Î,,Take this medicine exactly as your doctor ordered.,,,,,¤ÆÀø,ª`®g,Äµ »y:¥»«~¬°­«¯gªvÀøÃÄª«¡A½Ð¨Ì·ÓÂå®v«ü¥Ü¨Ï¥Î¡C,Äµ °ªÄµ°T,,0,0,¬O,0.5,,§_,§_,§_,³æ¤è,§_,°±¥Î,¥i¥Î,¤£¥i¿i,¬O,,0.50,0.50,2.00,2.00,5,5,1,1,0,0,0,0,,¦³¹Ï¤ù,,0,,0,,L01DA01,,,,,,,,,VIAL,,°·«Oµ¹¥I,°·«Oµ¹¥I,DACTINOMYCIN,L01DA01,B019289277,§_,Liquid,IVSOL,,,,,,,¬Ò¥i,³æ¦¸¿éª`,PH032,202109091810,265.00,318.00
ICOSE,20161228,99999999,¥i¥Î,Cosentyx 150mg prefilled pen,Cosentyx 150mg prefilled pen,Secukinumab,SC,ASORDER,HIMM,IM-04-00,°w¾¯,¤ä,Cosentyx,«D²Õ®M,,,¤@¯ë¥i¥Î,¬O,¤£¥i¥ÎÃÄ¥]¾÷,±ø¥ó¤Uµ¹¥I,¤@¯ë,Á`¶q¶i¦ì,¾AÀ³¯g:ªvÀø´³¶ô©Ê°®Å~¡B°®Å~©ÊÃö¸`ª¢¡B»øª½©Ê¯á´Õª¢¦¨¤H±wªÌ,,Indication:Treatment of plaque psoriasis¡A psoriatic,arthritis or ankylosing spondylitis in adult patients.,¥~ Æ[:¹w¶ñ¥Rª`®gµ§,Appearance:single-dose prefilled pen,·P¬V¡A §J¶©¤ó¯g´c¤Æ¡A ¹L±Ó¤ÏÀ³,Infections¡A exacerbations of Crohn's disease¡A hypersensitivity reactions.,,¬Ò¥i¥Î,¥iµ½®¼ª`®g²G¾¯150²@§J/²@¤É,Cosentyx 150mg prefilled pen,,,,¬O,,¨Ï¥Î¦¹ÃÄ«~¤£¥i¨Ï¥Î¬¡©Ê¬Ì­]¡C,­Y¥X²{·P¬V¼x¥ü©Î¯gª¬®É¡A½Ð§iª¾Âå®v¡C,Do not give live vaccines during treatment.,Seek medical advice if signs or symptoms suggestive of an infection occur.,½Ð¸m©óÄá¤ó 2-8 «×¦B½c§NÂÃ¡C,Store in a refrigerator (2-8¢XC).,105-4 ÃÄ©e·|¶iÃÄ,¤@¯ë,¤@¯ë,Äµ»y:­Y¥X²{·P¬V¼x¥ü©Î¯gª¬®É¡A½Ð§iª¾Âå®v¡C,,,0,0,§_,1.0,,§_,¬O,§_,³æ¤è,§_,¥i¥Î,¥i¥Î,¤£¥i¿i,¬O,,1.00,1.00,2.00,2.00,99,99,1,1,2.00,2.00,0,0,,¦³¹Ï¤ù,,0,,0,,L04AC10,,,,,0,,0,,¤ä,¬O,°·«Oµ¹¥I,°·«Oµ¹¥I,SECUKINUMAB,L04AC10,KC00991209,§_,Liquid,SOL,,,150.00,mg,,,¬Ò¥i,³æ¦¸¿éª`,PH047,202303071410,14232.00,17078.00
ICOV,20240115,99999999,¥i¥Î,Covorin inj 50mg/5mL,Covorin inj 50mg/5mL,Folinate,IVD,,ZADT,AD-02-00,°w¾¯,mg,Leucovorin,«D²Õ®M,,,¤@¯ë¥i¥Î,¬O,¥i¥ÎÃÄ¥]¾÷,¥i¥Î,¤@¯ë,¦¸­p¶q¶i¦ì,¾AÀ³¯g: ¸­»Ä«ú§Ü¾¯¹L¶q¤§¸Ñ¬r¾¯¡C,°t»s«á«O¦s´Á­­¡G24hrs(25¢XC),Indication: Folate antagonist overdose antidote.,,¥~ Æ[: 5²@¤É¦wÞÀ¡C,Appearance: 5 mL ampoule.,¯h­Â¡Bäú¤ß¡B¹L±Ó¤ÏÀ³¡C,Fatigue¡A Nausea¡A Allergic reaction.,,¥u¥Î©óªù¶E¤Î¦í°|STAT,§J¼oØwª`®g²G50²@§J/5²@¤É,Covorin,,,,¬O,,¥»«~»Ý¸m©óÁ×¥ú§NÂÃ(2-8«×)³B¡C,ªvÀø¸­»Ä§Ü«ú¾¯¹L¶q®ÉÀ³¦b²Ä1¤p®É¤ºµ¹ÃÄ§¹¦¨¡A­Y¤ÓºCµ¹ÃÄ«h®ÄªG¸û®t¡C,Store this product refrigerated (2-8¢XC) and protected from light.,Administer folinate within the first hour in folic acid antagonist overdose.,·í¶}©l©Î«ùÄò¸¡Âm®É¡AÀ³°±¤îªvÀøª½¨ì¯gª¬§¹¥þ¸Ñ°£¡C,Stop treatment if diarrhea occurs until symptoms resolve completely.,202401 [IFOLI] Folina°w¾¯¯Ê³f´À¥N,¤ÆÀø,¤@¯ë,Äµ »y:½Ð¸m©óÄá¤ó 2-8 «×¦B½cÁ×¥ú§NÂÃ«O¦s¡C,,,0,0,§_,50.0,,§_,¬O,§_,³æ¤è,,°±¥Î,,¤£¥i¿i,¬O,,1.00,1.00,2000.00,2000.00,7,7,1,1,2000.00,2000.00,0,0,,¦³¹Ï¤ù,,0,,0,,V03AF03,,,,,50.00,mg,60.00,mg,AMP,,°·«Oµ¹¥I,°·«Oµ¹¥I,LEUCOVORIN,V03AF03,AC47621221,,Liquid,IVSOL,,,50.00,mg,5.00,mL,¬Ò¥i,³æ¦¸¿éª`,PH047,202401311503,62.00,78.00
ICOVAZ,20210326,99999999,°±¥Î,COVID-19 Vaccine AstraZeneca 0.5mL/dose (5mL/vial),COVID-19 Vaccine AstraZeneca 0.5mL/dose (5mL/vial),SARS-CoV-2 Spike glycoprotein [ChAdOx1-S],IM,STAT,HIMM,IM-02-02,°w¾¯,DOS,COVID-19 Vaccine AstraZeneca,«D²Õ®M,°±¥Î,,±M®×¶i¤fÃÄ«~,¬O,¥i¥ÎÃÄ¥]¾÷,¥i¥Î,¤£¦LÃÄÅÒ,¦¸­p¶q¶i¦ì,¾AÀ³¯g:ªü´µ¯S±¶§Q±d(AZ)18·³¥H¤W·s«aªÍª¢(COVID-19)¬Ì­],,Indication:AstraZeneca COVID-19 Vaccine for 18 years older.,,¥~ Æ[: 5mL¤p²~ (¦h¾¯¶q¥]¸Ë),Appearance:5mL vial (multiple dose package),ª`®g³¡¦ì¤ÏÀ³¡A¯h­Â¡Aµo¿N¡Aäú¤ß¡A¦Ù¦×µmµh,Injection site reactions¡A headache¡A fatigue¡A fever¡A nausea¡A muscle aches,,¥u¥Î©óªù¶E¤Î¦í°|STAT,ªü´µ¯S±¶§Q±d(AZ)·s«aªÍª¢(COVID-19)¬Ì­],COVID-19 Vaccine AstraZeneca,CoV_AZ,,,¬O,,,,,,¶}«Ê«á¤£¶W¹L30¢J¥i«O¦s6¤p®É,Used within 6 hours at room temperature (up to 30¢J) after opening.,[Rx_o]COVID¬Ì­]­nÅã¥Ü2021.03¬F©²´£¨Ñ-¥Ó³ø¬ì¦³¥Ó½Ð¤½ª©¦P·N®Ñ¨Ñ¶E¶¡¤U¸üÃ±¦W,¤@¯ë,ª`®g,§¹¾ã¬I¥´µ{§Ç»Ý¨Ï¥Î¨â¾¯¡A½Ð¨Ï¥Î¬Û¦Pªº¬Ì­]¨Ó§¹¦¨,,,0,0,¬O,1.0,,§_,¬O,¬O,³æ¤è,§_,°±¥Î,°±¥Î,¤£¥i¿i,§_,,1.00,1.00,1.00,1.00,1,1,1,1,1.00,1.00,0,0,,¦³¹Ï¤ù,,0,,0,,J07BX03,,,,,0,,0,,DOS,§_,°·«O¤£¥Ó³ø¤£­p»ù,°·«O¤£¥Ó³ø¤£­p»ù,,,,§_,Liquid,SOL,,,0,,5.00,mL,,,PH006,202307281509,0,0
ICOVBNT,20210923,99999999,°±¥Î,COVID-19 Vaccine BioNTech 0.3mL/dose (0.45mL/vial),COVID-19 Vaccine BioNTech 0.3mL/dose (0.45mL/vial),SARS-CoV-2 Spike glycoprotein [mRNA],IM,STAT,HIMM,IM-02-02,°w¾¯,DOSE,COVID-19 Vaccine BioNTech,«D²Õ®M,°±¥Î,,±M®×¶i¤fÃÄ«~,¬O,¥i¥ÎÃÄ¥]¾÷,¥i¥Î,¤£¦LÃÄÅÒ,¦¸­p¶q¶i¦ì,¾AÀ³¯g:BioNTech12·³¥H¤W·s«aªÍª¢(COVID-19)¬Ì­],,Indication:BioNTech COVID-19 Vaccine for 12 years older.,,¥~ Æ[:0.45mL¤p²~ (¦h¾¯¶q¿@ÁY²G),Appearance:0.45mL vial (multiple dose concentrate),ª`®g³¡¦ì¤ÏÀ³¡A¯h­Â¡Aµo¿N¡Aäú¤ß¡A¦Ù¦×µmµh,Injection site reactions¡A headache¡A fatigue¡A fever¡A nausea¡A muscle aches,,¥u¥Î©óªù¶E¤Î¦í°|STAT,BioNTech·s«aªÍª¢(COVID-19)¬Ì­],COVID-19 Vaccine BioNTech,CoV_BNT,,,¬O,,¥¼¶}«ÊÃÄ²~30 ¢XC¥H¤U«O¦s2¤p®É¡C,µ}ÄÀ«á2 -30¢XC¥iºû«ù6¤p®É¡C,The unopened vial Could store for up to 2 hours at up to 30¢XC.,After dilution could store for 6 hours at 2-30¢XC.,¥»«~»Ýµ}ÄÀ¡C¸Ñ­á«á¡A½Ð¤Å­«·s§N­á¡C,Should be administered after dilution. Do not refreeze.,[Rx_o]COVID¬Ì­]2021 ¬F©²´£¨Ñ-¥Ó³ø¬ì¦³¥Ó½Ð¤½ª©¦P·N®Ñ¨Ñ¶E¶¡¤U¸üÃ±¦W,¤@¯ë,ª`®g,¥¼¶}«ÊÃÄ²~30 ¢XC¥H¤U«O¦s2¤p®É¡Cµ}ÄÀ«á2 -30¢XC¥iºû«ù6¤p®É¡C,,,0,0,¬O,1.0,,§_,¬O,¬O,³æ¤è,,°±¥Î,°±¥Î,¤£¥i¿i,§_,,1.00,1.00,1.00,1.00,1,1,1,1,1.00,1.00,0,0,,¦³¹Ï¤ù,,0,,0,,J07BX03,,,,,0,,0,,DOS,,°·«O¤£¥Ó³ø¤£­p»ù,°·«O¤£¥Ó³ø¤£­p»ù,,,,§_,Liquid,SOL,,,0,,0.45,mL,,,PH006,202401281042,0,0
ICOVMDN,20210602,99999999,°±¥Î,COVID-19 Vaccine Moderna 0.5mL/dose (5mL/vial),COVID-19 Vaccine Moderna 0.5mL/dose (5mL/vial),SARS-CoV-2 Spike glycoprotein [mRNA],IM,STAT,HIMM,IM-02-02,°w¾¯,DOSE,COVID-19 Vaccine Moderna,«D²Õ®M,°±¥Î,,±M®×¶i¤fÃÄ«~,¬O,¥i¥ÎÃÄ¥]¾÷,¥i¥Î,¤£¦LÃÄÅÒ,¦¸­p¶q¶i¦ì,¾AÀ³¯g:Moderna18·³¥H¤W·s«aªÍª¢(COVID-19)¬Ì­],,Indication:Moderna COVID-19 Vaccine for 18 years older.,,¥~ Æ[:5mL¤p²~ (¦h¾¯¶q¥]¸Ë),Appearance:5mL vial (multiple dose package),ª`®g³¡¦ì¤ÏÀ³¡A¯h­Â¡Aµo¿N¡Aäú¤ß¡A¦Ù¦×µmµh,Injection site reactions¡A headache¡A fatigue¡A fever¡A nausea¡A muscle aches,,¥u¥Î©óªù¶E¤Î¦í°|STAT,Moderna·s«aªÍª¢(COVID-19)¬Ì­],COVID-19 Vaccine Moderna,CoV_Mode,,,¬O,,¸Ñ­á«á¡A½Ð¤Å­«·s§N­á¡C,§¹¾ã¬I¥´µ{§Ç»Ý¨Ï¥Î¨â¾¯¡A½Ð¨Ï¥Î¬Û¦Pªº¬Ì­]¨Ó§¹¦¨,Do not refreeze.,Please use same vaccine product to complete 2 doses of injection procedure.,²Ä¤@¾¯©â¥X«á¦b2-25¢XC¥i¦s©ñ6¤p®É,After 1st dose has been withdrawn¡A the vial should be held 2-25¢XC for 6 hours.,[Rx_o]COVID¬Ì­]2021 ¬F©²´£¨Ñ-¥Ó³ø¬ì¦³¥Ó½Ð¤½ª©¦P·N®Ñ¨Ñ¶E¶¡¤U¸üÃ±¦W,¤@¯ë,ª`®g,§¹¾ã¬I¥´µ{§Ç»Ý¨Ï¥Î¨â¾¯¡A½Ð¨Ï¥Î¬Û¦Pªº¬Ì­]¨Ó§¹¦¨,,,0,0,¬O,1.0,,§_,¬O,¬O,³æ¤è,§_,°±¥Î,°±¥Î,¤£¥i¿i,§_,,1.00,1.00,1.00,1.00,1,1,1,1,1.00,1.00,0,0,,¦³¹Ï¤ù,,0,,0,,J07BX03,,,,,0,,0,,DOS,,°·«O¤£¥Ó³ø¤£­p»ù,°·«O¤£¥Ó³ø¤£­p»ù,,,,§_,Liquid,SOL,,,0,,5.00,mL,,,PH006,202401281042,0,0
ICOVMVC,20210815,99999999,°±¥Î,COVID-19 Vaccine Medigen 0.5mL/dose(10 dose/vial),COVID-19 Vaccine Medigen 0.5mL/dose(10 dose/vial),SARS-CoV-2 Spike glycoprotein,IM,STAT,HIMM,IM-02-02,°w¾¯,DOS,COVID-19 Vaccine °ªºÝ,«D²Õ®M,°±¥Î,,¤@¯ë¥i¥Î,¬O,¥i¥ÎÃÄ¥]¾÷,¥i¥Î,¤£¦LÃÄÅÒ,¦¸­p¶q¶i¦ì,¾AÀ³¯g:°ªºÝ20·³¥H¤W·s«aªÍª¢(COVID-19)¬Ì­],,Indication:Medigen COVID-19 Vaccine for 20 years older.,,¥~ Æ[: 10 dose ¤p²~ (¦h¾¯¶q¥]¸Ë),Appearance:10 dose vial (multiple dose package),ª`®g³¡¦ì¤ÏÀ³¡A¯h­Â¡Aµo¿N¡Aäú¤ß¡A¦Ù¦×µmµh,Injection site reactions¡A headache¡A fatigue¡A fever¡A nausea¡A muscle aches,,¥u¥Î©óªù¶E¤Î¦í°|STAT,°ªºÝ·s«aªÍª¢(COVID-19)¬Ì­],COVID-19 Vaccine Medigen°ªºÝ,CoV_Medi,,,¬O,,©ñ¸m¦B½c§NÂÃ (2¢X¦Ü 8¢XC),,Store in refrigerator (2¢X to 8¢XC),,¶È¨Ñ¦Ù¦×ª`®g¡C,Only for intramuscular injection.,[Rx_o]COVID¬Ì­]2021.08¬F©²´£¨Ñ-¥Ó³ø¬ì¦³¥Ó½Ð¤½ª©¦P·N®Ñ¨Ñ¶E¶¡¤U¸üÃ±¦W,¤@¯ë,ª`®g,§¹¾ã¬I¥´µ{§Ç»Ý¨Ï¥Î¨â¾¯¡A½Ð¨Ï¥Î¬Û¦Pªº¬Ì­]¨Ó§¹¦¨,,,0,0,¬O,1.0,,§_,¬O,¬O,³æ¤è,,°±¥Î,,¤£¥i¿i,§_,,1.00,1.00,1.00,1.00,1,1,1,1,1.00,1.00,0,0,,¦³¹Ï¤ù,,0,,0,,J07BX03,,,,,0,,0,,DOS,,°·«O¤£¥Ó³ø¤£­p»ù,°·«O¤£¥Ó³ø¤£­p»ù,,,,,Liquid,SOL,,,0,,0.50,mL,,,PH006,202307281510,0,0
ICOVNVV,20220704,99999999,°±¥Î,COVID-19 Vaccine Novavax 0.5mL/dose (5mL/vial),COVID-19 Vaccine Novavax 0.5mL/dose (5mL/vial),SARS-CoV-2 Spike glycoprotein,IM,STAT,HIMM,IM-02-02,°w¾¯,DOSE,COVID-19 Vaccine Novavax (Nuvaxovid),«D²Õ®M,°±¥Î,,±M®×¶i¤fÃÄ«~,¬O,¥i¥ÎÃÄ¥]¾÷,¥i¥Î,¤£¦LÃÄÅÒ,¦¸­p¶q¶i¦ì,¾AÀ³¯g:Nuvaxovid 18·³¥H¤W·s«aªÍª¢(COVID-19)¬Ì­],,Indication:Nuvaxovid COVID-19 Vaccine for 18 years older.,,¥~ Æ[: 5mL¤p²~ (¦h¾¯¶q¥]¸Ë),Appearance:5mL vial (multiple dose package),ª`®g³¡¦ì¤ÏÀ³¡A¯h­Â¡Aµo¿N¡Aäú¤ß¡A¦Ù¦×µmµh,Injection site reactions¡A headache¡A fatigue¡A fever¡A nausea¡A muscle aches,,¥u¥Î©óªù¶E¤Î¦í°|STAT,Novavax(Nuvaxovid)·s«aªÍª¢(COVID-19)¬Ì­],COVID-19 Vaccine Novavax,CoV_NVX,,,¬O,,©ñ¸m¦B½c§NÂÃ (2¢X¦Ü 8¢XC),,Store in refrigerator (2¢X to 8¢XC),,¶È¨Ñ¦Ù¦×ª`®g¡C¶}«Ê«á©ó2-25¢J¥i«O¦s6¤p®É,Only for intramuscular injection.Used within 6 hours at 2-25¢J after opening.,[Rx_o]COVID¬Ì­]2022.07¬F©²´£¨Ñ-¥Ó³ø¬ì¦³¥Ó½Ð¤½ª©¦P·N®Ñ¨Ñ¶E¶¡¤U¸üÃ±¦W,¤@¯ë,ª`®g,,,,0,0,¬O,1.0,,§_,¬O,¬O,³æ¤è,,°±¥Î,°±¥Î,¤£¥i¿i,§_,,1.00,1.00,1.00,1.00,1,1,1,1,1.00,1.00,0,0,,¦³¹Ï¤ù,,0,,0,,J07BX03,,,,,0,,0,,DOS,,°·«O¤£¥Ó³ø¤£­p»ù,°·«O¤£¥Ó³ø¤£­p»ù,,,,,Liquid,SOL,,,0,,5.00,mL,,,PH006,202307281510,0,0
ICOXBB15,20230920,99999999,¥i¥Î,COVID-19 XBB.1.5 0.5mL/dose (2.5mL/vial),COVID-19 XBB.1.5 0.5mL/dose (2.5mL/vial),SARS-CoV-2 Spike glycoprotein [mRNA],IM,STAT,HIMM,IM-02-02,°w¾¯,DOSE,COVID-19 Vaccine XBB.1.5,«D²Õ®M,,,±M®×¶i¤fÃÄ«~,¬O,¥i¥ÎÃÄ¥]¾÷,¥i¥Î,¤£¦LÃÄÅÒ,¦¸­p¶q¶i¦ì,¾AÀ³¯g:²ö¼w¯Ç(Spikevax) 6­Ó¤ë¥H¤W·s«aªÍª¢¬Ì­],,Indication:Moderna (Spikevax) COVID-19 vaccine for >6 months,,¥~ Æ[: ¦h¾¯¶q«¬¤p¬Á¼þ²~(ÂÅ¦â¶ì½¦»\)§t 2.5mL¥Õ¦â·»²G,Appearance: 2.5 mL white solution in glass vial (blue cap),ª`®g³¡¦ìÀ£µh¡B¯h­Â¡BÀYµh¡B¦Ù¦×Ãö¸`µh¡B¬È´H¡Bµo¿N¡B¥Ö¯l¡Bäú¤ß/¹Ã¦R,Injection site tenderness¡A fatigue¡A headache¡A muscle pain¡A chills¡A fever¡A rash,,¥u¥Î©óªù¶E¤Î¦í°|STAT,²ö¼w¯Ç·s«aªÍª¢¬Ì­]XBB.1.5,COVID-19 XBB.1.5 Vaccine,CoV_XBB,,,¬O,,¸Ñ­á«á¡A2-8¢J¥i«O¦s30¤Ñ¡C½Ð¤Å­«·s§N­á¡C,¶È¨Ñ¦Ù¦×ª`®gµ¹ÃÄ¡C¨C¦¸©âÃÄ«e½Ð»´®ÌÃÄ²~¡C,Thawed vials keep 2-8¢XC for 30 days. Do not refreeze.,For intramuscular use only. Gently swirl the vial before each withdrawal.,²Ä¤@¾¯©â¥X«á¦b2-25¢XC¥i¦s©ñ19¤p®É¡C,After the first dose withdrawal¡A store at 2-25¢XC for 19 hours.,[Rx_o] 202309·s«ØCOVID¬Ì­]¬F©²´£¨Ñ,¤@¯ë,ª`®g,Äµ »y:¥»«~À³¥H¦Ù¦×ª`®g (IM) ¤è¦¡§ë»P,,,0,0,¬O,1.0,,§_,¬O,¬O,³æ¤è,§_,°±¥Î,°±¥Î,¤£¥i¿i,§_,,1.00,1.00,1.00,1.00,1,1,1,1,1.00,1.00,0,0,,µL¹Ï¤ù,,0,,0,,J07BN01,,,,,0,,0,,DOS,§_,°·«O¤£¥Ó³ø¤£­p»ù,°·«O¤£¥Ó³ø¤£­p»ù,,,,,LiquidSolidSuspension,SUSP,,,0,,2.50,mL,,,PH006,202403221208,0,0
ICRA,20040401,99999999,°±¥Î,Cravit °w¾¯ 500mg/100mL,Cravit inj 500mg/100mL,Levofloxacin,IVD,QD,QANB,AI-01-08,°w¾¯,VAL,,«D²Õ®M,°±¥Î,ICRA2,¤@¯ë¥i¥Î,¬O,¥i¥ÎÃÄ¥]¾÷,¥i¥Î,¤@¯ë,¦¸­p¶q¶i¦ì,¾AÀ³¯g:²Óµß©Ê·P¬V,,Indication:Bacterial infections.,,¥~ Æ[: 100ml ª`®g¾¯,,,,¤@¯ëÃþ§Ü¥Í¯À,¬Ò¥i¥Î,¥i¼Ö¥²§´ÀR¯ß¿é²G,Cravit inj 500mg/100mL,,,§_,¬O,,,,,,,,,¤@¯ë,ª`®g,Äµ »y:¥»«~»Ý¸m©óÁ×¥ú³±²D°®Àê³B,,,,,§_,1.0,,§_,§_,§_,³æ¤è,§_,¥i¥Î,¥i¥Î,¤£¥i¿i,¬O,,1.00,1.00,2.00,2.00,7,7,1,1,0,0,0,0,,¦³¹Ï¤ù,,0,,0,,J01MA12,,,,,0.50,g,0.50,g,VAL,,°·«Oµ¹¥I,°·«Oµ¹¥I,LEVOFLOXACIN,J01MA12,B023728255,§_,Liquid,IVSOL,,,,,,,¬Ò¥i,³æ¦¸¿éª`,PH009,201707171617,1205.00,1446.00
ICRA2,20110710,99999999,¥i¥Î,Cravit °w¾¯ 250mg/50mL,Cravit IV solution 250mg/50mL,Levofloxacin,IVD,QD,QANB,AI-01-08,°w¾¯,VAL,Cravit,«D²Õ®M,,,¤@¯ë¥i¥Î,¬O,¥i¥ÎÃÄ¥]¾÷,¥i¥Î,¤@¯ë,¦¸­p¶q¶i¦ì,¾AÀ³¯g:²Óµß©Ê·P¬V,,Indication:Bacterial infections.,,¥~ Æ[: 50mLª`®g¾¯,,¸¡³¡¤£¾A¡A ©ü©ü±ýºÎ¡A ºÎ¯v»ÙÃª,Abdominal discomfort¡A drowsiness¡A trouble in sleeping.,¤@¯ëÃþ§Ü¥Í¯À,¬Ò¥i¥Î,¥i¼Ö¥²§´ÀR¯ß¿é²G,Cravit IV solution 250mg/50mL,,,§_,¬O,,¥»«~»Ý¸m©óÁ×¥ú³±²D°®Àê³B,,Store at room temperature¡A away from heat¡A moisture¡A and direct light.,,­«¯g¦ÙµL¤O±wªÌ¤£«ØÄ³¨Ï¥Î,It is not recommended for patients with myasthenia gravis,,¤@¯ë,ª`®g,Äµ »y:¥»«~»Ý¸m©óÁ×¥ú³±²D°®Àê³B,,ª`®g¾¯,,,¬O,1.0,,§_,¬O,§_,³æ¤è,§_,°±¥Î,°±¥Î,¤£¥i¿i,¬O,,1.00,1.00,3.00,3.00,7,7,1,1,4.00,4.00,0.13,0.08,,¦³¹Ï¤ù,,250.00,mg,0,<18y/o: for Anthrax prevention,J01MA12,,,,,0.25,g,0.50,g,VIAL,,°·«Oµ¹¥I,°·«Oµ¹¥I,LEVOFLOXACIN,J01MA12,AC57185248,§_,Liquid,IVSOL,,,250.00,mg,50.00,mL,¤£»Ýµ}ÄÀ,³æ¦¸¿éª`,PH047,202303090949,339.00,407.00
ICTX,20170331,99999999,°±¥Î,Ceftriaxone Kabi inj 1gm,Ceftriaxone Kabi inj 1gm,Ceftriaxone,,,QANB,AI-01-02,°w¾¯,VAL,Rocephin,«D²Õ®M,°±¥Î¡A¥i¬dÃþ¦üÃÄ,ICEFS,¤@¯ë¥i¥Î,¬O,¥i¥ÎÃÄ¥]¾÷,,¤@¯ë,¤é¾¯¶q¶i¦ì,¾AÀ³¯g:²Óµß©Ê·P¬V,,Indication:Antibiotic for infection.,,¥~ Æ[:³z©ú¤p²~(vial)¡A ¥Õ¦Ü°¾¶À¦â¯»¥½,Appearance: 1gm powder / vial,¸z­G¤£¾A¡A ¦å²G¼Æ­È§ïÅÜ¡A ¥Ö½§¹L±Ó¡A ¾®¦å²§±`,GI upsets¡A hematological changes¡A skin reactions¡A coagulation disorders,ºÞ¨îÃþ§Ü¥Í¯À,¬Ò¥i¥Î,"¥d¤ñ"¦èµØ­B¶©°®¯»ª`®g¾¯1§J,Ceftriaxone Kabi inj 1gm,,,,¬O,,­Yµo¥ÍÄY­«¹L±Ó©Îµo¯lµ¥¤£¾A¯gª¬¡AÀ³§Y°±ÃÄ¨Ã½Ð±ÐÂå®v,,Report to doctor¡A if any severe hypersensitivity or skin rash occur.,,¤£¥i¥[¤J§t¶t¤§·»²G¤¤¡C,It can not be added to calcium-containing solutions.,,¤@¯ë,ª`®g,Äµ »y: ­Yµo¥ÍÄY­«¹L±Ó©Îµo¯lµ¥¤£¾A¯gª¬¡AÀ³§Y°±ÃÄ¨Ã½Ð±ÐÂå®v,,,0,0,¬O,1.0,,§_,¬O,§_,³æ¤è,§_,°±¥Î,°±¥Î,¤£¥i¿i,¬O,,1.00,1.00,4.00,4.00,7,7,1,1,4.00,4.00,0.20,0.10,,¦³¹Ï¤ù,D/W,1000.00,mg,0,50-100 mg/Kg/day,J01DD04,,,,,1.00,g,2.00,g,VIAL,,°·«Oµ¹¥I,°·«Oµ¹¥I,CEFTRIAXONE,J01DD04,BC26347209,§_,Liquid,IVSOL,,,1000.00,mg,,,¬Ò¥i,³æ¦¸¿éª`,PH006,202401281042,66.00,83.00
ICYR,20180612,99999999,¥i¥Î,Cyramza inj 100mg/10mL,Cyramza inj 100mg/10mL,Ramucirumab,IVD,,RACA,ON-09-03,°w¾¯,mg,,«D²Õ®M,Á{±ÄÃÄ¡A½Ð³qª¾ÃÄ§½¥~ÁÊ,,¥»°|Á{±Ä²M³æ,¬O,¥i¥ÎÃÄ¥]¾÷,±ø¥ó¤Uµ¹¥I,¤@¯ë,Á`¶q¶i¦ì,¾AÀ³¯g:§Ü¸~½FÃÄ,°t»s«á«O¦s´Á­­¡G4hrs(25¢XC)¡A24hrs(2-8¢XC)¡A½Õ»s®É¶¡¡G,Indication:Chemotherapy of malignant tumors.,,¥~ Æ[:¸Ë¦³¼á²M·»²G¤§¤p²~,Appearance: 10mL vial,¥Õ²Ó­M´î¤Ö¯g¡A¦å¤pªO´î¤Ö¯g¡A°ª¦åÀ£¡A»ó¥X¦å¡A­G¸z¹D¥X¦å¨Æ¥ó,Leukopenia¡A thrombocytopenia¡A hypertension¡A epistaxis¡A GI haemorrhage,,¥u¥Î©óªù¶E¤Î¦í°|STAT,ªY¾U¾Ü ª`®g¾¯,Cyramza,,,§_,¬O,,Àx¦s®É»Ý§NÂÃ¡A¨Ï¥Î®É¶È­­ÀR¯ßºwª`¨Ï¥Î¡A¿éª`ÃÄ«~»Ý¥[¸Ë0.22 micron¹LÂo¾¹¡C,¥i¯à¼vÅT¶Ë¤fÂ¡¦X¡A¦p»Ý¤â³N»Ý»PÂå®v°Q½×¡C,For Intravenous infusion only and 0.22 micron filter is recommended for IVD.,Impaired wound healing: tell to your doctor If you need surgery.,­Y¥X²{¥X¦å¡B°ª¦åÀ£¡BÄY­«¸¡µh¸¡Âm¡B¹Ã¦RÀ³¥ß§Y»PÂå®vÁpÃ´¡C,Check with doctor if you notice hemorrhage¡A hypertension or very upset stomach.,,¤ÆÀø,¤ÆÀø,¶È­­ÀR¯ßºwª`¨Ï¥Î¡A¿éª`ÃÄ«~»Ý¥[¸Ë0.22 micron¹LÂo¾¹¡C,,,0,0,¬O,100.0,,§_,¬O,§_,³æ¤è,§_,°±¥Î,°±¥Î,¤£¥i¿i,§_,,0,0,1000.00,1000.00,1,1,0,0,1000.00,1000.00,0,0,,¦³¹Ï¤ù,,0,,0,,L01FG02,,,,,0,,0,,VIAL,¬O,°·«Oµ¹¥I,°·«Oµ¹¥I,RAMUCIRUMAB,L01FG02,KC00999229,,Liquid,IVSOL,,,100.00,mg,10.00,mL,¥²¶·µ}ÄÀ,³æ¦¸¿éª`,PH047,202310031559,9198.00,11038.00
IDAN,20030701,99999999,¥i¥Î,Dantrolene inj 20mg (±M®×¶i¤f),Dantrolene inj 20mg (±M®×¶i¤f),Dantrolene,IVD,,CNEU,CN-03-02,°w¾¯,VAL,Dantrolene,«D²Õ®M,,,±M®×¶i¤fÃÄ«~,¬O,¤£¥i¥ÎÃÄ¥]¾÷,±ø¥ó¤Uµ¹¥I,¤@¯ë,Á`¶q¶i¦ì,¾AÀ³¯g:´c©Ê°ª¼ö¦M«æ±¡ªp,,Indication:Treatment of malignant hyperthermia,,¥~ Æ[:³z©ú¤p²~(Vial)¡A¬õ¦â¥~»\¡A¶À¦â¯»¥½,Appearance: Vial with red cap¡A yellow powder.,¯h³Ò¡A ¦Ù¦×µL¤O¡A ¶ÝºÎ¡A ÀY·w¡A ª`®g³¡¦ì¤ÏÀ³,Fatigue¡A muscle weakness/pain¡A drowsiness¡A dizziness. Inj site reactions.,,¬Ò¥i¥Î,Dantrium (dantrolene),Dantrolene inj 20mg,,,¬O,¬O,,¥i¯à·|©I§l§í¨î¡A ¥²¶·ºÊ´ú¥Í©R¸ñ¶H,,Monitor vital sign in patients who receive pre-op dose due to possible,respiratory depression.,,Has potential for hepatotoxicity.,,¤@¯ë,ª`®g,Äµ »y:¥»«~¬°­«¯gªvÀøÃÄª«¡A½Ð¨Ì·ÓÂå®v«ü¥Ü¨Ï¥Î¡C,,,,,¬O,1.0,,¬O,¬O,§_,³æ¤è,§_,°±¥Î,°±¥Î,¤£¥i¿i,¬O,,1.00,1.00,6.00,6.00,1,1,1,1,150.00,150.00,0.40,0.10,,¦³¹Ï¤ù,,0,,0,,M03CA01,,,,,,,,,VAL,§_,°·«Oµ¹¥I,°·«Oµ¹¥I,DANTROLENE,M03CA01,X000014238,§_,Liquid,IVSOL,,,20.00,mg,60.00,mL,¬Ò¥i,³æ¦¸¿éª`,PH047,202309061701,5000.00,6000.00
IDDA,20041108,99999999,¥i¥Î,Minirin inj 4mcg/1mL (DDAVP),Minirin inj 4mcg/1mL (DDAVP),Desmopressin,IVD,,HM,HR-04-00,°w¾¯,AMP,DDAVP,«D²Õ®M,,,¤@¯ë¥i¥Î,¬O,¥i¥ÎÃÄ¥]¾÷,¥i¥Î,¤@¯ë,Á`¶q¶i¦ì,¾AÀ³¯g: ¤¤¼Ï©Ê§¿±Y¯g¡B©]§¿¯g¡B¤î¦å,,Indication:Treatment of central diabetes insipidus,,¥~ Æ[:1mL¦wÞÀ,Appearance: 1mL Ampoule,¸¡µh¡A ÀYµh¡A »ó¥R¦å,Abdominal pain¡A headache¡A nasal congestion,,¬Ò¥i¥Î,°g§A¹çª`®g¾¯,Minirin inj 4mcg/1mL,,,§_,¬O,,ªAÃÄ´Á¶¡À³­­¨î¤ô¤ÀªºÄá¨ú,,Restrict the amount of fluids you drink while taking this medicine.,,½Ð¸m©óÄá¤ó 2-8 «×¦B½c§NÂÃ,Store in a refrigerator (2-8¢XC).,,¤@¯ë,ª`®g,Äµ »y:ªAÃÄ´Á¶¡À³­­¨î¤ô¤ÀªºÄá¨ú,,ª`®g¾¯,,,¬O,1.0,,§_,¬O,§_,³æ¤è,§_,°±¥Î,°±¥Î,¤£¥i¿i,¬O,,1.00,1.00,5.00,5.00,99,99,1,1,15.00,15.00,0.25,0.08,,¦³¹Ï¤ù,,0,,0,,H01BA02,,,,,,,,,AMP,,°·«Oµ¹¥I,°·«Oµ¹¥I,DESMOPRESSIN,H01BA02,BC20824209,§_,Liquid,IVSOL,,,4.00,mcg,1.00,mL,¬Ò¥i,³æ¦¸¿éª`,PH008,201804181141,310.00,372.00
IDEC,20150615,99999999,¥i¥Î,Decapeptyl inj 0.1mg/1mL,Decapeptyl inj 0.1mg/1mL,Triptorelin,SC,,RACA,ON-05-02,°w¾¯,¤ä,,«D²Õ®M,,,¤@¯ë¥i¥Î,¬O,¤£¥i¥ÎÃÄ¥]¾÷,¥i¥Î,¤@¯ë,Á`¶q¶i¦ì,¾AÀ³¯g:¥Dªv«e¦C¸¢Àù¡B¤l®c¤º½¤²§¦ì¡B¤k©Ê¤£¥¥¯g»²§UÀøªk,,Indication:Used in prostate cancer¡A endometriosis¡A in vitro,fertilization therapy.,¥~ Æ[: 1 mL ¹w¶ñ¥R°wµ©,Appearance: 1mL prefilled syringe,¼é¼ö¡A©Ê¼¤´î°h¡A¨k©Ê¨Å©Ðµo¨|¡A«k°_¥\¯à»ÙÃª¡A°ª¦å¿},Hot flash¡A decreased libido¡A gynecomastia¡A erectile dysfunction¡A hyperglycemia,,¬Ò¥i¥Î,§Ì³Í±oª`®g²G 0.1²@§J/1²@¤É,Decapeptyl Inj 0.1mg/1mL,,,,¬O,,Äµ »y:¿}§¿¯f©Î¤ß¦åºÞ¯e¯fªÌ¡AÀ³¤p¤ß¨Ï¥Î¥»ÃÄ,,Precaution: Caution use in patients with Diabetes or cardiovascular disease.,,¶J©ñ®É»Ý¸m©ó¦B½c§NÂÃ(Äá¤ó 2-8 «×),Store in a refrigerator (2-8¢XC).,,¤@¯ë,¤@¯ë,Äµ »y:¿}§¿¯f©Î¤ß¦åºÞ¯e¯fªÌ¡AÀ³¤p¤ß¨Ï¥Î¥»ÃÄ,,,0,0,§_,1.0,,§_,¬O,§_,³æ¤è,§_,°±¥Î,°±¥Î,¤£¥i¿i,¬O,,1.00,1.00,10.00,10.00,1,1,1,1,10.00,10.00,0,0,,¦³¹Ï¤ù,,0,,0,,L02AE04,,,,,0,,0,,VAL,§_,¤£µ¹¥I¶·¦Û¥I,¤£µ¹¥I¶·¦Û¥I,,,0,§_,,,¦M®`¤G¯Å(¡I),,0.10,mg,1.00,mL,,,PH032,202109091824,0,495.00
IDEP4,20091112,99999999,¥i¥Î,Depakine °w¾¯ 400mg,Depakine inj 400mg,Valproate Sodium,IVD,,CNEU,CN-03-01,°w¾¯,VAL,Depakine,«D²Õ®M,,,¤@¯ë¥i¥Î,¬O,¥i¥ÎÃÄ¥]¾÷,¥i¥Î,¤@¯ë,Á`¶q¶i¦ì,¾AÀ³¯g:µLªk¥H¤fªA³~®|±±¨î¤§Åöíw,,Indication:Treatment of epilepsy.,,¥~ Æ[:¬Á¼þ¤p²~,Appearance: Vial with orange cap,¤ë¸g¶g´Á§ïÅÜ¡A ¸¡Âm¡A ±¼¾v¡A ¤âµo§Ý¡A ¶ÝºÎ¡A Åé­«§ïÅÜ,Menstrual change; diarrhea; hair loss; tremor; somnolence¡A weight change,,¬Ò¥i¥Î,«Ò©ÞÅö­á´¹ª`®g¾¯,Depakine inj 400mg,,,¬O,¬O,,¤£¥i»PÆP©Êª`®g²G²V¦X¨Ï¥Î,,Can not be mixed with alkaline soluions,,½Ð»PÂåÀø¤H­û°Q½×¨|ÄÖ°ü¤kªºÃÄª«®Ä¯q»P­L¨àªº¼ÉÅS­·ÀI,Carefully assess benefits in women of childbearing age and fetal exposure risks.,98¦~²Ä¥|¦¸ÃÄ©e·|³q¹LÁ{±Ä (¤Ö¶q±H©ñÃÄ®w¡A¥HÀ³«æ»Ý¥Î),¤@¯ë,¤@¯ë,Äµ »y: ¤£¥i»PÆP©Ê·»²G²V¦X¡C¦bsodium bicarbonate¤¤·|¨I¾ý¡C,,ª`®g¾¯,,,,1.0,,§_,¬O,§_,³æ¤è,§_,°±¥Î,°±¥Î,¤£¥i¿i,¬O,,1.00,1.00,4.00,4.00,99,99,1,1,10.00,10.00,0.15,0.05,,¦³¹Ï¤ù,D/W,400.00,mg,0,15-40 mg/Kg/day,N03AG01,,,,,0.40,g,1.50,g,VIAL,§_,°·«Oµ¹¥I,°·«Oµ¹¥I,VALPROIC ACID,N03AG01,BC22395271,§_,Liquid,IVSOL,¦M®`¤G¯Å(¡I),,400.00,mg,,,¬Ò¥i,³æ¦¸¿éª`,PH047,202311211448,284.00,341.00
IDEPP,19960101,99999999,°±¥Î,Depo-provera inj 150mg,Depo-provera inj 150mg,Medroxyprogesterone,IM,,HM,HR-03-03,°w¾¯,VAL,Provera,«D²Õ®M,¼t°Ó¯Ê³f,,¤w°±¥Î,¬O,¤£¥i¥ÎÃÄ¥]¾÷,,¤@¯ë,Á`¶q¶i¦ì,¾AÀ³¯g:¬°¶ÀÅé¯À,,,,,,,,,¥u¥Î©óªù¶E¤Î¦í°|STAT,©µ®Ä«O½Ã­L,Depo-provera inj 150mg,,,§_,¬O,,,,,,,,,¤@¯ë,ª`®g,,,,,,¬O,1.0,,§_,§_,§_,³æ¤è,§_,¥i¥Î,¥i¥Î,¤£¥i¿i,¬O,,1.00,1.00,1.00,1.00,1,1,1,1,0,0,0,0,,µL¹Ï¤ù,,0,,0,,,,,,,,,,,VAL,§_,°·«Oµ¹¥I,°·«Oµ¹¥I,MEDROXYPROGESTERONE,L02AB02,B020903209,§_,Liquid,SOL,,,,,,,¬Ò¥i,³æ¦¸¿éª`,PH008,201403201327,147.00,176.00
IDES,19960101,99999999,¥i¥Î,DesFERAL inj 500mg,DesFERAL inj 500mg,Deferoxamine Methansulphonate,IVD,,ZADT,AD-02-00,°w¾¯,VAL,Desferal,«D²Õ®M,Á{±ÄÃÄ¡A½Ð³qª¾ÃÄ§½¥~ÁÊ,,­Ó®×Á{±Ä,¬O,¤£¥i¥ÎÃÄ¥]¾÷,,¤@¯ë,Á`¶q¶i¦ì,¾AÀ³¯g:ºC©ÊÅK½è¹L¦h©Î«æ©ÊÅK¤¤¬rµ¥,,Indication:Treatment in acute Fe poisoning.,,¥~ Æ[:³z©ú¤p²~(VIAL)¡A¬õ¦â¥~»\,,¹L±Ó©Ê¤ÏÀ³¡A ª`®g³¡¦ì¨ë¿E,Anaphylactic reactions; local irritation at inj site.,,,°£ÅK¯àª`®g¾¯,DesFERAL inj 500mg,,,§_,¬O,,¥i¯à·|³y¦¨¶ÝºÎ©Î·w¯t¡A ¶}¨®©Î¾Þ§@¦MÀI¾÷¾¹½Ð¤p¤ß,,May make you dizzy; use caution while driving or operating machinery.,,,,,¤@¯ë,ª`®g,Äµ »y:¥i¯à·|³y¦¨¶ÝºÎ©Î·w¯t¡A ¶}¨®©Î¾Þ§@¦MÀI¾÷¾¹½Ð¤p¤ß,,,,,¬O,1.0,,§_,¬O,§_,³æ¤è,§_,°±¥Î,°±¥Î,¤£¥i¿i,¬O,,1.00,1.00,4.00,4.00,999,999,1,1,4.00,4.00,0,0,,¦³¹Ï¤ù,,0,,0,,V03AC01,,,,,,,,,VAL,§_,°·«Oµ¹¥I,°·«Oµ¹¥I,DESFERRIOXAMINE,V03AC01,BC11917277,§_,Liquid,IVSOL,,,500.00,mg,,,¥²¶·µ}ÄÀ,³æ¦¸¿éª`,PH008,201803061935,251.00,301.00
IDES1,19960101,99999999,°±¥Î,DesMAN inj 100mg/2mL,DesMAN inj 100mg/2mL,Iron-Dextran,IM,,NUTR,NU-01-00,°w¾¯,AMP,Fe,«D²Õ®M,¼t°Ó¯Ê³f,IFEB,¤@¯ë¥i¥Î,¬O,¥i¥ÎÃÄ¥]¾÷,,¤@¯ë,¦¸­p¶q¶i¦ì,¾AÀ³¯g:«æºC©Ê³h¦å¡A ¥¢¦å,,Indication:Treatment of Fe-deficiency anemia.,,¥~ Æ[:2mL ²`½Å¦â¦wÞÀ,,,,,,±o½çº¡ª`®g²G,DesMAN inj 100mg/2mL,,,§_,¬O,,¥»«~»Ý¸m©óÁ×¥ú³±²D°®Àê³B,,Store at room temperature¡A away from heat¡A moisture¡A and direct light.,,,,,¤@¯ë,ª`®g,Äµ »y:¥»«~»Ý¸m©óÁ×¥ú³±²D°®Àê³B,,,,,¬O,1.0,,§_,§_,§_,³æ¤è,§_,¥i¥Î,¥i¥Î,¤£¥i¿i,¬O,,1.00,1.00,1.00,1.00,99,99,1,1,0,0,0,0,,¦³¹Ï¤ù,,0,,0,,B03AC06,,,,,,,,,AMP,§_,°·«Oµ¹¥I,°·«Oµ¹¥I,IRON DEXTRAN COMPLEX,B03AC,NC02342212,§_,Liquid,SOL,,,,,,,¬Ò¥i,³æ¦¸¿éª`,PH036,201501211338,17.40,23.00
IDEX,20030307,99999999,¥i¥Î,Dextran (¦å½ç¦h®Ôºw) inj 500mL,Dextran dextrose inj 500mL,Low Molecular Dextran Dextrose,IVD,,HEMT,HE-06-00,°w¾¯,BOT,,«D²Õ®M,Á{±ÄÃÄ¡A½Ð³qª¾ÃÄ§½¥~ÁÊ,,­Ó®×Á{±Ä,¬O,¥i¥ÎÃÄ¥]¾÷,¥i¥Î,¤@¯ë,Á`¶q¶i¦ì,¾AÀ³¯g:¬°¦å¼ß¥N¥Î«~,,Indication: Plasma expander in haemorrhage.,,¥~ Æ[:500mL ¤j²~ª`®g²G,,,,,¬Ò¥i¥Î,§C¤À¤l¦å½ç¦h®Ôºwª`®g²G,Dextran dextrose inj 500mL,,,§_,¬O,,¥i¯à¥X²{¹L±Ó©Ê¥ð§J¡A ²Ä¤@¦¸¿éª`®ÉÀ³±K¤ÁÆ[¹î,,Observe patient closely for anaphylactic reaction.,,,,,¤@¯ë,ª`®g,Äµ »y:¥i¯à¥X²{¹L±Ó©Ê¥ð§J¡A ²Ä¤@¦¸¿éª`®ÉÀ³±K¤ÁÆ[¹î,,,,,¬O,1.0,¦³,§_,¬O,§_,½Æ¤è,§_,°±¥Î,°±¥Î,¤£¥i¿i,¬O,,1.00,1.00,2.00,2.00,99,99,1,1,6.00,6.00,0.04,0.04,,¦³¹Ï¤ù,,500.00,ML,0,,B05AA05,B05BA03,,,,,,,,BOT,,°·«Oµ¹¥I,°·«Oµ¹¥I,DEXTRAN 40,B05AA05,AC12824277,§_,Liquid,IVSOL,,,,,500.00,mL,¤£»Ýµ}ÄÀ,³æ¦¸¿éª`,PH036,201804231443,233.00,280.00
IDEXA,20100106,99999999,¥i¥Î,Dexamethasone inj 5mg/1mL,Dexamethasone inj 5mg/1mL,Dexamethasone,IVD,,HM,HR-01-00,°w¾¯,AMP,Oradexon,«D²Õ®M,,,¤@¯ë¥i¥Î,¬O,¥i¥ÎÃÄ¥]¾÷,¥i¥Î,¤@¯ë,¦¸­p¶q¶i¦ì,¾AÀ³¯g:Ãö¸`ª¢¡A ¹L±Ó©Ê¯e¯fµ¥,,Indication:Anti-inflammatory & immunosuppressive effects.,,¥~ Æ[:1 mL¦wÞÀ¸Ë¡A ºñ¦â¦rÅé¦L¨ê,Appearance: 1 mL ampoule,Åé²G¹q¸Ñ½è¤£¥­¿Å,Electrolyte disturbances.,,¬Ò¥i¥Î,¤O§J²nª`®g²G,Dexamethasone 5mg,,,§_,¬O,,°£Âå®v«ü¥Ü¥~¡A ½Ð¤Åªø´Á©Î±K¶°¦a«ùÄò¨Ï¥Î,,Follow doctor's advice. Do not use this medicine for long term.,,,,,¤@¯ë,ª`®g,Äµ »y:°£Âå®v«ü¥Ü¥~¡A½Ð¤Åªø´Á©Î±K¶°¦a«ùÄò¨Ï¥Î,,,,,¬O,1.0,,§_,¬O,§_,³æ¤è,§_,°±¥Î,°±¥Î,¤£¥i¿i,¬O,,1.00,1.00,8.00,8.00,99,99,1,1,8.00,8.00,0.80,0.24,,¦³¹Ï¤ù,,5.00,mg,0,,H02AB02,,,,,,,,,AMP,,°·«Oµ¹¥I,°·«Oµ¹¥I,DEXAMETHASONE,H02AB02,AC18679209,§_,Liquid,IVSOL,,,5.00,mg,1.00,mL,¬Ò¥i,³æ¦¸¿éª`,PH047,202402140711,16.50,21.00
IDIA,20030318,99999999,°±¥Î,Diazepam(Dianlin) °w¾¯ 10mg/2mL,Diazepam(Dianlin)10mg/2mL,Diazepam,IM,,CNEU,CN-02-02,°w¾¯,AMP,Valium,«D²Õ®M,°±¥Î¡A¥i¬dÃþ¦üÃÄ,IDUP,¤@¯ë¥i¥Î,¬O,¥i¥ÎÃÄ¥]¾÷,¥i¥Î,¤@¯ë,¦¸­p¶q¶i¦ì,¾AÀ³¯g:µJ¼{ª¬ºA¡A ¦Ù¦×µjÅË¡A ¥¢¯v,,Indication:Insomnia¡A anxiety¡A muscle spasm.,,¥~ Æ[:²`½Å¦âamp¡A ¥Õ¦â¥~¶K¯Èµµ¦â¦r¼Ë,,¸}¨B²Â©å©Î¤£Ã­¡AÀY·w¡A©ü©ü±ýºÎ¡A¤f¾¦¤£²M¡A­¹¼¤§ïÅÜ,clumsiness or unsteadiness; dizzy; sleepy; unclear speaking; appetite changes,,¬Ò¥i¥Î,±o¦w¹çª`®g²G,Diazepam(Dianlin) 10mg/2mL,,,¬O,¬O,,À³µø¨ä¦~ÄÖ¡BÅé­«¤Î¯gªp¤©¥H¾A·í¤§¾¯¶q¡A ¨Ã¯d·NÆ[¹î,,Should consider age¡A weight and disease state to modify dosage.,,,,,¤@¯ë,¥|¯ÅºÞ¨î,Äµ »y:À³µø¨ä¦~ÄÖ¡BÅé­«¤Î¯gªp¤©¥H¾A·í¤§¾¯¶q¡A¨Ã¯d·NÆ[¹î,,,,,¬O,1.0,,§_,¬O,§_,³æ¤è,§_,¥i¥Î,¥i¥Î,¤£¥i¿i,¬O,,1.00,1.00,4.00,4.00,30,30,1,1,4.00,4.00,0.05,0.05,,¦³¹Ï¤ù,,10.00,mg,0,0.04-0.3 mg/Kg (³æ¦¸),N05BA01,,,,,,,,,AMP,,°·«Oµ¹¥I,°·«Oµ¹¥I,DIAZEPAM,N05BA01,AC03355212,§_,Liquid,SOL,,,10.00,mg,2.00,mL,¬Ò¥i,³æ¦¸¿éª`,PH006,201903220803,15.00,20.00
IDIAG,20111201,99999999,¥i¥Î,Diagnogreen inj 25mg,Diagnogreen inj 25mg,Indocyanine Green,IV,STAT,ZOTH,VS-01-05,°w¾¯,mg,,«D²Õ®M,,,¥»°|Á{±Ä²M³æ,¬O,¥i¥ÎÃÄ¥]¾÷,°·«O¤£µ¹¥I,¤@¯ë,Á`¶q¶i¦ì,¾AÀ³¯g:¨xÅ¦´`Àô¾÷¯à¶EÂ_¥ÎÃÄ,,Indication:Assessment of hepatic function¡A cardiac output .,,¥~ Æ[:°®¯»ªþ¥[10mLª`®g¥Î¤ô,,ëC³Â¯l¡A ¥Ö½§·kÄo¡A ÀYµh¡A ÁT«KÅÜ¦â¡A ¥X¦½,Urticaria¡A pruritus¡A headache¡A discolouration of faeces¡A diaphoresis.,,¥u¥Î©óªù¶E¤Î¦í°|STAT,´`¦åºñª`®g¾¯,Diagnogreen inj 25mg,,,§_,¬O,,¥»²£«~§t¦³¸K¡A ¥i¯à¤Þµo¸K¹L±Ó,,Caution in patients with iodide allergy as commercial prep may contain,sodium iodide.,,,²´¬ì±M¥Î(²´¬ì­n¶}®É¥i¶}ÀÉ¡A§¹¦¨«á°O±oÃöÀÉ)¡A¨ä¥L³æ¦ì­n¥Î½Ð¶}Á{±Ä³æ,¤@¯ë,¤@¯ë,¥»²£«~§t¦³¸K¡A ¥i¯à¤Þµo¸K¹L±Ó,Äµ °ªÄµ°T,,0,0,§_,25.0,,§_,¬O,§_,³æ¤è,§_,°±¥Î,°±¥Î,¤£¥i¿i,§_,µL,1.00,1.00,150.00,150.00,99,99,1,1,150.00,150.00,0,0,,¦³¹Ï¤ù,,0,,0,,V04CX01,,,,,,,,,VIAL,,¤£µ¹¥I¶·¦Û¥I,¤£µ¹¥I¶·¦Û¥I,,,,§_,Liquid,IVSOL,,,25.00,mg,10.00,mL,¬Ò¥i,³æ¦¸¿éª`,PH084,202403200906,0,2040.00
IDIF,19960101,99999999,¥i¥Î,Diflucan °w¾¯ 100mg/50mL,Diflucan inj 100mg/50mL,Fluconazole,IVD,QD,QANB,AI-02-00,°w¾¯,BOT,Diflucan,«D²Õ®M,°±¥Î¡A¥i¬dÃþ¦üÃÄ,IFLUC,¤@¯ë¥i¥Î,¬O,¥i¥ÎÃÄ¥]¾÷,­­¥Î,¤@¯ë,¦¸­p¶q¶i¦ì,¾AÀ³¯g:§ÜÅðµß¾¯,,Indication:Treatment of mycotic infections.,,¥~ Æ[:100mg/50mL ²~¸Ëª`®g¾¯,,äú¤ß¡A ¸¡µh¡A ¸¡Âm¡A ¥Ö¯l,Nausea¡A abdominal pain¡A diarrhea¡A rash.,¤@¯ëÃþ§Ü¥Í¯À,,®õ´_ªÖÀR¯ßª`®g¾¯,Diflucan inj 100mg/50mL,,,§_,¬O,,­Yµo¥ÍÄY­«¹L±Ó©Îµo¯lµ¥¤£¾A¯gª¬¡A À³§Y°±ÃÄ¨Ã½Ð±ÐÂå®v,,Report to doctor¡A if any severe hypersensitivity or skin rash occur.,,,,,¤@¯ë,ª`®g,Äµ »y: ­Yµo¥ÍÄY­«¹L±Ó©Îµo¯lµ¥¤£¾A¯gª¬¡AÀ³§Y°±ÃÄ¨Ã½Ð±ÐÂå®v,,ª`®g¾¯,,,§_,1.0,,§_,¬O,§_,³æ¤è,§_,°±¥Î,°±¥Î,¤£¥i¿i,¬O,,1.00,1.00,8.00,8.00,7,7,1,1,20.00,20.00,0.40,0.40,,¦³¹Ï¤ù,,100.00,mg,0,3-6 mg/Kg/day,J02AC01,,,,,0.10,g,0.20,g,BOT,§_,°·«Oµ¹¥I,°·«Oµ¹¥I,FLUCONAZOLE,J02AC01,BC18790248,§_,Liquid,IVSOL,¦M®`¤G¯Å(¡I),,100.00,mg,50.00,mL,¤£»Ýµ}ÄÀ,³æ¦¸¿éª`,PH047,202403131629,236.00,283.00
IDIG,19960101,99999999,°±¥Î,Digosin °w¾¯ 0.25mg/1mL,Digosin inj 0.25mg/1mL,Digoxin,IV,,CAVS,CV-01-01,°w¾¯,AMP,Digoxin,«D²Õ®M,°±¥Î,IDIG2,¤@¯ë¥i¥Î,¬O,¤£¥i¥ÎÃÄ¥]¾÷,,¤@¯ë,¦¸­p¶q¶i¦ì,¾AÀ³¯g:¬°±j¤ß¾¯,,,,,,,,,,,Digosin inj 0.25mg/1mL,,,§_,¬O,,,,,,,,,¤@¯ë,ª`®g,,Äµ °ªÄµ°T,,,,¬O,1.0,,§_,§_,§_,³æ¤è,§_,¥i¥Î,¥i¥Î,¤£¥i¿i,¬O,,1.00,1.00,2.00,2.00,999,999,1,1,0,0,0,0,,µL¹Ï¤ù,,0,,0,,,,,,,,,,,AMP,§_,°·«Oµ¹¥I,°·«Oµ¹¥I,DIGOXIN,C01AA05,B009714212,§_,Liquid,IVSOL,,,,,,,¬Ò¥i,³æ¦¸¿éª`,PH032,202109051928,38.00,48.00
IDIG2,20050901,99999999,¥i¥Î,Lanoxin inj 0.5mg/2mL (Digoxin),Lanoxin inj 0.5mg/2mL (Digoxin),Digoxin,IVD,,CAVS,CV-01-01,°w¾¯,AMP,Lanoxin,«D²Õ®M,,,¤@¯ë¥i¥Î,¬O,¥i¥ÎÃÄ¥]¾÷,,¤@¯ë,¦¸­p¶q¶i¦ì,¾AÀ³¯g:¬°±j¤ß¾¯,,Indication:Treatment of cardiac vascular diseases.,,¥~ Æ[:2mL¦wÞÀ,,¤ß«ß²§±`¡A ¹½­¹¡A äú¤ß¡A ¹Ã¦R¡A ¤U¸¡¯kµh,Arrhythmias; anorexia¡A nausea¡A vomiting; lower abdominal pain.,,¬Ò¥i¥Î,¶©§Ú¤ßª`®g¾¯,Lanoxin 0.5mg/2mL (Digoxin),,,¬O,¬O,,¥»«~»Ý( ÂÐ®Ö ) ¯d·N¤ß¸õ¤Î¦åÀ£ÅÜ¤Æ,,Monitor your heartbeat and blood pressure.,,,,,¤@¯ë,ª`®g,Äµ»y:¥»«~»Ý( ÂÐ®Ö ),Äµ °ªÄµ°T,,,,¬O,1.0,,§_,¬O,§_,³æ¤è,§_,°±¥Î,°±¥Î,¤£¥i¿i,¬O,,1.00,1.00,1.00,1.00,999,999,1,1,8.00,8.00,0.10,0.05,,¦³¹Ï¤ù,,0.50,mg,0,0.002-0.012 mg/Kg/day,C01AA05,,,,,,,,,AMP,,°·«Oµ¹¥I,°·«Oµ¹¥I,DIGOXIN,C01AA05,BC09714212,§_,Liquid,IVSOL,,,0.50,mg,2.00,mL,¥²¶·µ}ÄÀ,³æ¦¸¿éª`,PH032,202109051928,37.90,49.00
IDIL,19960101,99999999,°±¥Î,Dilantin inj 100mg/2mL,Dilantin inj 100mg/2mL,Diphenylhydantoin,IV,,CNEU,CN-03-01,°w¾¯,AMP,Dilantin,«D²Õ®M,°±¥Î,IALE,¤@¯ë¥i¥Î,¬O,¤£¥i¥ÎÃÄ¥]¾÷,,¤@¯ë,¦¸­p¶q¶i¦ì,¾AÀ³¯g:ªvÀø¤ß«ß¤£¾ã¡B§ÜÅöíw,,,,,,,,,,,Dilantin inj 100mg/2mL,,,§_,¬O,,,,,,,,,¤@¯ë,ª`®g,Äµ »y:½Ð¯d·N¤ß¸õ¤Î¦åÀ£ÅÜ¤Æ,,,,,¬O,1.0,,§_,§_,§_,³æ¤è,§_,¥i¥Î,¥i¥Î,¤£¥i¿i,¬O,,1.00,1.00,12.00,12.00,999,999,1,1,0,0,0,0,,µL¹Ï¤ù,,0,,0,,,,,,,,,,,AMP,§_,°·«Oµ¹¥I,°·«Oµ¹¥I,PHENYTOIN,N03AB02,A027267212,§_,Liquid,IVSOL,,,,,,,¬Ò¥i,³æ¦¸¿éª`,PH008,201403201328,40.50,51.00
IDIP,19960101,99999999,°±¥Î,Diprivan 200mg/20mL,Diprivan 200mg/20mL,Propofol,,,ZANE,CN-04-01,°w¾¯,VAL,Diprivan,«D²Õ®M,°±¥Î,IPROL,¤@¯ë¥i¥Î,¬O,¤£¥i¥ÎÃÄ¥]¾÷,,¤@¯ë,Á`¶q¶i¦ì,¾AÀ³¯g:»¤¾É¤Îºû«ù¥þ¨­³Â¾K§@¥Î,,,,,,,,,,,Diprivan 200mg/20mL,,,§_,¬O,,,,,,,,,¤@¯ë,ª`®g,,­¹ ­¹ª«¥æ¤¬,,,,¬O,1.0,,§_,§_,§_,³æ¤è,§_,¥i¥Î,¥i¥Î,¤£¥i¿i,¬O,,1.00,1.00,999.00,999.00,999,999,1,1,0,0,0,0,,µL¹Ï¤ù,,0,,0,,,,,,,,,,,VAL,§_,¥Ó³ø¤£­p»ù,¥Ó³ø¤£­p»ù,,,,§_,Liquid,IVSOL,,,,,,,¬Ò¥i,³æ¦¸¿éª`,PH008,201403201328,0,0
IDIPE,20050330,99999999,¥i¥Î,Dipeptiven inj 100mL,Dipeptiven inj 100mL,Alanine 8.2% + glutamine 13.64%,IVD,,NUTR,NU-04-01,°w¾¯,BOT,,«D²Õ®M,Á{±ÄÃÄ¡A½Ð³qª¾ÃÄ§½¥~ÁÊ,,¥»°|Á{±Ä²M³æ,¬O,¥i¥ÎÃÄ¥]¾÷,°·«O¤£µ¹¥I,¦C¦L¦í°|ÃÄÅÒ,Á`¶q¶i¦ì,¾AÀ³¯g:Àç¾i¸É¥R,,Indication: Glutamine supplementation.,,¥~ Æ[:100mL¬Á¼þ²~¸Ë,Appearance: 100mL glass bottle,ÀY·w¡A¥Ö¯l¡A¸z­G®ðµÈ¡Aäú¤ß¡A¹Ã¦R¡Aµo¼ö,Dizziness¡A skin rash¡A flatulence¡A nausea¡A vomiting¡A fever,,¬Ò¥i¥Î,ÂùÐ`ÓiÀR¯ß¿éª`²G,Dipeptiven inj 100mL,,,§_,¬O,,¨Ï¥Î¥»«~½Ð¤Å¶W¹L3¶g¡A ÄY­«¨xµÇ¥\¯à¤£¥þªÌ¸T¥Î,¿éª`³t«×¹L§Ö®É¡A¥i¯à²£¥Í§NÅ¸¡Bäú¤ß¡B¹Ã¦R¡C¦¹®É¡AÀ³¥ß§Y°±¤î¨Ï¥Î¡C,The duration of use should not exceed 3 weeks.,Chills¡A nausea and vomiting can occur when the infusion rate is exceeded.,¦¹ÃÄ¬°°ª¿@«×¿éª`²G¡A»Ý­nµ}ÄÀ¨Ï¥Î¡C,This medicine is a high concentration infusion solution that needs to be diluted,,¤@¯ë,ª`®g,Äµ »y:¨Ï¥Î¥»«~½Ð¤Å¶W¹L3¶g¡A ÄY­«¨xµÇ¥\¯à¤£¥þªÌ¸T¥Î,,,,,¬O,1.0,¦³,§_,¬O,§_,½Æ¤è,§_,°±¥Î,°±¥Î,¤£¥i¿i,¬O,,1.00,1.00,3.00,3.00,21,21,1,1,3.00,3.00,0,0,,¦³¹Ï¤ù,,0,,0,,A16AA03,,,,,,,,,BOT,,¤£µ¹¥I¶·¦Û¥I,¤£µ¹¥I¶·¦Û¥I,,,,§_,Liquid,IVSOL,,,,,100.00,mL,¥²¶·µ}ÄÀ,³æ¦¸¿éª`,PH034,202004121632,0,2057.00
IDIPH,20130301,99999999,¥i¥Î,Diphenhydramine inj 30mg/1mL,Diphenhydramine inj 30mg/1mL,Diphenhydramine,IM,,HIMM,IM-01-00,°w¾¯,AMP,Venan,«D²Õ®M,,,¤@¯ë¥i¥Î,¬O,¥i¥ÎÃÄ¥]¾÷,¥i¥Î,¤@¯ë,¦¸­p¶q¶i¦ì,¾AÀ³¯g:¹L±Ó¯gª¬,,Indication:Relief allergic syndrome.,,¥~ Æ[: 1 mL ³z©ú¦wÞÀ,Appearance: 1 mL ampoule,§x­Â¡A ·w¯t,Drowsiness¡A dizziness,,¬Ò¥i¥Î,ÆQ»Ä¤G­fÓi©úª`®g²G,Diphenhydramine 30mg,,,¬O,¬O,,¥»«~¥i¯à·|­°§C±zªºª`·N¤O¡BÄµÄ±©Ê¤Î°Ê§@¨ó½Õ¯à¤O,,May cause dizziness¡A weakness¡A lack of coordination.,,,,,¤@¯ë,ª`®g,Äµ »y:¥»«~¥i¯à·|­°§C±zªºª`·N¤O¡BÄµÄ±©Ê¤Î°Ê§@¨ó½Õ¯à¤O,,,0,0,¬O,1.0,,§_,¬O,§_,³æ¤è,§_,°±¥Î,°±¥Î,¤£¥i¿i,¬O,,1.00,1.00,2.00,2.00,4,7,1,1,13.00,13.00,0.30,0.10,,¦³¹Ï¤ù,,30.00,mg,0,,R06AA02,,,,,,,,,AMP,§_,°·«Oµ¹¥I,°·«Oµ¹¥I,DIPHENHYDRAMINE,R06AA02,NC08039209,§_,Liquid,IVSOL,,,30.00,mg,1.00,mL,¬Ò¥i,³æ¦¸¿éª`,PH049,202308081336,15.00,20.00
IDIPI,19960101,99999999,°±¥Î,Diprivan inj 200mg/20mL,Diprivan inj 200mg/20mL,Propofol,IV,,ZANE,CN-04-01,°w¾¯,AMP,,«D²Õ®M,°±¥Î,IPROL,¤@¯ë¥i¥Î,¬O,¤£¥i¥ÎÃÄ¥]¾÷,,¤@¯ë,¦¸­p¶q¶i¦ì,¾AÀ³¯g:»¤¾É¤Îºû«ù¥þ¨­³Â¾K§@¥Î,,,,,,,,,,,Diprivan inj 200mg/20mL,,,§_,¬O,,,,,,,,,¤@¯ë,ª`®g,,,,,,¬O,1.0,,§_,§_,§_,³æ¤è,§_,¥i¥Î,¥i¥Î,¤£¥i¿i,¬O,,1.00,1.00,999.00,999.00,999,999,1,1,0,0,0,0,,µL¹Ï¤ù,,0,,0,,,,,,,,,,,AMP,§_,°·«Oµ¹¥I,°·«Oµ¹¥I,PROPOFOL,N01AX10,B017058238,§_,Liquid,IVSOL,,,,,,,¬Ò¥i,³æ¦¸¿éª`,PH008,201403201328,192.00,300.00
IDOB,19960101,99999999,°±¥Î,Dobuject inj 250mg/5mL,Dobuject inj 250mg/5mL,Dobutamine,IVD,,CAVS,CV-01-03,°w¾¯,AMP,Dobuject,«D²Õ®M,°±¥Î,IDOB2,¤@¯ë¥i¥Î,¬O,¥i¥ÎÃÄ¥]¾÷,,¤@¯ë,¦¸­p¶q¶i¦ì,¾AÀ³¯g:«æ©Ê¤ß°IºÜ©Î¤ß¦]©Ê¥ð§Jµ¥,,Indication:Treatment of cardiac decompensation.,,¥~ Æ[: 5ml ¦wÞÀ,,,,,,±o­¿¤ßª`®g¾¯,Dobuject inj 250mg/5mL,,,§_,¬O,,,,,,,,,¤@¯ë,ª`®g,Äµ »y:¥»ÃÄ¤@©w­n¸gµ}ÄÀ¹L«á¨Ï¥Î,Äµ °ªÄµ°T,,,,¬O,1.0,,§_,§_,§_,³æ¤è,§_,°±¥Î,¥i¥Î,¤£¥i¿i,¬O,,1.00,1.00,6.00,6.00,999,999,1,1,0,0,0,0,,¦³¹Ï¤ù,,0,,0,,,,,,,,,,,VAL,§_,°·«Oµ¹¥I,°·«Oµ¹¥I,DOBUTAMINE,C01CA07,B016731221,§_,,,,,,,,,¬Ò¥i,³æ¦¸¿éª`,PH032,202109051928,97.00,116.00
IDOB2,20120525,99999999,¥i¥Î,Gendobu inj 250mg/20mL,Gendobu inj 250mg/20mL,Dobutamine,IVD,QD,CAVS,CV-01-03,°w¾¯,Vial,Dobuject,«D²Õ®M,,,¤@¯ë¥i¥Î,¬O,¥i¥ÎÃÄ¥]¾÷,¥i¥Î,¤@¯ë,Á`¶q¶i¦ì,¾AÀ³¯g:«æ©Ê¤ß°IºÜ©Î¤ß¦]©Ê¥ð§Jµ¥,,Indication:Treatment of cardiac decompensation.,,¥~ Æ[: 20mL ¤p²~(Vial),Appearance: 20 mL Vial,¤ß¸õ§Ö¡A äú¤ß¡A «D¯S²§©Ê¯Ýµh©Î¤ß±ª,Tachycardia¡A nausea¡A non-specific chest pain & palpitation.,,¬Ò¥i¥Î,°·¦h³Õ ª`®g²G,Gendobu inj 250mg/20mL,,,§_,¬O,,¥»«~»Ý( ÂÐ®Ö ),»Ýµ}ÄÀ«á¨Ï¥Î,Should be diluted before injecting.,,,,,¤@¯ë,ª`®g,Äµ»y:¥»«~»Ý( ÂÐ®Ö ),Äµ °ªÄµ°T,,0,0,¬O,1.0,,§_,¬O,¬O,³æ¤è,§_,°±¥Î,°±¥Î,¤£¥i¿i,¬O,,1.00,1.00,6.00,6.00,99,99,1,1,10.00,10.00,0.24,0.24,,¦³¹Ï¤ù,,0,,0,,C01CA07,,,,,,,,,VIAL,§_,°·«Oµ¹¥I,°·«Oµ¹¥I,DOBUTAMINE,C01CA07,AC42141238,§_,Liquid,IVSOL,,,250.00,mg,20.00,mL,¥²¶·µ}ÄÀ,³æ¦¸\«ùÄò¿éª`,PH032,202109051928,110.00,132.00
IDOBU,20100323,99999999,°±¥Î,DOBUha inj 250mg/20mL,DOBUha inj 250mg/20mL,Dobutamine,IVD,,CAVS,CV-01-03,°w¾¯,VAL,Dobuject,«D²Õ®M,°±¥Î,IDOB2,¤@¯ë¥i¥Î,¬O,¥i¥ÎÃÄ¥]¾÷,¥i¥Î,¤@¯ë,Á`¶q¶i¦ì,¾AÀ³¯g:«æ©Ê¤ß°IºÜ©Î¤ß¦]©Ê¥ð§Jµ¥,,Indication:Treatment of cardiac decompensation.,,¥~ Æ[:20mL³z©ú¤p²~(Vial)¡A ¶À¦â¥~»\,Appearance: 20 mL Vial¡A with yellow cap.,¤ß¸õ§Ö¡A äú¤ß¡A «D¯S²§©Ê¯Ýµh©Î¤ß±ª,Tachycardia¡A nausea¡A non-specific chest pain & palpitation.,,¬Ò¥i¥Î,¼w¸É¤ß,DOBUha inj 250mg/20mL,,,§_,¬O,,¥»«~»Ý( ÂÐ®Ö ),»Ýµ}ÄÀ«á¨Ï¥Î,Should be diluted before injecting.,,,,,¤@¯ë,ª`®g,Äµ»y:¥»«~»Ý( ÂÐ®Ö ),Äµ °ªÄµ°T,,,,¬O,1.0,,§_,§_,§_,³æ¤è,§_,°±¥Î,¥i¥Î,¤£¥i¿i,¬O,,1.00,1.00,6.00,6.00,99,99,1,1,10.00,10.00,0,0,,¦³¹Ï¤ù,,0,,0,,C01CA07,,,,,,,,,VIAL,,°·«Oµ¹¥I,°·«Oµ¹¥I,DOBUTAMINE,C01CA07,A046298238,§_,Liquid,IVSOL,,,,,,,¬Ò¥i,³æ¦¸¿éª`,PH032,202109051928,110.00,132.00
IDOP,19960101,99999999,°±¥Î,Dopamine 200mg(DBL),Dopamine 200mg(DBL),Dopamine,IVD,,CAVS,CV-01-03,°w¾¯,AMP,Dopamine,«D²Õ®M,°±¥Î,IDOPA,¤@¯ë¥i¥Î,¬O,¤£¥i¥ÎÃÄ¥]¾÷,,¤@¯ë,¦¸­p¶q¶i¦ì,¾AÀ³¯g:¥ð§J¯g­Ô¸s¤Î¤ß°IºÜµ¥,,Indication:Treatment of shock¡A cardiac disorders.,,¥~ Æ[: 5ml ¦wÞÀ,,,,,,¿w«O©úª`®g²G,Dopamine 200mg(DBL),,,§_,¬O,,,,,,,,,¤@¯ë,ª`®g,,Äµ °ªÄµ°T,,,,¬O,1.0,,§_,§_,§_,³æ¤è,§_,¥i¥Î,¥i¥Î,¤£¥i¿i,¬O,,1.00,1.00,4.00,4.00,999,999,1,1,0,0,0,0,,µL¹Ï¤ù,,0,,0,,,,,,,,,,,AMP,§_,°·«Oµ¹¥I,°·«Oµ¹¥I,DOPAMINE,C01CA04,B021687221,§_,Liquid,IVSOL,,,,,,,¬Ò¥i,³æ¦¸¿éª`,PH032,202109051928,47.80,60.00
IDOPA,20140220,99999999,¥i¥Î,Dopamin inj 200mg/5mL,Dopamin inj 200mg/5mL,Dopamine,IVD,QD,CAVS,CV-01-03,°w¾¯,AMP,Dopamine,«D²Õ®M,,,¤@¯ë¥i¥Î,¬O,¥i¥ÎÃÄ¥]¾÷,,¤@¯ë,¦¸­p¶q¶i¦ì,¾AÀ³¯g:¥ð§J¯g­Ô¸s¤Î¤ß°IºÜµ¥,,Indication:Shock associated with MI¡A heart failure.,,¥~ Æ[:³z©ú¬Á¼þ¦wÞÀ¡A¶K¯È¥Õ©³ÂÅ¦r,Appearance: 5 mL Ampoule,¸`«ß²§±`¡A äú¤ß¡A ¹Ã¦R¡A ¤ß¸õ§Ö¡A ¤ßµ±µh,Ectopic beats¡A nausea¡A vomiting¡A tachycardia¡A anginal pain.,,,±o«O©R,Dopamin inj 200mg/5mL,,,§_,¬O,,¥»«~»Ý( ÂÐ®Ö ) ¶·µ}ÄÀ«á¨Ï¥Î,,Should be diluted before injecting.,,,,,¤@¯ë,ª`®g,Äµ»y:¥»«~»Ý( ÂÐ®Ö ),Äµ °ªÄµ°T,,0,0,§_,1.0,,§_,¬O,¬O,³æ¤è,§_,°±¥Î,°±¥Î,¤£¥i¿i,¬O,,1.00,1.00,4.00,4.00,999,999,1,1,16.00,16.00,0.25,0.25,,¦³¹Ï¤ù,,0,,0,,C01CA04,,,,,,,,,AMP,§_,°·«Oµ¹¥I,°·«Oµ¹¥I,DOPAMINE,C01CA04,AC32704221,§_,Liquid,IVSOL,,,200.00,mg,5.00,mL,¥²¶·µ}ÄÀ,³æ¦¸\«ùÄò¿éª`,PH032,202109051928,19.40,25.00
IDOPM,19960101,99999999,°±¥Î,DOPmin inj 200mg/5mL,DOPmin inj 200mg/5mL,Dopamine,IVD,,CAVS,CV-01-03,°w¾¯,AMP,Dopamine,«D²Õ®M,°±¥Î,IDOPA,¤@¯ë¥i¥Î,¬O,¥i¥ÎÃÄ¥]¾÷,,¤@¯ë,¦¸­p¶q¶i¦ì,¾AÀ³¯g:¥ð§J¯g­Ô¸s¤Î¤ß°IºÜµ¥,,Indication:Shock associated with MI¡A heart failure.,,¥~ Æ[:³z©ú¬Á¼þ¦wÞÀ(amp)¡A¥Õ¦â©³¥~¶K¯È,Appearance: 5 mL Ampoule,¸`«ß²§±`¡A äú¤ß¡A ¹Ã¦R¡A ¤ß¸õ§Ö¡A ¤ßµ±µh,Ectopic beats¡A nausea¡A vomiting¡A tachycardia¡A anginal pain.,,,¦h¸É©Rª`®g²G,DOPmin inj 200mg/5mL,,,§_,¬O,,¥»«~»Ý( ÂÐ®Ö ) ¶·µ}ÄÀ«á¨Ï¥Î,,Should be diluted before injecting.,,,,,¤@¯ë,ª`®g,Äµ»y:¥»«~»Ý( ÂÐ®Ö ),Äµ °ªÄµ°T,,,,¬O,1.0,,§_,§_,§_,³æ¤è,§_,¥i¥Î,¥i¥Î,¤£¥i¿i,¬O,,1.00,1.00,4.00,4.00,999,999,1,1,16.00,16.00,0,0,,¦³¹Ï¤ù,,0,,0,,C01CA04,,,,,,,,,AMP,§_,°·«Oµ¹¥I,°·«Oµ¹¥I,DOPAMINE,C01CA04,B007508221,§_,Liquid,IVSOL,,,,,,,¬Ò¥i,³æ¦¸¿éª`,PH032,202109051928,21.20,28.00
IDOR,20020219,99999999,¥i¥Î,Dormicum inj 5mg/1mL,Dormicum inj 5mg/1mL,Midazolam,IVPUSH,,CNEU,CN-02-07,°w¾¯,AMP,Dormicum,«D²Õ®M,¼t°Ó¯Ê³f,IMID5,¤@¯ë¥i¥Î,¬O,¥i¥ÎÃÄ¥]¾÷,¥i¥Î,¤@¯ë,¦¸­p¶q¶i¦ì,¾AÀ³¯g:«æ±Ï¥[Å@¯f©ÐÂíÀR¡A ³Â¾K»¤¾É»Pºû«ù¡A ª¾Ä±ÂíÀR,,Indication:Sedation in interventions under local anesth.,,¥~ Æ[:1mL ¦wÞÀ,Appearance: 1mL ampoule,§x´b¡A ªY§Ö¡A ¤ÛÄ±¡A ¥Ù¬Þ¤ÏÀ³,Confusion¡A euphoria¡A hallucination¡A paradoxical reactions.,,¬Ò¥i¥Î,¾É¯vÀRª`®g¾¯,Dormicum inj 5mg/1mL,,,¬O,¬O,,¤£¥i»PÆP©Êª`®g²G²V¦X¨Ï¥Î,,Do not be mixed with the alkaline injection,,ª`®gÃÄ«~«á48¤p®É¤º½Ð¤Å¶}¨® (¥i¯à¦³´Ý¾lªºÂíÀR§@¥Î),Do not to drive for 48 h after receiving this drug (residual sedative effects),,¤@¯ë,¥|¯ÅºÞ¨î,Äµ »y: ¤£¥i»PÆP©Ê·»²G²V¦X¡C¦bsodium bicarbonate¤¤·|¨I¾ý¡C,,,,,¬O,1.0,,§_,¬O,§_,³æ¤è,§_,°±¥Î,°±¥Î,¤£¥i¿i,¬O,,1.00,1.00,15.00,60.00,1,30,1,1,15.00,60.00,5.20,5.20,,¦³¹Ï¤ù,,5.00,mg,0,0.03-0.6mg/Kg/hour,N05CD08,,,,,,,,,AMP,§_,°·«Oµ¹¥I,°·«Oµ¹¥I,MIDAZOLAM,N05CD08,BC19457209,§_,Liquid,IVSOL,,,5.00,mg,1.00,mL,¥²¶·µ}ÄÀ,³æ¦¸\«ùÄò¿éª`,PH006,202403221440,16.90,22.00
IDOR3,20081112,99999999,°±¥Î,Dormicum inj 15mg/3mL,Dormicum inj 15mg/3mL,Midazolam,IV,,ZANE,CN-04-01,°w¾¯,AMP,Dormicum,«D²Õ®M,°±¥Î¡A¥i¬dÃþ¦üÃÄ,,¤w°±¥Î,¬O,¤£¥i¥ÎÃÄ¥]¾÷,¥i¥Î,¤@¯ë,¦¸­p¶q¶i¦ì,¾AÀ³¯g:ÂíÀR¡B³Â¾K»¤¾É»Pºû«ù,,,,,,,,,¥u¥Î©óªù¶E,¾É¯vÀRª`®g¾¯,Dormicum inj 15mg/3mL,,,§_,¬O,,,,,,,,,¤@¯ë,¥|¯ÅºÞ¨î,Äµ »y: ¤£¥i»PÆP©Ê·»²G²V¦X¡C¦bsodium bicarbonate¤¤·|¨I¾ý¡C,,,,,¬O,1.0,,§_,§_,§_,³æ¤è,§_,¥i¥Î,¥i¥Î,¤£¥i¿i,¬O,,1.00,1.00,2.00,2.00,999,999,1,1,0,0,0,0,,µL¹Ï¤ù,,0,,0,,,,,,,,,,,AMP,§_,°·«Oµ¹¥I,°·«Oµ¹¥I,MIDAZOLAM,N05CD08,B019457216,§_,Liquid,IVSOL,,,,,,,¬Ò¥i,³æ¦¸¿éª`,PH038,202105281038,51.00,61.00
IDOX,20231116,99999999,¥i¥Î,Doxor lyo inj 10mg (­á´¹),Doxor lyo inj 10mg (­á´¹),Doxorubicin,,STAT,RACA,ON-03-01,°w¾¯,mg,Doxorubicin,«D²Õ®M,Á{±ÄÃÄ¡A½Ð³qª¾ÃÄ§½¥~ÁÊ,,­Ó®×Á{±Ä,¬O,¤£¥i¥ÎÃÄ¥]¾÷,±ø¥ó¤Uµ¹¥I,¤@¯ë,Á`¶q¶i¦ì,¾AÀ³¯g: «æ¡BºC©Ê¥Õ¦å²y¹L¦h¯g¡B¸~½F©ÎÀù¯gªvÀø¡C,°t»s«á«O¦s´Á­­¡G48hrs(4-10¢XC)¡A­­½Õ»s·í¤é§¹¦¨µ¹ÃÄ,Indication: Acute/chronic leukocytosis¡A cancer treatment.,,¥~ Æ[: ¸Ë¦³¾ï¬õ¦â¯»¥½¤p²~¡Bªþ5¤½¼¼¦wÞÀ¸Ë·»¾¯¡C,Appearance: A vial with orange-red powder & an 5mL ampoule.,²æ¾v¡B¸¡Âm¡B¹Ã¦R/äú¤ß¡B¤fµÄª¢¡B°©Åè§í¨î¡B¤ßÅ¦¬r©Ê¡C,Hair loss¡A nausea¡A stomatitis¡A bone marrow suppression¡A cardiac toxicity.,,¥u¥Î©óªù¶E¤Î¦í°|STAT,§QÀù­á´¹ª`®g¾¯10²@§J,¡I¡IDoxor lyo inj 10mg (­á´¹),,,,¬O,,¨Ï¥Î«eÀ³µ}ÄÀ¡C¤£¥i»P¨x¯À¡Bflurouracil©Î¨ä¥LÃÄ«~²V¦X¡C,µ¹ÃÄ«á¥i¯à¾É­P§¿²G¼È®ÉÅÜ¬õ¡C,Reconstitute before use. Do not mix with heparin¡A fluorouracil¡A or other drugs.,After administration¡A urine may appear reddish for a few days.,ªvÀø´Á¶¡À³ºÊ´ú¦å²y¼Æ¶q»P¤ßÅ¦¥\¯à¡C,During treatment¡A monitor blood cell counts and cardiac function.,202311 ·s¶i(¼v¹³Âå¾Ç¨x®ê¶ë³B¸m¤º§t±M¥Î),¤ÆÀø,¤ÆÀø,Äµ »y:¥»«~¬°­«¯gªvÀøÃÄª«¡A½Ð¨Ì·ÓÂå®v«ü¥Ü¨Ï¥Î¡C,Äµ °ªÄµ°T,,0,0,§_,10.0,,¬O,¬O,¬O,³æ¤è,§_,°±¥Î,°±¥Î,¤£¥i¿i,§_,,1.00,1.00,150.00,150.00,1,1,1,1,150.00,150.00,0,0,,¦³¹Ï¤ù,,0,,0,,L01DB01,,,,,0,,0,,VIAL,§_,°·«Oµ¹¥I,°·«Oµ¹¥I,DOXORUBICIN,L01DB01,AA36418229,§_,Liquid,IVSOL,¦M®`¤@¯Å(¡I¡I),,10.00,mg,0,mL,¥²¶·µ}ÄÀ,³æ¦¸¿éª`,PH047,202311281458,380.00,456.00
IDPT,19960101,99999999,°±¥Î,DPT vaccine §K¶O 0.5 mL/dose,DPT vaccine (Government) 0.5 mL/dose,Diphtheria + Tetanus + Pertussis,SC,ST,HIMM,IM-02-01,°w¾¯,DOS,Diphtheria & Tetanus & Pertussis,«D²Õ®M,°±¥Î¡A¥i¬dÃþ¦üÃÄ,,¤@¯ë¥i¥Î,¬O,¤£¥i¥ÎÃÄ¥]¾÷,,¤£¦LÃÄÅÒ,Á`¶q¶i¦ì,¾AÀ³¯g:¬°¥Õ³ï¦Ê¤é«y¯}¶Ë­·¬Ì­],,Indication:Diphtheria & Tetanus & Pertussis vaccine,,,,,,,,,DPT vaccine (Government) 0.5,DPT,,§_,¬O,,,,,,,,,,ª`®g,Äµ »y:½Ð¸m©óÄá¤ó 2-8 «×¦B½cÁ×¥ú§NÂÃ«O¦s¡C,,,,,¬O,1.0,,§_,§_,§_,³æ¤è,§_,°±¥Î,¥i¥Î,¤£¥i¿i,¬O,,1.00,1.00,1.00,1.00,1,1,1,1,0,0,0,0,,µL¹Ï¤ù,,0,,0,,,,,,,,,,,DOS,§_,°·«O¤£¥Ó³ø¤£­p»ù,°·«O¤£¥Ó³ø¤£­p»ù,,,,§_,Liquid,SOL,,,,,,,¬Ò¥i,³æ¦¸¿éª`,PH032,202110031707,0,60.00
IDPT0,19960101,99999999,°±¥Î,¥Õ³ï¡B¦Ê¤é«y¡B¯}¶Ë­·¬Ì­](¦Û¶O),Acellular DPT ¦Û¶O1mL/2Dos/VAL,Diphtheria + Tetanus + Pertussis,SC,ST,HIMM,IM-02-01,°w¾¯,DOS,Diphtheria & Tetanus & Pertussis,«D²Õ®M,°±¥Î,IDPT3,¤@¯ë¥i¥Î,¬O,¤£¥i¥ÎÃÄ¥]¾÷,,¤£¦LÃÄÅÒ,Á`¶q¶i¦ì,¾AÀ³¯g:¬°¥Õ³ï¦Ê¤é«y¯}¶Ë­·¬Ì­],,,,,,,,,,,Acellular DPT ¦Û¶O1mL/2Dos/VAL,DTAP,,§_,¬O,,,,,,,,,¤@¯ë,ª`®g,Äµ »y:½Ð¸m©óÄá¤ó 2-8 «×¦B½cÁ×¥ú§NÂÃ«O¦s¡C,,,,,¬O,1.0,,§_,§_,§_,³æ¤è,§_,¥i¥Î,¥i¥Î,¤£¥i¿i,¬O,,1.00,1.00,1.00,1.00,1,1,1,1,0,0,0,0,,µL¹Ï¤ù,,0,,0,,,,,,,,,,,DOS,§_,¤£µ¹¥I¶·¦Û¥I,¤£µ¹¥I¶·¦Û¥I,,,,§_,Liquid,SOL,,,,,,,¬Ò¥i,³æ¦¸¿éª`,PH032,202110031707,0,400.00
IDPT1,20050824,99999999,°±¥Î,Infanrix (DTPa) inj 0.5mL,Infanrix (DTPa) inj 0.5mL,Diphtheria + Tetanus + Pertussis,SC,ST,HIMM,IM-02-01,°w¾¯,AMP,Diphtheria & Tetanus & Pertussis,«D²Õ®M,°±¥Î,IDPT3,¤@¯ë¥i¥Î,¬O,¤£¥i¥ÎÃÄ¥]¾÷,°·«O¤£µ¹¥I,¤@¯ë,Á`¶q¶i¦ì,¾AÀ³¯g:¬°¥Õ³ï¦Ê¤é«y¯}¶Ë­·¬Ì­],,Diphtheria & Tetanus & Pertussis vaccine,,,,,,,¬Ò¥i¥Î,À¦Å@¹ç¤T¦X¤@¬Ì­],Infanrix (DTPa) inj 0.5mL,DTAP,,§_,¬O,,,,,,,,,¤@¯ë,ª`®g,Äµ »y:»â¨ú¬Ì­]«á¡A½Ð¥ß§Y¦Üª`®g«Ç¨Ì«ü¥Ü¨Ï¥Î¡C,,,,,§_,1.0,,§_,§_,§_,½Æ¤è,§_,°±¥Î,¥i¥Î,¤£¥i¿i,¬O,,1.00,1.00,1.00,1.00,1,1,1,1,0,0,0,0,,µL¹Ï¤ù,,0,,0,,,,,,,,,,,DOS,,¤£µ¹¥I¶·¦Û¥I,¤£µ¹¥I¶·¦Û¥I,,,,§_,Liquid,SOL,,,,,,,¬Ò¥i,³æ¦¸¿éª`,PH032,202110031707,0,450.00
IDPT2,20061230,99999999,°±¥Î,Tripacel 0.5mL/dose,Tripacel 0.5mL/dose,Diphtheria + Tetanus + Pertussis,SC,ST,HIMM,IM-02-01,°w¾¯,VAL,Diphtheria & Tetanus & Pertussis,«D²Õ®M,°±¥Î,IDPT3,¤@¯ë¥i¥Î,¬O,¤£¥i¥ÎÃÄ¥]¾÷,°·«O¤£µ¹¥I,¤@¯ë,Á`¶q¶i¦ì,¾AÀ³¯g:¬°¥Õ³ï¦Ê¤é«y¯}¶Ë­·¬Ì­],,Diphtheria & Tetanus & Pertussis vaccine,,,,,,,¬Ò¥i¥Î,¤Ú´µ¼w¤T¦X¤@¬Ì­],Tripacel 0.5mL/dose,DTAP,,§_,¬O,,,,,,,,,¤@¯ë,ª`®g,Äµ »y:»â¨ú¬Ì­]«á¡A½Ð¥ß§Y¦Üª`®g«Ç¨Ì«ü¥Ü¨Ï¥Î¡C,,,,,§_,1.0,,§_,§_,§_,½Æ¤è,§_,¥i¥Î,¥i¥Î,¥i¿i,¬O,,1.00,1.00,1.00,1.00,1,1,1,1,0,0,0,0,,µL¹Ï¤ù,,0,,0,,,,,,,,,,,VAL,,¤£µ¹¥I¶·¦Û¥I,¤£µ¹¥I¶·¦Û¥I,,,,§_,Liquid,SOL,,,,,,,¬Ò¥i,³æ¦¸¿éª`,PH032,202110031708,0,450.00
IDPT3,20080507,99999999,¥i¥Î,Adacel (¤T¦X¤@¸É°l¬Ì­]) 0.5mL/dose,Adacel 0.5mL/dose (Private),Diphtheria + Tetanus + Pertussis,IM,STAT,HIMM,IM-02-01,°w¾¯,DOS,Adacel,«D²Õ®M,,,¤@¯ë¥i¥Î,¬O,¤£¥i¥ÎÃÄ¥]¾÷,°·«O¤£µ¹¥I,¤@¯ë,Á`¶q¶i¦ì,¾AÀ³¯g:4-64 ·³¶¡¤§¥Õ³ï¡A ¦Ê¤é«y¡A ¯}¶Ë­·¤T¦X¤@°l¥[¬Ì­],,Indication:Booster vaccination for diphtheria¡A pertussis¡A a,,¥~ Æ[:0.5 mL¤p²~¸Ë,Appearance: 0.5 mL vial,¯h­Â¡A ÀYµh¡A µo¿N(> 38¢XC),Tiredness¡A headache¡A fever (> 38¢XC),,¬Ò¥i¥Î,¦w¥´¬P¤T¦X¤@¸É°l¬Ì­],Adacel 0.5mL/dose (Private),Tdap,,§_,¬O,,»â¨ú¬Ì­]«á¡A ½Ð¥ß§Y¦Üª`®g«Ç¨Ì«ü¥Ü¨Ï¥Î,,After receiving the vaccine¡A please go to the injection room immediately.,,,,,¤@¯ë,ª`®g,Äµ »y:»â¨ú¬Ì­]«á¡A½Ð¥ß§Y¦Üª`®g«Ç¨Ì«ü¥Ü¨Ï¥Î¡C,,,,,¬O,1.0,,§_,¬O,¬O,½Æ¤è,§_,°±¥Î,°±¥Î,¤£¥i¿i,¬O,,1.00,1.00,1.00,1.00,1,1,1,1,1.00,1.00,0,0,,¦³¹Ï¤ù,,0,,0,,J07AM51,J07AM01,J07AF01,J07AJ02,,,,,,VAL,,¤£µ¹¥I¶·¦Û¥I,¤£µ¹¥I¶·¦Û¥I,,,,§_,Liquid,SOL,,,,,0.50,mL,¬Ò¥i,³æ¦¸¿éª`,PH032,202110031708,0,1750.00
IDPTA,20061230,99999999,°±¥Î,Tripacel+Act-Hib (¥|¦X¤@),Tripacel+Act-Hib (¥|¦X¤@),,,ST,HIMM,IM-02-03,°w¾¯,SET,,«D²Õ®M,°±¥Î¡A¥i¬dÃþ¦üÃÄ,,¤@¯ë¥i¥Î,¬O,¥i¥ÎÃÄ¥]¾÷,¥i¥Î,,,,,,,,,,,,¬Ò¥i¥Î,,Tripacel+Act-Hib (¥|¦X¤@),,,§_,¬O,,,,,,,,,¤@¯ë,ª`®g,Äµ »y:»â¨ú¬Ì­]«á¡A½Ð¥ß§Y¦Üª`®g«Ç¨Ì«ü¥Ü¨Ï¥Î¡C,,,,,§_,1.0,,§_,§_,§_,³æ¤è,§_,¥i¥Î,¥i¥Î,¥i¿i,¬O,,1.00,1.00,1.00,1.00,1,1,1,1,0,0,0,0,,µL¹Ï¤ù,,0,,0,,,,,,,,,,,SET,,°·«O¤£¥Ó³ø¤£­p»ù,°·«O¤£¥Ó³ø¤£­p»ù,,,,§_,Liquid,SOL,,,,,,,¬Ò¥i,³æ¦¸¿éª`,PH032,202110031656,0,1100.00
IDPTH,20030401,99999999,°±¥Î,Infanrix+Hiberix(¥|¦X¤@),Infanrix+Hiberix(¥|¦X¤@),Infanrix + Hiberix,IM,ST,HIMM,IM-02-03,°w¾¯,SET,,«D²Õ®M,°±¥Î¡A¥i¬dÃþ¦üÃÄ,,¤@¯ë¥i¥Î,¬O,¤£¥i¥ÎÃÄ¥]¾÷,,¤@¯ë,Á`¶q¶i¦ì,¾AÀ³¯g:¬°¥Õ³ï¦Ê¤é«y¯}¶Ë­·¬Ì­]+Hib,,Combined DPT & Hib vaccine,,,,,,,¬Ò¥i¥Î,À¦Å@¹ç¥|¦X¤@¬Ì­],Infanrix+Hiberix(¥|¦X¤@),IDPTH,,§_,¬O,,,,,,,,,¤@¯ë,ª`®g,Äµ »y:»â¨ú¬Ì­]«á¡A½Ð¥ß§Y¦Üª`®g«Ç¨Ì«ü¥Ü¨Ï¥Î¡C,,,,,§_,1.0,,§_,§_,§_,³æ¤è,§_,¥i¥Î,¥i¥Î,¥i¿i,¬O,,1.00,1.00,1.00,1.00,1,1,1,1,0,0,0,0,,µL¹Ï¤ù,,0,,0,,,,,,,,,,,SET,§_,°·«O¤£¥Ó³ø¤£­p»ù,°·«O¤£¥Ó³ø¤£­p»ù,,,,§_,Liquid,SOL,,,,,,,¬Ò¥i,³æ¦¸¿éª`,PH032,202110031656,0,1150.00
IDRO,20040401,99999999,¥i¥Î,Dropel inj 2.5mg/1mL,Dropel inj 2.5mg/1mL,Droperidol,IVPUSH,,CNEU,CN-03-08,°w¾¯,AMP,,«D²Õ®M,,,¤@¯ë¥i¥Î,¬O,¥i¥ÎÃÄ¥]¾÷,¥i¥Î,¤@¯ë,¦¸­p¶q¶i¦ì,¾AÀ³¯g:¥Dªväú¤ß¡A ¹Ã¦R,,Indication:Management of nausea & vomiting following surgica,,¥~ Æ[:1mL ¦wÞÀ,Appearance: 1 mL ampoule,ÂíÀR¡A ©ü©ü±ýºÎ¡A Åé­«¼W¥[¡A ¤f´÷¡A «K¯µ,Sedation¡A drowsiness¡A weight gain¡A dry mouth¡A constipation.,,¥u¥Î©óªù¶E¤Î¦í°|STAT,¨ô´¶ª`®g²G,Dropel inj 2.5mg/1mL,,,§_,¬O,,­Yµo¥ÍÄY­«¹L±Ó©Îµo¯lµ¥¤£¾A¯gª¬¡AÀ³§Y°±ÃÄ¨Ã½Ð±ÐÂå®v,,,,,,93¦~²Ä¤G¦¸ÃÄ©e·|³q¹LÁ{±Ä«~¶µ,¤@¯ë,¤@¯ë,Äµ »y: ­Yµo¥ÍÄY­«¹L±Ó©Îµo¯lµ¥¤£¾A¯gª¬¡AÀ³§Y°±ÃÄ¨Ã½Ð±ÐÂå®v,,,,,¬O,1.0,,§_,¬O,§_,³æ¤è,§_,°±¥Î,°±¥Î,¤£¥i¿i,¬O,³Â¾K¬ì¦VÃÄ®w½Ð»â,1.00,1.00,1.00,1.00,99,99,1,1,1.00,1.00,0,0,,¦³¹Ï¤ù,,0,,0,,N05AD08,,,,,,,,,AMP,,°·«Oµ¹¥I,°·«Oµ¹¥I,DROPERIDOL,N05AD08,AC45355209,§_,Liquid,IVSOL,,,2.50,mg,1.00,mL,¬Ò¥i,³æ¦¸¿éª`,PH047,202402140535,15.00,20.00
IDT1,20081112,99999999,°±¥Î,Td Adult (¦Û¶O¦¨¤H¯}¶Ë­·¥Õ³ï²V¦X¬Ì­]) 0.5mL/dose,Td Vaccine (Adult) 0.5 mL/dose (Private),Diphtheria + Tetanus,IM,ST,HIMM,IM-02-01,°w¾¯,DOS,TD,«D²Õ®M,°±¥Î,,¤@¯ë¥i¥Î,§_,¤£¥i¥ÎÃÄ¥]¾÷,,¤@¯ë,Á`¶q¶i¦ì,¾AÀ³¯g:¥Õ³ï¯}¶Ë­·¬Ì­],,Indication:Diphtheria & Tetanus vaccine.,,¥~ Æ[:3mL¤p²~,,ÀYµh¡B¯h­Â¡Cª`®g³¡¦ì¯kµh¡B¬õ¸~¡C,Headache¡A tiredness. Injection site pain¡A erythema¡A swelling.,,¬Ò¥i¥Î,¯}¶Ë­·´î¶q¥Õ³ï²V¦X¬Ì­],Td Vaccine (Adult) 0.5 mL/do,TD,,§_,¬O,,¶J©ñ®É»Ý¸m©ó¦B½c§NÂÃ(Äá¤ó 2-8 «×),,Store in a refrigerator (2-8¢XC).,,¦h¾¯¶q¥]¸Ë (3 mL/Vial),Multiple dose package (3 mL/Vial),,¤@¯ë,ª`®g,Äµ »y:½Ð¸m©óÄá¤ó 2-8 «×¦B½cÁ×¥ú§NÂÃ«O¦s¡C,,,,,¬O,6.0,,§_,¬O,¬O,½Æ¤è,§_,¥i¥Î,¥i¥Î,¤£¥i¿i,¬O,,1.00,1.00,1.00,1.00,1,1,1,1,1.00,1.00,0,0,,¦³¹Ï¤ù,,0,,0,,J07AM51,,,,,,,,,VAL,§_,¤£µ¹¥I¶·¦Û¥I,¤£µ¹¥I¶·¦Û¥I,,,,§_,Liquid,SOL,,,,,,,¬Ò¥i,³æ¦¸¿éª`,PH032,202110031658,0,240.00
IDT2,19960101,99999999,°±¥Î,DT vaccine (child),DT vaccine (child),Diphtheria + Tetanus,IM,,HIMM,IM-02-01,°w¾¯,DOS,DT,«D²Õ®M,°±¥Î¡A¥i¬dÃþ¦üÃÄ,,¤@¯ë¥i¥Î,¬O,¤£¥i¥ÎÃÄ¥]¾÷,,¦C¦Lªù¶EÃÄÅÒ,Á`¶q¶i¦ì,¾AÀ³¯g:¬°¥Õ³ï¯}¶Ë­·¬Ì­],,,,,,,,,,,DT vaccine (child),DT,,§_,¬O,,,,,,,,,¤@¯ë,ª`®g,Äµ »y:»â¨ú¬Ì­]«á¡A½Ð¥ß§Y¦Üª`®g«Ç¨Ì«ü¥Ü¨Ï¥Î¡C,,,,,¬O,1.0,,§_,§_,§_,³æ¤è,§_,¥i¥Î,¥i¥Î,¤£¥i¿i,¬O,,1.00,1.00,1.00,1.00,1,1,1,1,0,0,0,0,,µL¹Ï¤ù,,0,,0,,,,,,,,,,,DOS,§_,¤£µ¹¥I¶·¦Û¥I,¤£µ¹¥I¶·¦Û¥I,,,,§_,Liquid,SOL,,,,,,,¬Ò¥i,³æ¦¸¿éª`,PH032,202110031658,0,100.00
IDTAP,20160623,99999999,°±¥Î,SK-DPT3(¤T¦X¤@¬Ì­]¡A¬F©²´£¨Ñ) 0.5mL/dose,SK-DPT3(¤T¦X¤@¬Ì­]¡A¬F©²´£¨Ñ) 0.5mL/dose,Diphtheria + Tetanus + Pertussis,IM,ST,HIMM,IM-02-01,°w¾¯,DOS,DTaP Vaccine,«D²Õ®M,°±¥Î,,¤@¯ë¥i¥Î,¬O,¥i¥ÎÃÄ¥]¾÷,,¤£¦LÃÄÅÒ,Á`¶q¶i¦ì,¾AÀ³¯g:¥Õ³ï¡A ¦Ê¤é«y¡A ¯}¶Ë­·¤T¦X¤@¬Ì­],,Indication:Diphtheria¡A tetanus¡A and pertussis disease,prevention.,¥~ Æ[:0.5²@¤É¹w¥R¶ñª`®g¾¹,Appearance: 0.5mL single-dose prefilled-syringe,¯h­Â¡A ÀYµh¡A µo¿N,Tiredness¡A headache¡A fever,,¥u¥Î©óªù¶E,¥Õ³ï¯}¶Ë­·«D²Ó­M©Ê¦Ê¤é«y¤T¦X¤@¬Ì­],SK-DPT3(¤T¦X¤@¬Ì­]¡A¬F©²´£¨Ñ),DTAP,,,¬O,,»â¨ú¬Ì­]«á¡A ½Ð¥ß§Y¦Üª`®g«Ç¨Ì«ü¥Ü¨Ï¥Î,,After receiving the vaccine¡A please go to the injection room immediately.,,Äá¤ó 2-8 «×§NÂÃ,Store in a refrigerator (2-8¢XC),,¤@¯ë,ª`®g,Äµ »y:½Ð¸m©óÄá¤ó 2-8 «×¦B½cÁ×¥ú§NÂÃ«O¦s¡C,,,0,0,§_,1.0,,§_,§_,¬O,½Æ¤è,§_,°±¥Î,¥i¥Î,¤£¥i¿i,§_,,1.00,1.00,1.00,1.00,1,1,1,1,1.00,1.00,0,0,,¦³¹Ï¤ù,,0,,0,,J07AJ02,J07AM01,J07AF01,,,0,,0,,VIAL,,°·«O¤£¥Ó³ø¤£­p»ù,°·«O¤£¥Ó³ø¤£­p»ù,,,,,Liquid,SOL,,,,,,,¬Ò¥i,³æ¦¸¿éª`,PH032,202110031659,0,0
IDUP,20160228,99999999,¥i¥Î,Diazepam(Dupin) inj 10mg/2mL,Diazepam(Dupin) inj 10mg/2mL,Diazepam,IM,,CNEU,CN-02-02,°w¾¯,AMP,Valium,«D²Õ®M,,,¤@¯ë¥i¥Î,¬O,¥i¥ÎÃÄ¥]¾÷,¥i¥Î,¤@¯ë,¦¸­p¶q¶i¦ì,¾AÀ³¯g:µJ¼{ª¬ºA¡A ¦Ù¦×µjÅË¡A ¥¢¯v,,Indication:Insomnia¡A anxiety¡A muscle spasm.,,¥~ Æ[:²`½Å¦â2²@¤É¦wÞÀ¡A ¥Õ¦â¥~¶K¯È,Appearance: 2 mL ampoule,¸}¨B²Â©å©Î¤£Ã­¡AÀY·w¡A©ü©ü±ýºÎ¡A¤f¾¦¤£²M¡A­¹¼¤§ïÅÜ,clumsiness or unsteadiness; dizzy; sleepy; unclear speaking; appetite changes,,¬Ò¥i¥Î,¼Ö¥­ª`®g²G,Diazepam(Dupin) inj 10mg/2mL,,,¬O,¬O,,À³µø¨ä¦~ÄÖ¡BÅé­«¤Î¯gªp¤©¥H¾A·í¤§¾¯¶q¡A ¨Ã¯d·NÆ[¹î,,Should consider age¡A weight and disease state to modify dosage.,,,,,¤@¯ë,¥|¯ÅºÞ¨î,Äµ »y:À³µø¨ä¦~ÄÖ¡BÅé­«¤Î¯gªp¤©¥H¾A·í¤§¾¯¶q¡A¨Ã¯d·NÆ[¹î,LA ¥~Æ[¬Û¦ü,,0,0,¬O,1.0,,§_,¬O,§_,³æ¤è,§_,¥i¥Î,°±¥Î,¤£¥i¿i,¬O,,1.00,1.00,4.00,4.00,1,30,1,1,4.00,4.00,0.22,0.05,,¦³¹Ï¤ù,,10.00,mg,0,0.04-0.3 mg/Kg (³æ¦¸),N05BA01,,,,,0,,0,,AMP,,°·«Oµ¹¥I,°·«Oµ¹¥I,DIAZEPAM,N05BA01,AC27850212,§_,Liquid,SOL,,,10.00,mg,2.00,mL,¬Ò¥i,³æ¦¸¿éª`,PH006,202103231626,15.00,20.00
IDUPI,20181212,99999999,¥i¥Î,DUPIXENT inj 300mg/2mL,DUPIXENT inj 300mg/2mL,Dupilumab,SC,STAT,TDER,DE-11-00,°w¾¯,¤ä,Dupixent,«D²Õ®M,,,¤@¯ë¥i¥Î,¬O,¤£¥i¥ÎÃÄ¥]¾÷,±ø¥ó¤Uµ¹¥I,¤@¯ë,Á`¶q¶i¦ì,¾AÀ³¯g:ªvÀø¤¤«×¦Ü­««×²§¦ì©Ê¥Ö½§ª¢,,Indication:Atopic dermatitis.,,¥~ Æ[:¹w¥R¶ñ¦¡ª`®g°wµ©,Appearance: Solution for injection in pre-filled syringe.,ª`®g³¡¦ì¤ÏÀ³¡A³æ¯Â¯p¯l¯f¬r·P¬V¡Aµ²½¤ª¢¡A²´³¡æ±Äo,Injection site reaction¡A herpes simplex infection¡A conjunctivitis¡A eye pruritus,,¥u¥Î©óªù¶E¤Î¦í°|STAT,§ùÁ×ª¢ª`®g¾¯300²@§J,DUPIXENT inj 300mg/2mL,,,,¬O,,­­¥Î©ó¥Ö¤Uª`®g¡C,½Ð¸m©óÄá¤ó 2-8 «×¦B½c§NÂÃ,Only for subcutaneous use.,Store in a refrigerator (2-8¢XC).,±µ¨üDupixentªvÀøªº±wªÌÀ³Á×§K±µºØ¬¡µß¬Ì­],Avoid use of live vaccines in patients treated with DUPIXENT.,2018.12ÃÄ©e·s¶i,¤@¯ë,ª`®g,­­¥Î©ó¥Ö¤Uª`®g¡C,,,0,0,§_,1.0,,§_,¬O,¬O,³æ¤è,,°±¥Î,,¤£¥i¿i,§_,,1.00,1.00,2.00,2.00,999,999,14,14,2.00,2.00,0,0,,¦³¹Ï¤ù,,0,,0,,D11AH05,,,,,0,,0,,¤ä,¬O,°·«Oµ¹¥I,°·«Oµ¹¥I,DUPILUMAB,D11AH05,KC01082212,,Liquid,SOL,,,300.00,mg,2.00,mL,,,PH047,202402140536,15687.00,18824.00
IDUPI2,20230728,99999999,¥i¥Î,Dupixent inj 200mg/1.14mL,Dupixent inj 200mg/1.14mL,Dupilumab,SC,,TDER,DE-11-00,°w¾¯,¤ä,Dupixent,«D²Õ®M,Á{±ÄÃÄ¡A½Ð³qª¾ÃÄ§½¥~ÁÊ,,­Ó®×Á{±Ä,¬O,¥i¥ÎÃÄ¥]¾÷,±ø¥ó¤Uµ¹¥I,¤@¯ë,Á`¶q¶i¦ì,¾AÀ³¯g:²§¦ì©Ê¥Ö½§ª¢¡B6·³¥H¤W®ð³Ý¡BºC©Ê»óÄuª¢¦X¨Ö»ó®§¦×,,Indication: Atopic dermatitis¡A asthma¡A chronic sinusitis.,,¥~ Æ[: ¤@¤äªþ¦³°wÀY®M¤§¹w¶ñª`®g¾¹§t1.14 mLµL¦â·»²G,Appearance: Prefilled syringe with 1.14 mL solution.,ª`®g³¡¦ì¤ÏÀ³¡Bµ²½¤ª¢¡B¤fµÄ¯p¯l¡B²´·úÄo¡B°®²´¯g¡B²´Â¥ª¢¡C,Injection site reaction¡A conjunctivitis¡A oral herpes¡A eye itching¡A dry eye.,,¥u¥Î©óªù¶E¤Î¦í°|STAT,§ùÁ×ª¢ª`®g¾¯200²@§J,Dupixent inj 200mg/1.14mL,,,,¬O,,À³Àx¦s©ó2-8¢XCÁ×§K¥ú·Ó¡C±q¦B½c¨ú¥X«á¡A¥i¸m©ó<25¢XC«Ç·Å³Ì¦h14¤Ñ,¤£¥i¥Î©óªvÀø«æ©Ê¤ä®ðºÞµjÅË©Î®ð³Ý¡C,Store at 2-8¢XC¡A avoid light. After fridge¡A use within 14 days at <25¢XC.,Do not use for acute asthma or bronchospasm.,¶}©lªvÀø«e¤ÎªvÀø´Á¶¡¡A¤£«ØÄ³±µºØ¬¡©Ê¬Ì­]¡C,Avoid administering live vaccines before and during the treatment.,202307 ³¯®¶¼eÂå®vÁ{±Ä,¤@¯ë,¤@¯ë,À³Àx¦s©ó2-8¢XCÁ×§K¥ú·Ó¡C±q¦B½c¨ú¥X«á¥i¸m©ó<25¢XC«Ç·Å³Ì¦h14¤Ñ¡C,,,0,0,§_,1.0,,§_,¬O,¬O,³æ¤è,§_,¥i¥Î,¥i¥Î,¤£¥i¿i,§_,,1.00,1.00,3.00,3.00,999,999,1,1,3.00,3.00,0,0,,¦³¹Ï¤ù,,0,,0,,D11AH05,,,,,200.00,mg,21.40,mg,¤ä,¬O,°·«Oµ¹¥I,°·«Oµ¹¥I,DUPILUMAB,D11AH05,KC011332BL,§_,Liquid,SOL,,,200.00,mg,1.14,mL,,,PH047,202402140536,15687.00,18824.00
IDUR,20180308,99999999,¥i¥Î,Duratocin inj 100mcg/1mL,Duratocin inj 100mcg/1mL,Carbetocin,IVPUSH,STAT,SGU,UR-02-00,°w¾¯,Vial,,«D²Õ®M,,,¤@¯ë¥i¥Î,¬O,¥i¥ÎÃÄ¥]¾÷,°·«O¤£µ¹¥I,¤@¯ë,¦¸­p¶q¶i¦ì,¾AÀ³¯g:¹w¨¾¦bµw½¤¥~©Î¯áÅè³Â¾K¤U­å¸¡²£«á¤l®c¦¬ÁY¥F¤O¡C,,Indication:Prevention of uterine atony following delivery of,the infant by Caesarean section under epidural or spinal anaesthesia.,¥~ Æ[:³z©ú1²@¤É¤p²~,Appearance: 1 mL Vial,¼é¬õ¡A§C¦åÀ£¡AÀYµh¡A¸¡µh¡Aäú¤ß¡A¹Ã¦R¡A¾_Å¸,Flushing¡A hypotension¡A headache¡A abdominal pain¡A nausea¡A vomiting¡A tremor,,¬Ò¥i¥Î,¥©¯SªYª`®g¾¯,Duratocin inj 100mcg/1mL,,,,¬O,,¦b­å¸¡²£À¦¨à¥X¥Í«á¡A¨C100mcg¥H¶W¹L¤@¤ÀÄÁ³t²vºC³t¬I¥´¡C,,has been completed,,,Store in a refrigerator (2-8¢XC).,,¤@¯ë,¤@¯ë,Äµ »y:1¤ÀÄÁ¤£¶W¹L1mL¤§³t«×IVª`®g,,,0,0,§_,1.0,,§_,¬O,¬O,³æ¤è,§_,°±¥Î,°±¥Î,¤£¥i¿i,¬O,,1.00,1.00,1.00,1.00,1,1,1,1,2.00,2.00,0,0,,¦³¹Ï¤ù,,0,,0,,H01BB03,,,,,0,,0,,VIAL,,¤£µ¹¥I¶·¦Û¥I,¤£µ¹¥I¶·¦Û¥I,,,,§_,Liquid,IVSOL,,,100.00,mcg,1.00,mL,,³æ¦¸¿éª`,PH034,202101261425,0,2880.00
IDW5,19960101,99999999,°±¥Î,Water for inj 500mL (TPN½Õ°t¨Ï¥Î),Water for inj 500mL (TPN½Õ°t¨Ï¥Î),Water for injection,IV,,NUTR,NU-04-05,°w¾¯,BOT,D/W,«D²Õ®M,°±¥Î,,¤@¯ë¥i¥Î,¬O,¤£¥i¥ÎÃÄ¥]¾÷,,¤£¦LÃÄÅÒ,Á`¶q¶i¦ì,¾AÀ³¯g:ª`®g¥Î¤ô,,Indication:Water for injection.,,¥~ Æ[:³z©ú¬Á¼þ²~¡A ÂÅ¦â»\¤l¡A ¥Õ¦â©³¥~¶K¯È¡A ¦Ç¦â¬Û¶¡,,,,,,,Water for inj 500mL (TPN½Õ°t¨Ï¥Î,,,§_,¬O,,,,,,,,[Rx_x]­­TPNÃÄ®v½Õ°t¨Ï¥Î¡A³B¤è¶°¤£Åã¥Ü,¤@¯ë,ª`®g,Äµ »y:ÃÄ§½½Õ¾¯¡A «D¤@¯ë¥æ¥IÃÄ«~,,,,,¬O,1.0,¦³,§_,¬O,§_,³æ¤è,§_,°±¥Î,°±¥Î,¤£¥i¿i,¬O,,1.00,1.00,2.00,25.00,999,999,1,1,2.00,25.00,0,0,,¦³¹Ï¤ù,,0,,0,,V07ABaa,,,,,,,,,BOT,§_,¤£µ¹¥I¶·¦Û¥I,¤£µ¹¥I¶·¦Û¥I,,,,§_,Liquid,IVSOL,,,,,500.00,mL,¬Ò¥i,³æ¦¸¿éª`,PH034,202212131047,0,23.00
IDYN,20171213,99999999,¥i¥Î,Dynastat inj 40mg,Dynastat inj 40mg,Parecoxib,IM,STAT,CNEU,CN-01-03,°w¾¯,Vial,Dynastat,«D²Õ®M,,,¤@¯ë¥i¥Î,¬O,¥i¥ÎÃÄ¥]¾÷,°·«O¤£µ¹¥I,¤@¯ë,Á`¶q¶i¦ì,¾AÀ³¯g:µu´Á(¤£©y¶W¹L¥|¤Ñ)¨Ï¥Î©ó¥~¬ì¤â³N«á¯kµh¤§½w¸Ñ¡C,,Indication:Short-term treatment of post-op pain.,,¥~ Æ[: ­á´¹°®¯»¤p²~,Appearance: powder in a Vial,äú¤ß¡A¸¡µh¡A«K¯µ¡A¶gÃä¤ô¸~¡A§C¦åÀ£¡C,Nausea¡A abdominal pain¡A constipation¡A peripheral edema¡A hypotension.,,¬Ò¥i¥Î,±o³N®õª`®g¾¯40²@§J,Dynastat inj 40mg,,,,¬O,,½Õ°t¦nªºDynastatª`®g²G¤£¥i§NÂÃ©Î§N­á¡C,¥H2mL¥Í²z­¹ÆQ¤ô©Î5%¸²µå¿}¤ôµ}ÄÀ.,Do not refrigerate or freeze the reconstituted product.,Dilute with 2mL normal saline or 5% dextrose.,¹ïÁDÓiÃþÃÄ«~¹L±ÓªÌ¸T¥Î¡C,Notify your doctor if you are allergic to sulfa drugs.,2023Q1ÃÄ©eÁ{±ÄÂà¥¿¦¡,¤@¯ë,¤@¯ë,½Õ°t¦nªºDynastatª`®g²G¤£¥i§NÂÃ©Î§N­á¡C,,,0,0,¬O,1.0,,§_,¬O,§_,³æ¤è,§_,°±¥Î,°±¥Î,¤£¥i¿i,¬O,,1.00,1.00,1.00,1.00,4,4,1,1,3.00,3.00,0,0,,¦³¹Ï¤ù,,0,,0,,M01AH04,,,,,0,,0,,VIAL,,¤£µ¹¥I¶·¦Û¥I,¤£µ¹¥I¶·¦Û¥I,,,,§_,Liquid,IVSOL,,,40.00,mg,,,¬Ò¥i,³æ¦¸¿éª`,PH047,202304211615,0,750.00
IDYS,20210113,99999999,¥i¥Î,Dysport 500 Unit/Vial,Dysport 500 Unit/Vial,Botulinum Toxin type A,IM,,CNEU,CN-03-02,°w¾¯,UNIT,,«D²Õ®M,Á{±ÄÃÄ¡A½Ð³qª¾ÃÄ§½¥~ÁÊ,,­Ó®×Á{±Ä,¬O,¤£¥i¥ÎÃÄ¥]¾÷,­­¥Î,¤@¯ë,Á`¶q¶i¦ì,¾AÀ³¯g:¦Ù¦×ÃP¦¢§@¥Î,,Indication:Hemifacial spasm in adults.,,,,,,,¬Ò¥i¥Î,,,,,§_,¬O,,,,,,,,,¤@¯ë,ª`®g,,,,0,0,§_,500.0,,§_,¬O,§_,³æ¤è,§_,°±¥Î,°±¥Î,¤£¥i¿i,¬O,,1.00,1.00,500.00,500.00,1,1,1,1,500.00,500.00,0,0,,µL¹Ï¤ù,,0,,0,,M03AX01,,,,,0,,0,,UNIT,§_,¤£µ¹¥I¶·¦Û¥I,¤£µ¹¥I¶·¦Û¥I,,,,§_,Liquid,SOL,,,0,,0,,,,PH008,202101131212,0,30.00
IELI,20220921,99999999,¥i¥Î,Eligard inj 22.5mg extended-release,Eligard inj 22.5mg extended-release,Leuprorelin Acetate,SC,Q3M,RACA,ON-05-02,°w¾¯,SET,Eligard,«D²Õ®M,,,¤@¯ë¥i¥Î,¬O,¤£¥i¥ÎÃÄ¥]¾÷,±ø¥ó¤Uµ¹¥I,¤@¯ë,¦¸­p¶q¶i¦ì,¾AÀ³¯g:«e¦C¸¢ÀùªvÀø,,Indication:Treatment of prostate cancer.,,¥~ Æ[:¯È²°¤º§t2¤ä(A·»¾¯+BÃÄ«~)¹w¥R¶ñ¦¡ª`®g°wµ©¤Î1¤ä°wÀY,Appearance:2 prefilled syringes (A+B) and 1 needle in a box,¼ö¼é¬õ¡Aäú¤ß¡A¨­Åé¤£¾A¡B¯h³Ò¡Aª`®g³¡¦ìµu¼È§½³¡¨ë¿E,Hot flushes¡A nausea¡A malaise & fatigue¡A injection site irritation,,¥u¥Î©óªù¶E¤Î¦í°|STAT,Àù¥ß¨Î«ùÄò©ÊÃÄ®Ä¥Ö¤Uª`®g¾¯22.5²@§J,Eligard inj 22.5mg,,,,¬O,,¥»ÃÄ¸T¥Î©ó°ü¤k»P¨àµ£¡C,±q¦B½c¤¤¨ú¥X«á©ó­ì¥]¸Ë¤º¥i¦b«Ç·Å(<25¢J)¤U¦s©ñ¤K¶g¡C,Avoid using in women or children.,Room temp (<25¢J) storage in original packaging for 8 weeks post-refrigeration.,½Ð¸m©óÄá¤ó 2-8 «×¦B½c§NÂÃ¡C,Store in a refrigerator (2-8¢XC).,2022Q3ÃÄ©e·|·s¶i,¤@¯ë,ª`®g,Äµ »y:¥»«~½Ð¤Å¥Î©ó¤k©Ê¤Î¨àµ£,,,0,0,§_,1.0,,§_,¬O,¬O,³æ¤è,,°±¥Î,,¤£¥i¿i,§_,,1.00,1.00,1.00,1.00,120,120,1,1,1.00,1.00,0,0,,¦³¹Ï¤ù,,0,,0,,L02AE02,,,,,22.50,mg,0.13,mg,SET,§_,°·«Oµ¹¥I,°·«Oµ¹¥I,LEUPRORELIN DEPOT,L02AE02,BC263052FQ,§_,Liquid,SOL,¦M®`¤G¯Å(¡I),,22.50,mg,0,,,,PH047,202401171639,8173.00,9808.00
IELO,20210915,99999999,¥i¥Î,Elonva inj 150mcg/0.5mL,Elonva inj 150mcg/0.5mL,Corifollitropin alfa,SC,ASORDER,HM,HR-02-00,°w¾¯,¤ä,Elonva,«D²Õ®M,,,¤@¯ë¥i¥Î,¬O,¤£¥i¥ÎÃÄ¥]¾÷,°·«O¤£µ¹¥I,¤@¯ë,¦¸­p¶q¶i¦ì,¾AÀ³¯g:¤H¤u¨ó§U¥Í´Þ§Þ³N¥ÎÃÄ¡C¨ë¿E§Z±_¡A»¤¾ÉÂoªwµo¨|¡C,,Indication:Drug of assisted reproductive technology.,Controlled ovarian stimulation.,¥~ Æ[:0.5mL¹w¥R¶ñ°wµ©,Appearance:0.5mL prefilled syringe,°©¬Ö¤£¾A¡AÀYµh¡Aäú¤ß,Discomfort in pelvis¡A Headache¡A Nausea,,¬Ò¥i¥Î,¥ì¿Õ«½ª`®g²G150·L§J/0.5²@¤É,Elonva inj 150mcg/0.5mL,,,,¬O,,2-8¢XC«O¦s¡A¤Á¤Å§N­á¡C,,Store at 2-8¢XC¡A Do not freeze.,,¦pªG¦Û¦B½c¨ú¥X¦ý«O¦s25¢XC¥H¤U¡A¤£¥i¶W¹L1­Ó¤ë¡C,Store at or below 25¢XC for a period of not more than 1 month.,2021Q3ÃÄ©e·s¶i,¤@¯ë,ª`®g,2-8¢XC«O¦s¡A¤Á¤Å§N­á¡C,,,0,0,§_,1.0,,§_,¬O,§_,³æ¤è,§_,°±¥Î,°±¥Î,¤£¥i¿i,¬O,,1.00,1.00,1.00,1.00,999,999,1,1,1.00,1.00,0,0,,¦³¹Ï¤ù,,0,,0,,G03GA09,,,,,0,,0,,¤ä,,¤£µ¹¥I¶·¦Û¥I,¤£µ¹¥I¶·¦Û¥I,,,,§_,Liquid,SOL,¦M®`¤G¯Å(¡I),,150.00,mcg,0.50,mL,,,PH034,202110261142,0,30240.00
IEMG,20200908,99999999,¥i¥Î,Emgality inj 120 mg/1mL,Emgality inj 120 mg/1mL,Galcanezumab,SC,Q1M,CNEU,CN-03-07,°w¾¯,¤ä,Emgality,«D²Õ®M,Á{±ÄÃÄ¡A½Ð³qª¾ÃÄ§½¥~ÁÊ,,¥»°|Á{±Ä²M³æ,¬O,¤£¥i¥ÎÃÄ¥]¾÷,¥i¥Î,¤@¯ë,Á`¶q¶i¦ì,¾AÀ³¯g: ¹w¨¾¦¨¤H°¾ÀYµh,,Indication: Prophylaxis of migraine in adults,,¥~ Æ[: 1 ²@¤É³æ¾¯¹w¥R¶ñª`®gµ§,Appearance: 1 mL Pre-filled injection pen,¹L±Ó¤ÏÀ³(¨Ò¦p¥Ö¯l¡BëC³Â¯l©M©I§l§xÃø)¡Aª`®g³¡¦ì¤ÏÀ³,Allergic reactions(ex: itching¡A rash¡Atrouble breathing). Injection site reaction,,¥u¥Î©óªù¶E¤Î¦í°|STAT,®¦¯k°± ª`®g¾¯,Emgality inj 120 mg/1mL,,,,¬O,,¥»ÃÄ¥H¥Ö¤Uª`®gµ¹ÃÄ¡A¤£¥i§N­á©Î·n®Ì¡C,µ¹ÃÄ«eÀR¸m«Ç·Å30¤ÀÄÁ¡C,This medicine is administered by subcutaneous injection. Do not freeze or shake.,Leave the Pen at room temperature for 30 minutes before injecting.,À³Àx¦s©ó2-8¢XC¡C(­Y¸m©ó30¢XC¥H¤U«Ç·Å¡A®Ä´ÁÁYµu¬°7¤Ñ),Store at 2-8¢XC. (If stored out of refrigerator <30¢XC¡A not use after 7 days.),2020.09­Ó®×Á{±Ä,¤@¯ë,ª`®g,¥»ÃÄ¥H¥Ö¤Uª`®gµ¹ÃÄ.¤£¥i§N­á©Î·n®Ì.,,,0,0,§_,1.0,,§_,¬O,¬O,³æ¤è,§_,°±¥Î,°±¥Î,¤£¥i¿i,§_,,1.00,1.00,2.00,2.00,999,999,28,28,2.00,2.00,0,0,,¦³¹Ï¤ù,,0,,0,,N02CD02,,,,,0,,0,,¤ä,¬O,°·«Oµ¹¥I,°·«Oµ¹¥I,GALCANEZUMAB,N02CD02,KC01113209,§_,Liquid,SOL,,,120.00,mg,1.00,mL,,,PH034,202104071439,11226.00,13471.00
IENB,20120326,99999999,°±¥Î,Enbrel 25mg inj,Enbrel 25mg inj,Etanercept,SC,BIW,HIMM,IM-04-00,°w¾¯,Vial,,«D²Õ®M,°±¥Î,,¤@¯ë¥i¥Î,¬O,¤£¥i¥ÎÃÄ¥]¾÷,±ø¥ó¤Uµ¹¥I,¤@¯ë,Á`¶q¶i¦ì,¾AÀ³¯g:Ãþ­··Ã©ÊÃö¸`ª¢¡A°®Å~©ÊÃö¸`ª¢¡A»øª½©Ê¯á´Õª¢¡A,°®Å~,Indication:Treatment of active RA¡A psoriatic arthritis¡A,ankylosing spondylitis¡A plaque psoriasis.,¥~ Æ[:°wµ©¸Ëª`®g¾¯,,·P¬V¡A ¹L±Ó¤ÏÀ³¡A ¥Ö½§·kÄo¡A µo¼ö,Infections¡A allergic reactions¡A pruritus¡A fever.,,¬Ò¥i¥Î,®¦³Õ °wµ©¸Ëª`®g¾¯,Enbrel 25mg inj,,,§_,¬O,,¨Ï¥ÎÃÄ«~«e«á¤Î´Á¶¡¡A À³µû¦ô§K¬Ì§í¨î¤Î·P¬V¯f±wªº¦w¥þ©Ê»P¦³®Ä©Ê,,,,½Ð¸m©óÄá¤ó 2-8 «×¦B½c§NÂÃ,Store in a refrigerator (2-8¢XC).,2014¦~²Ä¤G¦¸ÃÄ©e·|¨MÄ³§R°£,¤@¯ë,ª`®g,Äµ »y:¨Ï¥ÎÃÄ«~«e«á¤Î´Á¶¡¡A À³µû¦ô§K¬Ì§í¨î¤Î·P¬V¯f±wªº¦w¥þ©Ê»P¦³®Ä©Ê,,,0,0,§_,1.0,,§_,§_,§_,³æ¤è,§_,°±¥Î,¥i¥Î,¤£¥i¿i,¬O,,1.00,1.00,2.00,2.00,999,999,1,1,2.00,2.00,0,0,,¦³¹Ï¤ù,,0,,0,,L04AB01,,,,,,,,,VIAL,¬O,°·«Oµ¹¥I,°·«Oµ¹¥I,ETANERCEPT,L04AB01,K000851240,§_,Liquid,SOL,,,,,,,¬Ò¥i,³æ¦¸¿éª`,PH006,201501051510,3979.00,4775.00
IENB5,20140616,99999999,¥i¥Î,Enbrel 50mg prefilled pen,Enbrel 50mg prefilled pen,Etanercept,SC,QW,HIMM,IM-04-00,°w¾¯,Vial,Enbrel,«D²Õ®M,,,¤@¯ë¥i¥Î,¬O,¤£¥i¥ÎÃÄ¥]¾÷,±ø¥ó¤Uµ¹¥I,¤@¯ë,Á`¶q¶i¦ì,¾AÀ³¯g:Ãþ­··Ã©ÊÃö¸`ª¢¡A°®Å~©ÊÃö¸`ª¢¡A»øª½©Ê¯á´Õª¢¡A,°®Å~,Indication:Treatment of active RA¡A psoriatic arthritis¡A,ankylosing spondylitis¡A plaque psoriasis.,¥~ Æ[:¹w¶ñ¥Rª`®gµ§,Appearance:single-dose prefilled pen,·P¬V¡A ¹L±Ó¤ÏÀ³¡A ¥Ö½§·kÄo¡A µo¼ö,Infections¡A allergic reactions¡A pruritus¡A fever.,,¬Ò¥i¥Î,®¦³Õ°wµ©¸Ëª`®g¾¯,Enbrel 50mg prefilled pen,,,,¬O,,¨Ï¥ÎÃÄ«~«e«á¤Î´Á¶¡¡A À³µû¦ô§K¬Ì§í¨î¤Î·P¬V¯f±wªº¦w¥þ©Ê»P¦³®Ä©Ê,,Monitor improvement of symptoms and physical function assessments.,,½Ð¸m©óÄá¤ó 2-8 «×¦B½c§NÂÃ,Store in a refrigerator (2-8¢XC).,103¦~²Ä¤G¦¸ÃÄ©e¶iÃÄ,¤@¯ë,¤@¯ë,Äµ »y:¨Ï¥ÎÃÄ«~«e«á¤Î´Á¶¡¡A À³µû¦ô§K¬Ì§í¨î¤Î·P¬V¯f±wªº¦w¥þ©Ê»P¦³®Ä©Ê,,,0,0,§_,1.0,,§_,¬O,§_,³æ¤è,§_,¥i¥Î,¥i¥Î,¤£¥i¿i,¬O,,1.00,1.00,2.00,2.00,99,99,1,1,2.00,2.00,0,0,,¦³¹Ï¤ù,,0,,0,,L04AB01,,,,,0,,0,,¤ä,¬O,°·«Oµ¹¥I,°·«Oµ¹¥I,ETANERCEPT,L04AB01,KC00846248,§_,Liquid,SOL,,,50.00,mg,,,,,PH008,202401020959,6430.00,7716.00
IENC,20041116,99999999,¥i¥Î,Encore inj 300mg/3mL,Encore inj 300mg/3mL,Acetylcysteine,IVD,,ZADT,AD-02-00,°w¾¯,AMP,Fluimucil,«D²Õ®M,,,¤@¯ë¥i¥Î,¬O,¥i¥ÎÃÄ¥]¾÷,,¤@¯ë,¦¸­p¶q¶i¦ì,¾AÀ³¯g:Acetamiophen¤§¸Ñ¬r¾¯¤Î×¶·ð¾¯,,Indication:Antidote of acetaminophen¡A expectorant agent.,,¥~ Æ[:²`½Å¦â¬Á¼þ¦wÞÀ(amp)¡A ÂÅ¦â©³¥~¶K¯È,,¤fµÄª¢¡A äú¤ß¡A ¹Ã¦R¡A µo¼ö¡A «äºÎ,Stomatitis¡A nausea¡A vomiting¡A fever¡A drowsiness.,,¬Ò¥i¥Î,¦w³ØÄ_,Encore inj 300mg/3mL,,,§_,¬O,,¥»«~»Ý¸m©óÁ×¥ú³±²D°®Àê³B,,Store at room temperature¡A away from heat¡A moisture¡A and direct light.,,,,,¤@¯ë,ª`®g,Äµ »y:¥»«~»Ý¸m©óÁ×¥ú³±²D°®Àê³B,,,,,¬O,1.0,,§_,¬O,§_,³æ¤è,§_,°±¥Î,°±¥Î,¤£¥i¿i,¬O,,1.00,1.00,50.00,50.00,999,999,1,1,100.00,100.00,0,0,,¦³¹Ï¤ù,,0,,0,,R05CB01,,,,,,,,,AMP,,°·«Oµ¹¥I,°·«Oµ¹¥I,ACETYLCYSTEINE,R05CB01,AC26926216,§_,Liquid,IVSOL,,,300.00,mg,3.00,mL,¥²¶·µ}ÄÀ,³æ¦¸¿éª`,PH047,202402121342,15.00,20.00
IEND,19960101,99999999,¥i¥Î,Endoxan Asta inj 200mg,Endoxan Asta inj 200mg,Cyclophosphamide,IVD,,RACA,ON-01-01,°w¾¯,mg,Endoxan,«D²Õ®M,°±¥Î,IEND5,¤@¯ë¥i¥Î,¬O,¤£¥i¥ÎÃÄ¥]¾÷,,¤@¯ë,Á`¶q¶i¦ì,¾AÀ³¯g:§Ü¸~½FÃÄ,°t»s«á«O¦s´Á­­¡G24hrs(2-8¢XC)¡A­­½Õ»s·í¤é§¹¦¨µ¹ÃÄ,Indication:Chemotherapy of malignant tumours & leukaemias.,,¥~ Æ[:³z©ú¤p²~(VAIL)¡A ÂÅ¦â»\¤l¡A ¥Õ¦â©³¥~¶K¯È¡A ¾ï¦â¤è¶ô,,°©Åè§í¨î¡Bäú¤ß¡B¹Ã¦R¡B¥X¦å©Ê»H¯Öª¢¡C,Bone marrow suppression¡A nausea¡A vomiting¡A hemorrhagic cystitis.,,,Àù±o¬Pª`®g¾¯,¡I¡IEndoxan,,,§_,¬O,,¥»«~¬°­«¯gªvÀøÃÄª«¡A½Ð¨Ì·ÓÂå®v«ü¥Ü¨Ï¥Î¡C,,For severe conditions¡A please follow doctor's instructions.,,,,,¤ÆÀø,¤ÆÀø,Äµ »y:¥»«~¬°­«¯gªvÀøÃÄª«¡A½Ð¨Ì·ÓÂå®v«ü¥Ü¨Ï¥Î¡C,Äµ °ªÄµ°T,ª`®g¾¯,20.0,-20.0,¬O,200.0,,§_,¬O,§_,³æ¤è,§_,°±¥Î,°±¥Î,¤£¥i¿i,¬O,,1.00,1.00,3600.00,3600.00,99,99,1,1,3600.00,3600.00,0,0,,¦³¹Ï¤ù,,0,,0,,L01AA01,,,,,,,,,VAL,§_,°·«Oµ¹¥I,°·«Oµ¹¥I,CYCLOPHOSPHAMIDE,L01AA01,BC21304263,§_,Liquid,IVSOL,¦M®`¤@¯Å(¡I¡I),,200.00,mg,,,¥²¶·µ}ÄÀ,³æ¦¸¿éª`,PH032,202401240925,78.00,98.00
IEND5,20231012,99999999,¥i¥Î,Endoxan inj 500mg,Endoxan inj 500mg,Cyclophosphamide,IVD,,RACA,ON-01-01,°w¾¯,mg,Endoxan,«D²Õ®M,,,¤@¯ë¥i¥Î,¬O,¤£¥i¥ÎÃÄ¥]¾÷,¥i¥Î,¤@¯ë,Á`¶q¶i¦ì,¾AÀ³¯g: §Ü¸~½FÃÄ,°t»s«á«O¦s´Á­­¡G24hrs(2-8¢XC)¡A­­½Õ»s·í¤é§¹¦¨µ¹ÃÄ,Indication: Chemotherapy of malignant tumors & leukemias.,,¥~ Æ[:³z©ú¬Á¼þ¤p²~¡A¬õ¦â»\¤l¡A¥Õ¦â¼ÐÅÒ¶K¯È,Appearance: Clear glass vial¡A red cap¡A white label.,°©Åè§í¨î¡Bäú¤ß¡B¹Ã¦R¡B¥X¦å©Ê»H¯Öª¢¡C,Bone marrow suppression¡A nausea¡A vomiting¡A hemorrhagic cystitis.,,¥u¥Î©óªù¶E¤Î¦í°|STAT,Àù±o¬Pª`®g¾¯500²@§J,¡I¡IEndoxan,,,,¬O,,¥»«~¬°­«¯gªvÀøÃÄª«¡A½Ð¨Ì·ÓÂå®v«ü¥Ü¨Ï¥Î¡C,,For severe conditions¡A please follow doctor's instructions.,,,,202310 IEND¯Ê³f´À¥N,¤ÆÀø,¤ÆÀø,Äµ »y:¥»«~¬°­«¯gªvÀøÃÄª«¡A½Ð¨Ì·ÓÂå®v«ü¥Ü¨Ï¥Î¡C,Äµ °ªÄµ°T,ª`®g¾¯,20.0,-20.0,¬O,500.0,,§_,¬O,§_,³æ¤è,§_,°±¥Î,,¤£¥i¿i,¬O,,1.00,1.00,3600.00,3600.00,99,99,1,1,3600.00,3600.00,0,0,,¦³¹Ï¤ù,,0,,0,,L01AA01,,,,,0,,0,,VIAL,,°·«Oµ¹¥I,°·«Oµ¹¥I,CYCLOPHOSPHAMIDE,L01AA01,BC21304277,,Liquid,IVSOL,¦M®`¤@¯Å(¡I¡I),,500.00,mg,0,,¥²¶·µ}ÄÀ,³æ¦¸¿éª`,PH032,202401311516,156.00,187.00
IENH,20230113,99999999,¥i¥Î,Enhertu inj 100mg,Enhertu inj 100mg,Trastuzumab Deruxtecan,IVD,STAT,RACA,ON-09-02,°w¾¯,mg,Enhertu,«D²Õ®M,Á{±ÄÃÄ¡A½Ð³qª¾ÃÄ§½¥~ÁÊ,,­Ó®×Á{±Ä,¬O,¥i¥ÎÃÄ¥]¾÷,°·«O¤£µ¹¥I,¤@¯ë,Á`¶q¶i¦ì,¾AÀ³¯g:Âà²¾©ÊHER2¶§©Ê¨ÅÀù,°t»s«á«O¦s´Á­­¡G4hrs(30¢XC)¡A24hrs(2-8¢XC)¡A½Õ»s®É¶¡¡G,Indication:HER2-positive metastatic breast cancer treatment,,¥~ Æ[:1¤p²~­á´¹¥Õ¦â°®¯»¡C,Appearance: 1 vial of white powder.,äú¤ß¡B¯h³Ò¡B¹Ã¦R¡B¨rÀY¡B¸¡Âm¡B­¹±ý­°§C¡B¶Ý¤¤©Ê¥Õ¦å²y§C¤U,Nausea¡A fatigue¡A vomiting¡A alopecia¡A diarrhea¡A appetite loss¡A neutropenia,,¥u¥Î©óªù¶E¤Î¦í°|STAT,Àu»®±o­á´¹ª`®g¾¯100²@§J,¡I¡IEnhertu,,,§_,¬O,,¶È¨ÑÀR¯ß¿éª`µ¹ÃÄ¡C¤£¥i¨Ï¥Î´â¤Æ¶u·»²G°t»s©Îµ}ÄÀ¡C,,For IV infusion only. Do not use Sodium Chloride Injection.,,³Æµù:½Ð¸m©óÄá¤ó 2-8 «×¦B½c§NÂÃ,Store in a refrigerator (2-8¢XC),202301 ­Ó®×Á{±Ä,¤ÆÀø,¤ÆÀø,,Äµ °ªÄµ°T,,0,0,§_,100.0,,¬O,¬O,§_,³æ¤è,§_,°±¥Î,°±¥Î,¤£¥i¿i,§_,,0,0,600.00,600.00,1,1,1,1,600.00,600.00,0,0,0,¦³¹Ï¤ù,,0,,0,,L01FD04,,,,,0,,0,,VIAL,,¤£µ¹¥I¶·¦Û¥I,¤£µ¹¥I¶·¦Û¥I,,,,§_,Liquid,IVSOL,¦M®`¤@¯Å(¡I¡I),,100.00,mg,0,,¥²¶·µ}ÄÀ,³æ¦¸¿éª`,PH008,202301271151,0,54000.00
IENH0,20230220,99999999,¥i¥Î,Enhertu inj 100mg (sample),Enhertu inj 100mg (sample),Trastuzumab Deruxtecan,IVD,STAT,RACA,ON-09-02,°w¾¯,mg,,«D²Õ®M,Á{±ÄÃÄ¡A½Ð³qª¾ÃÄ§½¥~ÁÊ,,ÃÄ©e·|Á{±Ä,¬O,¥i¥ÎÃÄ¥]¾÷,°·«O¤£µ¹¥I,¤@¯ë,Á`¶q¶i¦ì,¾AÀ³¯g:Âà²¾©ÊHER2¶§©Ê¨ÅÀù,°t»s«á«O¦s´Á­­¡G4hrs(30¢XC)¡A24hrs(2-8¢XC)¡A½Õ»s®É¶¡¡G,Indication:HER2-positive metastatic breast cancer treatment,,¥~ Æ[:1¤p²~­á´¹¥Õ¦â°®¯»¡C,Appearance: 1 vial of white powder.,äú¤ß¡B¯h³Ò¡B¹Ã¦R¡B¨rÀY¡B¸¡Âm¡B­¹±ý­°§C¡B¶Ý¤¤©Ê¥Õ¦å²y§C¤U,Nausea¡A fatigue¡A vomiting¡A alopecia¡A diarrhea¡A appetite loss¡A neutropenia,,¥u¥Î©óªù¶E¤Î¦í°|STAT,Àu»®±o­á´¹ª`®g¾¯100²@§J,¡I¡IEnhertu (sample),,,,¬O,,¶È¨ÑÀR¯ß¿éª`µ¹ÃÄ¡C¤£¥i¨Ï¥Î´â¤Æ¶u·»²G°t»s©Îµ}ÄÀ¡C,,For IV infusion only. Do not use Sodium Chloride Injection.,,³Æµù:½Ð¸m©óÄá¤ó 2-8 «×¦B½c§NÂÃ,Store in a refrigerator (2-8¢XC),[Rx_x]³B¤è¶°¤£Åã¥Ü¡A¼Ë«~ÃÄ 202302 ­Ó®×Á{±Ä,¤ÆÀø,¤ÆÀø,,Äµ °ªÄµ°T,,0,0,§_,100.0,,¬O,¬O,§_,³æ¤è,§_,°±¥Î,°±¥Î,¤£¥i¿i,§_,,0,0,600.00,600.00,1,1,1,1,600.00,600.00,0,0,,¦³¹Ï¤ù,,0,,0,,L01FD04,,,,,0,,0,,VIAL,,°·«O¤£¥Ó³ø¤£­p»ù,°·«O¤£¥Ó³ø¤£­p»ù,,,,§_,Liquid,IVSOL,¦M®`¤@¯Å(¡I¡I),,100.00,mg,0,,¥²¶·µ}ÄÀ,³æ¦¸¿éª`,PH047,202311090857,0,0
IENL,20041124,99999999,°±¥Î,Enlon inj 150mg/15mL,Enlon inj 150mg/15mL,Edrophonium,IV,ST,CNEU,CN-03-09,°w¾¯,VAL,,«D²Õ®M,°±¥Î¡A¥i¬dÃþ¦üÃÄ,,¤w°±¥Î,¬O,¤£¥i¥ÎÃÄ¥]¾÷,¥i¥Î,¤@¯ë,Á`¶q¶i¦ì,¾AÀ³¯g:¶EÂ_­«¯g¦ÙµL¤O,,,,,,,,,¥u¥Î©óªù¶E¤Î¦í°|STAT,®¦¶©ª`®g¾¯,Enlon inj 150mg/15mL,,,§_,¬O,,,,,,,,,¤@¯ë,ª`®g,Äµ »y:½Ð¸m©óÄá¤ó 2-8 «×¦B½cÁ×¥ú§NÂÃ«O¦s¡C,,,,,¬O,1.0,,§_,§_,§_,³æ¤è,§_,¥i¥Î,¥i¥Î,¥i¿i,¬O,,1.00,1.00,99.00,99.00,99,99,1,1,0,0,0,0,,µL¹Ï¤ù,,0,,0,,,,,,,,,,,VAL,,¤£µ¹¥I¶·¦Û¥I,¤£µ¹¥I¶·¦Û¥I,,,,§_,Liquid,IVSOL,,,,,,,¬Ò¥i,³æ¦¸¿éª`,PH008,201403201329,0,336.00
IENT,20200915,99999999,¥i¥Î,ENTYVIO inj 300mg (infusion),ENTYVIO inj 300mg (infusion),Vedolizumab,IVD,ASORDER,HIMM,IM-04-00,°w¾¯,Vial,Entyvio ÀR¯ßª`®g,«D²Õ®M,Á{±ÄÃÄ¡A½Ð³qª¾ÃÄ§½¥~ÁÊ,,¥»°|Á{±Ä²M³æ,¬O,¥i¥ÎÃÄ¥]¾÷,±ø¥ó¤Uµ¹¥I,¤@¯ë,Á`¶q¶i¦ì,¾AÀ³¯g: ¦¨¤H¼ìºÅ©Êµ²¸zª¢¡B§J¶©¤ó¯g¡C,,Indication: Ulcerative colitis and Crohn's disease in adults,,¥~ Æ[:20 ²@¤É³æ¦¸¨Ï¥Î¬Á¼þÃÄ²~.,Appearance:20 mL single use glass vail.,»ó«|ª¢¡BÀYµh¡BÃö¸`µh¡Bäú¤ß¡C,Rhinitis¡A headache¡A arthralgia¡A nausea.,,¥u¥Î©óªù¶E¤Î¦í°|STAT,¦w¼ì±y­á´¹ª`®g¾¯300²@§J,ENTYVIO inj 300mg (infusion),,,,¬O,,À³§NÂÃÀx¦s(2¢XC - 8¢XC)¡AÁ×§K¥ú·Ó¡C½Ð¤Å§N­á¡C,,Store in refrigeration (2¢XC - 8¢XC)¡A protect from light. Do not freeze.,,¶}©l¦w¼ì±yªvÀø¤§«eÀ³§¹¦¨©Ò¦³¬Ì­]±µºØ¡C,Complete all vaccinations before starting Entyvio treatment.,2020.09 Á{±Ä²M³æ,¤@¯ë,ª`®g,Äµ »y:½Ð¸m©óÄá¤ó 2-8 «×¦B½cÁ×¥ú§NÂÃ«O¦s¡C,,ª`®g¾¯,0,0,§_,1.0,,§_,¬O,§_,³æ¤è,§_,°±¥Î,°±¥Î,¤£¥i¿i,§_,,1.00,1.00,1.00,1.00,1,1,1,1,1.00,1.00,0,0,,¦³¹Ï¤ù,,0,,0,,L04AA33,,,,,300.00,mg,5.40,mg,VIAL,¬O,°·«Oµ¹¥I,°·«Oµ¹¥I,VEDOLIZUMAB,L04AA33,KC01034266,,Liquid,IVSOL,,,300.00,mg,0,,¥²¶·µ}ÄÀ,³æ¦¸¿éª`,PH047,202402140527,53421.00,64105.00
IENT0,20210415,99999999,¥i¥Î,ENTYVIO inj 300mg (Sample) (infusion),ENTYVIO inj 300mg (Sample) (infusion),Vedolizumab,IVD,ASORDER,HIMM,IM-04-00,°w¾¯,Vial,Entyvio ÀR¯ßª`®g(Sample),«D²Õ®M,Á{±ÄÃÄ¡A½Ð³qª¾ÃÄ§½¥~ÁÊ,,¥»°|Á{±Ä²M³æ,¬O,¤£¥i¥ÎÃÄ¥]¾÷,°·«O¤£µ¹¥I,¤@¯ë,Á`¶q¶i¦ì,¾AÀ³¯g:¦¨¤H¼ìºÅ©Êµ²¸zª¢¡A§J¶©¤ó¯g,,Indication: Ulcerative colitis and Crohn's disease in adult,,¥~ Æ[:20 ²@¤É³æ¦¸¨Ï¥Î¬Á¼þÃÄ²~.,Appearance:20 mL single use glass vail.,»ó«|ª¢¡AÀYµh¡AÃö¸`µh¡Aäú¤ß,Rhinitis¡A headache¡A arthralgia¡A nausea,,¥u¥Î©óªù¶E¤Î¦í°|STAT,¦w¼ì±y­á´¹ª`®g¾¯300²@§J(Sample),ENTYVIO inj 300mg (Sample),,,,¬O,,À³§NÂÃ©ó2-8¢XC.,,Should be stored at 2-8¢XC.,,¶}©l¦w¼ì±yªvÀø¤§«eÀ³§¹¦¨©Ò¦³¬Ì­]±µºØ.,Make sure you are up to date with all your vaccines before used this drug.,[Rx_x]³B¤è¶°¤£Åã¥Ü¡A¼Ë«~ÃÄ,¤@¯ë,ª`®g,Äµ »y:½Ð¸m©óÄá¤ó 2-8 «×¦B½cÁ×¥ú§NÂÃ«O¦s¡C,,,0,0,§_,1.0,,§_,¬O,§_,³æ¤è,,°±¥Î,,¤£¥i¿i,¬O,,1.00,1.00,1.00,1.00,1,1,1,1,1.00,1.00,0,0,,µL¹Ï¤ù,,0,,0,,L04AA33,,,,,0,,0,,VIAL,§_,°·«O¤£¥Ó³ø¤£­p»ù,°·«O¤£¥Ó³ø¤£­p»ù,,,,,Liquid,IVSOL,,,300.00,mg,0,,¥²¶·µ}ÄÀ,³æ¦¸¿éª`,PH047,202402140527,0,0
IENTH,20231219,99999999,¥i¥Î,Entyvio inj 108mg/0.68mL ¥Ö¤Uª`®g,Entyvio inj 108mg/0.68mL ¥Ö¤Uª`®g,Vedolizumab,SC,STAT,HIMM,IM-04-00,°w¾¯,¤ä,Entyvio ¥Ö¤U,«D²Õ®M,Á{±ÄÃÄ¡A½Ð³qª¾ÃÄ§½¥~ÁÊ,,¥»°|Á{±Ä²M³æ,¬O,¥i¥ÎÃÄ¥]¾÷,±ø¥ó¤Uµ¹¥I,¤@¯ë,Á`¶q¶i¦ì,¾AÀ³¯g: ¦¨¤H¼ìºÅ©Êµ²¸zª¢¡B§J¶©¤ó¯g¡C,,Indication: Ulcerative colitis and Crohn's disease in adults,,¥~ Æ[:0.68²@¤É¹w¥R¶ñª`®gµ§¸Ë,Appearance:0.38mL pre-filled injection pen,»ó«|ª¢¡BÀYµh¡BÃö¸`µh¡Bäú¤ß¡C,Rhinitis¡A headache¡A arthralgia¡A nausea.,,¥u¥Î©óªù¶E¤Î¦í°|STAT,¦w¼ì±y¥Ö¤Uª`®g¾¯108²@§J,Entyvio inj 108mg/0.68mL ¥Ö¤Uª`,,,,¬O,,À³§NÂÃÀx¦s(2¢XC - 8¢XC)¡AÁ×§K¥ú·Ó¡C½Ð¤Å§N­á¡C,Â÷¶}¦B½c«á¡A¥i©ó25¢XC¥H¤U«O¦s7¤Ñ©Î30¢XC¥H¤U«O¦s24¤p®É¡C,Store in refrigeration (2¢XC - 8¢XC)¡A protect from light. Do not freeze.,After refrigeration¡A store at <25¢XC for 7 days or at <30¢XC for 24 hours.,¶}©l¦w¼ì±yªvÀø¤§«eÀ³§¹¦¨©Ò¦³¬Ì­]±µºØ¡C,Complete all vaccinations before starting Entyvio treatment.,202312 ·s¼WÁ{±Ä²M³æ,¤@¯ë,ª`®g,Äµ »y:½Ð¸m©óÄá¤ó 2-8 «×¦B½cÁ×¥ú§NÂÃ«O¦s¡C,,ª`®gµ§,0,0,§_,1.0,,§_,¬O,§_,³æ¤è,§_,¥i¥Î,¥i¥Î,¤£¥i¿i,§_,,1.00,1.00,1.00,1.00,99,99,28,28,1.00,1.00,0,0,,¦³¹Ï¤ù,,0,,0,,L04AA33,,,,,108.00,mg,5.40,mg,¤ä,¬O,°·«Oµ¹¥I,°·«Oµ¹¥I,VEDOLIZUMAB,L04AA33,KC011862H0,§_,Liquid,SOL,,,108.00,mg,0.68,mL,,,PH047,202403201214,12359.00,14831.00
IENV,20230920,99999999,¥i¥Î,Envacgen inj 0.5mL/dose,Envacgen inj 0.5mL/dose,Inactivated Enterovirus 71 whole virus,IM,STAT,HIMM,IM-02-02,°w¾¯,DOSE,Enterovirus 71 Vaccine,«D²Õ®M,,,¤@¯ë¥i¥Î,¬O,¥i¥ÎÃÄ¥]¾÷,°·«O¤£µ¹¥I,¤@¯ë,Á`¶q¶i¦ì,¾AÀ³¯g:¥Î©ó2­Ó¤ë¦Ü¥¼º¡6·³¥®¨à¹w¨¾¸z¯f¬r71«¬·P¬V¤Þ°_¤§¯e¯f,,Indication:Enterovirus vaccine for ages 2 months to 6 years,,¥~ Æ[:¹w¥R¶ñ¦¡°w¾¯§tµL¦â¼á©ú²G0.5mL,Appearance:A pre-filled 0.5 mL syringe with clear liquid.,µo¼ö¡Bª`®g³¡¦ì¯gª¬¡B­¹¼¤´î°h¡B¶ÝºÎ¡B¸¡Âm¡B·ÐÄ¼¤£¦w¡B¥Ö¯l¡C,Fever¡A injection site symptoms¡A reduced appetite¡A drowsiness¡A restlessness¡A rash,,¥u¥Î©óªù¶E¤Î¦í°|STAT,"°ªºÝ"¸z¯f¬r71«¬¬Ì­],Envacgen inj 0.5mL/dose,EV71_MVC,,,¬O,,½ÐÁ×¥ú§NÂÃÀx¦s(2-8¢J)¡C¤£¥i§N­á¡C,»â¨ú¬Ì­]«á¡A½Ð¥ß§Y¦Üª`®g«Ç¨Ì«ü¥Ü¨Ï¥Î¡C,Store in a light-protected¡A refrigerated place (2-8¢XC). Do not freeze.,Please go to the injection room immediately after receiving the vaccine.,¥»¬Ì­]¤£¯à¹w¨¾¨ä¥L«¬ªº¸z¯f¬r·P¬V¡C,This vaccine protects against enterovirus 71 only¡A not other enterovirus strains,2023Q3ÃÄ©e·s¶i,¤@¯ë,ª`®g,Äµ »y:»â¨ú¬Ì­]«á¡A½Ð¥ß§Y¦Üª`®g«Ç¨Ì«ü¥Ü¨Ï¥Î¡C,,,0,0,§_,1.0,,§_,¬O,¬O,³æ¤è,§_,°±¥Î,°±¥Î,¤£¥i¿i,§_,,1.00,1.00,1.00,1.00,1,1,1,1,1.00,1.00,0,0,,¦³¹Ï¤ù,,0,,0,,J07BX06,,,,,0,,0,,¤ä,,¤£µ¹¥I¶·¦Û¥I,¤£µ¹¥I¶·¦Û¥I,,,,§_,Liquid,SOL,,,0,,0.50,mL,,,PH008,202401051557,0,4300.00
IEP10,20131022,99999999,¥i¥Î,Epicin 10mg/5mL,Epicin 10mg/5mL,Epirubicin,IVD,STAT,RACA,ON-03-01,°w¾¯,mg,Pharmorubicin,«D²Õ®M,,IPHA,¤@¯ë¥i¥Î,¬O,¤£¥i¥ÎÃÄ¥]¾÷,,¦C¦Lªù¶EÃÄÅÒ,Á`¶q¶i¦ì,¾AÀ³¯g:§Ü¸~½FÃÄ,°t»s«á«O¦s´Á­­¡G24hrs(25¢XC)¡AÁ×¥ú«O¦s¡A¡A­­½Õ»s·í¤é§¹¦¨µ¹ÃÄ,Indication:Cancer therapy.,,¥~ Æ[: 14²@¤É¤p²~²GÅé,,°©ÀH§í¨î¡A ¤ßÅ¦¬r©Ê¡A ±¼¾v,Myelosuppression¡A cardiotoxicity¡A alopecia.,,¥u¥Î©óªù¶E¤Î¦í°|STAT,¯q©¼ªY,¡I¡IEpicin,,,§_,¬O,,¥»«~¬°­«¯gªvÀøÃÄ¡A ½Ð¨Ì·ÓÂå®v«ü¥Ü¨Ï¥Î,,Take this medicine exactly as your doctor ordered.,,³Æµù:½Ð¸m©óÄá¤ó 2-8 «×¦B½c§NÂÃ,Store in a refrigerator (2-8¢XC),,¤ÆÀø,¤ÆÀø,Äµ »y:¥»«~¬°­«¯gªvÀøÃÄª«¡A½Ð¨Ì·ÓÂå®v«ü¥Ü¨Ï¥Î¡C,Äµ °ªÄµ°T,,0,0,§_,10.0,,§_,¬O,§_,³æ¤è,§_,°±¥Î,°±¥Î,¤£¥i¿i,¬O,,1.00,1.00,180.00,180.00,1,1,1,1,200.00,200.00,0,0,,¦³¹Ï¤ù,,0,,0,,L01DB03,,,,,,,,,VIAL,§_,°·«Oµ¹¥I,°·«Oµ¹¥I,EPIRUBICIN,L01DB03,AB47003221,§_,Liquid,IVSOL,¦M®`¤@¯Å(¡I¡I),,10.00,mg,5.00,mL,¬Ò¥i,³æ¦¸¿éª`,PH047,202305241708,359.00,431.00
IEP50,20131022,99999999,¥i¥Î,EPICIN 50mg/25mL,EPICIN 50mg/25mL,Epirubicin,IVD,,RACA,ON-03-01,°w¾¯,mg,,«D²Õ®M,,IPHA5,¤@¯ë¥i¥Î,¬O,¤£¥i¥ÎÃÄ¥]¾÷,¥i¥Î,¤@¯ë,Á`¶q¶i¦ì,¾AÀ³¯g:§Ü¸~½FÃÄ,°t»s«á«O¦s´Á­­¡G24hrs(25¢XC)¡AÁ×¥ú«O¦s¡A¡A­­½Õ»s·í¤é§¹¦¨µ¹ÃÄ,Indication:Cancer therapy.,,¥~ Æ[: ¼á²M¾ï¬õ¦â²GÅé,,°©Åè§í¨î¡A ¤ßÅ¦¬r©Ê¡A ±¼¾v,Myelosuppression¡A cardiotoxicity¡A alopecia.,,¬Ò¥i¥Î,¯q©¼ªY,¡I¡IEPICIN,,,§_,¬O,,¥»«~¬°­«¯gªvÀøÃÄ¡A ½Ð¨Ì·ÓÂå®v«ü¥Ü¨Ï¥Î,,Take this medicine exactly as your doctor ordered.,,³Æµù:½Ð¸m©óÄá¤ó 2-8 «×¦B½c§NÂÃ,Store in a refrigerator (2-8¢XC),,¤ÆÀø,¤ÆÀø,Äµ »y:¥»«~¬°­«¯gªvÀøÃÄª«¡A½Ð¨Ì·ÓÂå®v«ü¥Ü¨Ï¥Î¡C,Äµ °ªÄµ°T,,20.0,20.0,§_,50.0,,¬O,¬O,§_,³æ¤è,§_,°±¥Î,°±¥Î,¤£¥i¿i,¬O,,1.00,1.00,180.00,180.00,1,1,1,1,200.00,200.00,0,0,,¦³¹Ï¤ù,,0,,0,,L01DB03,,,,,,,,,VIAL,,°·«Oµ¹¥I,°·«Oµ¹¥I,EPIRUBICIN,L01DB03,AB47003240,§_,Liquid,IVSOL,¦M®`¤@¯Å(¡I¡I),,50.00,mg,25.00,mL,¬Ò¥i,³æ¦¸¿éª`,PH047,202305151449,2076.00,2491.00
IEPH,19960101,99999999,¥i¥Î,Ephedrine inj 40mg/1mL,Ephedrine inj 40mg/1mL,Ephedrine,IM,,CAVS,CV-01-03,°w¾¯,AMP,Ephedrine,«D²Õ®M,,,¤@¯ë¥i¥Î,¬O,¥i¥ÎÃÄ¥]¾÷,,¤@¯ë,¦¸­p¶q¶i¦ì,¾AÀ³¯g:¤ä®ðºÞÂX±i¡A ¸Ñ°£»óÂH½¤¥R¦å¡A ºû«ù¦åÀ£µ¥§@¥Î,,Indication: Bronchodilation¡A treatment of nasal congestion¡A,,¥~ Æ[:³z©ú¦wÞÀ(amp)¡A ¥Õ¦â©³¥~¶K¯È¡A ½Å¦â¦r«¬,Appearance: 1 mL ampoule,¯Ýµh¡A ¤ß«ß²§±`,Chest pain¡A arrhythmias.,,,ÆQ»Ä³Â¶À¯À°w,Ephedrine inj 40mg/1mL,,,§_,¬O,,½Ð¯d·N¤ß¸õ¤Î¦åÀ£ÅÜ¤Æ,,Monitor your heartbeat and blood pressure.,,,,,¤@¯ë,ª`®g,Äµ »y:½Ð¯d·N¤ß¸õ¤Î¦åÀ£ÅÜ¤Æ,,,,,¬O,1.0,,§_,¬O,§_,³æ¤è,§_,°±¥Î,°±¥Î,¤£¥i¿i,¬O,,1.00,1.00,1.00,1.00,999,999,1,1,4.00,4.00,0.10,0.04,,¦³¹Ï¤ù,,0,mg,0,,R01AA03,R03CA02,,,,,,,,AMP,§_,°·«Oµ¹¥I,°·«Oµ¹¥I,EPHEDRINE,R03CA02,NC08061209,§_,Liquid,SOL,,,40.00,mg,1.00,mL,¬Ò¥i,³æ¦¸¿éª`,PH032,202109051929,15.00,20.00
IEPH4,20160318,99999999,°±¥Î,Ephedrine inj 40mg/1mL,Ephedrine inj 40mg/1mL,Ephedrine,IM,,CAVS,CV-01-03,°w¾¯,AMP,Ephedrine,«D²Õ®M,°±¥Î,IEPH,¤@¯ë¥i¥Î,¬O,¥i¥ÎÃÄ¥]¾÷,,¤@¯ë,¦¸­p¶q¶i¦ì,¾AÀ³¯g:®ð³Ý©Ê¤ä®ðºÞª¢¡B®ð³Ý,,Indication: Acute bronchospasm.,,¥~ Æ[:1²@¤É³z©ú¦wÞÀ,Appearance: 1 mL ampoule,¯Ýµh¡A ¤ß«ß²§±`,Chest pain¡A arrhythmias.,,¬Ò¥i¥Î,³Â¶À¯Àª`®g²G,Ephedrine inj 40mg/1mL,,,,¬O,,½Ð¯d·N¤ß¸õ¤Î¦åÀ£ÅÜ¤Æ,,Monitor your heartbeat and blood pressure.,,,,,¤@¯ë,ª`®g,Äµ »y:½Ð¯d·N¤ß¸õ¤Î¦åÀ£ÅÜ¤Æ,,,0,0,¬O,1.0,,§_,§_,§_,³æ¤è,§_,°±¥Î,¥i¥Î,¤£¥i¿i,¬O,,1.00,1.00,1.00,1.00,999,999,1,1,4.00,4.00,0.05,0.01,,¦³¹Ï¤ù,,0,,0,,R03CA02,,,,,0,,0,,AMP,,°·«Oµ¹¥I,°·«Oµ¹¥I,EPHEDRINE,R03CA02,AC33867209,,Liquid,SOL,,,,,,,¬Ò¥i,³æ¦¸¿éª`,PH032,202109051929,15.00,20.00
IEPIP,20190731,99999999,°±¥Î,Epipen Auto-Injector 0.3mg,Epipen Auto-Injector 0.3mg,Epinephrine,IM,ASORDER,ZADT,AD-01-00,°w¾¯,¤ä,,«D²Õ®M,¼t°Ó¯Ê³f¡A¥i¬dÃþ¦üÃÄ,,¥»°|Á{±Ä²M³æ,¬O,¤£¥i¥ÎÃÄ¥]¾÷,°·«O¤£µ¹¥I,¤@¯ë,¦¸­p¶q¶i¦ì,¾AÀ³¯g:ÄY­«©Ê¹L±Ó¤ÏÀ³¤§ºò«æªvÀø,,Indication:Emergency treatment of severe allergic reactions,,¥~ Æ[:¼á²MÃÄ²G0.3²@¤É©óª`®gµ§,Appearance:Colorless solution 0.3 mL in injection pen,¤ß¸õ¥[§Ö¡B¤ß±ª¡Bµs¦½¡Bäú¤ß¹Ã¦R,Tachycardia¡A palpitations¡A sweating¡A nausea¡A vomiting¡A,,¥u¥Î©óªù¶E¤Î¦í°|STAT,¦ãµ§µÇ¤W¸¢¯Àª`®gµ§,Epipen Auto-Injector 0.3mg,,,,¬O,,¥u¯à¬I¥´©ó¤j»L«e¥~°¼,Á×¥ú¶J¦s,Must be injected into the anterolateral aspect of the thigh,Storage to avoid light,¥»ÃÄ¤£¯à¨ú¥N«áÄòÂåÀø©ÎÂå°|·ÓÅ@,This medicine should not replace follow-up medical or hospital care,2019Q2Á{®É·|Á{±Ä²M³æ,¤@¯ë,ª`®g,¥u¯à¬I¥´©ó¤j»L«e¥~°¼¡AÁ×¥ú¶J¦s,,ª`®gµ§,0,0,¬O,1.0,,§_,¬O,§_,³æ¤è,,°±¥Î,°±¥Î,¤£¥i¿i,§_,,1.00,1.00,1.00,1.00,999,999,1,1,1.00,1.00,0,0,,¦³¹Ï¤ù,,0,,0,,C01CA24,,,,,0,,0,,¤ä,,¤£µ¹¥I¶·¦Û¥I,¤£µ¹¥I¶·¦Û¥I,,,,§_,Liquid,SOL,,,0.30,mg,0.30,mL,,,PH006,202311160934,0,4560.00
IEPIP3,20230420,99999999,¥i¥Î,Epipen Auto-Injector 0.3mg (±M®×¶i¤f),Epipen Auto-Injector 0.3mg (±M®×¶i¤f),Epinephrine,IM,ASORDER,ZADT,AD-01-00,°w¾¯,¤ä,,«D²Õ®M,Á{±ÄÃÄ¡A½Ð³qª¾ÃÄ§½¥~ÁÊ,,¥»°|Á{±Ä²M³æ,¬O,¤£¥i¥ÎÃÄ¥]¾÷,°·«O¤£µ¹¥I,¤@¯ë,¦¸­p¶q¶i¦ì,¾AÀ³¯g:ÄY­«©Ê¹L±Ó¤ÏÀ³¤§ºò«æªvÀø,,Indication: Emergency treatment of severe allergic reactions,,¥~ Æ[:¼á²MÃÄ²G0.3²@¤É¹w¶ñ¥Rª`®gµ§,Appearance:Colorless solution 0.3 mL in injection pen,¤ß¸õ¥[§Ö¡B¤ß±ª¡Bµs¦½¡Bäú¤ß¹Ã¦R,Tachycardia¡A palpitations¡A sweating¡A nausea¡A vomiting,,¥u¥Î©óªù¶E¤Î¦í°|STAT,(±M®×¶i¤f) Epipenª`®gµ§,Epipen 0.3mg (±M®×¶i¤f),,,,¬O,,¥u¯à¬I¥´©ó¤j»L«e¥~°¼¡C,«Ç·ÅÁ×¥ú¶J¦s¡C,Must be injected into the anterolateral aspect of the thigh.,Store away from light at room temperature.,¥»ÃÄ¤£¯à¨ú¥N«áÄòÂåÀø©ÎÂå°|·ÓÅ@,This medicine should not replace follow-up medical or hospital care.,202304 ¦]¯Ê³f¼ÈµLÃÄÃÒ§ï±M®×¶i¤f,¤@¯ë,ª`®g,¥u¯à¬I¥´©ó¤j»L«e¥~°¼¡AÁ×¥ú¶J¦s,,ª`®gµ§,0,0,§_,1.0,,¬O,¬O,¬O,³æ¤è,§_,°±¥Î,°±¥Î,¤£¥i¿i,§_,,1.00,1.00,1.00,1.00,999,999,1,1,1.00,1.00,0,0,,¦³¹Ï¤ù,,0,,0,,C01CA24,,,,,0,,0,,¤ä,,¤£µ¹¥I¶·¦Û¥I,¤£µ¹¥I¶·¦Û¥I,,,,§_,Liquid,SOL,,,0.30,mg,0.30,mL,,,PH047,202401311537,0,4560.00
IEPO,19960101,99999999,°±¥Î,Eprex (EPO 4000IU),Eprex (EPO 4000IU),Recombinant Human Erythropoietin,SC,,HEMT,HE-01-00,°w¾¯,SET,EPO,«D²Õ®M,°±¥Î,,¤@¯ë¥i¥Î,¬O,¥i¥ÎÃÄ¥]¾÷,­­¥Î,¤@¯ë,¦¸­p¶q¶i¦ì,¾AÀ³¯g:ºC©ÊµÇ¥\¯à¥¢½Õ¤§³h¦å¯gª¬,,Indication:Anemia associated with chronic renal failure,,¥~ Æ[: 0.4mLª`®g°wµ©¸Ë,,¦åÀ£¤É°ª¡A ¦å®ê©Î¦åºÞ¨Æ¥ó¡A Ãþ·P«_¯gª¬¡A °©ÀY¯kµh,Increased BP¡A thrombotic or vascular events¡A flu-like symptoms,,¬Ò¥i¥Î,©y«O§Q¦åª`®g²G,Eprex (EPO 4000IU),,,§_,¬O,,¶J©ñ®É»Ý¸m©ó¦B½c§NÂÃ(Äá¤ó 2-8 «×),,Store in a refrigerator (2-8¢XC).,,,,,¤@¯ë,ª`®g,Äµ »y:½Ð¸m©óÄá¤ó 2-8 «×¦B½cÁ×¥ú§NÂÃ«O¦s¡C,,,,,§_,1.0,,§_,§_,§_,³æ¤è,§_,¥i¥Î,¥i¥Î,¤£¥i¿i,¬O,,1.00,1.00,2.00,2.00,30,30,1,1,3.00,3.00,0,0,,µL¹Ï¤ù,,0,,0,,B03XA01,,,,,,,,,VAL,§_,°·«Oµ¹¥I,°·«Oµ¹¥I,EPOETIN ALFA,B03XA01,K000580219,§_,Liquid,SOL,,,,,,,¬Ò¥i,³æ¦¸¿éª`,PH006,201408181537,758.00,910.00
IEPO1,19960101,99999999,¥i¥Î,EPO inj 1 IU (¬~µÇªù¶E¥Ó³ø¥Î),EPO inj 1 IU (H/D OPD Only),Recombinant Human Erythropoietin,IV,,HEMT,HE-01-00,°w¾¯,IU,EPO,«D²Õ®M,,,¤@¯ë¥i¥Î,¬O,¤£¥i¥ÎÃÄ¥]¾÷,­­¥Î,¤£¦LÃÄÅÒ,Á`¶q¶i¦ì,¾AÀ³¯g:ºC©ÊµÇ¥\¯à¥¢½Õ¤§³h¦å¯gª¬,,Indication:Anemia associated with chronic renal failure.,,,,¦åÀ£¤W¤É¡A ¦å®ê¡A Ãþ¬y·P¯gª¬,Increased BP¡A thrombotic or vascular events¡A flu-like symptoms,,¥u¥Î©óªù¶E,,EPO inj 1 IU (H/D OPD Only),,,§_,¬O,,¶J©ñ®É»Ý¸m©ó¦B½c§NÂÃ(Äá¤ó 2-8 «×),,Store in a refrigerator (2-8¢XC).,,,,¬~µÇªù¶E¥Ó³ø¥Î,¤@¯ë,¤@¯ë,Äµ »y:½Ð¸m©óÄá¤ó 2-8 «×¦B½cÁ×¥ú§NÂÃ«O¦s¡C,,,,,¬O,1.0,,§_,§_,§_,³æ¤è,§_,¥i¥Î,¥i¥Î,¤£¥i¿i,¬O,,1.00,1.00,999.00,999.00,999,999,1,1,1000.00,1000.00,0,0,,µL¹Ï¤ù,,0,,0,,B03XA01,,,,,,,,,IU,§_,°·«O¤£¥Ó³ø¤£­p»ù,°·«O¤£¥Ó³ø¤£­p»ù,EPOETIN ALFA,B03XA01,K000580219,§_,Liquid,IVSOL,,,,,,,¬Ò¥i,³æ¦¸¿éª`,PH008,202110191454,0,0
IEPO10,19960101,99999999,°±¥Î,EPO 1000 IU (¬~µÇ«Ç¥Î),EPO 1000 IU (H/D Room Only),Erythropoietin,SC,,HEMT,HE-01-00,°w¾¯,VAL,EPO,«D²Õ®M,°±¥Î¡A¥i¬dÃþ¦üÃÄ,,¤@¯ë¥i¥Î,¬O,¤£¥i¥ÎÃÄ¥]¾÷,,¤£¦LÃÄÅÒ,Á`¶q¶i¦ì,¾AÀ³¯g:ºC©ÊµÇ¥\¯à¥¢½Õ¤§³h¦å¯gª¬,,Indication:Anemia associated with chronic renal failure.,,,,¦åÀ£¤W¤É¡A ¦å®ê¡A Ãþ¬y·P¯gª¬,Increased BP¡A thrombotic or vascular events¡A flu-like symptoms,,¥u¥Î©óªù¶E,,EPO 1000 IU (H/D Room Only),,,§_,¬O,,½Ð¸m©óÄá¤ó 2-8 «×¦B½c§NÂÃ,,Store in a refrigerator (2-8¢XC).,,,,,¤@¯ë,ª`®g,Äµ »y:½Ð¸m©óÄá¤ó 2-8 «×¦B½cÁ×¥ú§NÂÃ«O¦s¡C,,,,,¬O,1.0,,§_,§_,§_,³æ¤è,§_,¥i¥Î,¥i¥Î,¤£¥i¿i,¬O,,1.00,1.00,999.00,999.00,999,999,1,1,1000.00,1000.00,0,0,,µL¹Ï¤ù,,0,,0,,B03XA01,,,,,,,,,VAL,§_,°·«Oµ¹¥I,°·«Oµ¹¥I,EPOETIN ALFA,B03XA01,K000620209,§_,Liquid,SOL,,,,,,,¬Ò¥i,³æ¦¸¿éª`,PH008,202101131554,199.00,239.00
IEPO4,19960101,99999999,°±¥Î,Eprex (EPO 4000 IU),Eprex (EPO 4000 IU),Recombinant Human Erythropoiet,SC,,HEMT,HE-01-00,°w¾¯,SET,EPO,«D²Õ®M,°±¥Î,,¤@¯ë¥i¥Î,¬O,¥i¥ÎÃÄ¥]¾÷,­­¥Î,¤@¯ë,Á`¶q¶i¦ì,¾AÀ³¯g:ºC©ÊµÇ¥\¯à¥¢½Õ¤§³h¦å¯gª¬,,Indication:Treatment of anemia associated with chronic,renal failure,¥~ Æ[:¹w¥R¶ñª`®g°w,,¦åÀ£¤É°ª¡A ¦å®ê©Î¦åºÞ¨Æ¥ó¡A Ãþ·P«_¯gª¬¡A °©ÀY¯kµh,Increased BP¡A thrombotic or vascular events. Flu-like symptoms¡A bone pain,,¬Ò¥i¥Î,©y«O§Q¦åª`®g²G		,Eprex (EPO 4000IU),,,§_,¬O,,¶J©ñ®É»Ý¸m©ó¦B½c§NÂÃ(Äá¤ó 2-8 «×),,Store in a refrigerator (2-8¢XC).,,,,,¤@¯ë,ª`®g,Äµ »y:½Ð¸m©óÄá¤ó 2-8 «×¦B½cÁ×¥ú§NÂÃ«O¦s¡C,,,,,§_,1.0,,§_,§_,§_,³æ¤è,§_,¥i¥Î,¥i¥Î,¤£¥i¿i,¬O,,1.00,1.00,999.00,999.00,30,30,1,1,0,0,0,0,,¦³¹Ï¤ù,,0,,0,,B03XA01,,,,,,,,,VAL,§_,°·«Oµ¹¥I,°·«Oµ¹¥I,EPOETIN ALFA,B03XA01,K000621219,§_,Liquid,SOL,,,,,,,¬Ò¥i,³æ¦¸¿éª`,PH008,202101131553,758.00,910.00
IEPOC,19960101,99999999,°±¥Î,Epocelin 0.5gm,Epocelin 0.5gm,Ceftizoxime,IV,,QANB,AI-01-02,°w¾¯,VAL,Epocelin,«D²Õ®M,°±¥Î,,¤@¯ë¥i¥Î,¬O,¤£¥i¥ÎÃÄ¥]¾÷,,¤@¯ë,Á`¶q¶i¦ì,¾AÀ³¯g:²Óµß©Ê·P¬V,,,,,,,,ºÞ¨îÃþ§Ü¥Í¯À,,,Epocelin 0.5gm,,,§_,¬O,,,,,,,,,¤@¯ë,ª`®g,,,,,,¬O,1.0,,§_,§_,§_,³æ¤è,§_,¥i¥Î,¥i¥Î,¤£¥i¿i,¬O,,1.00,1.00,8.00,8.00,7,7,1,1,0,0,0,0,,µL¹Ï¤ù,,0,,0,,J01DD07,,,,,0.50,g,4.00,g,VAL,§_,°·«Oµ¹¥I,°·«Oµ¹¥I,CEFTIZOXIME,J01DD07,A030809277,§_,Liquid,IVSOL,,,,,,,¬Ò¥i,³æ¦¸¿éª`,PH047,202401261712,246.00,295.00
IERB,20100101,99999999,°±¥Î,Erbitux inj 100mg/50mL,Erbitux inj 100mg/50mL,Cetuximab,IVD,,RACA,ON-09-04,°w¾¯,mg,,«D²Õ®M,°±¥Î¡A¥i¬dÃþ¦üÃÄ,,¤w°±¥Î,¬O,¤£¥i¥ÎÃÄ¥]¾÷,±ø¥ó¤Uµ¹¥I,¤@¯ë,Á`¶q¶i¦ì,¾AÀ³¯g: ¬°§Ü¸~½FÃÄ,°t»s«á«O¦s´Á­­¡G24hrs(2-8¢XC),Indication:For cancer therapy,,¥~ Æ[:¸Ë¦³¼á²M·»²G¤§¤p²~¡A ¦Ç¦â²~»\,Appearance: 50mL vial,,,,¥u¥Î©óªù¶E¤Î¦í°|STAT,º¸¥²±oµÎª`®g²G,Erbitux inj 100mg/50mL,,,§_,¬O,,,,,,,,,¤ÆÀø,¤ÆÀø,Äµ »y:¥»«~¬°­«¯gªvÀøÃÄª«¡A½Ð¨Ì·ÓÂå®v«ü¥Ü¨Ï¥Î¡C,,,,,¬O,100.0,,§_,§_,§_,³æ¤è,§_,°±¥Î,¥i¥Î,¤£¥i¿i,¬O,,1.00,1.00,900.00,900.00,99,99,1,1,0,0,0,0,,¦³¹Ï¤ù,,0,,0,,L01FE01,,,,,,,,,VIAL,¬O,°·«Oµ¹¥I,°·«Oµ¹¥I,CETUXIMAB,L01FE01,K000819248,§_,Liquid,IVSOL,,,,,,,¬Ò¥i,³æ¦¸¿éª`,PH032,202303261549,7741.00,9289.00
IERB0,20150429,99999999,¥i¥Î,Erbitux inj 100mg/20mL (sample),Erbitux inj 100mg/20mL (sample),Cetuximab,IVD,,RACA,ON-09-04,°w¾¯,mg,Erbitux,«D²Õ®M,Á{±ÄÃÄ¡A½Ð³qª¾ÃÄ§½¥~ÁÊ,,ÃÄ©e·|Á{±Ä,¬O,¤£¥i¥ÎÃÄ¥]¾÷,±ø¥ó¤Uµ¹¥I,¤@¯ë,Á`¶q¶i¦ì,¾AÀ³¯g:§Ü¸~½FÃÄ,°t»s«á«O¦s´Á­­¡G24hrs(2-8¢XC)¡A­­½Õ»s·í¤é§¹¦¨µ¹ÃÄ,Indication:For cancer therapy,,¥~ Æ[:¸Ë¦³¼á²M·»²G¤§¤p²~¡A ¦Ç¦â²~»\,Appearance:20mL vial,µo¼ö¡A ¬È´H¡A ·w¯t¡A ©I§l§xÃø,Fever¡A chills¡A dizziness¡A dyspnea.,,¥u¥Î©óªù¶E¤Î¦í°|STAT,º¸¥²±oµÎ,Erbitux (sample),,,,¬O,,¥»«~¬°­«¯gªvÀøÃÄ¡A ½Ð¨Ì·ÓÂå®v«ü¥Ü¨Ï¥Î,,Take this medicine exactly as your doctor ordered.,,³Æµù:¶J©ñ®É»Ý¸m©ó¦B½c§NÂÃ(Äá¤ó 2-8 «×),Store in a refrigerator (2-8¢XC).,[Rx_x]³B¤è¶°¤£Åã¥Ü¡A¼Ë«~ÃÄ,¤ÆÀø,¤ÆÀø,Äµ »y:¥»«~¬°­«¯gªvÀøÃÄª«¡A½Ð¨Ì·ÓÂå®v«ü¥Ü¨Ï¥Î¡C,,,0,0,§_,100.0,,§_,¬O,§_,³æ¤è,§_,°±¥Î,°±¥Î,¤£¥i¿i,¬O,,1.00,1.00,1000.00,1000.00,999,999,1,1,1000.00,1000.00,0,0,,¦³¹Ï¤ù,,0,,0,,L01FE01,,,,,0,,0,,VIAL,,°·«O¤£¥Ó³ø¤£­p»ù,°·«O¤£¥Ó³ø¤£­p»ù,,,,§_,Liquid,IVSOL,,,100.00,mg,20.00,mL,¥²¶·µ}ÄÀ,³æ¦¸¿éª`,PH032,202303261040,0,0
IERB2,20100520,99999999,¥i¥Î,Erbitux inj 100mg/20mL,Erbitux inj 100mg/20mL,Cetuximab,IVD,,RACA,ON-09-04,°w¾¯,mg,Erbitux,«D²Õ®M,Á{±ÄÃÄ¡A½Ð³qª¾ÃÄ§½¥~ÁÊ,,±`³ÆÁ{±Ä(¤£§R),¬O,¤£¥i¥ÎÃÄ¥]¾÷,±ø¥ó¤Uµ¹¥I,¤@¯ë,Á`¶q¶i¦ì,¾AÀ³¯g:§Ü¸~½FÃÄ,°t»s«á«O¦s´Á­­¡G24hrs(2-8¢XC)¡A­­½Õ»s·í¤é§¹¦¨µ¹ÃÄ,Indication:For cancer therapy,,¥~ Æ[:¸Ë¦³¼á²M·»²G¤§¤p²~¡A ¦Ç¦â²~»\,Appearance:20mL vial,µo¼ö¡A ¬È´H¡A ·w¯t¡A ©I§l§xÃø,Fever¡A chills¡A dizziness¡A dyspnea.,,¥u¥Î©óªù¶E¤Î¦í°|STAT,º¸¥²±oµÎª`®g²G100²@§J/20²@¤É,Erbitux,,,§_,¬O,,¥»«~¬°­«¯gªvÀøÃÄ¡A ½Ð¨Ì·ÓÂå®v«ü¥Ü¨Ï¥Î,,Take this medicine exactly as your doctor ordered.,,³Æµù:¶J©ñ®É»Ý¸m©ó¦B½c§NÂÃ(Äá¤ó 2-8 «×),Store in a refrigerator (2-8¢XC).,,¤ÆÀø,¤ÆÀø,Äµ »y:¥»«~¬°­«¯gªvÀøÃÄª«¡A½Ð¨Ì·ÓÂå®v«ü¥Ü¨Ï¥Î¡C,,,,,¬O,100.0,,§_,¬O,§_,³æ¤è,§_,°±¥Î,°±¥Î,¤£¥i¿i,¬O,,1.00,1.00,1000.00,1000.00,99,99,1,1,1000.00,1000.00,0,0,,¦³¹Ï¤ù,,0,,0,,L01FE01,,,,,,,,,VIAL,¬O,°·«Oµ¹¥I,°·«Oµ¹¥I,CETUXIMAB,L01FE01,KC00877238,§_,Liquid,IVSOL,,,100.00,mg,20.00,mL,¬Ò¥i,³æ¦¸¿éª`,PH047,202401181720,5698.00,6838.00
IERY,20040916,99999999,°±¥Î,Erythrocin I.V. 500mg,Erythrocin I.V. 500mg,Erythromycin,IV,,QANB,AI-01-06,°w¾¯,VAL,Ilosone,«D²Õ®M,Á{±ÄÃÄ¡A½Ð³qª¾ÃÄ§½¥~ÁÊ,,­Ó®×Á{±Ä,¬O,¤£¥i¥ÎÃÄ¥]¾÷,¥i¥Î,¦C¦L¦í°|ÃÄÅÒ,Á`¶q¶i¦ì,¾AÀ³¯g:²Óµß©Ê·P¬V,,,,,,,,¯S®íÃþ§Ü¥Í¯À,¬Ò¥i¥Î,,Erythrocin I.V. 500mg,,,§_,¬O,,,,,,,,,¤@¯ë,ª`®g,,,,,,§_,1.0,,§_,§_,§_,³æ¤è,§_,¥i¥Î,¥i¥Î,¤£¥i¿i,¬O,,1.00,1.00,99.00,99.00,7,7,1,1,0,0,0,0,,µL¹Ï¤ù,,0,,0,,J01FA01,,,,,0.50,g,1.00,g,VAL,,°·«Oµ¹¥I,°·«Oµ¹¥I,ERYTHROMYCIN,J01FA01,B020266277,§_,Liquid,IVSOL,,,,,,,¬Ò¥i,³æ¦¸¿éª`,PH009,201707171617,172.00,206.00
IESC,20150416,99999999,°±¥Î,Escopan inj 20mg/1mL,Escopan inj 20mg/1mL,Hyoscin-Butylbromide,IM,,ALIM,GI-05-00,°w¾¯,AMP,Buscopan,«D²Õ®M,¼t°Ó¯Ê³f,IFUC,¤@¯ë¥i¥Î,¬O,¥i¥ÎÃÄ¥]¾÷,¥i¥Î,¤@¯ë,¦¸­p¶q¶i¦ì,¾AÀ³¯g:¥Dªv­G¸z¡A ÁxºÞ¡A ªc§¿¹Dµ¥¥­·Æ¦Ù¤§µjÅË,,Indication:Spasm &dyskinesia of biliary tract¡A urinary tract,,¥~ Æ[:³z©ú1mL¦wÞÀ(amp),Appearance: 1 mL ampoule,¤f°®¡A µøÄ±»ÙÃª¡A ¤ß·i¹L³t,Dry mouth¡A visual accommodation disturbances¡A tachycardia,,¬Ò¥i¥Î,­G¨Ï¥i­Dª`®g²G,Escopan Inj 20mg/1ml,,,,¬O,,½Ð¿í·ÓÂå®v«ü¥Ü¨Ï¥Î¡A ­Yµo¥ÍºÃ¦üÃÄª«¤£¨}¤ÏÀ³½Ð§iª¾Âå¥Í,,Follow doctor's advice. Check with doctor if you notice any side effects.,,³Æµù: ¥i¯à·|¼vÅT¾r¾p©Î¾Þ§@¾÷±ñ¯à¤O,May impair ability to drive or operate machinery.,,¤@¯ë,ª`®g,Äµ »y:½Ð¿í·ÓÂå®v«ü¥Ü¨Ï¥Î¡A­Yµo¥ÍºÃ¦üÃÄª«¤£¨}¤ÏÀ³½Ð§iª¾Âå¥Í¡C,LA ¥~Æ[¬Û¦ü,,0,0,§_,1.0,,§_,¬O,§_,³æ¤è,§_,¥i¥Î,¥i¥Î,¤£¥i¿i,¬O,,1.00,1.00,2.00,2.00,999,999,1,1,5.00,5.00,0,0,,¦³¹Ï¤ù,,0,,0,,A03BB01,,,,,0,,0,,AMP,,°·«Oµ¹¥I,°·«Oµ¹¥I,BUTYLSCOPOLAMINE,A03BB01,NA10222209,§_,Liquid,SOL,,,20.00,mg,1.00,mL,¬Ò¥i,³æ¦¸¿éª`,PH006,202003191535,15.00,20.00
IESM,20130916,99999999,°±¥Î,Esmeron inj 50mg/5mL,Esmeron inj 50mg/5mL,Rocuronium Bromide,IVD,,CNEU,CN-03-02,°w¾¯,AMP,,«D²Õ®M,°±¥Î,,¤@¯ë¥i¥Î,¬O,¤£¥i¥ÎÃÄ¥]¾÷,°·«O¤£µ¹¥I,¤£¦LÃÄÅÒ,¦¸­p¶q¶i¦ì,¾AÀ³¯g:¤â³N®É¤§°©Àf¦ÙÃP¦¢,,Indication:Relax skeletal muscles during surgery or,controlled ventilation.,¥~ Æ[: 5²@¤É¤p²~,Appearance: 5 mL Vial,¥Ö½§¼é¬õ¡A »´«×§C¦åÀ£¡A ¤ä®ðºÞµjÅË,Skin flushing¡A mild transient hypotension¡A bronchospasm.,,¥u¥Î©óªù¶E¤Î¦í°|STAT,¦w¤ß³Â»ú,Esmeron inj 50mg/5mL,,,§_,¬O,,¥»«~»Ý( ÂÐ®Ö ),,,,½Ð¸m©óÄá¤ó 2-8 «×¦B½c§NÂÃ,Store in a refrigerator (2-8¢XC).,³Â¾K¬ì±M¥Î«~¶µ¡A¤£¥XÃÄÅÒ¡A¤£³]¤½ÃÄ¡C,¤@¯ë,¤@¯ë,Äµ»y:¥»«~»Ý( ÂÐ®Ö ),Äµ °ªÄµ°T,,0,0,§_,1.0,,¬O,¬O,§_,³æ¤è,§_,°±¥Î,°±¥Î,¤£¥i¿i,¬O,,1.00,1.00,4.00,8.00,999,999,1,1,4.00,8.00,0,0,,¦³¹Ï¤ù,,0,,0,,M03AC09,,,,,,,,,VIAL,,¤£µ¹¥I¶·¦Û¥I,¤£µ¹¥I¶·¦Û¥I,,,,§_,Liquid,IVSOL,,,50.00,mg,5.00,mL,¥²¶·µ}ÄÀ,³æ¦¸¿éª`,PH047,202303090951,0,312.00
IESO,20050406,99999999,°±¥Î,Esokit 0.1% 10 mL,Esokit 0.1% 10 mL,Isosorbide Dinitrate,IV,,CAVS,CV-02-00,°w¾¯,AMP,Isodil,«D²Õ®M,°±¥Î,IANG,¤w°±¥Î,¬O,¤£¥i¥ÎÃÄ¥]¾÷,,¤@¯ë,¦¸­p¶q¶i¦ì,¾AÀ³¯g:¤ß¦Ù±ð¶ë¡B¤ß°IºÜµ¥,,,,¥~ Æ[:10 ml ¦wÞÀ¸Ë,,,,,¬Ò¥i¥Î,©ö²¨ªYª`®g²G,Esokit 0.1% 10 mL,,,§_,¬O,,,,,,,,,¤@¯ë,ª`®g,Äµ »y:¥i¯à¦³®É·|Ä±±oÀY·w¡B©ü¯t¡A½ÐÁ×§K§Ö³tªº°Ê§@©Î«º¶ÕÅÜ¤Æ,,,,,¬O,1.0,,§_,§_,§_,³æ¤è,§_,¥i¥Î,¥i¥Î,¤£¥i¿i,¬O,,1.00,1.00,999.00,999.00,999,999,1,1,0,0,0,0,,µL¹Ï¤ù,,0,,0,,,,,,,,,,,AMP,,°·«Oµ¹¥I,°·«Oµ¹¥I,ISOSORBIDE DINITRATE,C01DA08,A044974229,§_,Liquid,IVSOL,,,,,,,¬Ò¥i,³æ¦¸¿éª`,PH008,201403201329,380.00,456.00
IETO,20040501,99999999,°±¥Î,Eposin inj 100mg/5mL,Eposin inj 100mg/5mL,Etoposide,IV,,RACA,ON-07-02,°w¾¯,mg,VP-16,«D²Õ®M,°±¥Î,IFYT,¤w°±¥Î,¬O,¤£¥i¥ÎÃÄ¥]¾÷,,¤@¯ë,¦¸­p¶q¶i¦ì,¾AÀ³¯g:§Ü¸~½FÃÄ,,Indication:Cancer therapy.,,¥~ Æ[:5mL³z©ú¤p²~¡A ¶À¦â²~»\,Appearance: Vial with yellow cap,°©ÀH§í¨î¡A äú¤ß¡A ¹Ã¦R¡A ¹½­¹¡A ¤fµÄª¢,Myelosuppression¡A nausea¡A vomiting¡A anorexia¡A stomatitis.,,,Âå¦Ê©¯ª`®g²G,Eposin,,,§_,¬O,,¥»«~¬°­«¯gªvÀøÃÄ¡A ½Ð¨Ì·ÓÂå®v«ü¥Ü¨Ï¥Î,,Take this medicine exactly as your doctor ordered.,,,,,¤ÆÀø,¤ÆÀø,Äµ »y:¥»«~¬°­«¯gªvÀøÃÄª«¡A½Ð¨Ì·ÓÂå®v«ü¥Ü¨Ï¥Î¡C,Äµ °ªÄµ°T,,,,¬O,100.0,,§_,§_,§_,³æ¤è,§_,°±¥Î,¥i¥Î,¤£¥i¿i,¬O,,1.00,1.00,400.00,400.00,999,999,1,1,400.00,400.00,0,0,,¦³¹Ï¤ù,,0,,0,,L01CB01,,,,,,,,,VIAL,§_,°·«Oµ¹¥I,°·«Oµ¹¥I,ETOPOSIDE,L01CB01,B023436221,§_,Liquid,IVSOL,,,,,,,¬Ò¥i,³æ¦¸¿éª`,PH032,202109091815,237.00,284.00
IETOM,20031013,99999999,¥i¥Î,Etomidate-Lipuro 20mg/10mL,Etomidate-Lipuro 20mg/10mL,Etomidate,IVPUSH,,ZANE,CN-04-01,°w¾¯,AMP,,«D²Õ®M,,IETOM2,¤@¯ë¥i¥Î,¬O,¤£¥i¥ÎÃÄ¥]¾÷,¥i¥Î,¤£¦LÃÄÅÒ,Á`¶q¶i¦ì,¾AÀ³¯g: ³Â¾K¾¯,,Indication:Anesthetic agent.,,¥~ Æ[:20mL¤§¨Å¥Õ¦â¦wÞÀ,Appearance:Milky white solution in 20mL ampoule,¦Ù°}ÅË¡Aäú¤ß¡A¹Ã¦R¡Aª`®g³¡¦ì¯kµh¡A²´²y¾_Å¸,Myoclonus¡A nausea¡A vomiting¡A pain at injection site¡A nystagmus,,¥u¥Î©óªù¶E¤Î¦í°|STAT,"¬f®Ô" ¦w±o¤O¦h¡@ÀR¯ßª`®g²G,Etomidate-Lipuro 20mg/10mL,,,§_,¬O,,¥»«~»Ý( ÂÐ®Ö ),,,,,,,¤@¯ë,ª`®g,Äµ»y:¥»«~»Ý( ÂÐ®Ö ),Äµ °ªÄµ°T,,,,¬O,1.0,,§_,¬O,§_,³æ¤è,§_,°±¥Î,°±¥Î,¤£¥i¿i,¬O,,1.00,1.00,2.00,2.00,99,99,1,1,2.00,2.00,0,0,,¦³¹Ï¤ù,,0,,0,,N01AX07,,,,,,,,,AMP,,¥Ó³ø¤£­p»ù,¥Ó³ø¤£­p»ù,,,,§_,Liquid,IVSOL,,,20.00,mg,10.00,mL,¤£»Ýµ}ÄÀ,³æ¦¸¿éª`,PH034,202212041101,0,180.00
IETOM2,20210806,99999999,¥i¥Î,Etomidate inj 20mg/10mL (±M®×¶i¤f),Etomidate inj 20mg/10mL (±M®×¶i¤f),Etomidate,IVPUSH,,ZANE,CN-04-01,°w¾¯,AMP,,«D²Õ®M,°±¥Î,IETOM,±M®×¶i¤fÃÄ«~,¬O,¤£¥i¥ÎÃÄ¥]¾÷,¥i¥Î,¤£¦LÃÄÅÒ,Á`¶q¶i¦ì,¾AÀ³¯g: ³Â¾K¾¯,,Indication:Anesthetic agent.,,¥~ Æ[:20mL¤§¨Å¥Õ¦â¦wÞÀ,Appearance:Milky white solution in 20mL ampoule,¦Ù°}ÅË¡Aäú¤ß¡A¹Ã¦R¡Aª`®g³¡¦ì¯kµh¡A²´²y¾_Å¸,Myoclonus¡A nausea¡A vomiting¡A pain at injection site¡A nystagmus,,¥u¥Î©óªù¶E¤Î¦í°|STAT,Etomidate inj 20mg/10mL (±M®×¶i¤f),Etomidate inj 20mg/10mL (±M®×),,,,¬O,,,,,,,,,¤@¯ë,ª`®g,Äµ»y:¥»«~»Ý( ÂÐ®Ö ),Äµ °ªÄµ°T,,0,0,¬O,1.0,,¬O,¬O,§_,³æ¤è,§_,°±¥Î,°±¥Î,¤£¥i¿i,¬O,,1.00,1.00,2.00,2.00,1,1,1,1,2.00,2.00,0,0,,µL¹Ï¤ù,,0,,0,,N01AX07,,,,,0,,0,,VIAL,§_,¥Ó³ø¤£­p»ù,¥Ó³ø¤£­p»ù,,,,§_,Liquid,IVSOL,,,20.00,mg,10.00,mL,¤£»Ýµ}ÄÀ,³æ¦¸¿éª`,PH034,202212041101,0,180.00
IETP,20230328,99999999,¥i¥Î,Ertapenem inj 1gm,Ertapenem inj 1gm,Ertapenem,IVD,QD,QANB,AI-01-10,°w¾¯,Vial,Invanz,«D²Õ®M,,,¤@¯ë¥i¥Î,¬O,¥i¥ÎÃÄ¥]¾÷,±ø¥ó¤Uµ¹¥I,¤@¯ë,¤é¾¯¶q¶i¦ì,¾AÀ³¯g:ªvÀø²Óµß©Ê·P¬V¡C,,Indication:Treat bacterial infections. (antibiotic),,¥~ Æ[:¥~ Æ[: ³z©ú¬Á¼þ¤p²~(Vial)¸Ë¦³¥Õ¦â©Î²H¶À¯»¥½,Appearance: A transparent vial containing white powder,¸¡Âm¡B¹Ã¦R¡Bª`®g³¡¦ì¤ÏÀ³¡B¥Ö½§¬õ¯l,Diarrhea¡A vomiting¡A injection site reaction¡A skin rash,ºÞ¨îÃþ§Ü¥Í¯À,¬Ò¥i¥Î,¤Ì¥L°ö«nª`®g¾¯1¤½§J,Ertapenem inj 1gm,,,,¬O,,¤£¥i¨Ï¥Î§t¿}·»²Gµ}ÄÀ¡C,,Do not use diluents containing dextrose.,,¦Ù¦×ª`®gµ¹ÃÄ®É½Ð¥HLidocaine HCl ª`®g²Gµ}ÄÀ¡C,Use a lidocaine solution to reconstitute for intramuscular administration.,202303 Invanz¯Ê³f´À¥N,¤@¯ë,ª`®g,ÀR¯ß¿éª`À³¤j©ó30¤ÀÄÁ¥H¤W¡C,,,0,0,¬O,1.0,,§_,¬O,¬O,³æ¤è,§_,°±¥Î,°±¥Î,¤£¥i¿i,¬O,,1.00,1.00,1.00,1.00,14,14,7,7,1.00,1.00,0.03,0.03,,¦³¹Ï¤ù,N/S,1000.00,mg,0,Age 3 months to 12 years: 15 mg/kg twice a day (Max: 1gm/day),J01DH03,,,,,1.00,g,1.00,g,VIAL,,°·«Oµ¹¥I,°·«Oµ¹¥I,ERTAPENEM,J01DH03,AC59078209,§_,Liquid,IVSOL,,,1.00,GM,0,mL,¥²¶·µ}ÄÀ,³æ¦¸¿éª`,PH073,202307241027,864.00,1037.00
IEUD,19960101,99999999,°±¥Î,Eudamycin inj 300mg/2mL,Eudamycin inj 300mg/2mL,Clindamycin,IVD,,QANB,AI-01-07,°w¾¯,VAL,Cleocin,«D²Õ®M,°±¥Î,ICLI,¤@¯ë¥i¥Î,¬O,¥i¥ÎÃÄ¥]¾÷,,¤@¯ë,Á`¶q¶i¦ì,¾AÀ³¯g:²Óµß©Ê·P¬V,,Indication:Bacterial infection,,¥~ Æ[:³z©ú¤p²~(VAIL)¡A ¾ï¦â»\¤l¡A ¥Õ¦â©³¥~¶K¯È¡A ÂÅ¾ï¦â¬Û¶¡,,,,¤@¯ëÃþ§Ü¥Í¯À,,Àu¼wÅð¯Àª`®g²G,Eudamycin inj 300mg/2mL,,,§_,¬O,,,,,,,,,¤@¯ë,ª`®g,Äµ »y:IVdrip¿@«×¤p©ó6 mg/ml¡Aª`®g®É¶¡¶W¹L30¦Ü60¤ÀÄÁ¡C,,,,,¬O,1.0,,§_,§_,§_,³æ¤è,§_,¥i¥Î,¥i¥Î,¤£¥i¿i,¬O,,1.00,1.00,4.00,4.00,7,7,1,1,0,0,0,0,,¦³¹Ï¤ù,,0,,0,,J01FF01,,,,,0.30,g,1.80,g,VAL,§_,°·«Oµ¹¥I,°·«Oµ¹¥I,CLINDAMYCIN,J01FF01,A032624212,§_,Liquid,IVSOL,,,,,,,¬Ò¥i,³æ¦¸¿éª`,PH009,201707171618,21.70,27.00
IEUJ,19960101,99999999,°±¥Î,Eujum 5mg/mL(PGF2),Eujum 5mg/mL(PGF2),Prostaglandin F2 Alpha,IV,,SGU,UR-02-00,°w¾¯,VAL,PGF2,«D²Õ®M,°±¥Î¡A¥i¬dÃþ¦üÃÄ,,¤@¯ë¥i¥Î,¬O,¤£¥i¥ÎÃÄ¥]¾÷,,¤@¯ë,Á`¶q¶i¦ì,¾AÀ³¯g:«P¶i¤l®c¦¬ÁY,,,,,,,,,,Àu°·ª`®g²G,Eujum 5mg/mL(PGF2),,,§_,¬O,,,,,,,,,¤@¯ë,ª`®g,Äµ »y:½Ð¸m©óÄá¤ó 2-8 «×¦B½cÁ×¥ú§NÂÃ«O¦s¡C,,,,,¬O,1.0,,§_,§_,§_,³æ¤è,§_,¥i¥Î,¥i¥Î,¤£¥i¿i,¬O,,1.00,1.00,1.00,1.00,1,1,1,1,0,0,0,0,,µL¹Ï¤ù,,0,,0,,,,,,,,,,,AMP,§_,°·«Oµ¹¥I,°·«Oµ¹¥I,DINOPROST,G02AD01,AC29746209,§_,Liquid,IVSOL,,,,,,,¬Ò¥i,³æ¦¸¿éª`,PH008,201403201329,201.00,241.00
IEV71,20231220,99999999,¥i¥Î,EnVAX-A71 inj 0.5mL/dose (°ê¥ú),EnVAX-A71 inj 0.5mL/dose (°ê¥ú),Inactivated Enterovirus 71 virus particles,IM,STAT,HIMM,IM-02-02,°w¾¯,DOSE,Enterovirus 71 Vaccine,«D²Õ®M,,,¤@¯ë¥i¥Î,¬O,¥i¥ÎÃÄ¥]¾÷,°·«O¤£µ¹¥I,¤@¯ë,Á`¶q¶i¦ì,¾AÀ³¯g:¥Î©ó2­Ó¤ë¦Ü¥¼º¡6·³¥®¨à¹w¨¾¸z¯f¬r71«¬·P¬V¤Þ°_¤§¯e¯f,,Indication:Enterovirus vaccine for ages 2 months to 6 years,,¥~ Æ[:¹w¥R¶ñ¦¡°w¾¯§tµL¦â¼á©ú²G0.5mL,Appearance:A pre-filled 0.5 mL syringe with clear liquid.,¯kµh¡Bµo¬õ¡B­¹¼¤­°§C¡Bµo¿N¡B¯h³Ò¡C,Pain¡A redness¡A decreased appetite¡A fever¡A fatigue.,,¥u¥Î©óªù¶E¤Î¦í°|STAT,¦w©Ý¥ñ¸z¯f¬r71«¬¬Ì­] (°ê¥ú),EnVAX-A71 inj 0.5mL/dose °ê¥ú,EV71_ENI,,,¬O,,½ÐÁ×¥ú§NÂÃÀx¦s(2-8¢J)¡C¤£¥i§N­á¡C,»â¨ú¬Ì­]«á¡A½Ð¥ß§Y¦Üª`®g«Ç¨Ì«ü¥Ü¨Ï¥Î¡C,Store in a light-protected¡A refrigerated place (2-8¢XC). Do not freeze.,Please go to the injection room immediately after receiving the vaccine.,¥»¬Ì­]¤£¯à¹w¨¾¨ä¥L«¬ªº¸z¯f¬r·P¬V¡C,This vaccine protects against enterovirus 71 only¡A not other enterovirus strains,2023Q4ÃÄ©e·s¶i,¤@¯ë,ª`®g,Äµ »y:»â¨ú¬Ì­]«á¡A½Ð¥ß§Y¦Üª`®g«Ç¨Ì«ü¥Ü¨Ï¥Î¡C,,,0,0,§_,1.0,,§_,¬O,¬O,³æ¤è,,°±¥Î,,¤£¥i¿i,§_,,1.00,1.00,1.00,1.00,1,1,1,1,1.00,1.00,0,0,,¦³¹Ï¤ù,,0,,0,,J07BX06,,,,,0,,0,,¤ä,,¤£µ¹¥I¶·¦Û¥I,¤£µ¹¥I¶·¦Û¥I,,,,,Liquid,SOL,,,0,,0.50,mL,,,PH047,202401111344,0,3300.00
IEVE,20210915,99999999,¥i¥Î,Evenity inj 105mg/1.17mL,Evenity inj 105mg/1.17mL,Romosozumab,SC,Q1M,META,ME-06-00,°w¾¯,¤ä,Evenity,«D²Õ®M,,,¤@¯ë¥i¥Î,¬O,¥i¥ÎÃÄ¥]¾÷,±ø¥ó¤Uµ¹¥I,¤@¯ë,Á`¶q¶i¦ì,¾AÀ³¯g:¦³°ª«×°©§é­·ÀI¤§°±¸g«á°ü¤k°©½è²¨ÃP¯g,,Indication:Osteoporosis in postmenopausal females.,,¥~ Æ[:1.17mL¹w¶ñ¥R°wµ©,Appearance:1.17mL prefilled syringe,ÀYµh¡AÃö¸`µh¡A¹L±Ó¤ÏÀ³,Headache¡A Arthralgia¡A Hypersensitivity,,¥u¥Î©óªù¶E¤Î¦í°|STAT,¯qÃ­®¼ ª`®g²G,Evenity inj 105mg/1.17mL,,,,¬O,,ªvÀø´Á¶¡À³ºû«ù¨}¦nªº¤fµÄ½Ã¥Í,­Y±µ¨ü¤ú¬ìªvÀø«e½Ð§iª¾¤úÂå¥¿¦b¨Ï¥Î¥»ÃÄ,Keep good mouth care during Evenity use.,Inform your dentist that you have used Evenity before dental treatment.,Àx¦s©ó2-8¢JÁ×¥ú¡A¤Å§N­á¡A¤Å·n®Ì¡A­YÀx¦s©ó«Ç·Å25¢J¥²¶·¦b30¤Ñ¤º¨Ï¥Î,Stored at 2-8¢XC.If up to 25¢XC¡A must be used within 30days.Don¡¦t freeze/shake.,2021Q3ÃÄ©e·s¤JÁ{±Ä²M³æ; 2023Q1ÃÄ©eÁ{±ÄÂà¥¿¦¡,¤@¯ë,ª`®g,,,,0,0,§_,1.0,,§_,¬O,¬O,³æ¤è,,¥i¥Î,¥i¥Î,¤£¥i¿i,§_,,2.00,2.00,2.00,2.00,999,999,28,28,2.00,2.00,0,0,,¦³¹Ï¤ù,,0,,0,,M05BX06,,,,,0,,0,,¤ä,¬O,°·«Oµ¹¥I,°·«Oµ¹¥I,ROMOSOZUMAB,M05BX06,KC011372BN,,Liquid,SOL,,,105.00,mg,1.17,mL,,,PH006,202402211536,3900.00,4680.00
IEVU,20230414,99999999,¥i¥Î,Evusheld inj 150mg/150mg/3mL/dose (¬F©²´£¨Ñ),Evusheld inj 150mg/150mg/3mL/dose (¬F©²´£¨Ñ),Tixagevimab + Cilgavimab,IM,STAT,QANB,AI-03-09,°w¾¯,DOSE,Evusheld,«D²Õ®M,°±¥Î,,±M®×¶i¤fÃÄ«~,¬O,¥i¥ÎÃÄ¥]¾÷,°·«O¤£µ¹¥I,¤@¯ë,Á`¶q¶i¦ì,¾AÀ³¯g:COVID-19¼ÉÅS«e¹w¨¾©Ê³æ®è§ÜÅé°w¾¯,,Indication: Pre-exposure prophylaxis for COVID-19,,¥~ Æ[:¤@²°§t¨â­Ó1.5mL¬Á¼þ¤p²~(vials),Appearance:One box contains two 1.5mL vials,ÀYµh¡B«y¹Â¡B¯h­Â,Headache¡A Cough¡A Fatigue,,¥u¥Î©óªù¶E¤Î¦í°|STAT,Evusheld inj 150mg/150mg/3mL/dose,Evusheld inj 150mg/150mg/3mL,,,§_,¬O,,½Ð¸m©óÄá¤ó 2-8 «×¦B½cÁ×¥ú§NÂÃ,,Store in a refrigerator (2-8¢XC) away from light.,,¤£¥i§N­á©Î®¶·n¡C,Do not freeze or shake.,202304 CDC±M®×¥Ó½Ð®Ö­ã,¤@¯ë,ª`®g,Äµ »y:½Ð¸m©óÄá¤ó 2-8 «×¦B½cÁ×¥ú§NÂÃ«O¦s¡C,LA ¥~Æ[¬Û¦ü,,0,0,§_,1.0,,§_,¬O,¬O,½Æ¤è,,°±¥Î,,¤£¥i¿i,§_,,1.00,1.00,2.00,2.00,1,1,1,1,2.00,2.00,0,0,,µL¹Ï¤ù,,0,,0,,J06BD03,,,,,0,,0,,VIAL,,°·«Oµ¹¥I,°·«Oµ¹¥I,,,XCOVID0003,§_,Liquid,SOL,,,300.00,mg,3.00,mL,,,PH047,202401301359,0,0
IEYL,20140115,99999999,¥i¥Î,Eylea aflibercept 2mg/0.05mL,Eylea aflibercept 2mg/0.05mL,Aflibercept,IVI,STAT,TOPH,OP-08-00,°w¾¯,Vial,Eylea,«D²Õ®M,,,¤@¯ë¥i¥Î,¬O,¥i¥ÎÃÄ¥]¾÷,±ø¥ó¤Uµ¹¥I,¤@¯ë,Á`¶q¶i¦ì,¾AÀ³¯g: ¦åºÞ·s¥Í«¬(Àã©Ê)¦~ÄÖ¬ÛÃö©Ê¶À´³³¡°h¤Æ¯fÅÜ,,Indication: Age-related macular degeneration (AMD),,¥~ Æ[: ¬Á¼þ²~¸Ë´£¨Ñ0.05 mLª`®g²G,Appearance: Vial (0.05 mL intraocular solution),µ²½¤¥X¦å¡B²´·úµh¡B¥Õ¤º»Ù¡B¬Á¼þÅé­éÂ÷¡B­¸°A¯g»P²´¤ºÀ£¤É°ª,Conjunctival hemorrhage¡A eye pain¡A intraocular pressure increased,,¥u¥Î©óªù¶E¤Î¦í°|STAT,ªöµø©ú²~¸Ëª`®g²G,Eylea aflibercept 2mg/0.05mL,,,§_,¬O,,¥X²{²´¤ºª¢©Îµøºô½¤­éÂ÷¥i¯à¯gª¬(¦p¡G²´µh¡Bµo¬õ¡B¬È¥ú¡Bµø¤O¼Ò½k)¡AÀ³³q³øÂå®v,,immediately report signs of endophthalmitis or retinal detachment,(eye redness or pain¡A light sensitivity¡A or vision changes),½Ð¸m©óÄá¤ó 2-8 «×¦B½c§NÂÃ,Store in a refrigerator (2-8¢XC).,¼t°Ó¡G¨Cvial¬ù0.278mL¡A¦]©â¨ú¡B¹LÂo·|´î¤Ö¡A¦ý¥i©â¨ì0.1mL(Âù²´)¡C105-1·s,¤@¯ë,ª`®g,¥X²{²´¤ºª¢©Îµøºô½¤­éÂ÷¥i¯à¯gª¬(¦p¡G²´·úµh¡Bµo¬õ¡B¬È¥ú¡Bµø¤O¼Ò½k)¡AÀ³³q³øÂå®v,,,0,0,§_,1.0,,§_,¬O,¬O,³æ¤è,§_,°±¥Î,°±¥Î,¤£¥i¿i,¬O,,1.00,1.00,1.00,1.00,1,1,1,1,1.00,1.00,0,0,,¦³¹Ï¤ù,,0,,0,,S01LA05,,,,,,,,,VIAL,¬O,°·«Oµ¹¥I,°·«Oµ¹¥I,AFLIBERCEPT,S01LA05,KC00936248,§_,Liquid,SOL,¦M®`¤G¯Å(¡I),,2.00,mg,0.05,mL,¤£»Ýµ}ÄÀ,³æ¦¸¿éª`,PH047,202402121359,18606.00,22327.00
IEYL0,20230720,99999999,¥i¥Î,Eylea aflibercept 2mg/0.05mL (Sample),Eylea aflibercept 2mg/0.05mL (Sample),Aflibercept,IVI,STAT,TOPH,OP-08-00,°w¾¯,Vial,Eylea,«D²Õ®M,Á{±ÄÃÄ¡A½Ð³qª¾ÃÄ§½¥~ÁÊ,,ÃÄ©e·|Á{±Ä,¬O,¥i¥ÎÃÄ¥]¾÷,°·«O¤£µ¹¥I,¤@¯ë,Á`¶q¶i¦ì,¾AÀ³¯g: ¦åºÞ·s¥Í«¬(Àã©Ê)¦~ÄÖ¬ÛÃö©Ê¶À´³³¡°h¤Æ¯fÅÜ,,Indication: Age-related macular degeneration (AMD),,¥~ Æ[: ¬Á¼þ²~¸Ë´£¨Ñ0.05 mLª`®g²G,Appearance: Vial (0.05 mL intraocular solution),µ²½¤¥X¦å¡B²´·úµh¡B¥Õ¤º»Ù¡B¬Á¼þÅé­éÂ÷¡B­¸°A¯g»P²´¤ºÀ£¤É°ª,Conjunctival hemorrhage¡A eye pain¡A intraocular pressure increased,,¥u¥Î©óªù¶E¤Î¦í°|STAT,ªöµø©ú²~¸Ëª`®g²G (ÃØÃÄ),Eylea aflibercept (Sample),,,,¬O,,¥X²{²´¤ºª¢©Îµøºô½¤­éÂ÷¥i¯à¯gª¬(¦p¡G²´µh¡Bµo¬õ¡B¬È¥ú¡Bµø¤O¼Ò½k)¡AÀ³³q³ø,,Immediately report signs of endophthalmitis or retinal detachment,(eye redness or pain¡A light sensitivity¡A or vision changes),½Ð¸m©óÄá¤ó 2-8 «×¦B½c§NÂÃ,Store in a refrigerator (2-8¢XC).,[Rx_x]³B¤è¶°¤£Åã¥Ü¡A¼Ë«~ÃÄ 202307·s«Ø,¤@¯ë,ª`®g,¥X²{²´¤ºª¢©Îµøºô½¤­éÂ÷¥i¯à¯gª¬(¦p¡G²´·úµh¡Bµo¬õ¡B¬È¥ú¡Bµø¤O¼Ò½k)¡AÀ³³q³øÂå®v,,,0,0,§_,1.0,,§_,¬O,¬O,³æ¤è,,°±¥Î,,¤£¥i¿i,¬O,,1.00,1.00,1.00,1.00,1,1,1,1,1.00,1.00,0,0,,¦³¹Ï¤ù,,0,,0,,S01LA05,,,,,0,,0,,VIAL,§_,°·«O¤£¥Ó³ø¤£­p»ù,°·«O¤£¥Ó³ø¤£­p»ù,,,,,Liquid,SOL,¦M®`¤G¯Å(¡I),,2.00,mg,0.05,mL,¤£»Ýµ}ÄÀ,³æ¦¸¿éª`,PH047,202402121359,0,0
IFADI,20200311,99999999,°±¥Î,Fadin Lyo inj 20mg,Fadin Lyo inj 20mg,Famotidine,IVD,Q12H,ALIM,GI-01-03,°w¾¯,Vial,Gaster,«D²Õ®M,°±¥Î¡A¥i¬dÃþ¦üÃÄ,,¤@¯ë¥i¥Î,¬O,¥i¥ÎÃÄ¥]¾÷,±ø¥ó¤Uµ¹¥I,¤@¯ë,¦¸­p¶q¶i¦ì,¾AÀ³¯g:¤£¯à¤fªA¤§¯f¤H®ø¤Æ©Ê¼ìºÅ¤§µu´Á´À¥NÀøªk¡C,,Indication:Duodenal or gastric ulcer¡A gastric hypersecretion,For short-term use in patients who are unable to take oral medication.,¥~ Æ[:³z©ú¬Á¼þ¤p²~,Appearance:powder in clear glass vial,¥Ö¯l¡A «K¯µ¡A äú¤ß¡A ¸¡Âm,rash¡A constipation¡A nausea¡A diarrhea,,¬Ò¥i¥Î,­G¼Ö¶¶­á´¹ª`®g¾¯20¤½µ·¡]µo¼Ò±è©w¡^,Fadin Lyo inj 20mg,,,,¬O,,µÇ¥\¯à¤£¨¬ªÌ»Ý½Õ¾ã¾¯¶q,,Adjust dosage in renal impairment patients,,,,2020/03Famotidine¯ÊÃÄ´À¥N¡A2020/12°±²£³qª¾,¤@¯ë,ª`®g,Äµ »y:µÇ¥\¯à¤£¨¬ªÌ»Ý½Õ¾ã¾¯¶q,,,0,0,¬O,1.0,,§_,¬O,§_,³æ¤è,§_,°±¥Î,°±¥Î,¤£¥i¿i,¬O,,1.00,1.00,2.00,2.00,9,99,1,1,2.00,2.00,0.10,0.05,,¦³¹Ï¤ù,,0,,0,,A02BA03,,,,,0,,0,,VIAL,§_,°·«Oµ¹¥I,°·«Oµ¹¥I,FAMOTIDINE,A02BA03,AB32990238,§_,Liquid,IVSOL,,,20.00,mg,0,,¥²¶·µ}ÄÀ,³æ¦¸¿éª`,PH006,202106091014,23.20,30.00
IFAM,20130617,99999999,°±¥Î,Famodine inj 20mg/2mL,Famodine inj 20mg/2mL,Famotidine,IVD,BID,ALIM,GI-01-03,°w¾¯,AMP,Gaster,«D²Õ®M,°±¥Î,IFADI,¤@¯ë¥i¥Î,¬O,¥i¥ÎÃÄ¥]¾÷,±ø¥ó¤Uµ¹¥I,¤@¯ë,¦¸­p¶q¶i¦ì,¾AÀ³¯g:®ø¤Æ©Ê¼ìºÅ,,Indication:Duodenal or gastric ulcer¡A gastric hypersecretion,,¥~ Æ[:³z©ú¬Á¼þ¦wÞÀ(amp),Appearance: 2mL ampoule,¥Ö¯l¡A «K¯µ¡A ©Ê¥\¯à­°§C¡A ¸¡Âm,Skin rash¡A constipation¡A decreased sexual ability¡A diarrhea,,¬Ò¥i¥Î,"«n¥ú"¦Æ­G©wª`®g²G,Famodine 20mg,,,§_,¬O,,µÇ¥\¯à¤£¨¬ªÌ»Ý½Õ¾ã¾¯¶q,,Adjust dosage in renal impairment patients,,,,,¤@¯ë,ª`®g,Äµ »y:µÇ¥\¯à¤£¨¬ªÌ»Ý½Õ¾ã¾¯¶q,LA ¥~Æ[¬Û¦ü,,0,0,¬O,1.0,,§_,¬O,§_,³æ¤è,§_,°±¥Î,°±¥Î,¤£¥i¿i,¬O,,1.00,1.00,2.00,2.00,9,999,1,1,2.00,2.00,0.10,0.05,,¦³¹Ï¤ù,,20.00,mg,0,,A02BA03,,,,,,,,,AMP,,°·«Oµ¹¥I,°·«Oµ¹¥I,FAMOTIDINE,A02BA03,AC33072212,§_,Liquid,IVSOL,,,20.00,mg,2.00,mL,¥²¶·µ}ÄÀ,³æ¦¸¿éª`,PH008,202103111339,23.20,30.00
IFAMO,20200305,99999999,°±¥Î,Famoster inj. 20mg/2mL,Famoster inj. 20mg/2mL,Famotidine,IVD,BID,ALIM,GI-01-03,°w¾¯,AMP,Gaster,«D²Õ®M,°±¥Î,,¤@¯ë¥i¥Î,¬O,¥i¥ÎÃÄ¥]¾÷,±ø¥ó¤Uµ¹¥I,¤@¯ë,¦¸­p¶q¶i¦ì,¾AÀ³¯g:®ø¤Æ©Ê¼ìºÅ,,Indication:Duodenal or gastric ulcer¡A gastric hypersecretion,,¥~ Æ[:2mL¦wÞÀ²~¡A¥Õ©³¶À¦r¼ÐÅÒ,Appearance:2mL ampule and white label with yellow font,¥Ö¯l¡A «K¯µ¡A ©Ê¥\¯à­°§C¡A ¸¡Âm,Skin rash¡A constipation¡A decreased sexual ability¡A diarrhea,,¬Ò¥i¥Î,Å@­Gªv©wª`®g²G,Famoster inj. 20mg/2mL,,,,¬O,,µÇ¥\¯à¤£¨¬ªÌ»Ý½Õ¾ã¾¯¶q,,Adjust dosage in renal impairment patients,,,,2020/03Famodine inj¯ÊÃÄ´À¥N,¤@¯ë,ª`®g,Äµ »y:µÇ¥\¯à¤£¨¬ªÌ»Ý½Õ¾ã¾¯¶q,,,0,0,§_,1.0,,§_,¬O,¬O,³æ¤è,,°±¥Î,,¤£¥i¿i,¬O,,1.00,1.00,2.00,2.00,9,999,1,12,2.00,2.00,0.10,0.05,,µL¹Ï¤ù,,20.00,mg,0,,A02BA03,,,,,0,,0,,AMP,§_,°·«Oµ¹¥I,°·«Oµ¹¥I,FAMOTIDINE,A02BA03,AC47442212,,Liquid,IVSOL,,,20.00,mg,2.00,mL,¥²¶·µ}ÄÀ,³æ¦¸¿éª`,PH034,202003121330,23.20,30.00
IFAS,20081201,99999999,¥i¥Î,Faslodex inj 250mg/5mL,Faslodex inj 250mg/5mL,Fulvestrant,IM,,RACA,ON-05-03,°w¾¯,VAL,Faslodex,«D²Õ®M,Á{±ÄÃÄ¡A½Ð³qª¾ÃÄ§½¥~ÁÊ,,ÃÄ©e·|Á{±Ä,¬O,¤£¥i¥ÎÃÄ¥]¾÷,°·«O¤£µ¹¥I,¤@¯ë,Á`¶q¶i¦ì,¾AÀ³¯g: °±¸g°ü¤k¨ÅÀù,,Indication: Treatment of metastatic breast cancer.,,¥~ Æ[:5mL¹w¥R¶ñ«¬ª`®g°w,Appearance:Prefilled 5mL syringe,ª`®g³¡¦ì¤ÏÀ³¡B°I®zµL¤O¡Bäú¤ß¡B¨x»Ã¯À¤W¤É,injection site pain¡A fatigue¡A nausea¡A increased hepatic enzymes,,¥u¥Î©óªù¶E¤Î¦í°|STAT,ªk¬¥¼wª`®g²G,Faslodex inj 250mg/5mL,,,§_,¬O,,½Ð¿í·ÓÂå®v«ü¥Ü¨Ï¥Î¡A ­Yµo¥ÍºÃ¦üÃÄª«¤£¨}¤ÏÀ³½Ð§iª¾Âå¥Í,,Follow doctor's advice. Check with doctor if you notice any side effects.,,½Ð¸m©óÄá¤ó 2-8 «×¦B½c§NÂÃ,Store in a refrigerator (2-8¢XC).,,¤@¯ë,ª`®g,Äµ »y:½Ð¸m©óÄá¤ó 2-8 «×¦B½cÁ×¥ú§NÂÃ«O¦s¡C,,,,,§_,1.0,,§_,¬O,§_,³æ¤è,§_,°±¥Î,°±¥Î,¤£¥i¿i,§_,,2.00,2.00,2.00,2.00,28,28,1,1,2.00,2.00,0,0,,¦³¹Ï¤ù,,0,,0,,L02BA03,,,,,,,,,AMP,,¤£µ¹¥I¶·¦Û¥I,¤£µ¹¥I¶·¦Û¥I,,,,§_,Liquid,SOL,¦M®`¤G¯Å(¡I),,250.00,mg,5.00,mL,¬Ò¥i,³æ¦¸¿éª`,PH047,202309281630,0,19200.00
IFAS0,20170107,99999999,¥i¥Î,Faslodex inj 250mg/5mL (sample),Faslodex inj 250mg/5mL (sample),Fulvestrant,IM,,RACA,ON-05-03,°w¾¯,VAL,Faslodex,«D²Õ®M,Á{±ÄÃÄ¡A½Ð³qª¾ÃÄ§½¥~ÁÊ,,ÃÄ©e·|Á{±Ä,¬O,¤£¥i¥ÎÃÄ¥]¾÷,°·«O¤£µ¹¥I,¤@¯ë,Á`¶q¶i¦ì,¾AÀ³¯g: °±¸g°ü¤k¨ÅÀù,,Indication: Treatment of metastatic breast cancer.,,¥~ Æ[:5mL¹w¥R¶ñ«¬ª`®g°w,Appearance:Prefilled 5mL syringe,ª`®g³¡¦ì¤ÏÀ³¡B°I®zµL¤O¡Bäú¤ß¡B¨x»Ã¯À¤W¤É,injection site pain¡A fatigue¡A nausea¡A increased hepatic enzymes,,¥u¥Î©óªù¶E¤Î¦í°|STAT,ªk¬¥¼wª`®g²G,Faslodex inj 250mg/5mL,,,,¬O,,½Ð¿í·ÓÂå®v«ü¥Ü¨Ï¥Î¡A ­Yµo¥ÍºÃ¦üÃÄª«¤£¨}¤ÏÀ³½Ð§iª¾Âå¥Í,,Follow doctor's advice. Check with doctor if you notice any side effects.,,½Ð¸m©óÄá¤ó 2-8 «×¦B½c§NÂÃ,Store in a refrigerator (2-8¢XC).,[Rx_x]³B¤è¶°¤£Åã¥Ü¡A¼Ë«~ÃÄ,¤@¯ë,ª`®g,Äµ »y:½Ð¸m©óÄá¤ó 2-8 «×¦B½cÁ×¥ú§NÂÃ«O¦s¡C,,,0,0,§_,1.0,,§_,¬O,§_,³æ¤è,§_,°±¥Î,°±¥Î,¤£¥i¿i,§_,,2.00,2.00,2.00,2.00,28,28,1,1,2.00,2.00,0,0,,¦³¹Ï¤ù,,0,,0,,L02BA03,,,,,0,,0,,VIAL,,°·«O¤£¥Ó³ø¤£­p»ù,°·«O¤£¥Ó³ø¤£­p»ù,,,,§_,Liquid,SOL,¦M®`¤G¯Å(¡I),,250.00,mg,5.00,mL,¬Ò¥i,³æ¦¸¿éª`,PH047,202309281629,0,0
IFEB,20061126,99999999,¥i¥Î,Fe-Back inj 2%¡A 5mL,Fe-Back inj 2%¡A 5mL,Ferric-Hydroxide-Sucrose Complex,IVD,QD,NUTR,NU-01-00,°w¾¯,VAL,Fe-Back,«D²Õ®M,,,¤@¯ë¥i¥Î,¬O,¥i¥ÎÃÄ¥]¾÷,¥i¥Î,¤@¯ë,¦¸­p¶q¶i¦ì,¾AÀ³¯g:¥¢¦å¡A ³h¦å©ÎÅK½è¯Ê¥F,,Indication:Treatment of iron deficient anemia,,¥~ Æ[:¸Ë¦³5mL·»²G¤§´Ä¦â¤p²~,,¹L±Ó¤ÏÀ³¡B§C¦åÀ£¡BÀYµh,Anaphylactoid reactions¡A hypotension¡A headache,,¬Ò¥i¥Î,ÅK¸Éª`®g²G,Fe-Back inj 2%¡A 5mL,,,§_,¬O,,¦b¨C¤@¦¸ÀR¯ßª`®g¹Lµ{¡AÆ[¹î30¤ÀÄÁ¡A±K¤ÁºÊ´ú¬O§_²£¥Í¹L±Ó¤ÏÀ³¡C,,Monitor for anaphylaxis/hypersensitivity reaction (test dose for 30 minutes),,¥»«~»Ý¸m©óÁ×¥ú³±²D°®Àê³B,Store at room temperature¡A away from heat¡A moisture¡A and direct light.,,¤@¯ë,ª`®g,»Ýµ¹´ú¸Õ¾¯¡AÆ[¹î30¤ÀÄÁ¡A±K¤ÁºÊ´ú¬O§_²£¥Í¹L±Ó¤ÏÀ³¡C,,,,,¬O,1.0,,§_,¬O,§_,½Æ¤è,§_,°±¥Î,°±¥Î,¤£¥i¿i,¬O,,1.00,1.00,2.00,2.00,99,99,1,1,2.00,2.00,0,0,,¦³¹Ï¤ù,,0,,0,,B03AC91,,,,,,,,,VAL,,°·«Oµ¹¥I,°·«Oµ¹¥I,FERRIC (HYDROXIDE SUCROSE COMPLEX),B03AC,AC45362221,§_,Liquid,IVSOL,,,2000.00,mg,5.00,mL,¥²¶·µ}ÄÀ,³æ¦¸¿éª`,PH008,201803151136,65.00,81.00
IFEN,19960101,99999999,°±¥Î,Fentanyl inj 0.5mg/10mL,Fentanyl inj 0.5mg/10mL,Fentanyl,IV,,CNEU,CN-01-01,°w¾¯,AMP,Fentanyl,«D²Õ®M,°±¥Î,IFEN10,¤@¯ë¥i¥Î,¬O,¤£¥i¥ÎÃÄ¥]¾÷,,¤@¯ë,¤£¶i¦ì,¾AÀ³¯g:³Â¾K©Ê¤îµh¾¯¡A³Â¾K©M³Â¾K«eµ¹ÃÄ¡B«æ©Ê¯kµh¤§ºò«æªvÀø,,Indication:Narcotic analgesics,,¥~ Æ[:³z©ú10 mL¦wÞÀ(amp),Appearance: 10 mL ampoule,¦Ù¦×»øµw¡B§C¦åÀ£¡B¤ß¸õ¹LºC¡B©I§l§í¨î¡Bäú¤ß¡B¹Ã¦R,muscle rigidity¡A hypotension¡A bradycardia¡A apnea¡A nausea¡A vomiting,,¥u¥Î©óªù¶E¤Î¦í°|STAT,§h©Z¥§ª`®g²G,Fentanyl inj 0.5mg/10mL,,,¬O,¬O,,À³µø¨ä¦~ÄÖ¡BÅé­«¤Î¯gªp¤©¥H¾A·í¤§¾¯¶q¡A ¨Ã¯d·NÆ[¹î,,Should consider age¡A weight and disease state to modify dosage.,,,,¶È­­½Õ°tPCA¨Ï¥Î,¤@¯ë,¤G¯ÅºÞ¨î,Äµ »y:À³µø¨ä¦~ÄÖ¡BÅé­«¤Î¯gªp¤©¥H¾A·í¤§¾¯¶q¡A¨Ã¯d·NÆ[¹î,Äµ °ªÄµ°T,,,,¬O,1.0,,§_,§_,§_,³æ¤è,§_,°±¥Î,°±¥Î,¤£¥i¿i,§_,,1.00,1.00,1.00,1.00,1,7,1,1,3.00,3.00,0,0,,¦³¹Ï¤ù,,0,,0,,N01AH01,,,,,,,,,AMP,§_,°·«Oµ¹¥I,°·«Oµ¹¥I,FENTANYL,N01AH01,BC21224229,§_,Liquid,IVSOL,,,,,,,¬Ò¥i,³æ¦¸¿éª`,PH034,202110200958,98.00,123.00
IFEN1,19960101,99999999,°±¥Î,Fentanyl inj 0.05mg/1mL,Fentanyl inj 0.05mg/1mL,Fentanyl,IM,,CNEU,CN-01-01,°w¾¯,ML,Fentany,«D²Õ®M,°±¥Î¡A¥i¬dÃþ¦üÃÄ,,¤w°±¥Î,¬O,¤£¥i¥ÎÃÄ¥]¾÷,,¤@¯ë,¤£¶i¦ì,¾AÀ³¯g:¬°³Â¾K©Ê¤îµh¾¯,,Indication:Narcotic analgesics,,,,,,,¥u¥Î©óªù¶E¤Î¦í°|STAT,§h©Z¥§ª`®g²G,Fentanyl inj 0.05mg/1mL,,,¬O,¬O,,,,,,,,,¤@¯ë,¤G¯ÅºÞ¨î,Äµ »y:À³µø¨ä¦~ÄÖ¡BÅé­«¤Î¯gªp¤©¥H¾A·í¤§¾¯¶q¡A¨Ã¯d·NÆ[¹î,Äµ °ªÄµ°T,,,,¬O,1.0,,§_,§_,§_,³æ¤è,§_,¥i¥Î,¥i¥Î,¤£¥i¿i,§_,,1.00,1.00,999.00,999.00,999,999,1,1,0,0,0,0,,µL¹Ï¤ù,,0,,0,,N01AH01,,,,,,,,,CC,§_,°·«Oµ¹¥I,°·«Oµ¹¥I,FENTANYL,N01AH01,B020542299,§_,Liquid,SOL,,,,,,,¬Ò¥i,³æ¦¸¿éª`,PH008,201505131627,0,11.00
IFEN10,20170301,99999999,¥i¥Î,FENTANYL inj 0.5mg/10mL,FENTANYL inj 0.5mg/10mL(­­³Â¾K¬ì¨Ï¥Î),Fentanyl,IVD,,CNEU,CN-01-01,°w¾¯,AMP,Fentanyl,«D²Õ®M,,,¤@¯ë¥i¥Î,¬O,¤£¥i¥ÎÃÄ¥]¾÷,,¤@¯ë,¤£¶i¦ì,¾AÀ³¯g:³Â¾K©Ê¤îµh¾¯¡A³Â¾K©M³Â¾K«eµ¹ÃÄ¡B«æ©Ê¯kµh¤§ºò«æªvÀø,,Indication:Narcotic analgesics,,¥~ Æ[:³z©ú10 mL¦wÞÀ(amp),Appearance: 10 mL ampoule,¦Ù¦×»øµw¡B§C¦åÀ£¡B¤ß¸õ¹LºC¡B©I§l§í¨î¡Bäú¤ß¡B¹Ã¦R,muscle rigidity¡A hypotension¡A bradycardia¡A apnea¡A nausea¡A vomiting,,¥u¥Î©óªù¶E¤Î¦í°|STAT,§h©Z¥§ª`®g²G0.5²@§J/10²@¤É,FENTANYL inj 0.5mg/10mL,,,¬O,¬O,,À³µø¨ä¦~ÄÖ¡BÅé­«¤Î¯gªp¤©¥H¾A·í¤§¾¯¶q¡A ¨Ã¯d·NÆ[¹î,,Should consider age¡A weight and disease state to modify dosage.,,,,¶È­­½Õ°tPCA¨Ï¥Î,¤@¯ë,¤G¯ÅºÞ¨î,Äµ »y:À³µø¨ä¦~ÄÖ¡BÅé­«¤Î¯gªp¤©¥H¾A·í¤§¾¯¶q¡A¨Ã¯d·NÆ[¹î,Äµ °ªÄµ°T,,0,0,¬O,1.0,,§_,¬O,§_,³æ¤è,§_,°±¥Î,°±¥Î,¤£¥i¿i,§_,,1.00,1.00,1.00,1.00,1,7,1,1,3.00,3.00,0,0,,¦³¹Ï¤ù,,0,,0,,N01AH01,,,,,0,,0,,AMP,,°·«Oµ¹¥I,°·«Oµ¹¥I,FENTANYL,N01AH01,AC44332229,,Liquid,IVSOL,,,0.50,mg,10.00,mL,¬Ò¥i,³æ¦¸\«ùÄò¿éª`,PH047,202301181604,90.00,113.00
IFEN2,20110608,99999999,¥i¥Î,Fentanyl inj 0.1mg/2mL,Fentanyl inj 0.1mg/2mL,Fentanyl,IM,,CNEU,CN-01-01,°w¾¯,AMP,Fentanyl,«D²Õ®M,,,¤@¯ë¥i¥Î,¬O,¤£¥i¥ÎÃÄ¥]¾÷,,¤@¯ë,¤£¶i¦ì,¾AÀ³¯g:³Â¾K©Ê¤îµh¾¯,,Indication:Narcotic analgesics,,¥~ Æ[:³z©ú¦wÞÀ(amp)¡A ¥Õ¦â©³¥~¶K¯È,,¤ß·i®}½w¡A ¤ô¸~¡A ¤¤¼Ï¯«¸g§í¨î¡A §x´b¡A ·w¯t¡A ©ü©ü±ýºÎ,Bradycardia¡A edema¡A CNS depression¡A confusion¡A dizziness¡Adrowsiness,,¥u¥Î©óªù¶E¤Î¦í°|STAT,§h©Z¥§ª`®g²G,Fentanyl inj 0.1mg/2mL,,,¬O,¬O,,À³µø¨ä¦~ÄÖ¡BÅé­«¤Î¯gªp¤©¥H¾A·í¤§¾¯¶q¡A ¨Ã¯d·NÆ[¹î,,Should consider age¡A weight and disease state to modify dosage.,,,,,¤@¯ë,¤G¯ÅºÞ¨î,Äµ »y:À³µø¨ä¦~ÄÖ¡BÅé­«¤Î¯gªp¤©¥H¾A·í¤§¾¯¶q¡A¨Ã¯d·NÆ[¹î,Äµ °ªÄµ°T,,,,¬O,1.0,,¬O,¬O,§_,³æ¤è,§_,°±¥Î,°±¥Î,¤£¥i¿i,§_,,1.00,1.00,5.00,5.00,1,30,1,1,5.00,5.00,4.80,0.10,,¦³¹Ï¤ù,,0,,0,,N01AH01,,,,,,,,,AMP,,°·«Oµ¹¥I,°·«Oµ¹¥I,FENTANYL,N01AH01,AC44332212,§_,Liquid,SOL,,,0.10,mg,2.00,mL,¬Ò¥i,¬Ò¥i,PH047,202301181609,38.00,49.00
IFEN2BAD,20110726,99999999,¥i¥Î,Fentanyl inj 0.1mg/2mL´Ý¾l¾P·´,Fentanyl inj 0.1mg/2mL´Ý¾l¾P·´,Fentanyl,IM,,CNEU,CN-01-01,°w¾¯,AMP,Fentanyl,«D²Õ®M,,,¤@¯ë¥i¥Î,¬O,¤£¥i¥ÎÃÄ¥]¾÷,,¤£¦LÃÄÅÒ,¤£¶i¦ì,¾AÀ³¯g:¬°³Â¾K©Ê¤îµh¾¯,,,,,,,,,¥u¥Î©óªù¶E¤Î¦í°|STAT,,Fentanyl inj 0.1mg/2mL´Ý¾l¾P·´,,,§_,¬O,,,,,,,,[Rx_x]ºÞÃÄ¥á±ó½X¡A³B¤è¶°¤£Åã¥Ü,¤@¯ë,¤G¯ÅºÞ¨î,Äµ »y:À³µø¨ä¦~ÄÖ¡BÅé­«¤Î¯gªp¤©¥H¾A·í¤§¾¯¶q¡A¨Ã¯d·NÆ[¹î,,,,,§_,1.0,,§_,¬O,§_,³æ¤è,§_,°±¥Î,°±¥Î,¤£¥i¿i,§_,,1.00,1.00,1.00,1.00,1,1,1,1,1.00,1.00,0,0,,µL¹Ï¤ù,,0,,0,,,,,,,,,,,AMP,,°·«O¤£¥Ó³ø¤£­p»ù,°·«O¤£¥Ó³ø¤£­p»ù,,,,§_,Liquid,SOL,,,0.10,,2.00,mL,¬Ò¥i,³æ¦¸¿éª`,PH034,202111010934,0,0
IFENBAD,19960101,99999999,°±¥Î,Fentanyl inj 0.05mg/mL´Ý¾l¾PÀì,Fentanyl inj 0.05mg/mL´Ý¾l¾PÀì,Fentanyl,IM,,CNEU,CN-01-01,°w¾¯,ML,Fentanyl,«D²Õ®M,°±¥Î,,¤w°±¥Î,¬O,¤£¥i¥ÎÃÄ¥]¾÷,,¤@¯ë,¤£¶i¦ì,¾AÀ³¯g:¬°³Â¾K©Ê¤îµh¾¯,,,,,,,,,¥u¥Î©óªù¶E¤Î¦í°|STAT,,Fentanyl inj 0.05mg/mL´Ý¾l¾PÀì,,,§_,¬O,,,,,,,,[Rx_x]ºÞÃÄ¥á±ó½X¡A³B¤è¶°¤£Åã¥Ü,¤@¯ë,¤G¯ÅºÞ¨î,Äµ »y:À³µø¨ä¦~ÄÖ¡BÅé­«¤Î¯gªp¤©¥H¾A·í¤§¾¯¶q¡A¨Ã¯d·NÆ[¹î,,,,,¬O,1.0,,§_,§_,§_,³æ¤è,§_,°±¥Î,°±¥Î,¤£¥i¿i,§_,,1.00,1.00,999.00,999.00,999,999,1,1,1.00,1.00,0,0,,µL¹Ï¤ù,,0,,0,,,,,,,,,,,ML,§_,°·«Oµ¹¥I,°·«Oµ¹¥I,FENTANYL,N01AH01,B020542299,§_,Liquid,SOL,,,,,,,¬Ò¥i,³æ¦¸¿éª`,PH047,202401261000,0,11.00
IFIB,20080101,99999999,°±¥Î,FIBRO-VEIN inj 3%¡A 5mL,FIBRO-VEIN inj 3%¡A 5mL,Sodium Tetradecyl Sulphate,IV,STAT,ZOTH,,°w¾¯,VAL,Fibro-Vein,«D²Õ®M,Á{±ÄÃÄ¡A½Ð³qª¾ÃÄ§½¥~ÁÊ,IFIB0,±M®×¶i¤fÃÄ«~,¬O,¤£¥i¥ÎÃÄ¥]¾÷,°·«O¤£µ¹¥I,¤£¦LÃÄÅÒ,Á`¶q¶i¦ì,¾AÀ³¯g:ÀR¯ß¦åºÞ¦±±i,,Indication:Treatment of varicose veins of the leg,,,,,,,¥u¥Î©óªù¶E,,FIBRO-VEIN inj 3%¡A 5mL,,,§_,¬O,,,,,,,,,¤@¯ë,ª`®g,Äµ »y:½Ð¸m©ó«Äµ£µLªk¨ú±o¤§³B,,,,,¬O,1.0,,§_,§_,§_,³æ¤è,§_,¥i¥Î,¥i¥Î,¤£¥i¿i,§_,,1.00,0,99.00,0,99,0,1,0,0,0,0,0,,µL¹Ï¤ù,,0,,0,,C05BB04,,,,,,,,,VAL,,¤£µ¹¥I¶·¦Û¥I,¤£µ¹¥I¶·¦Û¥I,,,,§_,Liquid,IVSOL,,,,,,,¬Ò¥i,³æ¦¸¿éª`,PH008,202010280848,0,14400.00
IFIB0,20080115,99999999,°±¥Î,Fibro-Vein 3%¡A 0.5 mL,Fibro-Vein 3%¡A 0.5 mL,Sodium Tetradecyl Sulphate,IV,STAT,ZOTH,,°w¾¯,DOS,Fibro-Vein,«D²Õ®M,Á{±ÄÃÄ¡A½Ð³qª¾ÃÄ§½¥~ÁÊ,,±M®×¶i¤fÃÄ«~,¬O,¤£¥i¥ÎÃÄ¥]¾÷,°·«O¤£µ¹¥I,¤£¦LÃÄÅÒ,Á`¶q¶i¦ì,¾AÀ³¯g:ÀR¯ß¦åºÞ¦±±i,,Indication:Treatment of varicose veins of the leg,,,,,,,¥u¥Î©óªù¶E¤Î¦í°|STAT,,Fibro-Vein 3%¡A 0.5 mL,,,§_,¬O,,,,,,,,,¤@¯ë,ª`®g,Äµ »y:½Ð¸m©ó«Äµ£µLªk¨ú±o¤§³B,,,,,¬O,1.0,,§_,§_,§_,³æ¤è,§_,¥i¥Î,¥i¥Î,¤£¥i¿i,§_,,1.00,0,10.00,0,1,0,1,0,10.00,10.00,0,0,,µL¹Ï¤ù,,0,,0,,C05BB04,,,,,,,,,DOS,,¤£µ¹¥I¶·¦Û¥I,¤£µ¹¥I¶·¦Û¥I,,,,§_,Liquid,IVSOL,,,,,,,¬Ò¥i,³æ¦¸¿éª`,PH008,202010280848,0,1500.00
IFIB2,20201007,99999999,¥i¥Î,Fibro-Vein inj 3%¡A 2mL (±M®×¶i¤f),Fibro-Vein inj 3%¡A 2mL (±M®×¶i¤f),Sodium Tetradecyl Sulphate,IV,ASORDER,ZOTH,,°w¾¯,AMP,Fibrovein,«D²Õ®M,,,±M®×¶i¤fÃÄ«~,¬O,¥i¥ÎÃÄ¥]¾÷,°·«O¤£µ¹¥I,¤@¯ë,Á`¶q¶i¦ì,¾AÀ³¯g:¥Î©óÀR¯ß¦±±iªvÀø,,Indication:Venous varices.,,¥~ Æ[:2mL ¦wÞÀ,Appearance:2mL ampoule,ÀYµh¡Aäú¤ß¡A¹Ã¦R¡A¯kµh¡A·kÄo¡A¹L±Ó¤ÏÀ³,Headache¡A Nausea¡A vomiting¡A pain¡A itching¡A Allergic reaction,,¥u¥Î©óªù¶E¤Î¦í°|STAT,Fibro-Vein inj 3%¡A 2mL (±M®×¶i¤f),Fibro-Vein inj 3%¡A 2mL (±M®×¶i¤f,,,,¬O,,¦p¦³¥H¤Uª¬ªp½Ð¥ß§YÁpµ¸Âå®v:¹L±Ó¤ÏÀ³¡A¯Ý¤fµh¡A,ª`®g³¡¦ì¯kµh¡A¨`¼ö¡AÄo¡A¸~¡A¥Ö½§²§¼Ë¡A¤p»L¯kµhµ¥¡C,Call your doctor: allergic reaction¡A chest pain¡Apain/burning/itching/swelling,at injection site¡Aabnormal skin sensation¡A calf pain,­­ÀR¯ßª`®gµ¹ÃÄ.,For intravenous use only.,202009¤ßÅ¦¦åºÞ¥~¬ì¥Ó½Ð±M®×¶i¤f¡A¥Ñ³æ¦ì¦VÃÄ®w¹w¥ý½Ð»â¡Akey¶E¥Î¤£µoÃÄ¡C,¤@¯ë,ª`®g,¦p¦³¥H¤Uª¬ªp½Ð¥ß§YÁpµ¸Âå®v:¹L±Ó¤ÏÀ³¡A¯Ý¤fµh¡Aª`®g³¡¦ì¯kµh¡A¨`¼ö¡AÄo¡A¸~¡A¥Ö½§²§¼Ë¡A¤p»L¯kµhµ¥¡C,,,0,0,§_,1.0,,¬O,§_,§_,³æ¤è,§_,°±¥Î,°±¥Î,¤£¥i¿i,§_,,1.00,1.00,5.00,5.00,1,1,1,1,5.00,5.00,0,0,,µL¹Ï¤ù,,0,,0,,C05BB04,,,,,0,,0,,VIAL,,¤£µ¹¥I¶·¦Û¥I,¤£µ¹¥I¶·¦Û¥I,,,,§_,,,,,60.00,mg,2.00,mL,,,PH008,202108111809,0,6000.00
IFIR,20190221,99999999,¥i¥Î,FIRMAGON inj 120mg/3mL,FIRMAGON inj 120mg/3mL,Degarelix,SC,STAT,RACA,ON-05-06,°w¾¯,VAL,Firmagon,«D²Õ®M,Á{±ÄÃÄ¡A½Ð³qª¾ÃÄ§½¥~ÁÊ,,¥»°|Á{±Ä²M³æ,¬O,¥i¥ÎÃÄ¥]¾÷,±ø¥ó¤Uµ¹¥I,¤@¯ë,Á`¶q¶i¦ì,¾AÀ³¯g:¦¨¦~¨k©Ê±ß´Á²üº¸»X¨Ì¿à«¬«e¦C¸¢Àù,,Indication:Treatment of advanced prostate cancer,,¥~ Æ[: ­á´¹°®¯»¤p²~ + µ}ÄÀ²G,Appearance: powder in a Vial + diluted solution,¼ö¼é¬õ¡AÅé­«¼W¥[¡Aª`®g³¡¦ì¸~µÈ¡Aµo¿N¡A´HÅ¸,Hot flash¡A weight gain¡A swelling at injection site¡A fever¡A chills,,¥u¥Î©óªù¶E¤Î¦í°|STAT,»²¬ü±dª`®g¾¯120²@§J,FIRMAGON inj 120mg/3mL,,,,¬O,,¥i¯à¥X²{¼È®É©Êµø¤O¼Ò½k¡AÁ×§K¶}¨®©Î¾Þ§@»ö¾¹¡C,Àx¦s©ó30¢J¥H¤U¡A¤£¥i§N­á¡C,Avoid driving or operating machinery if you occur vision blurred.,Store at room temperature (<30¢J). Don't freeze.,½Õ°t®ÉÁ×§K·n®Ì¥H¹w¨¾®ðªw²£,Avoid shaking to prevent foam formation.,2019.02­Ó®×Á{±Ä,¤@¯ë,ª`®g,¥i¯à¥X²{¼È®É©Êµø¤O¼Ò½k¡AÁ×§K¶}¨®©Î¾Þ§@»ö¾¹¡C,,,0,0,§_,1.0,,¬O,¬O,§_,³æ¤è,,°±¥Î,,¤£¥i¿i,§_,,2.00,2.00,2.00,2.00,28,28,1,1,2.00,2.00,0,0,,µL¹Ï¤ù,,0,,0,,L02BX02,,,,,0,,0,,VIAL,§_,°·«Oµ¹¥I,°·«Oµ¹¥I,DEGARELIX,L02BX02,BC25883257,,SolidDrugForm,POWD,¦M®`¤G¯Å(¡I),,120.00,mg,3.00,mL,,,PH032,202109091825,2687.00,3224.00
IFIR8,20181212,99999999,¥i¥Î,Firmagon inj 80mg/4mL,Firmagon inj 80mg/4mL,Degarelix,SC,STAT,RACA,ON-05-06,°w¾¯,Vial,Firmagon,«D²Õ®M,,,¤@¯ë¥i¥Î,¬O,¥i¥ÎÃÄ¥]¾÷,±ø¥ó¤Uµ¹¥I,¤@¯ë,Á`¶q¶i¦ì,¾AÀ³¯g:¦¨¦~¨k©Ê±ß´Á²üº¸»X¨Ì¿à«¬«e¦C¸¢Àù,,Indication:Treatment of advanced prostate cancer,,¥~ Æ[: ­á´¹°®¯»¤p²~ + µ}ÄÀ²G,Appearance: powder in a Vial + diluted solution,¼ö¼é¬õ¡AÅé­«¼W¥[¡Aª`®g³¡¦ì¸~µÈ¡Aµo¿N¡A´HÅ¸,Hot flash¡A weight gain¡A swelling at injection site¡A fever¡A chills,,¥u¥Î©óªù¶E¤Î¦í°|STAT,»²¬ü±dª`®g¾¯80²@§J,Firmagon inj 80mg/4mL,,,,¬O,,¥i¯à¥X²{¼È®É©Êµø¤O¼Ò½k¡AÁ×§K¶}¨®©Î¾Þ§@»ö¾¹¡C,,Avoid driving or operating machinery if you occur vision blurred.,,Àx¦s©ó30¢J¥H¤U¡A¤£¥i§N­á¡C,Store at room temperature (<30¢J). Don't freeze.,2018.12ÃÄ©e·s¶i,¤@¯ë,ª`®g,¥i¯à¥X²{¼È®É©Êµø¤O¼Ò½k¡AÁ×§K¶}¨®©Î¾Þ§@»ö¾¹¡C,,,0,0,§_,1.0,,§_,¬O,§_,³æ¤è,,°±¥Î,°±¥Î,¤£¥i¿i,¬O,,1.00,1.00,2.00,1.00,28,28,1,1,2.00,1.00,0,0,,¦³¹Ï¤ù,,0,,0,,L02BX02,,,,,0,,0,,VIAL,§_,°·«Oµ¹¥I,°·«Oµ¹¥I,DEGARELIX,L02BX02,BC25882253,,SolidDrugForm,POWD,¦M®`¤G¯Å(¡I),,80.00,mg,0,,,,PH047,202401101449,2687.00,3224.00
IFLU,19960101,99999999,°±¥Î,Fluimucil inj 300mg/3mL,Fluimucil inj 300mg/3mL,Acetylcysteine,IV,,ZADT,AD-02-00,°w¾¯,AMP,Fluimucil,«D²Õ®M,°±¥Î,IENC,¤w°±¥Î,¬O,¤£¥i¥ÎÃÄ¥]¾÷,,¤@¯ë,¦¸­p¶q¶i¦ì,¾AÀ³¯g:Acetamiophen¤§¸Ñ¬r¾¯¤Î×¶·ð¾¯,,,,,,,,,,,Fluimucil inj 300mg/3mL,,,§_,¬O,,,,,,,,,¤@¯ë,ª`®g,,,,,,¬O,1.0,,§_,§_,§_,³æ¤è,§_,¥i¥Î,¥i¥Î,¤£¥i¿i,¬O,,1.00,1.00,99.00,99.00,999,999,1,1,0,0,0,0,,µL¹Ï¤ù,,0,,0,,,,,,,,,,,AMP,§_,°·«Oµ¹¥I,°·«Oµ¹¥I,ACETYLCYSTEINE,R05CB01,B004581216,§_,Liquid,IVSOL,,,,,,,¬Ò¥i,³æ¦¸¿éª`,PH032,201408071614,31.60,40.00
IFLU1,20110910,99999999,°±¥Î,Fluorouracil inj 1000mg/20mL,Fluorouracil inj 1000mg/20mL,5-Fluorouracil,IVD,,RACA,ON-02-01,°w¾¯,mg,5-FU,«D²Õ®M,°±¥Î,IFLU2,¤@¯ë¥i¥Î,¬O,¤£¥i¥ÎÃÄ¥]¾÷,¥i¥Î,¤@¯ë,¦¸­p¶q¶i¦ì,¾AÀ³¯g:§Ü¸~½FÃÄ,,Indication:Cancer therapy.,,¥~ Æ[:20mL³z©ú¤p²~,Appearance: 20 mL vial,¸¡Âm¡A äú¤ß¡A ¹Ã¦R¡A ±¼¾v,Diarrhea¡A nausea & vomiting¡A alopecia.,,¬Ò¥i¥Î,¦³§QÀù,Fluorouracil,,,§_,¬O,,¥»«~¬°­«¯gªvÀøÃÄ¡A ½Ð¨Ì·ÓÂå®v«ü¥Ü¨Ï¥Î,,Take this medicine exactly as your doctor ordered.,,,,,¤ÆÀø,¤ÆÀø,Äµ »y:¥»«~¬°­«¯gªvÀøÃÄª«¡A½Ð¨Ì·ÓÂå®v«ü¥Ü¨Ï¥Î¡C,Äµ °ªÄµ°T,,20.0,-20.0,¬O,1000.0,,§_,§_,§_,³æ¤è,§_,¥i¥Î,¥i¥Î,¤£¥i¿i,¬O,,1.00,1.00,4800.00,4800.00,7,7,1,1,4800.00,4800.00,0,0,,¦³¹Ï¤ù,,0,,0,,L01BC02,,,,,,,,,VIAL,,°·«Oµ¹¥I,°·«Oµ¹¥I,FLUOROURACIL,L01BC02,BC23404238,§_,Liquid,IVSOL,,,,,,,¬Ò¥i,³æ¦¸¿éª`,PH032,202109091843,115.00,138.00
IFLU10,20111201,99999999,¥i¥Î,Fluorescite 10% 5mL,Fluorescite 10% 5mL,Fluorescein,IVPUSH,STAT,ZOTH,VS-01-05,°w¾¯,AMP,,«D²Õ®M,,,¤@¯ë¥i¥Î,¬O,¤£¥i¥ÎÃÄ¥]¾÷,°·«O¤£µ¹¥I,¤£¦LÃÄÅÒ,Á`¶q¶i¦ì,¾AÀ³¯g:¦åºÞ³y¼v¾¯,,Indication:Diagnostic fluorescein angiography,,¥~ Æ[:5mL¤p²~¸Ë¡A ¤º¥R¶ñ¬õ¾í¦â¤ô·»²G,Appearance: 5 mL Vial with purple cap.,äú¤ß¡B¹Ã¦R¡B¸z­G¯kµh¡BÀYµh¡B§¿¦âÅÜ¡]«G¶À¦â¡^,Nausea¡A vomitting¡A abdomal pain¡A headache¡A urine discoloration (bright yellow),,¥u¥Î©óªù¶E¤Î¦í°|STAT,ªAÄá±oª`®g¾¯,Fluorescite 10% 5mL,,,§_,¬O,,¥Ö½§·|µu¼È©ÊÅÜ¶À¡A6¦Ü12¤p®É¤º·|«ì´_¡C,,Skin may temporarily turn a yellow color and usually fades in 6 to 12 hours.,,§¿²G§e²{ÂA¶À¦â¡A24¦Ü36¤p®É¤º·|«ì´_¡C,Urine may appear bright yellow for 24 to 36 hours.,,¤@¯ë,ª`®g,¥Ö½§µu¼È©ÊÅÜ¶À(6¦Ü12¤p®É)¤Î§¿²G·|¦³µu¼È©ÊÅÜ¶À(24¦Ü36¤p®É)¡C,Äµ °ªÄµ°T,,0,0,§_,1.0,,§_,¬O,¬O,³æ¤è,§_,°±¥Î,°±¥Î,¤£¥i¿i,§_,,1.00,1.00,1.00,1.00,1,1,1,1,1.00,1.00,0,0,,¦³¹Ï¤ù,,0,,0,,S01JA01,,,,,,,,,VIAL,,¤£µ¹¥I¶·¦Û¥I,¤£µ¹¥I¶·¦Û¥I,,,,§_,Liquid,SOL,,,500.00,mg,5.00,mL,¬Ò¥i,³æ¦¸¿éª`,PH034,202101261427,0,660.00
IFLU2,20170314,99999999,¥i¥Î,5-FU inj 1000mg/20mL,5-FU inj 1000mg/20mL,Fluorouracil,IVD,,RACA,ON-02-01,°w¾¯,mg,5-FU,«D²Õ®M,,,¤@¯ë¥i¥Î,¬O,¤£¥i¥ÎÃÄ¥]¾÷,¥i¥Î,¦C¦Lªù¶EÃÄÅÒ,¦¸­p¶q¶i¦ì,¾AÀ³¯g:§Ü¸~½FÃÄ,°t»s«á«O¦s´Á­­¡G72hrs(25¢XC)¡AÁ×¥ú«O¦s¡A½Õ»s®É¶¡¡G,Indication:Cancer therapy.,,¥~ Æ[:20mL³z©ú¤p²~,Appearance: 20 mL vial,¸¡Âm¡A äú¤ß¡A ¹Ã¦R¡A ±¼¾v,Diarrhea¡A nausea & vomiting¡A alopecia.,,¬Ò¥i¥Î,¦n´_ª`®g²G50²@§J/²@¤É,¡I¡I5-FU,,,,¬O,,¥»«~¬°­«¯gªvÀøÃÄ¡A ½Ð¨Ì·ÓÂå®v«ü¥Ü¨Ï¥Î,,Take this medicine exactly as your doctor ordered.,,,,,¤ÆÀø,¤ÆÀø,Äµ »y:¥»«~¬°­«¯gªvÀøÃÄª«¡A½Ð¨Ì·ÓÂå®v«ü¥Ü¨Ï¥Î¡C,Äµ °ªÄµ°T,,0,0,¬O,1000.0,,§_,¬O,§_,³æ¤è,§_,°±¥Î,°±¥Î,¤£¥i¿i,¬O,,1.00,1.00,4800.00,4800.00,7,7,1,1,4800.00,4800.00,0,0,,¦³¹Ï¤ù,,0,,0,,L01BC02,,,,,0,,0,,VIAL,,°·«Oµ¹¥I,°·«Oµ¹¥I,FLUOROURACIL,L01BC02,AA58033238,§_,Liquid,IVSOL,¦M®`¤@¯Å(¡I¡I),,1000.00,mg,20.00,mL,¥²¶·µ}ÄÀ,³æ¦¸¿éª`,PH065,202212180947,115.00,138.00
IFLU4,20170828,99999999,°±¥Î,GSK 4»ù¦Û¶O¬y·P(Fluarix Tetra)0.5mL/dose,GSK 4»ù¦Û¶O¬y·P(Fluarix Tetra)0.5mL/dose,Purified Split Inactivated Influenza Virus,IM,STAT,HIMM,IM-02-02,°w¾¯,DOS,Influenza Vaccine Quadrivalent,«D²Õ®M,°±¥Î,IVAXS,¤@¯ë¥i¥Î,§_,¥i¥ÎÃÄ¥]¾÷,°·«O¤£µ¹¥I,¤@¯ë,Á`¶q¶i¦ì,¾AÀ³¯g:6­Ó¤ë¥H¤W¨àµ£¤Î¦¨¤H¤§¬y¦æ©Ê·P«_¬Ì­],,Indication:Influenza vaccine for 6 months older.,,¥~ Æ[:¹w¥R¶ñª`®g°wµ©,Appearance: Suspension for injection in pre-filled syringe.,ÀYµh¡A ¦Ùµh¡A ±µºØ³¡¦ì¯kµh,Headache¡A myalgia¡A injection site reaction.,,¥u¥Î©óªù¶E¤Î¦í°|STAT,¥ñ¾A¬y,Fluarix Tetra inj (4»ù¬y·P¬Ì­]),FLU_4,,,¬O,,»â¨ú¬Ì­]«á¡A ½Ð¥ß§Y¦Üª`®g«Ç¨Ì«ü¥Ü¨Ï¥Î,,After receiving the vaccine¡A please go to the injection room immediately.,,¬I¥´«eÀ³¥ý¥R¤À®¶·n°wµ©,Shake evenly before using it.,,¤@¯ë,ª`®g,Äµ »y:»â¨ú¬Ì­]«á¡A½Ð¥ß§Y¦Üª`®g«Ç¨Ì«ü¥Ü¨Ï¥Î¡C,,,0,0,§_,1.0,,§_,¬O,¬O,³æ¤è,§_,°±¥Î,°±¥Î,¤£¥i¿i,§_,,1.00,1.00,1.00,1.00,1,1,1,1,1.00,1.00,0,0,,¦³¹Ï¤ù,,0,,0,,J07BB02,,,,,0,,0,,VIAL,§_,¤£µ¹¥I¶·¦Û¥I,¤£µ¹¥I¶·¦Û¥I,,,,§_,Liquid,SOL,,,,,0.50,mL,¬Ò¥i,³æ¦¸¿éª`,PH006,202401281048,0,950.00
IFLUC,20231220,99999999,¥i¥Î,Fluconazole (Flucon) inj 200mg/100mL,Fluconazole (Flucon) inj 200mg/100mL,Fluconazole,IVD,QD,QANB,AI-02-00,°w¾¯,BOT,Diflucan,«D²Õ®M,,,¤@¯ë¥i¥Î,¬O,¥i¥ÎÃÄ¥]¾÷,±ø¥ó¤Uµ¹¥I,¤@¯ë,¦¸­p¶q¶i¦ì,¾AÀ³¯g: §ÜÅðµß¾¯¡C,,Indication:Treatment of mycotic infections.,,¥~ Æ[: 100²@¤É³z©ú¬Á¼þ²~,Appearance: 100 mL clear glass bottle,¸¡µh¡B¸¡Âm¡BÀYµh¡Bäú¤ß¡B¥Ö¯l¡BÅöíwµo§@¡BÀY·w¡C,Abdominal pain¡A diarrhea¡A headache¡A nausea¡A rash¡A seizures¡A dizziness.,¤@¯ëÃþ§Ü¥Í¯À,¬Ò¥i¥Î,½§±dÀR¯ß¿éª`²G200²@§J/100²@¤É,Flucon inj 200mg/100mL,,,,¬O,,­Yµo¥ÍÄY­«¹L±Ó©Îµo¯lµ¥¤£¾A¯gª¬¡AÀ³§Y°±ÃÄ¨Ã½Ð±ÐÂå®v¡C,­YÀY·w©ÎÅöíwµo§@¡AÀ³¦Ò¼{Á×§K¾r¾p©Î¾Þ§@¾÷±ñ¡C,Report to doctor¡A if any severe hypersensitivity or skin rash occurs.,Avoid driving or operating machinery if dizziness or seizures occur.,Ãh¥¥®ÉÀ³Á×§K¨Ï¥Î¡A¤k©ÊÀ³«ùÄòÁ×¥¥¦Ü³Ì«á¤@¾¯«á1¶g¡C,Avoid use during pregnancy. Use contraception during and 1 week after last dose.,202312 Diflucan°w¾¯¯Ê³f´À¥N,¤@¯ë,ª`®g,Äµ »y: ­Yµo¥ÍÄY­«¹L±Ó©Îµo¯lµ¥¤£¾A¯gª¬¡AÀ³§Y°±ÃÄ¨Ã½Ð±ÐÂå®v,,,0,0,§_,1.0,,¬O,¬O,§_,³æ¤è,,°±¥Î,,¤£¥i¿i,¬O,,1.00,1.00,4.00,4.00,7,7,1,1,10.00,10.00,0.20,0.20,,¦³¹Ï¤ù,,200.00,mg,0,3-6 mg/Kg/day,J02AC01,,,,,0.20,g,0.20,g,VIAL,§_,°·«Oµ¹¥I,°·«Oµ¹¥I,FLUCONAZOLE,J02AC01,AC41802255,§_,Liquid,IVSOL,¦M®`¤G¯Å(¡I),,200.00,mg,100.00,mL,¤£»Ýµ}ÄÀ,³æ¦¸¿éª`,PH047,202403121400,247.00,296.00
IFLUCEL,20200914,99999999,¥i¥Î,Flucelvax quad (»²¬y«Â¾A¬y·P¬Ì­]) 0.5mL/dose,Flucelvax quad (»²¬y«Â¾A¬y·P¬Ì­]) 0.5mL/dose,Purified Split Inactivated Influenza Virus,IM,STAT,HIMM,IM-02-02,°w¾¯,DOS,Influenza Vaccine Quadrivalent,«D²Õ®M,°±¥Î,,¤@¯ë¥i¥Î,¬O,¥i¥ÎÃÄ¥]¾÷,°·«O¤£µ¹¥I,¤@¯ë,Á`¶q¶i¦ì,¾AÀ³¯g:6­Ó¤ë¥H¤W¨àµ£¤Î¦¨¤H¤§¬y¦æ©Ê·P«_¬Ì­],,Indication:Influenza vaccine for 6 months older,,¥~ Æ[:¹w¥R¶ñª`®g°wµ©,Appearance: Suspension for injection in pre-filled syringe.,ÀYµh¡A ¦Ùµh¡A ±µºØ³¡¦ì¯kµh,Headache¡A myalgia¡A injection site reaction.,,¥u¥Î©óªù¶E¤Î¦í°|STAT,»²¬y«Â¾A¬y·P¬Ì­],Flucelvax quad (»²¬y«Â¾A¬y·P¬Ì­]),FLU_4,,,¬O,,»â¨ú¬Ì­]«á¡A ½Ð¥ß§Y¦Üª`®g«Ç¨Ì«ü¥Ü¨Ï¥Î,,After receiving the vaccine¡A please go to the injection room immediately.,,À³·n®Ì§¡¤Ã«á¦A¬I¥´,Shake evenly before using it.,2020.10·s¶i,¤@¯ë,ª`®g,Äµ »y:»â¨ú¬Ì­]«á¡A½Ð¥ß§Y¦Üª`®g«Ç¨Ì«ü¥Ü¨Ï¥Î¡C,,,0,0,§_,1.0,,¬O,¬O,¬O,³æ¤è,,°±¥Î,°±¥Î,¤£¥i¿i,§_,,1.00,1.00,1.00,1.00,1,1,1,1,1.00,1.00,0,0,,¦³¹Ï¤ù,,0,,0,,J07BB02,,,,,0,,0,,¤ä,§_,¤£µ¹¥I¶·¦Û¥I,¤£µ¹¥I¶·¦Û¥I,,,,,Liquid,SOL,,,0,,0.50,mL,,,PH006,202402081053,0,1600.00
IFLUO,20070401,99999999,°±¥Î,Fluorouracil inj 1000mg/20mL,Fluorouracil inj 1000mg/20mL,5-Fluorouracil,IVD,,RACA,ON-02-01,°w¾¯,mg,5-FU,«D²Õ®M,°±¥Î,,¤@¯ë¥i¥Î,¬O,¤£¥i¥ÎÃÄ¥]¾÷,¥i¥Î,¤@¯ë,¦¸­p¶q¶i¦ì,¾AÀ³¯g:§Ü¸~½FÃÄ,,Indication:Anticarcinoma agent,,¥~ Æ[:20mL³z©ú¤p²~(VAIL),,¸¡Âm¡A äú¤ß¡A ¹Ã¦R¡A ±¼¾v,Diarrhea¡A nausea & vomiting¡A alopecia.,,¬Ò¥i¥Î,ªA¼ÖÀùª`®g²G,Fluorouracil inj 1000mg/20mL,,,§_,¬O,,¥»«~¬°­«¯gªvÀøÃÄ¡A ½Ð¨Ì·ÓÂå®v«ü¥Ü¨Ï¥Î,,Take this medicine exactly as your doctor ordered.,,,,,¤ÆÀø,¤ÆÀø,Äµ »y:¥»«~¬°­«¯gªvÀøÃÄª«¡A½Ð¨Ì·ÓÂå®v«ü¥Ü¨Ï¥Î¡C,Äµ °ªÄµ°T,,20.0,-20.0,§_,1000.0,,§_,§_,§_,³æ¤è,§_,¥i¥Î,¥i¥Î,¤£¥i¿i,¬O,,1.00,1.00,1500.00,1500.00,7,7,1,1,0,0,0,0,,¦³¹Ï¤ù,,0,,0,,L01BC02,,,,,,,,,VAL,,°·«Oµ¹¥I,°·«Oµ¹¥I,FLUOROURACIL,L01BC02,B020807238,§_,Liquid,IVSOL,,,,,,,¬Ò¥i,³æ¦¸¿éª`,PH032,202109091843,115.00,138.00
IFLUV1,20181231,99999999,¥i¥Î,§K¶O¦¨¤H4»ù¬y·P 0.5mL/dose,Free 4 valent Influenza vaccine (Adult) 0.5mL/dose,Purified Split Inactivated Influenza Virus,IM,STAT,HIMM,IM-02-02,°w¾¯,DOS,Influenza Vaccine Quadrivalent,«D²Õ®M,°±¥Î,,¤@¯ë¥i¥Î,¬O,¥i¥ÎÃÄ¥]¾÷,­­¥Î,¤@¯ë,¦¸­p¶q¶i¦ì,¾AÀ³¯g:¾A¥Î©ó3·³¥H¤W¨àµ£¤Î¦¨¤H¤§¬y¦æ©Ê·P«_¬Ì­],,Indication:Influenza vaccine for 3 years and older .,,¥~ Æ[:¥R¶ñ¦¡ª`®g°wµ©¡A³»ºÝ¬°¦Ç¦â,Appearance: Suspension for injection in pre-filled syringe.,ÀYµh¡A ¦Ùµh¡A ±µºØ³¡¦ì¯kµh,Headache¡A myalgia¡A injection site reaction.,,¥u¥Î©óªù¶E¤Î¦í°|STAT,§K¶O¦¨¤H4»ù¬y·P¬Ì­],§K¶O¦¨¤H4»ù¬y·P 0.5mL/dose,FLU_4,,,¬O,,»â¨ú¬Ì­]«á¡A ½Ð¥ß§Y¦Üª`®g«Ç¨Ì«ü¥Ü¨Ï¥Î,,After receiving the vaccine¡A please go to the injection room immediately.,,,,2019.01 ¦¨¤H¤½¶O4»ù¬y·P¬Ì­],¤@¯ë,ª`®g,Äµ »y:»â¨ú¬Ì­]«á¡A½Ð¥ß§Y¦Üª`®g«Ç¨Ì«ü¥Ü¨Ï¥Î¡C,,,0,0,§_,1.0,,§_,¬O,¬O,³æ¤è,,°±¥Î,,¤£¥i¿i,§_,,1.00,1.00,1.00,1.00,1,1,1,1,1.00,1.00,0,0,,¦³¹Ï¤ù,,0,,0,,J07BB02,,,,,0,,0,,¤ä,,°·«Oµ¹¥I,°·«Oµ¹¥I,,,J000138206,,Liquid,SOL,,,0,,0.50,mL,¤£»Ýµ}ÄÀ,,PH006,202403131518,0,0
IFLUV3,20181231,99999999,¥i¥Î,§K¶O¤p¨à4»ù¬y·P(>3·³) 0.5mL/dose,Free 4 valnet Influenza vaccine(>3y/o) 0.5mL/dose,Purified Split Inactivated Influenza Virus,IM,STAT,HIMM,IM-02-02,°w¾¯,DOS,Influenza Vaccine Quadrivalent,«D²Õ®M,,,¤@¯ë¥i¥Î,¬O,¥i¥ÎÃÄ¥]¾÷,­­¥Î,¤£¦LÃÄÅÒ,¦¸­p¶q¶i¦ì,¾AÀ³¯g:¾A¥Î©ó3·³¥H¤W¨àµ£¤Î¦¨¤H¤§¬y¦æ©Ê·P«_¬Ì­],,Indication:Influenza vaccine for 3 years and older .,,¥~ Æ[:¥R¶ñ¦¡ª`®g°wµ©¡A³»ºÝ¬°¦Ç¦â,Appearance: Suspension for injection in pre-filled syringe.,ÀYµh¡A ¦Ùµh¡A ±µºØ³¡¦ì¯kµh,Headache¡A myalgia¡A injection site reaction.,,¥u¥Î©óªù¶E¤Î¦í°|STAT,§K¶O4»ù¬y·P¬Ì­],§K¶O¤p¨à4»ù¬y·P(>3·³) 0.5mL/dose,FLU_4,,,¬O,,»â¨ú¬Ì­]«á¡A ½Ð¥ß§Y¦Üª`®g«Ç¨Ì«ü¥Ü¨Ï¥Î,,After receiving the vaccine¡A please go to the injection room immediately.,,,,2019.01 ¤p¨à¤½¶O4»ù¬y·P¬Ì­],¤@¯ë,ª`®g,Äµ »y:»â¨ú¬Ì­]«á¡A½Ð¥ß§Y¦Üª`®g«Ç¨Ì«ü¥Ü¨Ï¥Î¡C,,,0,0,§_,1.0,,§_,¬O,¬O,³æ¤è,,°±¥Î,,¤£¥i¿i,§_,,1.00,1.00,1.00,1.00,1,1,1,1,1.00,1.00,0,0,,¦³¹Ï¤ù,,0,,0,,J07BB02,,,,,0,,0,,¤ä,,°·«Oµ¹¥I,°·«Oµ¹¥I,,,J000138206,,,,,,0,,0.50,mL,,,PH006,202310020808,0,0
IFLUV5,20190130,99999999,¥i¥Î,§K¶O¥®¨à4»ù¬y·P(6M~3Y) 0.5mL/dose,Free 4 valnet Influenza vaccine (6M~3Y) 0.5mL/dose,Purified Split Inactivated Influenza Virus,IM,STAT,HIMM,IM-02-02,°w¾¯,DOS,Influenza Vaccine Quadrivalent,«D²Õ®M,°±¥Î,,¤@¯ë¥i¥Î,§_,¤£¥i¥ÎÃÄ¥]¾÷,­­¥Î,¤£¦LÃÄÅÒ,Á`¶q¶i¦ì,¾AÀ³¯g:¬y¦æ©Ê·P«_¬Ì­],,Indication:Influenza vaccine.,,¥~ Æ[: 0.5mL ¹w¶ñ¥R°wµ©,Appearance: Prefilled syringe 0.5mL,ÀYµh¡A ¬y¦½¡A ¦Ùµh¡A µL¤O¡A µo¼ö,Headache¡A sweating¡A myalgia¡A arthralgia¡A fever,,¥u¥Î©óªù¶E¤Î¦í°|STAT,§K¶O¥®¨à4»ù¬y·P¬Ì­],§K¶O¥®¨à4»ù¬y·P¬Ì­],FLU_4,,,¬O,,»â¨ú¬Ì­]«á¡A ½Ð¥ß§Y¦Üª`®g«Ç¨Ì«ü¥Ü¨Ï¥Î,,After receiving the vaccine¡A please go to the injection room immediately.,,,,2019.01 ¤p¨à6­Ó¤ë-3·³¤½¶O4»ù¬y·P¬Ì­],¤@¯ë,ª`®g,Äµ »y:»â¨ú¬Ì­]«á¡A½Ð¥ß§Y¦Üª`®g«Ç¨Ì«ü¥Ü¨Ï¥Î¡C,,,0,0,§_,1.0,,§_,¬O,¬O,³æ¤è,§_,°±¥Î,°±¥Î,¤£¥i¿i,§_,,1.00,1.00,1.00,1.00,1,1,1,1,1.00,1.00,0,0,,¦³¹Ï¤ù,,0,,0,,J07BB02,,,,,0,,0,,VAL,§_,°·«Oµ¹¥I,°·«Oµ¹¥I,,,K001036206,§_,Liquid,SOL,,,0,,0.50,mL,,,PH006,202403051557,0,0
IFMR,20201215,99999999,¥i¥Î,Flumarin inj 1gm,Flumarin inj 1gm,Flomoxef,IVD,Q12H,QANB,AI-01-02,°w¾¯,Vial,Flumarin,«D²Õ®M,,,¤@¯ë¥i¥Î,¬O,¥i¥ÎÃÄ¥]¾÷,¥i¥Î,¤@¯ë,¦¸­p¶q¶i¦ì,¾AÀ³¯g:²Óµß©Ê·P¬V,,Indication:Bacterial infections.,,¥~ Æ[:1 gm³z©ú¤p²~¡A¬õ¦â¥~»\,Appearance:1 gm single-vial,¬õ¯l¡A³h¦å¡A¨x¥\¯à²§±`¡A¸¡Âm.,Red rash¡A anemia¡A abnormal liver function¡A diarrhea.,ºÞ¨îÃþ§Ü¥Í¯À,¬Ò¥i¥Î,¬tÅð¹çÀR¯ßª`®g¾¯1¤½§J,Flumarin inj 1 gm,,,,¬O,,ÀR¯ß¤º¤j¶q§ë»P¥i¯àµo¥Í¯kµh¡A¨`¼ö¡AÀR¯ßª¢.,,Large amounts of intravenous administration may occur Pain¡A burning¡Aand phlebits,,¨Ï¥Î®ÉÀ³ºÉ¶q©ñºC¿éª`³t«×.,The infusion rate should be as slow as possible.,2020.Q4ÃÄ©e·s¶i,¤@¯ë,ª`®g,ÀR¯ß¤º¤j¶q§ë»P¥i¯àµo¥Í¯kµh¡A¨`¼ö¡AÀR¯ßª¢.,SA «÷­µ¬Û¦ü,,0,0,§_,1.0,,§_,¬O,§_,³æ¤è,§_,°±¥Î,°±¥Î,¤£¥i¿i,¬O,,1.00,1.00,2.00,2.00,7,7,1,1,4.00,4.00,0,0,,¦³¹Ï¤ù,,0,,0,,J01DC14,,,,,1.00,g,2.00,g,VIAL,§_,°·«Oµ¹¥I,°·«Oµ¹¥I,FLOMOXEF,J01DC14,BC24321209,,Liquid,IVSOL,,,1.00,GM,0,mL,¥²¶·µ}ÄÀ,³æ¦¸¿éª`,PH047,202311211448,269.00,323.00
IFOLI,20150814,99999999,¥i¥Î,Folina °w¾¯100mg/10mL,Folina inj 100mg/10mL,Folinate,IVD,,ZADT,AD-02-00,°w¾¯,mg,Leucovorin,«D²Õ®M,°±¥Î,ICOV,¤@¯ë¥i¥Î,¬O,¥i¥ÎÃÄ¥]¾÷,¥i¥Î,¤@¯ë,¦¸­p¶q¶i¦ì,¾AÀ³¯g:¸­»Ä«ú§Ü¾¯¤§¸Ñ¬r¾¯,°t»s«á«O¦s´Á­­¡G24hrs(25¢XC),Indications:Intoxication of folic acid antagonist.,,¥~ Æ[: 10mL ¤p²~,Appearance: 10mL Vial,¹L±Ó¤ÏÀ³,Allergic reactions.,,¥u¥Î©óªù¶E¤Î¦í°|STAT,ªÜµY¨È ª`®g²G 10²@§J/²@¤É,Folina,,,,¬O,,¥»«~»Ý¸m©óÁ×¥ú§NÂÃ(2-8«×)³B,,Store in 2-8¢XC¡A away from heat¡A moisture¡A and direct light.,,,,104-3 ÃÄ©e·|¨ú¥NBW-Folin inj 1000mg/100mL,¤ÆÀø,¤@¯ë,Äµ »y:½Ð¸m©óÄá¤ó 2-8 «×¦B½cÁ×¥ú§NÂÃ«O¦s¡C,,ª`®g¾¯,0,0,§_,100.0,,§_,¬O,§_,³æ¤è,§_,°±¥Î,°±¥Î,¤£¥i¿i,¬O,,1.00,1.00,2000.00,2000.00,7,7,1,1,2000.00,2000.00,0,0,,¦³¹Ï¤ù,,0,,0,,V03AF03,,,,,0,,0,,VIAL,§_,°·«Oµ¹¥I,°·«Oµ¹¥I,LEUCOVORIN,V03AF03,AC48426229,§_,Liquid,IVSOL,,,100.00,mg,10.00,mL,¬Ò¥i,³æ¦¸¿éª`,PH032,202402200911,75.00,94.00
IFOR,19960101,99999999,°±¥Î,Fortum 1gm,Fortum 1gm,Ceftazidime,IVD,,QANB,AI-01-02,°w¾¯,VAL,Fortum,«D²Õ®M,°±¥Î,ICEFT,¤@¯ë¥i¥Î,¬O,¥i¥ÎÃÄ¥]¾÷,,¤@¯ë,¦¸­p¶q¶i¦ì,¾AÀ³¯g:²Óµß©Ê·P¬V,,Indication:Bacterial infections.,,¥~ Æ[:³z©ú¤p²~(VIAL)¡A ¬õ¦â»\¤l¡A ºñ¦âÀô¡A ¥Õ¦â©³¥~¶K¯È,Appearance: Vial with red cap,¸¡Âm¡A ª`®g³¡¦ì¦å®êÀR¯ßª¢,Diarrhea¡A thrombophlebitis with IV administration.,ºÞ¨îÃþ§Ü¥Í¯À,,´_¹FªYª`®g¾¯,Fortum 1gm,,,§_,¬O,,­Yµo¥ÍÄY­«¹L±Ó©Îµo¯lµ¥¤£¾A¯gª¬¡A À³§Y°±ÃÄ¨Ã½Ð±ÐÂå®v,,Report to doctor¡A if any severe hypersensitivity or skin rash occur.,,,,,¤@¯ë,ª`®g,Äµ »y: ­Yµo¥ÍÄY­«¹L±Ó©Îµo¯lµ¥¤£¾A¯gª¬¡AÀ³§Y°±ÃÄ¨Ã½Ð±ÐÂå®v,,,,,¬O,1.0,,§_,§_,§_,³æ¤è,§_,¥i¥Î,¥i¥Î,¤£¥i¿i,¬O,,1.00,1.00,2.00,2.00,99,7,1,1,6.00,6.00,0,0,,¦³¹Ï¤ù,,0,,0,,J01DD02,,,,,1.00,g,4.00,g,VAL,§_,°·«Oµ¹¥I,°·«Oµ¹¥I,CEFTAZIDIME,J01DD02,B017538209,§_,Liquid,IVSOL,,,,,,,¬Ò¥i,³æ¦¸¿éª`,PH006,201809181029,77.00,96.00
IFOR1,20061210,99999999,°±¥Î,Formoxol inj 102mg/17mL,Formoxol inj 102mg/17mL,Paclitaxel,IVD,,RACA,ON-04-01,°w¾¯,mg,Taxol,«D²Õ®M,°±¥Î,IFOR10,¤@¯ë¥i¥Î,¬O,¤£¥i¥ÎÃÄ¥]¾÷,±ø¥ó¤Uµ¹¥I,¤@¯ë,Á`¶q¶i¦ì,¾AÀ³¯g:¬°§Ü¸~½FÃÄ,,For cancer therapy,,¥~ Æ[:¸Ë¦³¼á²Mªoª¬·»²G¤§¬Á¼þ¤p²~,,,,,¬Ò¥i¥Î,¥ñ¼¯¯Àª`®g²G,Formoxol inj 102mg/17mL,,,§_,¬O,,,,,,,,,¤ÆÀø,¤ÆÀø,Äµ »y:¤£¥i»P PVC §÷½è¶ì½¦±µÄ²¡A ªvÀø´Á¶¡»ÝºÊ´ú¦å²y­p¼Æ,Äµ °ªÄµ°T,,,,§_,102.0,,§_,§_,§_,³æ¤è,§_,°±¥Î,¥i¥Î,¤£¥i¿i,¬O,,1.00,1.00,1000.00,1000.00,999,999,1,1,0,0,0,0,,¦³¹Ï¤ù,,0,,0,,L01CD01,,,,,,,,,VAL,,°·«Oµ¹¥I,°·«Oµ¹¥I,PACLITAXEL,L01CD01,AC446012FG,§_,Liquid,IVSOL,,,,,,,¬Ò¥i,³æ¦¸¿éª`,PH032,202303261602,1350.00,1620.00
IFOR10,20091001,99999999,¥i¥Î,FORMOXOL inj 60mg/10mL,FORMOXOL inj 60mg/10mL,Paclitaxel,IVD,,RACA,ON-04-01,°w¾¯,mg,Formoxol,«D²Õ®M,,,¤@¯ë¥i¥Î,¬O,¤£¥i¥ÎÃÄ¥]¾÷,±ø¥ó¤Uµ¹¥I,¤@¯ë,Á`¶q¶i¦ì,¾AÀ³¯g:§Ü¸~½FÃÄ,°t»s«á«O¦s´Á­­¡G72¤p®É(25¢XC)¡A­­½Õ»s·í¤é§¹¦¨µ¹ÃÄ,Indication:For cancer therapy.,,¥~ Æ[:¸Ë¦³¼á²Mªoª¬·»²G¤§¬Á¼þ¤p²~,,°©Åè§í¨î¡A ¹L±Ó¤ÏÀ³,Bone marrow suppression¡A hypersensitivity reactions.,,¬Ò¥i¥Î,¥ñ¼¯¯Àª`®g²G,¡I¡IFormoxol,,,§_,¬O,,¤£¥i»P PVC §÷½è¶ì½¦±µÄ²¡A ªvÀø´Á¶¡»ÝºÊ´ú¦å²y­p¼Æ,,,,,,,¤ÆÀø,¤ÆÀø,Äµ »y:¤£¥i»P PVC §÷½è¶ì½¦±µÄ²¡A ªvÀø´Á¶¡»ÝºÊ´ú¦å²y­p¼Æ,Äµ °ªÄµ°T,,20.0,-20.0,¬O,60.0,,§_,¬O,§_,³æ¤è,§_,°±¥Î,°±¥Î,¤£¥i¿i,¬O,,1.00,1.00,500.00,500.00,7,7,1,1,500.00,500.00,0,0,,¦³¹Ï¤ù,,0,,0,,L01CD01,,,,,,,,,VIAL,,°·«Oµ¹¥I,°·«Oµ¹¥I,PACLITAXEL,L01CD01,AC44601229,§_,Liquid,IVSOL,¦M®`¤@¯Å(¡I¡I),,60.00,mg,10.00,mL,¥²¶·µ}ÄÀ,³æ¦¸¿éª`,PH047,202305301434,843.00,1012.00
IFOR25,20190430,99999999,°±¥Î,FORMOXOL inj 150mg/25mL,FORMOXOL inj 150mg/25mL,Paclitaxel,IVD,,RACA,ON-04-01,°w¾¯,mg,Taxol,«D²Õ®M,°±¥Î,,¤@¯ë¥i¥Î,¬O,¤£¥i¥ÎÃÄ¥]¾÷,±ø¥ó¤Uµ¹¥I,¤@¯ë,Á`¶q¶i¦ì,¾AÀ³¯g:§Ü¸~½FÃÄ,,Indication:For cancer therapy,,¥~ Æ[:¸Ë¦³¼á²Mªoª¬·»²G¤§¬Á¼þ¤p²~,Appearance: 25 mL vial,°©Åè§í¨î¡A ¹L±Ó¤ÏÀ³,Bone marrow suppression¡A hypersensitivity reactions.,,¬Ò¥i¥Î,¥ñ¼¯¯Àª`®g²G,FORMOXOL,,,,¬O,,¤£¥i»P PVC §÷½è¶ì½¦±µÄ²¡A ªvÀø´Á¶¡»ÝºÊ´ú¦å²y­p¼Æ,,,,,,,¤ÆÀø,¤ÆÀø,Äµ »y:¤£¥i»P PVC §÷½è¶ì½¦±µÄ²¡A ªvÀø´Á¶¡»ÝºÊ´ú¦å²y­p¼Æ,Äµ °ªÄµ°T,,20.0,-20.0,,150.0,,§_,¬O,§_,³æ¤è,§_,°±¥Î,°±¥Î,¤£¥i¿i,§_,,1.00,1.00,500.00,500.00,7,7,1,1,500.00,500.00,0,0,,µL¹Ï¤ù,,0,,0,,L01CD01,,,,,0,,0,,AMP,,°·«Oµ¹¥I,°·«Oµ¹¥I,PACLITAXEL,L01CD01,AC44601240,§_,Liquid,IVSOL,¦M®`¤@¯Å(¡I¡I),,150.00,mg,25.00,mL,¥²¶·µ}ÄÀ,³æ¦¸¿éª`,PH032,202109091812,3724.00,4469.00
IFOR7,20080320,99999999,¥i¥Î,Forteo 750mcg/3mL¡A 28dose,Forteo 750mcg/3mL¡A 28dose,Teriparatide,SC,QD,META,ME-06-00,°w¾¯,DOSE,Forteo,«D²Õ®M,,,¤@¯ë¥i¥Î,§_,¤£¥i¥ÎÃÄ¥]¾÷,,¤@¯ë,Á`¶q¶i¦ì,¾AÀ³¯g:ªvÀø°©½è²¨ÃP¯gªº³y°©«P¶i¾¯,,Indication:Treatment of osteoporosis,,¥~ Æ[:3 mLµ§«¬ª`®g¾¯,,±`¨£:Ãö¸`µh¡A ¯kµh¡A äú¤ß,Most common: arthralgia¡A pain¡A nausea.,,¥u¥Î©óªù¶E¤Î¦í°|STAT,°©Ã­ª`®g²G,Forteo 750mcg/3mL¡A 28dose,,,§_,¬O,,¶J©ñ®É»Ý¸m©ó¦B½c§NÂÃ(Äá¤ó 2-8 «×),,Store in a refrigerator (2-8¢XC).,,,,,¤@¯ë,¤@¯ë,Äµ »y:½Ð¸m©óÄá¤ó 2-8 «×¦B½cÁ×¥ú§NÂÃ«O¦s¡C,,,,,§_,28.0,,§_,¬O,§_,³æ¤è,§_,¥i¥Î,¥i¥Î,¤£¥i¿i,¬O,,1.00,1.00,1.00,1.00,99,28,28,28,1.00,1.00,0,0,1.00,¦³¹Ï¤ù,,0,,0,,H05AA02,,,,,,,,,VIAL,¬O,°·«Oµ¹¥I,°·«Oµ¹¥I,TERIPARATIDE,H05AA02,KC00787216,§_,Liquid,SOL,,,750.00,mcg,3.00,mL,¬Ò¥i,³æ¦¸¿éª`,PH008,202401161640,13172.00,15806.00
IFORM,20031013,99999999,¥i¥Î,Formoxol inj 30mg/5mL,Formoxol inj 30mg/5mL,Paclitaxel,IVD,,RACA,ON-04-01,°w¾¯,mg,Taxol,«D²Õ®M,,,¤@¯ë¥i¥Î,¬O,¤£¥i¥ÎÃÄ¥]¾÷,±ø¥ó¤Uµ¹¥I,¦C¦Lªù¶EÃÄÅÒ,Á`¶q¶i¦ì,¾AÀ³¯g:§Ü¸~½FÃÄ,°t»s«á«O¦s´Á­­¡G72hrs(25¢XC)¡A­­½Õ»s·í¤é§¹¦¨µ¹ÃÄ,Indication:For cancer therapy,,¥~ Æ[:¸Ë¦³¼á²Mªoª¬·»²G¤§¬Á¼þ¤p²~,,°©Åè§í¨î¡A ¹L±Ó¤ÏÀ³,Bone marrow suppression¡A hypersensitivity reactions.,,¬Ò¥i¥Î,¥ñ¼¯¯Àª`®g²G,¡I¡IFormoxol,,,§_,¬O,,¤£¥i»P PVC §÷½è¶ì½¦±µÄ²¡A ªvÀø´Á¶¡»ÝºÊ´ú¦å²y­p¼Æ,,,,,,,¤ÆÀø,¤ÆÀø,Äµ »y:¤£¥i»P PVC §÷½è¶ì½¦±µÄ²¡A ªvÀø´Á¶¡»ÝºÊ´ú¦å²y­p¼Æ,Äµ °ªÄµ°T,,20.0,-20.0,¬O,30.0,,§_,¬O,§_,³æ¤è,§_,°±¥Î,°±¥Î,¤£¥i¿i,¬O,,1.00,1.00,500.00,500.00,7,7,1,1,500.00,500.00,0,0,,¦³¹Ï¤ù,,0,,0,,L01CD01,,,,,,,,,VAL,,°·«Oµ¹¥I,°·«Oµ¹¥I,PACLITAXEL,L01CD01,AC44601221,§_,Liquid,IVSOL,¦M®`¤@¯Å(¡I¡I),,30.00,mg,5.00,mL,¥²¶·µ}ÄÀ,³æ¦¸¿éª`,PH032,202309201852,552.00,662.00
IFORM1,20110913,99999999,°±¥Î,Formoxol Inj 1mg(²Õ®M¥Î),Formoxol Inj 1mg(²Õ®M¥Î),Paclitaxel,IVD,ST,RACA,ON-04-01,°w¾¯,mg,Taxol,«D²Õ®M,°±¥Î,IFORM,¤@¯ë¥i¥Î,¬O,¤£¥i¥ÎÃÄ¥]¾÷,¥i¥Î,,,,,,,,,,,,¬Ò¥i¥Î,,Formoxol,,,§_,¬O,,,,,,,,,¤ÆÀø,¤@¯ë,,Äµ °ªÄµ°T,,0,0,§_,1.0,,§_,§_,§_,³æ¤è,§_,°±¥Î,¥i¥Î,¤£¥i¿i,¬O,,1.00,1.00,500.00,500.00,2,2,1,1,500.00,500.00,0,0,,µL¹Ï¤ù,,0,,0,,,,,,,,,,,EA,,°·«O¤£¥Ó³ø¤£­p»ù,°·«O¤£¥Ó³ø¤£­p»ù,,,,§_,Liquid,IVSOL,,,,,,,¬Ò¥i,³æ¦¸¿éª`,PH032,202109091812,0,0
IFOY,19960101,99999999,°±¥Î,FOY 100mg,FOY 100mg,Gabexate Mesilate,IV,,HEMT,HE-02-00,°w¾¯,VAL,FOY,«D²Õ®M,°±¥Î¡A¥i¬dÃþ¦üÃÄ,,¤w°±¥Î,¬O,¤£¥i¥ÎÃÄ¥]¾÷,,¤@¯ë,Á`¶q¶i¦ì,¾AÀ³¯g:¯ØÅ¦ª¢©Î¦åºÞ¤º¦å²G¾®©T¯g,,,,,,,,,,,FOY 100mg,,,§_,¬O,,,,,,,,,¤@¯ë,ª`®g,,,,,,¬O,1.0,,§_,§_,§_,³æ¤è,§_,¥i¥Î,¥i¥Î,¤£¥i¿i,¬O,,1.00,1.00,3.00,3.00,999,999,1,1,0,0,0,0,,µL¹Ï¤ù,,0,,0,,,,,,,,,,,VAL,§_,°·«Oµ¹¥I,°·«Oµ¹¥I,GABEXATE,B02AB91,B018669255,§_,Liquid,IVSOL,,,,,,,¬Ò¥i,³æ¦¸¿éª`,PH008,201403201330,254.00,305.00
IFRA,19960101,99999999,¥i¥Î,FRAGMIN 10000 IU(Anti-Xa)/4mL(¬~µÇ«Ç±M¥Î),FRAGMIN 10000 IU(Anti-Xa)/4mL(¬~µÇ«Ç±M¥Î),Dalteparin,SC,,HEMT,HE-02-00,°w¾¯,VAL,Fragmin ¬~µÇ«Ç±M¥Î,«D²Õ®M,,,¤@¯ë¥i¥Î,¬O,¥i¥ÎÃÄ¥]¾÷,,¤@¯ë,¦¸­p¶q¶i¦ì,¾AÀ³¯g:¹w¨¾¦å®ê,,Indication:Treatment of acute deep venous thrombosis.,,¥~ Æ[:¸Ë¦³4mL³z©ú²G¤§¤p²~¡A ²~»\¬°ÂÅ¦â,,¥X¦å¡A ª`®g³¡¦ì¦å¸~¡A ¹L±Ó¤ÏÀ³¡A ª`®g³¡¦ì¯kµh,Bleeding¡A hematoma at inj site¡A allergic reactions¡A pain at inj site.,,¬Ò¥i¥Î,¥±¦C©úª`®g¾¯(¬~µÇ«Ç±M¥Î),Fragmin 10000 IU(Anti-Xa)/4m,,,§_,¬O,,­Yµo¥ÍÄY­«¹L±Ó©Îµo¯lµ¥¤£¾A¯gª¬¡A À³§Y°±ÃÄ¨Ã½Ð±ÐÂå®v,,Report to doctor¡A if any severe hypersensitivity or skin rash occur.,,¬~µÇ«Ç±M¥Î,,,¤@¯ë,ª`®g,Äµ »y: ­Yµo¥ÍÄY­«¹L±Ó©Îµo¯lµ¥¤£¾A¯gª¬¡AÀ³§Y°±ÃÄ¨Ã½Ð±ÐÂå®v,Äµ °ªÄµ°T,,,,¬O,1.0,,§_,¬O,§_,³æ¤è,§_,¥i¥Î,¥i¥Î,¤£¥i¿i,¬O,,1.00,1.00,2.00,2.00,1,1,1,1,2.00,2.00,0,0,,¦³¹Ï¤ù,,0,,0,,B01AB04,,,,,,,,,AMP,§_,°·«Oµ¹¥I,°·«Oµ¹¥I,DALTEPARIN,B01AB04,BC19378229,§_,Liquid,SOL,,,10.00,KIU,4.00,mL,¬Ò¥i,³æ¦¸¿éª`,PH047,202303171113,190.00,228.00
IFRA5,20210906,99999999,¥i¥Î,Fragmin inj 5000 IU/0.2mL single dose syringe,Fragmin inj 5000 IU/0.2mL single dose syringe,Dalteparin,SC,,HEMT,HE-02-00,°w¾¯,AMP,Fragmin,«D²Õ®M,,,,¬O,¥i¥ÎÃÄ¥]¾÷,±ø¥ó¤Uµ¹¥I,¤@¯ë,¦¸­p¶q¶i¦ì,¾AÀ³¯g: ¦å®ê©Ê®ê¶ë¯g¤Î¨ä¹w¨¾¡A§Ü¾®¦å,,Indication:Prophylaxis or treatment of thromboembolism,,¥~ Æ[: 0.2mL ¹w¶ñ¥R°wµ©,Appearance: 0.2mL single dose prefilled syringe,ª`®g³¡¦ì¯kµh¡A¥X¦å¡A»´«×¦å¤pªO´î¤Ö,Injection site reaction¡A hemorrhage¡A thrombocytopenia.,,¬Ò¥i¥Î,¥±¦C©úª`®g¾¯5000°ê»Ú³æ¦ì/0.2²@¤É,Fragmin inj. 5000 IU/0.2mL,,,,¬O,,¥X²{¥ô¦ó²§±`·ï«C©Î¥X¦å¡A¶Ë¤f¤£©ö¤î¦å¡A½Ð¾¨³t»PÂå®vÁpµ¸,ª`®g«e¤£»Ý¥ý±Æ°£ª`®g¾¹¤ºªºªÅ®ð¡C,Report any signs of unusual bruising or bleeding to doctor immediately.,It is no necessary to expel air from the syringe before injection.,¥»ÃÄ¤£¥i¸g¥Ñ¦Ù¦×ª`®gµ¹ÃÄ,Not for Intramuscular injection.,202109 [ICLEX]¯ÊÃÄ´À¥N,¤@¯ë,ª`®g,Äµ»y:¥»«~»Ý( ÂÐ®Ö ),Äµ °ªÄµ°T,,0,0,§_,1.0,,§_,¬O,§_,³æ¤è,,¥i¥Î,¥i¥Î,¤£¥i¿i,¬O,,1.00,1.00,10.00,10.00,999,999,1,1,10.00,10.00,0,0,,¦³¹Ï¤ù,,0,,0,,B01AB04,,,,,0,,0,,AMP,,°·«Oµ¹¥I,°·«Oµ¹¥I,DALTEPARIN,B01AB04,BC19376221,,Liquid,SOL,,,5.00,KIU,0.20,mL,,,PH034,202212061221,70.00,88.00
IFRAX,20041021,99999999,°±¥Î,Fraxiparine inj 3800u/0.4mL,Fraxiparine inj 3800u/0.4mL,Nadroparin,SC,,HEMT,HE-02-00,°w¾¯,AMP,,«D²Õ®M,¼t°Ó¯Ê³f,,¤w°±¥Î,¬O,¤£¥i¥ÎÃÄ¥]¾÷,¥i¥Î,,Á`¶q¶i¦ì,¾AÀ³¯g:¹w¨¾¦å®ê,,,,,,,,,¬Ò¥i¥Î,³tÁ×¾®,Fraxiparine inj 3800u/0.4mL,,,§_,¬O,,,,,,,,,¤@¯ë,ª`®g,Äµ »y: ¥X²{¥ô¦ó²§±`·ï«C©Î¥X¦å¡A¶Ë¤f¤£©ö¤î¦å¡A½Ð¾¨³t»PÂå®vÁpµ¸,,,,,¬O,1.0,,§_,§_,§_,³æ¤è,§_,¥i¥Î,¥i¥Î,¥i¿i,¬O,,1.00,1.00,999.00,999.00,999,999,1,1,0,0,0,0,,µL¹Ï¤ù,,0,,0,,,,,,,,,,,AMP,,°·«Oµ¹¥I,°·«Oµ¹¥I,NADROPARINE,B01AB06,B016271218,§_,Liquid,SOL,,,,,,,¬Ò¥i,³æ¦¸¿éª`,PH008,201403201330,80.00,96.00
IFUC,20080320,99999999,¥i¥Î,Fucon inj 20mg/1mL,Fucon inj 20mg/1mL,Hyoscin-Butylbromide,IM,,ALIM,GI-05-00,°w¾¯,AMP,Buscopan,«D²Õ®M,,IESC,¤@¯ë¥i¥Î,¬O,¥i¥ÎÃÄ¥]¾÷,¥i¥Î,¤@¯ë,¦¸­p¶q¶i¦ì,¾AÀ³¯g:¥Dªv­G¸z¡A ÁxºÞ¡A ªc§¿¹Dµ¥¥­·Æ¦Ù¤§µjÅË,,Indication:Spasm &dyskinesia of biliary tract¡A urinary tract,,¥~ Æ[:³z©ú²`¾ï¦â¦wÞÀ(amp)¡A ¥Õ¦â¦r¼Ë,,¤f°®¡A µøÄ±»ÙÃª¡A ¤ß·i¹L³t,Dry mouth¡A visual accommodation disturbances¡A tachycardia,,¬Ò¥i¥Î,«O½ç±d,Fucon inj 20mg/1mL,,,§_,¬O,,½Ð¿í·ÓÂå®v«ü¥Ü¨Ï¥Î¡A ­Yµo¥ÍºÃ¦üÃÄª«¤£¨}¤ÏÀ³½Ð§iª¾Âå¥Í,,Follow doctor's advice. Check with doctor if you notice any side effects.,,³Æµù: ¥i¯à·|¼vÅT¾r¾p©Î¾Þ§@¾÷±ñ¯à¤O,May impair ability to drive or operate machinery.,,¤@¯ë,ª`®g,Äµ »y:½Ð¿í·ÓÂå®v«ü¥Ü¨Ï¥Î¡A­Yµo¥ÍºÃ¦üÃÄª«¤£¨}¤ÏÀ³½Ð§iª¾Âå¥Í¡C,,,,,¬O,1.0,,§_,¬O,§_,³æ¤è,§_,¥i¥Î,¥i¥Î,¤£¥i¿i,¬O,,1.00,1.00,2.00,2.00,999,999,1,1,5.00,5.00,0.10,0.10,,¦³¹Ï¤ù,,20.00,mg,0,,A03BB01,,,,,,,,,AMP,§_,°·«Oµ¹¥I,°·«Oµ¹¥I,BUTYLSCOPOLAMINE,A03BB01,AB08642209,§_,Liquid,SOL,,,20.00,mg,1.00,mL,¬Ò¥i,³æ¦¸¿éª`,PH034,202006091703,15.00,20.00
IFUL,20230331,99999999,¥i¥Î,Fulphila inj 6mg/0.6mL,Fulphila inj 6mg/0.6mL,Pegfilgrastim,SC,ASORDER,HEMT,HE-01-00,°w¾¯,¤ä,Neulasta-¥Íª«¬Û¦ü©ÊÃÄ«~,«D²Õ®M,,,¤@¯ë¥i¥Î,¬O,¥i¥ÎÃÄ¥]¾÷,±ø¥ó¤Uµ¹¥I,¤@¯ë,¦¸­p¶q¶i¦ì,¾AÀ³¯g:ªvÀø«D°©Åè©ÊÀù¯g±wªÌªº¶Ý¤¤©Ê¥Õ¦å²y´î¤Ö¯g¡C,,Indication: Treatment of neutropenia,,¥~ Æ[:¤@¤ä0.6mL³æ¦¸¨Ï¥Î¹w¥R¶ñ°wµ©,Appearance:6mg/0.6mL in a single-dose prefilled syringe,°©µh¡B¥|ªÏµh¡B¥Õ¦å²y¼W¦h¡B¹L±Ó¤ÏÀ³¡Bª`®g³¡¦ì¤ÏÀ³¡C,Bone or limb pain¡A increased white blood cells¡A allergy¡A injection site reaction,,¥u¥Î©óªù¶E¤Î¦í°|STAT,ºÖ´I¦åª`®g¾¯,Fulphila inj 6mg/0.6mL,,,,¬O,,»Ý2-8¢XC§NÂÃÁ×¥ú«O¦s¡C¤£¥i§N­á©Î®¶·n¡C,¤£¥i¥Î©ó¨Å½¦¹L±ÓªÌ¡C,Store in a dark¡A refrigerated place (2-8¢XC). Do not freeze or shake.,Do not use if allergic to latex.,¨Ï¥Î«e½Ð¸m©ó«Ç·Å¦Ü¤Ö30¤ÀÄÁ¡A¶W¹L48¤p®É«á»Ý¥á±ó¡C,Keep at room temperature for >30 minutes before use; discard after 48 hours.,2023Q1 ÃÄ©e·s¶i,¤@¯ë,ª`®g,§NÂÃÁ×¥ú«O¦s¡A¥Ö¤Uª`®g«e½Ð¸m©ó«Ç·Å¦Ü¤Ö30¤ÀÄÁ¡C,,,0,0,§_,1.0,,§_,¬O,¬O,³æ¤è,,°±¥Î,°±¥Î,¤£¥i¿i,§_,,1.00,1.00,1.00,1.00,1,1,1,1,1.00,1.00,0,0,,¦³¹Ï¤ù,,0,,0,,L03AA13,,,,,6.00,mg,0.30,mg,¤ä,,°·«Oµ¹¥I,°·«Oµ¹¥I,PEGFILGRASTIM,L03AA13,KC01108280,§_,Liquid,SOL,,,6.00,mg,0.60,mL,,,PH047,202310231444,9685.00,11622.00
IFUL0,20230405,99999999,¥i¥Î,Fulphila inj 6mg/0.6mL (sample),Fulphila inj 6mg/0.6mL (sample),Pegfilgrastim,SC,ASORDER,HEMT,HE-01-00,°w¾¯,¤ä,Neulasta-¥Íª«¬Û¦ü©ÊÃÄ«~,«D²Õ®M,Á{±ÄÃÄ¡A½Ð³qª¾ÃÄ§½¥~ÁÊ,,¥»°|Á{±Ä²M³æ,¬O,¥i¥ÎÃÄ¥]¾÷,°·«O¤£µ¹¥I,¤@¯ë,¦¸­p¶q¶i¦ì,¾AÀ³¯g:ªvÀø«D°©Åè©ÊÀù¯g±wªÌªº¶Ý¤¤©Ê¥Õ¦å²y´î¤Ö¯g¡C,,Indication: Treatment of neutropenia,,¥~ Æ[:¤@¤ä0.6mL³æ¦¸¨Ï¥Î¹w¥R¶ñ°wµ©,Appearance:6mg/0.6mL in a single-dose prefilled syringe,°©µh¡B¥|ªÏµh¡B¥Õ¦å²y¼W¦h¡B¹L±Ó¤ÏÀ³¡Bª`®g³¡¦ì¤ÏÀ³¡C,Bone or limb pain¡A increased white blood cells¡A allergy¡A injection site reaction,,¥u¥Î©óªù¶E¤Î¦í°|STAT,ºÖ´I¦åª`®g¾¯,Fulphila inj (sample),,,,¬O,,»Ý2-8¢XC§NÂÃÁ×¥ú«O¦s¡C¤£¥i§N­á©Î®¶·n¡C,¤£¥i¥Î©ó¨Å½¦¹L±ÓªÌ¡C,Store in a dark¡A refrigerated place (2-8¢XC). Do not freeze or shake.,Do not use if allergic to latex.,¨Ï¥Î«e½Ð¸m©ó«Ç·Å¦Ü¤Ö30¤ÀÄÁ¡A¶W¹L48¤p®É«á»Ý¥á±ó¡C,Keep at room temperature for >30 minutes before use; discard after 48 hours.,[Rx_x]³B¤è¶°¤£Åã¥Ü¡A¼Ë«~ÃÄ 2023Q1 ÃÄ©e·s¶i[IFUL]ªºÃØÃÄ,¤@¯ë,ª`®g,§NÂÃÁ×¥ú«O¦s¡A¥Ö¤Uª`®g«e½Ð¸m©ó«Ç·Å¦Ü¤Ö30¤ÀÄÁ¡C,,,0,0,§_,1.0,,§_,¬O,¬O,³æ¤è,,°±¥Î,,¤£¥i¿i,§_,,1.00,1.00,1.00,1.00,1,1,1,1,1.00,1.00,0,0,,¦³¹Ï¤ù,,0,,0,,L03AA13,,,,,6.00,mg,0.30,mg,¤ä,,°·«O¤£¥Ó³ø¤£­p»ù,°·«O¤£¥Ó³ø¤£­p»ù,,,,,Liquid,SOL,,,6.00,mg,0.60,mL,,,PH009,202401040959,0,0
IFUN,19960101,99999999,°±¥Î,Fungizone inj 50mg,Fungizone inj 50mg,Amphotericin B,IVD,,QANB,AI-02-00,°w¾¯,VAL,Amphotericin B,«D²Õ®M,°±¥Î¡A¥i¬dÃþ¦üÃÄ,,­Ó®×Á{±Ä,¬O,¥i¥ÎÃÄ¥]¾÷,±ø¥ó¤Uµ¹¥I,¤@¯ë,Á`¶q¶i¦ì,¾AÀ³¯g:§ÜÅðµß,,Indication:Antifungal agent,,¥~ Æ[:¤p²~¸Ëª`®g¾¯¡C,,,,¯S®íÃþ§Ü¥Í¯À,¬Ò¥i¥Î,¨¾ªvÅðÀR¯ß­á´¹ª`®g¾¯,Fungizone inj 50mg,,,§_,¬O,,,,,,,,,¤@¯ë,ª`®g,Äµ »y:½Ð¸m©óÄá¤ó 2-8 «×¦B½cÁ×¥ú§NÂÃ«O¦s¡C,,,,,¬O,1.0,,§_,§_,§_,³æ¤è,§_,¥i¥Î,¥i¥Î,¤£¥i¿i,¬O,,1.00,1.00,2.00,2.00,7,7,1,1,2.00,2.00,0,0,,µL¹Ï¤ù,,0,,0,,J02AA01,,,,,50.00,mg,35.00,mg,VAL,§_,°·«Oµ¹¥I,°·«Oµ¹¥I,AMPHOTERICIN B,J02AA01,B012258248,§_,Liquid,IVSOL,,,,,,,¬Ò¥i,³æ¦¸¿éª`,PH047,202401261300,575.00,690.00
IFUR,20121227,99999999,°±¥Î,Furoxime inj 750mg,Furoxime inj 750mg,Cefuroxime,IVD,,QANB,AI-01-02,°w¾¯,VAL,Zinacef,«D²Õ®M,°±¥Î,,¤@¯ë¥i¥Î,¬O,¥i¥ÎÃÄ¥]¾÷,¥i¥Î,¤@¯ë,¦¸­p¶q¶i¦ì,¾AÀ³¯g:²Óµß©Ê·P¬V,,Indication:Bacterial infections.,,¥~ Æ[:³z©ú¤p²~¡Aºñ¦â¥~»\¡A¥Õ¦â¥~¶K¯È¡A¯»¬õ¦â¦r¼Ë,Appearance: Vial with green cap,¹L±Ó¤ÏÀ³¡A ¸z­G¤£­@¨ü©Ê,Allergic reactions¡A GI intolerance.,¤@¯ëÃþ§Ü¥Í¯À,¬Ò¥i¥Î,ºÖ¼ÖªYª`®g²G,Furoxime inj 750mg,,,§_,¬O,,¹ïÀYÌU¤lµß¯ÀÃþ§Ü¥Í¯À¹L±ÓªÌ¸T¥Î¡I,,Should not be used in patients allergic to cephalosporin antibiotics!,,­Yµo¥ÍÄY­«¹L±Ó©Îµo¯lµ¥¤£¾A¯gª¬¡A À³§Y°±ÃÄ¨Ã½Ð±ÐÂå®v,Report to doctor¡A if any severe hypersensitivity or skin rash occur.,,¤@¯ë,ª`®g,¹ïÀYÌU¤lµß¯ÀÃþ§Ü¥Í¯À¹L±ÓªÌ¸T¥Î¡I,,,0,0,¬O,1.0,,§_,§_,§_,³æ¤è,§_,°±¥Î,¥i¥Î,¤£¥i¿i,¬O,,1.00,1.00,2.00,2.00,7,7,1,1,8.00,8.00,0.14,0.06,,¦³¹Ï¤ù,,0,,0,,J01DC02,,,,,0.75,g,3.00,g,VIAL,,°·«Oµ¹¥I,°·«Oµ¹¥I,CEFUROXIME,J01DC02,AC28099289,§_,Liquid,IVSOL,,,,,,,¬Ò¥i,³æ¦¸¿éª`,PH062,201904101512,25.00,33.00
IFUR1,20130619,99999999,°±¥Î,FuroXime inj 1.5gm,FuroXime inj 1.5gm,Cefuroxime,IVD,,QANB,AI-01-02,°w¾¯,VAL,Zinacef,«D²Õ®M,°±¥Î¡A¥i¬dÃþ¦üÃÄ,,¤@¯ë¥i¥Î,¬O,¥i¥ÎÃÄ¥]¾÷,¥i¥Î,¤@¯ë,¤é¾¯¶q¶i¦ì,¾AÀ³¯g:²Óµß©Ê·P¬V,,Indication:Bacterial infections.,,¥~ Æ[:³z©ú¤p²~¡AÂÅ¦â¥~»\,Appearance: Vial with blue cap,¹L±Ó¤ÏÀ³¡A ¸z­G¤£­@¨ü©Ê,Allergic reactions¡A GI intolerance.,¤@¯ëÃþ§Ü¥Í¯À,¬Ò¥i¥Î,ºÖ¼ÖªYª`®g²G,Furoxime inj 1.5gm,,,§_,¬O,,¹ïÀYÌU¤lµß¯ÀÃþ§Ü¥Í¯À¹L±ÓªÌ¸T¥Î¡I,,Should not be used in patients allergic to cephalosporin antibiotics!,,­Yµo¥ÍÄY­«¹L±Ó©Îµo¯lµ¥¤£¾A¯gª¬¡A À³§Y°±ÃÄ¨Ã½Ð±ÐÂå®v,Report to doctor¡A if any severe hypersensitivity or skin rash occur.,,¤@¯ë,ª`®g,¹ïÀYÌU¤lµß¯ÀÃþ§Ü¥Í¯À¹L±ÓªÌ¸T¥Î¡I,SA «÷­µ¬Û¦ü,,0,0,¬O,1.0,,¬O,¬O,§_,³æ¤è,§_,°±¥Î,°±¥Î,¤£¥i¿i,¬O,,1.00,1.00,1.00,1.00,1,7,1,1,4.00,4.00,0.30,0.10,,¦³¹Ï¤ù,D/W,1500.00,mg,0,20-100 mg/Kg/day,J01DC02,,,,,1.50,g,3.00,g,VIAL,,°·«Oµ¹¥I,°·«Oµ¹¥I,CEFUROXIME,J01DC02,AC28099210,§_,Liquid,IVSOL,,,1500.00,mg,,mL,¥²¶·µ}ÄÀ,³æ¦¸¿éª`,PH006,202307281513,49.20,64.00
IFYT,20140107,99999999,¥i¥Î,Fytosid inj 100mg/5mL,Fytosid inj 100mg/5mL,Etoposide,IVD,,RACA,ON-07-02,°w¾¯,mg,VP-16,«D²Õ®M,Á{±ÄÃÄ¡A½Ð³qª¾ÃÄ§½¥~ÁÊ,,¥»°|Á{±Ä²M³æ,¬O,¤£¥i¥ÎÃÄ¥]¾÷,¥i¥Î,¤@¯ë,¤é¾¯¶q¶i¦ì,¾AÀ³¯g:§Ü¸~½FÃÄ,°t»s«á«O¦s´Á­­¡G24hrs(25¢XC)¡A­­½Õ»s·í¤é§¹¦¨µ¹ÃÄ,Indication:Cancer therapy.,,¥~ Æ[:5mL³z©ú¤p²~¡A ¶À¦â²~»\,Appearance: 5mL vial with yellow cap,°©ÀH§í¨î¡A äú¤ß¡A ¹Ã¦R¡A ¹½­¹¡A ¤fµÄª¢,Myelosuppression¡A nausea¡A vomiting¡A anorexia¡A stomatitis.,,¥u¥Î©óªù¶E¤Î¦í°|STAT,Àù§´·À,¡I¡IFytosid,,,§_,¬O,,¥»«~¬°­«¯gªvÀøÃÄ¡A ½Ð¨Ì·ÓÂå®v«ü¥Ü¨Ï¥Î,,Take this medicine exactly as your doctor ordered.,,,,,¤ÆÀø,¤ÆÀø,Äµ »y:¥»«~¬°­«¯gªvÀøÃÄª«¡A½Ð¨Ì·ÓÂå®v«ü¥Ü¨Ï¥Î¡C,Äµ °ªÄµ°T,,0,0,§_,100.0,,§_,¬O,§_,³æ¤è,§_,°±¥Î,°±¥Î,¤£¥i¿i,¬O,,1.00,1.00,400.00,400.00,999,999,1,1,400.00,400.00,0,0,,¦³¹Ï¤ù,,0,,0,,L01CB01,,,,,,,,,VIAL,,°·«Oµ¹¥I,°·«Oµ¹¥I,ETOPOSIDE,L01CB01,BC24638221,§_,Liquid,IVSOL,¦M®`¤@¯Å(¡I¡I),,100.00,mg,5.00,mL,¥²¶·µ}ÄÀ,³æ¦¸¿éª`,PH065,202212180948,215.00,258.00
IGAR,20170905,99999999,°±¥Î,Gardasil inj 0.5mL/dose (¦Û¶O),Gardasil inj 0.5mL/dose,HPV type 6/11/16/18 L1 protein,IM,STAT,HIMM,IM-02-02,°w¾¯,DOS,Gardasil ¥|»ù,«D²Õ®M,°±¥Î,,¤@¯ë¥i¥Î,§_,¥i¥ÎÃÄ¥]¾÷,°·«O¤£µ¹¥I,¤@¯ë,Á`¶q¶i¦ì,¾AÀ³¯g:¹w¨¾9-26·³¤k©Ê«e´Á¤l®cÀVÀù©Î¯fÅÜ,¹w¨¾¤HÃþ¨Å¬ð¯f¬r¤Þ°_ªº¥Í´Þ¾¹¬Ð,Indication:Prevent cervical dysplasia¡A cervical carcinoma,Prevention of genital warts caused by HPV,¥~ Æ[: 0.5mL ¹w¶ñ¥R°wµ©,Appearance: Prefilled syringe 0.5mL,ª`®g³¡¦ì¤£¾A¡A µo¿N¡A äú¤ß¡A ·w¯t,Injection site reactions¡A fever¡A nausea¡A dizziness.,,¥u¥Î©óªù¶E¤Î¦í°|STAT,¹Å³ß[¥|»ù¤HÃþ¨Å¬ð¯f¬r°ò¦]­«²Õ¬Ì­]],Gardasil inj 0.5mL/dose,HPV4,,§_,¬O,,Äá¤ó 2-8 «×§NÂÃ¡A»â¨ú¬Ì­]«á¡A ½Ð¥ß§Y¦Üª`®g«Ç¨Ì«ü¥Ü¨Ï¥Î,,After receiving the vaccine¡A please go to the injection room immediately.,Store in a refrigerator (2-8¢XC),³Æµù:«D¥Î©óªvÀøÀã¬Ð¡A ¤l®cÀV©Î³±¹D¬ÛÃöÀù¯g,Not for treatment of active genital warts; cervical¡A vulvar or vag cancers,,¤@¯ë,ª`®g,Äµ »y:»â¨ú¬Ì­]«á¡A½Ð¥ß§Y¦Üª`®g«Ç¨Ì«ü¥Ü¨Ï¥Î¡C,SA «÷­µ¬Û¦ü,,0,0,§_,1.0,,¬O,¬O,¬O,½Æ¤è,§_,°±¥Î,°±¥Î,¤£¥i¿i,§_,,1.00,1.00,1.00,1.00,1,1,1,1,1.00,1.00,0,0,,¦³¹Ï¤ù,,0,,0,,J07BM01,,,,,0,,0,,¤ä,§_,¤£µ¹¥I¶·¦Û¥I,¤£µ¹¥I¶·¦Û¥I,,,,§_,Liquid,SOL,,,,,0.50,mL,¬Ò¥i,³æ¦¸¿éª`,PH006,202201121030,0,3500.00
IGAR0,20220823,99999999,¥i¥Î,Gardasil 9 (HPV¬Ì­]¡A¬F©²´£¨Ñ) inj 0.5mL/dose,Gardasil 9 (HPV¡AGovernment) inj 0.5mL/dose,HPV type 6/11/16/18/31/33/45/52/58 L1 protein,IM,STAT,HIMM,IM-02-02,°w¾¯,DOSE,Gardasil ¤E»ù,«D²Õ®M,,,¤@¯ë¥i¥Î,¬O,¥i¥ÎÃÄ¥]¾÷,±ø¥ó¤Uµ¹¥I,¤@¯ë,Á`¶q¶i¦ì,¾AÀ³¯g:¾A¥Î9-45·³ªº¤H¹w¨¾¥Ñ¤HÃþ¨Å¬ð¯f¬r©Ò¤Þ°_ªº¯fÅÜ,,Indication:Human papillomavirus vaccination,,¥~ Æ[: 0.5mL ¹w¶ñ¥R°wµ©,Appearance: Prefilled syringe 0.5mL,ª`®g³¡¦ì¤£¾A¡A µo¿N¡A äú¤ß¡A ·w¯t,Injection site reactions¡A fever¡A nausea¡A dizziness.,,¥u¥Î©óªù¶E¤Î¦í°|STAT,¹Å³ß[¤E»ù¤HÃþ¨Å¬ð¯f¬r°ò¦]­«²Õ¬Ì­]],Gardasil 9 (¬F©²´£¨Ñ) inj 0.5mL,HPV9,,,¬O,,Äá¤ó 2-8 «×§NÂÃ¡A»â¨ú¬Ì­]«á¡A ½Ð¥ß§Y¦Üª`®g«Ç¨Ì«ü¥Ü¨Ï¥Î,,After receiving the vaccine¡A please go to the injection room immediately.,Store in a refrigerator (2-8¢XC),³Æµù:«D¥Î©óªvÀøÀã¬Ð¡A ¤l®cÀV©Î³±¹D¬ÛÃöÀù¯g,Not for treatment of active genital warts; cervical¡A vulvar or vag cancers,,¤@¯ë,ª`®g,Äµ »y:½Ð¶J©ñ©ó¦B½c§NÂÃ¡A ¨Ã¯d·N¨Ï¥Î«á·|¾É­Pµø¤O¼Ò½k,,,0,0,§_,1.0,,¬O,¬O,¬O,½Æ¤è,§_,°±¥Î,°±¥Î,¤£¥i¿i,§_,,1.00,1.00,1.00,1.00,1,1,1,1,1.00,1.00,0,0,,¦³¹Ï¤ù,,0,,0,,J07BM03,,,,,0,,0,,¤ä,,°·«Oµ¹¥I,°·«Oµ¹¥I,,,,§_,Liquid,SOL,,,0,,0.50,mL,,,PH006,202310011159,0,0
IGAR1,20170828,99999999,°±¥Î,Gardasil 0.5mL/dose(­­±M®×­û¤u¥Î),Gardasil 0.5mL/dose(­­±M®×­û¤u¥Î),HPV type 6/11/16/18 L1 protein,IM,ST,HIMM,IM-02-02,°w¾¯,DOS,Gardasil,«D²Õ®M,°±¥Î,,¤@¯ë¥i¥Î,¬O,¤£¥i¥ÎÃÄ¥]¾÷,°·«O¤£µ¹¥I,¤@¯ë,Á`¶q¶i¦ì,¾AÀ³¯g: ¹w¨¾9-26·³¤k©Ê«e´Á¤l®cÀVÀù©Î¯fÅÜ,,Prevention of high-grade cervical dysplasia¡A cervical carcin,,¥~ Æ[: 0.5 mL ¹w¶ñ¥R°wµ©,Appearance: Prefilled syringe 0.5 mL,ª`®g³¡¦ì¤£¾A¡A µo¿N¡A äú¤ß¡A ·w¯t,Injection site reactions¡A fever¡A nausea¡A dizziness.,,¥u¥Î©óªù¶E¤Î¦í°|STAT,¹Å³ß[¥|»ù¤HÃþ¨Å¬ð¯f¬r°ò¦]­«²Õ¬Ì­]],Gardasil Inj 0.5mL(­­±M®×­û¤u¥Î),HPV4,,§_,¬O,,Äá¤ó 2-8 «×§NÂÃ¡A»â¨ú¬Ì­]«á¡A ½Ð¥ß§Y¦Üª`®g«Ç¨Ì«ü¥Ü¨Ï¥Î,,Store in a refrigerator (2-8¢XC),,,,,¤@¯ë,ª`®g,Äµ »y:»â¨ú¬Ì­]«á¡A½Ð¥ß§Y¦Üª`®g«Ç¨Ì«ü¥Ü¨Ï¥Î¡C,,,0,0,§_,1.0,,§_,§_,¬O,³æ¤è,§_,°±¥Î,¥i¥Î,¤£¥i¿i,§_,,1.00,1.00,1.00,1.00,1,1,1,1,1.00,1.00,0,0,,µL¹Ï¤ù,,0,,0,,J07BM01,,,,,0,,0,,¤ä,,¤£µ¹¥I¶·¦Û¥I,¤£µ¹¥I¶·¦Û¥I,,,,§_,Liquid,SOL,,,,,,,¬Ò¥i,³æ¦¸¿éª`,PH006,202201121030,0,2500.00
IGAR9,20170905,99999999,¥i¥Î,(¤E»ù) Gardasil 9 inj 0.5mL/dose,Gardasil 9 inj 0.5mL/dose,HPV type 6/11/16/18/31/33/45/52/58 L1 protein,IM,STAT,HIMM,IM-02-02,°w¾¯,DOS,Gardasil ¤E»ù,«D²Õ®M,,,¤@¯ë¥i¥Î,¬O,¥i¥ÎÃÄ¥]¾÷,°·«O¤£µ¹¥I,¤@¯ë,Á`¶q¶i¦ì,¾AÀ³¯g:¾A¥Î9-45·³ªº¤H¹w¨¾¥Ñ¤HÃþ¨Å¬ð¯f¬r©Ò¤Þ°_ªº¯fÅÜ,,Indication:Human papillomavirus vaccination,,¥~ Æ[: 0.5mL ¹w¶ñ¥R°wµ©,Appearance: Prefilled syringe 0.5mL,ª`®g³¡¦ì¤£¾A¡A µo¿N¡A äú¤ß¡A ·w¯t,Injection site reactions¡A fever¡A nausea¡A dizziness.,,¥u¥Î©óªù¶E¤Î¦í°|STAT,¹Å³ß[¤E»ù¤HÃþ¨Å¬ð¯f¬r°ò¦]­«²Õ¬Ì­]],Gardasil 9 inj 0.5mL/dose,HPV9,,,¬O,,Äá¤ó 2-8 «×§NÂÃ¡A»â¨ú¬Ì­]«á¡A ½Ð¥ß§Y¦Üª`®g«Ç¨Ì«ü¥Ü¨Ï¥Î,,After receiving the vaccine¡A please go to the injection room immediately.,Store in a refrigerator (2-8¢XC),³Æµù:«D¥Î©óªvÀøÀã¬Ð¡A ¤l®cÀV©Î³±¹D¬ÛÃöÀù¯g,Not for treatment of active genital warts; cervical¡A vulvar or vag cancers,,¤@¯ë,ª`®g,Äµ »y:»â¨ú¬Ì­]«á¡A½Ð¥ß§Y¦Üª`®g«Ç¨Ì«ü¥Ü¨Ï¥Î¡C,,,0,0,§_,1.0,,§_,¬O,¬O,½Æ¤è,§_,°±¥Î,°±¥Î,¤£¥i¿i,§_,,1.00,1.00,1.00,1.00,1,1,1,1,1.00,1.00,0,0,,¦³¹Ï¤ù,,0,,0,,J07BM03,,,,,0,,0,,¤ä,,¤£µ¹¥I¶·¦Û¥I,¤£µ¹¥I¶·¦Û¥I,,,,§_,Liquid,SOL,,,,,0.50,mL,,,PH008,202208311728,0,6100.00
IGAR9A,20210502,99999999,°±¥Î,¤E»ù¤l®cÀVÀù¬Ì­](°ü¥®¹Å¦~µØ±M®×),¤E»ù¤l®cÀVÀù¬Ì­](°ü¥®¹Å¦~µØ±M®×),HPV type 6/11/16/18/31/33/45/52/58 L1 protein,IM,STAT,HIMM,IM-02-02,°w¾¯,¤ä,Gardasil ¤E»ù,«D²Õ®M,°±¥Î,,¤@¯ë¥i¥Î,¬O,¥i¥ÎÃÄ¥]¾÷,°·«O¤£µ¹¥I,¦C¦Lªù¶EÃÄÅÒ,¤£¶i¦ì,¾AÀ³¯g:¾A¥Î9-45·³ªº¤H¹w¨¾¥Ñ¤HÃþ¨Å¬ð¯f¬r©Ò¤Þ°_ªº¯fÅÜ,,Indication:prevent diseases caused,,¥~ Æ[: 0.5mL ¹w¶ñ¥R°wµ©,Appearance: Prefilled syringe 0.5mL,ª`®g³¡¦ì¤£¾A¡A µo¿N¡A äú¤ß¡A ·w¯t,Injection site reactions¡A fever¡A nausea¡A dizziness.,,¥u¥Î©óªù¶E¤Î¦í°|STAT,¹Å³ß[¤E»ù¤HÃþ¨Å¬ð¯f¬r°ò¦]­«²Õ¬Ì­]],,HPV9,,,,,,,,,,,[Rx_x]³B¤è¶°¤£Åã¥Ü¡A°ü¥®¹Å¦~µØ±M®×¨Ï¥Î¦Ü2021/11/08,¤@¯ë,ª`®g,,,,0,0,§_,1.0,,¬O,,§_,³æ¤è,,°±¥Î,,¥i¿i,¬O,,1.00,1.00,1.00,1.00,1,1,1,1,1.00,1.00,0,0,,µL¹Ï¤ù,,0,,0,,,,,,,0,,0,,¤ä,§_,¤£µ¹¥I¶·¦Û¥I,¤£µ¹¥I¶·¦Û¥I,,,,,Liquid,SOL,,,0,,0,mL,,,PH006,202401281050,0,5800.00
IGAR9S,20170905,99999999,°±¥Î,(¤E»ù) Gardasil (­­±M®×­û¤u¥Î) 9 inj 0.5mL/dose,Gardasil 9 inj 0.5mL/dose(­­±M®×­û¤u¥Î),HPV type 6/11/16/18/31/33/45/52/58 L1 protein,IM,ST,HIMM,IM-02-02,°w¾¯,DOS,,«D²Õ®M,°±¥Î,,¤@¯ë¥i¥Î,¬O,¥i¥ÎÃÄ¥]¾÷,°·«O¤£µ¹¥I,¤@¯ë,Á`¶q¶i¦ì,¾AÀ³¯g:¾A¥Î9-26·³¤k©Ê¹w¨¾¥Ñ¤HÃþ¨Å¬ð¯f¬r©Ò¤Þ°_ªº¯fÅÜ,,Indication:Prevent diseases caused by HPV,,¥~ Æ[: 0.5mL ¹w¶ñ¥R°wµ©,Appearance: Prefilled syringe 0.5mL,ª`®g³¡¦ì¤£¾A¡A µo¿N¡A äú¤ß¡A ·w¯t,Injection site reactions¡A fever¡A nausea¡A dizziness.,,¬Ò¥i¥Î,¹Å³ß[¤E»ù¤HÃþ¨Å¬ð¯f¬r°ò¦]­«²Õ¬Ì­]],GARDASIL 9 inj 0.5mL/dose,HPV9,,,¬O,,Äá¤ó 2-8 «×§NÂÃ¡A»â¨ú¬Ì­]«á¡A ½Ð¥ß§Y¦Üª`®g«Ç¨Ì«ü¥Ü¨Ï¥Î,,After receiving the vaccine¡A please go to the injection room immediately.,Store in a refrigerator (2-8¢XC),³Æµù:«D¥Î©óªvÀøÀã¬Ð¡A ¤l®cÀV©Î³±¹D¬ÛÃöÀù¯g,Not for treatment of active genital warts; cervical¡A vulvar or vag cancers,,¤@¯ë,ª`®g,Äµ »y:»â¨ú¬Ì­]«á¡A½Ð¥ß§Y¦Üª`®g«Ç¨Ì«ü¥Ü¨Ï¥Î¡C,SA «÷­µ¬Û¦ü,,0,0,§_,1.0,,§_,¬O,¬O,½Æ¤è,§_,°±¥Î,¥i¥Î,¤£¥i¿i,§_,,1.00,1.00,1.00,1.00,1,1,1,1,1.00,1.00,0,0,,¦³¹Ï¤ù,,0,,0,,J07BM03,,,,,0,,0,,¤ä,,¤£µ¹¥I¶·¦Û¥I,¤£µ¹¥I¶·¦Û¥I,,,,,Liquid,SOL,,,,,,,¬Ò¥i,³æ¦¸¿éª`,PH006,202201121031,0,3600.00
IGAS,19960101,99999999,°±¥Î,Gaster °w¾¯ 20mg/2mL,Gaster inj 20mg/2mL,Famotidine,IV,BID,ALIM,GI-01-03,°w¾¯,AMP,Gaster,«D²Õ®M,°±¥Î,IFAM,¤@¯ë¥i¥Î,¬O,¥i¥ÎÃÄ¥]¾÷,±ø¥ó¤Uµ¹¥I,¤@¯ë,¦¸­p¶q¶i¦ì,¾AÀ³¯g:®ø¤Æ©Ê¼ìºÅ,,Indication:Gastric ulcer,,¥~ Æ[:³z©ú¬Á¼þ¦wÞÀ(amp)¡A ¥Õ¦â©³¥~¶K¯È¡A ÂÅ¦â¬Û¶¡,Appearance: 2mL ampoule,«K¯µ¡A ©Ê¥\¯à­°§C¡A ¸¡Âm,Constipation¡A decreased sexual ability¡A diarrhea,,,»\µÎ®õª`®g²G,Gaster inj 20mg/2mL,,,§_,¬O,,µÇ¥\¯à¤£¨¬ªÌ»Ý½Õ¾ã¾¯¶q,,Adjust dosage in renal impairment patients,,,,,¤@¯ë,ª`®g,Äµ »y:µÇ¥\¯à¤£¨¬ªÌ»Ý½Õ¾ã¾¯¶q,,,,,¬O,1.0,,§_,§_,§_,³æ¤è,§_,¥i¥Î,¥i¥Î,¤£¥i¿i,¬O,,1.00,1.00,2.00,2.00,999,999,1,1,2.00,2.00,0.05,0.02,,¦³¹Ï¤ù,,0,,0,,A02BA03,,,,,,,,,AMP,§_,°·«Oµ¹¥I,°·«Oµ¹¥I,FAMOTIDINE,A02BA03,B024720212,§_,Liquid,IVSOL,,,,,,,¬Ò¥i,³æ¦¸¿éª`,PH006,201501051513,43.50,57.00
IGCS,20040728,99999999,¥i¥Î,Gcsf 150mcg/0.6mL (Filgrastim),Gcsf 150mcg/0.6mL (Filgrastim),Filgrastim,SC,,HEMT,HE-01-00,°w¾¯,AMP,GCSF,«D²Õ®M,,,¤@¯ë¥i¥Î,¬O,¥i¥ÎÃÄ¥]¾÷,±ø¥ó¤Uµ¹¥I,¤@¯ë,¦¸­p¶q¶i¦ì,¾AÀ³¯g:¥Õ¦å²y¯Ê¥F¯g,,Indication:Acceleration of an increase of neutrophils,,¥~ Æ[:³z©ú¬Á¼þ¦wÞÀ(amp)¡A ²H¾ï¦â¾ï¦â¬Û¶¡¥~¶K¯È,Appearance: 0.6 mL Ampoule,¥D­n¬°°©ÀY¯kµh¡A µo¿N¡A ¬õ¸~¡A äú¤ß¡A ¹Ã¦R¡A ÀYµh,Mainly bone pain¡A fever¡A redness¡A nausea & vomiting¡A headache.,,¬Ò¥i¥Î,´fº¸¦å²Kª`®g¾¯,Gcsf 150mcg,,,§_,¬O,,¶J©ñ®É»Ý¸m©ó¦B½c§NÂÃ(Äá¤ó < 10 «×)¡AÁ×§K¦B­á,,Store in a refrigerator ( < 10¢XC). Avoid freezing.,,³Æµù: ¤Å¦b¤Æ¾ÇªvÀø«e«á24¤p®É¤º¨Ï¥Î,Do not use in the period 24 hr before to 24 hr after administration of cytotoxic,,¤@¯ë,ª`®g,Äµ »y:½Ð¸m©óÄá¤ó 2-8 «×¦B½cÁ×¥ú§NÂÃ«O¦s¡C,,,,,¬O,1.0,,§_,¬O,§_,³æ¤è,§_,°±¥Î,°±¥Î,¤£¥i¿i,¬O,,1.00,1.00,6.00,6.00,6,6,1,1,6.00,6.00,0,0,,¦³¹Ï¤ù,,0,,0,,L03AA02,,,,,,,,,AMP,,°·«Oµ¹¥I,°·«Oµ¹¥I,FILGRASTIM,L03AA02,KC00711280,§_,Liquid,SOL,,,150.00,mcg,0.60,mL,¬Ò¥i,³æ¦¸¿éª`,PH032,202007131205,1307.00,1568.00
IGCSF3,20211215,99999999,°±¥Î,Nivestim 300 mcg/0.5mL,Nivestim 300 mcg/0.5mL,Nivestim 300 mcg/0.5mL,,,HEMT,HE-01-00,°w¾¯,AMP,,«D²Õ®M,°±¥Î,,,¬O,¥i¥ÎÃÄ¥]¾÷,¥i¥Î,,,,,,,,,,,,¬Ò¥i¥Î,,,,,,,,,,,,,,,,¤@¯ë,,,,0,0,§_,1.0,,§_,,§_,³æ¤è,,¥i¥Î,,¥i¿i,¬O,,0,0,0,0,0,0,0,0,0,0,0,0,,µL¹Ï¤ù,,0,,0,,,,,,,0,,0,,AMP,,°·«Oµ¹¥I,°·«Oµ¹¥I,FILGRASTIM,L03AA02,KC01099277,,,,,,0,,0,,,,PH034,202203011443,1559.00,1871.00
IGCSF75,19960101,99999999,°±¥Î,GCSF 75mcg(FILGRASTIM),GCSF 75mcg(FILGRASTIM),Filgrastim,IV,,HEMT,HE-01-00,°w¾¯,AMP,GCSF,«D²Õ®M,°±¥Î,IGCS,¤w°±¥Î,¬O,¤£¥i¥ÎÃÄ¥]¾÷,±ø¥ó¤Uµ¹¥I,¤@¯ë,¦¸­p¶q¶i¦ì,¾AÀ³¯g:¥Õ¦å²y¯Ê¥F¯g,,,,,,,,,,´fº¸¦å²K ª`®g¾¯,GCSF 75mcg(FILGRASTIM),,,§_,¬O,,,,,,,,,¤@¯ë,ª`®g,,,,,,¬O,1.0,,§_,§_,§_,³æ¤è,§_,¥i¥Î,¥i¥Î,¤£¥i¿i,¬O,,1.00,1.00,9.00,9.00,999,999,1,1,0,0,0,0,,µL¹Ï¤ù,,0,,0,,,,,,,,,,,AMP,§_,°·«Oµ¹¥I,°·«Oµ¹¥I,FILGRASTIM,L03AA02,K000712266,§_,Liquid,IVSOL,,,,,,,¬Ò¥i,³æ¦¸¿éª`,PH008,201403201330,1200.00,1440.00
IGEL,20040401,99999999,¥i¥Î,Gelofusine 500mL¡A 4%,Gelofusine 500mL¡A 4%,Succinylated Gelatin,IVD,,HEMT,HE-06-00,°w¾¯,BOT,Haemaccel,«D²Õ®M,,,¤@¯ë¥i¥Î,¬O,¥i¥ÎÃÄ¥]¾÷,¥i¥Î,¤@¯ë,Á`¶q¶i¦ì,¾AÀ³¯g:¬°¦å¼ß¥N¥Î«~¡A¥Î©ó«æ©Ê¥X¦å¡B¤â³N©Î¥~¶Ë©Ò¤Þ°_¤§¥ð§J,,Indication: prophylaxis and treatment of hypovolemia,,¥~ Æ[:³z©ú¶ì½¦Åø¸Ë¡A ¥Õ¦â©³¥~¶K¯È¡A ¶À¦â¬Û¶¡,Appearance:Colorless solution in a 500mL plastic bottle.,¹L±Ó¤ÏÀ³¡BëC³Â¯l¡B§C¦åÀ£¡B©I§l§xÃø,allergic reactions¡A urticaria¡A hypotension¡A dyspnea,,¬Ò¥i¥Î,¨Î¼Ö¬Iª`®g²G,Gelofusine 500mL¡A 4%,,,§_,¬O,,¤ßÅ¦°IºÜ¯f¤H¨Ï¥Î¥»«~®É¿éª`³t²vÀ³´î§C,,Use with caution in cases of heart failure,,,,,¤@¯ë,ª`®g,Äµ »y:¤ßÅ¦°IºÜ¯f¤H¨Ï¥Î¥»«~®É¿éª`³t²vÀ³´î§C,,,,,¬O,1.0,¦³,§_,¬O,§_,³æ¤è,§_,°±¥Î,°±¥Î,¤£¥i¿i,¬O,,1.00,1.00,4.00,4.00,999,999,1,1,4.00,4.00,0.04,0.04,,¦³¹Ï¤ù,,500.00,ML,0,,B05AA06,,,,,,,,,BOT,§_,°·«Oµ¹¥I,°·«Oµ¹¥I,SUCCINYLATED GELATIN,B05AA06,BC24041277,§_,Liquid,IVSOL,,,0,,500.00,mL,¤£»Ýµ}ÄÀ,³æ¦¸¿éª`,PH034,202004291527,204.00,245.00
IGEM,20040501,99999999,¥i¥Î,Gemzar inj 200mg,Gemzar inj 200mg,Gemcitabine,IVD,,RACA,ON-02-04,°w¾¯,mg,Gemzar,«D²Õ®M,,,¤@¯ë¥i¥Î,¬O,¤£¥i¥ÎÃÄ¥]¾÷,,¤@¯ë,Á`¶q¶i¦ì,¾AÀ³¯g:§Ü¸~½FÃÄ,°t»s«á«O¦s´Á­­¡G24hrs(25¢XC)¡A­­½Õ»s·í¤é§¹¦¨µ¹ÃÄ,Indication:For cancer therapy,,¥~ Æ[:¸Ë¦³¥Õ¦â­á´¹¤§¬Á¼þ¤p²~,,³h¦å¡A äú¤ß¡A ¹Ã¦R¡A ¸¡Âm,Anemia¡A nausea & vomiting¡A diarrhea.,,,°·¿Aª`®g¾¯,¡I¡IGemzar,,,§_,¬O,,¥»«~¬°­«¯gªvÀøÃÄ¡A ½Ð¨Ì·ÓÂå®v«ü¥Ü¨Ï¥Î,,Take this medicine exactly as your doctor ordered.,,,,,¤ÆÀø,¤ÆÀø,Äµ »y:¥»«~¬°­«¯gªvÀøÃÄª«¡A½Ð¨Ì·ÓÂå®v«ü¥Ü¨Ï¥Î¡C,Äµ °ªÄµ°T,,20.0,-20.0,¬O,200.0,,§_,¬O,§_,³æ¤è,§_,°±¥Î,°±¥Î,¤£¥i¿i,¬O,,1.00,1.00,2500.00,2500.00,7,7,1,1,2500.00,2500.00,0,0,,¦³¹Ï¤ù,,0,,0,,L01BC05,,,,,,,,,VAL,§_,°·«Oµ¹¥I,°·«Oµ¹¥I,GEMCITABINE,L01BC05,BC23298263,§_,Liquid,IVSOL,¦M®`¤@¯Å(¡I¡I),,,,,,¥²¶·µ}ÄÀ,³æ¦¸¿éª`,PH065,202212180948,505.00,606.00
IGEN,19960101,99999999,°±¥Î,Garamycin 80mg/2mL,Garamycin 80mg/2mL,Gentamicin,IVD,,QANB,AI-01-03,°w¾¯,VAL,Gentamycin,«D²Õ®M,°±¥Î,IGENT,¤@¯ë¥i¥Î,¬O,¤£¥i¥ÎÃÄ¥]¾÷,,¤@¯ë,Á`¶q¶i¦ì,¾AÀ³¯g:²Óµß©Ê·P¬V,,,,,,,,¤@¯ëÃþ§Ü¥Í¯À,,,Garamycin 80mg/2mL,,,§_,¬O,,,,,,,,,¤@¯ë,ª`®g,,,,,,¬O,1.0,,§_,§_,§_,³æ¤è,§_,¥i¥Î,¥i¥Î,¤£¥i¿i,¬O,,1.00,1.00,3.00,3.00,1,7,1,1,0,0,0,0,,µL¹Ï¤ù,,0,,0,,J01GB03,,,,,0.08,g,0.24,g,VAL,§_,°·«Oµ¹¥I,°·«Oµ¹¥I,GENTAMICIN,J01GB03,B019859212,§_,Liquid,IVSOL,,,,,,,¬Ò¥i,³æ¦¸¿éª`,PH009,201707171620,35.20,44.00
IGEN8,20200313,99999999,¥i¥Î,Gentamycin inj 80mg/2mL,Gentamycin inj 80mg/2mL,Gentamicin,,,QANB,AI-01-03,°w¾¯,Vial,,«D²Õ®M,,,¤@¯ë¥i¥Î,¬O,¥i¥ÎÃÄ¥]¾÷,¥i¥Î,¤@¯ë,¦¸­p¶q¶i¦ì,¾AÀ³¯g:²Óµß©Ê·P¬V,,Indication:Antibiotic for infection,,¥~ Æ[:³z©ú¬Á¼þ¤p²~(vial)¡A ºñ¦â»\¤l,Appearance: 2 mL vial,¦Õ¬r©Ê¡A µÇ¬r©Ê,Ototoxicity & nephrotoxicity.,¤@¯ëÃþ§Ü¥Í¯À,¬Ò¥i¥Î,¶È¤jÅð¯À ª`®g²G,Gentamycin inj 80mg/2mL,,,,¬O,,IVdrip®Éª`®g®É¶¡»Ý¶W¹L30¦Ü60¤ÀÄÁ¡A ¥[¤J100¦Ü200mLµ}ÄÀ,,IV infusion > 30-60 minues¡A diluted to 100-200 mL,,,,2020 [IGENT] ¯Ê³f´À¥N,¤@¯ë,ª`®g,Äµ »y:IVdrip®Éª`®g®É¶¡»Ý¶W¹L30¦Ü60¤ÀÄÁ¡A¥[¤J100¦Ü200mlµ}ÄÀ²G,,ª`®g¾¯,0,0,¬O,1.0,,§_,¬O,§_,³æ¤è,§_,°±¥Î,°±¥Î,¤£¥i¿i,¬O,,1.00,1.00,4.00,4.00,7,7,1,1,8.00,8.00,0.20,0.13,,¦³¹Ï¤ù,,80.00,mg,0,3-6 mg/Kg/day,J01GB03,,,,,0.08,g,0.24,g,VIAL,§_,°·«Oµ¹¥I,°·«Oµ¹¥I,GENTAMICIN,J01GB03,AC08956212,§_,Liquid,IVSOL,,,80.00,mg,2.00,mL,¥²¶·µ}ÄÀ,³æ¦¸¿éª`,PH047,202403131633,15.00,20.00
IGENT,20031028,99999999,°±¥Î,Gentamicin inj 80mg/2mL,Gentamicin inj 80mg/2mL,Gentamicin,,,QANB,AI-01-03,°w¾¯,VAL,,«D²Õ®M,°±¥Î¡A¥i¬dÃþ¦üÃÄ,IGEN8,¤@¯ë¥i¥Î,¬O,¥i¥ÎÃÄ¥]¾÷,,¤@¯ë,¦¸­p¶q¶i¦ì,¾AÀ³¯g:²Óµß©Ê·P¬V,,Indication:Antibiotic for infection,,¥~ Æ[:³z©ú¬Á¼þ¤p²~(vial)¡A ¾ï¦â»\¤l¡A ¥Õ¦â©³¥~¶K¯È¡A ¬õ¦â¤è¶ô,Appearance: 2 mL vial,¦Õ¬r©Ê¡A µÇ¬r©Ê,Ototoxicity & nephrotoxicity.,¤@¯ëÃþ§Ü¥Í¯À,,¨£¤jÅð¯Àª`®g²G,Gentamicin inj 80mg/2mL,,,§_,¬O,,IVdrip®Éª`®g®É¶¡»Ý¶W¹L30¦Ü60¤ÀÄÁ¡A ¥[¤J100¦Ü200mLµ}ÄÀ²G,,IV infusion > 30-60 minues¡A diluted to 100-200 mL,,,,,¤@¯ë,ª`®g,Äµ »y:IVdrip®Éª`®g®É¶¡»Ý¶W¹L30¦Ü60¤ÀÄÁ¡A¥[¤J100¦Ü200mlµ}ÄÀ²G,,ª`®g¾¯,,,¬O,1.0,,§_,¬O,§_,³æ¤è,§_,¥i¥Î,¥i¥Î,¤£¥i¿i,¬O,,1.00,1.00,3.00,3.00,7,7,1,1,8.00,8.00,0.20,0.13,,¦³¹Ï¤ù,,80.00,mg,0,3-6 mg/Kg/day,J01GB03,,,,,0.08,g,0.24,g,VAL,,°·«Oµ¹¥I,°·«Oµ¹¥I,GENTAMICIN,J01GB03,AC13637212,§_,Liquid,IVSOL,,,80.00,mg,2.00,mL,¥²¶·µ}ÄÀ,³æ¦¸¿éª`,PH047,202303090954,15.00,20.00
IGLU1,20151218,99999999,¥i¥Î,(¤ÆÀø½Õ°t¥Î) Glucose inj 5%¡A 1000mL,(¤ÆÀø½Õ°t¥Î) Glucose inj 5%¡A 1000mL,Glucose,IVD,,MSIV,NU-04-02,°w¾¯,BAG,G5W 1000mL,«D²Õ®M,,,¤@¯ë¥i¥Î,¬O,¥i¥ÎÃÄ¥]¾÷,¥i¥Î,¤£¦LÃÄÅÒ,Á`¶q¶i¦ì,¾AÀ³¯g:¦]¯Ê¥F¤ô¥÷©Î¥X¦å¹L¦h­PÀç¾i¥¢½Õ¡C,,Indication:Provision of calories and/or fluid replacement.,,¥~ Æ[:1000 mL¼á²M³n³U¥]¸Ë,Appearance:1000mL colorless solution,¤ô¸~¡A§½³¡ÀR¯ßª¢¡A°ª¦å¿},Edema¡A localized phlebitis¡A hyperglycemia.,,¬Ò¥i¥Î,"¥ÃÂ×"¸²µå¿}ª`®g²G5%,(¤ÆÀø½Õ°t¥Î) Glucose inj 5%¡A 1000,,,,¬O,,½Ð¿í·ÓÂå®v«ü¥Ü¨Ï¥Î¡A ­Yµo¥ÍºÃ¦üÃÄª«¤£¨}¤ÏÀ³½Ð§iª¾Âå¥Í,,Follow doctor's advice. Check with doctor if you notice any side effects.,,,,[Rx_x]­­¤ÆÀø½Õ°t¨Ï¥Î¡A³B¤è¶°¤£Åã¥Ü,¤@¯ë,ª`®g,Äµ »y:½Ð¿í·ÓÂå®v«ü¥Ü¨Ï¥Î¡A­Yµo¥ÍºÃ¦üÃÄª«¤£¨}¤ÏÀ³½Ð§iª¾Âå¥Í¡C,,,0,0,§_,1.0,¦³,§_,¬O,§_,³æ¤è,§_,°±¥Î,¥i¥Î,¤£¥i¿i,¬O,,1.00,1.00,1.00,2.00,999,999,1,1,2.00,2.00,0,0,,¦³¹Ï¤ù,,1000.00,ML,0,,B05BA03,,,,,0,,0,,BAG,§_,°·«Oµ¹¥I,°·«Oµ¹¥I,DEXTROSE 50MG/ML +- MULTIVITAMINES,B05BA03,AA58005209,§_,Liquid,IVSOL,,,,,1000.00,mL,¬Ò¥i,³æ¦¸¿éª`,PH034,202110311002,35.00,46.00
IGLU5,20150811,99999999,¥i¥Î,(TPN½Õ°t¨Ï¥Î) Glucose inj 50%¡A 500mL,(TPN½Õ°t¨Ï¥Î) Glucose inj 50%¡A 500mL,Dextrose,IVD,,NUTR,NU-04-02,°w¾¯,BAG,Bluton,«D²Õ®M,°±¥Î,,¤@¯ë¥i¥Î,¬O,¤£¥i¥ÎÃÄ¥]¾÷,,¤£¦LÃÄÅÒ,Á`¶q¶i¦ì,¾AÀ³¯g:¬°50%¸²µå¿}ª`®g²G,,Indications:Treatment of hypoglycemia.,,¥~ Æ[:500mL ³n³U,Appearance:Colorless solution in a 500mL bag.,¤ô¸~¡AÀR¯ßª¢¡A°ª¦å¿}¡A¤f´÷,Edema¡A phlebitis¡A hyperglycemia¡A polydipsia.,,¬Ò¥i¥Î,"¥ÃÂ×"¸²µå¿}ª`®g²G50%,(TPN¨Ï¥Î) Glucose inj 50%¡A 500,,,,¬O,,50 % Glucose Solution¡A°ª±i¸²µå¿}²G¡A­­ÃÄ¾¯¬ì½Õ°tTPN¨Ï¥Î,,,,,,[Rx_x]³B¤è¶°¤£Åã¥Ü¡A­­TPN½Õ°t(°ª¿@«×)¤£¥iµoÃÄ¡A104-3ÃÄ©e·|¨ú¥NBluton 500mL,¤@¯ë,ª`®g,Äµ »y:ÃÄ§½½Õ¾¯¡A «D¤@¯ë¥æ¥IÃÄ«~,,,0,0,§_,1.0,,§_,¬O,§_,³æ¤è,§_,°±¥Î,°±¥Î,¤£¥i¿i,¬O,,1.00,1.00,1.00,1.00,1,999,1,1,1.00,1.00,0,0,,¦³¹Ï¤ù,,0,,0,,B05BA03,,,,,0,,0,,BOT,§_,°·«Oµ¹¥I,°·«Oµ¹¥I,DEXTROSE 500 MG/ML +- MULTIVITAMINES,B05BA03,NA04135277,§_,Liquid,IVSOL,,,,,500.00,mL,¬Ò¥i,³æ¦¸¿éª`,PH034,202110311004,39.90,52.00
IGLUB,20111215,99999999,°±¥Î,Glucal Black inj 4.5mEq/5mL,Glucal Black inj 4.5mEq/5mL,Ca Gluconate+ Glucoheptonate+ Lactobionate+ Saccha,IV,,NUTR,NU-03-00,°w¾¯,AMP,Calcium Gluconate,«D²Õ®M,°±¥Î,,¤@¯ë¥i¥Î,¬O,¥i¥ÎÃÄ¥]¾÷,¥i¥Î,¤@¯ë,¦¸­p¶q¶i¦ì,¾AÀ³¯g:¶tÂ÷¤l¤£¨¬,,Indication:Ca deficiency,,¥~ Æ[:³z©ú¶Â¦â¦wÞÀ(amp),Appearance: 5mL Ampoule (Black),Hypercalcemia¡A arrhythmia¡A hypotension,°ª¦å¶t¡A¤ß«ß¤£¾ã¡A§C¦åÀ£,,¬Ò¥i¥Î,¶Â¸²µå¿}¶t,Glucal Black inj 4.5mEq/5mL,,,§_,¬O,,IV§ë¤©®É³t²v¤£¥i¶W¹L 0.5 ~ 2mL/min¡C,,IV rate: less than 0.5 ~ 2mL/min,,,,102¦~²Ä¥|¦¸ÃÄ©e·|¨MÄ³§R°£,¤@¯ë,¤@¯ë,Äµ »y:IV§ë¤©®É³t²v¤£¥i¶W¹L 0.5 ~ 2 ml/min¡C,,,0,0,¬O,1.0,,§_,§_,§_,½Æ¤è,§_,°±¥Î,¥i¥Î,¤£¥i¿i,¬O,,1.00,1.00,4.00,4.00,999,999,1,1,4.00,4.00,0,0,,¦³¹Ï¤ù,,0,,0,,A12AA20,,,,,,,,,AMP,,°·«Oµ¹¥I,°·«Oµ¹¥I,CALCIUM GLUCEPTATE 60MG/ML + CALCIUM GLUCONATE 100MG/ML + LACTOBIONATE 60MG/ML + CALCIUM SACCHARATE 8MG/ML,A12AA20,A005603221,§_,Liquid,IVSOL,,,,,,,¬Ò¥i,³æ¦¸¿éª`,PH006,201409090900,21.40,28.00
IGLUC,20100719,99999999,¥i¥Î,Glucagen inj 1mg/1mL,Glucagen inj 1mg/1mL,Glucagon,SC,STAT,META,ME-07-00,°w¾¯,VAL,,«D²Õ®M,Á{±ÄÃÄ¡A½Ð³qª¾ÃÄ§½¥~ÁÊ,,¥»°|Á{±Ä²M³æ,¬O,¥i¥ÎÃÄ¥]¾÷,¥i¥Î,¤@¯ë,Á`¶q¶i¦ì,¾AÀ³¯g:ªvÀø§C¦å¿}©Î¨ä¥L¶EÂ_¥Î³~,,Indication:Hypoglycemia or Use as a diagnostic aid.,,¥~ Æ[:²`ÂÅ/¥Õ©³¦â¥~²°,,¤Ï­G¡A ¹L±Ó¯gª¬,GI upsets. Hypersensitivity,,¬Ò¥i¥Î,ª@¿}ºë,Glucagen inj 1mg/1mL,,,§_,¬O,,¥i¯à·|¤Þ°_äú¤ß©Î¸z­G¤£¾Aªº²{¶H¡A ¨Ãª`·N¦å¿}ÅÜ¤Æ,,Nausea or upset stomach may occur¡A monitor blood glucose levels.,,³Æµù:¶J©ñ®É»Ý¸m©ó¦B½c§NÂÃ(Äá¤ó 2-8 «×),Store in a refrigerator (2-8¢XC).,,¤@¯ë,¤@¯ë,Äµ »y:¥i¯à·|¤Þ°_äú¤ß©Î¸z­G¤£¾Aªº²{¶H¡A¨Ãª`·N¦å¿}ÅÜ¤Æ,,,,,¬O,1.0,,§_,¬O,§_,³æ¤è,§_,°±¥Î,°±¥Î,¤£¥i¿i,¬O,,1.00,1.00,1.00,1.00,1,1,1,1,1.00,1.00,0,0,,¦³¹Ï¤ù,,0,,0,,H04AA01,,,,,,,,,VIAL,,°·«Oµ¹¥I,°·«Oµ¹¥I,GLUCAGON,H04AA01,KC00735209,§_,Liquid,IVSOL,,,1.00,mg,1.00,mL,¬Ò¥i,³æ¦¸¿éª`,PH034,202107151511,799.00,959.00
IGLY1,20120927,99999999,°±¥Î,GLYCETOSE inj 10%¡A 500mL,Glycetose inj 10%¡A 500mL,Glycerin + Fructose + Sodium chloride,IVD,,CAVS,CV-03-04,°w¾¯,VAL,Glycerol,«D²Õ®M,°±¥Î,,¤@¯ë¥i¥Î,¬O,¥i¥ÎÃÄ¥]¾÷,¥i¥Î,¤@¯ë,¤é¾¯¶q¶i¦ì,¾AÀ³¯g:¥D­n¥Î©ó­°§CÆ`¤ºÀ£,,Indication:Treatment of increased intracranial pressure,,¥~ Æ[:500mL³z©ú¬Á¼þÅø¸Ë,Appearance:500mL glass bottle,ÀYµh¡A ¤f´÷¡A äú¤ß¡A °ª¦å¶u,Headache¡A thirst¡A nausea¡A hypernatremia.,,¬Ò¥i¥Î,¸¯ªLÁY´µª`®g²G,GLYCETOSE inj 10%¡A 500mL,,,§_,¬O,,½Ð¿í·ÓÂå®v«ü¥Ü¨Ï¥Î¡A ­Yµo¥ÍºÃ¦üÃÄª«¤£¨}¤ÏÀ³½Ð§iª¾Âå¥Í,,Follow doctor's advice. Check with doctor if you notice any side effects.,,,,,¤@¯ë,ª`®g,Äµ »y:½Ð¿í·ÓÂå®v«ü¥Ü¨Ï¥Î¡A­Yµo¥ÍºÃ¦üÃÄª«¤£¨}¤ÏÀ³½Ð§iª¾Âå¥Í¡C,,,0,0,¬O,1.0,,¬O,¬O,§_,½Æ¤è,§_,°±¥Î,°±¥Î,¤£¥i¿i,¬O,,1.00,1.00,3.00,3.00,99,99,1,1,9.00,9.00,0.03,0.02,,¦³¹Ï¤ù,,500.00,ML,0,,B05BB01,V06DC02,B05XA03,B05BC92,,,,,,BOT,,°·«Oµ¹¥I,°·«Oµ¹¥I,GLYCEROL 100MG/ML + FRUCTOSE 50MG/ML + SODIUM CHLORIDE 9MG/ML,B05BC92,AC23733277,§_,Liquid,IVSOL,,,,,500.00,mL,¬Ò¥i,³æ¦¸¿éª`,PH006,202207201410,75.00,94.00
IGLY3,20220101,99999999,¥i¥Î,Glycetose inj 10%¡A 300mL,Glycetose inj 10%¡A 300mL,Glycerin + Fructose + Sodium chloride,IVD,,CAVS,CV-03-04,°w¾¯,BOT,Glycerol,«D²Õ®M,,,¤@¯ë¥i¥Î,¬O,¥i¥ÎÃÄ¥]¾÷,¥i¥Î,¤@¯ë,¦¸­p¶q¶i¦ì,¾AÀ³¯g:¥D­n¥Î©ó­°§CÆ`¤ºÀ£,,Indication:Treatment of increased intracranial pressure,,¥~ Æ[:300mL³z©ú¶ì½¦²~¸Ë,Appearance:300mL plastic bottle,ÀYµh¡A ¤f´÷¡A äú¤ß¡A °ª¦å¶u,Headache¡A thirst¡A nausea¡A hypernatremia.,,¬Ò¥i¥Î,¸¯ªLÁY´µª`®g²G,Glycetose inj 10% 300mL,,,,¬O,,½Ð¿í·ÓÂå®v«ü¥Ü¨Ï¥Î¡A ­Yµo¥ÍºÃ¦üÃÄª«¤£¨}¤ÏÀ³½Ð§iª¾Âå¥Í,,Follow doctor's advice. Check with doctor if you notice any side effects.,,,,202201 [IGLY1]¯Ê³f´À¥N,¤@¯ë,ª`®g,,,,0,0,§_,1.0,,§_,¬O,§_,½Æ¤è,§_,°±¥Î,°±¥Î,¤£¥i¿i,¬O,,1.00,1.00,5.00,5.00,99,99,1,1,5.00,5.00,0,0,,¦³¹Ï¤ù,,300.00,ML,0,,B05BB01,V06DC02,B05XA03,B05BC92,,0,,0,,BOT,,°·«Oµ¹¥I,°·«Oµ¹¥I,GLYCEROL 100MG/ML + FRUCTOSE 50MG/ML + SODIUM CHLORIDE 9MG/ML,B05BC92,AC23733266,,Liquid,IVSOL,,,30.00,GM,300.00,mL,¤£»Ýµ}ÄÀ,³æ¦¸¿éª`,PH034,202204221007,67.00,84.00
IGLY5,19960101,99999999,°±¥Î,Glyceol 10% 500mL,Glyceol 10% 500mL,Glycerin + Fructose + NaCl,IVD,,CAVS,CV-03-04,°w¾¯,BOT,Glyceol,«D²Õ®M,°±¥Î,IGLY1,¤@¯ë¥i¥Î,¬O,¥i¥ÎÃÄ¥]¾÷,,¤@¯ë,Á`¶q¶i¦ì,¾AÀ³¯g:¥D­n¥Î©ó­°§CÆ`¤ºÀ£,,,,¥~ Æ[:³z©ú¬Á¼þÅø¸Ë¡A¦Ç¦â»\¤l¡A¥Õ¦â©³¥~¶K¯È¡A²Hºñ¦â¬Û¶¡,,,,,,«P¸£¦å³qª`®g²G,Glyceol 10% 500mL,,,§_,¬O,,,,,,,,,¤@¯ë,ª`®g,Äµ »y:½Ð¿í·ÓÂå®v«ü¥Ü¨Ï¥Î¡A­Yµo¥ÍºÃ¦üÃÄª«¤£¨}¤ÏÀ³½Ð§iª¾Âå¥Í¡C,,,,,¬O,1.0,,§_,§_,§_,³æ¤è,§_,¥i¥Î,¥i¥Î,¤£¥i¿i,¬O,,1.00,1.00,9.00,9.00,999,999,1,1,0,0,0,0,,µL¹Ï¤ù,,0,,0,,,,,,,,,,,BOT,§_,°·«Oµ¹¥I,°·«Oµ¹¥I,GLYCEROL 100MG/ML + FRUCTOSE 50MG/ML + SODIUM CHLORIDE 9MG/ML,B05BC92,A034722277,§_,Liquid,IVSOL,,,,,,,¬Ò¥i,³æ¦¸¿éª`,PH032,201408071618,105.00,126.00
IGLYB,20091116,99999999,°±¥Î,Glybrain inj 10%¡A 500mL,Glybrain inj 10%¡A 500mL,Glycerin + Fructose + NaCl,IVD,,CAVS,CV-03-04,°w¾¯,BOT,Glyceol,«D²Õ®M,°±¥Î,IGLY1,¤@¯ë¥i¥Î,¬O,¥i¥ÎÃÄ¥]¾÷,¥i¥Î,¤@¯ë,Á`¶q¶i¦ì,¾AÀ³¯g:¥D­n¥Î©ó­°§CÆ`¤ºÀ£,,Indication:Treatment of increased intracranial pressure,,¥~ Æ[:500mL³z©ú¬Á¼þÅø¸Ë¡A ÂÅ¦â²~»\,,ÀYµh¡A ¤f´÷¡A äú¤ß¡A °ª¦å¶u,Headache¡A thirst¡A nausea; hypernatremia.,,¬Ò¥i¥Î,¥Ì§Q¸£ª`®g²G,Glybrain inj 10%¡A 500mL,,,§_,¬O,,½Ð¿í·ÓÂå®v«ü¥Ü¨Ï¥Î¡A ­Yµo¥ÍºÃ¦üÃÄª«¤£¨}¤ÏÀ³½Ð§iª¾Âå¥Í,,Follow doctor's advice. Check with doctor if you notice any side effects.,,,,,¤@¯ë,ª`®g,Äµ »y:½Ð¿í·ÓÂå®v«ü¥Ü¨Ï¥Î¡A­Yµo¥ÍºÃ¦üÃÄª«¤£¨}¤ÏÀ³½Ð§iª¾Âå¥Í¡C,,,,,¬O,1.0,,§_,§_,§_,½Æ¤è,§_,°±¥Î,¥i¥Î,¤£¥i¿i,¬O,,1.00,1.00,9.00,9.00,99,99,1,1,9.00,9.00,0,0,,¦³¹Ï¤ù,,0,SET,0,,B05BB01,V06DC02,B05XA03,,,,,,,BOT,,°·«Oµ¹¥I,°·«Oµ¹¥I,GLYCEROL 100MG/ML + FRUCTOSE 50MG/ML + SODIUM CHLORIDE 9MG/ML,B05BA03,AC28475277,§_,Liquid,IVSOL,,,,,,,¬Ò¥i,³æ¦¸¿éª`,PH047,202308281701,101.00,121.00
IGLYC,20060321,99999999,¥i¥Î,Glycopyrodyn inj 0.2mg/1mL,Glycopyrodyn inj 0.2mg/1mL,Glycopyrrolate,IM,,ALIM,GI-05-00,°w¾¯,AMP,Robinul,«D²Õ®M,,,¤@¯ë¥i¥Î,¬O,¤£¥i¥ÎÃÄ¥]¾÷,¥i¥Î,¤£¦LÃÄÅÒ,Á`¶q¶i¦ì,¾AÀ³¯g:´î¤Ö©I§l¹D³è²G¤Àªc,,Indication:Preoperatively to inhibit salivation & excessive,secretions,¥~ Æ[:1 mL ¦wÞÀ¸Ë,,¤f´÷¡A §¿²Gº¢¯d¡A ½Æµø,Dry mouth; urinary hesitancy & retention; blurred vision.,,¥u¥Î©óªù¶E¤Î¦í°|STAT,®æ¤ñ¥­ª`®g¾¯,Glycopyrodyn inj 0.2mg/1mL,,,§_,¬O,,­Y¦³®ð³Ý©ÎµjÅË©Ê®ðºÞª¢®É¡A À³¤p¤ß¨Ï¥Î¥»ÃÄ,,Should not use this medicine if patient has asthma that is not well-controlled.,,,,,¤@¯ë,ª`®g,Äµ »y:­Y¦³®ð³Ý©ÎµjÅË©Ê®ðºÞª¢®É¡AÀ³¤p¤ß¨Ï¥Î¥»ÃÄ,,ª`®g¾¯,,,¬O,1.0,,§_,¬O,§_,³æ¤è,§_,°±¥Î,°±¥Î,¤£¥i¿i,¬O,³Â¾K¬ì¦VÃÄ®w½Ð»â,1.00,1.00,1.00,1.00,99,99,1,1,1.00,1.00,0,0,,¦³¹Ï¤ù,,0,,0,,A03AB02,,,,,,,,,AMP,,°·«Oµ¹¥I,°·«Oµ¹¥I,GLYCOPYRROLATE,A03AB02,AC46869209,§_,Liquid,SOL,,,0.20,mg,1.00,mL,¥²¶·µ}ÄÀ,³æ¦¸¿éª`,PH034,202004291529,21.00,27.00
IGLYP,20110710,99999999,°±¥Î,Glypressin inj 1mg,Glypressin inj 1mg,Terlipressin,IVPUSH,,HM,HR-04-00,°w¾¯,VAL,Glypressin,«D²Õ®M,°±¥Î¡A¥i¬dÃþ¦üÃÄ,IGLYP8,¤@¯ë¥i¥Î,¬O,¥i¥ÎÃÄ¥]¾÷,¥i¥Î,¤@¯ë,¦¸­p¶q¶i¦ì,¾AÀ³¯g:¥X¦å©Ê­¹¹DÀR¯ß¦±±i¡B²Ä¤@«¬¨xµÇ¯g­Ô¸s¡C,,Indication:Treatment of bleeding esophageal varices,Hepatorenal syndrome,¥~ Æ[:5mL¤p²~,Apperance:5mL vial,ªÏºÝµoÖæ¡A ¸¡³¡µ±µh¡A ¸¡Âm¡A ÀYµh,Infrequently¡A acrocyanosis¡A diarrhea¡A abdominal cramps¡A headache.,,¬Ò¥i¥Î,¥i§Q·sª`®g¾¯,Glypressin inj 1mg,,,§_,¬O,,¶JÂÃ·Å«×¤£¥i©ó°ª©ó25¢J,,Store under 25¢XC,,,,,¤@¯ë,¤@¯ë,Äµ »y:¶JÂÃ·Å«×¤£¥i©ó°ª©ó25¢J,,,,,¬O,1.0,,§_,¬O,§_,³æ¤è,§_,¥i¥Î,¥i¥Î,¤£¥i¿i,¬O,,1.00,1.00,2.00,2.00,10,10,1,1,12.00,12.00,0,0,,¦³¹Ï¤ù,,0,,0,,H01BA04,B05BB01,,,,,,,,VIAL,,°·«Oµ¹¥I,°·«Oµ¹¥I,TERLIPRESSIN,H01BA04,BC20825209,§_,Liquid,IVSOL,,,1.00,mg,1.00,mL,¬Ò¥i,³æ¦¸¿éª`,PH006,202307281514,725.00,870.00
IGLYP8,20230113,99999999,¥i¥Î,Glypressin inj 0.1mg/mL¡A 8.5mL,Glypressin inj 0.1mg/mL¡A 8.5mL,Terlipressin,IVPUSH,,HM,HR-04-00,°w¾¯,AMP,Glypressin,«D²Õ®M,,,¤@¯ë¥i¥Î,¬O,¥i¥ÎÃÄ¥]¾÷,±ø¥ó¤Uµ¹¥I,¤@¯ë,¦¸­p¶q¶i¦ì,¾AÀ³¯g:¥X¦å©Ê­¹¹DÀR¯ß¦±±i¡B²Ä¤@«¬¨xµÇ¯g­Ô¸s¡C,,Indication: Bleeding oesophageal varices,¡A hepatorenal syndrome Type 1,¥~ Æ[:8.5mL³z©ú¦wÞÀ,Appearance: 8.5 mL colorless ampoule,»a¥Õ¡B¦åÀ£¤É°ª¡B¸¡µh¡Bäú¤ß¡B¸¡Âm©MÀYµh¡C,Pale face¡A hypertension¡A abdominal pain¡A nausea¡A and diarrhea.,,¬Ò¥i¥Î,¥i§Q·sª`®g²G,Glypressin inj 0.1mg/mL,,,,¬O,,¸m©óÄá¤ó 2-8 «×¦B½cÁ×¥ú§NÂÃ¡C¶È¨ÑÀR¯ßª`®gµ¹ÃÄ¡C,,Store in a refrigerator (2-8¢XC). Protect from light. IV injection only.,,,,202301: Glypressin 5mL¯Ê³f´À¥N,¤@¯ë,¤@¯ë,¸m©óÄá¤ó 2-8 «×¦B½cÁ×¥ú§NÂÃ¡C¶È¨ÑÀR¯ßª`®gµ¹ÃÄ¡C,,,0,0,¬O,1.0,,§_,¬O,§_,³æ¤è,,°±¥Î,°±¥Î,¤£¥i¿i,¬O,,1.00,1.00,2.00,2.00,5,5,1,1,12.00,12.00,0,0,,¦³¹Ï¤ù,,0,,0,,H01BA04,,,,,0.85,mg,12.00,mg,AMP,,°·«Oµ¹¥I,°·«Oµ¹¥I,TERLIPRESSIN,H01BA04,BC25557229,,Liquid,IVSOL,,,0.85,mg,8.50,mL,¤£»Ýµ}ÄÀ,³æ¦¸¿éª`,PH008,202302241050,725.00,870.00
IGLYT,20050118,99999999,°±¥Î,Glyceryl trinitrate inj 50mg/10mL,Glyceryl trinitrate inj 50mg/10mL,Nitroglycerin,IVD,,CAVS,CV-02-00,°w¾¯,AMP,Tridil,«D²Õ®M,°±¥Î¡A¥i¬dÃþ¦üÃÄ,,¤@¯ë¥i¥Î,¬O,¤£¥i¥ÎÃÄ¥]¾÷,¥i¥Î,¤@¯ë,¦¸­p¶q¶i¦ì,¾AÀ³¯g:°ª¦åÀ£¡B¤ß¦Ù±ð¶ë¡B¤ß°IºÜµ¥,,,,,,,,,¬Ò¥i¥Î,ºÞ¥ßµÎª`®g²G,Glyceryl trinitrate inj 50mg,,,§_,¬O,,,,,,,,,¤@¯ë,ª`®g,Äµ »y:®e¾¹¤Î¿é²G®M»Ý¨Ï¥Înon-PVC§÷½è,,,,,¬O,1.0,,§_,§_,§_,³æ¤è,§_,¥i¥Î,¥i¥Î,¤£¥i¿i,¬O,,1.00,1.00,1.00,1.00,99,99,1,1,0,0,0,0,,µL¹Ï¤ù,,0,,0,,,,,,,,,,,AMP,,°·«Oµ¹¥I,°·«Oµ¹¥I,NITROGLYCERIN,C01DA02,B021846229,§_,Liquid,IVSOL,,,,,,,¬Ò¥i,³æ¦¸¿éª`,PH008,201403201330,0,253.00
IGON,19960101,99999999,¥i¥Î,Gonal-F 75 IU inj,Gonal-F 75 IU inj,Follitropin Alpha,SC,,HM,HR-02-00,°w¾¯,AMP,FSH,«D²Õ®M,,,¤@¯ë¥i¥Î,¬O,¤£¥i¥ÎÃÄ¥]¾÷,,¤@¯ë,¦¸­p¶q¶i¦ì,¾AÀ³¯g: ¤£¥¥¯g¥ÎÃÄ¡A«P¶i±Æ§Z,,Indication:Ovulation stimulants,,¥~ Æ[:¨C²°¤@¤ä¥Õ¦â¯»¥½¤p²~+¤@¤äª`®g°wµ©¸Ë·»²G,Appearance:1 vial white powder + 1 syringe with solvent,ª`®g³¡¦ì¤£¾A¡A ÀYµh¡A §Z±_ÅÖºû¤Æ¡A ¸¡µh¡A ¸z­G¤£¾A,Inj site reactions. Headache¡A ovarian cysts¡A abdominal pain & GI disturbances,,,ªG¯Çªâ75,Gonal-F 75IU,,,§_,¬O,,¶JÂÃ·Å«×¤£¥i°ª©ó25¢J,,Store under 25¢XC,,,,,¤@¯ë,ª`®g,Äµ »y:¶JÂÃ·Å«×¤£¥i©ó°ª©ó25¢J,SA «÷­µ¬Û¦ü,,,,§_,1.0,,§_,¬O,§_,³æ¤è,§_,°±¥Î,°±¥Î,¤£¥i¿i,¬O,,1.00,1.00,4.00,4.00,999,999,1,1,4.00,4.00,0,0,,¦³¹Ï¤ù,,0,,0,,G03GA05,,,,,,,,,AMP,§_,¤£µ¹¥I¶·¦Û¥I,¤£µ¹¥I¶·¦Û¥I,,,,§_,Liquid,SOL,,,75.00,IU,,,¬Ò¥i,³æ¦¸¿éª`,PH008,202301151822,0,1166.00
IGON1,19960101,99999999,°±¥Î,Gonal-F 150IU,Gonal-F 150IU,Follitropin(r-hFSH),IM,,HM,HR-02-00,°w¾¯,AMP,,«D²Õ®M,°±¥Î¡A¥i¬dÃþ¦üÃÄ,,¤w°±¥Î,¬O,¤£¥i¥ÎÃÄ¥]¾÷,,¤@¯ë,¦¸­p¶q¶i¦ì,¾AÀ³¯g:¬°¤£¥¥¯g¥ÎÃÄ,,,,,,,,,,,Gonal-F 150IU,,,§_,¬O,,,,,,,,,¤@¯ë,ª`®g,,,,,,¬O,1.0,,§_,§_,§_,³æ¤è,§_,¥i¥Î,¥i¥Î,¥i¿i,¬O,,1.00,1.00,99.00,99.00,999,999,1,1,0,0,0,0,,µL¹Ï¤ù,,0,,0,,,,,,,,,,,AMP,§_,¤£µ¹¥I¶·¦Û¥I,¤£µ¹¥I¶·¦Û¥I,,,,§_,Liquid,SOL,,,,,,,¬Ò¥i,³æ¦¸¿éª`,PH008,201403201330,0,2000.00
IGON4,20040401,99999999,¥i¥Î,GONAL-F ª`®gµ§ 450 IU/ 0.75mL,GONAL-F inj 450 IU/ 0.75mL,Follitropin Alpha,SC,ASORDER,HM,HR-02-00,°w¾¯,VAL,FSH,«D²Õ®M,,,¤@¯ë¥i¥Î,¬O,¤£¥i¥ÎÃÄ¥]¾÷,°·«O¤£µ¹¥I,¤@¯ë,Á`¶q¶i¦ì,¾AÀ³¯g:¤£¥¥¯g¥ÎÃÄ¡A«P¶i±Æ§Z¡A¨ë¿Eºë¤l¥Í¦¨,,Indication:Ovulation stimulants,,¥~ Æ[: ¨C²°¤º§t1¤äª`®gµ§»P7­Óª`®g°wÀY,Appearance:pack of one prefilled pen and 7 needles,ª`®g³¡¦ì¤£¾A¡A ÀYµh¡A §Z±_ÅÖºû¤Æ¡A ¸¡µh¡A ¸z­G¤£¾A,Inj site reactions. Headache¡A ovarian cysts¡A abdominal pain & GI disturbances,,¬Ò¥i¥Î,ªG¯Çªâª`®gµ§ 450 IU/ 0.75mL,Gonal-F inj 450 IU/0.75mL,,,§_,¬O,,½Ð¸m©óÄá¤ó 2-8 «×¦B½c§NÂÃ,,Store in a refrigerator (2-8¢XC).,,,,,¤@¯ë,ª`®g,Äµ »y:¶JÂÃ·Å«×¤£¥i©ó°ª©ó25¢J,SA «÷­µ¬Û¦ü,,,,§_,1.0,,§_,¬O,§_,³æ¤è,§_,°±¥Î,°±¥Î,¤£¥i¿i,¬O,,1.00,1.00,3.00,3.00,99,99,1,1,3.00,3.00,0,0,,¦³¹Ï¤ù,,0,,0,,G03GA05,,,,,,,,,VAL,§_,¤£µ¹¥I¶·¦Û¥I,¤£µ¹¥I¶·¦Û¥I,,,,§_,Liquid,SOL,,,450.00,IU,0.75,mL,¬Ò¥i,³æ¦¸¿éª`,PH008,202304280958,0,6996.00
IGON6,20030515,99999999,°±¥Î,Gonal-F 1200iu/val,Gonal-F 1200iu/val,Follitropin,SC,,HM,HR-02-00,°w¾¯,VAL,,«D²Õ®M,°±¥Î¡A¥i¬dÃþ¦üÃÄ,,¤w°±¥Î,¬O,¤£¥i¥ÎÃÄ¥]¾÷,°·«O¤£µ¹¥I,¤@¯ë,Á`¶q¶i¦ì,¾AÀ³¯g:¬°¤£¥¥¯g¥ÎÃÄ,,,,,,,,,¬Ò¥i¥Î,,Gonal-F 1200iu/val,,,§_,¬O,,,,,,,,,¤@¯ë,ª`®g,Äµ »y:½Ð¸m©óÄá¤ó 2-8 «×¦B½cÁ×¥ú§NÂÃ«O¦s¡C,,,,,¬O,1.0,,§_,§_,§_,³æ¤è,§_,¥i¥Î,¥i¥Î,¥i¿i,¬O,,1.00,1.00,99.00,99.00,99,99,1,1,0,0,0,0,,µL¹Ï¤ù,,0,,0,,,,,,,,,,,VAL,,¤£µ¹¥I¶·¦Û¥I,¤£µ¹¥I¶·¦Û¥I,,,,§_,Liquid,SOL,,,,,,,¬Ò¥i,³æ¦¸¿éª`,PH008,201403201330,0,12900.00
IGRA,20141215,99999999,¥i¥Î,Grantron inj 3mg/3mL,Grantron inj 3mg/3mL,Granisetron,IVD,,CNEU,CN-03-08,°w¾¯,AMP,Kytril,«D²Õ®M,,,¤@¯ë¥i¥Î,¬O,¥i¥ÎÃÄ¥]¾÷,±ø¥ó¤Uµ¹¥I,¤@¯ë,Á`¶q¶i¦ì,¾AÀ³¯g:¹w¨¾¤ÎªvÀø¸~½F¤Æ¾ÇÀøªk¤Þ°_¤§äú¤ß¹Ã¦R.,,Indication:Prevention or treatment of nausea & vomiting.,,¥~ Æ[:³z©ú3mL¦wÞÀ,Appearance:3 mL Ampoule,ÀYµh¡A «K¯¦,Headache¡A constipation.,,¬Ò¥i¥Î,±d´µ¦RÀR¯ßª`®g²G,Grantron 3mg,,,,¬O,,³¡¤À¤H¨Ï¥Î«á¥i¯à¤Þ°_¯h­Â¡A µtºÎªº²{¶H,,May cause fatigue¡A sleepiness.,,,,,¤@¯ë,ª`®g,Äµ »y:³¡¤À¤H¨Ï¥Î«á¥i¯à¤Þ°_¯h­Â¡BµtºÎªº²{¶H,,,0,0,§_,1.0,,§_,¬O,§_,³æ¤è,§_,°±¥Î,¥i¥Î,¤£¥i¿i,¬O,,1.00,1.00,1.00,1.00,99,99,1,1,3.00,3.00,0,0,,¦³¹Ï¤ù,,0,,0,,A04AA02,,,,,0,,0,,AMP,,°·«Oµ¹¥I,°·«Oµ¹¥I,GRANISETRON,A04AA02,AC49177216,§_,Liquid,IVSOL,,,3.00,mg,3.00,mL,¥²¶·µ}ÄÀ,³æ¦¸¿éª`,PH047,202402150654,287.00,344.00
IGS25,19960101,99999999,¥i¥Î,2.5 % Dextrose in 0.45% NaCl 500mL,2.5 % Dextrose in 0.45% NaCl 500mL,Dextrose + Sodium Chloride,IVD,,MSIV,NU-04-05,°w¾¯,BOT,,«D²Õ®M,,,¤@¯ë¥i¥Î,¬O,¤£¥i¥ÎÃÄ¥]¾÷,,¤£¦LÃÄÅÒ,Á`¶q¶i¦ì,¾AÀ³¯g:¬°¸²µå¿}»P­¹ÆQ¤ôª`®g²G,,,,,,,,,,¸²µå¿}­¹ÆQ¤ôª`®g²G 500 mL,2.5 % Dextrose in 0.45% NaCl,,,§_,¬O,,,,,,,,°·«O½XA000263277,¤@¯ë,ª`®g,Äµ »y:½Ð¿í·ÓÂå®v«ü¥Ü¨Ï¥Î¡A­Yµo¥ÍºÃ¦üÃÄª«¤£¨}¤ÏÀ³½Ð§iª¾Âå¥Í¡C,,,,,§_,1.0,¦³,§_,¬O,§_,³æ¤è,§_,¥i¥Î,¥i¥Î,¤£¥i¿i,¬O,,1.00,1.00,1.00,25.00,999,999,1,1,25.00,25.00,0,0,,¦³¹Ï¤ù,,500.00,ML,0,,B05BB02,,,,,,,,,BOT,§_,°·«Oµ¹¥I,°·«Oµ¹¥I,DEXTROSE<= 50MG/ML + SODIUM CHLORIDE 3.0-4.5MG/ML,B05BB02,AC00263277,§_,Liquid,IVSOL,,,,,500.00,mL,¬Ò¥i,³æ¦¸¿éª`,PH008,201803092108,25.00,33.00
IGS33,19960101,99999999,¥i¥Î,5% Dextrose in 0.33% NaCl 500mL,5% Dextrose in 0.33% NaCl 500mL,Dextrose + Sodium Chloride,IVD,,MSIV,NU-04-05,°w¾¯,BOT,,«D²Õ®M,,,¤@¯ë¥i¥Î,¬O,¤£¥i¥ÎÃÄ¥]¾÷,,¤£¦LÃÄÅÒ,Á`¶q¶i¦ì,¾AÀ³¯g:¬°¸²µå¿}»P­¹ÆQ¤ôª`®g²G¤Æ,,,,,,,,,,¸²µå¿}5%­¹ÆQ¤ô0.33%ª`®g²G,5% Dextrose in 0.33% NaCl,,,§_,¬O,,,,,,,,A022666277,¤@¯ë,ª`®g,Äµ »y:½Ð¿í·ÓÂå®v«ü¥Ü¨Ï¥Î¡A­Yµo¥ÍºÃ¦üÃÄª«¤£¨}¤ÏÀ³½Ð§iª¾Âå¥Í¡C,,,,,§_,1.0,¦³,§_,¬O,§_,³æ¤è,§_,¥i¥Î,¥i¥Î,¤£¥i¿i,¬O,,1.00,1.00,1.00,25.00,999,999,1,1,25.00,25.00,0,0,,¦³¹Ï¤ù,,500.00,ML,0,,B05BB56,B05BB02,,,,,,,,BOT,§_,°·«Oµ¹¥I,°·«Oµ¹¥I,DEXTROSE<= 50MG/ML + SODIUM CHLORIDE 3.0-4.5MG/ML,B05BB02,AC22666277,§_,Liquid,IVSOL,,,,,500.00,mL,¬Ò¥i,³æ¦¸¿éª`,PH008,201803121806,25.00,33.00
IGS5,19960101,99999999,¥i¥Î,5% Dextrose in 0.9% NaCl 500mL,5% Dextrose in 0.9% NaCl 500mL,Dextrose + Sodium Chloride,IVD,,MSIV,NU-04-05,°w¾¯,BOT,,«D²Õ®M,,,¤@¯ë¥i¥Î,¬O,¤£¥i¥ÎÃÄ¥]¾÷,,¤£¦LÃÄÅÒ,Á`¶q¶i¦ì,¾AÀ³¯g:¬°¸²µå¿}»P­¹ÆQ¤ôª`®g²G,,,,,,,,,,¸²µå¿}­¹ÆQ¤ôª`®g²G 5% / 0.9%,5% Dextrose in 0.9% NaCl,,,§_,¬O,,,,,,,,A024113277,¤@¯ë,ª`®g,Äµ »y:½Ð¿í·ÓÂå®v«ü¥Ü¨Ï¥Î¡A­Yµo¥ÍºÃ¦üÃÄª«¤£¨}¤ÏÀ³½Ð§iª¾Âå¥Í¡C,,,,,§_,1.0,¦³,§_,¬O,§_,³æ¤è,§_,¥i¥Î,¥i¥Î,¤£¥i¿i,¬O,,1.00,1.00,1.00,25.00,999,999,1,1,25.00,25.00,0,0,,¦³¹Ï¤ù,,500.00,ML,0,,B05BB02,,,,,,,,,BOT,§_,°·«Oµ¹¥I,°·«Oµ¹¥I,DEXTROSE <= 50MG/ML + SODIUM CHLORIDE 9MG/ML,B05BB02,AC24113277,§_,Liquid,IVSOL,,,,,500.00,mL,¬Ò¥i,³æ¦¸¿éª`,PH008,201803121807,25.00,33.00
IGS5A,20130325,99999999,°±¥Î,°tÃÄ¥Î 5%Dextrose in 0.9% NaCl 500mL,°tÃÄ¥Î 5%Dextrose in 0.9% NaCl 500mL,Dextrose + Sodium Chloride,IVD,,MSIV,NU-04-05,°w¾¯,BOT,°tÃÄ¥Î¤lÂå¥O D5S,«D²Õ®M,°±¥Î,,¤@¯ë¥i¥Î,¬O,¤£¥i¥ÎÃÄ¥]¾÷,¥i¥Î,¤£¦LÃÄÅÒ,Á`¶q¶i¦ì,¾AÀ³¯g:¬°¸²µå¿}»P­¹ÆQ¤ôª`®g²G,,Indication: 5 % Glucose and 0.9% saline injection,,,,,,,¬Ò¥i¥Î,,°tÃÄ¥Î 5%Dextrose & 0.9% NaCl 5,,,§_,¬O,,°tÃÄ¥Î¤lÂå¥O¡A°O±b¡A¤£µoÃÄ¡C,,For pharmacist dispensing use only¡A charge code.,,,,°tÃÄ¥Î¤lÂå¥O¡A°O±b¡A¤£µoÃÄ¡C,¤@¯ë,ª`®g,°tÃÄ¥Î¤lÂå¥O¡A°O±b¡A¤£µoÃÄ¡C,,,0,0,§_,1.0,,§_,¬O,§_,½Æ¤è,§_,°±¥Î,¥i¥Î,¤£¥i¿i,¬O,,1.00,1.00,3.00,3.00,999,999,1,1,10.00,10.00,0,0,,µL¹Ï¤ù,,500.00,ML,0,,B05BB02,,,,,,,,,BOT,,°·«Oµ¹¥I,°·«Oµ¹¥I,DEXTROSE <= 50MG/ML + SODIUM CHLORIDE 9MG/ML,B05BB02,AC24113277,§_,Liquid,IVSOL,,,,,500.00,mL,¬Ò¥i,³æ¦¸¿éª`,PH008,202010131719,25.00,33.00
IGW10,19960101,99999999,¥i¥Î,10% Dextrose inj 500mL,10% Dextrose inj 500mL,Glucose,IVD,,MSIV,NU-04-02,°w¾¯,BOT,,«D²Õ®M,,,¤@¯ë¥i¥Î,¬O,¤£¥i¥ÎÃÄ¥]¾÷,,¤£¦LÃÄÅÒ,Á`¶q¶i¦ì,¾AÀ³¯g:¬°10 % ¸²µå¿}ª`®g²G,,,,,,,,,,¸²µå¿}ª`®g²G10%,10% Dextrose inj 500mL,,,§_,¬O,,,,,,,,A001086277,¤@¯ë,ª`®g,,,,,,¬O,1.0,¦³,§_,¬O,§_,³æ¤è,§_,¥i¥Î,¥i¥Î,¤£¥i¿i,¬O,,1.00,1.00,1.00,25.00,999,999,1,1,25.00,25.00,0,0,,¦³¹Ï¤ù,,500.00,ML,0,,B05BA03,,,,,,,,,BOT,§_,°·«Oµ¹¥I,°·«Oµ¹¥I,DEXTROSE 100 MG/ML +- MULTIVITAMINES,B05BA03,AA01086277,§_,Liquid,IVSOL,,,,,500.00,mL,¬Ò¥i,³æ¦¸¿éª`,PH049,201808221026,25.00,33.00
IGW100,20060321,99999999,¥i¥Î,Glucose inj 5% 100mL,Glucose inj 5% 100mL,Glucose,IVD,,MSIV,NU-04-02,°w¾¯,BAG,G5W 100mL,«D²Õ®M,,,¤@¯ë¥i¥Î,¬O,¤£¥i¥ÎÃÄ¥]¾÷,¥i¥Î,¤£¦LÃÄÅÒ,Á`¶q¶i¦ì,¾AÀ³¯g: ¤ô¥÷¤ÎÀç¾i¸É¥R,,,,¥~ Æ[: 100 mL¼á²M³n³U¥]¸Ë,,,,,¬Ò¥i¥Î,¸²µå¿}ª`®g²G5%,Glucose inj 5% 100mL,,,§_,¬O,,»Ý¦æ½wºC¤§ÀR¯ßª`®g,,,,,,A058005255,¤@¯ë,ª`®g,Äµ »y: »Ý¦æ½wºC¤§ÀR¯ßª`®g,,,,,¬O,1.0,¦³,§_,¬O,§_,³æ¤è,§_,°±¥Î,°±¥Î,¤£¥i¿i,¬O,,1.00,1.00,9.00,9.00,999,99,1,1,9.00,9.00,0,0,,¦³¹Ï¤ù,,100.00,ML,0,,B05CX01,B05BA03,,,,,,,,BAG,,°·«Oµ¹¥I,°·«Oµ¹¥I,DEXTROSE,B05BA03,AA58005255,§_,Liquid,IVSOL,,,,,100.00,mL,¬Ò¥i,³æ¦¸¿éª`,PH034,202004291529,22.00,29.00
IGW20,19960101,99999999,¥i¥Î,20% Vitagen inj (Glucose) 20mL,20% Vitagen inj (Glucose) 20mL,Dextrose,IV,,NUTR,NU-04-02,°w¾¯,AMP,Glucose water,«D²Õ®M,°±¥Î¡A¥i¬dÃþ¦üÃÄ,,±`³ÆÁ{±Ä(¤£§R),¬O,¤£¥i¥ÎÃÄ¥]¾÷,,¤@¯ë,Á`¶q¶i¦ì,¾AÀ³¯g:¬°20 % ¸²µå¿}ª`®g²G,,,,,,,,,,,20% Vitagen inj (Glucose) 20,,,§_,¬O,,,,,,,,[Rx_o]³B¤è¶°Åã¥Ü¡A­­§¤¤ë¤l¤¤¤ß¦³±`³ÆÃÄ¡A¥Ñ³æ¦ì¦VÃÄ®w¥Ó½Ð¡C,¤@¯ë,ª`®g,Äµ »y:½Ð¿í·ÓÂå®v«ü¥Ü¨Ï¥Î¡A­Yµo¥ÍºÃ¦üÃÄª«¤£¨}¤ÏÀ³½Ð§iª¾Âå¥Í¡C,,,,,¬O,1.0,,§_,§_,§_,³æ¤è,§_,¥i¥Î,¥i¥Î,¤£¥i¿i,¬O,,1.00,1.00,99.00,99.00,999,999,1,1,0,0,0,0,,¦³¹Ï¤ù,,0,,0,,B05CX01,,,,,,,,,AMP,§_,°·«Oµ¹¥I,°·«Oµ¹¥I,DEXTROSE,B05BA03,NC03058238,§_,Liquid,IVSOL,,,,,,,¬Ò¥i,³æ¦¸¿éª`,PH047,202301181821,15.00,20.00
IGW250,19960101,99999999,¥i¥Î,Glucose inj 5% 250mL,Glucose inj 5% 250mL,Glucose,IVD,,MSIV,NU-04-02,°w¾¯,BOT,G5W 250mL,«D²Õ®M,,,¤@¯ë¥i¥Î,¬O,¤£¥i¥ÎÃÄ¥]¾÷,,¤£¦LÃÄÅÒ,Á`¶q¶i¦ì,¾AÀ³¯g:¬°5 % ¸²µå¿}ª`®g²G,,,,,,,,,,"¥ÃÂ×"¸²µå¿}ª`®g²G5%,Glucose inj 5% 250mL,,,§_,¬O,,,,,,,,A058005265,¤@¯ë,ª`®g,Äµ »y:½Ð¿í·ÓÂå®v«ü¥Ü¨Ï¥Î¡A­Yµo¥ÍºÃ¦üÃÄª«¤£¨}¤ÏÀ³½Ð§iª¾Âå¥Í¡C,,,,,¬O,1.0,¦³,§_,¬O,§_,³æ¤è,§_,°±¥Î,¥i¥Î,¤£¥i¿i,¬O,,1.00,1.00,1.00,25.00,999,999,1,1,25.00,25.00,0,0,,¦³¹Ï¤ù,,250.00,ML,0,,B05BA03,,,,,,,,,BOT,§_,°·«Oµ¹¥I,°·«Oµ¹¥I,DEXTROSE 50MG/ML +- MULTIVITAMINES,B05BA03,AA58005265,§_,Liquid,IVSOL,,,,,250.00,mL,¬Ò¥i,³æ¦¸¿éª`,PH008,201803092113,22.00,29.00
IGW250A,20130325,99999999,¥i¥Î,°tÃÄ¥Î Glucose inj 5% 250mL,°tÃÄ¥Î Glucose inj 5% 250mL,Glucose,IVD,,MSIV,NU-04-02,°w¾¯,BOT,°tÃÄ¥Î¤lÂå¥O Glucose 5%,«D²Õ®M,°±¥Î,,¤@¯ë¥i¥Î,¬O,¤£¥i¥ÎÃÄ¥]¾÷,¥i¥Î,¤£¦LÃÄÅÒ,Á`¶q¶i¦ì,¾AÀ³¯g: ¬°5 % ¸²µå¿}ª`®g²G,,Indication: 5 % Glucose injection,,,,,,,¬Ò¥i¥Î,"¥ÃÂ×"¸²µå¿}ª`®g²G5%,°tÃÄ¥Î Glucose inj 5% 250mL,,,§_,¬O,,°tÃÄ¥Î¤lÂå¥O¡A°O±b¡A¤£µoÃÄ¡C,,For pharmacist dispensing use only¡A charge code.,,,,[Rx_x]°tÃÄ¥Î¤lÂå¥O¡A°O±b¡A¤£µoÃÄ¡A³B¤è¶°¤£Åã¥Ü¡C,¤@¯ë,ª`®g,°tÃÄ¥Î¤lÂå¥O¡A°O±b¡A¤£µoÃÄ¡C,,,0,0,§_,1.0,,§_,¬O,§_,³æ¤è,§_,°±¥Î,¥i¥Î,¤£¥i¿i,¬O,,1.00,1.00,3.00,3.00,999,999,1,1,10.00,10.00,0,0,,µL¹Ï¤ù,,250.00,ML,0,,B05CX01,B05BA03,,,,,,,,BOT,,°·«Oµ¹¥I,°·«Oµ¹¥I,DEXTROSE 50MG/ML +- MULTIVITAMINES,B05BA03,AA58005265,§_,Liquid,IVSOL,,,,,250.00,mL,¬Ò¥i,³æ¦¸¿éª`,PH034,202203011444,22.00,29.00
IGW5,19960101,99999999,¥i¥Î,Glucose inj 5% 500mL,Glucose inj 5% 500mL,Glucose,IVD,,MSIV,NU-04-02,°w¾¯,BOT,G5W 500mL,«D²Õ®M,,,¤@¯ë¥i¥Î,¬O,¤£¥i¥ÎÃÄ¥]¾÷,,¤£¦LÃÄÅÒ,Á`¶q¶i¦ì,¾AÀ³¯g:¬°5 % ¸²µå¿}ª`®g²G,,,,,,,,,,5 % ¸²µå¿}ª`®g²G,Glucose inj 5% 500mL,,,§_,¬O,,,,,,,,A058005277,¤@¯ë,ª`®g,Äµ »y:½Ð¿í·ÓÂå®v«ü¥Ü¨Ï¥Î¡A­Yµo¥ÍºÃ¦üÃÄª«¤£¨}¤ÏÀ³½Ð§iª¾Âå¥Í¡C,,,,,¬O,1.0,¦³,§_,¬O,§_,³æ¤è,§_,¥i¥Î,¥i¥Î,¤£¥i¿i,¬O,,1.00,1.00,6.00,6.00,999,999,1,1,6.00,6.00,0,0,,¦³¹Ï¤ù,,500.00,ML,0,,B05BA03,,,,,,,,,BOT,§_,°·«Oµ¹¥I,°·«Oµ¹¥I,DEXTROSE 50MG/ML +- MULTIVITAMINES,B05BA03,AA58005277,§_,Liquid,IVSOL,,,,,500.00,mL,¬Ò¥i,³æ¦¸¿éª`,PH006,201804251135,25.00,33.00
IGW50,19960101,99999999,¥i¥Î,50% GW inj (Vitagen) 20mL,50% GW inj (Vitagen) 20mL,Dextrose,IVD,QD,NUTR,NU-04-02,°w¾¯,AMP,Glucose,«D²Õ®M,,,¤@¯ë¥i¥Î,¬O,¥i¥ÎÃÄ¥]¾÷,¥i¥Î,¤@¯ë,¦¸­p¶q¶i¦ì,¾AÀ³¯g: ¬°50%¸²µå¿}ª`®g²G¡AÀç¾i¸Éµ¹¾¯¡C,,Indications: 50% glucose injection¡A nutritional supplement.,,¥~ Æ[:³z©ú¶ì½¦¦wÞÀ(amp)¡A ¾ï¦â©³¥~¶K¯È,Appearance:plastic ampoule (amp),»´«×´c´H¾Ô·X¡Bµo¿N¡B°ª¦å¿}¡C,Mild chills¡A fever¡A elevated blood glucose.,,,¬ü¹F¬ãª`®g²G,50% GW inj (Vitagen) 20mL,,,§_,¬O,,½Ð¿í·ÓÂå®v«ü¥Ü¨Ï¥Î¡A ­Yµo¥ÍºÃ¦üÃÄª«¤£¨}¤ÏÀ³½Ð§iª¾Âå¥Í,,Follow doctor's advice. Inform doctor if you notice any side effects.,,ÀR¯ßª`®g®ÉÀ³½wºCµ¹ÃÄ¡A¤j¶qª`®g®É¥i¥[·Å«áµ¹¤©¡C,Administer slowly; warming the solution is advised for large volumes.,,¤@¯ë,ª`®g,Äµ »y:½Ð¿í·ÓÂå®v«ü¥Ü¨Ï¥Î¡A­Yµo¥ÍºÃ¦üÃÄª«¤£¨}¤ÏÀ³½Ð§iª¾Âå¥Í¡C,,,,,¬O,1.0,,§_,¬O,§_,³æ¤è,§_,°±¥Î,°±¥Î,¤£¥i¿i,¬O,,1.00,1.00,25.00,25.00,999,999,1,1,50.00,50.00,0,0,,¦³¹Ï¤ù,,0,,0,,B05CX01,B05BA03,,,,,,,,AMP,§_,°·«Oµ¹¥I,°·«Oµ¹¥I,DEXTROSE,B05BA03,NC06067238,§_,Liquid,IVSOL,,,10.00,GM,20.00,mL,¬Ò¥i,³æ¦¸\«ùÄò¿éª`,PH047,202308101556,15.00,20.00
IGW5A,20110525,99999999,¥i¥Î,°tÃÄ¥ÎGlucose inj 5% 500mL,°tÃÄ¥ÎGlucose inj 5% 500mL,Glucose,IVD,,NUTR,NU-04-02,°w¾¯,BOT,Dextrose,«D²Õ®M,°±¥Î¡A¥i¬dÃþ¦üÃÄ,,¤@¯ë¥i¥Î,¬O,¤£¥i¥ÎÃÄ¥]¾÷,¥i¥Î,¤£¦LÃÄÅÒ,Á`¶q¶i¦ì,¾AÀ³¯g: ¬°5 % ¸²µå¿}ª`®g²G,,Indication: 5 % Glucose injection,,,,,,,¬Ò¥i¥Î,5 % ¸²µå¿}ª`®g²G,°tÃÄ¥ÎGlucose inj 5% 500mL,,,§_,¬O,,°tÃÄ¥Î¤lÂå¥O¡A°O±b¡A¤£µoÃÄ¡C,,For pharmacist dispensing use only¡A charge code.,,,,[Rx_x]°tÃÄ¥Î¤lÂå¥O¡A°O±b¡A¤£µoÃÄ¡A³B¤è¶°¤£Åã¥Ü¡C,¤@¯ë,ª`®g,°tÃÄ¥Î¤lÂå¥O¡A°O±b¡A¤£µoÃÄ¡C,,,,,¬O,1.0,,§_,¬O,§_,³æ¤è,§_,¥i¥Î,¥i¥Î,¤£¥i¿i,¬O,,1.00,1.00,6.00,6.00,999,999,1,1,10.00,10.00,0,0,,µL¹Ï¤ù,,0,,0,,B05CX01,B05BA03,,,,,,,,BOT,,°·«Oµ¹¥I,°·«Oµ¹¥I,DEXTROSE 50MG/ML +- MULTIVITAMINES,B05BA03,N004463277,§_,Liquid,IVSOL,,,,,500.00,mL,¬Ò¥i,³æ¦¸¿éª`,PH034,202110311006,17.10,22.00
IH1N1,20091102,99999999,°±¥Î,H1N1·s«¬¬y·P(>3·³) 0.5mL/dose,H1N1 Influenza vaccine 0.5mL/dose(>3y/o),Inactivated H1N1 Influenza Virus,IM,ST,HIMM,IM-02-02,°w¾¯,DOS,,«D²Õ®M,°±¥Î¡A¥i¬dÃþ¦üÃÄ,,¤@¯ë¥i¥Î,§_,¤£¥i¥ÎÃÄ¥]¾÷,¥i¥Î,¤£¦LÃÄÅÒ,Á`¶q¶i¦ì,¾AÀ³¯g:H1N1·s«¬¬y·P¹w¨¾,,Indication: Vaccination for H1N1 influenza.,,,,,,,¬Ò¥i¥Î,,H1N1 Influenza vaccine 0.5mL,H1N1,,§_,¬O,,,,,,,,,¤@¯ë,ª`®g,Äµ »y:»â¨ú¬Ì­]«á¡A½Ð¥ß§Y¦Üª`®g«Ç¨Ì«ü¥Ü¨Ï¥Î¡C,,,,,¬O,1.0,,§_,§_,§_,³æ¤è,§_,°±¥Î,¥i¥Î,¤£¥i¿i,¬O,,1.00,1.00,1.00,1.00,1,1,1,1,0,0,0,0,,µL¹Ï¤ù,,0,,0,,,,,,,,,,,DOS,§_,°·«Oµ¹¥I,°·«Oµ¹¥I,,,X000090238,§_,Liquid,SOL,,,,,,,¬Ò¥i,³æ¦¸¿éª`,PH034,202109102136,0,0
IH1N13,20091102,99999999,°±¥Î,H1N1·s«¬¬y·P(1-3·³) 0.25mL/dose,H1N1 Influenza vaccine 0.25mL/dose(1-3y/o),Inactivated H1N1 Influenza Virus,IM,ST,HIMM,IM-02-02,°w¾¯,DOS,,«D²Õ®M,°±¥Î¡A¥i¬dÃþ¦üÃÄ,,¤@¯ë¥i¥Î,§_,¤£¥i¥ÎÃÄ¥]¾÷,¥i¥Î,¤£¦LÃÄÅÒ,Á`¶q¶i¦ì,¾AÀ³¯g:H1N1·s«¬¬y·P¹w¨¾,,Indication: Vaccination for H1N1 influenza.,,,,,,,¬Ò¥i¥Î,,H1N1 Influenza vaccine 0.25m,H1N1,,§_,¬O,,,,,,,,,¤@¯ë,ª`®g,Äµ »y:»â¨ú¬Ì­]«á¡A½Ð¥ß§Y¦Üª`®g«Ç¨Ì«ü¥Ü¨Ï¥Î¡C,,,,,¬O,1.0,,§_,§_,§_,³æ¤è,§_,°±¥Î,¥i¥Î,¤£¥i¿i,¬O,,1.00,1.00,1.00,1.00,1,1,1,1,0,0,0,0,,µL¹Ï¤ù,,0,,0,,,,,,,,,,,DOS,§_,°·«Oµ¹¥I,°·«Oµ¹¥I,,,X000091221,§_,Liquid,SOL,,,,,,,¬Ò¥i,³æ¦¸¿éª`,PH034,202109102136,0,0
IHAE,19960101,99999999,°±¥Î,Haemaccel inj 500mL,Haemaccel inj 500mL,Gelatine Polypeptides,IV,,HEMT,HE-06-00,°w¾¯,BOT,Haemaccel,«D²Õ®M,°±¥Î,IGEL,¤@¯ë¥i¥Î,¬O,¤£¥i¥ÎÃÄ¥]¾÷,,¤@¯ë,Á`¶q¶i¦ì,¾AÀ³¯g:¬°¦å¼ß¥N¥Î«~,,,,,,,,,,,Haemaccel inj 500mL,,,§_,¬O,,,,,,,,,¤@¯ë,ª`®g,,,,,,¬O,1.0,,§_,§_,§_,³æ¤è,§_,¥i¥Î,¥i¥Î,¤£¥i¿i,¬O,,1.00,1.00,4.00,4.00,999,999,1,1,0,0,0,0,,µL¹Ï¤ù,,0,,0,,,,,,,,,,,BOT,§_,°·«Oµ¹¥I,°·«Oµ¹¥I,HAEMACCEL,B05AA,B021588277,§_,Liquid,IVSOL,,,,,,,¬Ò¥i,³æ¦¸¿éª`,PH008,201403201331,306.00,367.00
IHAL,19960101,99999999,°±¥Î,Haloperidol(Binison)50mg/mL,Haloperidol(Binison)50mg/mL,Haloperidol,IM,,CNEU,CN-02-01,°w¾¯,AMP,Haldol,«D²Õ®M,°±¥Î¡A¥i¬dÃþ¦üÃÄ,,¤@¯ë¥i¥Î,¬O,¤£¥i¥ÎÃÄ¥]¾÷,,¤@¯ë,¦¸­p¶q¶i¦ì,¾AÀ³¯g:äú¤ß¹Ã¦R©Îºë¯«»ÙÃª¤§ªvÀø,,,,,,,,,,,Haloperidol(Binison)50mg/mL,,,§_,¬O,,,,,,,,,¤@¯ë,ª`®g,,,,,,¬O,1.0,,§_,§_,§_,³æ¤è,§_,¥i¥Î,¥i¥Î,¤£¥i¿i,¬O,,1.00,1.00,6.00,6.00,999,999,1,1,0,0,0,0,,µL¹Ï¤ù,,0,,0,,,,,,,,,,,AMP,§_,°·«Oµ¹¥I,°·«Oµ¹¥I,HALOPERIDOL DECANOATE,N05AD01,A035430209,§_,Liquid,SOL,,,,,,,¬Ò¥i,³æ¦¸¿éª`,PH008,201403201331,204.00,245.00
IHAL0,20140520,99999999,¥i¥Î,Halaven inj 1mg/2mL (sample),Halaven inj 1mg/2mL (Sample),Eribulin,IVD,,RACA,ON-04-03,°w¾¯,mg,Halaven,«D²Õ®M,Á{±ÄÃÄ¡A½Ð³qª¾ÃÄ§½¥~ÁÊ,,ÃÄ©e·|Á{±Ä,¬O,¤£¥i¥ÎÃÄ¥]¾÷,,¤@¯ë,Á`¶q¶i¦ì,¾AÀ³¯g:¬°§Ü¸~½FÃÄ,°t»s«á«O¦s´Á­­¡G4hrs(25¢XC)¡A24hrs(4¢XC)¡A½Õ»s®É¶¡¡G,Indication:Cancer therapy.,,¥~ Æ[:2mL ³z©ú¤p²~,,¯h¥F¡A²æ¾v¡A¥Õ²Ó­M´î¤Ö¡A³h¦å¡Aµê®z,Fatigue¡A Alopecia¡A Neutropenia¡A anemia¡A Weakness,,¬Ò¥i¥Î,¶P¼Öºû,Halaven (Sample),,,,¬O,,ºÊ´ú¥þ¦å²y­p¼Æ¡C,,Monitor complete blood counts prior to each dose.,,¤£¥i¥H¸²µå¿}·»²Gµ}ÄÀ©Î§t¸²µå¿}·»²G¤§ÀR¯ßª`®gºÞ½uµ¹ÃÄ¡C,,[Rx_x]³B¤è¶°¤£Åã¥Ü¡A¼Ë«~ÃÄ,¤ÆÀø,¤ÆÀø,Äµ »y:¥»«~¬°­«¯gªvÀøÃÄª«¡A½Ð¨Ì·ÓÂå®v«ü¥Ü¨Ï¥Î¡C,Äµ °ªÄµ°T,,0,0,§_,1.0,,§_,¬O,§_,³æ¤è,§_,°±¥Î,°±¥Î,¤£¥i¿i,¬O,,1.00,1.00,3.00,3.00,1,1,1,1,3.00,3.00,0,0,,µL¹Ï¤ù,,0,,0,,L01XX41,,,,,,,,,VIAL,,°·«O¤£¥Ó³ø¤£­p»ù,°·«O¤£¥Ó³ø¤£­p»ù,,,,§_,Liquid,IVSOL,¦M®`¤G¯Å(¡I),,1.00,mg,2.00,mL,¥²¶·µ}ÄÀ,³æ¦¸¿éª`,PH065,202212180948,0,0
IHALA,20140520,99999999,¥i¥Î,Halaven inj 1mg/2mL,Halaven inj 1mg/2mL,Eribulin,IVD,,RACA,ON-04-03,°w¾¯,mg,Halaven,«D²Õ®M,,,¤@¯ë¥i¥Î,¬O,¥i¥ÎÃÄ¥]¾÷,±ø¥ó¤Uµ¹¥I,¤@¯ë,Á`¶q¶i¦ì,¾AÀ³¯g:¬°§Ü¸~½FÃÄ,°t»s«á«O¦s´Á­­¡G4hrs(25¢XC)¡A24hrs(4¢XC)¡A½Õ»s®É¶¡¡G,Indication:Cancer therapy.,,¥~ Æ[:2mL ³z©ú¤p²~,Appearance: 2 mL vial,¯h¥F¡A²æ¾v¡A¥Õ²Ó­M´î¤Ö¡A³h¦å¡Aµê®z,Fatigue¡A alopecia¡A neutropenia¡A anemia¡A weakness,,¬Ò¥i¥Î,¶P¼Öºû,¡IHalaven,,,§_,¬O,,ºÊ´ú¥þ¦å²y­p¼Æ¡C,,Monitor complete blood counts prior to each dose.,,¤£¥i¥H¸²µå¿}·»²Gµ}ÄÀ©Î§t¸²µå¿}·»²G¤§ÀR¯ßª`®gºÞ½uµ¹ÃÄ¡C,,2016¦~²Ä¤@¦¸ÃÄ©e·|³q¹L·s¶i,¤ÆÀø,¤ÆÀø,Äµ »y:¥»«~¬°­«¯gªvÀøÃÄª«¡A½Ð¨Ì·ÓÂå®v«ü¥Ü¨Ï¥Î¡C,Äµ °ªÄµ°T,,0,0,§_,1.0,,§_,¬O,§_,³æ¤è,§_,°±¥Î,°±¥Î,¤£¥i¿i,¬O,,1.00,1.00,3.00,3.00,2,2,1,1,3.00,3.00,0,0,,¦³¹Ï¤ù,,0,,0,,L01XX41,,,,,,,,,VIAL,¬O,°·«Oµ¹¥I,°·«Oµ¹¥I,ERIBULIN,L01XX41,BC26140212,§_,Liquid,IVSOL,¦M®`¤G¯Å(¡I),,1.00,mg,2.00,mL,¥²¶·µ}ÄÀ,³æ¦¸¿éª`,PH065,202212180949,10765.00,12918.00
IHALD,19960101,99999999,¥i¥Î,Haldol inj 5mg/1mL,Haldol inj 5mg/1mL,Haloperidol,IM,,CNEU,CN-02-01,°w¾¯,AMP,Haldol,«D²Õ®M,,,¤@¯ë¥i¥Î,¬O,¥i¥ÎÃÄ¥]¾÷,,¤@¯ë,¦¸­p¶q¶i¦ì,¾AÀ³¯g:äú¤ß¹Ã¦R©Îºë¯«»ÙÃª¤§ªvÀø,,Indication:Treatment of psychotic disorders¡Anausea¡Avomiting.,,¥~ Æ[:³z©ú²`¾ï¦â¦wÞÀ(amp)¡A ¥Õ¦â©³¥~¶K¯È,Appearance: 1 mL Ampoule,§íÆ{¡A ÂíÀR¡A Ä¼°Ê¡A «äºÎ¡A ÀYµh,Depression¡A sedation¡A agitation¡A drowsiness¡A headache.,,,¦n«×ª`®g²G,Haldol inj 5mg/1mL,,,¬O,¬O,,¥i¯à·|³y¦¨¶ÝºÎ©Î·w¯t¡A ¶}¨®©Î¾Þ§@¦MÀI¾÷¾¹½Ð¤p¤ß,,May make you dizzy; use caution while driving or operating machinery.,,,,,¤@¯ë,ª`®g,Äµ »y:¥i¯à·|³y¦¨¶ÝºÎ©Î·w¯t¡A ¶}¨®©Î¾Þ§@¦MÀI¾÷¾¹½Ð¤p¤ß,,,,,¬O,1.0,,§_,¬O,§_,³æ¤è,§_,°±¥Î,¥i¥Î,¤£¥i¿i,¬O,,1.00,1.00,4.00,4.00,999,999,1,1,4.00,4.00,0.03,0.02,,¦³¹Ï¤ù,,0,,0,,N05AD01,,,,,,,,,AMP,§_,°·«Oµ¹¥I,°·«Oµ¹¥I,HALOPERIDOL,N05AD01,BC19338209,§_,Liquid,SOL,,,5.00,mg,1.00,mL,¬Ò¥i,³æ¦¸¿éª`,PH014,201802081809,22.40,29.00
IHAV0,20120701,99999999,¥i¥Î,Havrix 720(¤p¨àA¨x¡A¬F©²´£¨Ñ)0.5mL/dose,Havrix 720(Government) 0.5mL/dose,Inactivated Hepatitis A Virus Vaccine,IM,STAT,HIMM,IM-02-02,°w¾¯,DOS,Hepatitis A vaccine,«D²Õ®M,,,¤@¯ë¥i¥Î,¬O,¥i¥ÎÃÄ¥]¾÷,¥i¥Î,¤£¦LÃÄÅÒ,Á`¶q¶i¦ì,¾AÀ³¯g:A«¬¨xª¢¬Ì­],,Indication:Hepatitis A vaccine,,¥~ Æ[:0.5mL ¹w¶ñ¥R°wµ©,Appearance: Prefilled syringe 0.5mL,ª`®g³¡¦ì¤ÏÀ³¡A ¯h­Â¡A §½³¡¸~¡A µL¤O¡A µo¿N¡A ­¹¼¤´î°h,Inj site reactions¡A fatigue¡A local swelling¡A asthenia¡A fever¡A loss of appetite,,¥u¥Î©óªù¶E,·s»®Ä_§JA«¬¨xª¢¬Ì­](¨àµ£¥Î),Hepatitis A vaccine,2HEPA,,§_,¬O,,»â¨ú¬Ì­]«á¡A ½Ð¥ß§Y¦Üª`®g«Ç¨Ì«ü¥Ü¨Ï¥Î,,After receiving the vaccine¡A please go to the injection room immediately.,,Äá¤ó 2-8 «×§NÂÃ,Store in a refrigerator (2-8¢XC),,¤@¯ë,ª`®g,Äµ »y:½Ð¸m©óÄá¤ó 2-8 «×¦B½cÁ×¥ú§NÂÃ«O¦s¡C,,,0,0,§_,1.0,,§_,¬O,¬O,³æ¤è,§_,°±¥Î,°±¥Î,¤£¥i¿i,§_,,1.00,1.00,1.00,1.00,1,1,1,1,1.00,1.00,0,0,,¦³¹Ï¤ù,,0,,0,,J07BC02,,,,,,,,,VIAL,,°·«Oµ¹¥I,°·«Oµ¹¥I,,,K000981206,§_,Liquid,SOL,,,,,0.50,mL,¬Ò¥i,³æ¦¸¿éª`,PH034,202205031531,0,0
IHAV1,20170830,99999999,¥i¥Î,HAVRIX 1440¡A 1mL/dose (¦¨¤HA¨x¬Ì­]),HAVRIX 1440¡A 1mL/dose (Private),Inactivated Hepatitis A Virus Vaccine,IM,STAT,HIMM,IM-02-02,°w¾¯,DOS,Hepatitis A vaccine,«D²Õ®M,,,¤@¯ë¥i¥Î,¬O,¥i¥ÎÃÄ¥]¾÷,°·«O¤£µ¹¥I,¤@¯ë,Á`¶q¶i¦ì,¾AÀ³¯g:A«¬¨xª¢¬Ì­] (19·³¥H¤W),,Indication:Active immunisation against hepatitis A virus.,,¥~ Æ[: 1mL¤p²~,Appearance:1mL vial,ª`®g³¡¦ì¤ÏÀ³¡A ¯h­Â¡A §½³¡¸~¡A µL¤O¡A µo¿N¡A ­¹¼¤´î°h,Inj site reactions¡A fatigue¡A local swelling¡A asthenia¡A fever¡A loss of appetite,,¥u¥Î©óªù¶E¤Î¦í°|STAT,·s»®Ä_§J 1440,HAVRIX 1440 1mL/dose (Privat,HEPA,,§_,¬O,,Äá¤ó 2-8 «×§NÂÃ¡A»â¨ú¬Ì­]«á¡A ½Ð¥ß§Y¦Üª`®g«Ç¨Ì«ü¥Ü¨Ï¥Î,,After receiving the vaccine¡A please go to the injection room immediately.,,,Store in a refrigerator (2-8¢XC).,,¤@¯ë,ª`®g,Äµ »y:»â¨ú¬Ì­]«á¡A½Ð¥ß§Y¦Üª`®g«Ç¨Ì«ü¥Ü¨Ï¥Î¡C,,,0,0,¬O,1.0,,§_,¬O,¬O,³æ¤è,§_,°±¥Î,°±¥Î,¤£¥i¿i,§_,,1.00,1.00,1.00,1.00,1,1,1,1,1.00,1.00,0,0,,¦³¹Ï¤ù,,0,,0,,J07BC02,,,,,0,,0,,VAL,§_,¤£µ¹¥I¶·¦Û¥I,¤£µ¹¥I¶·¦Û¥I,,,,§_,Liquid,SOL,,,1440.00,IU,1.00,mL,¬Ò¥i,³æ¦¸¿éª`,PH034,202109102136,0,1800.00
IHAV7,19960101,99999999,¥i¥Î,Havrix 720 (¤p¨àA¨x¬Ì­]) 0.5mL/dose,Havrix 720 Junior 0.5mL/dose (Private),Inactivated Hepatitis A Virus Vaccine,IM,STAT,HIMM,IM-02-02,°w¾¯,VAL,Hepatitis A vaccine,«D²Õ®M,¼t°Ó¯Ê³f,,¤@¯ë¥i¥Î,¬O,¤£¥i¥ÎÃÄ¥]¾÷,,¤@¯ë,Á`¶q¶i¦ì,¾AÀ³¯g:A«¬¨xª¢¬Ì­],,Indication:Hepatitis A vaccine,,¥~ Æ[: 0.5mL¤p²~,Appearance:0.5mL vial,ª`®g³¡¦ì¤ÏÀ³¡A ¯h­Â¡A §½³¡¸~¡A µL¤O¡A µo¿N¡A ­¹¼¤´î°h,Inj site reactions¡A fatigue¡A local swelling¡A asthenia¡A fever¡A loss of appetite,,,·s»®Ä_§J 720,Havrix 720 Junior 0.5mL/dose,2HEPA,,§_,¬O,,Äá¤ó 2-8 «×§NÂÃ¡A»â¨ú¬Ì­]«á¡A ½Ð¥ß§Y¦Üª`®g«Ç¨Ì«ü¥Ü¨Ï¥Î,,After receiving the vaccine¡A please go to the injection room immediately.,Store in a refrigerator (2-8¢XC).,,,,¤@¯ë,ª`®g,Äµ »y:»â¨ú¬Ì­]«á¡A½Ð¥ß§Y¦Üª`®g«Ç¨Ì«ü¥Ü¨Ï¥Î¡C,,,,,¬O,1.0,,§_,¬O,¬O,³æ¤è,§_,°±¥Î,°±¥Î,¤£¥i¿i,¬O,,1.00,1.00,1.00,1.00,1,1,1,1,2.00,2.00,0,0,,¦³¹Ï¤ù,,0,,0,,J07BC02,,,,,,,,,VAL,§_,¤£µ¹¥I¶·¦Û¥I,¤£µ¹¥I¶·¦Û¥I,,,,§_,Liquid,SOL,,,,,,,¬Ò¥i,³æ¦¸¿éª`,PH006,202402080938,0,1080.00
IHBIG,20031218,99999999,¥i¥Î,HBIG (B¨x§K¬Ì²y³J¥Õ¡A¬F©²´£¨Ñ) 0.5mL/dose,HBIG (Government) 0.5mL/dose,Hepatitis B Immune Globulin,IM,STAT,HIMM,IM-03-00,°w¾¯,VAL,HBIG,«D²Õ®M,,,¤@¯ë¥i¥Î,§_,¤£¥i¥ÎÃÄ¥]¾÷,,¤£¦LÃÄÅÒ,Á`¶q¶i¦ì,¾AÀ³¯g:B«¬¨xª¢§K¬Ì²y³J¥Õ,,Indication:Hepatitis B Immune globulin,,¥~ Æ[: ¹w¶ñ¥RÃÄ«~¤§ª`®g°wµ©,Appearance: Prefilled syringe,ª`®g³¡¦ì§½³¡¯kµh¡A ¸~,Local pain & tenderness at the inj site,,¬Ò¥i¥Î,¢Ð«¬¨xª¢§K¬Ì¤H¦å²y³J¥Õª`®g²G,HBIG (Government) 0.5mL/do,HBIG,,§_,¬O,,½Ð¸m©óÄá¤ó 2-8 «×¦B½c§NÂÃ,,Store in a refrigerator (2-8¢XC).,,,,,¤@¯ë,ª`®g,Äµ »y:½Ð¸m©óÄá¤ó 2-8 «×¦B½cÁ×¥ú§NÂÃ«O¦s¡C,,,,,§_,1.0,,§_,¬O,§_,³æ¤è,§_,°±¥Î,°±¥Î,¤£¥i¿i,¬O,,1.00,1.00,1.00,1.00,1,1,1,1,1.00,1.00,0,0,,¦³¹Ï¤ù,,0,,0,,J06BB04,,,,,,,,,VAL,§_,°·«Oµ¹¥I,°·«Oµ¹¥I,HEPATITIS B IMMUNE GLOBULIN,J06BB04,KC00452206,§_,Liquid,SOL,,,,,0.50,mL,¬Ò¥i,³æ¦¸¿éª`,PH034,202101261456,0,0
IHBIG0,20060321,99999999,°±¥Î,HyperHep B 0.5mL/dose(¦Û¶OB¨x§K¬Ì²y³J¥Õ),HyperHep B 0.5mL(Private),Hepatitis B Immune Globulin,IM,STAT,HIMM,IM-03-00,°w¾¯,AMP,,«D²Õ®M,°±¥Î,,¤@¯ë¥i¥Î,¬O,¤£¥i¥ÎÃÄ¥]¾÷,,¤@¯ë,Á`¶q¶i¦ì,¾AÀ³¯g:B«¬¨xª¢§K¬Ì²y³J¥Õ,,Indication:Hepatitis B Immune globulin,,¥~ Æ[:0.5 mLª`®g°w¾¯¥]¸Ë,Appearance:0.5mL prefilled syringe,ª`®g³¡¦ì§½³¡¯kµh¡A ¸~,Local pain & tenderness at the inj site,,¬Ò¥i¥Î,¢Ð«¬¨xª¢§K¬Ì¤H¦å²y³J¥Õª`®g²G,HyperHep B 0.5mL(Private),HBIG,,§_,¬O,,½Ð¸m©óÄá¤ó 2-8 «×¦B½c§NÂÃ,,Store in a refrigerator (2-8¢XC).,,,,,¤@¯ë,ª`®g,Äµ »y:½Ð¸m©óÄá¤ó 2-8 «×¦B½cÁ×¥ú§NÂÃ«O¦s¡C,,,,,§_,1.0,,§_,¬O,§_,³æ¤è,§_,°±¥Î,°±¥Î,¤£¥i¿i,¬O,,1.00,1.00,1.00,1.00,2,2,1,1,10.00,10.00,0,0,,¦³¹Ï¤ù,,0,,0,,J06BB04,,,,,,,,,VAL,,¤£µ¹¥I¶·¦Û¥I,¤£µ¹¥I¶·¦Û¥I,,,,§_,Liquid,SOL,,,,,0.50,mL,¬Ò¥i,³æ¦¸¿éª`,PH006,202403201456,0,3228.00
IHBIG1,20051024,99999999,°±¥Î,HBIG 1 mL (¦Û¶O),HBIG 1 mL (¦Û¶O),Hepatitis B Immune Globulin,SC,ST,HIMM,IM-03-00,°w¾¯,AMP,,«D²Õ®M,°±¥Î,IBAY1,¤@¯ë¥i¥Î,¬O,¤£¥i¥ÎÃÄ¥]¾÷,,¤@¯ë,Á`¶q¶i¦ì,¾AÀ³¯g:¬°B«¬¨xª¢§K¬Ì²y³J¥Õ,,Hepatitis B Immune globulin,,,,,,,¬Ò¥i¥Î,B«¬¨xª¢§K¬Ì¤H¦å²y³J¥Õª`®g²G,HBIG 1 mL (¦Û¶O),HBIG,,§_,¬O,,,,,,,,,¤@¯ë,ª`®g,Äµ »y:½Ð¸m©óÄá¤ó 2-8 «×¦B½cÁ×¥ú§NÂÃ«O¦s¡C,,,,,¬O,1.0,,§_,§_,§_,³æ¤è,§_,¥i¥Î,¥i¥Î,¤£¥i¿i,¬O,,1.00,1.00,1.00,1.00,999,999,1,1,0,0,0,0,5.00,µL¹Ï¤ù,,0,,0,,J06BB04,,,,,,,,,AMP,,¤£µ¹¥I¶·¦Û¥I,¤£µ¹¥I¶·¦Û¥I,,,,§_,Liquid,SOL,,,,,,,¬Ò¥i,³æ¦¸¿éª`,PH008,201403201331,0,5900.00
IHBV,20170830,99999999,¥i¥Î,Engerix-B 1mL/dose (¦Û¶OB¨x¬Ì­]),Engerix-B inj 1mL/dose (Private),Hepatitis B Vaccine,IM,STAT,HIMM,IM-02-02,°w¾¯,DOS,Hepatitis B Vaccine,«D²Õ®M,,,¤@¯ë¥i¥Î,¬O,¤£¥i¥ÎÃÄ¥]¾÷,°·«O¤£µ¹¥I,¤@¯ë,Á`¶q¶i¦ì,¾AÀ³¯g: ¹w¨¾B«¬¨xª¢,,Indication:Hepatitis B vaccine,,¥~ Æ[:1mL³z©ú¤p²~,Appearance: 1mL vial,ª`®g³¡¦ì§½³¡¯kµh¡A ¬õ¸~¡A ¯h­Â¡A µo¼ö,Inj site reactions including pain¡A redness¡A fatigue¡A swelling¡A fever.,,¥u¥Î©óªù¶E¤Î¦í°|STAT,¦w¦b®É¢Ð«¬¨xª¢¬Ì­],Engerix-B (Private) 1mL/dose,RHEPB,,§_,¬O,,Äá¤ó 2-8 «×§NÂÃ¡A»â¨ú¬Ì­]«á¡A ½Ð¥ß§Y¦Üª`®g«Ç¨Ì«ü¥Ü¨Ï¥Î,,After receiving the vaccine¡A please go to the injection room immediately.,Store in a refrigerator (2-8¢XC).,,,,¤@¯ë,ª`®g,Äµ »y:»â¨ú¬Ì­]«á¡A½Ð¥ß§Y¦Üª`®g«Ç¨Ì«ü¥Ü¨Ï¥Î¡C,,,0,0,§_,1.0,,§_,¬O,¬O,³æ¤è,§_,°±¥Î,°±¥Î,¤£¥i¿i,§_,,1.00,1.00,2.00,2.00,1,1,1,1,2.00,2.00,0,0,,¦³¹Ï¤ù,,0,,0,,J07BC01,,,,,0,,0,,VAL,§_,¤£µ¹¥I¶·¦Û¥I,¤£µ¹¥I¶·¦Û¥I,,,K000301112,§_,Liquid,SOL,,,,,1.00,mL,¬Ò¥i,³æ¦¸¿éª`,PH006,202311070857,0,350.00
IHBV1,20011024,99999999,¥i¥Î,Engerix-B (B¨x¬Ì­]¡A¬F©²´£¨Ñ) 0.5mL/dose,Hepatitis B vaccine (Government) 0.5mL/dose,Hepatitis B Vaccine,IM,STAT,HIMM,IM-02-02,°w¾¯,DOS,Hepatitis B Vaccine,«D²Õ®M,,,¤@¯ë¥i¥Î,¬O,¥i¥ÎÃÄ¥]¾÷,¥i¥Î,¤£¦LÃÄÅÒ,Á`¶q¶i¦ì,¾AÀ³¯g:B«¬¨xª¢¬Ì­],,Indication:Hepatitis B Vaccine,,,,,,,¬Ò¥i¥Î,µL¨E°ò¦]­«²ÕB«¬¨xª¢¬Ì­],Hepatitis B vaccine (Governm,RHEPB,,§_,¬O,,Äá¤ó 2-8 «×§NÂÃ¡A»â¨ú¬Ì­]«á¡A ½Ð¥ß§Y¦Üª`®g«Ç¨Ì«ü¥Ü¨Ï¥Î,,After receiving the vaccine¡A please go to the injection room immediately.,Store in a refrigerator (2-8¢XC),,,,¤@¯ë,ª`®g,Äµ »y:½Ð¸m©óÄá¤ó 2-8 «×¦B½cÁ×¥ú§NÂÃ«O¦s¡C,,,,,¬O,1.0,,§_,¬O,§_,³æ¤è,§_,°±¥Î,°±¥Î,¤£¥i¿i,§_,,1.00,1.00,1.00,1.00,1,1,1,1,1.00,1.00,0,0,,¦³¹Ï¤ù,,0,,0,,J07BC01,,,,,,,,,VAL,,°·«Oµ¹¥I,°·«Oµ¹¥I,,,K000301209,§_,Liquid,SOL,,,,,0.50,mL,¬Ò¥i,³æ¦¸¿éª`,PH034,202209270845,0,0
IHBV2,20170830,99999999,°±¥Î,H-B-VAX II 1mL/dose(¦Û¶OB¨x¬Ì­] MSD),H-B-VAX II 1mL/dose(¦Û¶OB¨x¬Ì­] MSD),Hepatitis B Vaccine,IM,STAT,HIMM,IM-02-02,°w¾¯,DOS,Hepatitis B Vaccine,«D²Õ®M,°±¥Î,,¤@¯ë¥i¥Î,¬O,¥i¥ÎÃÄ¥]¾÷,°·«O¤£µ¹¥I,¤@¯ë,Á`¶q¶i¦ì,¾AÀ³¯g: ¹w¨¾B«¬¨xª¢,,Indication:Hepatitis B vaccine,,¥~ Æ[:1mL³z©ú¤p²~,Appearance: 1mL vial,ª`®g³¡¦ì§½³¡¯kµh¡A ¬õ¸~¡A ¯h­Â¡A µo¼ö,Inj site reactions including pain¡A redness¡A fatigue¡A swelling¡A fever.,,¥u¥Î©óªù¶E¤Î¦í°|STAT,"Àq§J"µL¨E°ò¦]­«²Õ¢Ð«¬¨xª¢¬Ì­],H-B-VAX 1mL/dose(¦Û¶OB¨x¬Ì­]MSD),RHEPB,,,¬O,,Äá¤ó 2-8 «×§NÂÃ¡A»â¨ú¬Ì­]«á¡A ½Ð¥ß§Y¦Üª`®g«Ç¨Ì«ü¥Ü¨Ï¥Î,,After receiving the vaccine¡A please go to the injection room immediately.,,,Store in a refrigerator (2-8¢XC).,,¤@¯ë,ª`®g,Äµ »y:»â¨ú¬Ì­]«á¡A½Ð¥ß§Y¦Üª`®g«Ç¨Ì«ü¥Ü¨Ï¥Î¡C,,,0,0,¬O,1.0,,§_,¬O,¬O,³æ¤è,§_,°±¥Î,¥i¥Î,¤£¥i¿i,§_,,1.00,1.00,1.00,1.00,1,1,1,1,1.00,1.00,0,0,,¦³¹Ï¤ù,,0,,0,,J07BC01,,,,,0,,0,,VIAL,§_,¤£µ¹¥I¶·¦Û¥I,¤£µ¹¥I¶·¦Û¥I,,,,,Liquid,SOL,,,,,1.00,mL,¬Ò¥i,³æ¦¸¿éª`,PH034,202109102137,0,240.00
IHBVA,19960101,99999999,°±¥Î,Engerix-B vaccine 20mcg/mL/DOS,Engerix-B vaccine 20mcg/mL/DOS,Hepatitis B Vaccine,IM,,HIMM,IM-02-02,°w¾¯,VAL,Hepatitis B Vaccine,«D²Õ®M,°±¥Î,IHBV1,¤@¯ë¥i¥Î,¬O,¤£¥i¥ÎÃÄ¥]¾÷,,¤£¦LÃÄÅÒ,Á`¶q¶i¦ì,¾AÀ³¯g:¬°B«¬¨xª¢¬Ì­],,,,,,,,,,,Engerix-B vaccine 20mcg/mL/D,,,§_,¬O,,,,,,,,,¤@¯ë,ª`®g,Äµ »y:ªA¥Î«á½ÐÄY¦u­Ó¤H½Ã¥Í¡A ¥H¨¾¨ä¥L±µÄ²ªÌ¨ü¨ì·P¬V,,,,,¬O,1.0,,§_,§_,§_,³æ¤è,§_,¥i¥Î,¥i¥Î,¤£¥i¿i,¬O,,1.00,1.00,999.00,999.00,999,999,1,1,0,0,0,0,,µL¹Ï¤ù,,0,,0,,J07BC01,,,,,,,,,VAL,§_,¤£µ¹¥I¶·¦Û¥I,¤£µ¹¥I¶·¦Û¥I,,,K000301112,§_,Liquid,SOL,,,,,,,¬Ò¥i,³æ¦¸¿éª`,PH034,202109102137,0,350.00
IHCG1,19960101,99999999,°±¥Î,Gona Hormon(Pregnyl)1500U,Gona Hormon(Pregnyl)1500U,Chorionic Gonadotropin,IM,,HM,HR-02-00,°w¾¯,AMP,,«D²Õ®M,°±¥Î¡A¥i¬dÃþ¦üÃÄ,,¤@¯ë¥i¥Î,¬O,¤£¥i¥ÎÃÄ¥]¾÷,,¤@¯ë,¦¸­p¶q¶i¦ì,¾AÀ³¯g:¬°¤£¥¥¯g¥ÎÃÄ,,,,,,,,,,,Gona Hormon(Pregnyl)1500U,,,§_,¬O,,,,,,,,,¤@¯ë,ª`®g,Äµ »y:½Ð¸m©óÄá¤ó 2-8 «×¦B½cÁ×¥ú§NÂÃ«O¦s¡C,,,,,¬O,1.0,,§_,§_,§_,³æ¤è,§_,¥i¥Î,¥i¥Î,¤£¥i¿i,¬O,,1.00,1.00,999.00,999.00,999,999,1,1,0,0,0,0,,µL¹Ï¤ù,,0,,0,,,,,,,,,,,AMP,§_,¤£µ¹¥I¶·¦Û¥I,¤£µ¹¥I¶·¦Û¥I,,,,§_,Liquid,SOL,,,,,,,¬Ò¥i,³æ¦¸¿éª`,PH008,201403201331,0,115.00
IHCG2,19960101,99999999,°±¥Î,Profasi (HCG) 2000IU,Profasi (HCG) 2000IU,Human Chorionic Gonadotrophin,IM,,HM,HR-02-00,°w¾¯,AMP,HCG,«D²Õ®M,°±¥Î¡A¥i¬dÃþ¦üÃÄ,,¤w°±¥Î,¬O,¤£¥i¥ÎÃÄ¥]¾÷,,¤@¯ë,¦¸­p¶q¶i¦ì,¾AÀ³¯g:¬°¤£¥¥¯g¥ÎÃÄ,,,,,,,,,,,Profasi (HCG) 2000IU,,,§_,¬O,,,,,,,,,¤@¯ë,ª`®g,Äµ »y:¥i¯à·|³y¦¨¶ÝºÎ©Î·w¯t¡A ¶}¨®©Î¾Þ§@¦MÀI¾÷¾¹½Ð¤p¤ß,,,,,¬O,1.0,,§_,§_,§_,³æ¤è,§_,¥i¥Î,¥i¥Î,¤£¥i¿i,¬O,,1.00,1.00,99.00,99.00,999,999,1,1,0,0,0,0,,µL¹Ï¤ù,,0,,0,,G03GA01,,,,,,,,,AMP,§_,°·«Oµ¹¥I,°·«Oµ¹¥I,GONADOTROPIN CHORIONIC,G03GA01,B022773212,§_,Liquid,SOL,,,,,,,¬Ò¥i,³æ¦¸¿éª`,PH008,201403201331,107.00,128.00
IHCG5,20051123,99999999,°±¥Î,Pregnyl (HCG) 5000 IU,Pregnyl (HCG) 5000 IU,Chorionic Gonadotropin,IM,,HM,HR-02-00,°w¾¯,AMP,HCG,«D²Õ®M,°±¥Î¡A¥i¬dÃþ¦üÃÄ,,¤w°±¥Î,¬O,¤£¥i¥ÎÃÄ¥]¾÷,,¤@¯ë,¦¸­p¶q¶i¦ì,¾AÀ³¯g:¤£¥¥¯g¥ÎÃÄ,,Indication:Ovulation stimulants,,¥~ Æ[:1²Õ¦³2¤ä¦wÞÀ(1¤ä¤ô¾¯¡A 1¤ä¯»¾¯),,Åé²Gº¢¯d¡A ¥Ö¯l,Fluid & salt retention (occasionally). Skin rash (rare).,,¬Ò¥i¥Î,«O°·¹çª`®g¾¯,Pregnyl (HCG) 5000 IU,,,§_,¬O,,¶J©ñ®É»Ý¸m©ó¦B½c§NÂÃ(Äá¤ó 2-8 «×),,Store in a refrigerator (2-8¢XC).,,,,,¤@¯ë,ª`®g,Äµ »y:½Ð¸m©óÄá¤ó 2-8 «×¦B½cÁ×¥ú§NÂÃ«O¦s¡C,,,,,¬O,1.0,,§_,§_,§_,³æ¤è,§_,¥i¥Î,¥i¥Î,¤£¥i¿i,¬O,,1.00,1.00,2.00,2.00,999,999,1,1,0,0,0,0,,¦³¹Ï¤ù,,0,,0,,G03GA01,,,,,,,,,AMP,§_,¤£µ¹¥I¶·¦Û¥I,¤£µ¹¥I¶·¦Û¥I,,,,§_,Liquid,SOL,,,,,,,¬Ò¥i,³æ¦¸¿éª`,PH008,201403201331,0,252.00
IHD10,19960101,99999999,°±¥Î,HD 10,HD 10,House Dust Mite,IM,,ZOTH,TEST,°w¾¯,DOS,,«D²Õ®M,°±¥Î¡A¥i¬dÃþ¦üÃÄ,,¤@¯ë¥i¥Î,¬O,¤£¥i¥ÎÃÄ¥]¾÷,,¤£¦LÃÄÅÒ,Á`¶q¶i¦ì,¾AÀ³¯g:¬°ÀËÅç¸Õ¾¯,,,,,,,,,,,HD 10,,,§_,¬O,,,,,,,,,¤@¯ë,ª`®g,,,,,,¬O,1.0,,§_,§_,§_,³æ¤è,§_,¥i¥Î,¥i¥Î,¤£¥i¿i,¬O,,1.00,1.00,999.00,999.00,999,999,1,1,999.00,999.00,0,0,,µL¹Ï¤ù,,0,,0,,,,,,,,,,,DOS,§_,¥Ó³ø¤£­p»ù,¥Ó³ø¤£­p»ù,,,,§_,Liquid,SOL,,,,,,,¬Ò¥i,³æ¦¸¿éª`,PH034,202108021628,0,150.00
IHD100,19960101,99999999,°±¥Î,HD 100,HD 100,House Dust Mite,IM,,ZOTH,TEST,°w¾¯,DOS,,«D²Õ®M,°±¥Î¡A¥i¬dÃþ¦üÃÄ,,¤@¯ë¥i¥Î,¬O,¤£¥i¥ÎÃÄ¥]¾÷,,¤£¦LÃÄÅÒ,Á`¶q¶i¦ì,¾AÀ³¯g:¬°ÀËÅç¸Õ¾¯,,,,,,,,,,,HD 100,,,§_,¬O,,,,,,,,,¤@¯ë,ª`®g,,,,,,¬O,1.0,,§_,§_,§_,³æ¤è,§_,¥i¥Î,¥i¥Î,¤£¥i¿i,¬O,,1.00,1.00,999.00,999.00,999,999,1,1,999.00,999.00,0,0,,µL¹Ï¤ù,,0,,0,,,,,,,,,,,DOS,§_,¥Ó³ø¤£­p»ù,¥Ó³ø¤£­p»ù,,,,§_,Liquid,SOL,,,,,,,¬Ò¥i,³æ¦¸¿éª`,PH034,202108021628,0,150.00
IHD1000,19960101,99999999,°±¥Î,HD 1000,HD 1000,House Dust Mite,IM,,ZOTH,TEST,°w¾¯,DOS,,«D²Õ®M,°±¥Î¡A¥i¬dÃþ¦üÃÄ,,¤@¯ë¥i¥Î,¬O,¤£¥i¥ÎÃÄ¥]¾÷,,¤£¦LÃÄÅÒ,Á`¶q¶i¦ì,¾AÀ³¯g:¬°ÀËÅç¸Õ¾¯,,,,,,,,,,,HD 1000,,,§_,¬O,,,,,,,,,¤@¯ë,ª`®g,,,,,,¬O,1.0,,§_,§_,§_,³æ¤è,§_,¥i¥Î,¥i¥Î,¤£¥i¿i,¬O,,1.00,1.00,999.00,999.00,999,999,1,1,999.00,999.00,0,0,,µL¹Ï¤ù,,0,,0,,,,,,,,,,,DOS,§_,¥Ó³ø¤£­p»ù,¥Ó³ø¤£­p»ù,,,,§_,Liquid,SOL,,,,,,,¬Ò¥i,³æ¦¸¿éª`,PH034,202108021628,0,150.00
IHEA,19960101,99999999,°±¥Î,8% Hepatamine 500mL,8% Hepatamine 500mL,Amino Acids,IV,,NUTR,NU-04-01,°w¾¯,BOT,,«D²Õ®M,°±¥Î¡A¥i¬dÃþ¦üÃÄ,,¤@¯ë¥i¥Î,¬O,¤£¥i¥ÎÃÄ¥]¾÷,,¤@¯ë,Á`¶q¶i¦ì,¾AÀ³¯g:¬°Ói°ò»Ä»s¾¯,,,,,,,,,,,8% Hepatamine 500mL,,,§_,¬O,,,,,,,,,¤@¯ë,ª`®g,,,,,,¬O,1.0,,§_,§_,§_,³æ¤è,§_,¥i¥Î,¥i¥Î,¤£¥i¿i,¬O,,1.00,1.00,999.00,999.00,999,999,1,1,0,0,0,0,,µL¹Ï¤ù,,0,,0,,,,,,,,,,,BOT,§_,°·«Oµ¹¥I,°·«Oµ¹¥I,8.0% AMINO ACIDS FOR HEPATIC,B05BA01,B018392277,§_,Liquid,IVSOL,,,,,,,¬Ò¥i,³æ¦¸¿éª`,PH008,201403201331,323.25,436.00
IHEP,20031216,99999999,°±¥Î,Heparin inj 25KIU/5mL,Heparin inj 25KIU/5mL,Heparin,IV,,HEMT,HE-02-00,°w¾¯,KIU,Heparin,«D²Õ®M,°±¥Î,IHEPA,¤@¯ë¥i¥Î,¬O,¥i¥ÎÃÄ¥]¾÷,,¤@¯ë,Á`¶q¶i¦ì,¾AÀ³¯g:¹w¨¾¦å®ê,,Indication:Anticoagulant,,¥~ Æ[: ¸Ë¦³5mL³z©ú¼á²M²G¤§´Ä¦â¤p²~,Appearance: 5mL brown vial.,¥X¦å¡A ¦å¤pªO´î¤Ö¡A ¹L±Ó¤ÏÀ³,Hemorrhage¡A thrombocytopenia; allergic reactions,,¬Ò¥i¥Î,¨x¿M¯×ª`®g²G,Heparin inj 25KIU/5mL,,,§_,¬O,½Ã±Ð³æ¤G,¥»«~»Ý( ÂÐ®Ö ),,Store under 25¢XC. After opening¡A store in a refrigerator (2-8¢XC).,,,,2015¦~²Ä¤@¦¸ÃÄ©e·|³q¹L§R°£,¤@¯ë,ª`®g,Äµ»y:¥»«~»Ý( ÂÐ®Ö ),Äµ °ªÄµ°T,,,,¬O,25.0,,§_,§_,§_,³æ¤è,§_,°±¥Î,¥i¥Î,¤£¥i¿i,¬O,,1.00,1.00,25.00,25.00,999,999,1,1,25.00,25.00,0,0,,¦³¹Ï¤ù,,0,,0,,B01AB01,,,,,,,,,VAL,§_,°·«Oµ¹¥I,°·«Oµ¹¥I,HEPARIN,B01AB01,B022826240,§_,Liquid,IVSOL,,,,,,,¬Ò¥i,³æ¦¸¿éª`,PH008,201505211559,92.00,138.00
IHEP1,19960101,99999999,°±¥Î,Heparin inj 1KIU/0.2mL,Heparin inj 1KIU/0.2mL,Heparin,IV,,HEMT,HE-02-00,°w¾¯,KIU,Heparin,«D²Õ®M,°±¥Î,IHEPA1,¤@¯ë¥i¥Î,¬O,¤£¥i¥ÎÃÄ¥]¾÷,,¤£¦LÃÄÅÒ,Á`¶q¶i¦ì,¾AÀ³¯g:¹w¨¾¦å®ê,,Indication:Anticoagulant,,,,¥X¦å¡A ¦å¤pªO´î¤Ö¡A ¹L±Ó¤ÏÀ³,Hemorrhage¡A thrombocytopenia; allergic reactions,,¬Ò¥i¥Î,,Heparin inj 1KIU/0.2mL,,,§_,¬O,,¥»«~»Ý( ÂÐ®Ö ),,,,,,,¤@¯ë,ª`®g,Äµ»y:¥»«~»Ý( ÂÐ®Ö ),Äµ °ªÄµ°T,,,,¬O,5.0,,¬O,§_,§_,³æ¤è,§_,¥i¥Î,¥i¥Î,¤£¥i¿i,¬O,,1.00,1.00,25.00,25.00,999,999,1,1,25.00,25.00,0,0,,µL¹Ï¤ù,,0,,0,,B01AB01,,,,,,,,,KIU,,°·«Oµ¹¥I,°·«Oµ¹¥I,HEPARIN,B01AB01,B022826299,§_,Liquid,IVSOL,,,,,,,¬Ò¥i,³æ¦¸¿éª`,PH006,201503051516,1.44,3.00
IHEP20,20200915,99999999,¥i¥Î,Hepac Plus for Dialysis 5000 Unit/20mL(250Unit/mL),Hepac Plus for Dialysis 5000 Unit/20mL(250Unit/mL),Heparin,IRR,STAT,HEMT,HE-02-00,°w¾¯,¤ä,³zªR¥Î§Ü¾®¦å¾¯,«D²Õ®M,°±¥Î,,¤@¯ë¥i¥Î,¬O,¤£¥i¥ÎÃÄ¥]¾÷,¤º§t,¤£¦LÃÄÅÒ,Á`¶q¶i¦ì,¾AÀ³¯g:¦å²G³zªR®É¡AÅé¥~´`Àô¸Ë¸m¤§§Ü¾®¦å¾¯¡C,,Indication:Anticoagulant for extracorporeal circulation,device during hemodialysis.,¥~ Æ[:20mL °wµ©¡A¬õ¦â¼ÐÅÒ,Appearance: 20mL syringe with red lable,¥X¦å¡A ¹L±Ó¤ÏÀ³,Hemorrhage¡A allergic reactions,,¥u¥Î©óªù¶E¤Î¦í°|STAT,®ü¬£³zªR¥Î§Ü¾®¦å¾¯250³æ¦ì/²@¤É,Hepac Plus for Dialysis,,,,¬O,,¶È­­¥Î©ó¨¾¤î¦å²G³zªR¤§Åé¥~´`Àô¸Ë¸m¦å²G¾®©T¡C,,Only used to prevent blood clotting in extracorporeal circulation,devices for hemodialysis.,¥]¸Ë¶}«Ê«áª½±µ¨Ï¥Î¡A¨Ï¥Î«áªº´Ý²Gµ´¹ï¤£­n¦A¥Î¡C,Use directly after opening the package¡A and never use the remaining liquid.,[Rx_o] 2020Q3ÃÄ©e·s¶i¡A­­¬~µÇ«Ç¦VÃÄ®w»â¥Î,¤@¯ë,ª`®g,¶È­­¥Î©ó¨¾¤î¦å²G³zªR¤§Åé¥~´`Àô¸Ë¸m¦å²G¾®©T¡C,Äµ °ªÄµ°T,,0,0,§_,1.0,,¬O,¬O,§_,³æ¤è,§_,°±¥Î,°±¥Î,¤£¥i¿i,§_,,1.00,1.00,1.00,1.00,999,999,1,1,1.00,1.00,0,0,,¦³¹Ï¤ù,,0,,0,,B01AB01,,,,,0,,0,,¤ä,,°·«O¤£¥Ó³ø¤£­p»ù,°·«O¤£¥Ó³ø¤£­p»ù,,,,,Liquid,IVSOL,,,5000.00,U,20.00,mL,,,PH047,202310041544,0,108.00
IHEP250,20120827,99999999,°±¥Î,Heparin inj 250IU/mL¡A250mL(for H/D),Heparin inj 250IU/mL¡A250mL(for H/D),Heparin,IVD,STAT,HEMT,HE-02-00,°w¾¯,BAG,,«D²Õ®M,°±¥Î¡A¥i¬dÃþ¦üÃÄ,,¤@¯ë¥i¥Î,¬O,¤£¥i¥ÎÃÄ¥]¾÷,,¤£¦LÃÄÅÒ,¦¸­p¶q¶i¦ì,¾AÀ³¯g:¹w¨¾¦å®ê,,Indication:Anticoagulant,,¥~ Æ[:250mL³n³U,Appearance: 250mL bag.,¥X¦å¡A ¦å¤pªO´î¤Ö¡A ¹L±Ó¤ÏÀ³,Hemorrhage¡A thrombocytopenia; allergic reactions,,¬Ò¥i¥Î,Heparin inj 250IU/mL¡A250mL(for H/D),Heparin inj 250IU/mL¡A250mL,,,§_,¬O,,Àx¦s»Ý§NÂÃ (2-8¢XC),,Store in a refrigerator (2-8¢XC).,,­­³zªR¤¤¤ß½Õ¾ã¹w¨¾¦å®ê¥Î,,,¤@¯ë,¤@¯ë,Äµ »y:½Ð¸m©óÄá¤ó 2-8 «×¦B½cÁ×¥ú§NÂÃ«O¦s¡C,Äµ °ªÄµ°T,,0,0,¬O,1.0,,§_,¬O,§_,³æ¤è,§_,°±¥Î,¥i¥Î,¤£¥i¿i,¬O,,1.00,1.00,1.00,1.00,999,999,1,1,1.00,1.00,0,0,,µL¹Ï¤ù,,0,,0,,B01AB01,,,,,,,,,BAG,,°·«O¤£¥Ó³ø¤£­p»ù,°·«O¤£¥Ó³ø¤£­p»ù,,,,§_,Liquid,IVSOL,,,0,IU,,,¬Ò¥i,³æ¦¸¿éª`,PH034,202111151002,0,438.00
IHEP50,20120827,99999999,°±¥Î,Heparin for flushing 50IU/mL¡A100mL,Heparin for flushing 50IU/mL¡A100mL,Heparin,IVD,STAT,HEMT,HE-02-00,°w¾¯,BAG,,«D²Õ®M,°±¥Î,,¤@¯ë¥i¥Î,¬O,¤£¥i¥ÎÃÄ¥]¾÷,,¤£¦LÃÄÅÒ,¦¸­p¶q¶i¦ì,¾AÀ³¯g:ºÞ¸ô¨R¬~¥Î,,Indication:For IV flushing.,,¥~ Æ[:100mL³n³U,,,,,¬Ò¥i¥Î,,Heparin for flushing 50IU/mL,,,§_,¬O,,­­ºÞ¸ô¨R¬~¥Î,,Flushing only.,,,,,¤@¯ë,ª`®g,,,,0,0,¬O,1.0,,§_,¬O,§_,³æ¤è,§_,°±¥Î,¥i¥Î,¤£¥i¿i,¬O,,1.00,1.00,5.00,5.00,999,999,1,1,5.00,5.00,0,0,,µL¹Ï¤ù,,0,,0,,B01AB01,,,,,,,,,BAG,,°·«O¤£¥Ó³ø¤£­p»ù,°·«O¤£¥Ó³ø¤£­p»ù,,,,§_,Liquid,IVSOL,,,,,,,¬Ò¥i,³æ¦¸¿éª`,PH034,202101261457,0,60.00
IHEPA,20141216,99999999,¥i¥Î,HEPAC inj 25KIU/5mL,HEPAC inj 25KIU/5mL,Heparin,IVD,,HEMT,HE-02-00,°w¾¯,KIU,Heparin,«D²Õ®M,,,¤@¯ë¥i¥Î,¬O,¥i¥ÎÃÄ¥]¾÷,,¤@¯ë,Á`¶q¶i¦ì,¾AÀ³¯g:¹w¨¾¦å®ê,,Indication:Anticoagulant,,¥~ Æ[: ¸Ë¦³5mL³z©ú¼á²M²G¤p²~,Appearance: 5mL vial.,¥X¦å¡A ¦å¤pªO´î¤Ö¡A ¹L±Ó¤ÏÀ³,Hemorrhage¡A thrombocytopenia; allergic reactions,,¬Ò¥i¥Î,®ü¬£ª`®g²G,HEPAC inj 25KIU/5mL,,,,¬O,½Ã±Ð³æ¤G,¥»«~»Ý( ÂÐ®Ö ),,,,Àx¦s©ó«Ç·Å25¢XC¥H¤U¡C¶}«Ê«á½Ð§NÂÃ (2-8¢XC),Store under 25¢XC. After opening¡A store in a refrigerator (2-8¢XC).,2015¦~²Ä¤@¦¸ÃÄ©e·|³q¹L·s¶i¨ú¥N,¤@¯ë,¤@¯ë,Äµ»y:¥»«~»Ý( ÂÐ®Ö ),Äµ °ªÄµ°T,,0,0,§_,25.0,,§_,¬O,§_,³æ¤è,§_,°±¥Î,¥i¥Î,¤£¥i¿i,¬O,,1.00,1.00,25.00,25.00,99,99,1,1,25.00,25.00,0,0,,¦³¹Ï¤ù,,0,,0,,B01AB01,,,,,0,,0,,VIAL,,°·«Oµ¹¥I,°·«Oµ¹¥I,HEPARIN,B01AB01,AC44805240,§_,Liquid,IVSOL,,,25.00,KIU,5.00,mL,¥²¶·µ}ÄÀ,³æ¦¸\«ùÄò¿éª`,PH034,202203011518,166.00,199.00
IHEPA1,20141216,99999999,¥i¥Î,Hepac inj 1KIU/0.2mL (¥Ó³ø­p»ù),Hepac inj 1KIU/0.2mL (¥Ó³ø­p»ù),Heparin,IVD,,HEMT,HE-02-00,°w¾¯,KIU,Heparin,«D²Õ®M,,,¤@¯ë¥i¥Î,¬O,¤£¥i¥ÎÃÄ¥]¾÷,,¤£¦LÃÄÅÒ,Á`¶q¶i¦ì,¾AÀ³¯g:¹w¨¾¦å®ê,,Indication:Anticoagulant,,,,¥X¦å¡A ¦å¤pªO´î¤Ö¡A ¹L±Ó¤ÏÀ³,Hemorrhage¡A thrombocytopenia; allergic reactions,,¬Ò¥i¥Î,,Hepac inj 1KIU/0.2mL,,,,¬O,,¥»«~»Ý( ÂÐ®Ö ),,,,,,[Rx_x],¤@¯ë,ª`®g,Äµ»y:¥»«~»Ý( ÂÐ®Ö ),Äµ °ªÄµ°T,,0,0,§_,5.0,,§_,¬O,§_,³æ¤è,§_,¥i¥Î,¥i¥Î,¤£¥i¿i,¬O,,1.00,1.00,25.00,25.00,99,99,1,1,25.00,25.00,0,0,,µL¹Ï¤ù,,0,,0,,B01AB01,,,,,0,,0,,KIU,,¤£µ¹¥I¶·¦Û¥I,¤£µ¹¥I¶·¦Û¥I,HEPARIN,B01AB01,A044805299,§_,Liquid,IVSOL,,,1.00,KIU,0.20,mL,¥²¶·µ}ÄÀ,³æ¦¸¿éª`,PH008,202312210927,0,3.00
IHER,20110601,99999999,¥i¥Î,Herceptin inj 440mg,Herceptin inj 440mg,Trastuzumab,IVD,,RACA,ON-09-02,°w¾¯,mg,Herceptin,«D²Õ®M,,,¤@¯ë¥i¥Î,¬O,¤£¥i¥ÎÃÄ¥]¾÷,±ø¥ó¤Uµ¹¥I,¤@¯ë,¤£¶i¦ì,¾AÀ³¯g:Àù¯g¼Ð¹vªvÀø¥ÎÃÄ,°t»s«á«O¦s´Á­­¡G24¤p®É(2-8¢XC)¡A­­½Õ»s·í¤é§¹¦¨µ¹ÃÄ,Indication:Target therapy for breast cancer.,,¥~ Æ[:¸Ë¦³¥Õ¦â­á´¹¤§¬Á¼þ¤p²~,,µo¼ö¡A äú¤ß¡A ¹Ã¦R¡A ¿éª`¤ÏÀ³¡A ¸¡Âm,Fever¡A nausea¡A vomiting¡A infusion reactions¡A diarrhea,,¬Ò¥i¥Î,¶PÀù¥­,Herceptin,,,§_,¬O,,­Y¦³©I§l§xÃø¡A ÄY­«·w¯t¡A ¦åÀ£°¾§Cµ¥ÄY­«¤ÏÀ³¡A ½Ð¼È°±¨Ï¥Î,,Inform doctor if experience trouble breathing¡A severe dizziness¡A low,blood pressure.,³Æµù:½Ð¸m©óÄá¤ó 2-8 «×¦B½c§NÂÃ,Store in a refrigerator (2-8¢XC).,,¤ÆÀø,¤ÆÀø,Äµ »y:­Y¦³©I§l§xÃø¡BÄY­«·w¯t¡B¦åÀ£°¾§Cµ¥ÄY­«¤ÏÀ³¡A½Ð¼È°±¨Ï¥Î,SA «÷­µ¬Û¦ü,,20.0,-20.0,¬O,440.0,,§_,¬O,§_,³æ¤è,§_,°±¥Î,°±¥Î,¤£¥i¿i,¬O,,1.00,1.00,700.00,700.00,3,1,1,1,700.00,700.00,0,0,,¦³¹Ï¤ù,,0,,0,,L01FD01,,,,,,,,,VAL,¬O,°·«Oµ¹¥I,°·«Oµ¹¥I,TRASTUZUMAB,L01FD01,KC009612B5,§_,Liquid,IVSOL,,,440.00,mg,,,¥²¶·µ}ÄÀ,³æ¦¸¿éª`,PH032,202303261040,43236.00,51883.00
IHER0,20121227,99999999,¥i¥Î,Herceptin inj 440mg (Sample),Herceptin inj 440mg (Sample),Trastuzumab,IVD,,RACA,ON-09-02,°w¾¯,mg,Herceptin,«D²Õ®M,Á{±ÄÃÄ¡A½Ð³qª¾ÃÄ§½¥~ÁÊ,,±`³ÆÁ{±Ä(¤£§R),¬O,¤£¥i¥ÎÃÄ¥]¾÷,±ø¥ó¤Uµ¹¥I,¤@¯ë,Á`¶q¶i¦ì,¾AÀ³¯g:¨ÅÀù¼Ð¹vªvÀø¥ÎÃÄ,°t»s«á«O¦s´Á­­¡G24hrs(2-8¢XC)¡A­­½Õ»s·í¤é§¹¦¨µ¹ÃÄ,Indication:Target therapy for breast cancer.,,¥~ Æ[:¸Ë¦³¥Õ¦â­á´¹¤§¬Á¼þ¤p²~,,µo¼ö¡A äú¤ß¡A ¹Ã¦R¡A ¿éª`¤ÏÀ³¡A ¸¡Âm,Fever¡A nausea¡A vomiting¡A infusion reactions¡A diarrhea,,¬Ò¥i¥Î,¶PÀù¥­,Herceptin (Sample),,,§_,¬O,,­Y¦³©I§l§xÃø¡A ÄY­«·w¯t¡A ¦åÀ£°¾§Cµ¥ÄY­«¤ÏÀ³¡A ½Ð¼È°±¨Ï¥Î,,Inform doctor if experience trouble breathing¡A severe dizziness¡A low,blood pressure.,³Æµù:½Ð¸m©óÄá¤ó 2-8 «×¦B½c§NÂÃ,Store in a refrigerator (2-8¢XC).,[Rx_x]³B¤è¶°¤£Åã¥Ü¡A¼Ë«~ÃÄ¡A2012Q4ÃÄ©e³q¹L,¤ÆÀø,¤ÆÀø,Äµ »y:­Y¦³©I§l§xÃø¡BÄY­«·w¯t¡B¦åÀ£°¾§Cµ¥ÄY­«¤ÏÀ³¡A½Ð¼È°±¨Ï¥Î,,,20.0,-20.0,,440.0,,§_,¬O,§_,³æ¤è,§_,°±¥Î,°±¥Î,¤£¥i¿i,¬O,,1.00,1.00,700.00,700.00,2,1,1,1,700.00,700.00,0,0,,µL¹Ï¤ù,,0,,0,,L01FD01,,,,,,,,,VIAL,,°·«O¤£¥Ó³ø¤£­p»ù,°·«O¤£¥Ó³ø¤£­p»ù,,,,§_,Liquid,IVSOL,,,440.00,mg,,,¥²¶·µ}ÄÀ,³æ¦¸¿éª`,PH032,202303261040,0,0
IHER6,20180905,99999999,¥i¥Î,HERCEPTIN inj 600mg/5mL,HERCEPTIN inj 600mg/5mL,Trastuzumab,SC,STAT,RACA,ON-09-02,°w¾¯,Vial,HERCEPTIN,«D²Õ®M,Á{±ÄÃÄ¡A½Ð³qª¾ÃÄ§½¥~ÁÊ,,ÃÄ©e·|Á{±Ä,¬O,¥i¥ÎÃÄ¥]¾÷,±ø¥ó¤Uµ¹¥I,¤@¯ë,¦¸­p¶q¶i¦ì,¾AÀ³¯g:¨ÅÀù¼Ð¹vªvÀø¥ÎÃÄ,°t»s«á«O¦s´Á­­¡G6hrs(25¢XC)¡A½Õ»s®É¶¡¡G,Indication:Target therapy for breast cancer.,,¥~ Æ[:³z©ú¤p²~(Vial)¡AÂÅ¦â¥~»\¡A¥Õ¦â¬Û¶¡¥~¶K¯È,Appearance:Vial with blue cap¡A colorless to yellowish liquid,µo¼ö¡A äú¤ß¡A ¹Ã¦R¡A ¿éª`¤ÏÀ³¡A ¸¡Âm,Fever¡A nausea¡A vomiting¡A infusion reactions¡A diarrhea,,¥u¥Î©óªù¶E¤Î¦í°|STAT,¶PÀù¥­¥Ö¤Uª`®g¾¯ 600mg/5mL,HERCEPTIN inj 600mg/5mL,,,,¬O,,­Y¦³©I§l§xÃø¡A ÄY­«·w¯t¡A ¦åÀ£°¾§Cµ¥ÄY­«¤ÏÀ³¡A ½Ð¼È°±¨Ï¥Î¡C,¥»ÃÄ¶È¨Ñ¥Ö¤Uª`®g¡C,Inform doctor if experience trouble breathing¡A severe dizziness¡A low,blood pressure. Only for subcutaneous injection,³Æµù:½Ð¸m©óÄá¤ó 2-8 «×¦B½c§NÂÃ,Store in a refrigerator (2-8¢XC).,107¦~²Ä¤T©uÃÄ©e·|³q¹LÁ{±Ä¡A108¦~²Ä¤@©u¶}©ñ°·«O¨Ï¥Î,¤ÆÀø,¤ÆÀø,Äµ »y:­Y¦³©I§l§xÃø¡BÄY­«·w¯t¡B¦åÀ£°¾§Cµ¥ÄY­«¤ÏÀ³¡A½Ð¼È°±¨Ï¥Î,SA «÷­µ¬Û¦ü,,0,0,¬O,1.0,,§_,¬O,¬O,³æ¤è,§_,°±¥Î,°±¥Î,¤£¥i¿i,§_,,1.00,1.00,1.00,1.00,5,5,1,1,1.00,1.00,0,0,,¦³¹Ï¤ù,,0,,0,,L01FD01,,,,,0,,0,,VIAL,¬O,°·«Oµ¹¥I,°·«Oµ¹¥I,TRASTUZUMAB,L01FD01,KC01065221,§_,Liquid,SOL,,,600.00,mg,5.00,mL,¤£»Ýµ}ÄÀ,,PH032,202303261040,35712.00,42854.00
IHER60,20190201,99999999,¥i¥Î,HERCEPTIN inj 600mg/5mL (sample),HERCEPTIN inj 600mg/5mL (sample),Trastuzumab,SC,STAT,RACA,ON-09-02,°w¾¯,Vial,HERCEPTIN,«D²Õ®M,Á{±ÄÃÄ¡A½Ð³qª¾ÃÄ§½¥~ÁÊ,,ÃÄ©e·|Á{±Ä,¬O,¥i¥ÎÃÄ¥]¾÷,°·«O¤£µ¹¥I,¤@¯ë,¦¸­p¶q¶i¦ì,¾AÀ³¯g:¨ÅÀù¼Ð¹vªvÀø¥ÎÃÄ,°t»s«á«O¦s´Á­­¡G6hrs(25¢XC)¡A½Õ»s®É¶¡¡G,Indication:Target therapy for breast cancer.,,¥~ Æ[:³z©ú¤p²~(Vial)¡AÂÅ¦â¥~»\¡A¥Õ¦â¬Û¶¡¥~¶K¯È,Appearance:Vial with blue cap¡A colorless to yellowish liquid,µo¼ö¡A äú¤ß¡A ¹Ã¦R¡A ¿éª`¤ÏÀ³¡A ¸¡Âm,Fever¡A nausea¡A vomiting¡A infusion reactions¡A diarrhea,,¥u¥Î©óªù¶E¤Î¦í°|STAT,¶PÀù¥­¥Ö¤Uª`®g¾¯ 600mg/5mL (sample),HERCEPTIN inj 600mg/5mL(samp,,,,¬O,,­Y¦³©I§l§xÃø¡A ÄY­«·w¯t¡A ¦åÀ£°¾§Cµ¥ÄY­«¤ÏÀ³¡A ½Ð¼È°±¨Ï¥Î¡C,¥»ÃÄ¶È¨Ñ¥Ö¤Uª`®g¡C,Inform doctor if experience trouble breathing¡A severe dizziness¡A low,blood pressure. Only for subcutaneous injection,³Æµù:½Ð¸m©óÄá¤ó 2-8 «×¦B½c§NÂÃ,Store in a refrigerator (2-8¢XC).,[Rx_x]³B¤è¶°¤£Åã¥Ü¡A¼Ë«~ÃÄ,¤ÆÀø,¤ÆÀø,Äµ »y:­Y¦³©I§l§xÃø¡BÄY­«·w¯t¡B¦åÀ£°¾§Cµ¥ÄY­«¤ÏÀ³¡A½Ð¼È°±¨Ï¥Î,SA «÷­µ¬Û¦ü,,0,0,¬O,1.0,,§_,¬O,¬O,³æ¤è,,°±¥Î,,¤£¥i¿i,§_,,1.00,1.00,1.00,1.00,2,2,1,1,1.00,1.00,0,0,,µL¹Ï¤ù,,0,,0,,L01FD01,,,,,0,,0,,VIAL,,°·«O¤£¥Ó³ø¤£­p»ù,°·«O¤£¥Ó³ø¤£­p»ù,,,,,Liquid,SOL,,,600.00,mg,5.00,mL,¤£»Ýµ}ÄÀ,,PH032,202303261040,0,0
IHEX,20170424,99999999,°±¥Î,Hexaxim (¤»¦X¤@¡A¬F©²´£¨Ñ) 0.5mL/dose,Hexaxim (¤»¦X¤@¡A¬F©²´£¨Ñ) 0.5mL/dose,DTaP-IPV-HIB-HBV,IM,ST,HIMM,IM-02-03,°w¾¯,DOS,Infanrix Hexa,«D²Õ®M,°±¥Î,,¤@¯ë¥i¥Î,¬O,¥i¥ÎÃÄ¥]¾÷,¥i¥Î,¤£¦LÃÄÅÒ,Á`¶q¶i¦ì,¾AÀ³¯g:¾A¥Î©ó¥X¥Í6¶g¥H¤Wªº°òÂ¦§K¬Ì±µºØ©M°l¥[±µºØ¡A¹w¨¾,¥Õ³ï¡A¯}¶Ë­·¡A¦Ê¤é«y¡AB«¬¨xª¢¡A¤p¨à³Â·ô¤Îb«¬¶Ý¦å±ìµß(Hib)©Ò¾É­Pªº«IÅ§©Ê¯e¯f.,Indication:Combined DPT¡A inactivated polio¡A,Hib & HBV vaccine,¥~ Æ[: 0.5 mL ¹w¶ñ¥R°wµ©,Appearance: Prefilled syringe 0.5mL,¹½­¹¡A¶ÝºÎ¡A¹Ã¦R¡Aª`®g³¡¦ì¯kµh¡A¬õ´³©M¸~µÈ,Anorexia¡A somnolence¡A vomiting¡A injection-site pain¡A erythema and swelling,,¥u¥Î©óªù¶E¤Î¦í°|STAT,Hexaxim (¤»¦X¤@¡A¬F©²´£¨Ñ) 0.5mL/dose,Hexaxim (¤»¦X¤@¡A¬F©²´£¨Ñ) 0.5mL/dos,6IN1,,,¬O,,Äá¤ó 2-8 «×§NÂÃ¡A»â¨ú¬Ì­]«á¡A ½Ð¥ß§Y¦Üª`®g«Ç¨Ì«ü¥Ü¨Ï¥Î,,After receiving the vaccine¡A please go to the injection room immediately.,Store in a refrigerator (2-8¢XC),,,,¤@¯ë,ª`®g,Äµ »y:»â¨ú¬Ì­]«á¡A½Ð¥ß§Y¦Üª`®g«Ç¨Ì«ü¥Ü¨Ï¥Î¡C,,,0,0,§_,1.0,,§_,¬O,¬O,½Æ¤è,§_,°±¥Î,°±¥Î,¤£¥i¿i,§_,,1.00,1.00,1.00,1.00,1,1,1,1,1.00,1.00,0,0,,¦³¹Ï¤ù,,0,,0,,J07CA09,,,,,0,,0,,VIAL,§_,°·«Oµ¹¥I,°·«Oµ¹¥I,,,X000156206,§_,Liquid,SOL,,,,,0.50,mL,¬Ò¥i,³æ¦¸¿éª`,PH032,202110031659,0,0
IHEXA,20200915,99999999,¥i¥Î,Hexaxim inj (¤»¦X¤@) 0.5mL/dose,Hexaxim inj (¤»¦X¤@) 0.5mL/dose,DTaP-IPV-HIB-HBV,IM,STAT,HIMM,IM-02-03,°w¾¯,DOS,Infanrix Hexa,«D²Õ®M,,,¤@¯ë¥i¥Î,¬O,¥i¥ÎÃÄ¥]¾÷,¥i¥Î,¤@¯ë,Á`¶q¶i¦ì,¾AÀ³¯g:¥Õ³ï/«D²Ó­M«¬¦Ê¤é«y/¯}¶Ë­·/¤p¨à³Â·ô/HIB/B¨x¬Ì­],,Indication:Combined DPT¡A inactivated polio¡A,Hib & HBV vaccine,¥~ Æ[:0.5 mL ¹w¶ñ¥R°wµ©,Appearance:Prefilled syringe 0.5mL,¹½­¹¡A¶ÝºÎ¡A¹Ã¦R¡Aª`®g³¡¦ì¯kµh¡A¬õ´³©M¸~µÈ,Anorexia¡A somnolence¡A vomiting¡A injection-site pain¡A erythema and swelling,,¥u¥Î©óªù¶E¤Î¦í°|STAT,«¢¦h¬P¤»¦X¤@¬Ì­],Hexaxim inj 0.5mL/dose,6IN1,,,¬O,,Äá¤ó 2-8 «×§NÂÃ¡A»â¨ú¬Ì­]«á¡A ½Ð¥ß§Y¦Üª`®g«Ç¨Ì«ü¥Ü¨Ï¥Î,,After receiving the vaccine¡A please go to the injection room immediately.,Store in a refrigerator (2-8¢XC),,,2020Q3ÃÄ©e·s¶i,¤@¯ë,ª`®g,Äµ »y:»â¨ú¬Ì­]«á¡A½Ð¥ß§Y¦Üª`®g«Ç¨Ì«ü¥Ü¨Ï¥Î¡C,,,0,0,§_,1.0,,§_,¬O,¬O,½Æ¤è,§_,°±¥Î,°±¥Î,¤£¥i¿i,§_,,1.00,1.00,1.00,1.00,1,1,1,1,1.00,1.00,0,0,,¦³¹Ï¤ù,,0,,0,,J07CA09,,,,,0,,0,,VIAL,,¤£µ¹¥I¶·¦Û¥I,¤£µ¹¥I¶·¦Û¥I,,,,,Liquid,SOL,,,0,,0.50,mL,,,PH032,202110031659,0,2400.00
IHIB,20060207,99999999,°±¥Î,Hiberix inj 0.5 mL,Hiberix inj 0.5 mL,Haemophilus b Conjugate Vaccine,IM,ST,HIMM,IM-02-01,°w¾¯,VAL,Hib Vaccine,«D²Õ®M,°±¥Î¡A¥i¬dÃþ¦üÃÄ,,¤@¯ë¥i¥Î,§_,¤£¥i¥ÎÃÄ¥]¾÷,,¤@¯ë,Á`¶q¶i¦ì,¾AÀ³¯g:¬°B«¬¶Ý¦å±ìµß¬Ì­],,Haemophilus Inluenzae vaccine,,,,,,,¬Ò¥i¥Î,¶P¦Ê§JB«¬¶Ý¦å±ìµß¬Ì­],Hiberix inj 0.5 mL,HIB,,§_,¬O,,,,,,,,,¤@¯ë,ª`®g,Äµ »y:»â¨ú¬Ì­]«á¡A½Ð¥ß§Y¦Üª`®g«Ç¨Ì«ü¥Ü¨Ï¥Î¡C,,,,,¬O,1.0,,§_,§_,§_,³æ¤è,§_,°±¥Î,¥i¥Î,¤£¥i¿i,¬O,,1.00,1.00,1.00,1.00,1,1,1,1,0,0,0,0,,µL¹Ï¤ù,,0,,0,,,,,,,,,,,VAL,,¤£µ¹¥I¶·¦Û¥I,¤£µ¹¥I¶·¦Û¥I,,,,§_,Liquid,SOL,,,,,,,¬Ò¥i,³æ¦¸¿éª`,PH032,202110031659,0,650.00
IHIB0,20170126,99999999,°±¥Î,Act-HIB 0.5mL(¶Ý¦å±ìµß¬Ì­]¡A ¬F©²´£¨Ñ),Act-HIB 0.5mL(¶Ý¦å±ìµß¬Ì­]¡A ¬F©²´£¨Ñ),Haemophilus b Conjugate Vaccine,IM,STAT,HIMM,IM-02-01,°w¾¯,DOS,Hib Vaccine,«D²Õ®M,°±¥Î,,¤@¯ë¥i¥Î,¬O,¤£¥i¥ÎÃÄ¥]¾÷,¥i¥Î,¤£¦LÃÄÅÒ,Á`¶q¶i¦ì,¾AÀ³¯g: B«¬¶Ý¦å±ìµß¬Ì­],,Indication:Haemophilus b Conjugate Vaccine,,¥~ Æ[:¤p²~¸Ë³æ¤@¾¯¶q­á´¹¬Ì­],Appearance:powder + diluent,¨ë¿E©Ê¡A§x­Â¡A¹½­¹¡A¸¡Âm¡Aª`®g³¡¦ì¯kµh¡Aµo¿N,Irritability¡A drowsiness¡A anorexia¡A diarrhea¡A pain at injection site¡A fever,,¥u¥Î©óªù¶E¤Î¦í°|STAT,¤Ú´µ¼wB«¬¶Ý¦å±ìµß±µ¦X¬Ì­],Act-HIB 0.5mL,HIB,,,¬O,,Äá¤ó 2-8 «×§NÂÃ¡A»â¨ú¬Ì­]«á¡A ½Ð¥ß§Y¦Üª`®g«Ç¨Ì«ü¥Ü¨Ï¥Î,,After receiving the vaccine¡A please go to the injection room immediately.,Store in a refrigerator (2-8¢XC),,,,¤@¯ë,ª`®g,Äµ »y:½Ð¸m©óÄá¤ó 2-8 «×¦B½cÁ×¥ú§NÂÃ«O¦s¡C,,,0,0,§_,1.0,,§_,§_,¬O,³æ¤è,§_,°±¥Î,¥i¥Î,¤£¥i¿i,§_,,1.00,1.00,1.00,1.00,1,1,1,1,1.00,1.00,0,0,,¦³¹Ï¤ù,,0,,0,,J07AG01,,,,,0,,0,,SET,,°·«Oµ¹¥I,°·«Oµ¹¥I,,,X000155229,,Liquid,SOL,,,,,,,¬Ò¥i,³æ¦¸¿éª`,PH032,202110031659,0,0
IHIG3,20010102,99999999,°±¥Î,Human Immunoglobulin 3gm/60mL,Human Immunoglobulin 3gm/60mL,Human Immunoglobulin,,,HIMM,IM-03-00,°w¾¯,VAL,IVIG,«D²Õ®M,°±¥Î¡A¥i¬dÃþ¦üÃÄ,,¤@¯ë¥i¥Î,¬O,¥i¥ÎÃÄ¥]¾÷,¥i¥Î,,,,,,,,(B),,,,¬Ò¥i¥Î,,Human Immunoglobulin 3gm/60m,,,§_,¬O,,,,,,,,,,¤@¯ë,,,,,,¬O,1.0,,§_,§_,§_,³æ¤è,§_,¥i¥Î,¥i¥Î,¥i¿i,¬O,,0,0,0,0,0,0,0,0,0,0,0,0,,µL¹Ï¤ù,,0,,0,,,,,,,,,,,BOT,,°·«Oµ¹¥I,°·«Oµ¹¥I,IMMUNOGLOBULIN (IVIG),J06BA02,K000629216,§_,Liquid,IVSOL,,,,,,,¬Ò¥i,³æ¦¸¿éª`,PH008,201403201332,3780.00,4536.00
IHIK,20041109,99999999,°±¥Î,Hikamilon Dispo syringe,Hikamilon Dispo syringe,Sodium Hyaluronate,IS,,CNEU,CN-05-00,½Ã§÷,AMP,Hyaluronate,«D²Õ®M,¼t°Ó¯Ê³f,,¤@¯ë¥i¥Î,¬O,¤£¥i¥ÎÃÄ¥]¾÷,±ø¥ó¤Uµ¹¥I,¤@¯ë,¦¸­p¶q¶i¦ì,¾AÀ³¯g:°h¤Æ©Ê½¥Ãö¸`ª¢,,Indication:Relieve knee pain due to osteoarthritis.,,¥~ Æ[:³z©ú¦wÞÀ(amp)¡A¦Ç¦â¥~»\,,ª`®g³¡¦ì·|¦³µu¼Èªº¸~¡A µh¡A ¼ö,Transient swelling¡A pain¡A heat & redness may occur sporadically at the injection,,¬Ò¥i¥Î,¤j¥¿µÎÃö,Hikamilon Dispo syringe,,,§_,¬O,,Ãö¸`¤ºª`®g,,Intra-articular injection.,,,,,¤@¯ë,¤@¯ë,Äµ »y:Ãö¸`¤ºª`®g,,,,,§_,1.0,,§_,¬O,§_,³æ¤è,§_,°±¥Î,¥i¥Î,¤£¥i¿i,¬O,,1.00,1.00,2.00,2.00,1,1,1,1,2.00,2.00,0,0,,¦³¹Ï¤ù,,0,,0,,M09AX01,,,,,,,,,¤ä,,°·«Oµ¹¥I,°·«Oµ¹¥I,,,FBT01025MLH8,§_,Liquid,SOL,,,,,,,¬Ò¥i,³æ¦¸¿éª`,PH008,202007141002,0,714.00
IHLF,20150315,99999999,¥i¥Î,Hepac Lock Flush 1000 Unit/10mL,Hepac Lock Flush 1000 Unit/10mL,Heparin,IRR,STAT,HEMT,HE-02-00,°w¾¯,¤ä,,«D²Õ®M,,,¤@¯ë¥i¥Î,¬O,¥i¥ÎÃÄ¥]¾÷,,¤@¯ë,¦¸­p¶q¶i¦ì,¾AÀ³¯g:¥Î©ó¤¤¥¡ÀR¯ß¾ÉºÞ«ÊºÞ¡A¥Hºû«ù¾ÉºÞ³qºZ¡C,,Indication:Solution is intended for maintenance of patency,of intravenous injection devices only.,¥~ Æ[:10mL °wµ©,Appearance: 10mL syringe,¥X¦å¡A ¹L±Ó¤ÏÀ³,Hemorrhage¡A allergic reactions,,¬Ò¥i¥Î,®ü¬£«ÊºÞ¨R¬~²G100 USP ³æ¦ì/²@¤É,Hepac Lock Flush 1000 Unit,,,,¬O,,­­ºÞ¸ô¨R¬~¥Î¡C,,Flushing only.,,¥»ÃÄ¤£¥i¥Î©ó§Ü¾®¦åªvÀø¡C,,2015¦~²Ä¤@¦¸ÃÄ©e·|³q¹L·s¶i,¤@¯ë,ª`®g,¥»ÃÄ¤£¥i¥Î©ó§Ü¾®¦åªvÀø¡C,Äµ °ªÄµ°T,,0,0,§_,1.0,,§_,¬O,§_,³æ¤è,§_,°±¥Î,°±¥Î,¤£¥i¿i,¬O,,1.00,1.00,1.00,1.00,999,999,1,1,1.00,1.00,0,0,,¦³¹Ï¤ù,,0,,0,,B01AB01,,,,,0,,0,,¤ä,,¥Ó³ø¤£­p»ù,¥Ó³ø¤£­p»ù,,,,§_,Liquid,IVSOL,,,1000.00,U,10.00,mL,¬Ò¥i,³æ¦¸¿éª`,PH008,202103021120,0,50.00
IHMCP,20230628,99999999,¥i¥Î,Haemocomplettan P inj 1gm/vial,Haemocomplettan P inj 1gm/vial,Fibrinogen human,IVD,STAT,HEMT,HE-06-00,°w¾¯,Vial,¤HÅéÅÖºû³J¥Õ­ì,«D²Õ®M,,,¤@¯ë¥i¥Î,¬O,¥i¥ÎÃÄ¥]¾÷,°·«O¤£µ¹¥I,¤@¯ë,Á`¶q¶i¦ì,¾AÀ³¯g: ¥X¦å¯g¡C,,Indication: Bleeding disorder.,,¥~ Æ[: ¬Á¼þ¤p²~¤º§t1§J¥Õ¦â¯»¥½,Appearance: a glass vial with 1 gm white powder,µo¼ö¡B¹L±Ó©ÎÃþ¹L±Ó¤ÏÀ³¡B¦å®ê®ê¶ë¨Æ¥ó¡C,Fever¡A allergies or allergic reactions¡A thromboembolic events.,,¥u¥Î©óªù¶E¤Î¦í°|STAT,¾®¦åÅÖºû³J¥Õ­ìª`®g²G1¤½§J,Haemocomplettan P inj 1gm,,,,¬O,,½Ð¸m©óÄá¤ó 2-8 «×¦B½cÁ×¥ú§NÂÃ¡C,µ¹ÃÄ«eÀ³¦^·Å¡C,Store in a fridge at 2-8 degrees Celsius¡A away from light.,Pre-warm before administration.,¥H½wºCÀR¯ßª`®g©Î¿éª`¡Aµ¹ÃÄ³t²v¤£¶W¹L¨C¤ÀÄÁ5mL¡C,Administer via slow intravenous injection/infusion. Maximum rate: 5mL/minute.,2023Q2ÃÄ©e·s¶i,¤@¯ë,ª`®g,Äµ »y:½Ð¸m©óÄá¤ó 2-8 «×¦B½cÁ×¥ú§NÂÃ«O¦s¡C,,,0,0,§_,1.0,,¬O,¬O,¬O,³æ¤è,§_,°±¥Î,°±¥Î,¤£¥i¿i,§_,,1.00,1.00,8.00,8.00,999,999,1,1,8.00,8.00,0.03,0.03,,¦³¹Ï¤ù,D/W,1000.00,mg,0,Children: 20-30mg/kg (bleeding treatment),B02BB01,,,,,0,,0,,VIAL,,¤£µ¹¥I¶·¦Û¥I,¤£µ¹¥I¶·¦Û¥I,,,,§_,Liquid,IVSOL,,,1.00,GM,50.00,mL,¤£»Ýµ}ÄÀ,³æ¦¸\«ùÄò¿éª`,PH047,202308221522,0,21600.00
IHMG,19960101,99999999,°±¥Î,Humegon,Humegon,FSH75IU + LH75IU,IM,,HM,HR-02-00,°w¾¯,AMP,,«D²Õ®M,°±¥Î,IMEN,¤@¯ë¥i¥Î,¬O,¤£¥i¥ÎÃÄ¥]¾÷,,¤@¯ë,¦¸­p¶q¶i¦ì,¾AÀ³¯g:¬°¤£¥¥¯g¥ÎÃÄ,,,,,,,,,,,Humegon,,,§_,¬O,,,,,,,,,¤@¯ë,ª`®g,Äµ »y:½Ð¸m©óÄá¤ó 2-8 «×¦B½cÁ×¥ú§NÂÃ«O¦s¡C,,,,,¬O,1.0,,§_,§_,§_,³æ¤è,§_,¥i¥Î,¥i¥Î,¤£¥i¿i,¬O,,1.00,1.00,999.00,999.00,999,999,1,1,0,0,0,0,,µL¹Ï¤ù,,0,,0,,,,,,,,,,,AMP,§_,¤£µ¹¥I¶·¦Û¥I,¤£µ¹¥I¶·¦Û¥I,,,,§_,Liquid,SOL,,,,,,,¬Ò¥i,³æ¦¸¿éª`,PH008,201403201332,0,498.00
IHMGS,19960101,99999999,°±¥Î,Pergonal 75 IU,Pergonal 75 IU,FSH75IU + LH75IU,IM,,HM,HR-02-00,°w¾¯,AMP,Pergonal,«D²Õ®M,°±¥Î,IMEN,¤@¯ë¥i¥Î,¬O,¤£¥i¥ÎÃÄ¥]¾÷,,¤@¯ë,¦¸­p¶q¶i¦ì,¾AÀ³¯g:¬°¤£¥¥¯g¥ÎÃÄ,,,,,,,,,,,Pergonal 75 IU,,,§_,¬O,,,,,,,,,¤@¯ë,ª`®g,Äµ »y:½Ð¸m©óÄá¤ó 2-8 «×¦B½cÁ×¥ú§NÂÃ«O¦s¡C,,,,,¬O,1.0,,§_,§_,§_,³æ¤è,§_,¥i¥Î,¥i¥Î,¤£¥i¿i,¬O,,1.00,1.00,99.00,99.00,999,999,1,1,0,0,0,0,,µL¹Ï¤ù,,0,,0,,,,,,,,,,,AMP,§_,¤£µ¹¥I¶·¦Û¥I,¤£µ¹¥I¶·¦Û¥I,,,,§_,Liquid,SOL,,,,,,,¬Ò¥i,³æ¦¸¿éª`,PH008,201403201332,0,486.00
IHU50,20171101,99999999,°±¥Î,Humalog Mix 50 kwikpen 100U/mL¡A 3mL,Humalog Mix 50 kwikpen 100U/mL¡A 3mL,Insulin Lispro 50% + Insulin Protamine 50%,SC,,META,ME-01-03,°w¾¯,U,Humalog,«D²Õ®M,°±¥Î,,¤@¯ë¥i¥Î,¬O,¥i¥ÎÃÄ¥]¾÷,¥i¥Î,¤@¯ë,Á`¶q¶i¦ì,¾AÀ³¯g:¿}§¿¯f,,Indication:Control of hyperglycemia.,,¥~ Æ[:¦Ç¦âµ§«¬¡A¬õ¦â¼ÐÅÒ,,ª`®g³¡¦ì§½³¡©Î¥þ¨­©Ê¹L±Ó¡A ¬õ¸~¡A Äo,Inj site reactions: local & systemic allergy¡A redness¡A swelling¡A itching,,¬Ò¥i¥Î,Àuªc¼Öµ§-²V¦X«¬ 50,Humalog Mix 50 kwikpen 100U/,,,§_,¬O,,¨Ï¥Î«e½Ð¨Ó¦^·b¦Ü§¡¤Ã´ý¿B¡A »Ý¸m©ó¦B½c§NÂÃ(Äá¤ó 2-8 «×),,Before using¡A mix medication by rolling between palms¡A turning it upside down.,,³Æµù: ¶}«Ê«e½Ð¸m©óÄá¤ó 2-8 «×¦B½c§NÂÃ,Store unused kwikpens in a refrigerator (2-8¢XC) before use.,,¤@¯ë,¤@¯ë,Äµ »y:¨Ï¥Î«e½Ð¨Ó¦^·b¦Ü§¡¤Ã´ý¿B¡A »Ý¸m©ó¦B½c§NÂÃ(Äá¤ó 2-8 «×),,,0,0,§_,300.0,,§_,¬O,§_,½Æ¤è,§_,¥i¥Î,¥i¥Î,¤£¥i¿i,§_,,1.00,1.00,99.00,99.00,120,120,28,1,150.00,150.00,0,0,,¦³¹Ï¤ù,,0,,0,,A10AD04,,,,,0,,0,,VIAL,,°·«Oµ¹¥I,°·«Oµ¹¥I,INSULIN LISPRO,A10AD04,KC00899266,§_,Liquid,SOL,,,300.00,IU,3.00,mL,¬Ò¥i,³æ¦¸¿éª`,PH006,202005040816,227.00,272.00
IHUM0,20150301,99999999,°±¥Î,Humira 40mg inj (sample),Humira 40mg inj (sample),Adalimumab,SC,AS,HIMM,IM-04-00,°w¾¯,Vial,,«D²Õ®M,°±¥Î,,,¬O,¥i¥ÎÃÄ¥]¾÷,°·«O¤£µ¹¥I,¤@¯ë,Á`¶q¶i¦ì,¾AÀ³¯g:Ãþ­··Ã©ÊÃö¸`ª¢¡A»øª½©Ê¯á´Õª¢¡A §J¶©¤ó¯g¡A°®Å~,,Indication: RA¡A psoriatic arthritis¡A ankylosing spondylitis,,¥~ Æ[:°wµ©¸Ëª`®g¾¯,,µo¼ö¡A ¯h­Â¡A ¤U©I§l¹D·P¬V¡A ·w¯t¡A ÀYµh,Pyrexia¡A fatigue¡A lower resp infections¡A dizziness¡A headache.,,¬Ò¥i¥Î,´_ÁÚ °wµ©¸Ëª`®g¾¯,Humira 40mg inj,,,,¬O,,¨Ï¥ÎÃÄ«~«e«á¤Î´Á¶¡¡A À³µû¦ô§K¬Ì§í¨î¤Î·P¬V¯f±wªº¦w¥þ©Ê»P¦³®Ä©Ê,,,,½Ð¸m©óÄá¤ó 2-8 «×¦B½c§NÂÃ,Store in a refrigerator (2-8¢XC).,2015¦~²Ä¤@¦¸ÃÄ©e·|³q¹L¼Ë«~ÃÄ,¤@¯ë,ª`®g,Äµ »y:¨Ï¥ÎÃÄ«~«e«á¤Î´Á¶¡¡A À³µû¦ô§K¬Ì§í¨î¤Î·P¬V¯f±wªº¦w¥þ©Ê»P¦³®Ä©Ê,,,0,0,§_,1.0,,§_,¬O,§_,³æ¤è,§_,¥i¥Î,¥i¥Î,¤£¥i¿i,¬O,,1.00,1.00,4.00,4.00,99,99,1,1,4.00,4.00,0,0,,µL¹Ï¤ù,,0,,0,,L04AB04,,,,,0,,0,,VIAL,,°·«O¤£¥Ó³ø¤£­p»ù,°·«O¤£¥Ó³ø¤£­p»ù,,,,§_,Liquid,SOL,,,40.00,mg,,,¬Ò¥i,³æ¦¸¿éª`,PH036,201812051517,0,0
IHUM4,20120326,99999999,°±¥Î,Humira 40mg inj,Humira 40mg inj,Adalimumab,SC,AS,HIMM,IM-04-00,°w¾¯,Vial,,«D²Õ®M,°±¥Î,IHUM5,ÃÄ©e·|Á{±Ä,¬O,¤£¥i¥ÎÃÄ¥]¾÷,±ø¥ó¤Uµ¹¥I,¤@¯ë,Á`¶q¶i¦ì,¾AÀ³¯g:Ãþ­··Ã©ÊÃö¸`ª¢¡A»øª½©Ê¯á´Õª¢¡A §J¶©¤ó¯g¡A°®Å~,,Indication: RA¡A psoriatic arthritis¡A ankylosing spondylitis,,¥~ Æ[:°wµ©¸Ëª`®g¾¯,,µo¼ö¡A ¯h­Â¡A ¤U©I§l¹D·P¬V¡A ·w¯t¡A ÀYµh,Pyrexia¡A fatigue¡A lower resp infections¡A dizziness¡A headache.,,¬Ò¥i¥Î,´_ÁÚ °wµ©¸Ëª`®g¾¯,Humira 40mg inj,,,§_,¬O,,¨Ï¥ÎÃÄ«~«e«á¤Î´Á¶¡¡A À³µû¦ô§K¬Ì§í¨î¤Î·P¬V¯f±wªº¦w¥þ©Ê»P¦³®Ä©Ê,,,,½Ð¸m©óÄá¤ó 2-8 «×¦B½c§NÂÃ,Store in a refrigerator (2-8¢XC).,106-2ÃÄ©e·|³q¹LÁ{±Ä¡A¤£³]°ò¥»®w¦s¡A¨Ï¥Î«e¶ñ¼gÁ{±Ä³æ³qª¾³ÆÃÄ¡C,¤@¯ë,ª`®g,Äµ »y:¨Ï¥ÎÃÄ«~«e«á¤Î´Á¶¡¡A À³µû¦ô§K¬Ì§í¨î¤Î·P¬V¯f±wªº¦w¥þ©Ê»P¦³®Ä©Ê,,,0,0,§_,1.0,,§_,¬O,§_,³æ¤è,§_,¥i¥Î,¥i¥Î,¤£¥i¿i,¬O,,1.00,1.00,4.00,4.00,999,999,1,1,4.00,4.00,0,0,,¦³¹Ï¤ù,,0,,0,,L04AB04,,,,,,,,,VIAL,¬O,°·«Oµ¹¥I,°·«Oµ¹¥I,ADALIMUMAB,L04AB04,KC00776283,§_,Liquid,SOL,,,40.00,mg,,,¬Ò¥i,³æ¦¸¿éª`,PH006,201803040840,13646.00,16375.00
IHUM5,20171231,99999999,¥i¥Î,Humira inj 40mg/0.4mL,Humira inj 40mg/0.4mL,Adalimumab,SC,ASORDER,HIMM,IM-04-00,°w¾¯,Vial,Humira,«D²Õ®M,,,¤@¯ë¥i¥Î,¬O,¤£¥i¥ÎÃÄ¥]¾÷,±ø¥ó¤Uµ¹¥I,¤@¯ë,Á`¶q¶i¦ì,¾AÀ³¯g:Ãþ­··Ã©ÊÃö¸`ª¢¡A»øª½©Ê¯á´Õª¢¡A §J¶©¤ó¯g¡A°®Å~,,Indication: RA¡A psoriatic arthritis¡A ankylosing spondylitis,,¥~ Æ[:°wµ©¸Ëª`®g¾¯,Appearance: Prefilled syringe,µo¼ö¡A ¯h­Â¡A ¤U©I§l¹D·P¬V¡A ·w¯t¡A ÀYµh,Pyrexia¡A fatigue¡A lower resp infections¡A dizziness¡A headache.,,¬Ò¥i¥Î,´_ÁÚª`®g¾¯,Humira inj 40mg/0.4mL,,,,¬O,,¨Ï¥ÎÃÄ«~«e«á¤Î´Á¶¡¡A À³µû¦ô§K¬Ì§í¨î¤Î·P¬V¯f±wªº¦w¥þ©Ê»P¦³®Ä©Ê,,Monitor closely for infections during and for up to 5 months after treatment and,advise patient to report any signs of infection.,½Ð¸m©óÄá¤ó 2-8 «×¦B½c§NÂÃ,Store in a refrigerator (2-8¢XC).,ÃÄ©e·|³q¹LÁ{±Ä¡A¤£³]°ò¥»®w¦s¡A¨Ï¥Î«e¶ñ¼gÁ{±Ä³æ³qª¾³ÆÃÄ¡C,¤@¯ë,ª`®g,Äµ »y:¨Ï¥ÎÃÄ«~«e«á¤Î´Á¶¡¡A À³µû¦ô§K¬Ì§í¨î¤Î·P¬V¯f±wªº¦w¥þ©Ê»P¦³®Ä©Ê,,,0,0,§_,1.0,,§_,¬O,§_,³æ¤è,§_,¥i¥Î,¥i¥Î,¤£¥i¿i,¬O,,1.00,1.00,4.00,4.00,999,999,1,1,4.00,4.00,0,0,,¦³¹Ï¤ù,,0,,0,,L04AB04,,,,,0,,0,,VIAL,¬O,°·«Oµ¹¥I,°·«Oµ¹¥I,ADALIMUMAB,L04AB04,KC01039271,§_,Liquid,SOL,,,40.00,mg,0.40,mL,,,PH047,202402121353,10000.00,12000.00
IHUMA,20090330,99999999,°±¥Î,Humalog Mix 50 100IU/mL 3mL,Humalog Mix 50 100IU/mL 3mL,Insulin lispro 50% + Insulin protamine 50%,SC,,META,ME-01-03,°w¾¯,IU,Humalog,«D²Õ®M,°±¥Î,IHU50,¤@¯ë¥i¥Î,¬O,¤£¥i¥ÎÃÄ¥]¾÷,¥i¥Î,¤@¯ë,Á`¶q¶i¦ì,¾AÀ³¯g: ¿}§¿¯f,,Indication: control of hyperglycemia.,,¥~ Æ[:³z©ú¤p²~(VAIL)¡A¾ï¦â³n¤ì¶ë,,ª`®g³¡¦ì§½³¡©Î¥þ¨­©Ê¹L±Ó¡B¬õ¸~¡BÄo,Inj site reactions: local & systemic allergy¡A redness¡A swelling¡A itching,,¬Ò¥i¥Î,Àuªc¼Ö,Humalog Mix 50 100IU/mL 3mL,,,§_,¬O,,,,,,³Æµù¡Gª`·N§C¦å¿}¡B¹L±Ó¯gª¬,Hypoglycemia. Hypersensitivity.,,¤@¯ë,ª`®g,Äµ »y:¨Ï¥Î«e½Ð¨Ó¦^·b¦Ü§¡¤Ã´ý¿B¡A »Ý¸m©ó¦B½c§NÂÃ(Äá¤ó 2-8 «×),,,,,§_,300.0,,§_,§_,§_,½Æ¤è,§_,°±¥Î,¥i¥Î,¤£¥i¿i,¬O,,1.00,1.00,999.00,999.00,99,99,30,1,0,0,0,0,,¦³¹Ï¤ù,,0,,0,,A10AD04,,,,,,,,,VIAL,,°·«Oµ¹¥I,°·«Oµ¹¥I,INSULIN LISPRO,A10AD04,K000596266,§_,Liquid,SOL,,,,,,,¬Ò¥i,³æ¦¸¿éª`,PH047,202310231448,261.00,313.00
IHUMN,19960101,99999999,°±¥Î,Humulin N inj100IU/mL 10mL,Humulin N inj100IU/mL 10mL,Insulin NPH Human,SC,,META,ME-01-02,°w¾¯,IU,Humulin N,«D²Õ®M,°±¥Î,INPH,¤@¯ë¥i¥Î,¬O,¤£¥i¥ÎÃÄ¥]¾÷,,¤@¯ë,Á`¶q¶i¦ì,¾AÀ³¯g:¬°¤¤®Ä«¬¯Ø®q¯À¡A¿}§¿¯f¥ÎÃÄ,,,,,,,,,,ÀuªcªL--¤¤®Ä«¬,Humulin N inj100IU/mL 10mL,,,§_,¬O,,,,,,,,,¤@¯ë,¤@¯ë,Äµ »y:»â¨ú¬Ì­]«á¡A½Ð¥ß§Y¦Üª`®g«Ç¨Ì«ü¥Ü¨Ï¥Î¡C,,,,,§_,1000.0,,§_,§_,§_,³æ¤è,§_,¥i¥Î,¥i¥Î,¤£¥i¿i,¬O,,1.00,1.00,999.00,999.00,60,999,30,1,0,0,0,0,1.00,µL¹Ï¤ù,,0,,0,,,,,,,,,,,VAL,§_,°·«Oµ¹¥I,°·«Oµ¹¥I,INSULIN HUMAN,A10AC01,K000657209,§_,Liquid,SOL,,,,,,,¬Ò¥i,³æ¦¸¿éª`,PH008,201403201332,295.00,354.00
IHUMNI,20030210,99999999,°±¥Î,Humulin N inj100IU/mL (IU),Humulin N inj100IU/mL (IU),Human NPH Insulin,SC,,META,ME-01-02,°w¾¯,IU,Humulin N,«D²Õ®M,°±¥Î¡A¥i¬dÃþ¦üÃÄ,,¤@¯ë¥i¥Î,¬O,¤£¥i¥ÎÃÄ¥]¾÷,,¦C¦L¦í°|ÃÄÅÒ,¤£¶i¦ì,¾AÀ³¯g:¬°¤¤®Ä«¬¯Ø®q¯À¡A¿}§¿¯f¥ÎÃÄ,,,,,,,,,¥u¥Î©óªù¶E,,Humulin N inj100IU/mL (IU),,,§_,¬O,,,,,,,,,¤@¯ë,ª`®g,,,,,,¬O,1.0,,§_,§_,§_,³æ¤è,§_,¥i¥Î,¥i¥Î,¥i¿i,§_,,1.00,1.00,99.00,99.00,30,99,30,1,0,0,0,0,,µL¹Ï¤ù,,0,,0,,,,,,,,,,,IU,§_,°·«Oµ¹¥I,°·«Oµ¹¥I,INSULIN HUMAN,A10AC01,K000657299,§_,Liquid,SOL,,,,,,,¬Ò¥i,³æ¦¸¿éª`,PH008,201403201332,0.27,2.00
IHUMR,19960101,99999999,°±¥Î,Humulin R inj100IU/mL 10mL,Humulin R inj100IU/mL 10mL,Insulin Regular Human,SC,,META,ME-01-01,°w¾¯,IU,Humulin R,«D²Õ®M,°±¥Î,INOVX,¤@¯ë¥i¥Î,¬O,¤£¥i¥ÎÃÄ¥]¾÷,,¤@¯ë,Á`¶q¶i¦ì,¾AÀ³¯g:¬°µu®Ä«¬¯Ø®q¯À¡A¿}§¿¯f¥ÎÃÄ,,,,,,,,,,ÀuªcªL--±`³W«¬,Humulin R inj100IU/mL 10mL,,,§_,¬O,,,,,,,,,¤@¯ë,¤@¯ë,Äµ »y:½Ð¸m©óÄá¤ó 2-8 «×¦B½cÁ×¥ú§NÂÃ«O¦s¡C,,,,,§_,1000.0,,§_,§_,§_,³æ¤è,§_,¥i¥Î,¥i¥Î,¤£¥i¿i,¬O,,1.00,1.00,999.00,999.00,60,999,30,1,0,0,0,0,1.00,µL¹Ï¤ù,,0,,0,,,,,,,,,,,VAL,§_,°·«Oµ¹¥I,°·«Oµ¹¥I,INSULIN HUMAN,A10AB01,K000663209,§_,Liquid,SOL,,,,,,,¬Ò¥i,³æ¦¸¿éª`,PH032,201408071624,295.00,354.00
IHUMRI,20030110,99999999,°±¥Î,Humulin R inj100IU/mL (IU),Humulin R inj100IU/mL (IU),Insulin Regular Human,SC,,META,ME-01-01,°w¾¯,IU,Humulin R,«D²Õ®M,°±¥Î¡A¥i¬dÃþ¦üÃÄ,,¤@¯ë¥i¥Î,¬O,¤£¥i¥ÎÃÄ¥]¾÷,,¦C¦L¦í°|ÃÄÅÒ,¤£¶i¦ì,¾AÀ³¯g:¬°µu®Ä«¬¯Ø®q¯À¡A¿}§¿¯f¥ÎÃÄ,,,,,,,,,¥u¥Î©óªù¶E,,Humulin R inj100IU/mL (IU),,,§_,¬O,,,,,,,,,¤@¯ë,ª`®g,,,,,,¬O,1.0,,§_,§_,§_,³æ¤è,§_,¥i¥Î,¥i¥Î,¥i¿i,§_,,1.00,99.00,99.00,99.00,30,99,30,30,0,0,0,0,,µL¹Ï¤ù,,0,,0,,,,,,,,,,,IU,§_,°·«Oµ¹¥I,°·«Oµ¹¥I,INSULIN HUMAN,A10AB01,K000663299,§_,Liquid,SOL,,,,,,,¬Ò¥i,³æ¦¸¿éª`,PH008,201403201332,0.27,2.00
IHYA,20130619,99999999,°±¥Î,Hyalubrix Intra-articular inj,Hyalubrix Intra-articular inj,Sodium Hyaluronate,INS,,CNEU,CN-05-00,°w¾¯,VAL,Hyaluronate,«D²Õ®M,°±¥Î,,¤@¯ë¥i¥Î,¬O,¥i¥ÎÃÄ¥]¾÷,°·«O¤£µ¹¥I,¤@¯ë,¦¸­p¶q¶i¦ì,¾AÀ³¯g:ªvÀø°h¤Æ©Ê½¥Ãö¸`ª¢¯kµh,,Indication:Relieve knee pain due to osteoarthritis.,,¥~ Æ[: ¨C²°¤º¸Ë¤@­Ó¹w¶ñ¥Rª`®g°wµ©,Appearance: each box contains a prefilled syringe,ª`®g³¡¦ì·|¦³µu¼Èªº¸~¡A µh¡A ¼ö,Transient swelling¡A pain¡A heat & redness may occur sporadically at the injection,,¥u¥Î©óªù¶E¤Î¦í°|STAT,Àu­¿¤OÃö¸`µÄª`®g¾¯,Hyalubrix Intra-articular in,,,§_,¬O,,Ãö¸`¤ºª`®g,,Intra-articular injection.,,¬°Á×§K¥æ¤¬§@¥Î¡A¤Å»P¨ä¥LÃö¸`µÄª`®g¾¯¨Ö¥Î¡C,For preventing interaction¡A avoid contemporary administration with other IA drug,½Ã¸pÂå¾¹¿é¦r²Ä021499¸¹ (ÂåÀø¾¹§÷),¤@¯ë,ª`®g,Äµ »y:Ãö¸`¤ºª`®g,,,0,0,§_,1.0,,§_,¬O,§_,³æ¤è,§_,°±¥Î,°±¥Î,¤£¥i¿i,¬O,,1.00,1.00,2.00,2.00,1,1,1,1,2.00,2.00,0,0,,¦³¹Ï¤ù,,0,,0,,M09AX01,,,,,,,,,¤ä,,¤£µ¹¥I¶·¦Û¥I,¤£µ¹¥I¶·¦Û¥I,,,,§_,,,,,,,,,¬Ò¥i,³æ¦¸¿éª`,PH006,202401281055,0,3500.00
IHYA1,20161117,99999999,¥i¥Î,Hyalase inj 1500IU (±M®×¶i¤f),Hyalase inj 1500IU (±M®×¶i¤f),Hyaluronidase,SC,STAT,ZADT,AD-01-00,°w¾¯,IU,Hyalase,«D²Õ®M,,,±M®×¶i¤fÃÄ«~,¬O,¤£¥i¥ÎÃÄ¥]¾÷,°·«O¤£µ¹¥I,¤@¯ë,Á`¶q¶i¦ì,¾AÀ³¯g:´£¤ÉÃÄª«³q³z©Ê¡A«P¶i²ÕÂ´¤º¦h¾l²GÅé©Î¦å²G¦A§l¦¬,,Indication:Promote resorption of excess fluids and blood,in tissue,¥~ Æ[: 1²@¤É¬Á¼þ¦wÞÀ¡A§t¥Õ¦â¯»¥½,Appearance:1mL glass ampoule containing white powder,¤ô¸~¡A¹L±Ó¤ÏÀ³,Edema¡A anaphylaxis,,¥u¥Î©óªù¶E¤Î¦í°|STAT,¬Á§¿»Ä­°¸ÑžJ (±M®×¶i¤f),Hyalase inj 1500IU,,,,¬O,,¤£¥Î©óÀR¯ßª`®g,,Not to be used for intravenous injections.,,,,³æ¦ì±`³ÆÃÄ¡AÃÄ§½µL®w¦s,¤@¯ë,ª`®g,¤£¥Î©óÀR¯ßª`®g,,,0,0,§_,1500.0,,¬O,¬O,§_,³æ¤è,§_,°±¥Î,°±¥Î,¤£¥i¿i,¬O,,1500.00,1500.00,1500.00,1500.00,1,1,1,1,1500.00,1500.00,0,0,,¦³¹Ï¤ù,,0,,0,,B06AA03,,,,,0,,0,,AMP,,°·«O¤£¥Ó³ø¤£­p»ù,°·«O¤£¥Ó³ø¤£­p»ù,,,,§_,Liquid,SOL,,,1500.00,IU,,,¬Ò¥i,³æ¦¸¿éª`,PH034,202101261458,0,0
IHYC,20091030,99999999,¥i¥Î,Hycamtin inj 4mg,Hycamtin inj 4mg,Topotecan,IVD,,RACA,ON-07-01,°w¾¯,mg,Hycamtin,«D²Õ®M,Á{±ÄÃÄ¡A½Ð³qª¾ÃÄ§½¥~ÁÊ,,¥»°|Á{±Ä²M³æ,¬O,¤£¥i¥ÎÃÄ¥]¾÷,¥i¥Î,¤@¯ë,¦¸­p¶q¶i¦ì,¾AÀ³¯g:§Ü¸~½FÃÄ,°t»s«á«O¦s´Á­­¡G24hrs(2-8¢XC)¡A­­½Õ»s·í¤é§¹¦¨µ¹ÃÄ,Indication:Anticancer.,,¥~ Æ[:²H¶À¦â§N­á°®Àê¡AµLµß»s¾¯,Appearance: vial with black cap,³h¦å¡A ¸¡Âm¡A äú¤ß¡A ¹Ã¦R¡A ¸¡µh,Anemia¡A diarrhea¡A nausea & vomiting¡A abdominal pain,,¥u¥Î©óªù¶E¤Î¦í°|STAT,Àù±d©wª`®g¾¯,¡I¡IHycamtin,,,§_,¬O,,¦pªG¦³¯h­Â©MµL¤Oªº·PÄ±¡A ¶}¨®©Î¾Þ§@¾÷±ñ®ÉÀ³¤p¤ß,,,,,,,¤ÆÀø,¤ÆÀø,Äµ »y:¦pªG¦³¯h­Â©MµL¤Oªº·PÄ±¡A¶}¨®©Î¾Þ§@¾÷±ñ®ÉÀ³¤p¤ß,Äµ °ªÄµ°T,,,,¬O,4.0,,§_,¬O,§_,³æ¤è,§_,°±¥Î,°±¥Î,¤£¥i¿i,¬O,,1.00,1.00,5.00,5.00,30,30,1,1,5.00,5.00,0,0,,¦³¹Ï¤ù,,0,,0,,L01CE01,,,,,,,,,VIAL,,°·«Oµ¹¥I,°·«Oµ¹¥I,TOPOTECAN,L01CE01,BC22449219,§_,Liquid,IVSOL,¦M®`¤@¯Å(¡I¡I),,4.00,mg,,,¥²¶·µ}ÄÀ,³æ¦¸¿éª`,PH032,202303261038,6263.00,7516.00
IIG3,20030417,99999999,¥i¥Î,Human Immunoglobulin 3gm/50mL,Human Immunoglobulin 3gm/50mL,Human Immunoglobulin,IVD,,HIMM,IM-03-00,°w¾¯,BOT,IVIG,«D²Õ®M,,,¤@¯ë¥i¥Î,¬O,¤£¥i¥ÎÃÄ¥]¾÷,±ø¥ó¤Uµ¹¥I,¤@¯ë,Á`¶q¶i¦ì,¾AÀ³¯g:¤HÃþ§K¬Ì²y³J¥Õ»s¾¯,,Indication:Human immunoglobulin.,,¥~ Æ[:(¬õ¨¤)¯È²°¸Ë³z©ú50mL¬Á¼þ²~,Appearance: 50mL glass bottle,¯h­Â¡BÀYµh¡B¯Ý´e¡BÁy¼é¬õ©Î»a¥Õ¡BÀê¼ö¡B©I§l§xÃø¡B¬õ¯l¡B¸~µÈ¡B¦åÀ£ÅÜ¤Æ,malaise¡A headache¡A chest-tightness¡A facial flushing¡A skin rash,,¥u¥Î©óªù¶E¤Î¦í°|STAT,¡§°ê¦å»s¾¯¯q±d¡¨¤HÃþ§K¬Ì²y³J¥ÕÀR¯ßª`®g¾¯,Human Immunoglobulin,,,§_,¬O,,½Ð¸m©óÄá¤ó 2-8 «×¦B½c§NÂÃ,,Store in a refrigerator (2-8¢XC).,,³Æµù:¥i¯à·|¼W¥[¦å®ê¯e¯f­·ÀI,Thrombosis may occur with immune globulin products.,,¤@¯ë,ª`®g,Äµ »y:½Ð¸m©óÄá¤ó 2-8 «×¦B½cÁ×¥ú§NÂÃ«O¦s¡C,,,,,¬O,1.0,,§_,¬O,§_,³æ¤è,§_,°±¥Î,¥i¥Î,¤£¥i¿i,¬O,,1.00,1.00,99.00,99.00,99,99,1,1,99.00,99.00,0.70,0.70,,¦³¹Ï¤ù,,0,,0,,J06BA02,,,,,,,,,BOT,§_,°·«Oµ¹¥I,°·«Oµ¹¥I,IMMUNOGLOBULIN (IVIG),J06BA02,KC00841248,§_,Liquid,SOL,,,3.00,GM,50.00,mL,¬Ò¥i,³æ¦¸\¯S®í¿éª`,PH065,202312161431,5400.00,6480.00
IIG5,20030515,99999999,°±¥Î,Gammar-P 5gm,Gammar-P 5gm,Human Immunoglobulin,IV,,HIMM,IM-03-00,°w¾¯,BOT,,«D²Õ®M,°±¥Î,IIG3,¤@¯ë¥i¥Î,¬O,¤£¥i¥ÎÃÄ¥]¾÷,±ø¥ó¤Uµ¹¥I,¤@¯ë,Á`¶q¶i¦ì,¾AÀ³¯g:¬°¤HÃþ§K¬Ì²y³J¥Õ»s¾¯,,human immunoglobulin,,,(B),,,,¥u¥Î©óªù¶E¤Î¦í°|STAT,,Gammar-P 5gm,,,§_,¬O,,,,,,,,,¤@¯ë,ª`®g,Äµ »y:½Ð¸m©óÄá¤ó 2-8 «×¦B½cÁ×¥ú§NÂÃ«O¦s¡C,,,,,¬O,1.0,,§_,§_,§_,³æ¤è,§_,¥i¥Î,¥i¥Î,¤£¥i¿i,¬O,,1.00,1.00,99.00,99.00,99,99,1,1,0,0,0,0,,µL¹Ï¤ù,,0,,0,,,,,,,,,,,VAL,,°·«Oµ¹¥I,°·«Oµ¹¥I,IMMUNOGLOBULIN (IVIG),J06BA02,K000414221,§_,Liquid,IVSOL,,,,,,,¬Ò¥i,³æ¦¸¿éª`,PH008,201403201332,5734.00,6881.00
IIMO,20170830,99999999,¥i¥Î,Imojev inj 0.5mL/dose (¦Û¶O¤é¥»¸£ª¢¬Ì­]),Imojev inj 0.5mL/dose (Private),Japanese Encephalitis Vaccine,SC,STAT,HIMM,IM-02-02,°w¾¯,DOS,JEV,«D²Õ®M,,,¤@¯ë¥i¥Î,¬O,¥i¥ÎÃÄ¥]¾÷,°·«O¤£µ¹¥I,¤@¯ë,Á`¶q¶i¦ì,¾AÀ³¯g:¤é¥»¸£ª¢¬Ì­],,Indication:Immunization for Japanese Encephalitis.,,¥~ Æ[: ­á´¹¯»¥½ + µ}ÄÀ²G¦U¤@¤p²~,Appearance: 1 dose of powder + diluent in separate vials,­Â«å¡AÀYµh¡Aª`®g³¡¦ì¯kµh,fatigue¡A headache¡A injection site swelling,,¥u¥Î©óªù¶E¤Î¦í°|STAT,¤Ú´µ¼w²Ó­M«¬¤é¥»¸£ª¢¬¡©Ê´î¬r¬Ì­],Imojev vaccine,JE-CV,,,¬O,,»â¨ú¬Ì­]«á»Ý¦b30¤ÀÄÁ¤ºª`®g¡A ­Y¥¼¯à¤Î®É¬I¥´½Ðª½±µ§iª¾ª`®g«Ç,,This vaccine must be injected within 30 minutes after receiving it.,If not to inject in time¡A please inform the injection room directly.,«ØÄ³¨|ÄÖ°ü¤k¦b±µºØ¦¹¬¡©Ê¬Ì­]«á¡A4¶g¤º¤£¥iÃh¥¥,Pregnancy should be avoided for 28 days after vaccination.,105-4 ÃÄ©e·|³q¹L·s¶i,¤@¯ë,ª`®g,Äµ »y:»â¨ú¬Ì­]«á¡A½Ð¥ß§Y¦Üª`®g«Ç¨Ì«ü¥Ü¨Ï¥Î¡C,,,0,0,§_,1.0,,§_,¬O,¬O,³æ¤è,§_,°±¥Î,°±¥Î,¤£¥i¿i,§_,,1.00,1.00,1.00,1.00,1,1,1,1,1.00,1.00,0,0,,¦³¹Ï¤ù,,0,,0,,J07BA02,,,,,0,,0,,VIAL,,¤£µ¹¥I¶·¦Û¥I,¤£µ¹¥I¶·¦Û¥I,,,,§_,Liquid,SOL,,,,,0.50,mL,¬Ò¥i,³æ¦¸¿éª`,PH032,202110031659,0,4000.00
IIND,20031203,99999999,°±¥Î,Indocin IV 1mg,Indocin IV 1mg,Indomethacin,IV,,CNEU,CN-01-02,°w¾¯,VAL,Indomethacin,«D²Õ®M,Á{±ÄÃÄ¡A½Ð³qª¾ÃÄ§½¥~ÁÊ,,¤@¯ë¥i¥Î,¬O,¥i¥ÎÃÄ¥]¾÷,,¤@¯ë,Á`¶q¶i¦ì,¾AÀ³¯g:¤p¨à¶}©ñ©Ê°Ê¯ß¾ÉºÞ,,,,¥~ Æ[: ³z©ú¤p²~(VAIL)¡A¯»µµ¦â»\¤l,,,,,¬Ò¥i¥Î,(indocin),Indocin IV 1mg,,,§_,¬O,,¥X²{¥ô¦ó²§±`·ï«C©Î¥X¦å¡A¶Ë¤f¤£©ö¤î¦å¡A½Ð¾¨³t»PÂå®vÁpµ¸,,Report any signs of unusual bruising or bleeding to doctor immediately.,,¦p¥ÎÃÄ«á¥X²{³ïµh¡B¤fµÄÂH½¤¼ìÄê¡B¥Ö¯lµ¥¯gª¬¡A¥ß§Y°±ÃÄ¦^¶E,If signs of sore throat¡A mouth ulcers or skin rash occur¡A please consult doctor,,¤@¯ë,ª`®g,Äµ »y: ¥X²{¥ô¦ó²§±`·ï«C©Î¥X¦å¡A¶Ë¤f¤£©ö¤î¦å¡A½Ð¾¨³t»PÂå®vÁpµ¸,,,,,¬O,1.0,,§_,§_,§_,³æ¤è,§_,¥i¥Î,¥i¥Î,¤£¥i¿i,¬O,,1.00,1.00,99.00,99.00,99,99,1,1,0,0,0,0,,¦³¹Ï¤ù,,0,,0,,C01EB03,,,,,,,,,VAL,§_,¤£µ¹¥I¶·¦Û¥I,¤£µ¹¥I¶·¦Û¥I,,,,§_,Liquid,IVSOL,,,,,,,¬Ò¥i,³æ¦¸¿éª`,PH036,201411261135,0,720.00
IINF,20030319,99999999,°±¥Î,Infanrix-IPV+Hib(¤­¦X¤@¬Ì­]),Infanrix-IPV+Hib(¤­¦X¤@¬Ì­]),Combined DPT+ Inactivated Polio + Hib,IM,,HIMM,IM-02-03,°w¾¯,VAL,,«D²Õ®M,°±¥Î,IPED5,¤@¯ë¥i¥Î,¬O,¤£¥i¥ÎÃÄ¥]¾÷,,¤@¯ë,Á`¶q¶i¦ì,¾AÀ³¯g:¬°¥Õ³ï/«D²Ó­M«¬¦Ê¤é«y/¯}¶Ë­·/¥h¬¡©Ê¤p¨à³Â·ô/HIB¬Ì­],,Combined DPT¡A inactivated polio & Hib vaccine,,,,,,,¬Ò¥i¥Î,¤Ú´µ¼w¤­¦X¤@¬Ì­],Infanrix-IPV+Hib(¤­¦X¤@¬Ì­]),5IN1,,§_,¬O,,,,,,,,,¤@¯ë,ª`®g,Äµ »y:»â¨ú¬Ì­]«á¡A½Ð¥ß§Y¦Üª`®g«Ç¨Ì«ü¥Ü¨Ï¥Î¡C,,,,,§_,1.0,,§_,§_,§_,³æ¤è,§_,¥i¥Î,¥i¥Î,¥i¿i,¬O,,1.00,1.00,1.00,1.00,1,1,1,1,0,0,0,0,,µL¹Ï¤ù,,0,,0,,,,,,,,,,,AMP,,¤£µ¹¥I¶·¦Û¥I,¤£µ¹¥I¶·¦Û¥I,,,,§_,Liquid,SOL,,,,,,,¬Ò¥i,³æ¦¸¿éª`,PH032,202110031706,0,1600.00
IINF6,20060919,99999999,°±¥Î,INFANRIX Hexa (¤»¦X¤@¬Ì­]) 0.5 mL/dose,INFANRIX Hexa(6 in 1 Vaccine) 0.5 mL/dose,DTaP-IPV-HIB-HBV,IM,ST,HIMM,IM-02-03,°w¾¯,SET,INFANRIX Hexa,«D²Õ®M,°±¥Î¡A¥i¬dÃþ¦üÃÄ,,¤@¯ë¥i¥Î,¬O,¤£¥i¥ÎÃÄ¥]¾÷,°·«O¤£µ¹¥I,¤@¯ë,Á`¶q¶i¦ì,¾AÀ³¯g:¬°¥Õ³ï/«D²Ó­M«¬¦Ê¤é«y/¯}¶Ë­·/¤p¨à³Â·ô/HIB/B¨x¬Ì­],,Combined DPT¡A inactivated polio¡A Hib & HBV vaccine,,¥~ Æ[:³z©ú¤p²~(vail)¡Aµµ¦â»\¡Aºñ¦â¥~Àô¥Õ¦â¥~¶K¯È,,,,,¥u¥Î©óªù¶E¤Î¦í°|STAT,À¦Å@¹ç¤»¦X¤@¬Ì­],INFANRIX Hexa(6 in 1 Vaccine,6IN1,,§_,¬O,,,,,,,,,¤@¯ë,ª`®g,Äµ »y:»â¨ú¬Ì­]«á¡A½Ð¥ß§Y¦Üª`®g«Ç¨Ì«ü¥Ü¨Ï¥Î¡C,,,,,§_,1.0,,§_,§_,¬O,½Æ¤è,§_,°±¥Î,¥i¥Î,¤£¥i¿i,¬O,,1.00,1.00,1.00,1.00,1,1,1,1,0,0,0,0,,¦³¹Ï¤ù,,0,,0,,,,,,,,,,,SET,,¤£µ¹¥I¶·¦Û¥I,¤£µ¹¥I¶·¦Û¥I,,,,§_,Liquid,SOL,,,,,,,¬Ò¥i,³æ¦¸¿éª`,PH032,202110031700,0,1700.00
IINFE,20040827,99999999,°±¥Î,Infergen 9mcg,Infergen 9mcg,Interferon alfacon-1,SC,,QANB,AI-03-04,°w¾¯,AMP,Interferon,«D²Õ®M,°±¥Î¡A¥i¬dÃþ¦üÃÄ,,¤w°±¥Î,¬O,¤£¥i¥ÎÃÄ¥]¾÷,­­¥Î,¤@¯ë,Á`¶q¶i¦ì,¾AÀ³¯g:ºC©Ê C «¬¨xª¢·P¬V,,Indication: treatment of hepatitis C,,,,,,,¬Ò¥i¥Î,¤z´_¬z,Infergen 9mcg,,,§_,¬O,,,,,,,,,¤@¯ë,ª`®g,Äµ »y:½Ð¸m©óÄá¤ó 2-8 «×¦B½cÁ×¥ú§NÂÃ«O¦s¡C,,,,,¬O,1.0,,§_,§_,§_,³æ¤è,§_,¥i¥Î,¥i¥Î,¤£¥i¿i,¬O,,1.00,1.00,6.00,6.00,6,6,1,1,0,0,0,0,,µL¹Ï¤ù,,0,,0,,L03AB09,,,,,9.00,mcg,4.00,mcg,AMP,,°·«Oµ¹¥I,°·«Oµ¹¥I,INTERFERON ALFACON-1,L03AB09,K000696266,§_,Liquid,SOL,,,,,,,¬Ò¥i,³æ¦¸¿éª`,PH047,202401261715,535.00,642.00
IINS,20060620,99999999,°±¥Î,Insulatard HM penfill 3mL(100IU/mL),Insulatard HM penfill 3mL,Insulin Monocomponent Isophane (NPH),SC,,META,ME-01-02,°w¾¯,IU,NPH,«D²Õ®M,°±¥Î,INPH,¤@¯ë¥i¥Î,¬O,¤£¥i¥ÎÃÄ¥]¾÷,¥i¥Î,¤@¯ë,Á`¶q¶i¦ì,¾AÀ³¯g:¬°¤¤®Ä«¬¯Ø®q¯À¡A¿}§¿¯f¥ÎÃÄ,,Insulin-requiring diabetes mellitus,,¥~ Æ[: 3 ml ¥Õ¦â²V¿Bª¬Äa¯B²G,,,,,¥u¥Î©óªù¶E¤Î¦í°|STAT,¦]³t¨Ó¹F,Insulatard HM penfill 3mL,,,§_,¬O,,,,,,,,,¤@¯ë,¤@¯ë,Äµ »y:¨Ï¥Î«e½Ð¨Ó¦^·b¦Ü§¡¤Ã´ý¿B¡A¨Ã©óÀ\«e¥ß§Y¨Ï¥Î,Äµ °ªÄµ°T,,,,§_,300.0,,§_,§_,§_,³æ¤è,§_,°±¥Î,¥i¥Î,¤£¥i¿i,¬O,,1.00,1.00,99.00,99.00,60,30,30,1,0,0,0,0,,µL¹Ï¤ù,,0,,0,,,,,,,,,,,VAL,,°·«Oµ¹¥I,°·«Oµ¹¥I,INSULIN HUMAN,A10AC01,KC00697266,§_,Liquid,SOL,,,,,,,¬Ò¥i,³æ¦¸¿éª`,PH008,201403201332,124.00,149.00
IINT,19960101,99999999,°±¥Î,Intron A inj 3MIU,Intron A inj 3MIU,Interferon alfa,SC,,QANB,AI-03-05,°w¾¯,VAL,Intron A,«D²Õ®M,°±¥Î¡A¥i¬dÃþ¦üÃÄ,,¤w°±¥Î,¬O,¤£¥i¥ÎÃÄ¥]¾÷,,¤@¯ë,Á`¶q¶i¦ì,¾AÀ³¯g:ºC©ÊC«¬¨xª¢£¿ºC©ÊB«¬¨xª¢µ¥,,Indication: treatment of hepatitis,,,,,,,¬Ò¥i¥Î,,Intron A inj 3MIU,,,§_,¬O,,,,,,,,,¤@¯ë,ª`®g,Äµ »y:½Ð¸m©óÄá¤ó 2-8 «×¦B½cÁ×¥ú§NÂÃ«O¦s¡C,,,,,¬O,1.0,,§_,§_,§_,³æ¤è,§_,¥i¥Î,¥i¥Î,¤£¥i¿i,¬O,,1.00,1.00,999.00,999.00,999,999,1,1,0,0,0,0,,µL¹Ï¤ù,,0,,0,,L03AB01,,,,,,,,,VAL,§_,°·«Oµ¹¥I,°·«Oµ¹¥I,INTERFERON ALPHA- 2B,L03AB05,B022490216,§_,Liquid,SOL,,,,,,,¬Ò¥i,³æ¦¸¿éª`,PH047,202401261716,683.00,820.00
IINT2,20100628,99999999,°±¥Î,Integrilin inj 20mg/10mL,Integrilin inj 20mg/10mL,Eptifibatide,IV,,HEMT,HE-03-00,°w¾¯,VAL,,«D²Õ®M,°±¥Î,,¤@¯ë¥i¥Î,¬O,¤£¥i¥ÎÃÄ¥]¾÷,¥i¥Î,¤@¯ë,Á`¶q¶i¦ì,¾AÀ³¯g:¤ß¦Ù±ð¶ëªvÀø¾¯,,Indication:Myocardial infarction,,¥~ Æ[:10mL¤p²~¸Ë(»Ý§NÂÃ2-8«×C),Appearance:10 mL Vial,¥X¦å,Bleeding,,¥u¥Î©ó¦í°|,À³ªv¾®ª`®g²G,Integrilin inj 20mg/10mL,,,§_,¬O,,¥»«~¬°­«¯gªvÀøÃÄ¡A ½Ð¨Ì·ÓÂå®v«ü¥Ü¨Ï¥Î,,Take this medicine exactly as your doctor ordered.,,½Ð¸m©óÄá¤ó 2-8 «×¦B½c§NÂÃ,Store in a refrigerator (2-8¢XC).,,¤@¯ë,ª`®g,Äµ »y:¥»«~¬°­«¯gªvÀøÃÄª«¡A½Ð¨Ì·ÓÂå®v«ü¥Ü¨Ï¥Î¡C,,,,,¬O,1.0,,§_,§_,§_,³æ¤è,§_,°±¥Î,¥i¥Î,¤£¥i¿i,¬O,,1.00,1.00,2.00,2.00,99,99,1,1,2.00,2.00,0,0,,¦³¹Ï¤ù,,0,,0,,B01AC16,,,,,,,,,VIAL,,¤£µ¹¥I¶·¦Û¥I,¤£µ¹¥I¶·¦Û¥I,,,,§_,Liquid,IVSOL,,,,,,,¬Ò¥i,³æ¦¸¿éª`,PH006,201508210817,0,1176.00
IINT3,20061208,99999999,°±¥Î,Antrex inj 30mg/10mL,Antrex inj 30mg/10mL,Leucovorin,IV,,ZADT,AD-02-00,°w¾¯,mg,,«D²Õ®M,°±¥Î¡A¥i¬dÃþ¦üÃÄ,,¤@¯ë¥i¥Î,¬O,¥i¥ÎÃÄ¥]¾÷,¥i¥Î,¤@¯ë,¦¸­p¶q¶i¦ì,¾AÀ³¯g:¸­»Ä«ú§Ü¾¯¤§¸Ñ¬r¾¯,,,,,,,,,¥u¥Î©óªù¶E¤Î¦í°|STAT,¦w¯SÂà,Antrex inj 30mg/10mL,,,§_,¬O,,,,,,,,,¤ÆÀø,¤ÆÀø,Äµ »y:½Ð¸m©óÄá¤ó 2-8 «×¦B½cÁ×¥ú§NÂÃ«O¦s¡C,,,,,¬O,30.0,,§_,§_,§_,³æ¤è,§_,°±¥Î,¥i¥Î,¤£¥i¿i,¬O,,1.00,1.00,400.00,400.00,999,999,1,1,0,0,0,0,,µL¹Ï¤ù,,0,,0,,,,,,,,,,,VAL,§_,°·«Oµ¹¥I,°·«Oµ¹¥I,INTERFERON ALPHA- 2A,L03AB04,B016955216,§_,Liquid,IVSOL,,,,,,,¬Ò¥i,³æ¦¸¿éª`,PH008,201403201332,866.00,1200.00
IINT7,20100628,99999999,°±¥Î,Integrilin inj 75mg/100mL,Integrilin inj 75mg/100mL,Eptifibatide,IVD,,HEMT,HE-03-00,°w¾¯,VAL,,«D²Õ®M,°±¥Î,,¤@¯ë¥i¥Î,¬O,¤£¥i¥ÎÃÄ¥]¾÷,¥i¥Î,¤@¯ë,Á`¶q¶i¦ì,¾AÀ³¯g:¤ß¦Ù±ð¶ëªvÀø¾¯,,Indication:Myocardial infarction,,¥~ Æ[:100mL¤p²~¸Ë(¶·§NÂÃ2-8«×C),,¥X¦å,Bleeding,,¥u¥Î©ó¦í°|,À³ªv¾®ª`®g²G,Integrilin inj 75mg/100mL,,,§_,¬O,,¥»«~¬°­«¯gªvÀøÃÄ¡A ½Ð¨Ì·ÓÂå®v«ü¥Ü¨Ï¥Î,,Take this medicine exactly as your doctor ordered.,,³Æµù:½Ð¸m©óÄá¤ó 2-8 «×¦B½c§NÂÃ,Store in a refrigerator (2-8¢XC).,,¤@¯ë,ª`®g,Äµ »y:¥»«~¬°­«¯gªvÀøÃÄª«¡A½Ð¨Ì·ÓÂå®v«ü¥Ü¨Ï¥Î¡C,,,,,¬O,1.0,,§_,§_,§_,³æ¤è,§_,°±¥Î,¥i¥Î,¤£¥i¿i,¬O,,1.00,1.00,99.00,99.00,99,99,1,1,0,0,0,0,,¦³¹Ï¤ù,,0,,0,,B01AC16,,,,,,,,,VIAL,,°·«Oµ¹¥I,°·«Oµ¹¥I,EPTIFIBATIDE,B01AC16,B023468255,§_,Liquid,IVSOL,,,,,,,¬Ò¥i,³æ¦¸¿éª`,PH006,201508210817,3441.00,4129.00
IINV,20160615,99999999,¥i¥Î,Invega inj 100mg (=156mg),Invega inj 100mg (=156mg),Paliperidone,IM,Q1M,CNEU,CN-02-01,°w¾¯,¤ä,Invega Sustenna,«D²Õ®M,,,¤@¯ë¥i¥Î,¬O,¥i¥ÎÃÄ¥]¾÷,±ø¥ó¤Uµ¹¥I,¤@¯ë,Á`¶q¶i¦ì,¾AÀ³¯g:«äÄ±¥¢½Õ¯g,,Indication:Treat psychotic symptoms.,,¥~ Æ[:¥R¶ñ¦¡ª`®g°wµ©¡A³»ºÝ¬°¦Ç¦â,Appearance: Suspension for injection in pre-filled syringe.,¤ß«ß¤£¾ã¡A ¸z­G¾÷¯à»ÙÃª¡A ¤W¸¡µh¡A ¶ÝºÎ¡A À@Åé¥~¯e¯f¡A Åé­«¼W¥[,Arrhythmia¡A GI disturbances¡A upper abdominal pain¡A somnolence¡A EPS.,,¥u¥Î©óªù¶E¤Î¦í°|STAT,µ½«ä¹F«ùÄò©ÊÃÄ®Ä¦Ù¦×ª`®gÄa¯B¾¯,Invega sustena inj 156mg,,,¬O,¬O,,¶È¨Ñ¦Ù¦×ª`®g¨Ï¥Î¡C,,Administer by IM route only as a single injection,,,,2019Q2ÃÄ©e·|·s¶i,¤@¯ë,ª`®g,Äµ »y:¥»«~À³¥H¦Ù¦×ª`®g (IM) ¤è¦¡§ë»P,SA «÷­µ¬Û¦ü,ª`®g¾¯,0,0,§_,1.0,,§_,¬O,§_,³æ¤è,§_,°±¥Î,¥i¥Î,¤£¥i¿i,§_,,1.00,1.00,1.00,1.00,1,1,28,28,1.00,1.00,0,0,,¦³¹Ï¤ù,,0,,0,,N05AX13,,,,,0,,0,,¤ä,§_,°·«Oµ¹¥I,°·«Oµ¹¥I,PALIPERIDONE,N05AX13,BC25394209,§_,Liquid,SOL,,,100.00,mg,1.00,mL,,,PH006,201908231117,8147.00,9776.00
IINV2,20160615,99999999,¥i¥Î,INVEGA inj 150mg (=234mg),INVEGA inj 150mg (=234mg),Paliperidone,IM,Q1M,CNEU,CN-02-01,°w¾¯,¤ä,Invega Sustenna,«D²Õ®M,Á{±ÄÃÄ¡A½Ð³qª¾ÃÄ§½¥~ÁÊ,,ÃÄ©e·|Á{±Ä,¬O,¥i¥ÎÃÄ¥]¾÷,°·«O¤£µ¹¥I,¤@¯ë,Á`¶q¶i¦ì,¾AÀ³¯g:«äÄ±¥¢½Õ¯g,,Indication:Treat psychotic symptoms.,,¥~ Æ[:¥R¶ñ¦¡ª`®g°wµ©¡A³»ºÝ¬°¦Ç¦â,Appearance: Suspension for injection in pre-filled syringe.,¤ß«ß¤£¾ã¡A ¸z­G¾÷¯à»ÙÃª¡A ¤W¸¡µh¡A ¶ÝºÎ¡A À@Åé¥~¯e¯f¡A Åé­«¼W¥[,Arrhythmia¡A GI disturbances¡A upper abdominal pain¡A somnolence¡A EPS.,,¥u¥Î©óªù¶E¤Î¦í°|STAT,µ½«ä¹F«ùÄò©ÊÃÄ®Ä¦Ù¦×ª`®gÄa¯B¾¯,INVEGA inj 150mg (=234mg),,­­¦Û¶O,¬O,¬O,,¶È¨Ñ¦Ù¦×ª`®g¨Ï¥Î¡C,,Administer by IM route only as a single injection,,,,105-2ÃÄ©e·|Á{±Ä¡A­­¯S¶E¦Û¶O¥Î,¤@¯ë,ª`®g,Äµ »y:¥»«~À³¥H¦Ù¦×ª`®g (IM) ¤è¦¡§ë»P,SA «÷­µ¬Û¦ü,ª`®g¾¯,0,0,§_,1.0,,§_,¬O,§_,³æ¤è,§_,°±¥Î,°±¥Î,¤£¥i¿i,§_,,1.00,1.00,1.00,1.00,1,1,1,1,1.00,1.00,0,0,,¦³¹Ï¤ù,,0,,0,,N05AX13,,,,,0,,0,,¤ä,,°·«Oµ¹¥I,°·«Oµ¹¥I,PALIPERIDONE,N05AX13,BC25394210,¬O,Liquid,SOL,,,150.00,mg,1.50,mL,¬Ò¥i,³æ¦¸¿éª`,PH034,202004121636,8670.00,10404.00
IINVZ,20210915,99999999,°±¥Î,InVanZ inj 1gm,Invanz inj 1gm,Ertapenem,IVD,QD,QANB,AI-01-10,°w¾¯,Vial,Invanz,«D²Õ®M,°±¥Î,IETP,¤@¯ë¥i¥Î,¬O,¥i¥ÎÃÄ¥]¾÷,±ø¥ó¤Uµ¹¥I,¤@¯ë,¤é¾¯¶q¶i¦ì,¾AÀ³¯g:²Óµß©Ê·P¬V,,Indication:Antibiotic for infection.,,¥~ Æ[: 1¤½§JÃÄ«~¯»¥½©ó³z©ú¤p²~(Vial),Appearance:1 gm single-vial,¸¡Âm¡A¹Ã¦R¡Aª`®g³¡¦ì¤ÏÀ³¡A¥Ö½§¬õ¯l,Diarrhea¡A vomiting¡A injection site reaction¡A skin rash,ºÞ¨îÃþ§Ü¥Í¯À,¬Ò¥i¥Î,¯qº¡ªv ª`®g¾¯1¤½§J,Invanz inj 1gm,,,,¬O,,,,,,­Y»Ý¨Ï¥Î¦Ù¦×ª`®g½Ð¥HLidocaine HClª`®g²Gµ}ÄÀ,Lidocaine solution is diluent for Ertapenem intramuscular injection use.,2021Q3ÃÄ©e·s¶i,¤@¯ë,ª`®g,ÀR¯ß¿éª`À³¤j©ó30¤ÀÄÁ¥H¤W¡C,,,0,0,¬O,1.0,,§_,¬O,¬O,³æ¤è,,°±¥Î,,¤£¥i¿i,¬O,,1.00,1.00,1.00,1.00,14,14,7,7,1.00,1.00,0.03,0.03,,¦³¹Ï¤ù,,0,,0,,J01DH03,,,,,1.00,g,1.00,g,VIAL,,°·«Oµ¹¥I,°·«Oµ¹¥I,ERTAPENEM,J01DH03,BC23749209,,Liquid,IVSOL,,,1.00,GM,0,mL,¥²¶·µ}ÄÀ,³æ¦¸¿éª`,PH006,202401281056,864.00,1037.00
IIPR,19960101,99999999,°±¥Î,Ipradol inj 5mcg/2mL,Ipradol inj 5mcg/2mL,Hexoprenaline,IV,,ERSP,RE-01-00,°w¾¯,AMP,,«D²Õ®M,°±¥Î,,¤@¯ë¥i¥Î,¬O,¤£¥i¥ÎÃÄ¥]¾÷,¥i¥Î,¤@¯ë,¦¸­p¶q¶i¦ì,¾AÀ³¯g:¹w¨¾¤ä®ðºÞµjÅË,,,,,,,,,¬Ò¥i¥Î,,Ipradol inj 5mcg/2mL,,,§_,¬O,,,,,,,,,¤@¯ë,ª`®g,Äµ »y:¥»«~¬°­«¯gªvÀøÃÄª«¡A½Ð¨Ì·ÓÂå®v«ü¥Ü¨Ï¥Î¡C,,,,,¬O,1.0,,§_,§_,§_,³æ¤è,§_,¥i¥Î,¥i¥Î,¤£¥i¿i,¬O,,1.00,1.00,2.00,9.00,999,999,1,1,0,0,0,0,,µL¹Ï¤ù,,0,,0,,,,,,,,,,,AMP,§_,¤£µ¹¥I¶·¦Û¥I,¤£µ¹¥I¶·¦Û¥I,,,,§_,Liquid,IVSOL,,,,,,,¬Ò¥i,³æ¦¸¿éª`,PH006,201406171407,0,40.00
IIRI,20080901,99999999,¥i¥Î,Irino IV infusion 100mg/5mL,Irino IV infusion 100mg/5mL,Irinotecan,IVD,,RACA,ON-07-01,°w¾¯,mg,Irino,«D²Õ®M,,,¤@¯ë¥i¥Î,¬O,¤£¥i¥ÎÃÄ¥]¾÷,¥i¥Î,¤@¯ë,Á`¶q¶i¦ì,¾AÀ³¯g:§Ü¸~½FÃÄ,°t»s«á«O¦s´Á­­¡G12hrs(25¢XC)¡A Á×¥ú«O¦s¡A½Õ»s®É¶¡¡G,Indication:Cancer therapy.,,¥~ Æ[:5mL´Ä¦â¤p²~,,©µ¿ð©Ê¸¡Âm¡A äú¤ß¡A ¹Ã¦R¡A ²æ¤ô,Delayed diarrhea¡A nausea & vomiting¡A dehydration.,,¬Ò¥i¥Î,¯q¥ß¿ÕÀR¯ß¿éª`²G,¡I¡IIrino,,,§_,¬O,,¥»«~¬°­«¯gªvÀøÃÄ¡A ½Ð¨Ì·ÓÂå®v«ü¥Ü¨Ï¥Î,,Take this medicine exactly as your doctor ordered.,,­¹ª«¥æ¤¬§@¥Î: ªAÃÄ´Á¶¡Á×§K­¹¥Î¸²µå¬c¥Ä,Food interaction:Avoid grapefruit juice,,¤ÆÀø,¤ÆÀø,Äµ »y:¥»«~¬°­«¯gªvÀøÃÄª«¡A½Ð¨Ì·ÓÂå®v«ü¥Ü¨Ï¥Î¡C,Äµ °ªÄµ°T,,,,¬O,100.0,,§_,¬O,§_,³æ¤è,§_,°±¥Î,°±¥Î,¤£¥i¿i,¬O,,1.00,1.00,700.00,700.00,1,1,1,1,700.00,700.00,0,0,,¦³¹Ï¤ù,,0,,0,,L01CE02,,,,,,,,,VAL,,°·«Oµ¹¥I,°·«Oµ¹¥I,IRINOTECAN,L01CE02,AA47170221,§_,Liquid,IVSOL,¦M®`¤@¯Å(¡I¡I),,100.00,mg,5.00,mL,¥²¶·µ}ÄÀ,³æ¦¸¿éª`,PH032,202303261037,1677.00,2012.00
IISOK,19960101,99999999,°±¥Î,Isoket inj 10mg/10mL,Isoket inj 10mg/10mL,Isosorbide Dinitrate,IV,,CAVS,CV-02-00,°w¾¯,AMP,Isodil,«D²Õ®M,°±¥Î,IANG,¤w°±¥Î,¬O,¤£¥i¥ÎÃÄ¥]¾÷,,¤@¯ë,¦¸­p¶q¶i¦ì,¾AÀ³¯g:¤ß¦Ù±ð¶ë£¿¤ß°IºÜµ¥,,,,,,,,,,,Isoket inj 10mg/10mL,,,§_,¬O,,,,,,,,,¤@¯ë,ª`®g,Äµ »y:¥i¯à¦³®É·|Ä±±oÀY·w¡B©ü¯t¡A½ÐÁ×§K§Ö³tªº°Ê§@©Î«º¶ÕÅÜ¤Æ,,,,,¬O,1.0,,§_,§_,§_,³æ¤è,§_,¥i¥Î,¥i¥Î,¤£¥i¿i,¬O,,1.00,1.00,999.00,999.00,999,999,1,1,0,0,0,0,,µL¹Ï¤ù,,0,,0,,,,,,,,,,,AMP,§_,°·«Oµ¹¥I,°·«Oµ¹¥I,ISOSORBIDE DINITRATE,C01DA08,B017151229,§_,Liquid,IVSOL,,,,,,,¬Ò¥i,³æ¦¸¿éª`,PH008,201403201332,399.00,479.00
IIVIG,19960101,99999999,°±¥Î,Human Immunoglobulin 2.5gm/50mL,Human Immunoglobulin 2.5gm/50mL,Human Immunoglobulin,IV,,HIMM,IM-03-00,°w¾¯,BOT,IVIG,«D²Õ®M,¼t°Ó¯Ê³f,IIG3,¤@¯ë¥i¥Î,¬O,¤£¥i¥ÎÃÄ¥]¾÷,±ø¥ó¤Uµ¹¥I,¤@¯ë,Á`¶q¶i¦ì,¾AÀ³¯g:¬°¤HÃþ§K¬Ì²y³J¥Õ»s¾¯,,,,¥~ Æ[:¥Õ¦â³z©ú²~¡AÂÅ¦â»\¤l¡AÂÅ¦â¥~¶K¯È,,,,,¥u¥Î©óªù¶E¤Î¦í°|STAT,¤HÃþ§K¬Ì²y³J¥Õ,Human Immunoglobulin 2.5gm/5,,,§_,¬O,,,,,,,,,¤@¯ë,ª`®g,Äµ »y:½Ð¸m©óÄá¤ó 2-8 «×¦B½cÁ×¥ú§NÂÃ«O¦s¡C,,,,,¬O,1.0,,§_,§_,§_,³æ¤è,§_,¥i¥Î,¥i¥Î,¤£¥i¿i,¬O,,1.00,1.00,99.00,99.00,999,999,1,1,0,0,0,0,,¦³¹Ï¤ù,,0,,0,,,,,,,,,,,BOT,§_,°·«Oµ¹¥I,°·«Oµ¹¥I,IMMUNOGLOBULIN (IVIG),J06BA02,K000672248,§_,Liquid,IVSOL,,,,,,,¬Ò¥i,³æ¦¸¿éª`,PH008,201403201332,4500.00,5400.00
IIXE,20190731,99999999,¥i¥Î,Ixempra inj 15mg (2mg/mL),Ixempra inj 15mg (2mg/mL),Ixabepilone,IVD,STAT,RACA,ON-04-04,°w¾¯,mg,Ixempra,«D²Õ®M,Á{±ÄÃÄ¡A½Ð³qª¾ÃÄ§½¥~ÁÊ,,¥»°|Á{±Ä²M³æ,¬O,¤£¥i¥ÎÃÄ¥]¾÷,±ø¥ó¤Uµ¹¥I,¤@¯ë,Á`¶q¶i¦ì,¾AÀ³¯g:§Ü¸~½FÃÄ,,Indication:Cancer therapy.,,¥~ Æ[:¤@¤äª`®g²G³z©ú¤p²~¤Î¤@¤äµ}ÄÀ²G¤p²~,Appearance:One injection vial and one diluent vial.,©PÃä¯«¸g¯fÅÜ¡A°©Åè§í¨î¡A¹L±Ó¤ÏÀ³,Peripheral neuropathy¡A Myelosuppression¡A Allergic reaction,,¬Ò¥i¥Î,©ö²ï¥­ª`®g¾¯,Ixempra,,,,¬O,,¥»«~¬°­«¯gªvÀøÃÄ¡A ½Ð¨Ì·ÓÂå®v«ü¥Ü¨Ï¥Î,,Take this medicine exactly as your doctor ordered.,,§NÂÃ2-8¢XC«O¦s,Store in a refrigerator (2-8¢XC),2019Q2Á{®É·|Á{±ÄÃÄ,¤ÆÀø,¤ÆÀø,Äµ »y:¥»«~¬°­«¯gªvÀøÃÄª«¡A½Ð¨Ì·ÓÂå®v«ü¥Ü¨Ï¥Î¡C,Äµ °ªÄµ°T,,0,0,¬O,15.0,,§_,¬O,§_,³æ¤è,§_,°±¥Î,°±¥Î,¤£¥i¿i,§_,,1.00,1.00,88.00,88.00,2,2,1,1,88.00,88.00,0,0,,µL¹Ï¤ù,,0,,0,,L01DC04,,,,,0,,0,,VIAL,,°·«Oµ¹¥I,°·«Oµ¹¥I,IXABEPILONE,L01DC04,BC25053235,§_,Liquid,IVSOL,¦M®`¤@¯Å(¡I¡I),,16.00,mg,8.00,mL,¥²¶·µ}ÄÀ,³æ¦¸¿éª`,PH032,202109091812,8087.00,9704.00
IJET,20150127,99999999,°±¥Î,Jetrea inj 0.5mg/0.2mL,Jetrea inj 0.5mg/0.2mL,Ocriplasmin,IVI,STAT,TOPH,OP-08-00,°w¾¯,Vial,Jetrea,«D²Õ®M,Á{±ÄÃÄ¡A½Ð³qª¾ÃÄ§½¥~ÁÊ,,­Ó®×Á{±Ä,¬O,¤£¥i¥ÎÃÄ¥]¾÷,,¤@¯ë,Á`¶q¶i¦ì,¾AÀ³¯g:¥Î©óªvÀø¦¨¤H¨ã¦³¯gª¬ªº¬Á¼þÅé¶À´³²o¤Þ¯g,,Indication: Treatment of symptomatic vitreomacular adhesion.,,¥~ Æ[:0.2mL³z©ú¤p²~(Vial)¡A¾ï¦â¥~»\,Appearance: 0.2mL vial with orange cap,¬Á¼þÅéº}¯Bª«¡Aµ²½¤¥X¦å¡A²´µh¡A°{¥ú¤ÛÄ±¡Aµø¤O»ÙÃª,Vitreous floaters¡Aconjunctival hemorrhage¡Aeye pain¡A photopsia¡A visual impairment,,¬Ò¥i¥Î,"·R·û¾U"²´¥Îª`®g¿@ÁY²G,Jetrea,,,,,,³N«á¤@¶g¥i¯à·|¦³¼È®É©Êµø¤O³à¥¢ªº­·ÀI¡AÀ³¶i¦æ¥²­nºÊ´ú¡C,»Ý§N­áÀx¦s(-20¢J),May cause decreased visual acuity after surgical intervention.,Monitor visual acuity appropriately.,µø¤O¥¼´_­ì«e¡A½Ð¤Å¶}¨®©Î¾Þ§@»ö¾¹¡C,Don't drive or use machines until the visual disturbances have resolves.,,¤@¯ë,ª`®g,Äµ »y:ªvÀø¹Lµ{¤¤¥i¯à·|¾É­P¼È®É©ÊµøÄ±»ÙÃª,,,0,0,¬O,1.0,,§_,¬O,¬O,³æ¤è,§_,°±¥Î,°±¥Î,¤£¥i¿i,¬O,,1.00,1.00,1.00,1.00,1,1,1,1,1.00,1.00,0,0,,¦³¹Ï¤ù,,0,,0,,S01XA22,,,,,0,,0,,VIAL,,¤£µ¹¥I¶·¦Û¥I,¤£µ¹¥I¶·¦Û¥I,,,,§_,Liquid,SOL,,,0.50,mg,0.20,mL,¬Ò¥i,³æ¦¸¿éª`,PH034,202106211444,0,200000.00
IJEV,19960101,99999999,°±¥Î,JEV (¤é¥»¸£ª¢¡A¬F©²´£¨Ñ) 0.5-1mL/dose,JEV vaccine (Government) 0.5-1 mL/dose,Japanese Encephalitis Vaccine,SC,,HIMM,IM-02-02,°w¾¯,DOS,JEV,«D²Õ®M,°±¥Î,,¤@¯ë¥i¥Î,¬O,¤£¥i¥ÎÃÄ¥]¾÷,,¤£¦LÃÄÅÒ,Á`¶q¶i¦ì,¾AÀ³¯g:¤é¥»¸£ª¢¬Ì­],,Indication:Immunization for Japanese Encephalitis.,,¥~ Æ[:³z©ú¤p²~(vial)¡A¶À¦â»\¤l¡A¥Õ¦â¥~¶K¯È¡A©³³¡¶À¦â,,,,,,¤é¥»¸£ª¢¬Ì­],JEV vaccine (Government) 0.5,JE-VC,,§_,¬O,,»â¨ú¬Ì­]«á¡A ½Ð¥ß§Y¦Üª`®g«Ç¨Ì«ü¥Ü¨Ï¥Î,,,,,,,¤@¯ë,ª`®g,Äµ »y:»â¨ú¬Ì­]«á¡A½Ð¥ß§Y¦Üª`®g«Ç¨Ì«ü¥Ü¨Ï¥Î¡C,,,,,¬O,1.0,,§_,§_,§_,³æ¤è,§_,°±¥Î,¥i¥Î,¤£¥i¿i,¬O,,1.00,1.00,1.00,1.00,1,1,1,1,1.00,1.00,0,0,,¦³¹Ï¤ù,,0,,0,,J07BA02,,,,,,,,,DOS,§_,°·«Oµ¹¥I,°·«Oµ¹¥I,,,X000164206,§_,Liquid,SOL,,,,,,,¬Ò¥i,³æ¦¸¿éª`,PH034,202204190741,0,0
IJEV0,20170830,99999999,¥i¥Î,Imojev (´î¬r¤é¸£¡A¬F©²´£¨Ñ) 0.5mL/dose,Imojev (´î¬r¤é¸£¡AGovernment) 0.5mL/dose,Japanese Encephalitis Vaccine,SC,STAT,HIMM,IM-02-02,°w¾¯,DOS,JEV,«D²Õ®M,,,¤@¯ë¥i¥Î,¬O,¥i¥ÎÃÄ¥]¾÷,­­¥Î,¤£¦LÃÄÅÒ,Á`¶q¶i¦ì,¾AÀ³¯g:¤é¥»¸£ª¢¬Ì­],,Indication:Immunization for Japanese Encephalitis.,,¥~ Æ[: ­á´¹¯»¥½ + µ}ÄÀ²G¦U¤@¤p²~,Appearance: 1 dose of powder + diluent in separate vials,­Â«å¡AÀYµh¡Aª`®g³¡¦ì¯kµh,fatigue¡A headache¡A injection site swelling,,¥u¥Î©óªù¶E,¤Ú´µ¼w²Ó­M«¬¤é¥»¸£ª¢¬¡©Ê´î¬r¬Ì­],Imojev vaccine,JE-CV,,,¬O,,»â¨ú¬Ì­]«á¡A ½Ð¥ß§Y¦Üª`®g«Ç¨Ì«ü¥Ü¨Ï¥Î,,After receiving the vaccine¡A please go to the injection room immediately.,,,,,¤@¯ë,ª`®g,Äµ »y:»â¨ú¬Ì­]«á¡A½Ð¥ß§Y¦Üª`®g«Ç¨Ì«ü¥Ü¨Ï¥Î¡C,,,0,0,§_,1.0,,§_,¬O,¬O,³æ¤è,§_,°±¥Î,¥i¥Î,¤£¥i¿i,§_,,1.00,1.00,1.00,1.00,1,1,1,1,1.00,1.00,0,0,,¦³¹Ï¤ù,,0,,0,,J07BA02,,,,,0,,0,,¤ä,§_,°·«Oµ¹¥I,°·«Oµ¹¥I,,,K000967206,§_,Liquid,SOL,,,,,0.50,mL,¬Ò¥i,³æ¦¸¿éª`,PH047,202301051111,0,0
IJEV1,20030703,99999999,°±¥Î,JEV (¦Û¶O¤é¥»¸£ª¢¬Ì­]) 0.5-1mL/dose,JEV vaccine (Private) 1 dose,Japanese Encephalitis Vaccine,SC,,HIMM,IM-02-02,°w¾¯,DOS,JEV,«D²Õ®M,°±¥Î¡A¥i¬dÃþ¦üÃÄ,,¤@¯ë¥i¥Î,¬O,¤£¥i¥ÎÃÄ¥]¾÷,,¤@¯ë,Á`¶q¶i¦ì,¾AÀ³¯g:¹w¨¾¤é¥»¸£ª¢,,Indication:Japanese Encephalitis Vaccine,,¥~ Æ[:³z©ú¤p²~(vial)¡A¶À¦â»\¤l¡A¥Õ¦â¥~¶K¯È¡A©³³¡¶À¦â,,,,,¬Ò¥i¥Î,¤é¥»¸£ª¢¬Ì­],JEV vaccine (Private) 1 dose,JE,,§_,¬O,,»â¨ú¬Ì­]«á¡A ½Ð¥ß§Y¦Üª`®g«Ç¨Ì«ü¥Ü¨Ï¥Î,,After receiving the vaccine¡A please go to the injection room immediately.,,,,,¤@¯ë,ª`®g,Äµ »y:»â¨ú¬Ì­]«á¡A½Ð¥ß§Y¦Üª`®g«Ç¨Ì«ü¥Ü¨Ï¥Î¡C,,,,,¬O,1.0,,§_,§_,§_,³æ¤è,§_,¥i¥Î,¥i¥Î,¤£¥i¿i,¬O,,1.00,1.00,1.00,1.00,1,1,1,1,1.00,1.00,0,0,,¦³¹Ï¤ù,,0,,0,,J07BA02,,,,,,,,,DOS,§_,¤£µ¹¥I¶·¦Û¥I,¤£µ¹¥I¶·¦Û¥I,,,,§_,Liquid,SOL,,,,,,,¬Ò¥i,³æ¦¸¿éª`,PH032,202110031700,0,336.00
IK2P,19960101,99999999,¥i¥Î,Potassium Phosphate inj 20mL,Potassium Phosphate inj 20mL,K2HPO4+KH2PO4,IVD,,NUTR,NU-04-04,°w¾¯,AMP,K2PO4,«D²Õ®M,°±¥Î,,¤@¯ë¥i¥Î,¬O,¥i¥ÎÃÄ¥]¾÷,,¤@¯ë,¤é¾¯¶q¶i¦ì,¾AÀ³¯g:¸É¥RÁCÂ÷¤l¤§¤£¨¬,,Indication:Treatment and prevention of hypophosphatemia,,¥~ Æ[:³z©ú¦wÞÀ(amp)¡A ·t¬õ¦â¦r¼Ë,Appearance: 20 mL Ampoule,Arrhythmia¡A bradycardia¡A chest pain¡A edema¡A hypotension,¤ß«ß¤£¾ã¡B¤ß¸õ®}½w¡B¯Ýµh¡B¤ô¸~¡B§C¦åÀ£,,,ÁC»Ä¹[ª`®g²G,Potassium Phosphate inj 20mL,,,§_,¬O,,¥»«~»Ý( ÂÐ®Ö ) ¶·µ}ÄÀ«á¨Ï¥Î,,Should be diluted before injecting.,,,,[Rx_o]­­TPNÃÄ®v½Õ°t(°ª¿@«×¹q¸Ñ½è¡A¨CmL§tphosphate:3mmole¡Apotassium:4.4mEq),¤@¯ë,ª`®g,Äµ »y:¥»ÃÄ¤@©w­n¸gµ}ÄÀ¹L«á¨Ï¥Î,Äµ °ªÄµ°T,,,,§_,1.0,,§_,¬O,§_,³æ¤è,§_,°±¥Î,°±¥Î,¤£¥i¿i,¬O,,1.00,1.00,1.00,1.00,7,7,1,1,2.00,2.00,0,0,,¦³¹Ï¤ù,,0,,0,,B05XA06,B05BB01,,,,,,,,AMP,§_,°·«Oµ¹¥I,°·«Oµ¹¥I,POTASSIUM PHOSPHATE MONOBASIC(=POTASSIUM BIPHOSPHA,B05XA06,AC21343238,§_,Liquid,IVSOL,,,60.00,mmol,20.00,mL,¥²¶·µ}ÄÀ,³æ¦¸¿éª`,PH047,202301291946,125.00,150.00
IKA,19960101,99999999,°±¥Î,Kenacort-A inj 10mg/mL,Kenacort-A inj 10mg/mL,Triamcinolone,IA,,HM,HR-01-00,°w¾¯,ML,Kenacort-A,«D²Õ®M,°±¥Î,ISIV1,¤@¯ë¥i¥Î,¬O,¤£¥i¥ÎÃÄ¥]¾÷,,¦C¦L¦í°|ÃÄÅÒ,Á`¶q¶i¦ì,¾AÀ³¯g:Ãö¸`ª¢,,,,,,,,,,,Kenacort-A inj 10mg/mL,,,§_,¬O,,,,,,,,,¤@¯ë,ª`®g,,,,,,¬O,5.0,,§_,§_,§_,³æ¤è,§_,¥i¥Î,¥i¥Î,¤£¥i¿i,¬O,,1.00,1.00,2.00,2.00,999,999,1,1,0,0,0,0,,µL¹Ï¤ù,,0,,0,,,,,,,,,,,ML,§_,°·«Oµ¹¥I,°·«Oµ¹¥I,TRIAMCINOLONE,H02AB08,A034743299,§_,Liquid,SOL,,,,,,,¬Ò¥i,³æ¦¸¿éª`,PH032,201408071625,17.20,22.00
IKA+X1,19960101,99999999,°±¥Î,Kenacort-A + 1% Xylocaine,Kenacort-A + 1% Xylocaine,Triamcinolone Acetonide,IS,,HM,HR-01-00,°w¾¯,ML,,«D²Õ®M,°±¥Î¡A¥i¬dÃþ¦üÃÄ,,¤@¯ë¥i¥Î,¬O,¤£¥i¥ÎÃÄ¥]¾÷,,¤£¦LÃÄÅÒ,Á`¶q¶i¦ì,¾AÀ³¯g:Ãö¸`ª¢,,,,,,,,,,,Kenacort-A + 1% Xylocaine,,,§_,¬O,,,,,,,,,¤@¯ë,ª`®g,Äµ »y:°£Âå®v«ü¥Ü¥~¡A½Ð¤Åªø´Á©Î±K¶°¦a«ùÄò¨Ï¥Î,,,,,¬O,1.0,,§_,§_,§_,³æ¤è,§_,¥i¥Î,¥i¥Î,¤£¥i¿i,¬O,,1.00,1.00,2.00,2.00,999,999,1,1,0,0,0,0,,µL¹Ï¤ù,,0,,0,,,,,,,,,,,CC,§_,¤£µ¹¥I¶·¦Û¥I,¤£µ¹¥I¶·¦Û¥I,,,,§_,Liquid,SOL,,,,,,,¬Ò¥i,³æ¦¸¿éª`,PH008,201403201332,0,100.00
IKA+X2,19960101,99999999,°±¥Î,Kenacort-A + 2% Xylocaine,Kenacort-A + 2% Xylocaine,Triamcinolone Acetonide,IS,,HM,HR-01-00,°w¾¯,ML,,«D²Õ®M,°±¥Î¡A¥i¬dÃþ¦üÃÄ,,¤@¯ë¥i¥Î,¬O,¤£¥i¥ÎÃÄ¥]¾÷,,¤£¦LÃÄÅÒ,Á`¶q¶i¦ì,¾AÀ³¯g:Ãö¸`ª¢,,,,,,,,,,,Kenacort-A + 2% Xylocaine,,,§_,¬O,,,,,,,,,¤@¯ë,ª`®g,Äµ »y:°£Âå®v«ü¥Ü¥~¡A½Ð¤Åªø´Á©Î±K¶°¦a«ùÄò¨Ï¥Î,,,,,¬O,1.0,,§_,§_,§_,³æ¤è,§_,¥i¥Î,¥i¥Î,¤£¥i¿i,¬O,,1.00,1.00,2.00,2.00,999,999,1,1,0,0,0,0,,µL¹Ï¤ù,,0,,0,,,,,,,,,,,CC,§_,¤£µ¹¥I¶·¦Û¥I,¤£µ¹¥I¶·¦Û¥I,,,,§_,Liquid,SOL,,,,,,,¬Ò¥i,³æ¦¸¿éª`,PH008,201403201332,0,100.00
IKA1,20020401,99999999,°±¥Î,Kenacort-A 10mg/1mL,Kenacort-A 10mg/1mL,Triamcinolone Acetonide,IS,,HM,HR-01-00,°w¾¯,ML,Kenacort-A,«D²Õ®M,°±¥Î,ISIV1,¤@¯ë¥i¥Î,¬O,¤£¥i¥ÎÃÄ¥]¾÷,¥i¥Î,¦C¦L¦í°|ÃÄÅÒ,Á`¶q¶i¦ì,¾AÀ³¯g¡GÃö¸`ª¢,,,,,,,,,¬Ò¥i¥Î,,Kenacort-A 10mg/1mL,,,§_,¬O,,,,,,,,,¤@¯ë,ª`®g,,,,,,¬O,1.0,,§_,§_,§_,³æ¤è,§_,¥i¥Î,¥i¥Î,¤£¥i¿i,¬O,,1.00,1.00,2.00,2.00,99,99,1,1,0,0,0,0,,µL¹Ï¤ù,,0,,0,,,,,,,,,,,ML,,°·«Oµ¹¥I,°·«Oµ¹¥I,TRIAMCINOLONE,H02AB08,A034743209,§_,Liquid,SOL,,,,,,,¬Ò¥i,³æ¦¸¿éª`,PH032,201408071626,54.00,65.00
IKAB,20090522,99999999,°±¥Î,Kabiven PI inj 1440mL,Kabiven PI inj 1440mL,Glucose + Amino Acid + lipid,IVD,,NUTR,NU-04-05,°w¾¯,BAG,,«D²Õ®M,°±¥Î,,¤w°±¥Î,¬O,¥i¥ÎÃÄ¥]¾÷,¥i¥Î,¦C¦L¦í°|ÃÄÅÒ,Á`¶q¶i¦ì,¾AÀ³¯g: ÀR¯ßÀç¾i¿éª`,,Indication:parenteral nutrition supplement.,,¥~ Æ[: 1440 ml ³n³U¥]¸Ë,,,,,¬Ò¥i¥Î,§J¥²®¦¶gÃäÀR¯ßÀç¾i¿éª`²G,Kabiven PI inj 1440mL,,,§_,¬O,,,,,,,,,¤@¯ë,ª`®g,Äµ »y:½Ð¸m©ó«Äµ£µLªk¨ú±o¤§³B,,,,,¬O,1.0,,§_,§_,§_,³æ¤è,§_,¥i¥Î,¥i¥Î,¤£¥i¿i,¬O,,1.00,1.00,2.00,2.00,7,7,1,1,0,0,0,0,,µL¹Ï¤ù,,0,,0,,B05BA10,B05BA01,B05BA02,B05BA03,,,,,,BAG,,°·«Oµ¹¥I,°·«Oµ¹¥I,<3%Amino Acids +Carbohydrate +Lipid emulsion solution for infusion,B05BA10,B0237092EP,§_,Liquid,IVSOL,,,,,,,¬Ò¥i,³æ¦¸¿éª`,PH008,201505121929,1001.00,1201.00
IKAB1,20090717,99999999,°±¥Î,Kabiven ¤¤¤ßÀR¯ß¿éª`1540mL,Kabiven ¤¤¤ßÀR¯ß¿éª`1540mL,Glucose + Amino Acid + lipid,TPN,,NUTR,NU-04-05,°w¾¯,BAG,,«D²Õ®M,°±¥Î,,¤w°±¥Î,¬O,¥i¥ÎÃÄ¥]¾÷,¥i¥Î,¦C¦L¦í°|ÃÄÅÒ,Á`¶q¶i¦ì,¾AÀ³¯g: ÀR¯ßÀç¾i¿éª`,,Indication:parenteral nutrition supplement.,,¥~ Æ[: 1540 ml ³n³U¥]¸Ë,,,,,¬Ò¥i¥Î,§J¥²®¦,Kabiven ¤¤¤ßÀR¯ß¿éª`1540mL,,,§_,¬O,,,,,,,,,¤@¯ë,ª`®g,Äµ »y:­­¤¤¥¡ÀR¯ß¿éª`,,,,,§_,1.0,,§_,§_,§_,³æ¤è,§_,¥i¥Î,¥i¥Î,¤£¥i¿i,¬O,,1.00,1.00,1.00,1.00,3,3,1,1,0,0,0,0,,µL¹Ï¤ù,,0,,0,,B05BA10,B05BA01,B05XA14,B05BA02,B05BA03,,,,,BAG,,¤£µ¹¥I¶·¦Û¥I,¤£µ¹¥I¶·¦Û¥I,,,,§_,Liquid,IVSOL,,,,,,,¬Ò¥i,³æ¦¸¿éª`,PH008,201505121929,0,1111.00
IKAD0,20140721,99999999,¥i¥Î,Kadcyla inj 100mg (sample),Kadcyla inj 100mg (sample),Trastuzumab Emtansine,IVD,STAT,RACA,ON-09-02,°w¾¯,mg,Kadcyla,«D²Õ®M,Á{±ÄÃÄ¡A½Ð³qª¾ÃÄ§½¥~ÁÊ,,ÃÄ©e·|Á{±Ä,¬O,¤£¥i¥ÎÃÄ¥]¾÷,°·«O¤£µ¹¥I,¤@¯ë,Á`¶q¶i¦ì,¾AÀ³¯g:ªvÀøHER2¶§©ÊªºÂà²¾©Ê¨ÅÀù,°t»s«á«O¦s´Á­­¡G24hrs(2-8¢XC)¡A­­½Õ»s·í¤é§¹¦¨µ¹ÃÄ,Indication:Metastatic breast cancer¡A HER2 overexpression.,,¥~ Æ[:¸Ë¦³¥Õ¦â­á´¹¤§¬Á¼þ¤p²~,Appearance: Vial with white cap,¯h³Ò¡AÀYµh¡Aäú¤ß¡A¦å¤pªO´î¤Ö,Fatigue¡A headache¡A nausea¡A thrombocytopenia,,¥u¥Î©óªù¶E¤Î¦í°|STAT,¶PÀù¹ç­á´¹ª`®g¾¯,¡I¡IKadcyla (sample),,,,¬O,,¶·ºÊ´ú¦å²MÂàÓi×Q¡BÁx¬õ¯À¤Î¥ª¤ß«Ç¥\¯à¡C,,Monitor serum transaminases¡A bilirubin and evaluate left ventricular function.,,³Æµù:½Ð¸m©óÄá¤ó 2-8 «×¦B½c§NÂÃ,Store in a refrigerator (2-8¢XC).,[Rx_x]³B¤è¶°¤£Åã¥Ü¡A¼Ë«~ÃÄ,¤ÆÀø,¤ÆÀø,Äµ »y:ªø´Á§ë»PÀ³¯d·N¨x¥\¯àÅÜ¤Æ¡A­YÅé­«ÆJ¼W©Î¤ô¸~À³½Ð±ÐÂå®v,Äµ °ªÄµ°T,,0,0,§_,100.0,,§_,¬O,§_,³æ¤è,§_,°±¥Î,°±¥Î,¤£¥i¿i,¬O,,1.00,1.00,300.00,300.00,1,1,1,1,300.00,300.00,0,0,,¦³¹Ï¤ù,,0,,0,,L01FD03,,,,,0,,0,,VIAL,,°·«O¤£¥Ó³ø¤£­p»ù,°·«O¤£¥Ó³ø¤£­p»ù,,,,§_,Liquid,IVSOL,¦M®`¤@¯Å(¡I¡I),,100.00,mg,,,¥²¶·µ}ÄÀ,³æ¦¸¿éª`,PH047,202402140521,0,0
IKAD00,20151203,99999999,¥i¥Î,KADCYLA inj 160mg (sample),KADCYLA inj 160mg (sample),Trastuzumab Emtansine,IVD,STAT,RACA,ON-09-02,°w¾¯,mg,Kadcyla,«D²Õ®M,Á{±ÄÃÄ¡A½Ð³qª¾ÃÄ§½¥~ÁÊ,,ÃÄ©e·|Á{±Ä,¬O,¤£¥i¥ÎÃÄ¥]¾÷,°·«O¤£µ¹¥I,¤@¯ë,Á`¶q¶i¦ì,¾AÀ³¯g:ªvÀøHER2¶§©ÊªºÂà²¾©Ê¨ÅÀù,°t»s«á«O¦s´Á­­¡G24hrs(2-8¢XC)¡A­­½Õ»s·í¤é§¹¦¨µ¹ÃÄ,Indication:Metastatic breast cancer¡A HER2 overexpression.,,¥~ Æ[:¸Ë¦³¥Õ¦â­á´¹¤§¬Á¼þ¤p²~,Appearance: Vial with purple cap,¯h³Ò¡AÀYµh¡Aäú¤ß¡A¦å¤pªO´î¤Ö,Fatigue¡A headache¡A nausea¡A thrombocytopenia,,¬Ò¥i¥Î,¶PÀù¹ç­á´¹ª`®g¾¯,KADCYLA (sample),,,,¬O,,¶·ºÊ´ú¦å²MÂàÓi×Q¡BÁx¬õ¯À¤Î¥ª¤ß«Ç¥\¯à¡C,,Monitor serum transaminases¡A bilirubin and evaluate left ventricular function.,,³Æµù:½Ð¸m©óÄá¤ó 2-8 «×¦B½c§NÂÃ,Store in a refrigerator (2-8¢XC).,[Rx_x]³B¤è¶°¤£Åã¥Ü¡A¼Ë«~ÃÄ,¤ÆÀø,¤ÆÀø,Äµ »y:ªø´Á§ë»PÀ³¯d·N¨x¥\¯àÅÜ¤Æ¡A­YÅé­«ÆJ¼W©Î¤ô¸~À³½Ð±ÐÂå®v,Äµ °ªÄµ°T,,0,0,§_,160.0,,§_,¬O,§_,³æ¤è,§_,°±¥Î,°±¥Î,¤£¥i¿i,¬O,,1.00,1.00,300.00,300.00,1,1,1,1,300.00,300.00,0,0,,¦³¹Ï¤ù,,0,,0,,L01FD03,,,,,0,,0,,VIAL,,¤£µ¹¥I¶·¦Û¥I,¤£µ¹¥I¶·¦Û¥I,,,,§_,Liquid,IVSOL,,,160.00,mg,,,¥²¶·µ}ÄÀ,³æ¦¸¿éª`,PH047,202402140522,0,0
IKAD1,20140721,99999999,¥i¥Î,Kadcyla inj 100mg,Kadcyla inj 100mg,Trastuzumab Emtansine,IVD,STAT,RACA,ON-09-02,°w¾¯,mg,Kadcyla,«D²Õ®M,Á{±ÄÃÄ¡A½Ð³qª¾ÃÄ§½¥~ÁÊ,,¥»°|Á{±Ä²M³æ,¬O,¤£¥i¥ÎÃÄ¥]¾÷,±ø¥ó¤Uµ¹¥I,¤@¯ë,Á`¶q¶i¦ì,¾AÀ³¯g:ªvÀøHER2¶§©ÊªºÂà²¾©Ê¨ÅÀù,°t»s«á«O¦s´Á­­¡G24hrs(2-8¢XC)¡A­­½Õ»s·í¤é§¹¦¨µ¹ÃÄ,Indication:Metastatic breast cancer¡A HER2 overexpression.,,¥~ Æ[:¸Ë¦³¥Õ¦â­á´¹¤§¬Á¼þ¤p²~,Appearance: Vial with white cap,¯h³Ò¡AÀYµh¡Aäú¤ß¡A¦å¤pªO´î¤Ö,Fatigue¡A headache¡A nausea¡A thrombocytopenia,,¥u¥Î©óªù¶E¤Î¦í°|STAT,¶PÀù¹ç­á´¹ª`®g¾¯,¡I¡IKadcyla,,,,¬O,,¶·ºÊ´ú¦å²MÂàÓi×Q¡BÁx¬õ¯À¤Î¥ª¤ß«Ç¥\¯à,,Monitor serum transaminases¡A bilirubin and evaluate left ventricular function.,,³Æµù:½Ð¸m©óÄá¤ó 2-8 «×¦B½c§NÂÃ,Store in a refrigerator (2-8¢XC).,,¤ÆÀø,¤ÆÀø,Äµ »y:ªø´Á§ë»PÀ³¯d·N¨x¥\¯àÅÜ¤Æ¡A­YÅé­«ÆJ¼W©Î¤ô¸~À³½Ð±ÐÂå®v,Äµ °ªÄµ°T,,0,0,§_,100.0,,§_,¬O,§_,³æ¤è,§_,°±¥Î,°±¥Î,¤£¥i¿i,¬O,,1.00,1.00,300.00,300.00,1,1,1,1,300.00,300.00,0,0,,¦³¹Ï¤ù,,0,,0,,L01FD03,,,,,0,,0,,VIAL,¬O,°·«Oµ¹¥I,°·«Oµ¹¥I,TRASTUZUMAB EMTANSINE,L01FD03,KC00949255,§_,Liquid,IVSOL,¦M®`¤@¯Å(¡I¡I),,100.00,mg,,,¥²¶·µ}ÄÀ,³æ¦¸¿éª`,PH032,202303261043,36475.00,43770.00
IKAD6,20160316,99999999,¥i¥Î,KADCYLA inj 160mg,KADCYLA inj 160mg,Trastuzumab Emtansine,IVD,STAT,RACA,ON-09-02,°w¾¯,mg,KADCYLA,«D²Õ®M,Á{±ÄÃÄ¡A½Ð³qª¾ÃÄ§½¥~ÁÊ,,¤@¯ë°ª»ùÃÄ,¬O,¥i¥ÎÃÄ¥]¾÷,±ø¥ó¤Uµ¹¥I,¤@¯ë,Á`¶q¶i¦ì,¾AÀ³¯g:ªvÀøHER2¶§©ÊªºÂà²¾©Ê¨ÅÀù,°t»s«á«O¦s´Á­­¡G24hrs(2-8¢XC)¡A­­½Õ»s·í¤é§¹¦¨µ¹ÃÄ,Indication:Metastatic breast cancer¡A HER2 overexpression.,,¥~ Æ[:¸Ë¦³¥Õ¦â­á´¹¤§¬Á¼þ¤p²~,Appearance: Vial with purple cap,¯h³Ò¡AÀYµh¡Aäú¤ß¡A¦å¤pªO´î¤Ö,Fatigue¡A headache¡A nausea¡A thrombocytopenia,,¥u¥Î©óªù¶E¤Î¦í°|STAT,¶PÀù¹ç­á´¹ª`®g¾¯,¡I¡IKADCYLA,,,,¬O,,¶·ºÊ´ú¦å²MÂàÓi×Q¡BÁx¬õ¯À¤Î¥ª¤ß«Ç¥\¯à¡C,,Monitor serum transaminases¡A bilirubin and evaluate left ventricular function.,,³Æµù:½Ð¸m©óÄá¤ó 2-8 «×¦B½c§NÂÃ,Store in a refrigerator (2-8¢XC).,2021.Q3ÃÄ©e¶i¥Î¥¿¦¡«~¶µ¡A°ª»ùÃÄ¤£³]®w¦s½Ð¶ñÁ{±Ä³æ«áÁÊÃÄ,¤ÆÀø,¤ÆÀø,Äµ »y:ªø´Á§ë»PÀ³¯d·N¨x¥\¯àÅÜ¤Æ¡A­YÅé­«ÆJ¼W©Î¤ô¸~À³½Ð±ÐÂå®v,Äµ °ªÄµ°T,,0,0,§_,160.0,,§_,¬O,§_,³æ¤è,§_,°±¥Î,°±¥Î,¤£¥i¿i,¬O,,1.00,1.00,300.00,300.00,1,1,1,1,300.00,300.00,0,0,,¦³¹Ï¤ù,,0,,0,,L01FD03,,,,,0,,0,,VIAL,¬O,°·«Oµ¹¥I,°·«Oµ¹¥I,TRASTUZUMAB EMTANSINE,L01FD03,KC009492AX,,Liquid,IVSOL,¦M®`¤@¯Å(¡I¡I),,,,,,¥²¶·µ}ÄÀ,³æ¦¸¿éª`,PH047,202402140522,52574.00,63089.00
IKAN,20091112,99999999,°±¥Î,Kanamycin 1g inj (¬F©²´£¨Ñ),Kanamycin 1g inj (¬F©²´£¨Ñ),Kanamycin,IM,,QANB,AI-01-03,°w¾¯,VAL,kanamycin,«D²Õ®M,°±¥Î¡A¥i¬dÃþ¦üÃÄ,,¤w°±¥Î,¬O,¤£¥i¥ÎÃÄ¥]¾÷,°·«O¤£µ¹¥I,¦C¦Lªù¶EÃÄÅÒ,Á`¶q¶i¦ì,¾AÀ³¯g:¥Ñµ²®Öµß¡A ¸²µå²yµß¡A ªÍª¢²yµßµ¥©Ò¤Þ°_¤§·P¬V¯g,,Indication:Antibiotic for infection.,,¥~ Æ[:³z©ú¤p²~(vial)¡AÂÅ¦â¾ï¦â¥Õ¦â¥~¶K¯È¡A»È¦â¥~Àô,,,,¤@¯ëÃþ§Ü¥Í¯À,¥u¥Î©óªù¶E,°·Åð¯À,Kanamycin 1g inj (¬F©²´£¨Ñ),,,§_,¬O,,­Yµo¥ÍÄY­«¹L±Ó©Îµo¯lµ¥¤£¾A¯gª¬¡A À³§Y°±ÃÄ¨Ã½Ð±ÐÂå®v,,Report to doctor¡A if any severe hypersensitivity or skin rash occur.,,,,,¤@¯ë,¤@¯ë,Äµ »y: ­Yµo¥ÍÄY­«¹L±Ó©Îµo¯lµ¥¤£¾A¯gª¬¡AÀ³§Y°±ÃÄ¨Ã½Ð±ÐÂå®v,,,,,¬O,1.0,,§_,§_,§_,³æ¤è,§_,°±¥Î,¥i¥Î,¤£¥i¿i,§_,,1.00,1.00,2.00,2.00,30,30,1,1,2.00,2.00,0,0,,¦³¹Ï¤ù,,0,,0,,J01GB04,,,,,1.00,g,1.00,g,VIAL,§_,°·«O¤£¥Ó³ø¤£­p»ù,°·«O¤£¥Ó³ø¤£­p»ù,,,,§_,Liquid,SOL,,,,,,,¬Ò¥i,³æ¦¸¿éª`,PH047,202401261224,0,0
IKAT,20040209,99999999,¥i¥Î,Katimin"1" inj 10mg/1mL,Katimin"1" inj 10mg/1mL,Phytonadione,IM,,HEMT,HE-05-00,°w¾¯,AMP,Vit K1,«D²Õ®M,,,¤@¯ë¥i¥Î,¬O,¥i¥ÎÃÄ¥]¾÷,,¤@¯ë,¦¸­p¶q¶i¦ì,¾AÀ³¯g: ¬°ºû¥Í¯ÀK¡A ¥Î©ó¥X¦å¤§ªvÀø¤Î¹w¨¾,,Indication: Hemorrhage¡A vit K deficiency.,,¥~ Æ[:²`´Ä¦â¦wÞÀ¡A ¥~¶K¯»¬õ¦â¼ÐÅÒ,,­±³¡¼é¬õ¡A ¬y¦½¡A ¯Ýµh¡A ©I§l§xÃø,Facial flushing¡A sweating¡A chest pain¡A dyspnea,,,¹ÅÅé¥Á"1"ª`®g²G,Katimin"1" inj 10mg/1mL,,,§_,¬O,,¥»«~»Ý¸m©óÁ×¥ú³±²D°®Àê³B,,Store at room temperature¡A away from heat¡A moisture¡A and direct light.,,,,,¤@¯ë,ª`®g,Äµ »y:¥»«~»Ý¸m©óÁ×¥ú³±²D°®Àê³B,,,,,¬O,1.0,,§_,¬O,§_,³æ¤è,§_,°±¥Î,°±¥Î,¤£¥i¿i,¬O,,1.00,1.00,2.00,2.00,999,999,1,1,2.00,2.00,0.20,0.20,,¦³¹Ï¤ù,,10.00,mg,0,0.3-1 mg IM soon after birth,B02BA01,,,,,,,,,AMP,§_,°·«Oµ¹¥I,°·«Oµ¹¥I,PHYTOMENADIONE (=VIT K1),B02BA01,NC02789209,§_,Liquid,SOL,,,10.00,mg,1.00,mL,¬Ò¥i,³æ¦¸¿éª`,PH034,202004291532,15.00,20.00
IKCL,20101001,99999999,¥i¥Î,10mEq KCl in 0.9%NaCl 500mL,10mEq KCl in 0.9%NaCl 500mL,Potassium Chloride,IVD,,NUTR,NU-04-04,°w¾¯,BOT,KCL,«D²Õ®M,,,¤@¯ë¥i¥Î,¬O,¥i¥ÎÃÄ¥]¾÷,¥i¥Î,¤@¯ë,¤é¾¯¶q¶i¦ì,¾AÀ³¯g:ªvÀø¹[¯Ê¥F¯g,,Indication:Treatment or prevention of hypokalemia,,¥~ Æ[:ºñ¦â¼ÐÅÒ500mLµL¦â·»²G¶ì½¦²~,Appearance:Colorless solution in a 500ML plastic bottle.,°ª¦å¹[¯g¡Bäú¤ß¡B¹Ã¦R¡B¸¡µh¡B¸¡Âm,Hyperkalemia¡A nausea¡A vomiting¡A abdominal pain¡A diarrhea,,¬Ò¥i¥Î,0.149% ´â¤Æ¹[ª`®g²G,10mEq KCl in 0.9%NaCl 500mL,,,§_,¬O,,¨u¥Î©óµÇ°IºÜ¡A§¿¤Ö¯g¡A Addison¯f¤H. ÂÔ·V¨Ï¥Î¨Ö¦³¤ßÅ¦¯e¯fªÌ,,Use in cardiovascular disease¡Arenal impairment patient.,,,,,¤@¯ë,ª`®g,Äµ»y: ¨u¥Î©óµÇ°IºÜ¡A§¿¤Ö¯g¡A Addison¯f¤H. ÂÔ·V¨Ï¥Î¨Ö¦³¤ßÅ¦¯e¯fªÌ,,,,,§_,1.0,¦³,¬O,¬O,§_,³æ¤è,§_,°±¥Î,°±¥Î,¤£¥i¿i,¬O,,1.00,1.00,3.00,3.00,7,7,1,1,6.00,6.00,0,0,,¦³¹Ï¤ù,,0,,0,,B05XA01,A12BA01,,,,,,,,BOT,,°·«Oµ¹¥I,°·«Oµ¹¥I,POTASSIUM CHLORIDE,B05XA01,AC52551277,§_,Liquid,IVSOL,,,10.00,mEq,500.00,mL,¬Ò¥i,³æ¦¸¿éª`,PH034,202212130855,25.20,33.00
IKCL1,19960101,99999999,¥i¥Î,KCl inj (­­²K¥[¥Î) 15%¡A10mL,KCl inj (­­²K¥[¥Î) 15%¡A10mL,Potassium Chloride,IVA,QD,NUTR,NU-04-04,°w¾¯,AMP,KCl,«D²Õ®M,°±¥Î,,¤@¯ë¥i¥Î,¬O,¥i¥ÎÃÄ¥]¾÷,,¤@¯ë,¦¸­p¶q¶i¦ì,¾AÀ³¯g:¸É¥R¹[Â÷¤l¤£¨¬,,Indication:Treatment or prevention of hypokalemia,,¥~ Æ[:³z©ú¶À¦â¦wÞÀ(amp)¡A¥Õ¦â¥~¶K¯È¡A¤W¤U¬°¬õ¦â®Ø½u,Appearance: 10 mL Ampoule,,,,¬Ò¥i¥Î,´â¤Æ¹[ª`®g²G,KCl inj (­­²K¥[¥Î) 15%¡A10mL,,,§_,¬O,,¥»«~»Ý( ÂÐ®Ö ) ¶·µ}ÄÀ«á¨Ï¥Î,,Should be diluted before injecting.,,,,[Rx_o]­­²K¥[¡A¤£µoÃÄ¡A³B¤è¶°­nÅã¥Ü,¤@¯ë,ª`®g,Äµ»y:¥»«~»Ý( ÂÐ®Ö ),Äµ °ªÄµ°T,,,,¬O,1.0,,¬O,¬O,§_,³æ¤è,§_,°±¥Î,°±¥Î,¤£¥i¿i,¬O,,1.00,1.00,2.00,2.00,999,999,1,1,10.00,10.00,0,0,,¦³¹Ï¤ù,,0,,0,,A12BA01,A12BA51,A11HA04,B05BB01,,,,,,AMP,§_,°·«Oµ¹¥I,°·«Oµ¹¥I,POTASSIUM CHLORIDE 1500MG + RIBOFLAVIN 0-3MG,A12BA51,AC20573229,§_,Liquid,IVSOL,,,20.00,mEq,10.00,mL,¥²¶·µ}ÄÀ,³æ¦¸\«ùÄò¿éª`,PH065,202401281447,15.00,20.00
IKCL1A,20110531,99999999,¥i¥Î,¤lÂå¥O KCl inj 15% 10mL,¤lÂå¥O KCl inj 15% 10mL,Potassium Chloride,IVD,,NUTR,NU-04-04,°w¾¯,AMP,,«D²Õ®M,,,¤@¯ë¥i¥Î,¬O,¤£¥i¥ÎÃÄ¥]¾÷,,¤£¦LÃÄÅÒ,Á`¶q¶i¦ì,¾AÀ³¯g:¸É¥R¹[Â÷¤l¤£¨¬,,,,¥~ Æ[:³z©ú¶À¦â¦wÞÀ(amp)¡A¥Õ¦â¥~¶K¯È¡A¤W¤U¬°¬õ¦â®Ø½u,,,,,¬Ò¥i¥Î,°tÃÄ¥Î´â¤Æ¹[ª`®g²G,¤lÂå¥O KCl inj 15% 10mL,,,§_,¬O,,,,,,,,[Rx_x]¤lÂå¥O¤£µoÃÄ¡A³B¤è¶°¤£Åã¥Ü.20180912 ª`®g¾¯¦¸¤ÀÃþ§ï¨ä¥L¯S®íÃÄª«.,¤@¯ë,ª`®g,Äµ »y:¥»ÃÄ¤@©w­n¸gµ}ÄÀ¹L«á¨Ï¥Î,,,,,¬O,1.0,,§_,¬O,§_,³æ¤è,§_,°±¥Î,¥i¥Î,¤£¥i¿i,¬O,,1.00,1.00,1.00,1.00,999,999,1,1,10.00,10.00,0,0,,µL¹Ï¤ù,,0,,0,,A12BA01,B05BB01,A11HA04,A12BA51,,,,,,AMP,§_,°·«Oµ¹¥I,°·«Oµ¹¥I,POTASSIUM CHLORIDE 1500MG + RIBOFLAVIN 0-3MG,A12BA51,AC20573229,§_,Liquid,IVSOL,,,20.00,mEq,10.00,mL,¥²¶·µ}ÄÀ,³æ¦¸¿éª`,PH034,202110311009,15.00,20.00
IKCL2,20101001,99999999,¥i¥Î,20mEq KCl in 0.9%NaCl 500mL,20mEq KCl in 0.9%NaCl 500mL,Potassium Chloride,IVD,,NUTR,NU-04-04,°w¾¯,BOT,KCL,«D²Õ®M,,,¤@¯ë¥i¥Î,¬O,¥i¥ÎÃÄ¥]¾÷,¥i¥Î,¤@¯ë,Á`¶q¶i¦ì,¾AÀ³¯g:ªvÀø¹[¯Ê¥F¯g,,Indication:Treatment or prevention of hypokalemia,,¥~ Æ[:¾ï¦â¼ÐÅÒ500mLµL¦â·»²G¶ì½¦²~,Appearance:Colorless solution in a 500mL plastic bottle.,°ª¦å¹[¯g¡Bäú¤ß¡B¹Ã¦R¡B¸¡µh¡B¸¡Âm,Hyperkalemia¡A nausea¡A vomiting¡A abdominal pain¡A diarrhea,,¬Ò¥i¥Î,0.298% ´â¤Æ¹[ª`®g²G,20mEq KCl in 0.9%NaCl 500mL,,,§_,¬O,,¨u¥Î©óµÇ°IºÜ¡A§¿¤Ö¯g¡A Addison¯f¤H. ÂÔ·V¨Ï¥Î¨Ö¦³¤ßÅ¦¯e¯fªÌ,,Use in cardiovascular disease¡Arenal impairment patient.,,,,,¤@¯ë,ª`®g,Äµ»y: ¨u¥Î©óµÇ°IºÜ¡A§¿¤Ö¯g¡A Addison¯f¤H. ÂÔ·V¨Ï¥Î¨Ö¦³¤ßÅ¦¯e¯fªÌ,,,,,§_,1.0,¦³,¬O,¬O,§_,³æ¤è,§_,°±¥Î,°±¥Î,¤£¥i¿i,¬O,,1.00,1.00,3.00,3.00,7,7,1,1,6.00,6.00,0,0,,¦³¹Ï¤ù,,0,,0,,B05XA01,A12BA01,,,,,,,,BOT,,°·«Oµ¹¥I,°·«Oµ¹¥I,POTASSIUM CHLORIDE,B05XA01,AC52544277,§_,Liquid,IVSOL,,,20.00,mEq,500.00,mL,¬Ò¥i,³æ¦¸¿éª`,PH034,202212130855,25.20,33.00
IKCL3,20110524,99999999,°±¥Î,10mEq KCl in 5% D/W 500mL,10mEq KCl in 5% D/W 500mL,Potassium Chloride,IVD,,NUTR,NU-04-04,°w¾¯,BAG,KCL,«D²Õ®M,°±¥Î¡A¥i¬dÃþ¦üÃÄ,,¤@¯ë¥i¥Î,§_,¥i¥ÎÃÄ¥]¾÷,¥i¥Î,¤@¯ë,Á`¶q¶i¦ì,¾AÀ³¯g:ªvÀø¹[¯Ê¥F¯g,,Indication:Treatment or prevention of hypokalemia,,¥~ Æ[:500mL¶À¦â·»²G¶ì½¦³n³U,Appearance:Yellow solution in a 500mL plastic bottle.,°ª¦å¹[¯g¡Bäú¤ß¡B¹Ã¦R¡B¸¡µh¡B¸¡Âm,Hyperkalemia¡A nausea¡A vomiting¡A abdominal pain¡A diarrhea,,¬Ò¥i¥Î,10 mEq ´â¤Æ¹[/5%¸²µå¿}ª`®g²G,10mEq KCl in 5% D/W 500mL,,,§_,¬O,,¨u¥Î©óµÇ°IºÜ¡A§¿¤Ö¯g¡A Addison¯f¤H. ÂÔ·V¨Ï¥Î¨Ö¦³¤ßÅ¦¯e¯fªÌ,,Use in cardiovascular disease¡Arenal impairment patient.,,,,,¤@¯ë,ª`®g,Äµ»y: ¨u¥Î©óµÇ°IºÜ¡A§¿¤Ö¯g¡A Addison¯f¤H. ÂÔ·V¨Ï¥Î¨Ö¦³¤ßÅ¦¯e¯fªÌ,,,,,¬O,1.0,,§_,§_,§_,½Æ¤è,§_,°±¥Î,¥i¥Î,¤£¥i¿i,¬O,,1.00,1.00,1.00,1.00,7,7,1,1,6.00,6.00,0,0,,µL¹Ï¤ù,,0,,0,,A12BA51,A12BA01,,,,,,,,BAG,§_,°·«O¤£¥Ó³ø¤£­p»ù,°·«O¤£¥Ó³ø¤£­p»ù,,,,§_,Liquid,IVSOL,,,,,,,¬Ò¥i,³æ¦¸¿éª`,PH032,201409091452,0,0
IKCL4,20110616,99999999,°±¥Î,20mEq KCl in 5% D/W 500mL,20mEq KCl in 5% D/W 500mL,Potassium Chloride,IVD,,NUTR,NU-04-04,°w¾¯,BAG,KCL,«D²Õ®M,°±¥Î¡A¥i¬dÃþ¦üÃÄ,,¤@¯ë¥i¥Î,¬O,¥i¥ÎÃÄ¥]¾÷,¥i¥Î,¤@¯ë,Á`¶q¶i¦ì,¾AÀ³¯g:ªvÀø¹[¯Ê¥F¯g,,Indication:Treatment or prevention of hypokalemia,,¥~ Æ[:500mL¶À¦â·»²G¶ì½¦³n³U,Appearance:Yellow solution in a 500ML plastic bottle.,°ª¦å¹[¯g¡Bäú¤ß¡B¹Ã¦R¡B¸¡µh¡B¸¡Âm,Hyperkalemia¡A nausea¡A vomiting¡A abdominal pain¡A diarrhea,,¬Ò¥i¥Î,20 mEq ´â¤Æ¹[/5%¸²µå¿}ª`®g²G,20mEq KCl in 5% D/W 500mL,,,§_,¬O,,¨u¥Î©óµÇ°IºÜ¡A§¿¤Ö¯g¡A Addison¯f¤H. ÂÔ·V¨Ï¥Î¨Ö¦³¤ßÅ¦¯e¯fªÌ,,Use in cardiovascular disease¡Arenal impairment patient.,,,,,¤@¯ë,ª`®g,Äµ»y: ¨u¥Î©óµÇ°IºÜ¡A§¿¤Ö¯g¡A Addison¯f¤H. ÂÔ·V¨Ï¥Î¨Ö¦³¤ßÅ¦¯e¯fªÌ,,,,,¬O,1.0,,§_,¬O,§_,½Æ¤è,§_,°±¥Î,¥i¥Î,¤£¥i¿i,¬O,,1.00,1.00,2.00,2.00,7,7,1,1,6.00,6.00,0,0,,µL¹Ï¤ù,,0,,0,,A12BA51,A12BA01,,,,,,,,BAG,,°·«O¤£¥Ó³ø¤£­p»ù,°·«O¤£¥Ó³ø¤£­p»ù,,,,§_,Liquid,IVSOL,,,20.00,mEq,500.00,mL,¬Ò¥i,³æ¦¸¿éª`,PH008,202010140941,0,0
IKCL5,20130516,99999999,°±¥Î,10mEq KCl in 5% Glucose 250mL,10mEq KCl in 5% Glucose 250mL,Potassium Chloride,IVD,,NUTR,NU-04-04,°w¾¯,BAG,KCL,«D²Õ®M,°±¥Î,,¤@¯ë¥i¥Î,¬O,¥i¥ÎÃÄ¥]¾÷,¥i¥Î,¤@¯ë,Á`¶q¶i¦ì,¾AÀ³¯g:ªvÀø¹[¯Ê¥F¯g,,Indication:Treatment or prevention of hypokalemia,,¥~ Æ[:250mL¶À¦â·»²G¶ì½¦³n³U,Appearance:Yellow solution in a 250mL plastic bottle.,°ª¦å¹[¯g¡Bäú¤ß¡B¹Ã¦R¡B¸¡µh¡B¸¡Âm,Hyperkalemia¡A nausea¡A vomiting¡A abdominal pain¡A diarrhea,,¬Ò¥i¥Î,10 mEq ´â¤Æ¹[/ 250²@¤É5%¸²µå¿}ª`®g²G,10mEq KCl in D5W 250mL,,,§_,¬O,,¨u¥Î©óµÇ°IºÜ¡A§¿¤Ö¯g¡A Addison¯f¤H. ÂÔ·V¨Ï¥Î¨Ö¦³¤ßÅ¦¯e¯fªÌ,,Use in cardiovascular disease¡Arenal impairment patient.,,,,,¤@¯ë,ª`®g,Äµ»y: ¨u¥Î©óµÇ°IºÜ¡A§¿¤Ö¯g¡A Addison¯f¤H. ÂÔ·V¨Ï¥Î¨Ö¦³¤ßÅ¦¯e¯fªÌ,,,0,0,§_,1.0,¦³,§_,§_,§_,½Æ¤è,§_,°±¥Î,¥i¥Î,¤£¥i¿i,¬O,,1.00,1.00,6.00,6.00,1,99,1,1,12.00,12.00,0,0,,¦³¹Ï¤ù,,0,,0,,,,,,,,,,,BAG,,°·«O¤£¥Ó³ø¤£­p»ù,°·«O¤£¥Ó³ø¤£­p»ù,,,,§_,Liquid,IVSOL,,,,,,,¤£»Ýµ}ÄÀ,¬Ò¥i,PH032,202111101055,0,0
IKCL5A,20131001,99999999,°±¥Î,¥Ó³ø¥Î¥N½X KCl 10mEq in D5W 250mL,¥Ó³ø½X KCl 10mEq in D5W 250mL,KCl + D5W,IVD,,NUTR,NU-04-04,°w¾¯,ML,,«D²Õ®M,°±¥Î,,¤@¯ë¥i¥Î,¬O,¤£¥i¥ÎÃÄ¥]¾÷,¥i¥Î,¤£¦LÃÄÅÒ,Á`¶q¶i¦ì,­p»ù±M¥Î¤lÂå¥O¡A¤£¦LÃÄÅÒ,,­p»ù±M¥Î¤lÂå¥O¡A¤£¦LÃÄÅÒ,,­p»ù±M¥Î¤lÂå¥O¡A¤£¦LÃÄÅÒ,­p»ù±M¥Î¤lÂå¥O¡A¤£¦LÃÄÅÒ,­p»ù±M¥Î¤lÂå¥O¡A¤£¦LÃÄÅÒ,­p»ù±M¥Î¤lÂå¥O¡A¤£¦LÃÄÅÒ,,¬Ò¥i¥Î,10 mEq ´â¤Æ¹[/ 250²@¤É5%¸²µå¿}ª`®g²G,¥Ó³ø½X KCl 10mEq in D5W 250mL,,,§_,¬O,,¨u¥Î©óµÇ°IºÜ¡A§¿¤Ö¯g¡A Addison¯f¤H. ÂÔ·V¨Ï¥Î¨Ö¦³¤ßÅ¦¯e¯fªÌ,,Use in cardiovascular disease¡Arenal impairment patient.,,,,¦¹¥N½X¨Ñ¯f¤H·~°È³B°·«O¥Ó³ø/¦Û¶O­p»ù±M¥Î¡A¬°IKCL5¤lÂå¥O¡C,¤@¯ë,ª`®g,Äµ»y: ¨u¥Î©óµÇ°IºÜ¡A§¿¤Ö¯g¡A Addison¯f¤H. ÂÔ·V¨Ï¥Î¨Ö¦³¤ßÅ¦¯e¯fªÌ,,,0,0,§_,1.0,,§_,§_,§_,½Æ¤è,§_,°±¥Î,¥i¥Î,¤£¥i¿i,¬O,,1.00,1.00,9999.00,9999.00,1,99,1,1,3200.00,3200.00,0,0,,¦³¹Ï¤ù,,0,,0,,,,,,,,,,,ML,,°·«Oµ¹¥I,°·«Oµ¹¥I,,,TPN0511299,§_,Liquid,IVSOL,,,,,,,¬Ò¥i,³æ¦¸¿éª`,PH036,201706070823,0.08,2.00
IKCL5S,20170315,99999999,¥i¥Î,20mEq KCl in¡iD5W 500mL¡j,20mEq KCl in¡iD5W 500mL¡j,Potassium Chloride,IVD,,NUTR,NU-04-04,°w¾¯,BOT,KCL,«D²Õ®M,,,¤@¯ë¥i¥Î,¬O,¥i¥ÎÃÄ¥]¾÷,¥i¥Î,¤@¯ë,Á`¶q¶i¦ì,¾AÀ³¯g:ªvÀø¹[¯Ê¥F¯g,,Indication:Treatment or prevention of hypokalemia,,¥~ Æ[:¶À/ºñ¼ÐÅÒ500²@¤ÉµL¦â·»²G¶ì½¦²~,Appearance:Colorless solution in a 500mL plastic bottle.,°ª¦å¹[¯g¡Bäú¤ß¡B¹Ã¦R¡B¸¡µh¡B¸¡Âm,Hyperkalemia¡A nausea¡A vomiting¡A abdominal pain¡A diarrhea,,¬Ò¥i¥Î,0.298%´â¤Æ¹[/5%¸²µå¿}ª`®g²G,20mEq KCl in¡iD5W 500mL¡j,,,,¬O,,¨u¥Î©óµÇ°IºÜ¡A§¿¤Ö¯g¡A Addison¯f¤H. ÂÔ·V¨Ï¥Î¨Ö¦³¤ßÅ¦¯e¯fªÌ,,Use caution in cardiovascular disease¡Arenal impairment patient.,,,,,¤@¯ë,ª`®g,Äµ»y: ¨u¥Î©óµÇ°IºÜ¡A§¿¤Ö¯g¡A Addison¯f¤H. ÂÔ·V¨Ï¥Î¨Ö¦³¤ßÅ¦¯e¯fªÌ,,,0,0,§_,1.0,¦³,§_,¬O,§_,³æ¤è,§_,°±¥Î,°±¥Î,¤£¥i¿i,¬O,,1.00,1.00,3.00,3.00,7,7,1,1,6.00,6.00,0,0,,¦³¹Ï¤ù,,0,,0,,B05XA01,,,,,0,,0,,BOT,,°·«Oµ¹¥I,°·«Oµ¹¥I,DEXTROSE <= 100MG/ML + ELECTROLYTES,B05XA01,AC57748277,§_,Liquid,IVSOL,,,20.00,mEq,500.00,mL,¬Ò¥i,³æ¦¸¿éª`,PH036,202012231401,29.40,38.00
IKCL6,20130516,99999999,°±¥Î,§NÂÃ20mEq KCl in¡iD5W 250mL¡j,§NÂÃ20mEq KCl in¡iD5W 250mL¡j,Potassium Chloride,IVD,,NUTR,NU-04-04,°w¾¯,BAG,KCL,«D²Õ®M,°±¥Î¡A¥i¬dÃþ¦üÃÄ,,¤@¯ë¥i¥Î,¬O,¥i¥ÎÃÄ¥]¾÷,¥i¥Î,¤@¯ë,Á`¶q¶i¦ì,¾AÀ³¯g:ªvÀø¹[¯Ê¥F¯g,,Indication:Treatment or prevention of hypokalemia,,¥~ Æ[:250mL¶À¦â·»²G¶ì½¦³n³U,Appearance:Yellow solution in a 250mL plastic bottle.,°ª¦å¹[¯g¡Bäú¤ß¡B¹Ã¦R¡B¸¡µh¡B¸¡Âm,Hyperkalemia¡A nausea¡A vomiting¡A abdominal pain¡A diarrhea,,¬Ò¥i¥Î,20 mEq ´â¤Æ¹[/ 250²@¤É5%¸²µå¿}ª`®g²G,20mEq KCl in D5W 250mL,,,§_,¬O,,¨u¥Î©óµÇ°IºÜ¡A§¿¤Ö¯g¡A Addison¯f¤H. ÂÔ·V¨Ï¥Î¨Ö¦³¤ßÅ¦¯e¯fªÌ,,Use in cardiovascular disease¡Arenal impairment patient.,,,,2020.06 ÃÄ©e·|¦P·N§R°£¡A«ØÄ³§ï¥Î¨ä¥LÃþ¦ü«~¶µ¡C¯S®í®×¨Ò½ÐÁpµ¸TPNÃÄ®v,¤@¯ë,ª`®g,Äµ»y: ¨u¥Î©óµÇ°IºÜ¡A§¿¤Ö¯g¡A Addison¯f¤H. ÂÔ·V¨Ï¥Î¨Ö¦³¤ßÅ¦¯e¯fªÌ,,,0,0,§_,1.0,¦³,§_,¬O,§_,½Æ¤è,§_,°±¥Î,°±¥Î,¤£¥i¿i,¬O,,1.00,1.00,6.00,6.00,1,99,1,1,12.00,12.00,0,0,,¦³¹Ï¤ù,,0,,0,,,,,,,,,,,BAG,§_,°·«O¤£¥Ó³ø¤£­p»ù,°·«O¤£¥Ó³ø¤£­p»ù,,,,§_,Liquid,IVSOL,,,20.00,mEq,250.00,mL,¬Ò¥i,³æ¦¸¿éª`,PH006,202401281057,0,0
IKCL6A,20131001,99999999,°±¥Î,¥Ó³ø¥Î¥N½X KCl 20mEq in D5W 250mL,¥Ó³ø½X KCl 20mEq in D5W 250mL,KCl + D5W,IVD,,NUTR,NU-04-04,°w¾¯,ML,,«D²Õ®M,°±¥Î,,¤@¯ë¥i¥Î,¬O,¤£¥i¥ÎÃÄ¥]¾÷,¥i¥Î,¤£¦LÃÄÅÒ,Á`¶q¶i¦ì,­p»ù±M¥Î¤lÂå¥O¡A¤£¦LÃÄÅÒ,,­p»ù±M¥Î¤lÂå¥O¡A¤£¦LÃÄÅÒ,,­p»ù±M¥Î¤lÂå¥O¡A¤£¦LÃÄÅÒ,­p»ù±M¥Î¤lÂå¥O¡A¤£¦LÃÄÅÒ,­p»ù±M¥Î¤lÂå¥O¡A¤£¦LÃÄÅÒ,­p»ù±M¥Î¤lÂå¥O¡A¤£¦LÃÄÅÒ,,¬Ò¥i¥Î,20 mEq ´â¤Æ¹[/ 250²@¤É5%¸²µå¿}ª`®g²G,¥Ó³ø½X KCl 20mEq in D5W 250mL,,,§_,¬O,,¨u¥Î©óµÇ°IºÜ¡A§¿¤Ö¯g¡A Addison¯f¤H. ÂÔ·V¨Ï¥Î¨Ö¦³¤ßÅ¦¯e¯fªÌ,,Use in cardiovascular disease¡Arenal impairment patient.,,,,¨Ñ¯f¤H·~°È³B°·«O¥Ó³ø/¦Û¶O­p»ù±M¥Î¡A¬°IKCL6¤lÂå¥O.,¤@¯ë,ª`®g,Äµ»y: ¨u¥Î©óµÇ°IºÜ¡A§¿¤Ö¯g¡A Addison¯f¤H. ÂÔ·V¨Ï¥Î¨Ö¦³¤ßÅ¦¯e¯fªÌ,,,0,0,§_,1.0,,§_,¬O,§_,½Æ¤è,§_,°±¥Î,°±¥Î,¤£¥i¿i,¬O,,1.00,1.00,9999.00,9999.00,1,99,1,1,3200.00,3200.00,0,0,,¦³¹Ï¤ù,,0,,0,,,,,,,,,,,ML,,°·«Oµ¹¥I,°·«Oµ¹¥I,,,TPN0512299,§_,Liquid,IVSOL,,,,,,,¬Ò¥i,³æ¦¸¿éª`,PH034,202110311018,0.09,2.00
IKCL7,20130516,99999999,°±¥Î,20mEq KCl in D5NS 500mL,20mEq KCl in D5NS 500mL,Potassium Chloride,IVD,,NUTR,NU-04-04,°w¾¯,BAG,KCL,«D²Õ®M,°±¥Î,,¤@¯ë¥i¥Î,¬O,¥i¥ÎÃÄ¥]¾÷,¥i¥Î,¤@¯ë,Á`¶q¶i¦ì,¾AÀ³¯g:ªvÀø¹[¯Ê¥F¯g,,Indication:Treatment or prevention of hypokalemia,,¥~ Æ[:500mL¶À¦â·»²G¶ì½¦³n³U,Appearance:Yellow solution in a 500mL plastic bottle.,°ª¦å¹[¯g¡Bäú¤ß¡B¹Ã¦R¡B¸¡µh¡B¸¡Âm,Hyperkalemia¡A nausea¡A vomiting¡A abdominal pain¡A diarrhea,,¬Ò¥i¥Î,20 mEq ´â¤Æ¹[/ 500²@¤É5%¸²µå¿}0.9%­¹ÆQ¤ô,20mEq KCl in D5NS 500mL,,,§_,¬O,,¨u¥Î©óµÇ°IºÜ¡A§¿¤Ö¯g¡A Addison¯f¤H. ÂÔ·V¨Ï¥Î¨Ö¦³¤ßÅ¦¯e¯fªÌ,,Use in cardiovascular disease¡Arenal impairment patient.,,,,,¤@¯ë,ª`®g,Äµ»y: ¨u¥Î©óµÇ°IºÜ¡A§¿¤Ö¯g¡A Addison¯f¤H. ÂÔ·V¨Ï¥Î¨Ö¦³¤ßÅ¦¯e¯fªÌ,,,0,0,¬O,1.0,¦³,§_,§_,§_,½Æ¤è,§_,°±¥Î,¥i¥Î,¤£¥i¿i,¬O,,1.00,1.00,6.00,6.00,1,99,1,1,6.00,6.00,0,0,,¦³¹Ï¤ù,,0,,0,,,,,,,,,,,BAG,§_,°·«O¤£¥Ó³ø¤£­p»ù,°·«O¤£¥Ó³ø¤£­p»ù,,,,§_,Liquid,IVSOL,,,,,,,¬Ò¥i,³æ¦¸¿éª`,PH036,201706070822,0,0
IKCL7A,20131001,99999999,°±¥Î,¥Ó³ø¥Î¥N½X KCl 20mEq in D5NS 500mL,¥Ó³ø½X KCl 20mEq in D5NS 500mL,KCl + D5S,IVD,,NUTR,NU-04-04,°w¾¯,ML,,«D²Õ®M,°±¥Î,,¤@¯ë¥i¥Î,¬O,¤£¥i¥ÎÃÄ¥]¾÷,¥i¥Î,¤£¦LÃÄÅÒ,Á`¶q¶i¦ì,­p»ù±M¥Î¤lÂå¥O¡A¤£¦LÃÄÅÒ,,­p»ù±M¥Î¤lÂå¥O¡A¤£¦LÃÄÅÒ,,­p»ù±M¥Î¤lÂå¥O¡A¤£¦LÃÄÅÒ,­p»ù±M¥Î¤lÂå¥O¡A¤£¦LÃÄÅÒ,­p»ù±M¥Î¤lÂå¥O¡A¤£¦LÃÄÅÒ,­p»ù±M¥Î¤lÂå¥O¡A¤£¦LÃÄÅÒ,,¬Ò¥i¥Î,20 mEq ´â¤Æ¹[/ 500²@¤É5%¸²µå¿}0.9%­¹ÆQ¤ô,¥Ó³ø½X KCl 20mEq in D5/NS 500mL,,,§_,¬O,,¨u¥Î©óµÇ°IºÜ¡A§¿¤Ö¯g¡A Addison¯f¤H. ÂÔ·V¨Ï¥Î¨Ö¦³¤ßÅ¦¯e¯fªÌ,,Use in cardiovascular disease¡Arenal impairment patient.,,,,¦¹¥N½X¨Ñ¯f¤H·~°È³B°·«O¥Ó³ø/¦Û¶O­p»ù±M¥Î¡A¬°IKCL7¤lÂå¥O¡C,¤@¯ë,ª`®g,Äµ»y: ¨u¥Î©óµÇ°IºÜ¡A§¿¤Ö¯g¡A Addison¯f¤H. ÂÔ·V¨Ï¥Î¨Ö¦³¤ßÅ¦¯e¯fªÌ,,,0,0,§_,1.0,,§_,§_,§_,½Æ¤è,§_,°±¥Î,¥i¥Î,¤£¥i¿i,¬O,,1.00,1.00,9999.00,9999.00,1,7,1,1,3200.00,3200.00,0,0,,¦³¹Ï¤ù,,0,,0,,,,,,,,,,,ML,,°·«Oµ¹¥I,°·«Oµ¹¥I,,,TPN0513299,§_,Liquid,IVSOL,,,,,,,¬Ò¥i,³æ¦¸¿éª`,PH036,201706070823,0.05,2.00
IKCL7S,20170315,99999999,¥i¥Î,20mEq KCl in¡iD5NS 500mL¡j,20mEq KCl in¡iD5NS 500mL¡j,Potassium Chloride,IVD,,NUTR,NU-04-04,°w¾¯,BOT,KCL,«D²Õ®M,,,¤@¯ë¥i¥Î,¬O,¥i¥ÎÃÄ¥]¾÷,¥i¥Î,¤@¯ë,Á`¶q¶i¦ì,¾AÀ³¯g:ªvÀø¹[¯Ê¥F¯g,,Indication:Treatment or prevention of hypokalemia,,¥~ Æ[:ÂÅ/¯»¬õ¼ÐÅÒ500²@¤ÉµL¦â·»²G¶ì½¦²~,Appearance:Colorless solution in a 500mL plastic bottle.,°ª¦å¹[¯g¡Bäú¤ß¡B¹Ã¦R¡B¸¡µh¡B¸¡Âm,Hyperkalemia¡A nausea¡A vomiting¡A abdominal pain¡A diarrhea,,¬Ò¥i¥Î,0.298%´â¤Æ¹[/5%¸²µå¿}¤Î0.9%´â¤Æ¶uª`®g²G,20mEq KCl in¡iD5NS 500mL¡j,,,,¬O,,¨u¥Î©óµÇ°IºÜ¡A§¿¤Ö¯g¡A Addison¯f¤H. ÂÔ·V¨Ï¥Î¨Ö¦³¤ßÅ¦¯e¯fªÌ,,Use caution in cardiovascular disease¡Arenal impairment patient.,,,,,¤@¯ë,ª`®g,Äµ»y: ¨u¥Î©óµÇ°IºÜ¡A§¿¤Ö¯g¡A Addison¯f¤H. ÂÔ·V¨Ï¥Î¨Ö¦³¤ßÅ¦¯e¯fªÌ,,,0,0,¬O,1.0,¦³,§_,¬O,§_,³æ¤è,§_,°±¥Î,°±¥Î,¤£¥i¿i,¬O,,1.00,1.00,3.00,3.00,7,7,1,1,6.00,6.00,0,0,,¦³¹Ï¤ù,,0,,0,,B05XA01,,,,,0,,0,,BOT,,°·«Oµ¹¥I,°·«Oµ¹¥I,DEXTROSE <= 100MG/ML + ELECTROLYTES,B05XA01,AC57417277,§_,Liquid,IVSOL,,,20.00,mEq,500.00,mL,¬Ò¥i,³æ¦¸¿éª`,PH036,202012231401,29.40,38.00
IKCL8,20150403,99999999,°±¥Î,20mEq KCl in N/S 100mL,20mEq KCl in N/S 100mL,Potassium Chloride,CVC,ST,NUTR,NU-04-04,°w¾¯,BAG,KCL,«D²Õ®M,°±¥Î,IKCL8S,¤@¯ë¥i¥Î,¬O,¥i¥ÎÃÄ¥]¾÷,,¤@¯ë,Á`¶q¶i¦ì,¾AÀ³¯g:ªvÀø¹[¯Ê¥F¯g,,Indication:Treatment or prevention of hypokalemia,,¥~ Æ[:100mL¶À¦â·»²G¶ì½¦³n³U,Appearance:Yellow solution in a 100mL,°ª¦å¹[¯g¡Bäú¤ß¡B¹Ã¦R¡B¸¡µh¡B¸¡Âm,Hyperkalemia¡A nausea¡A vomiting¡A abdominal pain¡A diarrhea,,¬Ò¥i¥Î,20 mEq ´â¤Æ¹[/ 100²@¤É 0.9%­¹ÆQ¤ô,20mEq KCl in N/S 100mL,,,,,,°ªº¯³zÀ£·»²G¡A À³¥Ñ¤¤¥¡ÀR¯ß¿éª`,,Solutions with an osmolarity > 800 mOsm/L should be infused via a central vein.,,,,,¤@¯ë,ª`®g,°ªº¯³zÀ£·»²G¡A À³¥Ñ¤¤¥¡ÀR¯ß¿éª`,,,0,0,¬O,1.0,,§_,§_,§_,³æ¤è,§_,°±¥Î,¥i¥Î,¤£¥i¿i,¬O,,1.00,1.00,6.00,6.00,1,99,1,1,6.00,6.00,0,0,,¦³¹Ï¤ù,,0,,0,,A12BA01,A11HA04,,,,0,,0,,BAG,,°·«O¤£¥Ó³ø¤£­p»ù,°·«O¤£¥Ó³ø¤£­p»ù,,,,§_,Liquid,IVSOL,,,,,,,¬Ò¥i,³æ¦¸¿éª`,PH036,201706070822,0,0
IKCL8S,20170315,99999999,¥i¥Î,1.49% KCl (20mEq) in 0.9%NaCl 100mL,1.49% KCl (20mEq) in 0.9%NaCl 100mL,Potassium Chloride,CVC,STAT,NUTR,NU-04-04,°w¾¯,BOT,KCL,«D²Õ®M,,,¤@¯ë¥i¥Î,¬O,¥i¥ÎÃÄ¥]¾÷,,¤@¯ë,Á`¶q¶i¦ì,¾AÀ³¯g:ªvÀø¹[¯Ê¥F¯g,,Indication:Treatment or prevention of hypokalemia,,¥~ Æ[:100²@¤ÉµL¦â·»²G,Appearance:Colorless solution in a 100mL bottle,°ª¦å¹[¯g¡Bäú¤ß¡B¹Ã¦R¡B¸¡µh¡B¸¡Âm,Hyperkalemia¡A nausea¡A vomiting¡A abdominal pain¡A diarrhea,,¬Ò¥i¥Î,1.49%´â¤Æ¹[/0.9%´â¤Æ¶uª`®g²G,1.49% KCl (20mEq) in 0.9%NaC,,,,¬O,,°ªº¯³zÀ£·»²G¡A À³¥Ñ¤¤¥¡ÀR¯ß¿éª`,,Solutions with an osmolarity > 800 mOsm/L should be infused via a central vein.,,20mEq KCl in 0.9%NaCl 500mL,,,¤@¯ë,ª`®g,°ªº¯³zÀ£·»²G¡A À³¥Ñ¤¤¥¡ÀR¯ß¿éª`,,,0,0,§_,1.0,,¬O,¬O,§_,³æ¤è,§_,°±¥Î,¥i¥Î,¤£¥i¿i,¬O,,1.00,1.00,6.00,6.00,1,3,1,1,6.00,6.00,0,0,,¦³¹Ï¤ù,,0,,0,,B05XA01,,,,,0,,0,,BOT,,°·«Oµ¹¥I,°·«Oµ¹¥I,POTASSIUM CHLORIDE,B05XA01,AC58767255,,Liquid,IVSOL,,,20.00,mEq,100.00,mL,¬Ò¥i,³æ¦¸¿éª`,PH034,202212130856,24.40,32.00
IKEP,20130224,99999999,¥i¥Î,Keppra inj 500mg/5mL,Keppra inj 500mg/5mL,Levetiracetam,IVD,,CNEU,CN-03-01,°w¾¯,Vial,Keppra,«D²Õ®M,Á{±ÄÃÄ¡A½Ð³qª¾ÃÄ§½¥~ÁÊ,,¥»°|Á{±Ä²M³æ,¬O,¥i¥ÎÃÄ¥]¾÷,¥i¥Î,¤@¯ë,¦¸­p¶q¶i¦ì,¾AÀ³¯g: ¼È®É¤£©y©ÎµLªk¤fªA§ÜÅöíwÃÄª«ªvÀø¤§Åöíw¯e±w,,Indications: Myoclonic seizure; partial seizure;,tonic-clonic seizure¡A primary generalized.,¥~ Æ[: 5mL ¤p²~,Appearance: 5mL Vial,¯h­ÂµL¤O¡A °·§Ñ¡A ¹B°Ê¥¢½Õ¡A §x´b¡A ·w¯t¡A Å¸§Ý,Asthenia/fatigue¡A amnesia¡A ataxia¡A convulsion¡A dizziness¡A tremor,,¬Ò¥i¥Î,Àu¶¢¿@ÁY¿éª`²G,Keppra inj 500mg/5mL,,,¬O,¬O,,«ØÄ³¾¯¶q¥²»Ýµ}ÄÀ¨ì¦Ü¤Ö100 mLªº¬Û®eµ}ÄÀ²G¤¤¡A,¥H15¤ÀÄÁªºÀR¯ß¿éª`®É¶¡µ¹ÃÄ¡C,Dilute the requisite amount in 100 mL of a compatible diluent¡A and administer as,a 15-minute IV infusion,­Y¥X²{¬õ¯l¡Bµo¿N¡B²O¤Úµ²¸~µÈ¡Bµê®zÀ³°±ÃÄ¨Ã¥ß§Y´M¨DÂåÀø¨ó§U¡C,Discontinue for rash¡A fever¡A or swollen lymph nodes; seek medical help.,­Ó®×Á{±ÄÃÄ«~¡A2020.07.17¦]À³Depakine 400mg inj¯Ê³f¼È¥N,¤@¯ë,ª`®g,«ØÄ³¾¯¶q¥²»Ýµ}ÄÀ¨ì¦Ü¤Ö100 mLªº¬Û®eµ}ÄÀ²G¤¤¡A¥H15¤ÀÄÁªºÀR¯ß¿éª`®É¶¡µ¹ÃÄ¡C,,ª`®g¾¯,0,0,§_,1.0,,§_,¬O,§_,³æ¤è,§_,°±¥Î,°±¥Î,¤£¥i¿i,¬O,,1.00,1.00,6.00,6.00,1,99,1,4,6.00,6.00,0,0,,¦³¹Ï¤ù,,0,,0,,N03AX14,,,,,,,,,VIAL,§_,°·«Oµ¹¥I,°·«Oµ¹¥I,LEVETIRACETAM,N03AX14,BC25316221,§_,Liquid,IVSOL,,,500.00,mg,5.00,mL,¥²¶·µ}ÄÀ,³æ¦¸¿éª`,PH047,202401231144,312.00,374.00
IKET,19960101,99999999,°±¥Î,Ketalar inj 500mg/10mL,Ketalar inj 500mg/10mL,Ketamine,IV,,ZANE,CN-04-01,°w¾¯,ML,Ketalar,«D²Õ®M,°±¥Î,IKET1,¤w°±¥Î,¬O,¤£¥i¥ÎÃÄ¥]¾÷,,¤@¯ë,¤£¶i¦ì,¾AÀ³¯g:¬°¥þ¨­³Â¾K¾¯,,,,,,,,,¥u¥Î©óªù¶E¤Î¦í°|STAT,,Ketalar inj 500mg/10mL,,,§_,¬O,,,,,,,,,¤@¯ë,¤T¯ÅºÞ¨î,,Äµ °ªÄµ°T,,,,¬O,10.0,,§_,§_,§_,³æ¤è,§_,°±¥Î,¥i¥Î,¤£¥i¿i,§_,,1.00,1.00,1.00,1.00,1,999,1,1,0,0,0,0,,µL¹Ï¤ù,,0,,0,,,,,,,,,,,ML,§_,¥Ó³ø¤£­p»ù,¥Ó³ø¤£­p»ù,,,,§_,Liquid,IVSOL,,,,,,,¬Ò¥i,³æ¦¸¿éª`,PH008,201505131627,0,23.00
IKET1,20020102,99999999,¥i¥Î,Ketalar inj 50mg/mL¡A 10mL,Ketalar inj 50mg/mL¡A 10mL,Ketamine,IV,,ZANE,CN-04-01,°w¾¯,ML,Ketalar,«D²Õ®M,,,¤@¯ë¥i¥Î,¬O,¤£¥i¥ÎÃÄ¥]¾÷,¥i¥Î,¦C¦Lªù¶EÃÄÅÒ,¤£¶i¦ì,¾AÀ³¯g:¥þ¨­³Â¾K¾¯,,,,¥~ Æ[:10mL ¤p²~,,,,,¥u¥Î©óªù¶E¤Î¦í°|STAT,§J¤Ó©Ôª`®g¾¯,Ketalar inj 50mg/mL¡A 10mL,,,§_,¬O,,¥»«~»Ý( ÂÐ®Ö ),,Should consider age¡A weight and disease state to modify dosage.,,,,,¤@¯ë,¤T¯ÅºÞ¨î,Äµ»y:¥»«~»Ý( ÂÐ®Ö ),Äµ °ªÄµ°T,,,,¬O,1.0,,§_,¬O,§_,³æ¤è,§_,°±¥Î,°±¥Î,¤£¥i¿i,§_,,1.00,1.00,10.00,10.00,1,1,1,1,10.00,10.00,0.14,0.14,,¦³¹Ï¤ù,,50.00,mg,0,0.5-2 mg/kg (³æ¦¸),N01AX03,,,,,,,,,ML,,¥Ó³ø¤£­p»ù,¥Ó³ø¤£­p»ù,,,,§_,Liquid,IVSOL,,,50.00,mg,1.00,mL,¥²¶·µ}ÄÀ,³æ¦¸¿éª`,PH006,202403051443,0,23.00
IKET2,20230512,99999999,°±¥Î,Ketamine-hameln inj 500mg/10mL(±M®×¶i¤f),Ketamine-hameln inj 500mg/10mL(±M®×¶i¤f),Ketamine,IVD,,ZANE,CN-04-01,°w¾¯,ML,Ketalar,«D²Õ®M,°±¥Î,,±M®×¶i¤fÃÄ«~,¬O,¤£¥i¥ÎÃÄ¥]¾÷,¥i¥Î,¤£¦LÃÄÅÒ,¤£¶i¦ì,¾AÀ³¯g:¥þ¨­³Â¾K¾¯,,Indication:General anesthetics,,¥~ Æ[:10mL³z©ú¤p²~,Appearance:10mL transparent vial,¦åÀ£¤Wª@¡A¤ß¸õ¹L§Ö¡A©I§l¨ë¿E¡C,Increased blood pressure¡A heart rate¡A or respiratory rate.,,¥u¥Î©óªù¶E¤Î¦í°|STAT,Ketamine-hameln inj 500mg (±M®×¶i¤f),Ketamine-hameln inj 500mg ±M®×,,,,¬O,,¥»«~»Ý( ÂÐ®Ö ),,Independent double checks are required before use.,,À³¦Ò¼{¦~ÄÖ¡BÅé­«¤Î¯e¯fª¬ºA¥H½Õ¾ã¾¯¶q¡C,Should consider age¡A weight¡A and disease state to modify dosage.,202305 [IKET]¯Ê³f´À¥N,¤@¯ë,¤T¯ÅºÞ¨î,Äµ»y:¥»«~»Ý( ÂÐ®Ö ),Äµ °ªÄµ°T,,0,0,¬O,10.0,,¬O,¬O,§_,³æ¤è,,°±¥Î,,¤£¥i¿i,§_,,1.00,1.00,10.00,10.00,1,1,1,1,10.00,10.00,0.14,0.14,,¦³¹Ï¤ù,,50.00,mg,0,0.5-2 mg/kg (³æ¦¸),N01AX03,,,,,0,,0,,ML,,¥Ó³ø¤£­p»ù,¥Ó³ø¤£­p»ù,,,,§_,Liquid,IVSOL,,,500.00,mg,10.00,mL,¥²¶·µ}ÄÀ,³æ¦¸¿éª`,PH006,202401281058,0,49.00
IKET2BAD,20230512,99999999,°±¥Î,Ketamine-hameln ´Ý¾l¾PÀì(±M®×) inj 500mg/10mL,Ketamine-hameln ´Ý¾l¾PÀì(±M®×) inj 500mg/10mL,Ketamine,IV,,ZANE,CN-04-01,°w¾¯,ML,Ketalar ´Ý¾l¾PÀì,«D²Õ®M,°±¥Î,,¤@¯ë¥i¥Î,¬O,¤£¥i¥ÎÃÄ¥]¾÷,¥i¥Î,¤£¦LÃÄÅÒ,¤£¶i¦ì,¥þ¨­³Â¾K¾¯¥á±ó½X,,¥þ¨­³Â¾K¾¯¥á±ó½X,,,,,,,¥u¥Î©óªù¶E¤Î¦í°|STAT,Ketamine-hameln 500mg/10mL ´Ý¾P(±M®×),Ketamine-hameln 500mg/10mL ´Ý,,,,¬O,,,,,,,,[Rx_x]ºÞÃÄ¥á±ó½X¡A³B¤è¶°¤£Åã¥Ü 202305 [IKET]¯Ê³f´À¥N,¤@¯ë,¤T¯ÅºÞ¨î,³Â¾KÃÄ«~ªº¥á±ó½X,Äµ °ªÄµ°T,,0,0,§_,10.0,,§_,¬O,§_,³æ¤è,§_,°±¥Î,°±¥Î,¤£¥i¿i,§_,,1.00,1.00,10.00,10.00,1,1,1,1,10.00,10.00,0,0,,µL¹Ï¤ù,,0,,0,,N01AX03,,,,,0,,0,,ML,,°·«O¤£¥Ó³ø¤£­p»ù,°·«O¤£¥Ó³ø¤£­p»ù,,,,§_,Liquid,IVSOL,,,500.00,mg,10.00,mL,¬Ò¥i,³æ¦¸¿éª`,PH006,202401281058,0,49.00
IKETBAD,20020102,99999999,¥i¥Î,Ketalar 50mg/mL ´Ý¾l¾PÀì,Ketalar 50mg/mL ´Ý¾l¾PÀì,Ketamine,IV,,ZANE,CN-04-01,°w¾¯,ML,Ketalar,«D²Õ®M,,,¤@¯ë¥i¥Î,¬O,¤£¥i¥ÎÃÄ¥]¾÷,¥i¥Î,¤£¦LÃÄÅÒ,¤£¶i¦ì,¥þ¨­³Â¾K¾¯¥á±ó½X,,,,,,,,,¥u¥Î©óªù¶E¤Î¦í°|STAT,,Ketalar 50mg/mL ´Ý¾l¾PÀì,,,§_,¬O,,,,,,,,[Rx_x]ºÞÃÄ¥á±ó½X¡A³B¤è¶°¤£Åã¥Ü,¤@¯ë,¤T¯ÅºÞ¨î,³Â¾KÃÄ«~ªº¥á±ó½X,,,,,¬O,10.0,,§_,¬O,§_,³æ¤è,§_,¥i¥Î,¥i¥Î,¤£¥i¿i,§_,,1.00,1.00,10.00,10.00,1,1,1,1,10.00,10.00,0,0,,µL¹Ï¤ù,,0,,0,,,,,,,,,,,ML,,¥Ó³ø¤£­p»ù,¥Ó³ø¤£­p»ù,,,A029592229,§_,Liquid,IVSOL,,,50.00,mg,1.00,mL,¬Ò¥i,³æ¦¸¿éª`,PH022,202401051601,0,23.00
IKETO,19960101,99999999,¥i¥Î,Keto°w¾¯ 30mg/1mL,Keto inj 30mg/1mL,Ketorolac,IM,,CNEU,CN-01-02,°w¾¯,AMP,Keto,«D²Õ®M,¼t°Ó¯Ê³f¡A¥i¬dÃþ¦üÃÄ,ILATO,¤@¯ë¥i¥Î,¬O,¥i¥ÎÃÄ¥]¾÷,,¤@¯ë,¦¸­p¶q¶i¦ì,¾AÀ³¯g:¨ã®øª¢¡A Âíµh¡A ¸Ñ¼ö§@¥Î,,Indication:Relief of pain¡A inflammation & fever.,,¥~ Æ[:1mL ¦wÞÀ,,Áy¡A ¤â«ü¡A ¤UªÏ¡A ¸}½ï¯B¸~¡A Åé­«²§±`¼W¥[,Swelling of face¡A fingers¡A lower legs¡A ankles¡A and/or feet; unusual weight gain,,¥u¥Î©óªù¶E¤Î¦í°|STAT,§J¦hª¢,Keto inj 30mg/1mL,,,§_,¬O,,¦p¥ÎÃÄ«á¥X²{³ïµh¡B¤fµÄÂH½¤¼ìÄê¡B¥Ö¯lµ¥¯gª¬¡A¥ß§Y°±ÃÄ¦^¶E,,If signs of sore throat¡A mouth ulcers or skin rash occur¡A please consult doctor,,,,,¤@¯ë,ª`®g,Äµ »y: ­Yµo¥ÍÄY­«¹L±Ó©Îµo¯lµ¥¤£¾A¯gª¬¡AÀ³§Y°±ÃÄ¨Ã½Ð±ÐÂå®v,,ª`®g¾¯,,,¬O,1.0,,§_,¬O,§_,³æ¤è,§_,°±¥Î,¥i¥Î,¤£¥i¿i,¬O,,1.00,1.00,1.00,1.00,5,5,1,1,4.00,4.00,0.10,0.04,,¦³¹Ï¤ù,,0,,0,,M01AB15,,,,,,,,,AMP,§_,°·«Oµ¹¥I,°·«Oµ¹¥I,KETOROLAC,M01AB15,AC42412209,§_,Liquid,SOL,,,30.00,mg,1.00,mL,¬Ò¥i,³æ¦¸¿éª`,PH076,202401291405,16.40,21.00
IKEY,20170711,99999999,°±¥Î,Keytruda inj 50mg/vial,Keytruda inj 50mg/vial,Pembrolizumab,IVD,Q3W,RACA,ON-09-05,°w¾¯,mg,Keytruda,«D²Õ®M,°±¥Î,,­Ó®×Á{±Ä,¬O,¥i¥ÎÃÄ¥]¾÷,°·«O¤£µ¹¥I,¤@¯ë,Á`¶q¶i¦ì,¾AÀ³¯g:¶Â¦â¯À½F©Î«D¤p²Ó­MªÍÀù,,Indication: Melanoma¡A Non-small cell lung cancer,,¥~ Æ[: ­á´¹°®¯»¤p²~,Appearance: Lyophilised powder in a Vial,¯h³Ò¡A°ª¦å¿}¡Aäú¤ß¡Aæ±Äo¡A¥Ö¯l¡A­¹¼¤­°§C¡A«K¯µ,Fatigue¡A hyperglycemia¡A nausea¡A pruritus¡A rash¡A decreased appetite¡A constipation,,¥u¥Î©óªù¶E¤Î¦í°|STAT,¦NµÎ¹F­á´¹ª`®g¾¯50²@§J,Keytruda,,,,¬O,,«ØÄ³ºÊ´ú¦å¿}­È¤Îª`·N¬O§_¥X²{°ª¦å¿}¼x¥ü©Î¯gª¬,,Monitor closely for hyperglycemia and other signs/symptoms of diabetes.,,³Æµù:¶J©ñ®É»Ý¸m©ó¦B½c§NÂÃ(Äá¤ó 2-8 «×),Store in a refrigerator (2-8¢XC).,,¤ÆÀø,¤ÆÀø,«ØÄ³ºÊ´ú¦å¿}­È¤Îª`·N¬O§_¥X²{°ª¦å¿}¼x¥ü©Î¯gª¬,SA «÷­µ¬Û¦ü,,0,0,¬O,50.0,,§_,¬O,¬O,³æ¤è,§_,°±¥Î,°±¥Î,¤£¥i¿i,§_,,1.00,1.00,200.00,200.00,1,1,1,1,200.00,200.00,0,0,,¦³¹Ï¤ù,,0,,0,,L01FF02,,,,,0,,0,,VIAL,§_,¤£µ¹¥I¶·¦Û¥I,¤£µ¹¥I¶·¦Û¥I,,,,§_,Liquid,IVSOL,,,50.00,mg,,,¥²¶·µ}ÄÀ,³æ¦¸¿éª`,PH032,202303261047,0,69000.00
IKEY1,20180928,99999999,¥i¥Î,KEYTRUDA inj 100mg/4mL,KEYTRUDA inj 100mg/4mL,Pembrolizumab,IVD,STAT,RACA,ON-09-05,°w¾¯,mg,,«D²Õ®M,Á{±ÄÃÄ¡A½Ð³qª¾ÃÄ§½¥~ÁÊ,,¥»°|Á{±Ä²M³æ,¬O,¥i¥ÎÃÄ¥]¾÷,±ø¥ó¤Uµ¹¥I,¤@¯ë,Á`¶q¶i¦ì,¾AÀ³¯g:¶Â¦â¯À½F©Î«D¤p²Ó­MªÍÀù,°t»s«á«O¦s´Á­­¡G6hrs(25¢XC)¡A96hrs(2-8¢XC)¡A½Õ»s®É¶¡¡G,Indication: Melanoma¡A Non-small cell lung cancer,,¥~ Æ[: 4²@¤É³z©ú²GÅé¡A³z©ú¤p²~,Appearance: Colorless solution in 4mL vial.,¯h³Ò¡A°ª¦å¿}¡Aäú¤ß¡Aæ±Äo¡A¥Ö¯l¡A­¹¼¤­°§C¡A«K¯µ,Fatigue¡A hyperglycemia¡A nausea¡A pruritus¡A rash¡A decreased appetite¡A constipation,,¥u¥Î©óªù¶E¤Î¦í°|STAT,¦NµÎ¹Fª`®g¾¯,Keytruda,,,,¬O,,«ØÄ³ºÊ´ú¦å¿}­È¤Îª`·N¬O§_¥X²{°ª¦å¿}¼x¥ü©Î¯gª¬,,Monitor closely for hyperglycemia and other signs/symptoms of diabetes.,,³Æµù:¶J©ñ®É»Ý¸m©ó¦B½c§NÂÃ(Äá¤ó 2-8 «×),Store in a refrigerator (2-8¢XC).,,¤ÆÀø,¤ÆÀø,«ØÄ³ºÊ´ú¦å¿}­È¤Îª`·N¬O§_¥X²{°ª¦å¿}¼x¥ü©Î¯gª¬,SA «÷­µ¬Û¦ü,,0,0,¬O,100.0,,§_,¬O,§_,³æ¤è,,°±¥Î,°±¥Î,¤£¥i¿i,§_,,0,0,200.00,200.00,1,1,1,1,200.00,200.00,0,0,,¦³¹Ï¤ù,,0,,0,,L01FF02,,,,,0,,0,,VIAL,¬O,°·«Oµ¹¥I,°·«Oµ¹¥I,PEMBROLIZUMAB,L01FF02,KC01025219,,Liquid,IVSOL,,,100.00,mg,4.00,mL,¥²¶·µ}ÄÀ,³æ¦¸¿éª`,PH032,202303261047,49334.00,59201.00
IKYT,20010807,99999999,°±¥Î,Kytril °w¾¯ 3mg/3mL,Kytril Inj 3mg/3mL,Granisetron,IV,,CNEU,CN-03-08,°w¾¯,AMP,Kytril,«D²Õ®M,°±¥Î,IKYT1,¤w°±¥Î,¬O,¥i¥ÎÃÄ¥]¾÷,±ø¥ó¤Uµ¹¥I,¤@¯ë,¦¸­p¶q¶i¦ì,¾AÀ³¯g:¹w¨¾¤ÎªvÀø¸~½F¤Æ¾ÇÀøªk¤Þ°_¤§äú¤ß¹Ã¦R,,Indication: prevention or treatment of nausea & vomiting.,,¥~ Æ[: ³z©ú¦wÞÀ(amp)¡A³»ºÝ¦³ºñ¦âÀô½u¡A¥Õ¦â¥~¶K¯È,,,,,¬Ò¥i¥Î,±d±z¾A±j,Kytril,,,§_,¬O,,³¡¤À¤H¨Ï¥Î«á¥i¯à¤Þ°_¯h­Â¡BµtºÎªº²{¶H,,May cause fatigue¡A sleepiness.,,,,,¤@¯ë,ª`®g,Äµ »y:³¡¤À¤H¨Ï¥Î«á¥i¯à¤Þ°_¯h­Â¡BµtºÎªº²{¶H,,,,,¬O,1.0,,§_,§_,§_,³æ¤è,§_,¥i¥Î,¥i¥Î,¤£¥i¿i,¬O,,1.00,1.00,1.00,1.00,999,999,1,1,0,0,0,0,,¦³¹Ï¤ù,,0,,0,,A04AA02,,,,,,,,,AMP,§_,°·«Oµ¹¥I,°·«Oµ¹¥I,GRANISETRON,A04AA02,B019955216,§_,Liquid,IVSOL,,,,,,,¬Ò¥i,³æ¦¸¿éª`,PH008,201403201333,1024.00,1229.00
IKYT1,20100322,99999999,°±¥Î,Kytron inj 1mg/1mL,Kytron inj 1mg/1mL,Granisetron,IVPUSH,,CNEU,CN-03-08,°w¾¯,AMP,Kytril,«D²Õ®M,°±¥Î,,¤@¯ë¥i¥Î,¬O,¥i¥ÎÃÄ¥]¾÷,±ø¥ó¤Uµ¹¥I,¤@¯ë,Á`¶q¶i¦ì,¾AÀ³¯g:¹w¨¾¤ÎªvÀø¸~½F¤Æ¾ÇÀøªk¤Þ°_¤§äú¤ß¹Ã¦R.,,Indication:Prevention or treatment of nausea & vomiting.,,¥~ Æ[:³z©ú1mL¦wÞÀ,Appearance:1 mL Ampoule,ÀYµh¡A «K¯¦,Headache¡A constipation.,,¬Ò¥i¥Î,ªY§J¦R,Kytron 1mg,,,§_,¬O,,³¡¤À¤H¨Ï¥Î«á¥i¯à¤Þ°_¯h­Â¡A µtºÎªº²{¶H,,May cause fatigue¡A sleepiness.,,,,,¤@¯ë,ª`®g,Äµ »y:³¡¤À¤H¨Ï¥Î«á¥i¯à¤Þ°_¯h­Â¡BµtºÎªº²{¶H,,,,,¬O,1.0,,§_,¬O,§_,³æ¤è,§_,°±¥Î,°±¥Î,¤£¥i¿i,¬O,,1.00,1.00,3.00,3.00,99,99,1,1,9.00,9.00,0,0,,¦³¹Ï¤ù,,0,,0,,A04AA02,,,,,,,,,AMP,,°·«Oµ¹¥I,°·«Oµ¹¥I,GRANISETRON,A04AA02,AC48809209,§_,Liquid,IVSOL,,,1.00,mg,1.00,mL,¬Ò¥i,³æ¦¸¿éª`,PH032,202110051630,185.00,222.00
ILAN,20140905,99999999,°±¥Î,Lantus inj 100U/mL 3mL pre-filled Pen,Lantus inj 100U/mL 3mL pre-filled Pen,Insulin glargine,SC,,META,ME-01-02,°w¾¯,IU,Lantus,«D²Õ®M,°±¥Î,,¤@¯ë¥i¥Î,¬O,¤£¥i¥ÎÃÄ¥]¾÷,,¤@¯ë,Á`¶q¶i¦ì,¾AÀ³¯g:¿}§¿¯f¥ÎÃÄ,,Indication:Control of hyperglycemia.,,¥~ Æ[:¦Ç¦âµ§«¬¡A¥Õ¦â¼ÐÅÒ,Appearance: Gray pen¡A white label,§C¦å¿},Hypoglycemia,,¬Ò¥i¥Î,Äõ¼w¥Kª`®g¾¯,Lantus 100U/mL 3mL pen,,,,¬O,,¥i¯à¤Þ°_§C¦å¿}¯gª¬(µø¤O¼Ò½k¡B«_§N¦½),,May cause low blood sugar (blurred vision¡A cold sweats).,,¶}«Ê«e½Ð¸m©óÄá¤ó 2-8 «×¦B½c§NÂÃ,Store in a refrigerator (2-8¢XC) before use.,,¤@¯ë,¤@¯ë,Äµ »y:¥i¯à¤Þ°_§C¦å¿}¯gª¬(µø¤O¼Ò½k¡B«_§N¦½),,,0,0,§_,300.0,,§_,¬O,§_,³æ¤è,§_,°±¥Î,¥i¥Î,¤£¥i¿i,§_,,1.00,1.00,99.00,99.00,100,100,28,1,100.00,100.00,0,0,,¦³¹Ï¤ù,,0,,0,,A10AE04,,,,,0,,0,,¤ä,,°·«Oµ¹¥I,°·«Oµ¹¥I,INSULIN GLARGINE,A10AE04,KC00728266,§_,Liquid,SOL,,,300.00,IU,3.00,mL,¬Ò¥i,³æ¦¸¿éª`,PH047,202310231452,416.00,499.00
ILAR,20240314,99999999,¥i¥Î,Lactated Ringer's inj 500mL,Lactated Ringer's inj 500mL,NaCl + KCl + Calcium Chloride + Lactose,IVD,,MSIV,NU-04-05,°w¾¯,BOT,Ringer Lactate 500mL,«D²Õ®M,,,¤@¯ë¥i¥Î,¬O,¤£¥i¥ÎÃÄ¥]¾÷,¥i¥Î,¤£¦LÃÄÅÒ,Á`¶q¶i¦ì,¾AÀ³¯g: ¬°¹q¸Ñ½è¸É¥R²G¡C,,Indication: For electrolyte replacement.,,¥~ Æ[: 500²@¤É¶ì½¦²~¸Ë(¦Ç¥Õ¼ÐÅÒ),Appearance: 500mL plastic bottle (gray-white label).,¹L±Ó¤ÏÀ³¡C,Hypersensitivity reaction.,,¬Ò¥i¥Î,¨Å»ÄªL®æº¸ª`®g²G,Lactated Ringer's inj 500mL,,,,¬O,,Äµ »y:½Ð¿í·ÓÂå®v«ü¥Ü¨Ï¥Î¡A­Yµo¥ÍºÃ¦üÃÄª«¤£¨}¤ÏÀ³½Ð§iª¾Âå¥Í¡C,¥»«~§t¶t¡Aµ¹ÃÄ®ÉÀ³¯d·N¥æ¤¬§@¥Î¡C,Follow doctor's instructions. Report suspected side effects to your doctor.,Contains calcium; be cautious of interactions during administration.,­Y¦³¤£²M¡BÅÜ¦â¡B²§ª«©Î¨ä¥¦²§±`²{¶H¡A½Ð¤Å¨Ï¥Î¡C,Do not use if unclear¡A discolored¡A contains foreign particles¡A or if vacuum is l,202403 ¥ÃÂ×IRL¯Ê³f´À¥N,¤@¯ë,ª`®g,Äµ »y:½Ð¿í·ÓÂå®v«ü¥Ü¨Ï¥Î¡A­Yµo¥ÍºÃ¦üÃÄª«¤£¨}¤ÏÀ³½Ð§iª¾Âå¥Í¡C,,,0,0,§_,1.0,¦³,§_,¬O,§_,½Æ¤è,§_,°±¥Î,°±¥Î,¤£¥i¿i,¬O,,1.00,1.00,1.00,25.00,999,999,1,1,1.00,25.00,0,0,,¦³¹Ï¤ù,,500.00,ML,0,,B05BB01,B05CB10,,,,0,,0,,BOT,§_,°·«Oµ¹¥I,°·«Oµ¹¥I,SODIUM CHLORIDE 6MG/ML + POTASSIUM CHLORIDE 0.3MG/ML + CALCIUM CHLORIDE 0.2MG/ML + SODIUM LACTATE 3.1MG/ML,B05BB01,NC00577277,§_,Liquid,IVSOL,,,0,,500.00,mL,¤£»Ýµ}ÄÀ,³æ¦¸¿éª`,PH047,202403211536,25.00,33.00
ILAS,19960101,99999999,¥i¥Î,Lasix °w¾¯ 20mg/2mL,Lasix inj 20mg/2mL,Furosemide,IVPUSH,,CAVS,CV-03-02,°w¾¯,AMP,Lasix,«D²Õ®M,,,¤@¯ë¥i¥Î,¬O,¥i¥ÎÃÄ¥]¾÷,,¤@¯ë,¦¸­p¶q¶i¦ì,¾AÀ³¯g:§Q§¿¾¯. ¥Î©óªvÀø°ª¦åÀ£¡A «æ©ÊªÍ¤ô¸~,,Indication:Diuresis¡A HTN¡A acute pulmonary edema.,,¥~ Æ[:´Ä¦â¦wÞÀ(amp)¡A ¥Õ¦â¥~¶K¯È¡A ÂÅ¦â¦r¼Ë,Appearance: 2 mL Ampoule,¤f°® ¡A µø¤O¼Ò½k¡A ÀYµh¡A ­G¤£¾A,Dry mouth¡A blurred vision¡A headache¡A stomach cramps or pain,,,¨Ó¾Aªnª`®g²G,Lasix 20mg,,,¬O,¬O,,½Ð¿í·ÓÂå®v«ü¥Ü¨Ï¥Î¡A ­Yµo¥ÍºÃ¦üÃÄª«¤£¨}¤ÏÀ³½Ð§iª¾Âå¥Í,,Follow doctor's advice. Check with doctor if you notice any side effects.,,,,,¤@¯ë,ª`®g,Äµ »y:½Ð¿í·ÓÂå®v«ü¥Ü¨Ï¥Î¡A­Yµo¥ÍºÃ¦üÃÄª«¤£¨}¤ÏÀ³½Ð§iª¾Âå¥Í¡C,,ª`®g¾¯,,,¬O,1.0,,§_,¬O,§_,³æ¤è,§_,¥i¥Î,¥i¥Î,¤£¥i¿i,¬O,,1.00,1.00,4.00,10.00,999,999,1,1,48.00,48.00,0.60,0.30,,¦³¹Ï¤ù,,20.00,mg,0,,C03CA01,,,,,,,,,AMP,§_,°·«Oµ¹¥I,°·«Oµ¹¥I,FUROSEMIDE,C03CA01,BC22840212,§_,Liquid,IVSOL,,,20.00,mg,2.00,mL,¬Ò¥i,³æ¦¸¿éª`,PH034,202105171240,15.00,20.00
ILATO,20230922,99999999,¥i¥Î,Laston inj 30mg/1mL,Laston inj 30mg/1mL,Ketorolac,IM,,CNEU,CN-01-02,°w¾¯,AMP,Keto,«D²Õ®M,,,¤@¯ë¥i¥Î,¬O,¥i¥ÎÃÄ¥]¾÷,±ø¥ó¤Uµ¹¥I,¤@¯ë,¦¸­p¶q¶i¦ì,¾AÀ³¯g:½w¸Ñ¤¤­««×«æ©Ê¯kµh(µu´Á¨Ï¥Î)¡C,,Indication:Relief of moderate to severe acute pain.,,¥~ Æ[:1mL´Ä¦â¬Á¼þ¦wÞÀ§t²L¶À¦â³z©ú·»²G,Appearance:1 mL brown glass ampoule with yellow solution.,¥Ö¯l¡B·kÄo¡B¤ô¸~¡B¤f¤ºª¢¡B¸¡µh¡Bª`®g³¡¦ì¯kµh¡C,Rash¡A Pruritus¡A Edema¡A Stomatitis¡A Abdominal pain¡A Injection site pain.,,¬Ò¥i¥Î,§Jµh¸Ñª`®g²G30²@§J/1²@¤É,Laston inj 30mg/1mL,,,,¬O,,½Ð¿í·ÓÂå®v«ü¥Ü¨Ï¥Î¡A­Yµo¥ÍºÃ¦üÃÄª«¤£¨}¤ÏÀ³½Ð§iª¾Âå¥Í¡C,½Ð¤ÅªvÀø¶W¹L¤­¤Ñ¡C¤£¥i¥Î©ó°h¿N©Î²£¬ì¤îµh¡C,Follow doctor's instructions. Report suspected side effects to your doctor.,Use for up to five days. Not for fever or obstetric pain.,¶i¦æ«aª¬°Ê¯ßÂ¶¹D¤â³N(CABG)«á14¤Ñ¤º¸T¥Î¥»ÃÄ¡C,Avoid use within 14 days after coronary artery bypass grafting surgery.,202309 Keto¯Ê³f´À¥N,¤@¯ë,ª`®g,Äµ »y:½Ð¿í·ÓÂå®v«ü¥Ü¨Ï¥Î¡A­Yµo¥ÍºÃ¦üÃÄª«¤£¨}¤ÏÀ³½Ð§iª¾Âå¥Í¡C,,,0,0,¬O,1.0,,§_,¬O,§_,³æ¤è,§_,°±¥Î,°±¥Î,¤£¥i¿i,¬O,,1.00,1.00,1.00,1.00,5,5,1,1,4.00,4.00,0.10,0.40,,¦³¹Ï¤ù,,0,,0,,M01AB15,,,,,30.00,mg,30.00,mg,AMP,§_,°·«Oµ¹¥I,°·«Oµ¹¥I,KETOROLAC,M01AB15,AC47551209,§_,Liquid,SOL,,,30.00,mg,1.00,mL,¬Ò¥i,³æ¦¸¿éª`,PH047,202311091819,16.40,21.00
ILED,19960101,99999999,°±¥Î,Lederspan(Aristospan) 20mg/mL,Lederspan(Aristospan) 20mg/mL,Triamcinolone Hexacetonide,IS,,HM,HR-01-00,°w¾¯,VAL,Lederspan,«D²Õ®M,°±¥Î¡A¥i¬dÃþ¦üÃÄ,,¤@¯ë¥i¥Î,¬O,¤£¥i¥ÎÃÄ¥]¾÷,,¤@¯ë,Á`¶q¶i¦ì,¾AÀ³¯g:Ãö¸`ª¢,,,,,,,,,,,Lederspan(Aristospan) 20mg/m,,,§_,¬O,,,,,,,,104-3 ÃÄ©e·|§ï¥HFolina inj 100mg/10mL ´À¥N,¤@¯ë,ª`®g,,,,,,¬O,1.0,,§_,§_,§_,³æ¤è,§_,¥i¥Î,¥i¥Î,¤£¥i¿i,¬O,,1.00,1.00,999.00,999.00,999,999,1,1,0,0,0,0,,µL¹Ï¤ù,,0,,0,,,,,,,,,,,VAL,§_,°·«Oµ¹¥I,°·«Oµ¹¥I,TRIAMCINOLONE,H02AB08,B020790209,§_,Liquid,SOL,,,,,,,¬Ò¥i,³æ¦¸¿éª`,PH008,201510041004,146.00,175.00
ILEU1,20150615,99999999,°±¥Î,LEUPLIN 3M inj 11.25mg (¤T­Ó¤ë),LEUPLIN 3M inj 11.25mg,Leuprorelin Acetate,SC,Q3M,RACA,ON-05-02,°w¾¯,¤ä,,«D²Õ®M,°±¥Î¡A¥i¬dÃþ¦üÃÄ,,¤@¯ë¥i¥Î,¬O,¤£¥i¥ÎÃÄ¥]¾÷,,¤@¯ë,¦¸­p¶q¶i¦ì,¾AÀ³¯g:¥Dªv¤l®c¤º½¤²§¦ì¡B«e¦C¸¢Àù¡B°±¸g«e¨ÅÀù¡B¤¤¼Ï©Ê©Ê¦­¼ô,,Indication:Used in endocrine therapy.,,¥~ Æ[:¬Á¼þª`®g°wµ©(§tÃÄ¯»¤Îª`®g°w),Appearance:A glass syringe (contain drug),¼é¼ö¡Aäú¤ß¡A¥þ¨­¥F¤O©M¯h³Ò¡AÀYµh¡AÃö¸`µh¡Aª`®g³¡¦ì¤£¾A,Hot flushes¡A nausea¡A malaise & fatigue¡A headache¡A aggravation of bone pain¡A inje,,¥u¥Î©óªù¶E¤Î¦í°|STAT,¬hµÐªL¤T­Ó¤ë«ùÄò©ÊÃÄ®Ä¥Ö¤Uª`®g¾¯,LEUPLIN Depot 3M 11.25mg inj,,,,¬O,,¶JÂÃ·Å«×¤£¥i°ª©ó25¢J,,Store under 25¢XC,,,,2021.09.01ÃÄ©e·|§R°£,¤@¯ë,ª`®g,Äµ »y:¶JÂÃ·Å«×¤£¥i©ó°ª©ó25¢J,SA «÷­µ¬Û¦ü,,0,0,¬O,1.0,,§_,¬O,¬O,³æ¤è,§_,°±¥Î,°±¥Î,¤£¥i¿i,¬O,,1.00,1.00,1.00,1.00,28,28,28,28,1.00,1.00,0,0,,¦³¹Ï¤ù,,0,,0,,L02AE02,,,,,0,,0,,VIAL,¬O,°·«Oµ¹¥I,°·«Oµ¹¥I,LEUPRORELIN DEPOT,L02AE02,BC251932CN,§_,Liquid,SOL,¦M®`¤G¯Å(¡I),,11.25,mg,,,¬Ò¥i,,PH034,202212121025,8601.00,10321.00
ILEU3,20141215,99999999,°±¥Î,Leuplin Depot 1M 3.75mg S.C. Injection,Leuplin Depot 1M 3.75mg S.C. Injection,Leuprorelin Acetate,SC,Q1M,RACA,ON-05-02,°w¾¯,VAL,Leuprorelin,«D²Õ®M,°±¥Î¡A¥i¬dÃþ¦üÃÄ,,¤@¯ë¥i¥Î,¬O,¤£¥i¥ÎÃÄ¥]¾÷,,¤@¯ë,¦¸­p¶q¶i¦ì,¾AÀ³¯g:¥Dªv¤l®c¤º½¤²§¦ì¡B«e¦C¸¢Àù¡B°±¸g«e¨ÅÀù,,Indication:Used in endocrine therapy.,,¥~ Æ[:¬Á¼þª`®g°wµ©(§tÃÄ¯»¤Îª`®g°w),Appearance:A glass syringe (contain drug),¼é¼ö¡Aäú¤ß¡A¥þ¨­¥F¤O©M¯h³Ò¡AÀYµh¡AÃö¸`µh¡Aª`®g³¡¦ì¤£¾A,Hot flushes¡A nausea¡A malaise & fatigue¡A headache¡A aggravation of bone pain¡A,,¥u¥Î©óªù¶E¤Î¦í°|STAT,¬hµÐªL¤@­Ó¤ë«ùÄò©ÊÃÄ®Ä¥Ö¤Uª`®g¾¯,Leuplin Depot 3.75mg inj,,,,¬O,,¶JÂÃ·Å«×¤£¥i°ª©ó25¢J,,Store under 25¢XC,,,,2020Q4¯Ê³f¡A¥H[IZOL]¥N,¤@¯ë,ª`®g,Äµ »y:¶JÂÃ·Å«×¤£¥i©ó°ª©ó25¢J,SA «÷­µ¬Û¦ü,,0,0,§_,1.0,,§_,¬O,§_,³æ¤è,§_,¥i¥Î,¥i¥Î,¤£¥i¿i,¬O,,1.00,1.00,1.00,1.00,30,30,28,28,1.00,1.00,0,0,,¦³¹Ï¤ù,,0,,0,,L02AE02,,,,,0,,0,,VIAL,¬O,°·«Oµ¹¥I,°·«Oµ¹¥I,LEUPRORELIN DEPOT,L02AE02,BC259342AA,§_,Liquid,SOL,¦M®`¤G¯Å(¡I),,3.75,mg,,,¬Ò¥i,³æ¦¸¿éª`,PH006,202401281058,3807.00,4568.00
ILEUP,19960101,99999999,°±¥Î,Leuplin Depot inj 3.75mg,Leuplin Depot inj 3.75mg,Leuprolide,SC,,RACA,ON-05-02,°w¾¯,VAL,Leuprorelin,«D²Õ®M,°±¥Î,ILEU3,¤@¯ë¥i¥Î,¬O,¤£¥i¥ÎÃÄ¥]¾÷,­­¥Î,¤@¯ë,Á`¶q¶i¦ì,¾AÀ³¯g:¥Dªv¤l®c¤º½¤²§¦ì¡B«e¦C¸¢Àù¡B°±¸g«e¨ÅÀù,,Indication:Used in endocrine therapy.,,¥~ Æ[:¬õºñ±ø¯¾¡A ¥Õ¦â¥~²°,,¶¡½è©ÊªÍª¢¡A ¨x¥\¯à²§±`©Î¶À¯n¡A ¥[­««¬¿}§¿¯f,Interstitial pneumonia¡A hepatic dysfunction or jaundice¡A aggravation of diabetes,,,¬hµÐªL«ùÄò©ÊÃÄ®Ä¥Ö¤Uª`®g¾¯,Leuplin Depot inj 3.75mg,,,§_,¬O,,¶JÂÃ·Å«×¤£¥i°ª©ó25¢J,,Store under 25¢XC,,,,,¤@¯ë,ª`®g,Äµ »y:¶JÂÃ·Å«×¤£¥i©ó°ª©ó25¢J,,,,,¬O,1.0,,¬O,§_,§_,³æ¤è,§_,¥i¥Î,¥i¥Î,¤£¥i¿i,¬O,,1.00,1.00,1.00,1.00,1,1,1,1,1.00,1.00,0,0,,¦³¹Ï¤ù,,0,,0,,L02AE02,,,,,,,,,VAL,¬O,°·«Oµ¹¥I,°·«Oµ¹¥I,LEUPRORELIN DEPOT,L02AE02,BC194932AA,§_,Liquid,SOL,,,,,,,¬Ò¥i,³æ¦¸¿éª`,PH047,202308281651,3950.00,4740.00
ILEUV,19960101,99999999,°±¥Î,BW-Folin inj 1000mg/100mL,BW-Folin inj 1000mg/100mL,Folinic Acid,IV,,ZADT,AD-02-00,°w¾¯,mg,Leucovorin,«D²Õ®M,°±¥Î,IFOLI,¤@¯ë¥i¥Î,¬O,¤£¥i¥ÎÃÄ¥]¾÷,¥i¥Î,¤@¯ë,¦¸­p¶q¶i¦ì,¾AÀ³¯g: ¸­»Ä«ú§Ü¾¯¤§¸Ñ¬r¾¯,,Indications:Intoxication of folic acid antagonist.,,¥~ Æ[: 100 mL ¤p²~,Appearance: 100mL Vial,¹L±Ó¤ÏÀ³,Allergic reactions.,,¥u¥Î©óªù¶E¤Î¦í°|STAT,·RªA¹ç,BW-Folin,,,§_,¬O,,¥»«~»Ý¸m©óÁ×¥ú§NÂÃ(2-8«×)³B,,Store in 2-8¢XC¡A away from heat¡A moisture¡A and direct light.,,,,,¤ÆÀø,¤ÆÀø,Äµ »y:½Ð¸m©óÄá¤ó 2-8 «×¦B½cÁ×¥ú§NÂÃ«O¦s¡C,,,,,¬O,1000.0,,§_,§_,§_,³æ¤è,§_,°±¥Î,¥i¥Î,¤£¥i¿i,¬O,,1.00,1.00,2000.00,2000.00,7,7,1,1,2000.00,2000.00,0,0,,¦³¹Ï¤ù,,0,,0,,V03AF03,,,,,,,,,VAL,§_,°·«Oµ¹¥I,°·«Oµ¹¥I,LEUCOVORIN,V03AF03,BC26296255,§_,Liquid,IVSOL,,,,,,,¬Ò¥i,³æ¦¸¿éª`,PH036,201510061122,1875.00,2250.00
ILEV,20151228,99999999,°±¥Î,Levophed inj 4mg/4mL,Levophed inj 4mg/4mL,Norepinephrine,IVD,QD,CAVS,CV-01-03,°w¾¯,VAL,Levophed,«D²Õ®M,°±¥Î,,¤@¯ë¥i¥Î,¬O,¥i¥ÎÃÄ¥]¾÷,¥i¥Î,¤@¯ë,¦¸­p¶q¶i¦ì,¾AÀ³¯g:«æ©Ê§C¦åÀ£¡A¤ßÅ¦¥ð§J,,Indication:Acute hypotensive states¡A cardiac arrest.,,¥~ Æ[:´Ä¦â¤p²~(vial)¡A ¥Õ¦âºñ¦â¬Û¶¡¥~¶K¯È,Appearance: 4 mL Vial,¤ß¸õºC¡A µJ¼{¡A µu¼È©ÊÀYµh,Bradycardia; anxiety¡A transient headache.,,¬Ò¥i¥Î,¤O´_µá¼wª`®g²G,Levophed inj 4mg/4mL,,,§_,¬O,,µ}ÄÀ©óD5W ©Î D5NS«á¨Ï¥Î¡A¤£¥i¨Ï¥ÎN/S,,Dilute prior to administration; mix with D5W or D5NS.,,,,,¤@¯ë,ª`®g,Äµ»y:­­µ}ÄÀ©óD5W ©Î D5NS«á¨Ï¥Î,Äµ °ªÄµ°T,,0,0,¬O,1.0,,§_,¬O,¬O,³æ¤è,§_,°±¥Î,°±¥Î,¤£¥i¿i,¬O,,1.00,1.00,9.00,9.00,999,999,1,1,18.00,18.00,0.72,0.72,,¦³¹Ï¤ù,,0,,0,,C01CA03,,,,,0,,0,,VIAL,§_,°·«Oµ¹¥I,°·«Oµ¹¥I,NOREPINEPHRINE,C01CA03,BC25322219,§_,Liquid,IVSOL,,,4.00,mg,4.00,mL,¥²¶·µ}ÄÀ,³æ¦¸\«ùÄò¿éª`,PH032,202109051929,100.00,125.00
ILEV1,20170828,99999999,°±¥Î,Levophed Bitartrate inj 4mg/4mL,Levophed Bitartrate inj 4mg/4mL,Norepinephrine,IVD,,CAVS,CV-01-03,°w¾¯,AMP,Levophed,«D²Õ®M,°±¥Î,,¤@¯ë¥i¥Î,¬O,¥i¥ÎÃÄ¥]¾÷,,¤@¯ë,¦¸­p¶q¶i¦ì,¾AÀ³¯g:«æ©Ê§C¦åÀ£¡A¤ßÅ¦¥ð§J,,Indication:Acute hypotensive states¡A cardiac arrest.,,¥~ Æ[: 4mL¬Á¼þ¦wÞÀ¡A¥Õ¦âºñ¦â¬Û¶¡¥~¶K¯È,Appearance: 4 mL Ampoule,¤ß¸õºC¡A µJ¼{¡A µu¼È©ÊÀYµh,Bradycardia¡A anxiety¡A transient headache.,,¬Ò¥i¥Î,¤O´_«D¥Lª`®g²G,Levophed Bitartrate inj 4mg,,,,¬O,,µ}ÄÀ©óD5W ©Î D5NS«á¨Ï¥Î¡A¤£¥i¨Ï¥ÎN/S,,Dilute prior to administration; mix with D5W or D5NS.,,,,,¤@¯ë,ª`®g,Äµ»y:­­µ}ÄÀ©óD5W ©Î D5NS«á¨Ï¥Î,Äµ °ªÄµ°T,,0,0,§_,1.0,,§_,§_,§_,³æ¤è,§_,°±¥Î,¥i¥Î,¤£¥i¿i,¬O,,1.00,1.00,9.00,9.00,999,999,1,1,18.00,18.00,0.11,0.11,,µL¹Ï¤ù,,0,,0,,C01CA03,,,,,0,,0,,AMP,§_,°·«Oµ¹¥I,°·«Oµ¹¥I,NOREPINEPHRINE,C01CA03,BC22013219,§_,Liquid,IVSOL,,,,,,,¬Ò¥i,³æ¦¸¿éª`,PH032,202109051930,100.00,125.00
ILEV2,20171006,99999999,¥i¥Î,Norepinephrine inj 4mg/4mL,Norepinephrine inj 4mg/4mL,Norepinephrine,IVD,QD,CAVS,CV-01-03,°w¾¯,AMP,Levophed,«D²Õ®M,,ILEV,¤@¯ë¥i¥Î,¬O,¥i¥ÎÃÄ¥]¾÷,¥i¥Î,¤@¯ë,¦¸­p¶q¶i¦ì,¾AÀ³¯g:«æ©Ê§C¦åÀ£¡A¤ßÅ¦¥ð§J,,Indication:Acute hypotensive states¡A cardiac arrest.,,¥~ Æ[:4²@¤É¦wÞÀ,Appearance: 4mL ampoule,¤ß¸õºC¡A µJ¼{¡A µu¼È©ÊÀYµh,Bradycardia; anxiety¡A transient headache.,,¬Ò¥i¥Î,¿Õ¤ñ©`ªâª`®g²G4²@§J/4²@¤É,Norepinephrine inj 4mg/4mL,,,,¬O,,µ}ÄÀ©óD5W ©Î D5NS«á¨Ï¥Î¡A¤£¥i¨Ï¥ÎN/S,,Dilute prior to administration; mix with D5W or D5NS.,,,,,¤@¯ë,ª`®g,Äµ»y:­­µ}ÄÀ©óD5W ©Î D5NS«á¨Ï¥Î,Äµ °ªÄµ°T,,0,0,¬O,1.0,,§_,¬O,¬O,³æ¤è,§_,°±¥Î,°±¥Î,¤£¥i¿i,¬O,,1.00,1.00,9.00,9.00,999,999,1,1,18.00,18.00,0.11,0.11,,¦³¹Ï¤ù,,0,,0,,C01CA03,,,,,0,,0,,AMP,,°·«Oµ¹¥I,°·«Oµ¹¥I,NOREPINEPHRINE,C01CA03,AC55025219,§_,Liquid,IVSOL,,,4.00,mg,4.00,mL,¥²¶·µ}ÄÀ,³æ¦¸\«ùÄò¿éª`,PH032,202109051930,93.00,116.00
ILEV3,20210114,99999999,¥i¥Î,Levemir FlexPen 100 Unit/mL¡A 3mL,Levemir FlexPen 100 Unit/mL¡A 3mL,Insulin Detemir,SC,,META,ME-01-02,°w¾¯,UNIT,Insulin¡A Long-acting,«D²Õ®M,,,¤@¯ë¥i¥Î,¬O,¤£¥i¥ÎÃÄ¥]¾÷,¥i¥Î,¤@¯ë,Á`¶q¶i¦ì,¾AÀ³¯g:¯Ø®q¯À¡A ¿}§¿¯f¥ÎÃÄ,,Indication:Control of hyperglycemia.,,¥~ Æ[:²`ÂÅ¦âµ§«¬¡A ¤¤¶¡¦³ºñ¦âÀô½u¡A ºñ¦â®Ø,Appearance: FlexPen (Injection Pen),§C¦å¿}¡A ª`®g³¡¦ì¤£¾A,Hypoglycemia¡A inj site reactions.,,¬Ò¥i¥Î,·ç©M±Kº¸¿Õ©öµ§,Levemir FlexPen 100 Unit/mL,,,§_,¬O,,¥i¯à·|¤Þ°_äú¤ß©Î¸z­G¤£¾Aªº²{¶H¡A ¨Ãª`·N¦å¿}ÅÜ¤Æ,,Nausea or upset stomach may occur¡A monitor blood glucose levels.,,³Æµù:¶}«Ê«e½Ð¸m©óÄá¤ó 2-8 «×¦B½c§NÂÃ,Store in a refrigerator (2-8¢XC) before use.,,¤@¯ë,¤@¯ë,Äµ »y:¥i¯à·|¤Þ°_äú¤ß©Î¸z­G¤£¾Aªº²{¶H¡A¨Ãª`·N¦å¿}ÅÜ¤Æ,,,0,0,§_,300.0,,§_,¬O,§_,³æ¤è,§_,¥i¥Î,¥i¥Î,¤£¥i¿i,§_,,1.00,1.00,120.00,99.00,999,30,28,1,99.00,99.00,0,0,,¦³¹Ï¤ù,,0,,0,,A10AE05,,,,,0,,0,,¤ä,,°·«Oµ¹¥I,°·«Oµ¹¥I,INSULIN DETEMIR,A10AE05,KC00810266,§_,Liquid,SOL,,,300.00,U,3.00,mL,,,PH008,202101141015,414.00,497.00
ILEVET,20190321,99999999,°±¥Î,Levetir inj 500mg/5mL,Levetir inj 500mg/5mL,Levetiracetam,IVD,Q12H,CNEU,CN-03-01,°w¾¯,Vial,Keppra,«D²Õ®M,°±¥Î,,¤@¯ë¥i¥Î,¬O,¥i¥ÎÃÄ¥]¾÷,±ø¥ó¤Uµ¹¥I,¤@¯ë,¦¸­p¶q¶i¦ì,¾AÀ³¯g: ¼È®É¤£©y©ÎµLªk¤fªA§ÜÅöíwÃÄª«ªvÀø¤§Åöíw¯e±w,,Indication:Myoclonic seizure; partial seizure;,tonic-clonic and primary generalized seizures.,¥~ Æ[:5mL¤p²~,Appearance: 5mL glass vial,¯h­ÂµL¤O¡A °·§Ñ¡A ¹B°Ê¥¢½Õ¡A §x´b¡A ·w¯t¡A Å¸§Ý,Asthenia/fatigue¡A amnesia¡A ataxia¡A convulsion¡A dizziness¡A tremor,,¬Ò¥i¥Î,¼Öºû¯S¿@ÁY¿éª`²G,Levetir inj 500mg/5mL,,,¬O,¬O,,µ}ÄÀ¨ì¦Ü¤Ö100 mLªº¬Û®eµ}ÄÀ²G¤¤¡A,¥H15¤ÀÄÁªºÀR¯ß¿éª`®É¶¡µ¹ÃÄ,Dilute the requisite amount in 100 mL,infuse over 15 minutes.,­Y¥X²{¬õ¯l¡Bµo¿N¡B²O¤Úµ²¸~µÈ¡Bµê®zÀ³°±ÃÄ¨Ã¥ß§Y´M¨DÂåÀø¨ó§U¡C,Discontinue for rash¡A fever¡A or swollen lymph nodes; seek medical help.,2019.03 Nobelin inj 500mg/100mL ¯Ê³f¼È¥N 2020Q2 DC,¤@¯ë,ª`®g,«ØÄ³¾¯¶q¥²»Ýµ}ÄÀ¨ì¦Ü¤Ö100 mLªº¬Û®eµ}ÄÀ²G¤¤¡A¥H15¤ÀÄÁªºÀR¯ß¿éª`®É¶¡µ¹ÃÄ¡C,,,0,0,¬O,1.0,,§_,¬O,§_,³æ¤è,§_,°±¥Î,°±¥Î,¤£¥i¿i,¬O,,1.00,1.00,6.00,6.00,1,99,1,4,6.00,6.00,0.12,0.06,,¦³¹Ï¤ù,,0,,0,,N03AX14,,,,,0,,0,,VIAL,,°·«Oµ¹¥I,°·«Oµ¹¥I,LEVETIRACETAM,N03AX14,AA57956221,§_,Liquid,IVSOL,,,500.00,mg,5.00,mL,¥²¶·µ}ÄÀ,³æ¦¸¿éª`,PH047,202401231146,320.00,384.00
ILFT,20230109,99999999,¥i¥Î,Lofatin inj 2gm,Lofatin inj 2gm,Cefoxitin,IVD,,QANB,AI-01-02,°w¾¯,Vial,Mefoxin,«D²Õ®M,,,¤@¯ë¥i¥Î,¬O,¥i¥ÎÃÄ¥]¾÷,¥i¥Î,¤@¯ë,¤é¾¯¶q¶i¦ì,¾AÀ³¯g: ²Óµß©Ê·P¬V,,Indication: Bacterial infections.,,¥~ Æ[:1¤p²~¥Õ¦â°®¯»¡C,Appearance: 1 vial of white powder,¹L±Ó¡B¬õ¯l¡B³h¦å¡B¨x¥\¯à²§±`¡B¸¡Âm¡C,Allergies¡A red rash¡A anemia¡A abnormal liver function¡A diarrhea.,¤@¯ëÃþ§Ü¥Í¯À,¬Ò¥i¥Î,¼ÖµØ²bª`®g¾¯2§J,Lofatin inj 2gm,,,,¬O,,­Yµo¥ÍÄY­«¹L±Ó©Îµo¯lµ¥¤£¾A¯gª¬¡A À³§Y°±ÃÄ¨Ã½Ð±ÐÂå®v,,Report to doctor¡A if any severe hypersensitivity or skin rash occur.,,¥HÀR¯ß±Àª`µ¹ÃÄ®É¡AÀ³¶W¹L3-5¤ÀÄÁ½wºCª`®g¡C,When IV bolus¡A inject slowly over 3 to 5 minutes,2022Q4ÃÄ©e·s¶i,¤@¯ë,ª`®g,Äµ »y: ­Yµo¥ÍÄY­«¹L±Ó©Îµo¯lµ¥¤£¾A¯gª¬¡AÀ³§Y°±ÃÄ¨Ã½Ð±ÐÂå®v,,,0,0,¬O,1.0,,§_,¬O,§_,³æ¤è,,°±¥Î,,¤£¥i¿i,¬O,,1.00,1.00,1.00,1.00,7,7,1,1,6.00,6.00,0.08,0.02,,¦³¹Ï¤ù,D/W,2000.00,mg,0,80-160 mg/Kg/day,J01DC01,,,,,2.00,g,6.00,g,VIAL,§_,°·«Oµ¹¥I,°·«Oµ¹¥I,CEFOXITIN (=CEPHOXITIN),J01DC01,AC31213212,§_,Liquid,IVSOL,,,2000.00,mg,0,mL,¥²¶·µ}ÄÀ,³æ¦¸¿éª`,PH047,202310301345,130.00,156.00
ILID,20221027,99999999,¥i¥Î,Lidocaine inj 20mg/mL¡A 20mL§½³Â,Lidocaine inj 20mg/mL¡A 20mL§½³Â,Lidocaine,LA,,ZANE,CN-04-02,°w¾¯,VAL,Xylocaine,«D²Õ®M,,,¤@¯ë¥i¥Î,¬O,¥i¥ÎÃÄ¥]¾÷,°·«O¤£µ¹¥I,¤@¯ë,Á`¶q¶i¦ì,¾AÀ³¯g:§½³¡³Â¾K¾¯,,Indication:Local anesthetic.,,¥~ Æ[:³z©ú¤p²~(VIAL)¡AÂÅ¦â¤W»\¡Aºñ¦â¦r¼Ë¼ÐÅÒ,Appearance:Vial with blue cap and label with the green word.,¤¤¼Ï¯«¸g¿³¾Ä©Î§í¨î¡A ¤ß¸õ®}½w,CNS excitation or depression¡A bradycardia.,,¬Ò¥i¥Î,§Q¥d¦]ª`®g²G20²@§J/²@¤É,Lidocaine inj 20mg/mL¡A 20mL§½,,,,¬O,,¤£¥iÀR¯ßµ¹ÃÄ,,NOT for Intravenous use.,,¨Ï¥Î«áÀ³ºÊ´ú¤ßÅ¦¦åºÞ¡B©I§l¤Îºë¯«ª¬ºA¡C,Monitor cardiovascular and respiratory vital signs and state of consciousness,2022.10[IXYL2]¯Ê³f´À¥N,¤@¯ë,ª`®g,¤£¥iÀR¯ßµ¹ÃÄ,,,0,0,¬O,1.0,,§_,¬O,§_,³æ¤è,,°±¥Î,,¤£¥i¿i,¬O,,1.00,1.00,2.00,2.00,1,1,1,1,2.00,2.00,0,0,,¦³¹Ï¤ù,,0,,0,,N01BB02,,,,,0,,0,,VIAL,§_,°·«O¤£¥Ó³ø¤£­p»ù,°·«O¤£¥Ó³ø¤£­p»ù,,,,§_,Liquid,SOL,,,400.00,mg,20.00,mL,,,PH047,202303241553,0,33.00
ILID1,20230322,99999999,¥i¥Î,Lidocaine inj 20mg/mL¡A 1mL§½³Â,Lidocaine inj 20mg/mL¡A 1mL§½³Â,Lidocaine,LA,,ZANE,CN-04-02,°w¾¯,ML,Xylocaine,«D²Õ®M,,,¤@¯ë¥i¥Î,¬O,¥i¥ÎÃÄ¥]¾÷,°·«O¤£µ¹¥I,¤£¦LÃÄÅÒ,Á`¶q¶i¦ì,¾AÀ³¯g:§½³¡³Â¾K¾¯,,Indication:Local anesthetic.,,¥~ Æ[:³z©ú¤p²~(VIAL)¡AÂÅ¦â¤W»\¡Aºñ¦â¦r¼Ë¼ÐÅÒ,Appearance:Vial with blue cap and label with the green word.,¤¤¼Ï¯«¸g¿³¾Ä©Î§í¨î¡A ¤ß¸õ®}½w,CNS excitation or depression¡A bradycardia.,,¬Ò¥i¥Î,§Q¥d¦]ª`®g²G20²@§J/²@¤É,Lidocaine inj 20mg/mL¡A 1mL§½³Â,,,§_,¬O,,¤£¥iÀR¯ßµ¹ÃÄ,,NOT for Intravenous use.,,¨Ï¥Î«áÀ³ºÊ´ú¤ßÅ¦¦åºÞ¡B©I§l¤Îºë¯«ª¬ºA¡C,Monitor cardiovascular and respiratory vital signs and state of consciousness,2023.03 [ILID]°O±b¥Î¡A­­³æ¦ì¼·¸É¡A¤£µoÃÄ¡C¨ú¥N[IXYL21],¤@¯ë,ª`®g,¤£¥iÀR¯ßµ¹ÃÄ,,,0,0,¬O,1.0,,¬O,¬O,§_,³æ¤è,§_,°±¥Î,°±¥Î,¤£¥i¿i,§_,,1.00,1.00,20.00,20.00,1,1,1,1,20.00,20.00,0,0,,¦³¹Ï¤ù,,0,,0,,N01BB02,,,,,0,,0,,ML,,°·«O¤£¥Ó³ø¤£­p»ù,°·«O¤£¥Ó³ø¤£­p»ù,,,,§_,Liquid,SOL,,,20.00,mg,1.00,mL,,,PH047,202304041214,0,3.00
ILID2E,20070401,99999999,¥i¥Î,Lidophrine inj (2%+E) 20mL,Lidophrine inj (2%+E) 20mL,Lidocaine + Epinephrine,LI,,ZANE,CN-04-02,°w¾¯,ML,Lidophrine,«D²Õ®M,,,¤@¯ë¥i¥Î,¬O,¤£¥i¥ÎÃÄ¥]¾÷,,¤@¯ë,Á`¶q¶i¦ì,¾AÀ³¯g:§½³¡³Â¾K¾¯,,Indication:Local anesthesia,,¥~ Æ[:³z©ú¤p²~(Vial)¡A¥Õ¦â¥~¶K¯È¡A¤W¤U¦³²Hºñ¦â¾î½u,,¸z­G¾÷¯à»ÙÃª¡A ¥ú±Ó·P,GI disturbances¡A photosensitivity.,,,§Q«×½§¹ç,Lidophrine inj (2%+E) 20mL,,,§_,¬O,,¥»«~»Ý¸m©óÁ×¥ú³±²D°®Àê³B,,Store at room temperature¡A away from heat¡A moisture¡A and direct light.,,,,,¤@¯ë,ª`®g,Äµ »y:¥»«~»Ý¸m©óÁ×¥ú³±²D°®Àê³B,,,,,¬O,20.0,,§_,¬O,§_,½Æ¤è,§_,°±¥Î,°±¥Î,¤£¥i¿i,¬O,,1.00,1.00,20.00,20.00,1,1,1,1,20.00,20.00,0,0,,¦³¹Ï¤ù,,0,,0,,N01BB52,C01CA24,B02BC09,N01BB02,,,,,,VAL,,¥Ó³ø¤£­p»ù,¥Ó³ø¤£­p»ù,,,,§_,Liquid,SOL,,,400.00,mg,20.00,mL,¬Ò¥i,³æ¦¸¿éª`,PH034,202004121637,0,84.00
ILIG2,20210131,99999999,°±¥Î,Lignocaine inj 2% 100mg/5mL,Lignocaine inj 2% 100mg/5mL,Lidocaine,IVPUSH,,ZANE,CN-04-02,°w¾¯,AMP,Xylocaine,«D²Õ®M,°±¥Î,,¤@¯ë¥i¥Î,¬O,¥i¥ÎÃÄ¥]¾÷,¥i¥Î,¤@¯ë,¦¸­p¶q¶i¦ì,¾AÀ³¯g:¤ß«Ç©Ê¤£¾ã«ß¤§«æ©ÊªvÀø,,Indication: Ventricular arrhythmia,,¥~ Æ[:5mL³z©ú¬Á¼þ¦wÞÀ,Appearance: 5 mL ampoule,¤¤¼Ï¯«¸g¿³¾Ä©Î§í¨î¡A ¤ß¸õ®}½w,Central nervous system excitation or depression; bradycardia.,,¬Ò¥i¥Î,¨½®æ¥d¦]ª`®g²G 2%,Lignocaine inj 2% 100mg/5mL,,,,¬O,,Äµ »y:À³µø¨ä¦~ÄÖ¡BÅé­«¤Î¯gªp¤©¥H¾A·í¤§¾¯¶q¡A¨Ã¯d·NÆ[¹î,,Precaution: Should consider age¡A weight and disease state to modify dosage.,,,,2021.02 [IXYL2V]¯Ê³f´À¥N,¤@¯ë,ª`®g,Äµ »y:À³µø¨ä¦~ÄÖ¡BÅé­«¤Î¯gªp¤©¥H¾A·í¤§¾¯¶q¡A¨Ã¯d·NÆ[¹î,,,0,0,¬O,1.0,,§_,¬O,§_,³æ¤è,§_,°±¥Î,°±¥Î,¤£¥i¿i,¬O,,1.00,1.00,40.00,40.00,999,999,1,1,40.00,40.00,1.44,0.02,,¦³¹Ï¤ù,,0,,0,,N01BB02,C01BB01,,,,0,,0,,AMP,,°·«Oµ¹¥I,°·«Oµ¹¥I,LIDOCAINE,C01BB01,BC25280221,,Liquid,IVSOL,,,100.00,mg,5.00,mL,¤£»Ýµ}ÄÀ,³æ¦¸¿éª`,PH034,202102211653,50.00,65.00
ILIP1,19960101,99999999,°±¥Î,Lipovenos 10% 100mL(¤p¨àTPN¥Î),Lipovenos 10% 100mL(¤p¨àTPN¥Î),Soybean Oil,IVD,,NUTR,NU-04-03,°w¾¯,BOT,Lipovenos,«D²Õ®M,°±¥Î¡A¥i¬dÃþ¦üÃÄ,,¤@¯ë¥i¥Î,¬O,¤£¥i¥ÎÃÄ¥]¾÷,­­¥Î,¤£¦LÃÄÅÒ,Á`¶q¶i¦ì,¾AÀ³¯g:¬°¥®¨à¯×½èÀç¾i¸Éµ¹²G,,,,,,,,,¥u¥Î©óªù¶E¤Î¦í°|STAT,,Lipovenos 10% 100mL(¤p¨àTPN¥Î),,,§_,¬O,,,,,,,,,¤@¯ë,ª`®g,,,,,,¬O,1.0,,§_,§_,§_,³æ¤è,§_,¥i¥Î,¥i¥Î,¤£¥i¿i,¬O,,1.00,1.00,2.00,2.00,999,999,1,1,0,0,0,0,,µL¹Ï¤ù,,0,,0,,,,,,,,,,,BOT,§_,°·«Oµ¹¥I,°·«Oµ¹¥I,FAT EMULSIONS,B05BA02,B020726255,§_,Liquid,IVSOL,,,,,,,¬Ò¥i,³æ¦¸¿éª`,PH008,201505111058,191.00,229.00
ILIP2,20030523,99999999,°±¥Î,Lipofundin 20%¡A 250ml(¦¨¤H),Lipofundin 20%¡A 250ml(¦¨¤H),Soyean Oil + MCT+ Egg Yolk Phospholipids+ Glycerol,IVD,,NUTR,NU-04-03,°w¾¯,BOT,intrafat,«D²Õ®M,°±¥Î¡A¥i¬dÃþ¦üÃÄ,,¤w°±¥Î,¬O,¥i¥ÎÃÄ¥]¾÷,±ø¥ó¤Uµ¹¥I,¦C¦L¦í°|ÃÄÅÒ,Á`¶q¶i¦ì,¾AÀ³¯g:ÀR¯ßÀç¾iªvÀø±wªÌ¤§¼ö¶q¨Ñµ¹,,,,¥~ Æ[:³z©ú¨Å¥Õ¦â²~¸Ë¡A¦Ç¦â»\¤l¡A¬õ¦â¥~Àô»\¡A¥Õ¦â¥~¶K¯È,,,,,¬Ò¥i¥Î,¤O«OªÕ¹çª`®g²G 20%,Lipofundin 20%¡A 250ml(¦¨¤H),,,§_,¬O,,,,,,,,,¤@¯ë,ª`®g,Äµ »y:¥»«~³Ì¤jª`®g³t²v¬° 0.75ml/kg/hour,,,,,¬O,1.0,,§_,§_,§_,³æ¤è,§_,°±¥Î,¥i¥Î,¤£¥i¿i,¬O,,1.00,1.00,2.00,2.00,7,7,1,1,0,0,0,0,,¦³¹Ï¤ù,,0,,0,,,,,,,,,,,BOT,§_,°·«Oµ¹¥I,°·«Oµ¹¥I,FAT EMULSIONS MCT/LCT,B05BA02,BC18307265,§_,Liquid,IVSOL,,,,,,,¬Ò¥i,³æ¦¸¿éª`,PH008,202005171055,168.00,202.00
ILIP20,20100628,99999999,°±¥Î,Lipoplus inj 20% 250mL,Lipoplus inj 20% 250mL,MCT + Omega-3-triglyceride + Soya Oil,IVD,,NUTR,NU-04-03,°w¾¯,BOT,intrafat,«D²Õ®M,°±¥Î¡A¥i¬dÃþ¦üÃÄ,ISLIP,¤@¯ë¥i¥Î,¬O,¥i¥ÎÃÄ¥]¾÷,±ø¥ó¤Uµ¹¥I,¤@¯ë,Á`¶q¶i¦ì,¾AÀ³¯g:ÀR¯ßÀç¾iªvÀø±wªÌ¤§¼ö¶q¨Ñµ¹,,Indication:Supply of fats,,¥~ Æ[:¨Å¥Õ¦â250mL²~¸Ë,Appearance: 250mL glass bottle,©I§l§xÃø¡B¹L±Ó¤ÏÀ³¡B°ª¦å¯×¯g¡Bäú¤ß¡B¹Ã¦R¡BÀYµh¡Bµo¼ö¡B¬È´H,Dyspnea¡A allergic reaction¡A hyperglycemia¡A nausea¡A vomiting,,¬Ò¥i¥Î,¤O«O¥[,Lipoplus inj 20% 250mL,,,§_,¬O,,¥»«~³Ì¤jª`®g³t²v¬° 0.75mL/kg/hour,,MAX infusion rate 0.75mL/kg/hour,,,,,¤@¯ë,ª`®g,Äµ »y:¥»«~³Ì¤jª`®g³t²v¬° 0.75ml/kg/hour,,,,,¬O,1.0,¦³,§_,¬O,§_,½Æ¤è,§_,°±¥Î,°±¥Î,¤£¥i¿i,¬O,,1.00,1.00,1.00,1.00,7,7,1,1,2.00,2.00,0,0,,¦³¹Ï¤ù,,0,,0,,B05BA02,,,,,,,,,BOT,,°·«Oµ¹¥I,°·«Oµ¹¥I,FAT EMULSIONS MCT/LCT (§t£s-3 FATTY ACID),B05BA02,BC24919265,§_,Liquid,IVSOL,,,50.00,GM,250.00,mL,¤£»Ýµ}ÄÀ,³æ¦¸¿éª`,PH006,202401281059,152.00,182.00
ILIP21,20070907,99999999,¥i¥Î,Lipofundin (¤p¨àTPN¥Î100mL¡A 20%),Lipofundin (¤p¨àTPN¥Î100mL¡A 20%),Soybean Oil,IVD,4PM,NUTR,NU-04-03,°w¾¯,ML,intrafat,«D²Õ®M,°±¥Î¡A¥i¬dÃþ¦üÃÄ,ISLIP1,¤@¯ë¥i¥Î,¬O,¤£¥i¥ÎÃÄ¥]¾÷,­­¥Î,¤£¦LÃÄÅÒ,Á`¶q¶i¦ì,¾AÀ³¯g:ÀR¯ßÀç¾iªvÀø±wªÌ¤§¼ö¶q¨Ñµ¹,,Indication:In parenteral nutrition for energy & essential,fatty acids supplementation.,¥~ Æ[:¨Å¥Õ¦â100mL²~¸Ë,Appearance: 100mL glass bottle,©I§l§xÃø¡B¹L±Ó¤ÏÀ³¡B°ª¦å¯×¯g¡Bäú¤ß¡B¹Ã¦R¡BÀYµh¡Bµo¼ö¡B¬È´H,dyspnea¡A allergic reaction¡A hyperglycemia¡A nausea¡A vomiting,,¬Ò¥i¥Î,¤O«OªÕ¹çª`®g²G 20%,Lipofundin (¤p¨àTPN¥Î100mL¡A 20%,,,§_,¬O,,»Ý¦æ½wºC¤§ÀR¯ßª`®g,,Slow IV infusion,,,,,¤@¯ë,ª`®g,Äµ »y: »Ý¦æ½wºC¤§ÀR¯ßª`®g,,,,,¬O,100.0,¦³,§_,¬O,§_,½Æ¤è,§_,°±¥Î,°±¥Î,¤£¥i¿i,§_,,0,0,100.00,100.00,100,100,1,1,200.00,200.00,0,0,,¦³¹Ï¤ù,,0,,0,,B05BA02,,,,,,,,,BOT,,°·«Oµ¹¥I,°·«Oµ¹¥I,FAT EMULSIONS MCT/LCT,B05BA02,BC18307255,§_,Liquid,IVSOL,,,20.00,GM,100.00,mL,¬Ò¥i,³æ¦¸¿éª`,PH065,202401191601,163.00,196.00
ILIPD,20020416,99999999,¥i¥Î,Lipo-Dox inj 20mg (¦Û¶O¥Î),Lipo-Dox inj 20mg (¦Û¶O¥Î),Doxorubicin,IVD,,RACA,ON-03-01,°w¾¯,mg,Lipo-Dox,«D²Õ®M,,,¤@¯ë¥i¥Î,¬O,¤£¥i¥ÎÃÄ¥]¾÷,°·«O¤£µ¹¥I,¤@¯ë,Á`¶q¶i¦ì,¾AÀ³¯g:§Ü¸~½FÃÄ,°t»s«á«O¦s´Á­­¡G24hrs(2-8¢XC)¡A­­½Õ»s·í¤é§¹¦¨µ¹ÃÄ,Indication:Cancer therapy.,,¥~ Æ[:¸Ë¦³¬õ¦â·»²G¤§10mL¤p²~,,¤ßÅ¦¬r©Ê¡A ¹Ã¦R¡A ¥Õ¦å²y´î¤Ö,Cardiac toxicity¡A Nausea¡A leukopenia.,,¬Ò¥i¥Î,¤O±o·L¯×Åéª`®g¾¯,¡I¡ILipo-Dox(¦Û¶O¥Î),,,§_,¬O,,½Ð¸m©óÄá¤ó 2-8 «×¦B½c§NÂÃ,,Store in a refrigerator (2-8¢XC).,,,,,¤ÆÀø,¤ÆÀø,Äµ »y:½Ð¸m©óÄá¤ó 2-8 «×¦B½cÁ×¥ú§NÂÃ«O¦s¡C,Äµ °ªÄµ°T,,20.0,-20.0,¬O,20.0,,§_,¬O,§_,³æ¤è,§_,°±¥Î,°±¥Î,¤£¥i¿i,¬O,,1.00,1.00,150.00,150.00,1,1,1,1,150.00,150.00,0,0,,¦³¹Ï¤ù,,0,,0,,L01DB01,,,,,,,,,VAL,§_,¤£µ¹¥I¶·¦Û¥I,¤£µ¹¥I¶·¦Û¥I,,,,§_,Liquid,IVSOL,¦M®`¤@¯Å(¡I¡I),,20.00,mg,10.00,mL,¥²¶·µ}ÄÀ,³æ¦¸¿éª`,PH008,202311171142,0,12250.00
ILIPD1,20041106,99999999,¥i¥Î,Lipo-Dox inj 20mg (°·«O¥Î),Lipo-Dox inj 20mg (°·«O¥Î),Doxorubicin,IVD,,RACA,ON-03-01,°w¾¯,mg,Lipo-Dox,«D²Õ®M,,,¤@¯ë¥i¥Î,¬O,¤£¥i¥ÎÃÄ¥]¾÷,­­¥Î,¤@¯ë,Á`¶q¶i¦ì,¾AÀ³¯g:§Ü¸~½FÃÄ,°t»s«á«O¦s´Á­­¡G24hrs(2-8¢XC)¡A­­½Õ»s·í¤é§¹¦¨µ¹ÃÄ,Indication:Cancer therapy.,,¥~ Æ[:¸Ë¦³¬õ¦â·»²G¤§10mL¤p²~,,¤ßÅ¦¬r©Ê¡A ¹Ã¦R¡A ¥Õ¦å²y´î¤Ö,Cardiac toxicity¡A Nausea¡A leukopenia.,,¬Ò¥i¥Î,¤O±o·L¯×Åéª`®g¾¯,Lipo-Dox (°·«O¥Î),,,§_,¬O,,½Ð¸m©óÄá¤ó 2-8 «×¦B½c§NÂÃ,,Store in a refrigerator (2-8¢XC).,,,,,¤ÆÀø,¤ÆÀø,Äµ »y:½Ð¸m©óÄá¤ó 2-8 «×¦B½cÁ×¥ú§NÂÃ«O¦s¡C,Äµ °ªÄµ°T,,20.0,-20.0,¬O,20.0,,§_,¬O,§_,³æ¤è,§_,°±¥Î,°±¥Î,¤£¥i¿i,¬O,,1.00,1.00,150.00,150.00,1,1,1,1,150.00,150.00,0,0,,¦³¹Ï¤ù,,0,,0,,L01DB01,,,,,,,,,VAL,,°·«Oµ¹¥I,°·«Oµ¹¥I,DOXORUBICIN LIPOSOMAL COMPLEX,L01DB01,AB41037229,§_,Liquid,IVSOL,¦M®`¤@¯Å(¡I¡I),,20.00,mg,10.00,mL,¥²¶·µ}ÄÀ,³æ¦¸¿éª`,PH065,202212180952,11986.00,14383.00
ILIPF,20200405,99999999,°±¥Î,LIPOFUNDIN 10% 500mL,Lipofundin 10% 500mL,Soyean oil + MCT+ Egg Yolk Phospholipids+ Glycerol,IVD,,NUTR,NU-04-03,°w¾¯,BOT,Intrafat,«D²Õ®M,°±¥Î,,¤@¯ë¥i¥Î,¬O,¥i¥ÎÃÄ¥]¾÷,±ø¥ó¤Uµ¹¥I,¤@¯ë,¤é¾¯¶q¶i¦ì,¾AÀ³¯g:¦¨¤H¯×½èÀç¾i¸Éµ¹²G,,Indication:In parenteral nutrition for energy & essential,fatty acids supplementation.,¥~ Æ[:³z©ú¨Å¥Õ¦â500mL²~¸Ë,Appearance: 250mL glass bottle,©I§l§xÃø¡B¹L±Ó¤ÏÀ³¡B°ª¦å¯×¯g¡Bäú¤ß¡B¹Ã¦R¡BÀYµh¡Bµo¼ö¡B¬È´H,dyspnea¡A allergic reaction¡A hyperglycemia¡A nausea¡A vomiting,,¬Ò¥i¥Î,¤O«OªÕ¹çÀR¯ßÂIºwª`®g²G10%,Lipofundin 10% 500mL,,,,¬O,,¥»«~³Ì¤jª`®g³t²v¬° 1.5mL/kg/hr,,Max infusion rate up to 1.5mL/kg/hr,,,,2020/04[ILIPO]¯Ê³f´À¥N,¤@¯ë,ª`®g,Äµ »y:¥»«~³Ì¤jª`®g³t²v¬° 1.5ml/kg/hor,,,0,0,§_,1.0,¦³,§_,¬O,§_,½Æ¤è,§_,°±¥Î,°±¥Î,¤£¥i¿i,¬O,,1.00,1.00,1.00,1.00,999,999,1,1,1.00,1.00,0,0,,µL¹Ï¤ù,,0,,0,,B05BA02,,,,,0,,0,,BOT,,°·«Oµ¹¥I,°·«Oµ¹¥I,FAT EMULSIONS MCT/LCT,B05BA02,BC18308277,§_,Liquid,IVSOL,,,50.00,GM,500.00,mL,¤£»Ýµ}ÄÀ,³æ¦¸¿éª`,PH034,202005251050,168.00,202.00
ILIPI,20181116,99999999,¥i¥Î,Lipiodol ultra-fluid 4800mg/10mL,Lipiodol ultra-fluid 4800mg/10mL,Iodine¡A combined ethyl ester of fatty acid oil,,STAT,SCAN,VS-01-05,°w¾¯,AMP,Lipiodol,«D²Õ®M,°±¥Î,,¤@¯ë¥i¥Î,¬O,¥i¥ÎÃÄ¥]¾÷,°·«O¤£µ¹¥I,¤£¦LÃÄÅÒ,Á`¶q¶i¦ì,¾AÀ³¯g:©ñ®g¾ÇÀË¬d©M¥~¬ì¤â³N¨Ï¥Î,,Indication:Radiological examination and surgical operation.,,¥~ Æ[:10mL¦w²~¡A ¤º¥R¶ñ¶À¦â²GÅé,Appearance: 10 mL ampoule with yellow solution.,¸£®ê¶ë¡AªÍ®ê¶ë¡A¨xÀR¯ß¦å®ê§Î¦¨¡A¹L±Ó¤ÏÀ³,Cerebral embolism¡A pulmonary embolism¡A hepatic vein thrombosis¡A anaphylaxis,,¥u¥Î©óªù¶E¤Î¦í°|STAT,²O¥Ö¹D§Z³y¼v²G,Lipiodol 4800mg/10mL,,,,¬O,,»Ý¨Ï¥Î¬Á¼þ°wµ©µ¹ÃÄ¡C,,To be injected with a glass syringe.,,,,[Rx_o]³B¤è¶°Åã¥Ü,¤@¯ë,ª`®g,»Ý¨Ï¥Î¬Á¼þ°wµ©µ¹ÃÄ¡C,Äµ °ªÄµ°T,,0,0,§_,1.0,,§_,¬O,§_,³æ¤è,,°±¥Î,,¤£¥i¿i,§_,,0,0,2.00,2.00,1,1,1,1,2.00,2.00,0,0,,¦³¹Ï¤ù,,0,,0,,V08AD01,,,,,0,,0,,AMP,,¤£µ¹¥I¶·¦Û¥I,¤£µ¹¥I¶·¦Û¥I,,,,§_,LiquidSolidSuspension,PUD,,,4800.00,mg,10.00,mL,,,PH047,202301181726,0,7200.00
ILIPO,19960101,99999999,¥i¥Î,Lipofundin 10% 250mL,Lipofundin 10% 250mL,Soyean oil + MCT+ Egg Yolk Phospholipids+ Glycerol,IVD,,NUTR,NU-04-03,°w¾¯,BOT,Intrafat,«D²Õ®M,,,¤@¯ë¥i¥Î,¬O,¥i¥ÎÃÄ¥]¾÷,±ø¥ó¤Uµ¹¥I,¤@¯ë,Á`¶q¶i¦ì,¾AÀ³¯g:¦¨¤H¯×½èÀç¾i¸Éµ¹²G,,Indication:In parenteral nutrition for energy & essential,fatty acids supplementation.,¥~ Æ[:³z©ú¨Å¥Õ¦â250mL²~¸Ë,Appearance: 250mL glass bottle,©I§l§xÃø¡B¹L±Ó¤ÏÀ³¡B°ª¦å¯×¯g¡Bäú¤ß¡B¹Ã¦R¡BÀYµh¡Bµo¼ö¡B¬È´H,dyspnea¡A allergic reaction¡A hyperglycemia¡A nausea¡A vomiting,,,¤O«OªÕ¹çª`®g²G 10%,Lipofundin 10% 250mL,,,§_,¬O,,¥»«~³Ì¤jª`®g³t²v¬° 1.5mL/kg/hr,,Max infusion rate up to 1.5mL/kg/hr,,,,,¤@¯ë,ª`®g,Äµ »y:¥»«~³Ì¤jª`®g³t²v¬° 1.5ml/kg/hor,,,,,§_,1.0,¦³,§_,¬O,§_,½Æ¤è,§_,°±¥Î,°±¥Î,¤£¥i¿i,¬O,,1.00,1.00,1.00,1.00,999,999,1,1,2.00,2.00,0,0,,¦³¹Ï¤ù,,0,,0,,B05BA02,,,,,,,,,BOT,§_,°·«Oµ¹¥I,°·«Oµ¹¥I,FAT EMULSIONS MCT/LCT,B05BA02,BC18308265,§_,Liquid,IVSOL,,,25.00,GM,250.00,mL,¤£»Ýµ}ÄÀ,³æ¦¸¿éª`,PH022,202205251531,165.00,198.00
ILIPO2,20061105,99999999,°±¥Î,Lipovenoes 20% 100mL(¤p¨àTPN¥Î),Lipovenoes 20% 100mL(¤p¨àTPN¥Î),Soybean Oil,IVD,AS,NUTR,NU-04-03,°w¾¯,ML,intrafat,«D²Õ®M,°±¥Î,ILIP21,¤w°±¥Î,¬O,¤£¥i¥ÎÃÄ¥]¾÷,­­¥Î,¦C¦L¦í°|ÃÄÅÒ,Á`¶q¶i¦ì,¾AÀ³¯g:¬°¥®¨à¯×½èÀç¾i¸Éµ¹²G,,,,,,,,,¥u¥Î©óªù¶E¤Î¦í°|STAT,¥ß±o¯à 20%,Lipovenoes 20% 100mL(¤p¨àTPN¥Î),,,§_,¬O,,,,,,,,,¤@¯ë,ª`®g,Äµ »y: »Ý¦æ½wºC¤§ÀR¯ßª`®g,,,,,¬O,100.0,,§_,¬O,§_,½Æ¤è,§_,¥i¥Î,¥i¥Î,¤£¥i¿i,¬O,,1.00,1.00,2.00,2.00,999,999,1,1,0,0,0,0,,µL¹Ï¤ù,,0,,0,,,,,,,,,,,BOT,,°·«Oµ¹¥I,°·«Oµ¹¥I,FAT EMULSIONS MCT/LCT,B05BA02,B022874255,§_,Liquid,IVSOL,,,,,,,¬Ò¥i,³æ¦¸¿éª`,PH008,201803011210,214.00,257.00
ILIS,19960101,99999999,°±¥Î,Licef-A 1gm inj,Licef-A 1gm inj,Cephradine,IVD,,QANB,AI-01-02,°w¾¯,VAL,,«D²Õ®M,°±¥Î,,¤@¯ë¥i¥Î,¬O,¥i¥ÎÃÄ¥]¾÷,,¤@¯ë,Á`¶q¶i¦ì,¾AÀ³¯g:²Óµß©Ê·P¬V,,Indication:Antibacterial agent.,,¥~ Æ[:¶À¦â²~»\¡A ºñ¦â¦rÅé¥Õ¦â¶K¯È,Appearance:1g vial,¸z­G¾÷¯à»ÙÃª¡A ¹L±Ó¤ÏÀ³,GI disturbances¡A hypersensitivity reactions.,¤@¯ëÃþ§Ü¥Í¯À,,§Q´_¥Òª`®g¾¯,Licef-A 1gm inj,,,§_,¬O,,½Ð¿í·ÓÂå®v«ü¥Ü¨Ï¥Î¡A­Yµo¥Í¹L±Ó²{¶H½Ð»PÂå®vÁpµ¸,,Follow doctor's advice. Check with doctor if you notice any allergic symptoms.,,,,,¤@¯ë,ª`®g,Äµ »y:½Ð¿í·ÓÂå®v«ü¥Ü¨Ï¥Î¡A­Yµo¥Í¹L±Ó²{¶H½Ð»PÂå®vÁpµ¸,,,,,¬O,1.0,,§_,§_,§_,³æ¤è,§_,°±¥Î,¥i¥Î,¤£¥i¿i,¬O,,1.00,1.00,2.00,2.00,7,7,1,1,0,0,0,0,,¦³¹Ï¤ù,,0,,0,,J01DB09,,,,,1.00,g,2.00,g,VAL,§_,°·«Oµ¹¥I,°·«Oµ¹¥I,CEPHRADINE,J01DB09,AC42414209,§_,Liquid,IVSOL,,,,,,,¬Ò¥i,³æ¦¸¿éª`,PH009,201707171621,33.40,43.00
ILOF1,20070404,99999999,°±¥Î,LofaDine °w¾¯ 1gm,LofaDine Inj 1gm,Cephradine,IVD,,QANB,AI-01-02,°w¾¯,VAL,Lisacef,«D²Õ®M,°±¥Î,ILIS,¤@¯ë¥i¥Î,¬O,¥i¥ÎÃÄ¥]¾÷,¥i¥Î,¤@¯ë,Á`¶q¶i¦ì,¾AÀ³¯g:²Óµß©Ê·P¬V,,Indication:Antibacterial agent.,,¥~ Æ[:³z©ú¤p²~¡A ¶À¥Õ¶K¯È¡A ÂÅ¦â¥~»\,,¸¡Âm¡A ¹L±Ó©Ê¤ÏÀ³,Diarrhea¡A anaphylaxis.,¤@¯ëÃþ§Ü¥Í¯À,¬Ò¥i¥Î,¼ÖµØ©wª`®g¾¯,LofaDine Inj 1gm,,,§_,¬O,,µÇ¥\¯à¤£¨¬ªÌ»Ý½Õ¾ã¾¯¶q,,,,,,,¤@¯ë,ª`®g,Äµ »y:µÇ¥\¯à¤£¨¬ªÌ»Ý½Õ¾ã¾¯¶q,,,,,¬O,1.0,,§_,§_,§_,³æ¤è,§_,¥i¥Î,¥i¥Î,¤£¥i¿i,¬O,,1.00,1.00,2.00,2.00,7,7,1,1,8.00,8.00,0,0,,¦³¹Ï¤ù,,0,,0,,J01DB09,,,,,1.00,g,2.00,g,VAL,,°·«Oµ¹¥I,°·«Oµ¹¥I,CEPHRADINE,J01DB09,A029504209,§_,Liquid,IVSOL,,,,,,,¬Ò¥i,³æ¦¸¿éª`,PH009,201707171621,33.30,42.00
ILOS,19960101,99999999,°±¥Î,Losec 40mg inf,Losec 40mg inf,Omeprazole,IVD,,ALIM,GI-01-02,°w¾¯,VAL,Losec,«D²Õ®M,°±¥Î¡A¥i¬dÃþ¦üÃÄ,,¤@¯ë¥i¥Î,¬O,¥i¥ÎÃÄ¥]¾÷,±ø¥ó¤Uµ¹¥I,¤@¯ë,Á`¶q¶i¦ì,¾AÀ³¯g:¥Dªv®ø¤Æ©Ê¼ìºÅ,,Indication: Gsatric ulcer.,,¥~Æ[:¸Ë¦³¥Õ¦â¯»¶ôªº³z©ú¤p²~,,,,,,¼Ö»Ä§JÀR¯ßÂIºw¿éª`¥Î­á´¹ª`®g¾¯,Losec 40mg inf,,,§_,¬O,,,,,,,,,¤@¯ë,ª`®g,Äµ »y:½Ð¥H100ml N/S©ÎD5W·»¸Ñ¡A ºwª`®É¶¡¦Ü¤Ö20~30¤ÀÄÁ,,,,,¬O,1.0,,§_,§_,§_,³æ¤è,§_,¥i¥Î,¥i¥Î,¤£¥i¿i,¬O,,1.00,1.00,1.00,10.00,999,999,1,1,0,0,0,0,,¦³¹Ï¤ù,,0,,0,,A02BC01,,,,,,,,,VAL,§_,°·«Oµ¹¥I,°·«Oµ¹¥I,OMEPRAZOLE/ESOMEPRAZOLE,A02BC01,B019997245,§_,Liquid,IVSOL,,,,,,,¬Ò¥i,³æ¦¸¿éª`,PH032,201605121215,207.00,248.00
ILUC,20101001,99999999,°±¥Î,Lucentis inj 3mg/0.3mL,Lucentis inj 3mg/0.3mL,Ranibizumab,IVI,STAT,TOPH,OP-08-00,°w¾¯,VAL,Lucentis,«D²Õ®M,°±¥Î¡A¥i¬dÃþ¦üÃÄ,,¤w°±¥Î,¬O,¤£¥i¥ÎÃÄ¥]¾÷,,¤@¯ë,Á`¶q¶i¦ì,¾AÀ³¯g:¥Î©óªvÀø¦åºÞ·s¥Í«¬¦~ÄÖ¬ÛÃö©Ê¶À´³³¡°h¤Æ¯fÅÜ,,Indication: Age-related macular degeneration¡A AMD.,,¥~Æ[:,,³h¦å¡BµJ¼{¡BÀYµh¡B²´·úµoª¢,,,¬Ò¥i¥Î,¼ÖµÎ·úª`®g¾¯,Lucentis inj 3mg/0.3mL,,,§_,¬O,,,,,,,,,¤@¯ë,ª`®g,Äµ »y:¥»«~¬°­«¯gªvÀøÃÄª«¡A½Ð¨Ì·ÓÂå®v«ü¥Ü¨Ï¥Î¡C,,,,,¬O,1.0,,§_,§_,¬O,³æ¤è,§_,°±¥Î,¥i¥Î,¤£¥i¿i,¬O,,1.00,1.00,1.00,1.00,1,1,1,1,0,0,0,0,,µL¹Ï¤ù,,0,,0,,S01LA04,,,,,,,,,VAL,,¤£µ¹¥I¶·¦Û¥I,¤£µ¹¥I¶·¦Û¥I,,,,§_,Liquid,SOL,,,,,,,¬Ò¥i,³æ¦¸¿éª`,PH008,201403201334,0,60000.00
ILUC2,20110314,99999999,°±¥Î,Lucentis inj 0.23mL,Lucentis inj 0.23mL,Ranibizumab,IVI,ST,TOPH,OP-08-00,°w¾¯,Vial,Lucentis,«D²Õ®M,°±¥Î,,ÃÄ©e·|Á{±Ä,¬O,¤£¥i¥ÎÃÄ¥]¾÷,±ø¥ó¤Uµ¹¥I,¤@¯ë,Á`¶q¶i¦ì,¾AÀ³¯g:¦åºÞ·s¥Í«¬¦~ÄÖ¬ÛÃö©Ê¶À´³³¡°h¤Æ¯fÅÜ,,Indication:Neovascular age-related macular degeneration,,¥~ Æ[:0.23mL²~¸Ëªþ³]ª`®g°wµ©¡A °wÀY¡A ¹LÂo°wÀY,,³h¦å¡A µJ¼{¡A ÀYµh¡A ²´·úµoª¢,Anemia; anxiety; headache; intraocular inflammation,,¥u¥Î©óªù¶E¤Î¦í°|STAT,¼ÖµÎ´¸ª`®g¾¯,Lucentis inj 0.23mL,,,§_,¬O,,ªvÀø¹Lµ{¤¤¥i¯à·|¾É­P¼È®É©ÊµøÄ±»ÙÃª,,May impair ability to drive or operate machinery.,,½Ð¸m©óÄá¤ó 2-8 «×¦B½c§NÂÃ,Store in a refrigerator (2-8¢XC).,100¦~²Ä¤@¦¸ÃÄ©e·|³q¹LÁ{±Ä«~¶µ¡A2018-Q2 ÃÄ©e·|§R°£,¤@¯ë,ª`®g,Äµ »y:ªvÀø¹Lµ{¤¤¥i¯à·|¾É­P¼È®É©ÊµøÄ±»ÙÃª,,,,,§_,1.0,,§_,¬O,¬O,³æ¤è,§_,°±¥Î,¥i¥Î,¤£¥i¿i,¬O,,1.00,1.00,1.00,1.00,1,1,1,1,1.00,1.00,0,0,,¦³¹Ï¤ù,,0,,0,,S01LA04,,,,,,,,,¤ä,¬O,°·«Oµ¹¥I,°·«Oµ¹¥I,RANIBIZUMAB,S01LA04,KC008792FM,§_,Liquid,SOL,,,2.30,mg,0.23,mL,¬Ò¥i,³æ¦¸¿éª`,PH006,201809120913,18308.00,21970.00
ILUC3,20180615,99999999,¥i¥Î,Lucentis inj 10mg/mL¡A 0.165mL,Lucentis inj 10mg/mL¡A 0.165mL,Ranibizumab,IVI,STAT,TOPH,OP-08-00,°w¾¯,¤ä,,«D²Õ®M,,,¤@¯ë¥i¥Î,¬O,¥i¥ÎÃÄ¥]¾÷,±ø¥ó¤Uµ¹¥I,¤@¯ë,Á`¶q¶i¦ì,¾AÀ³¯g:¦åºÞ·s¥Í«¬¦~ÄÖ¬ÛÃö©Ê¶À´³³¡°h¤Æ¯fÅÜ,¡B¿}§¿¯f¤Þ°_¶À´³³¡¤ô¸~,Indication:Neovascular age-related macular degeneration¡A,diabetic macular edema,¥~ Æ[: 0.165mL ¹w¶ñ¥R°wµ©,Appearance: 0.165mL sterile solution in a pre-filled syringe,³h¦å¡A µJ¼{¡A ÀYµh¡A ²´·úµoª¢,Anemia; anxiety; headache; intraocular inflammation,,¥u¥Î©óªù¶E¤Î¦í°|STAT,¼ÖµÎ´¸ª`®g¾¯,Lucentis inj 1.65mg/0.165mL,,,,¬O,,ªvÀø¹Lµ{¤¤¥i¯à·|¾É­P¼È®É©ÊµøÄ±»ÙÃª,,May impair ability to drive or operate machinery.,,½Ð¸m©óÄá¤ó 2-8 «×¦B½c§NÂÃ,Store in a refrigerator (2-8¢XC).,2018-Q2 ÃÄ©e·|·s¶i,¤@¯ë,ª`®g,Äµ »y:ªvÀø¹Lµ{¤¤¥i¯à·|¾É­P¼È®É©ÊµøÄ±»ÙÃª,,,0,0,§_,1.0,,§_,¬O,¬O,³æ¤è,,°±¥Î,°±¥Î,¤£¥i¿i,§_,,1.00,1.00,1.00,1.00,1,1,1,1,1.00,1.00,0,0,,¦³¹Ï¤ù,,0,,0,,S01LA04,,,,,0,,0,,¤ä,¬O,°·«Oµ¹¥I,°·«Oµ¹¥I,RANIBIZUMAB,S01LA04,KC00990288,§_,Liquid,SOL,,,1.65,mg,0.16,mL,¤£»Ýµ}ÄÀ,³æ¦¸¿éª`,PH034,202101261504,18308.00,21970.00
ILUM,19960101,99999999,°±¥Î,Lumian inj,Lumian inj,Phenobarbital,IM,,CNEU,CN-02-07,°w¾¯,AMP,Lumian,«D²Õ®M,°±¥Î¡A¥i¬dÃþ¦üÃÄ,,¤w°±¥Î,¬O,¤£¥i¥ÎÃÄ¥]¾÷,,¤@¯ë,¦¸­p¶q¶i¦ì,¾AÀ³¯g:¥DªvÅöíw«æ©Êµo§@,,,,,,,,,,,Lumian inj,,,§_,¬O,,,,,,,,,¤@¯ë,ª`®g,,,,,,¬O,1.0,,§_,§_,§_,³æ¤è,§_,¥i¥Î,¥i¥Î,¤£¥i¿i,¬O,,1.00,1.00,99.00,99.00,999,999,1,1,0,0,0,0,,µL¹Ï¤ù,,0,,0,,,,,,,,,,,AMP,§_,°·«Oµ¹¥I,°·«Oµ¹¥I,PHENOBARBITAL,N03AA02,A010366209,§_,Liquid,SOL,,,,,,,¬Ò¥i,³æ¦¸¿éª`,PH008,201505131628,3.50,10.00
ILUMI,20200218,99999999,¥i¥Î,Lumicef 210mg/1.5mL inj,Lumicef 210mg/1.5mL inj,Brodalumab,SC,ASORDER,HIMM,IM-04-00,°w¾¯,¤ä,Lumicef,«D²Õ®M,Á{±ÄÃÄ¡A½Ð³qª¾ÃÄ§½¥~ÁÊ,,¥»°|Á{±Ä²M³æ,¬O,¤£¥i¥ÎÃÄ¥]¾÷,¥i¥Î,¤@¯ë,Á`¶q¶i¦ì,¾AÀ³¯g:¤¤¦Ü­««×´³¶ô©Ê°®Å~¡AÁw¯p©Ê°®Å~,,Indication:Moderate to severe plaque psoriasis¡A,pustular psoriasis,¥~ Æ[:³z©ú¦Ü²H¨Å¥Õ©Î²H¶À¦â·»²Gªº¹w¥R¶ñª`®g°wµ©,Appearance:Solution in pre-filled syringe,·P¬V¡A¥Õ¦å²y¼Æ­È²§±`¡AÃö¸`¯kµh¡AëC³Â¯l,Infection¡A abnormal white blood cell count¡A joint pain¡A urticaria,,¬Ò¥i¥Î,¥ß¬ü¦è½§¥Ö¤Uª`®g¾¯210²@§J,Lumicef 210mg/1.5mL inj,,,,¬O,,2-8¢J«O¦s¡A«Ç·Å(25¢J)¥u¯à«O¦s14¤Ñ,¤Å§N­á¡A¤Å·n®Ì,Store at 2-8 ¢J¡A or 25 ¢J for 14 days,Do not freeze and do not shake,¨Ï¥Î«e½ÐÀR¸m30¤ÀÄÁ¦^·Å,Allow prefilled syringe to reach room temperature for ~30 minutes prior to use,202002­Ó®×Á{±Ä,¤@¯ë,ª`®g,,,,0,0,§_,1.0,,§_,¬O,§_,³æ¤è,§_,¥i¥Î,¥i¥Î,¤£¥i¿i,¬O,,1.00,1.00,1.00,1.00,28,28,7,7,1.00,1.00,0,0,,¦³¹Ï¤ù,,0,,0,,L04AC12,,,,,0,,0,,¤ä,¬O,°·«Oµ¹¥I,°·«Oµ¹¥I,BRODALUMAB,L04AC12,KC010762DA,,Liquid,IVSOL,,,210.00,mg,1.50,mL,,,PH047,202402140702,13171.00,15805.00
ILUP,19960101,99999999,°±¥Î,Leuprolide (Lupron) 5mg/mL¡A 2.8mL,Leuprolide (Lupron) 5mg/mL¡A 2.8mL,Leuprolide,SC,,RACA,ON-05-02,°w¾¯,Vial,Lupron,«D²Õ®M,°±¥Î,,¤@¯ë¥i¥Î,¬O,¤£¥i¥ÎÃÄ¥]¾÷,°·«O¤£µ¹¥I,¤@¯ë,Á`¶q¶i¦ì,¾AÀ³¯g:¥Dªv«e¦C¸¢Àù¡A ¤l®c¤º½¤²§¦ì,,Indication:Used in endocrine therapy.,,¥~ Æ[:2.8 mL ¤p²~¸Ë,,µu¼È¤Ö¦³¦å§¿©Î§¿¹Dªý¶ë,Rarely transient hematuria or urinary tract obstruction.,,¬Ò¥i¥Î,¬hµÐªL ª`®g²G,Leuprolide (Lupron) 5mg/mL¡A,,,§_,¬O,,¶JÂÃ·Å«×¤£¥i°ª©ó25¢J,¶}©l¨Ï¥Î«á½Ð©ñ¸m©ó2-8¢J§NÂÃ¡A¨Ã©ó²~¨­¼Ð¥Ü¤é´Á,Store under 25¢XC,After opening¡A store at 2-8¢J.,¶}«Ê«á½Ð¼Ð¥Ü¤é´Á¡A¶W¹L¤@­Ó¤ë¤£«ØÄ³¨Ï¥Î¡C,,,¤@¯ë,ª`®g,Äµ »y:¶JÂÃ·Å«×¤£¥i©ó°ª©ó25¢J,,,,,¬O,1.0,,¬O,§_,§_,³æ¤è,§_,¥i¥Î,¥i¥Î,¤£¥i¿i,¬O,,1.00,1.00,1.00,1.00,1,1,1,1,2.00,2.00,0,0,,¦³¹Ï¤ù,,0,,0,,L02AE02,,,,,,,,,VAL,§_,¤£µ¹¥I¶·¦Û¥I,¤£µ¹¥I¶·¦Û¥I,,,,§_,Liquid,SOL,,,,,,,¬Ò¥i,³æ¦¸¿éª`,PH032,202109091826,0,5594.00
IMAB1,20090601,99999999,¥i¥Î,Mabthera inj 100mg/10mL,Mabthera inj 100mg/10mL,Rituximab,IVD,,RACA,ON-09-01,°w¾¯,mg,Mabthera,«D²Õ®M,Á{±ÄÃÄ¡A½Ð³qª¾ÃÄ§½¥~ÁÊ,,ÃÄ©e·|Á{±Ä,¬O,¤£¥i¥ÎÃÄ¥]¾÷,±ø¥ó¤Uµ¹¥I,¤@¯ë,Á`¶q¶i¦ì,¾AÀ³¯g:²O¤Ú½F¡A Ãþ­·Àã©ÊÃö¸`ª¢,°t»s«á«O¦s´Á­­¡G12hrs(25¢XC) Á×¥ú«O¦s¡A½Õ»s®É¶¡¡G,Indication:For lymphoma¡A rheumatoid arthritis.,,¥~ Æ[:¸Ë¦³10mL·»²G¤§³z©ú¤p²~¡A ²~»\¬°¬õ¦â,Appearance: 10mL vial,¥|ªÏ¦B§N¡A ¯h­Â¡A ¸z­G¾÷¯à»ÙÃª¡A ¤ß·i®}½w,Cold extremities¡A fatigue¡A GI disturbances¡A bradycardia.,,¬Ò¥i¥Î,²ö¶·½Fª`®g¾¯,Mabthera,,,§_,¬O,,¥i¯à·|¥X²{µo¿N¡A ¬È´H¡A §C¦åÀ£¡A ëC³Â¯l¡A ¦åºÞ¤ô¸~¡A ©I§l§xÃøµ¥¯gª¬,,,,,,,¤ÆÀø,¤ÆÀø,Äµ »y¡G¥i¯à·|¥X²{µo¿N¡B¬È´H¡B§C¦åÀ£¡BëC³Â¯l¡B¦åºÞ¤ô¸~¡B©I§l§xÃøµ¥¯gª¬,SA «÷­µ¬Û¦ü,,,,¬O,100.0,,§_,¬O,§_,³æ¤è,§_,°±¥Î,°±¥Î,¤£¥i¿i,¬O,,1.00,1.00,1000.00,1000.00,1,1,1,1,1000.00,1000.00,0,0,,¦³¹Ï¤ù,,0,,0,,L01FA01,,,,,,,,,VIAL,¬O,°·«Oµ¹¥I,°·«Oµ¹¥I,RITUXIMAB,L01FA01,KC00928229,§_,Liquid,IVSOL,,,100.00,mg,10.00,mL,¥²¶·µ}ÄÀ,³æ¦¸¿éª`,PH032,202303261546,7098.00,8518.00
IMAB5,20090601,99999999,¥i¥Î,MABTHERA infusion 500mg/50mL,MABTHERA infusion 500mg/50mL,Rituximab,IVD,,RACA,ON-09-01,°w¾¯,mg,Mabthera,«D²Õ®M,Á{±ÄÃÄ¡A½Ð³qª¾ÃÄ§½¥~ÁÊ,,±`³ÆÁ{±Ä(¤£§R),¬O,¤£¥i¥ÎÃÄ¥]¾÷,±ø¥ó¤Uµ¹¥I,¤@¯ë,Á`¶q¶i¦ì,¾AÀ³¯g:²O¤Ú½F¡A Ãþ­·Àã©ÊÃö¸`ª¢,°t»s«á«O¦s´Á­­¡G12hrs(25¢XC) Á×¥ú«O¦s¡A½Õ»s®É¶¡¡G,Indication:For lymphoma¡A rheumatoid arthritis.,,¥~ Æ[:¸Ë¦³50mL·»²G¤§³z©ú¤p²~¡A ²~»\¬°¦Ç¦â,Appearance: 50mL vial,¥|ªÏ¦B§N¡A ¯h­Â¡A ¸z­G¾÷¯à»ÙÃª¡A ¤ß·i®}½w,Cold extremities¡A fatigue¡A GI disturbances¡A bradycardia.,,¥u¥Î©óªù¶E¤Î¦í°|STAT,²ö¶·½Fª`®g¾¯,Mabthera,,,§_,¬O,,¥i¯à·|¥X²{µo¿N¡A ¬È´H¡A §C¦åÀ£¡A ëC³Â¯l¡A ¦åºÞ¤ô¸~¡A ©I§l§xÃøµ¥¯gª¬,,,,,,,¤ÆÀø,¤ÆÀø,Äµ »y¡G¥i¯à·|¥X²{µo¿N¡B¬È´H¡B§C¦åÀ£¡BëC³Â¯l¡B¦åºÞ¤ô¸~¡B©I§l§xÃøµ¥¯gª¬,SA «÷­µ¬Û¦ü,,,,¬O,500.0,,§_,¬O,§_,³æ¤è,§_,°±¥Î,°±¥Î,¤£¥i¿i,§_,,1.00,1.00,1000.00,1000.00,2,2,1,1,1000.00,1000.00,0,0,,¦³¹Ï¤ù,,0,,0,,L01FA01,,,,,,,,,VIAL,¬O,°·«Oµ¹¥I,°·«Oµ¹¥I,RITUXIMAB,L01FA01,KC00928248,§_,Liquid,IVSOL,,,500.00,mg,50.00,mL,¥²¶·µ}ÄÀ,³æ¦¸¿éª`,PH032,202303261546,34285.00,41142.00
IMAG2,20060919,99999999,¥i¥Î,Mg Sulfate inj 10%¡A 200mL,Mg Sulfate inj 10%¡A 200mL,Magnesium Sulfate,IVD,QD,NUTR,NU-04-04,°w¾¯,BOT,,«D²Õ®M,,,¤@¯ë¥i¥Î,¬O,¥i¥ÎÃÄ¥]¾÷,,¤@¯ë,¦¸­p¶q¶i¦ì,¾AÀ³¯g:ÁâÂ÷¤l¯Ê¥F¡A ²£µj¡A ¥¥°ü§¿¬r¯gµ¥,,Indication:Hypomagnesemia¡A prevention of recurrent seizures,,¥~ Æ[:200mL¬Á¼þ²~,,©üºÎ¡A äú¤ß¡A ¹Ã¦R¡A ·NÃÑ¤£²M¡A ¦Ù¦×µL¤O,Drowsiness¡A nausea¡A vomiting¡A confusion¡A muscle weakness,,¬Ò¥i¥Î,²¸»ÄÁâª`®g²G,Mg Sulfate inj 10%¡A 200mL,,,§_,¬O,,¥»«~¤¤¬r¥i¯à¤Þ°_©I§l°±¤î¡A À³ª`·N¦å¤¤¿@«×,,magnesium toxicity can lead to respiratory paralysis¡A monitor serum level,,,,,¤@¯ë,ª`®g,Äµ »y:¥»«~¤¤¬r±`¤Þ°_©I§l°±¤î¡A À³ª`·N¦å¤¤¿@«×,,,,,§_,1.0,¦³,§_,¬O,¬O,³æ¤è,§_,°±¥Î,°±¥Î,¤£¥i¿i,¬O,,1.00,1.00,2.00,2.00,7,7,1,1,3.00,3.00,0.03,0.01,,¦³¹Ï¤ù,,0,,0,,B05XA05,,,,,,,,,BOT,,°·«Oµ¹¥I,°·«Oµ¹¥I,MANGANESE SULFATE,B05XA05,AC38935263,§_,Liquid,IVSOL,,,20.00,GM,200.00,mL,¬Ò¥i,³æ¦¸¿éª`,PH034,202004291533,117.00,140.00
IMAN1,19960101,99999999,°±¥Î,Maniton inj 20% 100mL,Maniton inj 20% 100mL,D-Mannitol,IVD,,CAVS,CV-03-04,°w¾¯,BOT,Maniton,«D²Õ®M,°±¥Î,IANO,¤@¯ë¥i¥Î,¬O,¥i¥ÎÃÄ¥]¾÷,,¤@¯ë,¦¸­p¶q¶i¦ì,¾AÀ³¯g:§Q§¿¡A ­°¸£À£¡A µÇ¤p²y¹LÂo³t²v¤§´ú©wµ¥,,Indication:Management of high eye¡A cerebral pressure.,,¥~ Æ[:100mL¬Á¼þ²~,Appearance: 100mL glass bottle,Åé²G¹q¸Ñ½è¥¢¿Å¡A äú¤ß¡A ¹Ã¦R¡A ¤f´÷,Fluid & electrolyte imbalance¡A nausea & vomiting¡A thirst,,,º¡¤D³qª`®g²G,Maniton 20% 100mL,,,§_,¬O,,½Ð¿í·ÓÂå®v«ü¥Ü¨Ï¥Î¡A ­Yµo¥ÍºÃ¦üÃÄª«¤£¨}¤ÏÀ³½Ð§iª¾Âå¥Í,,Follow doctor's advice. Check with doctor if you notice any side effects.,,,,2019.06ÃÄ©eDC,¤@¯ë,ª`®g,Äµ »y:½Ð¿í·ÓÂå®v«ü¥Ü¨Ï¥Î¡A­Yµo¥ÍºÃ¦üÃÄª«¤£¨}¤ÏÀ³½Ð§iª¾Âå¥Í¡C,,,,,§_,1.0,,§_,¬O,§_,³æ¤è,§_,¥i¥Î,¥i¥Î,¤£¥i¿i,¬O,,1.00,1.00,5.00,5.00,999,999,1,1,5.00,5.00,0.75,0.05,,¦³¹Ï¤ù,,100.00,ML,0,,B05BC01,,,,,,,,,BOT,§_,°·«Oµ¹¥I,°·«Oµ¹¥I,MANNITOL,B05BC01,AC09633255,§_,Liquid,IVSOL,,,20.00,GM,100.00,mL,¬Ò¥i,³æ¦¸¿éª`,PH007,201912261111,39.40,51.00
IMAR4,19960101,99999999,¥i¥Î,Marcaine Spinal 0.5% 4mL inj (³Â¾K¬ì¥Î),Marcaine Spinal 0.5% 4mL inj (³Â¾K¬ì¥Î),Bupivacaine,IT,,ZANE,CN-04-02,°w¾¯,AMP,Marcaine,«D²Õ®M,,,¤@¯ë¥i¥Î,¬O,¤£¥i¥ÎÃÄ¥]¾÷,,¤£¦LÃÄÅÒ,¦¸­p¶q¶i¦ì,¾AÀ³¯g:§½³¡³Â¾K¾¯,,,,,,,,,¥u¥Î©óªù¶E¤Î¦í°|STAT,,Marcaine Spinal 0.5% 4mL inj,,,§_,¬O,,À³µø¨ä¦~ÄÖ¡BÅé­«¤Î¯gªp¤©¥H¾A·í¤§¾¯¶q¡A ¨Ã¯d·NÆ[¹î,,Should consider age¡A weight and disease state to modify dosage.,,,,2013¦~²Ä¤T¦¸ÃÄ©e·|¨MÄ³§R°£,¤@¯ë,ª`®g,Äµ »y:À³µø¨ä¦~ÄÖ¡BÅé­«¤Î¯gªp¤©¥H¾A·í¤§¾¯¶q¡A¨Ã¯d·NÆ[¹î,,,,,¬O,1.0,,§_,¬O,§_,³æ¤è,§_,°±¥Î,°±¥Î,¤£¥i¿i,¬O,,1.00,1.00,9.00,9.00,999,999,1,1,20.00,20.00,0,0,,µL¹Ï¤ù,,0,,0,,N01BB01,,,,,,,,,AMP,§_,°·«O¤£¥Ó³ø¤£­p»ù,°·«O¤£¥Ó³ø¤£­p»ù,,,,§_,Liquid,SOL,,,20.00,mg,4.00,mL,¬Ò¥i,³æ¦¸¿éª`,PH034,202004291533,0,125.00
IMAR5,19960101,99999999,°±¥Î,Marcaine 0.5% inj 100mg/20mL,Marcaine 0.5% inj 100mg/20mL,Bupivacaine,IE,,ZANE,CN-04-02,°w¾¯,VAL,Marcaine,«D²Õ®M,°±¥Î,ICHI,¤@¯ë¥i¥Î,¬O,¤£¥i¥ÎÃÄ¥]¾÷,,¦C¦L¦í°|ÃÄÅÒ,Á`¶q¶i¦ì,¾AÀ³¯g:¬°§½³¡³Â¾K¾¯,,,,,,,,,¥u¥Î©óªù¶E¤Î¦í°|STAT,,Marcaine 0.5% inj 100mg/20mL,,,§_,¬O,,,,,,,,,¤@¯ë,ª`®g,Äµ »y:À³µø¨ä¦~ÄÖ¡BÅé­«¤Î¯gªp¤©¥H¾A·í¤§¾¯¶q¡A¨Ã¯d·NÆ[¹î,,,,,¬O,1.0,,§_,§_,§_,³æ¤è,§_,°±¥Î,¥i¥Î,¤£¥i¿i,¬O,,1.00,1.00,9.00,9.00,999,999,1,1,0,0,0,0,,µL¹Ï¤ù,,0,,0,,,,,,,,,,,VAL,§_,¥Ó³ø¤£­p»ù,¥Ó³ø¤£­p»ù,,,B017201238,§_,Liquid,SOL,,,100.00,mg,20.00,mL,¬Ò¥i,³æ¦¸¿éª`,PH006,202401281102,0,182.00
IMARS,19960101,99999999,¥i¥Î,Marcaine Spinal 0.5% Heavy inj 4mL,Marcaine Spinal 0.5% Heavy inj 4mL,Bupivacaine,IT,,ZANE,CN-04-02,°w¾¯,AMP,Marcaine,«D²Õ®M,,,¤@¯ë¥i¥Î,¬O,¤£¥i¥ÎÃÄ¥]¾÷,,¦C¦L¦í°|ÃÄÅÒ,¦¸­p¶q¶i¦ì,¾AÀ³¯g:§½³¡³Â¾K¾¯,,Indications: local anesthesia,,¥~ Æ[:³z©ú¬Á¼þ 4 mL¦wÞÀ,Appearance: 4 mL ampoule,,,,,³Â¨Î¦]¯á´Õ³Â¾Kª`®g²G,Marcaine Spinal 0.5% Heavy i,,,§_,¬O,,À³µø¨ä¦~ÄÖ¡BÅé­«¤Î¯gªp¤©¥H¾A·í¤§¾¯¶q¡A ¨Ã¯d·NÆ[¹î,,Should consider age¡A weight and disease state to modify dosage.,,,,,¤@¯ë,ª`®g,Äµ »y:À³µø¨ä¦~ÄÖ¡BÅé­«¤Î¯gªp¤©¥H¾A·í¤§¾¯¶q¡A¨Ã¯d·NÆ[¹î,,,,,¬O,1.0,,§_,¬O,§_,³æ¤è,§_,°±¥Î,°±¥Î,¤£¥i¿i,¬O,,1.00,1.00,9.00,9.00,999,999,1,1,20.00,20.00,0,0,,¦³¹Ï¤ù,,0,,0,,N01BB01,,,,,,,,,AMP,§_,¥Ó³ø¤£­p»ù,¥Ó³ø¤£­p»ù,,,,§_,Liquid,SOL,,,20.00,mg,4.00,mL,¬Ò¥i,³æ¦¸¿éª`,PH034,202210281723,0,125.00
IMART,19960101,99999999,°±¥Î,Maltose-10 inj 10% 500mL,Maltose-10 inj 10% 500mL,Maltose,IV,,NUTR,NU-04-02,°w¾¯,BOT,Maltose,«D²Õ®M,°±¥Î¡A¥i¬dÃþ¦üÃÄ,,¤@¯ë¥i¥Î,¬O,¥i¥ÎÃÄ¥]¾÷,,¤@¯ë,Á`¶q¶i¦ì,¾AÀ³¯g:ÁÞÃþ¸Éµ¹²G,,,,,,,,,,³Á¨àÅSª`®g²G,Maltose-10 inj 10% 500mL,,,§_,¬O,,,,,,,,,¤@¯ë,ª`®g,Äµ »y:½Ð¿í·ÓÂå®v«ü¥Ü¨Ï¥Î¡A­Yµo¥ÍºÃ¦üÃÄª«¤£¨}¤ÏÀ³½Ð§iª¾Âå¥Í¡C,,,,,¬O,1.0,,§_,§_,§_,³æ¤è,§_,¥i¥Î,¥i¥Î,¤£¥i¿i,¬O,,1.00,1.00,2.00,5.00,999,999,1,1,0,0,0,0,,¦³¹Ï¤ù,,0,,0,,,,,,,,,,,BOT,§_,°·«Oµ¹¥I,°·«Oµ¹¥I,MALTOSE,B05BA03,AC25902277,§_,Liquid,IVSOL,,,,,,,¬Ò¥i,³æ¦¸¿éª`,PH008,201403201334,130.00,156.00
IMAX,20030623,99999999,°±¥Î,Maxtam inj 500mg,Maxtam inj 500mg,Sulbactam,IVD,,QANB,AI-01-13,°w¾¯,VAL,Maxtam,«D²Õ®M,°±¥Î¡A¥i¬dÃþ¦üÃÄ,,¤@¯ë¥i¥Î,¬O,¥i¥ÎÃÄ¥]¾÷,¥i¥Î,¤@¯ë,Á`¶q¶i¦ì,¾AÀ³¯g:»P£]-lactamÃþ§Ü¥Í¯À¨Ö¥Î¡AªvÀø²Óµß·P¬V,,Indication:To be combined with ampicillin to treat the,moderate to severe bacterial infection.,¥~ Æ[:³z©ú¤p²~¡A ¬õ¦â¥~»\,,¦å²G¯fÅÜ¡A ¹L±Ó¡A ¸z­G¾÷¯à»ÙÃª,Blood disorders¡A hypersensitivity¡A GI disturbances,¤@¯ëÃþ§Ü¥Í¯À,¬Ò¥i¥Î,§í¡HÆF,Maxtam inj 500mg,,,§_,¬O,,­Yµo¥ÍÄY­«¹L±Ó©Îµo¯lµ¥¤£¾A¯gª¬¡A À³§Y°±ÃÄ¨Ã½Ð±ÐÂå®v,,Report to doctor¡A if any severe hypersensitivity or skin rash occur.,,,,,¤@¯ë,ª`®g,Äµ »y: ­Yµo¥ÍÄY­«¹L±Ó©Îµo¯lµ¥¤£¾A¯gª¬¡AÀ³§Y°±ÃÄ¨Ã½Ð±ÐÂå®v,,,,,¬O,1.0,,§_,§_,§_,³æ¤è,§_,¥i¥Î,¥i¥Î,¤£¥i¿i,¬O,,1.00,1.00,8.00,2.00,7,7,1,1,0,0,0,0,,¦³¹Ï¤ù,,0,,0,,J01CG01,,,,,0.50,g,1.00,g,VAL,,°·«Oµ¹¥I,°·«Oµ¹¥I,SULBACTAM,J01CG01,A043869277,§_,Liquid,IVSOL,,,,,,,¬Ò¥i,³æ¦¸¿éª`,PH047,202401261259,189.00,227.00
IMAXI,20150920,99999999,°±¥Î,Maxipime inj 500mg,Maxipime inj 500mg,Cefepime,IVD,Q12H,QANB,AI-01-02,°w¾¯,Vial,Maxipime,«D²Õ®M,°±¥Î,,¤@¯ë¥i¥Î,¬O,¥i¥ÎÃÄ¥]¾÷,±ø¥ó¤Uµ¹¥I,¤@¯ë,Á`¶q¶i¦ì,¾AÀ³¯g:²Óµß©Ê·P¬V,,Indication:Antibiotic for infection.,,¥~ Æ[:³z©ú¤p²~(Vial)¡A¶À¦â¥~»\,Appearance: Vial with yellow cap,¸z­G¾÷¯à»ÙÃª¡A ¹L±Ó¤ÏÀ³¡A ¨x«ü¼Æ²§±`,GI disturbances¡A hypersensitivity reactions¡A liver function abnormal.,ºÞ¨îÃþ§Ü¥Í¯À,¬Ò¥i¥Î,ÁÚµß¥­ª`®g¾¯500¤½µ·,Maxipime inj 500mg,,,,¬O,,­Yµo¥ÍÄY­«¹L±Ó©Îµo¯lµ¥¤£¾A¯gª¬¡A À³§Y°±ÃÄ¨Ã½Ð±ÐÂå®v,,Report to doctor¡A if any severe hypersensitivity or skin rash occur.,,,,104-3 ÃÄ©e·|³q¹L¡A»Ý·Ó·|·P¬V¬ì¦P·N«á¨Ï¥Î¡C2021.09.01ÃÄ©e·|§R°£,¤@¯ë,ª`®g,¹ïÀYÌU¤lµß¯ÀÃþ§Ü¥Í¯À¹L±ÓªÌ¸T¥Î¡I,,,0,0,¬O,1.0,,¬O,¬O,§_,³æ¤è,§_,°±¥Î,¥i¥Î,¤£¥i¿i,¬O,,1.00,1.00,8.00,8.00,7,7,1,1,24.00,24.00,0.30,0.10,,¦³¹Ï¤ù,,0,,0,,J01DE01,,,,,0.50,g,2.00,g,VIAL,§_,°·«Oµ¹¥I,°·«Oµ¹¥I,CEFEPIME,J01DE01,BB21777277,§_,Liquid,IVSOL,,,500.00,mg,,,¥²¶·µ}ÄÀ,³æ¦¸¿éª`,PH008,202111231051,151.00,181.00
IMEA,19960101,99999999,°±¥Î,³Â¯l¦Û¶O¬Ì­],ROUVAX inj( Measles )¦Û¶O,Measles Vaccine,SC,,HIMM,IM-02-02,°w¾¯,VAL,Measles,«D²Õ®M,¼t°Ó¯Ê³f,,¤@¯ë¥i¥Î,¬O,¤£¥i¥ÎÃÄ¥]¾÷,°·«O¤£µ¹¥I,¤@¯ë,Á`¶q¶i¦ì,¾AÀ³¯g:¬°¦Û¶O³Â¯l¬Ì­],,,,,,,,,,,ROUVAX inj( Measles )¦Û¶O,MV,,§_,¬O,,,,,,,,,¤@¯ë,ª`®g,Äµ »y:¬Ì­]±µºØ«á1­Ó¤ë¤º¤£¥i¨ü¥¥,,,,,¬O,1.0,,§_,§_,§_,³æ¤è,§_,¥i¥Î,¥i¥Î,¤£¥i¿i,¬O,,1.00,1.00,1.00,1.00,1,1,1,1,0,0,0,0,,µL¹Ï¤ù,,0,,0,,,,,,,,,,,VAL,§_,¤£µ¹¥I¶·¦Û¥I,¤£µ¹¥I¶·¦Û¥I,,,,§_,Liquid,SOL,,,,,,,¬Ò¥i,³æ¦¸¿éª`,PH032,202110031701,0,150.00
IMEA1,20011024,99999999,°±¥Î,³Â¯l¬Ì­](§K¶O),Rouvax inj (³Â¯l)§K¶O,Measles Vaccine,SC,ST,HIMM,IM-02-02,°w¾¯,DOS,Measles Vaccine,«D²Õ®M,°±¥Î¡A¥i¬dÃþ¦üÃÄ,,¤@¯ë¥i¥Î,¬O,¤£¥i¥ÎÃÄ¥]¾÷,¥i¥Î,¤@¯ë,Á`¶q¶i¦ì,¾AÀ³¯g:¬°³Â¯l¬Ì­],,,,,,,,,¬Ò¥i¥Î,,Rouvax inj (³Â¯l)§K¶O,MV,,§_,¬O,,,,,,,,,,ª`®g,Äµ »y:¬Ì­]±µºØ«á1­Ó¤ë¤º¤£¥i¨ü¥¥,,,,,¬O,1.0,,§_,§_,§_,³æ¤è,§_,¥i¥Î,¥i¥Î,¤£¥i¿i,¬O,,1.00,1.00,1.00,1.00,1,1,1,1,0,0,0,0,,µL¹Ï¤ù,,0,,0,,,,,,,,,,,VAL,,°·«O¤£¥Ó³ø¤£­p»ù,°·«O¤£¥Ó³ø¤£­p»ù,,,,§_,Liquid,SOL,,,,,,,¬Ò¥i,³æ¦¸¿éª`,PH032,202110031701,0,0
IMEAA,19960101,99999999,°±¥Î,Rimevax inj( MEASLES )(½Ã¥Í¸p),Rimevax inj( MEASLES )(½Ã¥Í¸p),Measles Vaccine,SC,,HIMM,IM-02-02,°w¾¯,VAL,Measles,«D²Õ®M,°±¥Î¡A¥i¬dÃþ¦üÃÄ,,¤@¯ë¥i¥Î,¬O,¤£¥i¥ÎÃÄ¥]¾÷,,¤£¦LÃÄÅÒ,Á`¶q¶i¦ì,¾AÀ³¯g:¬°³Â¯l¬Ì­],,,,,,,,,,,Rimevax inj( MEASLES )(½Ã¥Í¸p),,,§_,¬O,,,,,,,,,¤@¯ë,ª`®g,Äµ »y:¬Ì­]±µºØ«á1­Ó¤ë¤º¤£¥i¨ü¥¥,,,,,¬O,1.0,,§_,§_,§_,³æ¤è,§_,¥i¥Î,¥i¥Î,¤£¥i¿i,¬O,,1.00,1.00,1.00,1.00,1,1,1,1,0,0,0,0,,µL¹Ï¤ù,,0,,0,,,,,,,,,,,VAL,§_,¤£µ¹¥I¶·¦Û¥I,¤£µ¹¥I¶·¦Û¥I,,,,§_,Liquid,SOL,,,,,,,¬Ò¥i,³æ¦¸¿éª`,PH032,202110031701,0,150.00
IMEN,20060804,99999999,¥i¥Î,Menopur 75/75 IU,Menopur 75/75 IU,FSH 75 IU + LH 75 IU,SC,,HM,HR-02-00,°w¾¯,VAL,Menotropin,«D²Õ®M,,IMER75,¤@¯ë¥i¥Î,¬O,¤£¥i¥ÎÃÄ¥]¾÷,°·«O¤£µ¹¥I,¤@¯ë,¦¸­p¶q¶i¦ì,¾AÀ³¯g:¤H¤u¨ó§U¥Í´Þ»²§U¥ÎÃÄ,,Indication:Ovulation stimulants,,¥~ Æ[:°®¯»¤p²~¸Ë,Appearance:1 vial white powder + 1 vial solvent,¸¡¤ô¡A ¯Ý³¡¿n¤ô¡A ¹è§¿¡A §C¦åÀ£¡A ¦å®ê,Ascites¡A hydrothorax¡A oliguria¡A hypotension¡A thromboembolism,,¬Ò¥i¥Î,¬ü¿Õ¥¥ª`®g¾¯,Menopur 75/75 IU,,,§_,¬O,,ÃÄ«~¨Ï¥Î´Á¶¡¥i¯à¼È¦³äú¤ß¡A ¹Ã¦R©Î·w¯t²{¶H,,May cause nausea¡A vomiting or dizziness temporarily .,,Àx¦s±ø¥ó:Á×¥úÀx¦s¡A·Å«×¤£¥i¶W¹L30¢J,Store at room temperature (<30¢J). Protect from light,,¤@¯ë,ª`®g,Äµ »y:ÃÄ«~¨Ï¥Î´Á¶¡¥i¯à¼È¦³äú¤ß¡B¹Ã¦R©Î·w¯t²{¶H,SA «÷­µ¬Û¦ü,,,,¬O,1.0,,§_,¬O,§_,³æ¤è,§_,°±¥Î,°±¥Î,¤£¥i¿i,¬O,,1.00,1.00,4.00,4.00,99,99,1,1,10.00,10.00,0,0,,¦³¹Ï¤ù,,0,,0,,G03GA02,,,,,,,,,VAL,,¤£µ¹¥I¶·¦Û¥I,¤£µ¹¥I¶·¦Û¥I,,,,§_,Liquid,SOL,¦M®`¤G¯Å(¡I),,75.00,IU,,,¬Ò¥i,,PH006,202308311024,0,1230.00
IMEN6,20181212,99999999,¥i¥Î,MENOPUR multidose 600 IU,MENOPUR multidose 600 IU,FSH 600 IU + LH 600 IU,SC,,HM,HR-02-00,°w¾¯,VAL,Menotropin,«D²Õ®M,°±¥Î,,¤@¯ë¥i¥Î,¬O,¥i¥ÎÃÄ¥]¾÷,°·«O¤£µ¹¥I,¤@¯ë,Á`¶q¶i¦ì,¾AÀ³¯g:¤H¤u¨ó§U¥Í´Þ»²§U¥ÎÃÄ,,Indication:Treatment of infertility,,¥~ Æ[:¨C²°¤@¤ä¥Õ¦â¯»¥½¤p²~+¤@¤äª`®g°wµ©¸Ë·»²G,Appearance:1 vial white powder + 1 syringe with solven,ÀYµh¡A¸¡µh¡Aäú¤ß¡A¸¡µÈ¡Aª`®g³¡¦ì¤ÏÀ³,Headache¡A abdominal pain¡A nausea¡A abdominal distension¡A injection site reaction,,¬Ò¥i¥Î,¬ü¿Õ¥¥¦h¾¯¶q600°ê»Ú³æ¦ì,Menopur multidose 600IU,,,,¬O,,ÃÄ«~¨Ï¥Î´Á¶¡¥i¯à¼È¦³äú¤ß¡A ¹Ã¦R©Î·w¯t²{¶H,¶}«Ê«e½Ð¸m©óÄá¤ó 2-8 «×¦B½c§NÂÃ¡A¤£¥i§N­á¡A¤£¥i¤j¤O·n®Ì¡C,May cause nausea¡A vomiting or dizziness temporarily.,Store in a refrigerator at 2¢XC - 8¢XC. Vigorous shaking should be avoided.,½Õ°t¦nªºÃÄ²G¥i¨Ñ¦h¦¸ª`®g¨Ï¥Î¡A³Ìªø¥i¨Ï¥Î28¤Ñ,Reconstituted solution is for multiple injections and be used for up to 28 days,2018.12 ÃÄ©e·|·s¶i,¤@¯ë,ª`®g,Äµ »y:ÃÄ«~¨Ï¥Î´Á¶¡¥i¯à¼È¦³äú¤ß¡B¹Ã¦R©Î·w¯t²{¶H,SA «÷­µ¬Û¦ü,,0,0,§_,1.0,,§_,¬O,§_,½Æ¤è,,°±¥Î,,¤£¥i¿i,§_,,1.00,1.00,1.00,1.00,999,999,1,1,1.00,1.00,0,0,,¦³¹Ï¤ù,,0,,0,,G03GA02,,,,,0,,0,,VIAL,§_,¤£µ¹¥I¶·¦Û¥I,¤£µ¹¥I¶·¦Û¥I,,,,§_,Liquid,SOL,¦M®`¤G¯Å(¡I),,600.00,IU,0,,,,PH082,202401030852,0,9946.00
IMEP,20050330,99999999,°±¥Î,Mepem inj 0.5gm,Mepem inj 0.5gm,Meropenem,IVD,,QANB,AI-01-10,°w¾¯,VAL,,«D²Õ®M,°±¥Î,,­Ó®×Á{±Ä,¬O,¥i¥ÎÃÄ¥]¾÷,,¤@¯ë,¦¸­p¶q¶i¦ì,¾AÀ³¯g:²Óµß©Ê·P¬V,,Infections due to susceptible organisms sensitive to meropen,,¥~ Æ[:³z©ú¤p²~¡A ¾ï¦â¥~»\,Appearance: White powder in glass vial,¥Ö¯l¡A ¸¡Âm¡A ³n«K¡A äú¤ß¡A ¹Ã¦R,Skin rash¡A diarrhea¡A soft stool¡A nausea¡A vomiting.,ºÞ¨îÃþ§Ü¥Í¯À,¬Ò¥i¥Î,¬ü¥­ª`®g²G,Mepem inj 0.5gm,,,§_,¬O,,­Yµo¥ÍÄY­«¹L±Ó©Îµo¯lµ¥¤£¾A¯gª¬¡A À³§Y°±ÃÄ¨Ã½Ð±ÐÂå®v,,Report to doctor¡A if any severe hypersensitivity or skin rash occur.,,,,,¤@¯ë,¤@¯ë,Äµ »y: ­Yµo¥ÍÄY­«¹L±Ó©Îµo¯lµ¥¤£¾A¯gª¬¡AÀ³§Y°±ÃÄ¨Ã½Ð±ÐÂå®v,,,,,§_,1.0,,§_,§_,§_,³æ¤è,§_,¥i¥Î,¥i¥Î,¤£¥i¿i,¬O,,1.00,1.00,2.00,2.00,7,7,1,1,12.00,12.00,0.48,0.16,,¦³¹Ï¤ù,D/W,500.00,mg,0,30-60 mg/Kg/day,J01DH02,,,,,0.50,g,2.00,g,VAL,§_,°·«Oµ¹¥I,°·«Oµ¹¥I,MEROPENEM,J01DH02,BC22115277,§_,Liquid,IVSOL,,,,,,,¬Ò¥i,³æ¦¸¿éª`,PH047,202401261230,284.00,341.00
IMEP2,20150615,99999999,¥i¥Î,Mepem inj 0.25gm(¬ü¥­),Mepem inj 0.25gm(¬ü¥­),Meropenem,IVD,,QANB,AI-01-10,°w¾¯,Vial,,«D²Õ®M,,,¤@¯ë¥i¥Î,¬O,¥i¥ÎÃÄ¥]¾÷,¥i¥Î,¤@¯ë,¤é¾¯¶q¶i¦ì,¾AÀ³¯g:²Óµß©Ê·P¬V,,Infections due to susceptible organisms sensitive to meropen,,¥~ Æ[:³z©ú¤p²~¡A ÂÅ¦â¥~»\,Appearance: White powder in glass vial,¥Ö¯l¡A ¸¡Âm¡A ³n«K¡A äú¤ß¡A ¹Ã¦R,Skin rash¡A diarrhea¡A soft stool¡A nausea¡A vomiting.,ºÞ¨îÃþ§Ü¥Í¯À,¬Ò¥i¥Î,¬ü¥­°®¯»ª`®g¾¯,Mepem inj 0.25gm,,,,¬O,,­Yµo¥ÍÄY­«¹L±Ó©Îµo¯lµ¥¤£¾A¯gª¬¡A À³§Y°±ÃÄ¨Ã½Ð±ÐÂå®v,,Report to doctor¡A if any severe hypersensitivity or skin rash occur.,,,,,¤@¯ë,ª`®g,Äµ »y: ­Yµo¥ÍÄY­«¹L±Ó©Îµo¯lµ¥¤£¾A¯gª¬¡AÀ³§Y°±ÃÄ¨Ã½Ð±ÐÂå®v,,,0,0,¬O,1.0,,§_,¬O,§_,³æ¤è,§_,°±¥Î,°±¥Î,¤£¥i¿i,¬O,,1.00,1.00,8.00,8.00,7,7,1,1,24.00,24.00,0.96,0.32,,¦³¹Ï¤ù,N/S,250.00,mg,0,30-120 mg/Kg/day,J01DH02,,,,,0.25,g,2.00,g,VIAL,§_,°·«Oµ¹¥I,°·«Oµ¹¥I,MEROPENEM,J01DH02,BC22115265,§_,Liquid,IVSOL,,,250.00,mg,,,¥²¶·µ}ÄÀ,³æ¦¸¿éª`,PH047,202403131633,260.00,312.00
IMEPI,20160906,99999999,¥i¥Î,Mepivastesin 3%(for Dental) 1.7mL,Mepivastesin 3%(for Dental) 1.7mL,Mepivacaine,LI,,ZANE,CN-04-02,°w¾¯,¤ä,,«D²Õ®M,°±¥Î,,¤@¯ë¥i¥Î,¬O,¥i¥ÎÃÄ¥]¾÷,°·«O¤£µ¹¥I,¤£¦LÃÄÅÒ,¦¸­p¶q¶i¦ì,¾AÀ³¯g:¤ú¬ì§½³¡³Â¾K,,Indication:Dental infiltration and dental nerve block,,¥~ Æ[:1.7mL¬Á¼þ¤p²~,Appearance: 1.7mL vial,Ä¼°Ê¡A ºò±i¡A ·PÄ±²§±`,Restlessness¡A excitement¡A nervousness¡A paraesthesias,,¥u¥Î©óªù¶E¤Î¦í°|STAT,¬ü¤O«Â¤h±o·sª`®g¾¯,Mepivastesin 3%(for Dental),,,,¬O,,ª`®g³t²v¨C15¬í¥H¤£¶W¹L0.5²@¤É¬°­­¡A Á×§K¦åºÞ¤ºª½±µª`¤J,,The injection rate should not exceed 0.5 mL in 15 seconds.,Avoid intravascular injection.,¨Ï¥Î§Ü¾®¦å¾¯ªÌ¡A¥X¦å¶É¦V·|¼W¥[,During treatment with anticoagulants¡A the hemorrhage disposition is increased.,,¤@¯ë,¤@¯ë,ª`®g³t²v¨C15¬í¥H¤£¶W¹L0.5²@¤É¬°­­¡A Á×§K¦åºÞ¤ºª½±µª`¤J¡C,,,0,0,§_,1.0,,§_,¬O,§_,³æ¤è,§_,°±¥Î,°±¥Î,¤£¥i¿i,§_,,1.00,1.00,6.00,6.00,1,1,1,1,6.00,6.00,0.08,0.08,,µL¹Ï¤ù,,0,,0,,N01BB03,,,,,0,,0,,TUB,,°·«O¤£¥Ó³ø¤£­p»ù,°·«O¤£¥Ó³ø¤£­p»ù,,,,,Liquid,SOL,,,51.00,mg,1.70,mL,¬Ò¥i,³æ¦¸¿éª`,PH034,202004291533,0,22.00
IMER75,20221124,99999999,°±¥Î,Meriofert inj 75/75 IU,Meriofert inj 75/75 IU,FSH 75 IU + LH 75 IU,SC,,HM,HR-02-00,°w¾¯,Vial,Menotropin,«D²Õ®M,°±¥Î,,¤@¯ë¥i¥Î,¬O,¤£¥i¥ÎÃÄ¥]¾÷,°·«O¤£µ¹¥I,¤@¯ë,Á`¶q¶i¦ì,¾AÀ³¯g:¤H¤u¨ó§U¥Í´Þ»²§U¥ÎÃÄ,,Indication:Ovulation stimulants,,¥~ Æ[:¤@°®¯»¤p²~¤Î¤@¬Á¼þ¦wÞÀ²~,Appearance:1 vial of powder and 1 ampoule of solvent.,¸¡¤ô¡A ¯Ý³¡¿n¤ô¡A ¹è§¿¡A §C¦åÀ£¡A ¦å®ê,Ascites¡A hydrothorax¡A oliguria¡A hypotension¡A thromboembolism,,¬Ò¥i¥Î,§Q¨à¼Ö­á´¹ª`®g¾¯75°ê»Ú³æ¦ì,Meriofert inj 75/75 IU,,,,¬O,,ÃÄ«~¨Ï¥Î´Á¶¡¥i¯à¼È¦³äú¤ß¡A ¹Ã¦R©Î·w¯t²{¶H,¥»ÃÄ¸g¥Ñ¦Ù¦×©Î¥Ö¤Uµ¹ÃÄ¡C,May cause nausea¡A vomiting or dizziness temporarily .,Only for intramuscular or Subcutaneous.,½ÐÁ×¥úÀx¦s¡A·Å«×¤£¥i¶W¹L25¢J,Store at room temperature (<25¢J). Protect from light,2022.11¯Ê³f´À¥N[IMEN],¤@¯ë,ª`®g,Äµ »y:ÃÄ«~¨Ï¥Î´Á¶¡¥i¯à¼È¦³äú¤ß¡B¹Ã¦R©Î·w¯t²{¶H,,,0,0,¬O,1.0,,¬O,¬O,§_,³æ¤è,,°±¥Î,°±¥Î,¤£¥i¿i,¬O,,1.00,1.00,4.00,4.00,999,999,1,1,6.00,6.00,0,0,,¦³¹Ï¤ù,,0,,0,,G03GA02,,,,,0,,0,,VIAL,§_,¤£µ¹¥I¶·¦Û¥I,¤£µ¹¥I¶·¦Û¥I,,,,§_,Liquid,SOL,¦M®`¤G¯Å(¡I),,75.00,IU,0,mL,,,PH006,202309030841,0,804.00
IMET4,20150818,99999999,°±¥Î,Methylprednisolone inj 40mg,Methylprednisolone inj 40mg,Methylprednisolone,IVD,,HM,HR-01-00,°w¾¯,Vial,Solu-Medrol,«D²Õ®M,°±¥Î¡A¥i¬dÃþ¦üÃÄ,IMET5,¤@¯ë¥i¥Î,¬O,¥i¥ÎÃÄ¥]¾÷,¥i¥Î,¤@¯ë,¦¸­p¶q¶i¦ì,¾AÀ³¯g:¤ä®ðºÞ©Ê®ð³Ý¡A ¹L±Ó¡A ®øª¢,,Indication:asthma¡A allergic reaction,,¥~ Æ[:³z©ú¤p²~(vial)¡A ¶À¦â¥~»\¡A ¥ÕÂÅ¦â¥~¶K¯È,Appearance: Vial with yellow cap,¸z­G¤£¾A¡A ®ø¤Æ©Ê¼ìºÅ,GI upset¡A peptic ulcer,,¬Ò¥i¥Î,¥Ò°ò´¶¥ß®Ô ª`®g¾¯40²@§J,Methylprednisolone 40mg,,,,¬O,,°£Âå®v«ü¥Ü¥~¡A ½Ð¤Åªø´Á©Î±K¶°¦a«ùÄò¨Ï¥Î,,Follow doctor's advice. Do not use this medicine for long term.,,,,2022.04 [ISOLM]¯Ê³f´À¥N¡A¦A±Ò¥Î,¤@¯ë,ª`®g,Äµ »y:°£Âå®v«ü¥Ü¥~¡A½Ð¤Åªø´Á©Î±K¶°¦a«ùÄò¨Ï¥Î,,,0,0,§_,1.0,,¬O,¬O,§_,³æ¤è,§_,°±¥Î,°±¥Î,¤£¥i¿i,¬O,,1.00,1.00,75.00,75.00,999,999,1,1,300.00,300.00,0.75,0.75,,¦³¹Ï¤ù,,40.00,mg,0,0.1-2 mg/Kg/day,H02AB04,,,,,0,,0,,VIAL,§_,°·«Oµ¹¥I,°·«Oµ¹¥I,METHYLPREDNISOLONE,H02AB04,AC48267245,§_,Liquid,IVSOL,,,40.00,mg,,,¬Ò¥i,³æ¦¸¿éª`,PH006,202307281515,39.30,51.00
IMET5,20230315,99999999,¥i¥Î,Mepron inj 40mg,Mepron inj 40mg,Methylprednisolone,IVD,,HM,HR-01-00,°w¾¯,Vial,Solu-Medrol,«D²Õ®M,,,¤@¯ë¥i¥Î,¬O,¥i¥ÎÃÄ¥]¾÷,¥i¥Î,¤@¯ë,¦¸­p¶q¶i¦ì,¾AÀ³¯g:¤ä®ðºÞ©Ê®ð³Ý¡A ¹L±Ó¤ÏÀ³¡A ®øª¢,,Indication:Asthma¡A allergic reaction¡A inflammatory disorder,,¥~ Æ[:³z©ú¤p²~(vial)¡A ¾ï¦â¥~»\¡A ¥Õ¾ï¦â¼ÐÅÒ¶K¯È,Appearance: Vial with an orange cap and white-orange label,¸z­G¤£¾A¡A ®ø¤Æ©Ê¼ìºÅ,GI upset¡A peptic ulcer,,¬Ò¥i¥Î,¬ü´¶¶©ª`®g¾¯40²@§J,Mepron inj 40mg,,,,¬O,,°£Âå®v«ü¥Ü¥~¡A ½Ð¤Åªø´Á©Î±K¶°¦a«ùÄò¨Ï¥Î,,Follow doctor's advice. Do not use this medicine for long term.,,Ãþ©T¾J¨Ï¥Î¥i¯à·|±»½ª¬Y¨Ç·P¬V¯f¼x¡C,Signs of infection may be masked by corticosteroid use.,2023.03 [IMET4]¯Ê³f´À¥N,¤@¯ë,ª`®g,Äµ »y:°£Âå®v«ü¥Ü¥~¡A½Ð¤Åªø´Á©Î±K¶°¦a«ùÄò¨Ï¥Î,,,0,0,¬O,1.0,,§_,¬O,§_,³æ¤è,§_,°±¥Î,°±¥Î,¤£¥i¿i,¬O,,1.00,1.00,75.00,75.00,999,999,1,1,450.00,450.00,0.75,0.75,,¦³¹Ï¤ù,,40.00,mg,0,0.1-2 mg/Kg/day,H02AB04,,,,,40.00,mg,20.00,mg,VIAL,§_,°·«Oµ¹¥I,°·«Oµ¹¥I,METHYLPREDNISOLONE,H02AB04,AC43726245,§_,Liquid,IVSOL,,,40.00,mg,0,,¬Ò¥i,³æ¦¸¿éª`,PH047,202402121536,39.30,51.00
IMETE,19960101,99999999,°±¥Î,Methergin inj 0.2mg/1mL,Methergin inj 0.2mg/1mL,Methylergometrine,IM,,SGU,UR-02-00,°w¾¯,AMP,Methergin,«D²Õ®M,°±¥Î¡A¥i¬dÃþ¦üÃÄ,IMETE2,¤@¯ë¥i¥Î,¬O,¤£¥i¥ÎÃÄ¥]¾÷,,¤@¯ë,¦¸­p¶q¶i¦ì,¾AÀ³¯g:«P¶i¤l®c¦¬ÁY,,Indication:Uterine atony/hemorrhage.,,¥~ Æ[:1mL¦wÞÀ,,ÀYµh¡A °ª¦åÀ£¡A ¥Ö¯l¡A ¸¡µh,Headache¡A HTN¡A skin eruptions¡A abdominal pain.,,,¬ü²æµ^ª`®g¾¯,Methergin inj 0.2mg/1mL,,,§_,¬O,,½Ð¸m©óÄá¤ó 2-8 «×¦B½c§NÂÃ,,Store in a refrigerator (2-8¢XC).,,½ÐÁ×¥úÀx¦s,Protect from light.,,¤@¯ë,ª`®g,Äµ »y:½Ð¸m©óÄá¤ó 2-8 «×¦B½cÁ×¥ú§NÂÃ«O¦s¡C,LA ¥~Æ[¬Û¦ü,,,,¬O,1.0,,§_,¬O,§_,³æ¤è,§_,¥i¥Î,¥i¥Î,¤£¥i¿i,¬O,,1.00,1.00,1.00,1.00,7,7,1,1,3.00,3.00,0,0,,¦³¹Ï¤ù,,0,,0,,G02AB01,,,,,,,,,AMP,§_,¤£µ¹¥I¶·¦Û¥I,¤£µ¹¥I¶·¦Û¥I,,,,§_,Liquid,SOL,¦M®`¤G¯Å(¡I),,0.20,mg,1.00,mL,¬Ò¥i,³æ¦¸¿éª`,PH006,202401281103,0,58.00
IMETE2,20230315,99999999,¥i¥Î,Methylergonovine inj 0.2mg/1mL,Methylergonovine inj 0.2mg/1mL,Methylergonovine,IM,,SGU,UR-02-00,°w¾¯,AMP,Methergin,«D²Õ®M,,,¤@¯ë¥i¥Î,¬O,¥i¥ÎÃÄ¥]¾÷,¥i¥Î,¤@¯ë,¦¸­p¶q¶i¦ì,¾AÀ³¯g:«P¶i¤l®c¦¬ÁY,,Indication:Uterine atony/hemorrhage.,,¥~ Æ[:1mL´Ä¦â¬Á¼þ¦wÞÀ,Appearance: 1mL brown glass ampoule,äú¤ß¡B¸¡µh¡B°ª¦åÀ£¡BÀYµh¡B¯ß·i§ïÅÜ¡C,Nausea¡A abdominal pain¡A hypertension¡A headache¡A pulse change.,,¬Ò¥i¥Î,ÁY¤ôÄ«ªG»Ä¥Ò°ò³Á¨¤·sÆPª`®g²G,Methylergonovine 0.2mg/1mL,,,,,,½ÐÁ×¥úÀx¦s¡C,µ¹ÃÄ«áÀ³±K¤ÁºÊ´ú¦åÀ£¡C,Store away from light.,Monitor blood pressure carefully after administration.,³sÄò¨Ï¥Î¡A©yÅÜ´«ª`®g³¡¦ì¡C,Change injection site for continuous use.,2023.03 [IMETE]Methergin°±²£´À¥N,¤@¯ë,ª`®g,Äµ »y:¥»«~»Ý¸m©óÁ×¥ú³±²D°®Àê³B,,,0,0,¬O,1.0,,§_,¬O,§_,³æ¤è,,¥i¥Î,¥i¥Î,¤£¥i¿i,¬O,,1.00,1.00,1.00,1.00,7,7,1,1,3.00,3.00,0,0,,¦³¹Ï¤ù,,0,,0,,G02AB01,,,,,0.20,mg,0.20,mg,AMP,,°·«Oµ¹¥I,°·«Oµ¹¥I,METHYLERGONOVINE,G02AB01,AC21893209,,Liquid,SOL,¦M®`¤G¯Å(¡I),,0.20,mg,1.00,mL,,,PH022,202308221418,44.30,58.00
IMETR,20021011,99999999,¥i¥Î,Metronidazole inj 500mg/100mL,Metronidazole inj 500mg/100mL,Metronidazole,IVD,,QANB,AI-01-13,°w¾¯,BOT,Anegyn,«D²Õ®M,,,¤@¯ë¥i¥Î,¬O,¥i¥ÎÃÄ¥]¾÷,¥i¥Î,¤@¯ë,¦¸­p¶q¶i¦ì,¾AÀ³¯g:¹½®ñ©Êµß¤Þ°_¤§·P¬V¯g,,Indication:Treatment of infections in anaerobic bacteria,,¥~ Æ[:100mL¬Á¼þ²~¡AÂÅ¦â»\¤l,Appearance: 100mL glass bottle with a blue cap.,¸z­G¾÷¯à»ÙÃª¡A ëC³Â¯l¡A ¯«¸g©Ê¤ô¸~,GI disturbances; urticaria¡A angioedema.,¤@¯ëÃþ§Ü¥Í¯À,¬Ò¥i¥Î,Åð±o®À,Metronidazole inj 500mg/100mL,,,§_,¬O,,¥»«~»Ý¸m©óÁ×¥ú³±²D°®Àê³B,,Store at room temperature¡A away from heat¡A moisture¡A and direct light.,,,,,¤@¯ë,ª`®g,Äµ »y:¥»«~»Ý¸m©óÁ×¥ú³±²D°®Àê³B,,ª`®g¾¯,,,¬O,1.0,,§_,¬O,§_,³æ¤è,§_,¥i¥Î,°±¥Î,¤£¥i¿i,¬O,,1.00,1.00,3.00,3.00,1,7,1,1,4.00,4.00,0.18,0.06,,¦³¹Ï¤ù,,500.00,mg,0,7.5-30 mg/Kg/day,J01XD01,P01AB01,,,,0.50,g,1.50,g,BOT,§_,°·«Oµ¹¥I,°·«Oµ¹¥I,METRONIDAZOLE,J01XD01,BC17835255,§_,Liquid,IVSOL,,,500.00,mg,100.00,mL,¤£»Ýµ}ÄÀ,³æ¦¸¿éª`,PH047,202403131633,37.30,48.00
IMETY,19960101,99999999,¥i¥Î,Methycobal inj 500mcg/1mL,Methycobal inj 500mcg/1mL,Mecobalamin,IM,,CNEU,CN-03-11,°w¾¯,AMP,Vitamin B12,«D²Õ®M,,,¤@¯ë¥i¥Î,¬O,¥i¥ÎÃÄ¥]¾÷,,¤@¯ë,¦¸­p¶q¶i¦ì,¾AÀ³¯g:ºû¥Í¯À B12¡A ¥Î¥HªvÀø³h¦å,,Indication:Vitamin B12 for anemia.,,¥~ Æ[:ÂÅ/¥Õ¦âÁ×¥ú¯È³U¤º¸Ë1mL¦wÞÀ,,¸¡Âm¡A ¥Ö½§Äo,Diarrhea¡A itching,,,À±¥i«Oª`®g²G,Methycobal inj 500mcg/1mL,,,§_,¬O,,°£Âå®v«ü¥Ü¥~¡A ½Ð¤Åªø´Á©Î±K¶°¦a«ùÄò¨Ï¥Î,,Follow doctor's advice. Do not use this medicine for long term.,,,,,¤@¯ë,ª`®g,Äµ »y:°£Âå®v«ü¥Ü¥~¡A½Ð¤Åªø´Á©Î±K¶°¦a«ùÄò¨Ï¥Î,,,,,¬O,1.0,,§_,¬O,§_,³æ¤è,§_,°±¥Î,°±¥Î,¤£¥i¿i,¬O,,1.00,1.00,2.00,2.00,999,999,1,1,2.00,2.00,0,0,,¦³¹Ï¤ù,,0,,0,,B03BA05,,,,,,,,,AMP,§_,¤£µ¹¥I¶·¦Û¥I,¤£µ¹¥I¶·¦Û¥I,,,,§_,Liquid,SOL,,,500.00,mcg,1.00,mL,¬Ò¥i,³æ¦¸¿éª`,PH034,202004121638,0,100.00
IMF1000,19960101,99999999,¥i¥Î,MF 1000,MF 1000,Mix Fungus,IM,,ZOTH,,°w¾¯,DOS,,«D²Õ®M,,,¤@¯ë¥i¥Î,¬O,¤£¥i¥ÎÃÄ¥]¾÷,,¤£¦LÃÄÅÒ,Á`¶q¶i¦ì,,,,,,,,,,,,MF 1000,,,§_,¬O,,,,,,,,,¤@¯ë,ª`®g,,,,,,¬O,1.0,,§_,§_,§_,³æ¤è,§_,¥i¥Î,¥i¥Î,¤£¥i¿i,¬O,,1.00,1.00,999.00,999.00,999,999,1,1,999.00,999.00,0,0,,µL¹Ï¤ù,,0,,0,,,,,,,,,,,DOS,§_,¤£µ¹¥I¶·¦Û¥I,¤£µ¹¥I¶·¦Û¥I,,,,§_,Liquid,SOL,,,,,,,¬Ò¥i,³æ¦¸¿éª`,PH008,201403201334,0,150.00
IMGSO4,19960101,99999999,¥i¥Î,Magnesium Sulfate inj 10%¡A 20mL,Magnesium Sulfate inj 10%¡A 20mL,Magnesium Sulfate,IVD,,NUTR,NU-04-04,°w¾¯,AMP,MGSO4,«D²Õ®M,°±¥Î,,¤@¯ë¥i¥Î,¬O,¥i¥ÎÃÄ¥]¾÷,,¤@¯ë,¦¸­p¶q¶i¦ì,¾AÀ³¯g:ÁâÂ÷¤l¯Ê¥F£¿²£µj£¿¥¥°ü§¿¬r¯gµ¥,,,,,,,,,,²¸»ÄÁâª`®g²G,Mag Sulfate inj 10%¡A 20mL,,,§_,¬O,,,,,,,,,¤@¯ë,ª`®g,Äµ »y:¥»«~¤¤¬r±`¤Þ°_©I§l°±¤î¡A À³ª`·N¦å¤¤¿@«×,,,,,¬O,1.0,,§_,§_,§_,³æ¤è,§_,¥i¥Î,¥i¥Î,¤£¥i¿i,¬O,,1.00,1.00,12.00,20.00,999,999,1,1,12.00,12.00,0,0,,¦³¹Ï¤ù,,0,,0,,B05XA05,,,,,,,,,AMP,§_,°·«Oµ¹¥I,°·«Oµ¹¥I,MANGANESE SULFATE,B05XA05,AC04771238,§_,Liquid,IVSOL,,,,,,,¬Ò¥i,³æ¦¸¿éª`,PH047,202304141651,21.40,28.00
IMIA,19960101,99999999,¥i¥Î,Miacalcic inj 50 IU/1mL,Miacalcic inj 50 IU/1mL,Salmon Calcitonin,IM,,META,ME-06-00,°w¾¯,AMP,Calcitonin,«D²Õ®M,Á{±ÄÃÄ¡A½Ð³qª¾ÃÄ§½¥~ÁÊ,,¥»°|Á{±Ä²M³æ,¬O,¥i¥ÎÃÄ¥]¾÷,­­¥Î,¤@¯ë,¦¸­p¶q¶i¦ì,¾AÀ³¯g:°ª¦å¶t¦M¶H¡B°©Åèªº©¬­õ¯S¤ó¯f,(¶È¾A¦X¹ï´À¥NÀøªkµL®Ä©Î¤£¾A¦X³oÃþÀøªkªº¯f¤H¡A¦pµÇ¥\¯àÄY­«¨ü·lªÌ),Indication:For hypercalemia,,¥~ Æ[:1mL¦wÞÀ,Appearance: 1mL Ampoule,äú¤ß¡A ¹Ã¦R¡A ·w¯t¡A ¼é¬õ,Nausea¡A vomiting¡A dizziness¡A flushing,,,±K¶t®§,Miacalcic inj 50 IU/1mL,,,§_,¬O,,½Ð¸m©óÄá¤ó 2-8 «×¦B½c§NÂÃ,,Store in a refrigerator (2-8¢XC).,,,,2017¦~²Ä¤G¦¸ÃÄ©e·|§R°£¡A2020¦~6¤ë³q¹LÁ{±Ä²M³æ,¤@¯ë,ª`®g,Äµ »y:½Ð¸m©óÄá¤ó 2-8 «×¦B½cÁ×¥ú§NÂÃ«O¦s¡C,LA ¥~Æ[¬Û¦ü,,,,¬O,1.0,,§_,¬O,§_,³æ¤è,§_,°±¥Î,°±¥Î,¤£¥i¿i,¬O,,1.00,1.00,6.00,6.00,1,999,1,1,64.00,64.00,0,0,,¦³¹Ï¤ù,,0,,0,,H05BA01,,,,,,,,,AMP,§_,°·«Oµ¹¥I,°·«Oµ¹¥I,CALCITONIN SALMON,H05BA01,BC16704248,§_,Liquid,SOL,,,50.00,IU,1.00,mL,¬Ò¥i,³æ¦¸¿éª`,PH008,202012221824,88.00,110.00
IMID,20051212,99999999,°±¥Î,Midatin inj 5mg/1mL,Midatin inj 5mg/1mL,Midazolam,IV,,ZANE,CN-04-01,°w¾¯,AMP,Dormicum,«D²Õ®M,°±¥Î,IDOR,¤w°±¥Î,¬O,¥i¥ÎÃÄ¥]¾÷,,¤@¯ë,¦¸­p¶q¶i¦ì,¾AÀ³¯g:ÂíÀR¡B³Â¾K»¤¾É»Pºû«ù¡Bª¾Ä±ÂíÀR,,,,¥~ Æ[:1 ml ¦wÞÀ,,,,,,¬ü±o©wª`®g¾¯,Midatin inj 5mg/1mL,,,§_,¬O,,,,,,,,,¤@¯ë,¥|¯ÅºÞ¨î,Äµ »y: ¤£¥i»PÆP©Ê·»²G²V¦X¡C¦bsodium bicarbonate¤¤·|¨I¾ý¡C,,,,,¬O,1.0,,§_,§_,§_,³æ¤è,§_,°±¥Î,¥i¥Î,¤£¥i¿i,¬O,,1.00,1.00,7.00,24.00,999,999,1,1,0,0,0,0,,µL¹Ï¤ù,,0,,0,,,,,,,,,,,AMP,,°·«Oµ¹¥I,°·«Oµ¹¥I,MIDAZOLAM,N05CD08,A046285209,§_,Liquid,IVSOL,,,,,,,¬Ò¥i,³æ¦¸¿éª`,PH008,201505131628,13.30,17.00
IMID1,20080617,99999999,°±¥Î,Midazo inj 5mg/1mL,Midazo inj 5mg/1mL,Midazolam,IV,,CNEU,CN-04-01,°w¾¯,AMP,Dormicum,«D²Õ®M,°±¥Î,IDOR,¤w°±¥Î,¬O,¤£¥i¥ÎÃÄ¥]¾÷,¥i¥Î,¤@¯ë,Á`¶q¶i¦ì,¾AÀ³¯g:ÂíÀR¡B³Â¾K»¤¾É»Pºû«ù,,,,¥~ Æ[:1 ml ¦wÞÀ,,,,,¬Ò¥i¥Î,¦Ì¹F¿Õª`®g¾¯,Midazo inj 5mg/1mL,,,§_,¬O,,,,,,,,,¤@¯ë,¥|¯ÅºÞ¨î,Äµ »y: ¤£¥i»PÆP©Ê·»²G²V¦X¡C¦bsodium bicarbonate¤¤·|¨I¾ý¡C,,,,,§_,1.0,,§_,§_,§_,³æ¤è,§_,¥i¥Î,¥i¥Î,¤£¥i¿i,¬O,,1.00,1.00,7.00,24.00,999,999,1,1,0,0,0,0,,¦³¹Ï¤ù,,0,,0,,,,,,,,,,,AMP,,°·«Oµ¹¥I,°·«Oµ¹¥I,MIDAZOLAM,N05CD08,A044437209,§_,Liquid,IVSOL,,,,,,,¬Ò¥i,³æ¦¸¿éª`,PH008,201505131628,14.20,18.00
IMID5,20240130,99999999,¥i¥Î,Midazolam-hameln inj 5mg/1mL,Midazolam-hameln inj 5mg/1mL,Midazolam,IVPUSH,,CNEU,CN-02-07,°w¾¯,AMP,Dormicum,«D²Õ®M,,,¤@¯ë¥i¥Î,¬O,¥i¥ÎÃÄ¥]¾÷,¥i¥Î,¤@¯ë,¦¸­p¶q¶i¦ì,¾AÀ³¯g: ª¾Ä±ÂíÀR¡B³Â¾K»¤¾É/ºû«ù¡B³N«eµ¹ÃÄ¡C,,Indication: Sedation¡A anesthesia induction/maintenance.,,¥~ Æ[: 1²@¤É³z©ú¦wÞÀ,Appearance: 1mL clear glass ampoule,¶ÝºÎ¡B¥´ÜÐ¡BÀYµh¡B§x´b¡B§C¦åÀ£¡B©I§l§í¨î¡C,Somnolence¡A hiccup¡A headache¡A confusion¡A hypotension¡A apnea.,,¬Ò¥i¥Î,¾î¤s±K¹F5²@§J/1²@¤Éª`®g²G,Midazolam-hameln inj 5mg/1mL,,,¬O,¬O,,¤£¥i»PÆP©Ê·»²G²V¦X¡C¦bsodium bicarbonate¤¤·|¨I¾ý¡C,,Do not mix with alkaline solutions. Precipitation occurs in sodium bicarbonate.,,¥i¯à¦³´Ý¾lÂíÀR§@¥Î¡A¦b§¹¥þ«ì´_«e¤£¥i¶}¨®©Î¾Þ§@¾÷±ñ¡C,Sedation may persist. Do not drive or operate machinery until fully recovered.,202401 Dormicum inj ¯Ê³f´À¥N,¤@¯ë,¥|¯ÅºÞ¨î,Äµ »y: ¤£¥i»PÆP©Ê·»²G²V¦X¡C¦bsodium bicarbonate¤¤·|¨I¾ý¡C,,,0,0,§_,1.0,,§_,¬O,§_,³æ¤è,,°±¥Î,,¤£¥i¿i,¬O,,1.00,1.00,15.00,60.00,1,30,1,1,15.00,60.00,5.20,5.20,,¦³¹Ï¤ù,,5.00,mg,0,0.03-0.6mg/Kg/hour,N05CD08,,,,,5.00,mg,15.00,mg,AMP,,°·«Oµ¹¥I,°·«Oµ¹¥I,MIDAZOLAM,N05CD08,BC27491209,,Liquid,IVSOL,,,5.00,mg,1.00,mL,¥²¶·µ}ÄÀ,³æ¦¸\«ùÄò¿éª`,PH022,202403010751,16.90,22.00
IMIL,20080423,99999999,¥i¥Î,Millisrol inj 5mg/10mL,Millisrol inj 5mg/10mL,Nitroglycerin,IVD,QD,CAVS,CV-02-00,°w¾¯,AMP,Tridil,«D²Õ®M,,,¤@¯ë¥i¥Î,¬O,¥i¥ÎÃÄ¥]¾÷,¥i¥Î,¤@¯ë,¦¸­p¶q¶i¦ì,¾AÀ³¯g:°ª¦åÀ£¡A ¤ß¦Ù±ð¶ë¡A ¤ß°IºÜµ¥,,Indication:Hypertension¡A MI¡A heart failure.,,¥~ Æ[:10mL¦wÞÀ,,¤ß±ª¡A ¤ß«ß¤£¾ã¡A ¦åÀ£¬ðµM­°§C,Tachycardia¡A arrhythmia¡A sudden drop of BP.,,¬Ò¥i¥Î,±Ó¥ßµÎª`®g²G,Millisrol inj 5mg/10mL,,,¬O,¬O,,®e¾¹¤Î¿é²G®M»Ý¿ï¾Ünon-PVC§÷½è,,Prepare in non-PVC containers. Use non-PVC administration sets,,,,,¤@¯ë,ª`®g,Äµ »y:®e¾¹¤Î¿é²G®M»Ý¨Ï¥Înon-PVC§÷½è,LA ¥~Æ[¬Û¦ü,,,,¬O,1.0,,§_,¬O,¬O,³æ¤è,§_,°±¥Î,°±¥Î,¤£¥i¿i,¬O,,1.00,1.00,10.00,10.00,99,99,1,1,20.00,20.00,0,0,,¦³¹Ï¤ù,,0,,0,,C01DA02,C01DA52,,,,,,,,AMP,,°·«Oµ¹¥I,°·«Oµ¹¥I,NITROGLYCERIN,C01DA02,BC18979229,§_,Liquid,IVSOL,,,5.00,mg,10.00,mL,¥²¶·µ}ÄÀ,³æ¦¸\«ùÄò¿éª`,PH008,202012290858,47.40,62.00
IMIN,19960101,99999999,°±¥Î,Minocin 100mg,Minocin 100mg,Minocycline,IV,,QANB,AI-01-04,°w¾¯,VAL,Minocin,«D²Õ®M,°±¥Î¡A¥i¬dÃþ¦üÃÄ,,¤w°±¥Î,¬O,¤£¥i¥ÎÃÄ¥]¾÷,,¤@¯ë,Á`¶q¶i¦ì,¾AÀ³¯g:²Óµß©Ê·P¬V,,,,,,,,¤@¯ëÃþ§Ü¥Í¯À,,,Minocin 100mg,,,§_,¬O,,,,,,,,,¤@¯ë,ª`®g,,,,,,,1.0,,§_,§_,§_,³æ¤è,§_,¥i¥Î,¥i¥Î,¤£¥i¿i,¬O,,1.00,1.00,999.00,999.00,7,7,1,1,0,0,0,0,,µL¹Ï¤ù,,0,,0,,J01AA08,,,,,0.10,g,0.20,g,VAL,§_,°·«Oµ¹¥I,°·«Oµ¹¥I,MINOCYCLINE,J01AA08,B020416255,§_,Liquid,IVSOL,,,,,,,¬Ò¥i,³æ¦¸¿éª`,PH047,202401261319,102.00,122.00
IMIO,19960101,99999999,¥i¥Î,Miostat inj 0.01% 1.5mL,Miostat inj 0.01% 1.5mL,Carbachol,TOPI,,TOPH,OP-08-00,°w¾¯,VAL,Miostat,«D²Õ®M,Á{±ÄÃÄ¡A½Ð³qª¾ÃÄ§½¥~ÁÊ,,¥»°|Á{±Ä²M³æ,¬O,¤£¥i¥ÎÃÄ¥]¾÷,,¤@¯ë,Á`¶q¶i¦ì,¾AÀ³¯g:¤â³N«eÁYÀû¾¯,,Indication:Intraocular use for miosis during surgery.,,¥~ Æ[: 1.5 mL ¤p²~,Appearance: 1.5 mL vial,¨¤½¤²V¿B¡A ¨¤½¤¯fÅÜ¡A ­i½¤ª¢,Corneal clouding¡A bullous keratopathy¡A post-op iritis.,,,·Rº¸±dÁYÀû²G,Miostat inj 0.01% 1.5mL,,,§_,¬O,,²´¤º³æ¦¸¨Ï¥Î¬°­­,,For single-dose intraocular use only,,«æ©Ê¤ß°IºÜ¡B®ð³Ý¡B°ª¦åÀ£¡B©¬ª÷´Ë¤ó¯g¯f¤H¶·¤p¤ß¨Ï¥Î,Use with caution in acute heart failure¡A asthma¡A hypertension¡A Parkinson's Dis,106-2ÃÄ©e·|§R°£¡A2022.12­Ó®×Á{±Ä,¤@¯ë,ª`®g,Äµ »y: ¥»«~¬°¥~¥ÎÃÄ«~¡A½Ð§½³¡¨Ï¥Î¡A¤Å±µÄ²²´·ú©Î»~ªA¡C,,,,,¬O,1.0,,§_,¬O,§_,³æ¤è,§_,°±¥Î,°±¥Î,¤£¥i¿i,§_,,1.00,1.00,2.00,2.00,1,1,1,1,2.00,2.00,0,0,,¦³¹Ï¤ù,,0,,0,,S01EB02,,,,,,,,,VAL,§_,¥Ó³ø¤£­p»ù,¥Ó³ø¤£­p»ù,,,,§_,AdministrableDrugForm,OPDROP,,,0.15,mg,1.50,mL,,,PH008,202304251439,0,330.00
IMIR,20100120,99999999,¥i¥Î,Mircera inj 50mcg/0.3mL,Mircera inj 50mcg/0.3mL,Methoxy Polyethylene Glycol- Epoetin £],SC,Q2W,HEMT,HE-01-00,°w¾¯,¤ä,,«D²Õ®M,,,¤@¯ë¥i¥Î,¬O,¤£¥i¥ÎÃÄ¥]¾÷,±ø¥ó¤Uµ¹¥I,¤@¯ë,Á`¶q¶i¦ì,¾AÀ³¯g:ªvÀøºC©ÊµÇ¯f©Ò¤Þ°_ªº¯gª¬³h¦å,,Indication: treatment of anemia.,,¥~ Æ[:0.3mL°wµ©¸Ëª`®g¾¯,,°ª¦åÀ£¡B³æ¯Â¬õ¦å²y¦A¥Í¤£¨}¡B¸¡Âm¡BÀYµh¡B¤W©I§l¹D·P¬V,Increased BP¡Apure red cell aplasia¡Adiarrhea¡Aheadache¡Aupper respiratory tract inf,,¥u¥Î©óªù¶E¤Î¦í°|STAT,¬ü¦å¼Ö°wµ©¸Ëª`®g¾¯,Mircera inj 50mcg/0.3mL,,,§_,¬O,,¶J©ñ®É»Ý¸m©ó¦B½c§NÂÃ(Äá¤ó 2-8 «×),,Store in a refrigerator (2-8¢XC),,,,101¦~²Ä¥|¦¸ÃÄ©e·|·s¶iÃÄ«~,¤@¯ë,ª`®g,Äµ»y¡G¤ß¦åºÞ¯e¯f±wªÌ»Ýª`·N¦åÀ£ÅÜ¤Æ¡A »Ý§NÂÃ«O¦s,,,,,§_,1.0,,¬O,¬O,§_,³æ¤è,§_,¥i¥Î,¥i¥Î,¤£¥i¿i,¬O,,1.00,1.00,2.00,2.00,30,30,1,1,3.00,3.00,0,0,,¦³¹Ï¤ù,,0,,0,,B03XA03,,,,,,,,,VIAL,,°·«Oµ¹¥I,°·«Oµ¹¥I,ERYTHROPOIETIN (METHOXY POLYETHYLENE GLYCOL-EPOETIN BETA),B03XA03,KC00868248,§_,Liquid,IVSOL,,,50.00,mcg,0.30,mL,¬Ò¥i,³æ¦¸¿éª`,PH049,202004131235,1700.00,2040.00
IMIT,20040501,99999999,°±¥Î,Mitomycin-C inj 2mg,Mitomycin-C inj 2mg,Mitomycin C,IV,,RACA,ON-03-09,°w¾¯,mg,,«D²Õ®M,°±¥Î,IMIT1,¤w°±¥Î,¬O,¤£¥i¥ÎÃÄ¥]¾÷,,¤@¯ë,Á`¶q¶i¦ì,¾AÀ³¯g:¬°§Ü¸~½FÃÄ,,,,,,,,,¥u¥Î©óªù¶E¤Î¦í°|STAT,,Mitomycin-C inj 2mg,,,§_,¬O,,,,,,,,,¤ÆÀø,¤ÆÀø,,Äµ °ªÄµ°T,,,,§_,2.0,,§_,§_,§_,³æ¤è,§_,¥i¥Î,¥i¥Î,¤£¥i¿i,¬O,,1.00,1.00,99.00,99.00,999,999,1,1,0,0,0,0,,µL¹Ï¤ù,,0,,0,,,,,,,,,,,VAL,§_,°·«Oµ¹¥I,°·«Oµ¹¥I,MITOMYCIN C,L01DC03,B021025212,§_,Liquid,IVSOL,,,,,,,¬Ò¥i,³æ¦¸¿éª`,PH032,202109091811,114.00,137.00
IMIT1,20040801,99999999,°±¥Î,Mitomycin-C inj 10mg,Mitomycin-C inj 10mg,Mitomycin C,IRR,STAT,RACA,ON-03-09,°w¾¯,mg,Mitomycin-C,«D²Õ®M,°±¥Î,IMIT2,¤@¯ë¥i¥Î,¬O,¤£¥i¥ÎÃÄ¥]¾÷,,¤@¯ë,Á`¶q¶i¦ì,¾AÀ³¯g:§Ü¸~½FÃÄ,,Indication:Remission of gastric¡A bladder & lung cancer¡A sarc,,¥~ Æ[:³z©ú¤p²~,,¥Õ¦å²y´î¤Ö¡A ¦å¤pªO´î¤Ö¡A ­¹¼¤­°§C¡A äú¤ß¹Ã¦R,Leukopenia¡A thrombocytopenia¡A anorexia¡A nausea/vomiting.,,¥u¥Î©óªù¶E¤Î¦í°|STAT,±Æ¦hÀù,Mitomycin C,,,§_,¬O,,¥»«~¬°­«¯gªvÀøÃÄ¡A ½Ð¨Ì·ÓÂå®v«ü¥Ü¨Ï¥Î,,Take this medicine exactly as your doctor ordered.,,,,,¤ÆÀø,¤ÆÀø,Äµ »y:¥»«~¬°­«¯gªvÀøÃÄª«¡A½Ð¨Ì·ÓÂå®v«ü¥Ü¨Ï¥Î¡C,Äµ °ªÄµ°T,,,,¬O,10.0,,§_,¬O,§_,³æ¤è,§_,°±¥Î,°±¥Î,¤£¥i¿i,¬O,,1.00,1.00,40.00,40.00,999,999,1,1,40.00,40.00,0,0,,¦³¹Ï¤ù,,0,,0,,L01DC03,,,,,,,,,VAL,,°·«Oµ¹¥I,°·«Oµ¹¥I,MITOMYCIN C,L01DC03,BC21026229,§_,Liquid,IVSOL,¦M®`¤@¯Å(¡I¡I),,10.00,mg,,,¥²¶·µ}ÄÀ,³æ¦¸¿éª`,PH008,202211091417,545.00,654.00
IMIT2,20200617,99999999,°±¥Î,Mitonco inj 10mg (±M®×¶i¤f)°·«O110.01.01-112.09.30,Mitonco inj 10mg (±M®×¶i¤f),Mitomycin C,IRR,STAT,RACA,ON-03-09,°w¾¯,mg,Mitomycin-C,«D²Õ®M,°±¥Î,IMIT3,±M®×¶i¤fÃÄ«~,¬O,¤£¥i¥ÎÃÄ¥]¾÷,¥i¥Î,¤@¯ë,Á`¶q¶i¦ì,¾AÀ³¯g:§ÜÀùÃÄ,°t»s«á«O¦s´Á­­¡G24hrs(25¢XC)¡A­­½Õ»s·í¤é§¹¦¨µ¹ÃÄ,Indication:Antineoplastic agent.,,¥~ Æ[:´Ä¦â¤p²~,Appearance: brown vial,¥Õ¦å²y´î¤Ö¡A ¦å¤pªO´î¤Ö¡A ­¹¼¤­°§C¡A äú¤ß¹Ã¦R,Leukopenia¡A thrombocytopenia¡A anorexia¡A nausea/vomiting.,,¥u¥Î©óªù¶E¤Î¦í°|STAT,Mitonco inj 10mg (±M®×¶i¤f),¡I¡IMitonco,,,,¬O,,¥»«~¬°­«¯gªvÀøÃÄ¡A ½Ð¨Ì·ÓÂå®v«ü¥Ü¨Ï¥Î,,Take this medicine exactly as your doctor ordered.,,,,[IMIT1]¯Ê³f¡Aªc§¿¬ì±M®×¶i¤f¡C,¤ÆÀø,¤ÆÀø,Äµ »y:¥»«~¬°­«¯gªvÀøÃÄª«¡A½Ð¨Ì·ÓÂå®v«ü¥Ü¨Ï¥Î¡C,Äµ °ªÄµ°T,,0,0,¬O,10.0,,¬O,¬O,§_,³æ¤è,,°±¥Î,,¤£¥i¿i,¬O,,1.00,1.00,40.00,40.00,999,999,1,1,40.00,40.00,0,0,,¦³¹Ï¤ù,,0,,0,,L01DC03,,,,,0,,0,,VIAL,,°·«Oµ¹¥I,°·«Oµ¹¥I,MITOMYCIN C,L01DC03,X000187229,,Liquid,IVSOL,¦M®`¤@¯Å(¡I¡I),,10.00,mg,0,,¥²¶·µ}ÄÀ,³æ¦¸¿éª`,PH006,202401281103,640.00,768.00
IMIT3,20221110,99999999,¥i¥Î,Mitonco inj 10mg,Mitonco inj 10mg,Mitomycin C,IRR,STAT,RACA,ON-03-09,°w¾¯,mg,Mitomycin-C,«D²Õ®M,,,¤@¯ë¥i¥Î,¬O,¤£¥i¥ÎÃÄ¥]¾÷,¥i¥Î,¤@¯ë,Á`¶q¶i¦ì,¾AÀ³¯g:§ÜÀùÃÄ,°t»s«á«O¦s´Á­­¡G24hrs(25¢XC)¡A­­½Õ»s·í¤é§¹¦¨µ¹ÃÄ,Indication:Antineoplastic agent.,,¥~ Æ[:´Ä¦â¤p²~,Appearance: brown vial,¥Õ¦å²y´î¤Ö¡A ¦å¤pªO´î¤Ö¡A ­¹¼¤­°§C¡A äú¤ß¹Ã¦R,Leukopenia¡A thrombocytopenia¡A anorexia¡A nausea/vomiting.,,¥u¥Î©óªù¶E¤Î¦í°|STAT,±K¦hÁÚ§ö­á´¹ª`®g¾¯,¡I¡IMitonco,,,,¬O,,¥»«~¬°­«¯gªvÀøÃÄ¡A ½Ð¨Ì·ÓÂå®v«ü¥Ü¨Ï¥Î,,Take this medicine exactly as your doctor ordered.,,,,2022.12±M®×¶i¤f[IMIT2]Âà¦³¦r¸¹,¤ÆÀø,¤ÆÀø,Äµ »y:¥»«~¬°­«¯gªvÀøÃÄª«¡A½Ð¨Ì·ÓÂå®v«ü¥Ü¨Ï¥Î¡C,Äµ °ªÄµ°T,,0,0,¬O,10.0,,§_,¬O,§_,³æ¤è,§_,°±¥Î,°±¥Î,¤£¥i¿i,¬O,,1.00,1.00,40.00,40.00,999,999,1,1,40.00,40.00,0,0,,¦³¹Ï¤ù,,0,,0,,L01DC03,,,,,0,,0,,VIAL,§_,°·«Oµ¹¥I,°·«Oµ¹¥I,MITOMYCIN C,L01DC03,BC28315229,§_,Liquid,IVSOL,¦M®`¤@¯Å(¡I¡I),,10.00,mg,0,mL,¥²¶·µ}ÄÀ,³æ¦¸¿éª`,PH034,202301171812,640.00,768.00
IMIV,19960101,99999999,°±¥Î,Mivacron,Mivacron,Mivacurium,IM,,CNEU,CN-03-02,°w¾¯,AMP,,«D²Õ®M,°±¥Î¡A¥i¬dÃþ¦üÃÄ,,¤w°±¥Î,¬O,¤£¥i¥ÎÃÄ¥]¾÷,,¤£¦LÃÄÅÒ,¦¸­p¶q¶i¦ì,¾AÀ³¯g:³Â¾K»²§U¾¯,,,,,,,,,,,Mivacron,,,§_,¬O,,,,,,,,,¤@¯ë,ª`®g,,,,,,¬O,1.0,,§_,§_,§_,³æ¤è,§_,¥i¥Î,¥i¥Î,¤£¥i¿i,¬O,,1.00,1.00,9.00,9.00,999,999,1,1,0,0,0,0,,µL¹Ï¤ù,,0,,0,,M03AC10,,,,,,,,,AMP,§_,°·«Oµ¹¥I,°·«Oµ¹¥I,,,B021273221,§_,Liquid,SOL,,,,,,,¬Ò¥i,³æ¦¸¿éª`,PH008,201403201335,150.00,180.00
IMIX3,20030401,99999999,°±¥Î,Mixtard 30 HM Penfill,Mixtard 30 HM Penfill,Insulin RI 30 NPH 70,SC,,META,ME-01-03,°w¾¯,IU,Mixtard,«D²Õ®M,°±¥Î,INOV3,¤@¯ë¥i¥Î,¬O,¤£¥i¥ÎÃÄ¥]¾÷,¥i¥Î,¤@¯ë,Á`¶q¶i¦ì,¾AÀ³¯g:¬°²V¦X«¬¯Ø®q¯À¡A¿}§¿¯f¥ÎÃÄ,,,,,,,,,¬Ò¥i¥Î,,Mixtard 30 HM Penfill,,,§_,¬O,,,,,,,,,¤@¯ë,¤@¯ë,Äµ »y:¨Ï¥Î«e½Ð¨Ó¦^·b¦Ü§¡¤Ã´ý¿B¡A¨Ã©óÀ\«e¥ß§Y¨Ï¥Î,,,,,¬O,300.0,,§_,§_,§_,³æ¤è,§_,°±¥Î,¥i¥Î,¥i¿i,¬O,,1.00,1.00,99.00,99.00,60,30,30,1,0,0,0,0,,µL¹Ï¤ù,,0,,0,,,,,,,,,,,VAL,§_,°·«Oµ¹¥I,°·«Oµ¹¥I,INSULIN,A10AD01,K000685266,§_,Liquid,SOL,,,,,,,¬Ò¥i,³æ¦¸¿éª`,PH008,201403201335,124.00,150.00
IMIXT,20030619,99999999,°±¥Î,Mixtard insulin 30/70 10mL,Mixtard insulin 30/70 10mL,Human Insulin Regular/NPH 30/70,SC,,META,ME-01-03,°w¾¯,IU,,«D²Õ®M,°±¥Î¡A¥i¬dÃþ¦üÃÄ,,¤@¯ë¥i¥Î,¬O,¤£¥i¥ÎÃÄ¥]¾÷,,¤@¯ë,Á`¶q¶i¦ì,¾AÀ³¯g:¬°²V¦X«¬¯Ø®q¯À¡A¿}§¿¯f¥ÎÃÄ,,,,,,,,,¬Ò¥i¥Î,,Mixtard insulin 30/70 10mL,,,§_,¬O,,,,,,,,,¤@¯ë,ª`®g,Äµ »y:¨Ï¥Î«e½Ð¨Ó¦^·b¦Ü§¡¤Ã´ý¿B¡A¨Ã©óÀ\«e¥ß§Y¨Ï¥Î,,,,,¬O,1000.0,,§_,§_,§_,³æ¤è,§_,¥i¥Î,¥i¥Î,¥i¿i,¬O,,1.00,1.00,99.00,99.00,60,30,30,1,0,0,0,0,,µL¹Ï¤ù,,0,,0,,,,,,,,,,,VAL,§_,°·«Oµ¹¥I,°·«Oµ¹¥I,INSULIN HUMAN,A10AD01,K000682209,§_,Liquid,SOL,,,,,,,¬Ò¥i,³æ¦¸¿éª`,PH008,201403201335,300.00,360.00
IMIXTI,20030210,99999999,°±¥Î,Mixtard insulin 30/70 (IU) 100IU/mL,Mixtard insulin 30/70 (IU) 100IU/mL,Human Insulin Regular/NPH 30/70,SC,,META,ME-01-03,°w¾¯,IU,Mixtard insulin,«D²Õ®M,°±¥Î¡A¥i¬dÃþ¦üÃÄ,,¤@¯ë¥i¥Î,¬O,¤£¥i¥ÎÃÄ¥]¾÷,,¦C¦L¦í°|ÃÄÅÒ,¤£¶i¦ì,¾AÀ³¯g:¬°²V¦X«¬¯Ø®q¯À¡A¿}§¿¯f¥ÎÃÄ,,,,,,,,,¥u¥Î©óªù¶E,,Mixtard insulin 30/70 (IU) 1,,,§_,¬O,,,,,,,,,¤@¯ë,ª`®g,,,,,,¬O,1.0,,§_,§_,§_,³æ¤è,§_,¥i¥Î,¥i¥Î,¥i¿i,§_,,1.00,1.00,99.00,99.00,30,99,1,1,0,0,0,0,,µL¹Ï¤ù,,0,,0,,,,,,,,,,,IU,,°·«Oµ¹¥I,°·«Oµ¹¥I,INSULIN HUMAN,A10AD01,K000682299,§_,Liquid,SOL,,,,,,,¬Ò¥i,³æ¦¸¿éª`,PH008,201403201335,0.30,2.00
IMMR,20210615,99999999,¥i¥Î,Priorix inj (MMR) 0.5mL/dose (¦Û¶O³Â¯lµ¥¤TºØ¬Ì­]),Priorix inj (MMR) 0.5 mL/dose (Private),Measles + Mumps + Rubella,SC,STAT,HIMM,IM-02-02,°w¾¯,DOSE,MMR,«D²Õ®M,¼t°Ó¯Ê³f,,¤@¯ë¥i¥Î,¬O,¥i¥ÎÃÄ¥]¾÷,°·«O¤£µ¹¥I,¤@¯ë,Á`¶q¶i¦ì,¾AÀ³¯g:³Â¯l¡B¼w°ê³Â¯l¡B¸|¸¢ª¢¬Ì­],,Indication:Measles¡A mumps & rubella vaccine.,,¥~ Æ[:1¤ä¤p²~­á´¹°®¯»¤Î1°wµ©¸Ëµ}ÄÀ²G¡C,Appearance: a vial and a pre-filled syringe.,ª`®g³¡¦ì¨`¼ö©Î¨ëµh·P¡Aµo¿N¡Aµo¯l,burning or stinging at injection site¡A fever¡A rash,,¥u¥Î©óªù¶E¤Î¦í°|STAT,¬£¥ß§J,Priorix inj (MMR) 0.5mL/dose,MMR,,§_,¬O,,ªw»s«áÀ³¥ß§Y¨Ï¥Î,§ë¤©¬Ì­]®ÉÀ³¨Ï¥Î·sªº°wÀY,Reconstituted vaccine should be injected promptly,Using a new needle for administration,¬Ì­]±µºØ«á1­Ó¤ë¤ºÀ³Á×§KÃh¥¥,Avoid pregnancy for 1 month following vaccination.,202106 [IMMR2] ¯Ê³f´À¥N,¤@¯ë,ª`®g,Äµ »y:¬Ì­]±µºØ«á1­Ó¤ë¤º¤£¥i¨ü¥¥,,,0,0,§_,1.0,,§_,¬O,¬O,½Æ¤è,§_,°±¥Î,°±¥Î,¤£¥i¿i,§_,,1.00,1.00,1.00,1.00,1,1,1,1,1.00,1.00,0,0,,¦³¹Ï¤ù,,0,,0,,J07BD52,,,,,0,,0,,VAL,§_,¤£µ¹¥I¶·¦Û¥I,¤£µ¹¥I¶·¦Û¥I,,,,§_,Liquid,SOL,,,0,,0.50,mL,,,PH084,202403220947,0,400.00
IMMR1,20170830,99999999,¥i¥Î,MMR II (³Â¯lµ¥¤TºØ¬Ì­]¡A ¬F©²´£¨Ñ) 0.5mL/dose,MMR II (Government) 0.5mL/dose,Measles + Mumps + Rubella,SC,STAT,HIMM,IM-02-02,°w¾¯,DOS,MMR,«D²Õ®M,,,¤@¯ë¥i¥Î,¬O,¤£¥i¥ÎÃÄ¥]¾÷,­­¥Î,¦C¦L¦í°|ÃÄÅÒ,Á`¶q¶i¦ì,¾AÀ³¯g:³Â¯l¡A ¼w°ê³Â¯l¡A ¸|¸¢ª¢¬Ì­],,Indication:Measles¡A mumps & rubella vaccine.,,¥~ Æ[: ¥Õ¦â¦Ü²H¯»¬õ¦â°®¯»¤p²~ + µ}ÄÀ²G,Appearance: powder in a Vial + diluted solution,ª`®g³¡¦ì¨`¼ö©Î¨ëµh·P¡Aµo¿N¡Aµo¯l,burning or stinging at injection site¡A fever¡A rash,,¬Ò¥i¥Î,³Â¯l¸|¸¢ª¢¤Î¼w°ê³Â¯l¤TºØ²V¦X¬Ì­]ª`®g¾¯,M-M-R II (Government),MMR,,§_,¬O,,»â¨ú¬Ì­]«á»Ý¦b30¤ÀÄÁ¤ºª`®g¡A ­Y¥¼¯à¤Î®É¬I¥´½Ðª½±µ§iª¾ª`®g«Ç,,This vaccine must be injected within 30 minutes after receiving it.,If not to inject in time¡A please inform the injection room directly.,¬Ì­]±µºØ«á3­Ó¤ë¤º¤£¥i¨ü¥¥,Should not get pregnant within 3 months after vaccination.,,¤@¯ë,ª`®g,Äµ »y:¬Ì­]±µºØ«á3­Ó¤ë¤º¤£¥i¨ü¥¥,,,0,0,¬O,1.0,,§_,¬O,¬O,½Æ¤è,§_,°±¥Î,¥i¥Î,¤£¥i¿i,§_,,1.00,1.00,1.00,1.00,1,1,1,1,1.00,1.00,0,0,,¦³¹Ï¤ù,,0,,0,,J07BD52,J07BD01,J07BJ01,J07BE01,,0,,0,,VAL,,°·«Oµ¹¥I,°·«Oµ¹¥I,,,K000510206,§_,Liquid,SOL,,,,,0.50,mL,¬Ò¥i,³æ¦¸¿éª`,PH047,202301051111,0,0
IMMR2,20170830,99999999,°±¥Î,M-M-R II 0.5mL/dose (¦Û¶O³Â¯lµ¥¤TºØ¬Ì­]),M-M-R II 0.5 mL/dose (Private),Measles + Mumps + Rubella,SC,STAT,HIMM,IM-02-02,°w¾¯,DOS,MMR,«D²Õ®M,°±¥Î,IMMR,¤@¯ë¥i¥Î,¬O,¥i¥ÎÃÄ¥]¾÷,°·«O¤£µ¹¥I,¤@¯ë,Á`¶q¶i¦ì,¾AÀ³¯g:³Â¯l¡A ¼w°ê³Â¯l¡A ¸|¸¢ª¢¬Ì­],,Indication:Measles¡A mumps & rubella vaccine.,,¥~ Æ[:³z©ú¬Á¼þ¤p²~(vial)¡A¥Õ¦âÂÅ¦â¬Û¶¡¥~¶K¯È¡AÂÅ¦â¥~»\,,ª`®g³¡¦ì¨`¼ö©Î¨ëµh·P¡Aµo¿N¡Aµo¯l,burning or stinging at injection site¡A fever¡A rash,,¥u¥Î©óªù¶E¤Î¦í°|STAT,³Â¯l¸|¸¢ª¢¤Î¼w°ê³Â¯l¤TºØ²V¦X¬Ì­]ª`®g¾¯,MMR¢º(Private) 0.5 mL/dose,MMR,,§_,¬O,,»â¨ú¬Ì­]«á»Ý¦b30¤ÀÄÁ¤ºª`®g¡A ­Y¥¼¯à¤Î®É¬I¥´½Ðª½±µ§iª¾ª`®g«Ç,,This vaccine must be injected within 30 minutes after receiving it.,If not to inject in time¡A please inform the injection room directly.,¬Ì­]±µºØ«á3­Ó¤ë¤º¤£¥i¨ü¥¥,Should not get pregnant within 3 months after vaccination.,,¤@¯ë,ª`®g,Äµ »y:¬Ì­]±µºØ«á3­Ó¤ë¤º¤£¥i¨ü¥¥,,,0,0,§_,1.0,,§_,¬O,¬O,½Æ¤è,§_,°±¥Î,°±¥Î,¤£¥i¿i,§_,,1.00,1.00,1.00,1.00,1,1,1,1,1.00,1.00,0,0,,¦³¹Ï¤ù,,0,,0,,J07BD52,,,,,0,,0,,VAL,§_,¤£µ¹¥I¶·¦Û¥I,¤£µ¹¥I¶·¦Û¥I,,,,§_,Liquid,SOL,,,,,0.50,mL,¬Ò¥i,³æ¦¸¿éª`,PH065,202403151014,0,400.00
IMMRA,19960101,99999999,°±¥Î,Pluserix inj ( MMR )(½Ã¥Í¸p),Pluserix inj ( MMR )(½Ã¥Í¸p),Measles + Mumps + Rubella,SC,,HIMM,IM-02-02,°w¾¯,VAL,MMR,«D²Õ®M,°±¥Î¡A¥i¬dÃþ¦üÃÄ,,¤@¯ë¥i¥Î,¬O,¤£¥i¥ÎÃÄ¥]¾÷,,¤£¦LÃÄÅÒ,Á`¶q¶i¦ì,¾AÀ³¯g:¬°³Â¯l£¿¼w°ê³Â¯l£¿¸|¸¢ª¢¬Ì­],,,,,,,,,,³Â¯l¸|¸¢ª¢¤Î¼w°ê³Â¯l¤TºØ²V¦X¬Ì­]ª`®g¾¯,Pluserix inj ( MMR )(½Ã¥Í¸p),,,§_,¬O,,,,,,,,,¤@¯ë,ª`®g,Äµ »y:¬Ì­]±µºØ«á3­Ó¤ë¤º¤£¥i¨ü¥¥,,,,,¬O,1.0,,§_,§_,§_,³æ¤è,§_,¥i¥Î,¥i¥Î,¤£¥i¿i,¬O,,1.00,1.00,1.00,1.00,1,1,1,1,0,0,0,0,,µL¹Ï¤ù,,0,,0,,,,,,,,,,,VAL,§_,¤£µ¹¥I¶·¦Û¥I,¤£µ¹¥I¶·¦Û¥I,,,,§_,Liquid,SOL,,,,,,,¬Ò¥i,³æ¦¸¿éª`,PH032,202110031702,0,400.00
IMORI,19960101,99999999,°±¥Î,Moriamin-SN inj 200mL,Moriamin-SN inj 200mL,Amino Acids,IV,,NUTR,NU-04-01,°w¾¯,BOT,Moriamin-SN,«D²Õ®M,°±¥Î,IAMI2,¤@¯ë¥i¥Î,¬O,¤£¥i¥ÎÃÄ¥]¾÷,,¤@¯ë,Á`¶q¶i¦ì,¾AÀ³¯g:¬°¦¨¤H®ò°ò»Ä¸É¥R²G,,,,,,,,,¥u¥Î©ó¦í°|,,Moriamin-SN inj 200mL,,,§_,¬O,,,,,,,,,¤@¯ë,ª`®g,Äµ »y:ÃÄ§½½Õ¾¯¡A «D¤@¯ë¥æ¥IÃÄ«~,,,,,¬O,1.0,,§_,§_,§_,³æ¤è,§_,¥i¥Î,¥i¥Î,¤£¥i¿i,¬O,,1.00,1.00,25.00,25.00,999,999,1,1,0,0,0,0,,µL¹Ï¤ù,,0,,0,,,,,,,,,,,BOT,§_,°·«Oµ¹¥I,°·«Oµ¹¥I,10.0%AMINO ACIDS,B05BA01,A024029263,§_,Liquid,IVSOL,,,,,,,¬Ò¥i,³æ¦¸¿éª`,PH008,201403201335,196.00,235.00
IMORP,19960101,99999999,¥i¥Î,Morphine inj 10mg/1mL,Morphine inj 10mg/1mL,Morphine,IM,,CNEU,CN-01-01,°w¾¯,AMP,Morphine,«D²Õ®M,,,¤@¯ë¥i¥Î,¬O,¤£¥i¥ÎÃÄ¥]¾÷,,¤@¯ë,¤£¶i¦ì,¾AÀ³¯g:³Â¾K©Ê¤îµh¾¯,,Indication:As analgesic.,,¥~ Æ[:²`½Å¦â¬Á¼þ¦wÞÀ(amp)¡A¥Õ¦â¥~¶K¯È¡Aµµ¦â¦r¼Ë,Appearance: 1 mL ampoule,©I§l§í¨î¡A ¤ß«ß¤£¾ã¡A ¦åÀ£§ïÅÜ¡A ©ü©ü±ýºÎ,Respiratory depression¡A arrhythmias¡A BP changes¡A drowsiness.,,¥u¥Î©óªù¶E¤Î¦í°|STAT,ÆQ»Ä¶Ü°Øª`®g²G,Morphine inj 10mg/1mL,,,¬O,¬O,,À³µø¨ä¦~ÄÖ¡BÅé­«¤Î¯gªp¤©¥H¾A·í¤§¾¯¶q¡A ¨Ã¯d·NÆ[¹î,,Should consider age¡A weight and disease state to modify dosage.,,,,,¤@¯ë,¤@¯ÅºÞ¨î,Äµ »y:À³µø¨ä¦~ÄÖ¡BÅé­«¤Î¯gªp¤©¥H¾A·í¤§¾¯¶q¡A¨Ã¯d·NÆ[¹î,Äµ °ªÄµ°T,ª`®g¾¯,,,¬O,1.0,,¬O,¬O,§_,³æ¤è,§_,°±¥Î,°±¥Î,¤£¥i¿i,§_,,1.00,1.00,10.00,10.00,7,14,1,1,20.00,20.00,0.25,0.04,,¦³¹Ï¤ù,,10.00,mg,0,0.001-0.03 mg/Kg/hour,N02AA01,,,,,,,,,AMP,§_,°·«Oµ¹¥I,°·«Oµ¹¥I,MORPHINE,N02AA01,AC05891209,§_,Liquid,SOL,,,10.00,mg,1.00,mL,¬Ò¥i,³æ¦¸¿éª`,PH034,202004120934,25.00,33.00
IMORPBAD,19960101,99999999,¥i¥Î,Morphine inj 10mg/1mL´Ý¾l¾PÀì,Morphine inj 10mg/1mL´Ý¾l¾PÀì,Morphine,IM,,CNEU,CN-01-01,°w¾¯,AMP,Morphine,«D²Õ®M,,,¤@¯ë¥i¥Î,¬O,¤£¥i¥ÎÃÄ¥]¾÷,,¤£¦LÃÄÅÒ,¤£¶i¦ì,¾AÀ³¯g:¬°³Â¾K©Ê¤îµh¾¯,,,,,,,,,¥u¥Î©óªù¶E¤Î¦í°|STAT,,Morphine inj 10mg/1mL´Ý¾l¾PÀì,,,§_,¬O,,,,,,,,[Rx_x]ºÞÃÄ¥á±ó½X¡A³B¤è¶°¤£Åã¥Ü,¤@¯ë,¤@¯ÅºÞ¨î,Äµ »y:À³µø¨ä¦~ÄÖ¡BÅé­«¤Î¯gªp¤©¥H¾A·í¤§¾¯¶q¡A¨Ã¯d·NÆ[¹î,,,,,¬O,1.0,,§_,¬O,§_,³æ¤è,§_,°±¥Î,°±¥Î,¤£¥i¿i,§_,,1.00,1.00,1.00,1.00,1,1,1,1,1.00,1.00,0,0,,µL¹Ï¤ù,,0,,0,,,,,,,,,,,AMP,§_,°·«O¤£¥Ó³ø¤£­p»ù,°·«O¤£¥Ó³ø¤£­p»ù,MORPHINE,N02AA01,AC05891209,§_,Liquid,SOL,,,10.00,mg,1.00,mL,¬Ò¥i,³æ¦¸¿éª`,PH034,202111010934,20.00,30.00
IMTX,20131101,99999999,°±¥Î,Methotrexate 500mg/20mL inj,Methotrexate 500mg/20mL inj,Methotrexate,IM,,RACA,ON-02-03,°w¾¯,mg,MTX,«D²Õ®M,°±¥Î,IMTX5,±M®×¶i¤fÃÄ«~,¬O,¤£¥i¥ÎÃÄ¥]¾÷,,¤@¯ë,Á`¶q¶i¦ì,¾AÀ³¯g:¬°¸­»Ä«ú§Ü¾¯,,Indication: Cancer therapy¡A ectopic pregnancy.,,¥~ Æ[: ³z©ú¬Á¼þ¶À¦â²GÅé¤p²~,Appearance: 20 mL yellow solution in a vial,¼ìºÅ©Ê¤fµÄª¢¡A ¥Õ¦å²y´î¤Ö¡A äú¤ß¡A ¸¡³¡¤£¾A,Ulcerative stomatitis¡A leukopenia¡A nausea & abdominal distress.,,¥u¥Î©óªù¶E¤Î¦í°|STAT,Ói°ò¥Ò°ò¸­»Ä,Methotrexate,,,§_,¬O,,¥»«~¬°­«¯gªvÀøÃÄ¡A ½Ð¨Ì·ÓÂå®v«ü¥Ü¨Ï¥Î,,Take this medicine exactly as your doctor ordered.,,,,,¤@¯ë,ª`®g,Äµ »y:¥»«~¬°­«¯gªvÀøÃÄª«¡A½Ð¨Ì·ÓÂå®v«ü¥Ü¨Ï¥Î¡C,Äµ °ªÄµ°T,ª`®g¾¯,20.0,-20.0,¬O,500.0,,¬O,§_,§_,³æ¤è,§_,°±¥Î,¥i¥Î,¤£¥i¿i,¬O,,1.00,1.00,100.00,100.00,7,7,1,1,100.00,100.00,0,0,,¦³¹Ï¤ù,,0,,0,,L01BA01,,,,,,,,,VAL,§_,¤£µ¹¥I¶·¦Û¥I,¤£µ¹¥I¶·¦Û¥I,,,,§_,Liquid,IVSOL,,,500.00,mg,20.00,mL,¬Ò¥i,³æ¦¸¿éª`,PH034,202208221835,0,1044.00
IMTX1,20100106,99999999,°±¥Î,Abitrexate inj 50mg/2mL,Abitrexate inj 50mg/2mL,Methotrexate,IM,,RACA,ON-02-03,°w¾¯,mg,Methotrexate,«D²Õ®M,°±¥Î,,¤@¯ë¥i¥Î,¬O,¤£¥i¥ÎÃÄ¥]¾÷,¥i¥Î,¤@¯ë,¦¸­p¶q¶i¦ì,¾AÀ³¯g:¸­»Ä«ú§Ü¾¯¡A ªvÀø¥Õ¦å¯f¡A ²O¤Ú¦×¸~¡A ¤ôÅnª¬­L¶ô,,Indication: Cancer therapy¡A ectopic pregnancy.,,¥~ Æ[:³z©ú¬Á¼þ¶À¦â²GÅé¤p²~¸Ë¡A´Ä¶Â¦â»\¤l,,¸¡Âm©Ê¤fµÄª¢¡A ¥Õ¦å²y´î¤Ö¡A äú¤ß¡A ¸¡³¡¤£¾A,Ulcerative stomatitis¡A leukopenia¡A nausea & abdominal distress.,,¬Ò¥i¥Î,¥²°£Àùª`®g¾¯,Abitrexate inj 50mg/2mL,,,§_,¬O,,¥»«~¬°­«¯gªvÀøÃÄ¡A ½Ð¨Ì·ÓÂå®v«ü¥Ü¨Ï¥Î,,Take this medicine exactly as your doctor ordered.,,,,ÃÄ«~¥DÀÉ§ï³]¬°¤@¯ëÃÄ¡A ³o¼Ë°ü²£¬ì§å»ù¤Î¥Ó³ø¤~·|¬O¹ïªº,¤@¯ë,¤@¯ë,Äµ »y:¥»«~¬°­«¯gªvÀøÃÄª«¡A½Ð¨Ì·ÓÂå®v«ü¥Ü¨Ï¥Î¡C,Äµ °ªÄµ°T,,20.0,-20.0,¬O,50.0,,¬O,§_,§_,³æ¤è,§_,°±¥Î,¥i¥Î,¤£¥i¿i,¬O,,1.00,1.00,100.00,100.00,7,7,1,1,100.00,100.00,0,0,,¦³¹Ï¤ù,,0,,0,,L01BA01,,,,,,,,,VIAL,,°·«Oµ¹¥I,°·«Oµ¹¥I,METHOTREXATE,L01BA01,B020808212,§_,Liquid,IVSOL,,,,,,,¬Ò¥i,³æ¦¸¿éª`,PH032,202109091845,89.00,111.00
IMTX2,20160816,99999999,¥i¥Î,Methotrexate inj 50mg/2mL,Methotrexate inj 50mg/2mL,Methotrexate,IM,,RACA,ON-02-03,°w¾¯,mg,Methotrexate,«D²Õ®M,,,¤@¯ë¥i¥Î,¬O,¥i¥ÎÃÄ¥]¾÷,¥i¥Î,¤@¯ë,Á`¶q¶i¦ì,¾AÀ³¯g:§Ü´c©Ê¸~ºÅ¡A¤l®c¥~¥¥,°t»s«á«O¦s´Á­­¡G24hrs(2-8¢XC)¡A­­½Õ»s·í¤é§¹¦¨µ¹ÃÄ,Indication: Cancer therapy¡A ectopic pregnancy.,,¥~ Æ[: ³z©ú¬Á¼þ¶À¦â²GÅé¤p²~,Appearance: 2mL yellow solution in a vial,¼ìºÅ©Ê¤fµÄª¢¡A ¥Õ¦å²y´î¤Ö¡A äú¤ß¡A ¸¡³¡¤£¾A,Ulcerative stomatitis¡A leukopenia¡A nausea & abdominal distress.,,¥u¥Î©óªù¶E¤Î¦í°|STAT,¬Õ¹Ø¨D±oª`®g²G,Methotrexate,,,§_,¬O,,¥»«~¬°­«¯gªvÀøÃÄ¡A ½Ð¨Ì·ÓÂå®v«ü¥Ü¨Ï¥Î,,Take this medicine exactly as your doctor ordered.,,,,ÃÄ«~¥DÀÉ§ï³]¬°¤@¯ëÃÄ¡A ³o¼Ë°ü²£¬ì§å»ù¤Î¥Ó³ø¤~·|¬O¹ïªº,¤@¯ë,ª`®g,Äµ »y:¥»«~¬°­«¯gªvÀøÃÄª«¡A½Ð¨Ì·ÓÂå®v«ü¥Ü¨Ï¥Î¡C,Äµ °ªÄµ°T,ª`®g¾¯,20.0,-20.0,¬O,50.0,,§_,¬O,§_,³æ¤è,§_,°±¥Î,°±¥Î,¤£¥i¿i,§_,,1.00,1.00,100.00,100.00,2,1,1,1,100.00,100.00,0,0,,¦³¹Ï¤ù,,0,,0,,L01BA01,,,,,0,,0,,VAL,§_,°·«Oµ¹¥I,°·«Oµ¹¥I,METHOTREXATE,L01BA01,BC21696212,§_,Liquid,IVSOL,¦M®`¤@¯Å(¡I¡I),,50.00,mg,2.00,mL,¥²¶·µ}ÄÀ,³æ¦¸¿éª`,PH032,202403071602,89.00,111.00
IMTX5,20130328,99999999,°±¥Î,MTX inj 500mg/5mL,MTX inj 500mg/5mL,Methotrexate,IVD,,RACA,ON-02-03,°w¾¯,mg,Methotrexate,«D²Õ®M,°±¥Î,IMTX2,¤@¯ë¥i¥Î,¬O,¤£¥i¥ÎÃÄ¥]¾÷,¥i¥Î,¤@¯ë,¦¸­p¶q¶i¦ì,¾AÀ³¯g:Àù¯g¬ÛÃöªvÀø¡B¤l®c¥~¥¥,,Indication: Cancer therapy¡A ectopic pregnancy.,,¥~ Æ[: 5mL ¦wÞÀ(amp),Appearance: 5mL ampoule,¸¡Âm©Ê¤fµÄª¢¡A ¥Õ¦å²y´î¤Ö¡A äú¤ß¡A ¸¡³¡¤£¾A,Ulcerative stomatitis¡A leukopenia¡A nausea & abdominal distress.,,¬Ò¥i¥Î,¨C¯Á¯SÀR¯ßª`®g²G,MTX,,,§_,¬O,,¥»«~¬°­«¯gªvÀøÃÄ¡A ½Ð¨Ì·ÓÂå®v«ü¥Ü¨Ï¥Î,,Take this medicine exactly as your doctor ordered.,,,,,¤@¯ë,ª`®g,Äµ »y:¥»«~¬°­«¯gªvÀøÃÄª«¡A½Ð¨Ì·ÓÂå®v«ü¥Ü¨Ï¥Î¡C,Äµ °ªÄµ°T,ª`®g¾¯,20.0,-20.0,¬O,500.0,,¬O,§_,§_,³æ¤è,§_,°±¥Î,¥i¥Î,¤£¥i¿i,¬O,,0,0,120.00,120.00,2,2,1,1,120.00,120.00,0,0,,¦³¹Ï¤ù,,0,,0,,L01BA01,,,,,,,,,AMP,,°·«Oµ¹¥I,°·«Oµ¹¥I,METHOTREXATE,L01BA01,BC18876221,§_,Liquid,IVSOL,,,500.00,mg,5.00,mL,¬Ò¥i,³æ¦¸¿éª`,PH032,202109091845,470.00,564.00
IMUT,20210327,99999999,¥i¥Î,Mutonpain inj 10mg/1mL,Mutonpain inj 10mg/1mL,Nalbuphine,,STAT,CNEU,CN-01-01,°w¾¯,AMP,Mutonpain,«D²Õ®M,,,¤@¯ë¥i¥Î,¬O,¥i¥ÎÃÄ¥]¾÷,¥i¥Î,¤@¯ë,¦¸­p¶q¶i¦ì,¾AÀ³¯g:³Â¾K©Î¤îµh¾¯,,Indication:Pain management or anesthesia supplement,,¥~ Æ[: 1mL¦wÞÀ²~(Ampoule),Appearance:1mL Ampoule,ÂíÀR¡Aµs¦½¡Aäú¤ß¡A¹Ã¦R¡A·w¯t,Sedation¡A night sweats¡A nausea¡A vomiting¡A dizziness,,¬Ò¥i¥Î,À±µhª`®g²G,Mutonpain inj 10mg/1mL,,,¬O,¬O,,¥»ÃÄ©I§l§í¨î§@¥Î¥i¨Ï¥Înaloxone¤ÏÂà,ªø´Á¨Ï¥Î«á¬ðµM°±ÃÄ¥i¯à·|¤Þ°_§ÙÂ_¯gª¬,Respiratory depression of this medication could be reversed with naloxone.,May result in withdrawal symptoms after abrupt discontinuation.,¥Î©ó¸g±`±µ¨ü¾~¤ùÃþ¤îµh¾¯ªº¯f±w½Ð¤p¤ß¨Ï¥Î,Used with caution in patients receiving opioid analgesics on a regular basis.,2021.Q1ÃÄ©e·s¶i,¤@¯ë,ª`®g,¥»ÃÄ©I§l§í¨î§@¥Î¥i¨Ï¥Înaloxone¤ÏÂà,,,0,0,§_,1.0,,§_,¬O,§_,³æ¤è,§_,°±¥Î,°±¥Î,¤£¥i¿i,¬O,,0,0,2.00,2.00,1,7,1,1,16.00,16.00,0,0,,¦³¹Ï¤ù,,0,,0,,N02AF02,,,,,0,,0,,AMP,,°·«Oµ¹¥I,°·«Oµ¹¥I,NALBUPHINE,N02AF02,AC59306209,,Liquid,IVSOL,,,10.00,mg,1.00,mL,¬Ò¥i,³æ¦¸¿éª`,PH022,202105101541,36.30,47.00
IMV,19960101,99999999,°±¥Î,Multivita inj 2mL,Multivita inj 2mL,Multivitamin,IVA,,NUTR,NU-02-00,°w¾¯,AMP,Multivita,«D²Õ®M,°±¥Î¡A¥i¬dÃþ¦üÃÄ,,¤@¯ë¥i¥Î,¬O,¥i¥ÎÃÄ¥]¾÷,,¤@¯ë,¦¸­p¶q¶i¦ì,¾AÀ³¯g:¦hºØºû¥L©R¯Ê¥F¯g,,Indication:Mutivitamin.,,¥~ Æ[:²`½Å¦â¦wÞÀ(amp)¡A½Å¦â¦r¼Ë,,,,,,¦h¤Oºû¥Lª`®g²G,Multivita inj 2mL,,,§_,¬O,,¥»ÃÄ¤@©w­n¸gµ}ÄÀ¹L«á¨Ï¥Î,,,,³Æµù:½Ð¸m©óÄá¤ó 2-8 «×¦B½c§NÂÃ,Store in a refrigerator (2-8¢XC).,,¤@¯ë,ª`®g,Äµ »y:¥»ÃÄ¤@©w­n¸gµ}ÄÀ¹L«á¨Ï¥Î,,,,,¬O,1.0,,§_,§_,§_,³æ¤è,§_,¥i¥Î,¥i¥Î,¤£¥i¿i,¬O,,1.00,1.00,2.00,2.00,999,999,1,1,0,0,0,0,,¦³¹Ï¤ù,,0,,0,,A11HA02,A11CC01,A11HA03,A11GA01,,,,,,AMP,§_,°·«Oµ¹¥I,°·«Oµ¹¥I,VITAMIN B2 2MG/ML + VITAMIN B6 3MG/ML + VITAMIN C 100MG/ML + VITAMIN E 1MG/ML + NICOTINAMIDE 20MG/ML + PANTHENOL 5MG/ML,B05XC,A024620212,§_,Liquid,IVSOL,,,,,,,¬Ò¥i,³æ¦¸¿éª`,PH036,201507161427,20.40,26.00
IMV13,20121127,99999999,¥i¥Î,Lyo-Povigent inj 4mL (13ºØ¦¨¥÷),Lyo-Povigent inj 4mL (13ºØ¦¨¥÷),Multivitamin,IVA,QD,NUTR,NU-02-00,°w¾¯,Vial,Multivita,«D²Õ®M,,,¤@¯ë¥i¥Î,¬O,¥i¥ÎÃÄ¥]¾÷,,¤£¦LÃÄÅÒ,Á`¶q¶i¦ì,¾AÀ³¯g:¦hºØºû¥L©R¯Ê¥F¯g,,Indication: Nutritional supplementary for urgent situations,induced by surgery¡A severe burns¡A fracture and trauma¡A severe infection or coma,¥~ Æ[: ¾ï»\VIAL(PART I)+²`½Å¦â¬Á¼þ¦wÞÀ(PART II),Appearance: orange cap vial (PART I)+ brown ampoule(PART II),¹L±Ó¤ÏÀ³¡A·w¯t¡Aºû¥Í¯À¹L¶q,Allergic reactions¡A dizziness¡A hypervitaminosis,,¬Ò¥i¥Î,§Q«Oºû·½,Lyo-Povigent inj 4mL (13ºØ¦¨¥÷),,,§_,¬O,,¥»ÃÄ¤@©w­n¸gµ}ÄÀ¹L«á¨Ï¥Î,,Should be diluted before administration.,,³Æµù:½Ð¸m©óÄá¤ó 2-8 «×¦B½c§NÂÃ,Store in a refrigerator (2-8¢XC),,¤@¯ë,ª`®g,Äµ »y:¥»ÃÄ¤@©w­n¸gµ}ÄÀ¹L«á¨Ï¥Î,,,0,0,¬O,1.0,,§_,¬O,§_,½Æ¤è,§_,°±¥Î,¥i¥Î,¤£¥i¿i,¬O,,1.00,1.00,1.00,1.00,99,99,1,1,1.00,1.00,0,0,,¦³¹Ï¤ù,,0,,0,,A11DA01,B02BA01,A11CA01,A11GA01,B03BB01,,,,,VIAL,§_,°·«Oµ¹¥I,°·«Oµ¹¥I,VITAMIN A 3300IU + VITAMIN B1 3.0-4.0MG + VITAMIN B2 3.0-5.0MG + VITAMIN B6 4.0-5.0MG + VITAMIN B12 0.005MG + VITAMIN C 100MG + VITAMIN D 200IU + VITAMIN E 10MG + NICOTINAMIDE 40MG + FOLIC ACID 0.4MG + PANTHENOL 14-15MG + BIOTIN 0.06MG + VITAMIN K 0-2.0MG,A11EX,AC39392221,§_,Liquid,IVSOL,,,,,4.00,mL,¥²¶·µ}ÄÀ,³æ¦¸¿éª`,PH036,201905161458,62.00,78.00
IMV5,20120206,99999999,°±¥Î,Multivita inj 5mL,Multivita inj 5mL,Multivitamin,IVA,,NUTR,NU-02-00,°w¾¯,AMP,Multivita,«D²Õ®M,¼t°Ó¯Ê³f,,¤@¯ë¥i¥Î,¬O,¥i¥ÎÃÄ¥]¾÷,,¤@¯ë,¦¸­p¶q¶i¦ì,¾AÀ³¯g:¦hºØºû¥L©R¯Ê¥F¯g,,Indication:Mutivitamin.,,¥~ Æ[: 5mL²`½Å¦â¦wÞÀ,Appearance: 5mL Ampoule.,,,,¬Ò¥i¥Î,¦h¤Oºû¥Lª`®g²G,Multivita inj 5mL,,,§_,¬O,,¥»ÃÄ¤@©w­n¸gµ}ÄÀ¹L«á¨Ï¥Î,,,,³Æµù:½Ð¸m©óÄá¤ó 2-8 «×¦B½c§NÂÃ,Store in a refrigerator (2-8¢XC).,,¤@¯ë,ª`®g,Äµ »y:¥»ÃÄ¤@©w­n¸gµ}ÄÀ¹L«á¨Ï¥Î,,,0,0,¬O,1.0,,§_,§_,§_,½Æ¤è,§_,°±¥Î,¥i¥Î,¤£¥i¿i,¬O,,1.00,1.00,1.00,1.00,999,999,1,1,0,0,0,0,,¦³¹Ï¤ù,,0,,0,,A11BA,,,,,,,,,AMP,§_,°·«Oµ¹¥I,°·«Oµ¹¥I,VITAMIN B2 2MG/ML + VITAMIN B6 3MG/ML + VITAMIN C 100MG/ML + VITAMIN E 1MG/ML + NICOTINAMIDE 20MG/ML + PANTHENOL 5MG/ML,B05XC,A024620221,§_,Liquid,IVSOL,,,,,,,¬Ò¥i,³æ¦¸¿éª`,PH036,201501211442,54.00,68.00
IMV9,20130207,99999999,°±¥Î,Lyo-Povigen inj 5mL (9ºØ¦¨¥÷),Lyo-Povigen inj 5mL (9ºØ¦¨¥÷),Multivitamin,IVD,QD,NUTR,NU-02-00,°w¾¯,Vial,Multivita,«D²Õ®M,°±¥Î,,¤@¯ë¥i¥Î,¬O,¥i¥ÎÃÄ¥]¾÷,¥i¥Î,¤@¯ë,Á`¶q¶i¦ì,¾AÀ³¯g: ¦hºØºû¥L©R¯Ê¥F¯g,,Indication: Nutritional supplementary for urgent situations,induced by surgery¡A severe burns¡A fracture and trauma¡A severe infection or coma,¥~ Æ[: ¬Á¼þ¤p²~+²`½Å¦â¬Á¼þ¦wÞÀ,Appearance: vial + brown ampoule,¹L±Ó¤ÏÀ³¡A·w¯t¡Aºû¥Í¯À¹L¶q,Allergic reactions¡A dizziness¡A hypervitaminosis,,¬Ò¥i¥Î,«Oºû·½­á´¹ª`®g¾¯,Lyo-Povigen inj 5mL (9ºØ¦¨¥÷),,,§_,¬O,,¥»ÃÄ¤@©w­n¸gµ}ÄÀ¹L«á¨Ï¥Î,,Should be diluted before administration.,,³Æµù:½Ð¸m©óÄá¤ó 2-8 «×¦B½c§NÂÃ,Store in a refrigerator (2-8¢XC),,¤@¯ë,ª`®g,Äµ »y:¥»ÃÄ¤@©w­n¸gµ}ÄÀ¹L«á¨Ï¥Î,,,0,0,§_,1.0,,§_,§_,§_,½Æ¤è,§_,°±¥Î,¥i¥Î,¤£¥i¿i,¬O,,1.00,1.00,1.00,1.00,99,99,1,1,1.00,1.00,0,0,,¦³¹Ï¤ù,,0,,0,,A11DA01,A11CC01,A11HA03,A11GA01,A11HA02,,,,,VIAL,,¤£µ¹¥I¶·¦Û¥I,¤£µ¹¥I¶·¦Û¥I,,,,§_,Liquid,IVSOL,,,,,,,¬Ò¥i,³æ¦¸¿éª`,PH006,201612231424,0,35.00
IMYC,20140508,99999999,¥i¥Î,Mycamine inj 50mg,Mycamine inj 50mg,Micafungin,IVD,QD,QANB,AI-02-00,°w¾¯,VAL,,«D²Õ®M,Á{±ÄÃÄ¡A½Ð³qª¾ÃÄ§½¥~ÁÊ,,¥»°|Á{±Ä²M³æ,¬O,¥i¥ÎÃÄ¥]¾÷,,¤@¯ë,¦¸­p¶q¶i¦ì,¾AÀ³¯g: ªvÀø16·³¥H¤W¦¨¤Hªº­¹¹D©À¯]µß·P¬V¡C,,Indication:Antibiotic for infection,,¥~ Æ[:³z©ú¤p²~(Vial)¡AÂÅ¦â¥~»\,Appearance: Vial with blue cap,¤ß°Ê¹L³t¡A¸¡Âm¡Aäú¤ß¡A¹Ã¦R¡A¥Õ¦å²y´î¤Ö¡A¦å¤pªO´î¤Ö,Tachycardia¡A diarrhea¡A nausea¡A vomiting¡A neutropenia¡A thrombocytopenia,¯S®íÃþ§Ü¥Í¯À,¥u¥Î©ó¦í°|,¦Ì¶}¥Á,Mycamine inj 50 mg,,,,¬O,,ºÊ´ú¨x¡BµÇ¥\¯à¤ÎªvÀø´Á¶¡¬O§_¦³²§±`·»¦åµo¥Í¡C,,Monitor for evidence of worsening hepatic & renal function & hemolysis.,,¿éª`«e¡A­ì¦³ªºÀR¯ß¿éª`ºÞ½u¶·¥ý¥Î0.9%´â¤Æ¶uª`®g²G¨R¬~,,,,ª`®g,,,,0,0,§_,1.0,,§_,¬O,§_,³æ¤è,§_,°±¥Î,°±¥Î,¤£¥i¿i,¬O,,1.00,1.00,3.00,3.00,1,7,1,7,3.00,3.00,0,0,,¦³¹Ï¤ù,,0,,0,,J02AX05,,,,,0.05,g,0.10,g,VIAL,,°·«Oµ¹¥I,°·«Oµ¹¥I,MICAFUNGIN,J02AX05,BC24509248,§_,Liquid,IVSOL,,,50.00,mg,,,¥²¶·µ}ÄÀ,³æ¦¸¿éª`,PH047,202403131634,887.00,1064.00
INAA,19960101,99999999,¥i¥Î,Sodium acetate inj 20mL (4mEq/mL),Sodium acetate inj 20mL (4mEq/mL),Sodium Acetate Anhydrous,IVA,,NUTR,NU-04-04,°w¾¯,VAL,NaOAc,«D²Õ®M,°±¥Î,,¤@¯ë¥i¥Î,¬O,¥i¥ÎÃÄ¥]¾÷,,¤@¯ë,Á`¶q¶i¦ì,¾AÀ³¯g:TPN½Õ¾¯¨Ï¥Î,,Indication:Na deficiency¡A acidosis¡A dehydration¡A diarrhea.,,¥~ Æ[:20mL´Ä¦â¦wÞÀ(amp)¡A ¥Õ¦â¥~¶K¯È,,µÇ·l®`¡A îÇ©Tà¬¼W¦h¯g¡A ¤ô¸~,Renal damage¡A aldosteronism in overdose¡A edema.,,,¾L»Ä¯Çª`®g²G,Sodium acetate inj 20mL (4mE,,,§_,¬O,,¥»«~¬°°ª±i·»²G¡A¨Ï¥Î«e¶·µ}ÄÀ,,,,,,[Rx_o]­­TPNÃÄ®v½Õ°t,¤@¯ë,ª`®g,Äµ »y:ÃÄ§½½Õ¾¯¡A «D¤@¯ë¥æ¥IÃÄ«~,,,,,¬O,1.0,,§_,¬O,§_,³æ¤è,§_,°±¥Î,°±¥Î,¤£¥i¿i,¬O,,1.00,1.00,1.00,1.00,1,1,1,1,1.00,1.00,0,0,,¦³¹Ï¤ù,,0,,0,,B05XA08,,,,,,,,,VAL,§_,°·«Oµ¹¥I,°·«Oµ¹¥I,SODIUM ACETATE,B05XA08,AC33582238,§_,Liquid,IVSOL,,,80.00,mEq,20.00,mL,¥²¶·µ}ÄÀ,³æ¦¸¿éª`,PH034,202212221626,28.00,35.00
INAHCO3,19960101,99999999,°±¥Î,Sod. Bicarbonate inj 7% 20mL,Sod. Bicarbonate inj 7% 20mL,Sodium Bicarbonate,IV,,NUTR,NU-04-04,°w¾¯,AMP,NAHCO3,«D²Õ®M,°±¥Î,ISOBI,¤@¯ë¥i¥Î,¬O,¥i¥ÎÃÄ¥]¾÷,,¤@¯ë,¦¸­p¶q¶i¦ì,¾AÀ³¯g:ªvÀø¥NÁÂ©Ê»Ä¤¤¬r¤ÎÃÄ«~¸Ñ¬r¾¯,,Indication:Treatment of metabolic acidosis & drug intoxicati,,¥~ Æ[:³z©ú¦wÞÀ(amp)¡A ÂÅ¦â¦r¼Ë,,¹L¶q§ë»P¥i¯à·|³y¦¨§C¦å¹[¤Î¥NÁÂ©ÊÆP¤¤¬r,Excessive administration may cause hypokalaemia & metabolic alkalosis,,,­«±äª`®g¾¯,Sod. Bicarbonate inj 7% 20m,,,§_,¬O,,½Ð¿í·ÓÂå®v«ü¥Ü¨Ï¥Î¡A ­Yµo¥ÍºÃ¦üÃÄª«¤£¨}¤ÏÀ³½Ð§iª¾Âå¥Í,,Follow doctor's advice. Check with doctor if you notice any side effects.,,,,,¤@¯ë,ª`®g,Äµ »y:½Ð¿í·ÓÂå®v«ü¥Ü¨Ï¥Î¡A­Yµo¥ÍºÃ¦üÃÄª«¤£¨}¤ÏÀ³½Ð§iª¾Âå¥Í¡C,,,,,¬O,1.0,,§_,§_,§_,³æ¤è,§_,¥i¥Î,¥i¥Î,¤£¥i¿i,¬O,,1.00,1.00,99.00,99.00,999,999,1,1,0,0,0,0,,¦³¹Ï¤ù,,0,,0,,B05XA02,,,,,,,,,AMP,§_,¤£µ¹¥I¶·¦Û¥I,¤£µ¹¥I¶·¦Û¥I,,,,§_,Liquid,IVSOL,,,,,,,¬Ò¥i,³æ¦¸¿éª`,PH008,201403201335,0,20.00
INAL,20060921,99999999,¥i¥Î,Naloxone inj 0.4mg/1mL,Naloxone inj 0.4mg/1mL,Naloxone,IVD,,ZADT,AD-02-00,°w¾¯,AMP,Narcan,«D²Õ®M,,,¤@¯ë¥i¥Î,¬O,¤£¥i¥ÎÃÄ¥]¾÷,¥i¥Î,¤@¯ë,Á`¶q¶i¦ì,¾AÀ³¯g:³Â¾KÃÄ«~¹L¶q¤§¸Ñ¬r¾¯,,Indication:Antidotes for opioid overdosage.,,¥~ Æ[:³z©ú¦wÞÀ(amp)¡A¥Õ¦â¥~¶K¯È¡A¤¤¶¡¦³¾ï¦â¤è¶ô,Appearance: 1mL ampoule,¦åÀ£§ïÅÜ¡A ¤ß·i¹L³t¡A ¾_Å¸,Hypotension¡A hypertension¡A ventricular tachycardia¡A tremor,,¬Ò¥i¥Î,¸Ñ³Âª`®g²G,Naloxone inj 0.4mg/1mL,,,§_,¬O,,½Ð¯d·N¸Ñ¬r«á¥i¯à¦ñÀH¤§§ÙÂ_¯gª¬¡A ¦p°ª¦åÀ£©Î¿³¾Äµ¥,,Symptoms of acute withdrawal syndrome:hypertension¡A sweating¡A agitation,,,,,¤@¯ë,ª`®g,Äµ »y: ½Ð¯d·N¸Ñ¬r«á¥i¯à¦ñÀH¤§§ÙÂ_¯gª¬¡A¦p°ª¦åÀ£©Î¿³¾Äµ¥,,,,,¬O,1.0,,§_,¬O,§_,³æ¤è,§_,°±¥Î,°±¥Î,¤£¥i¿i,¬O,,1.00,1.00,5.00,5.00,1,1,1,1,5.00,5.00,1.00,0.25,,¦³¹Ï¤ù,,0,,0,,V03AB15,,,,,,,,,AMP,§_,°·«Oµ¹¥I,°·«Oµ¹¥I,NALOXONE,V03AB15,AC48184209,§_,Liquid,IVSOL,,,0.40,mg,1.00,mL,¥²¶·µ}ÄÀ,³æ¦¸¿éª`,PH034,202004291536,303.00,364.00
INALD,20170615,99999999,¥i¥Î,Naldebain ER inj 150mg/2mL,Naldebain ER inj 150mg/2mL,Dinalbuphine,IM,STAT,CNEU,CN-01-01,°w¾¯,Vial,Nubain,«D²Õ®M,,,¤@¯ë¥i¥Î,¬O,¥i¥ÎÃÄ¥]¾÷,°·«O¤£µ¹¥I,¤@¯ë,¦¸­p¶q¶i¦ì,¾AÀ³¯g:¥Î©ó¤¤«×¦ÜÄY­«©Ê¯kµh,,Indication:Management of moderate to severe pain,,¥~ Æ[:³z©ú¬Á¼þ¤p²~(vial)¡A²H¶À¦â·»²G¡A¾ï¦â¥~»\,Appearance: 2 mL vial,ÂíÀR¡A¯t·w¡AÀYµh¡A·P«_¡A·PÄ±§N¡Aäú¤ß¹Ã¦R,Sedation¡A dizziness¡A headache¡A cold and clammy skin¡A nausea and vomiting,,¥u¥Î©óªù¶E¤Î¦í°|STAT,¯Ç¯k¸Ñªø®Äª`®g²G,Naldebain ER inj 150mg/2mL,,,¬O,¬O,,¶È¨Ñ¦Ù¦×ª`®g¡A«ØÄ³ª`®g©óÁv¤j¦Ù¥~°¼¤W³¡1/4³B¡C,ª`®g«á¡A¤Á¤Å¥ô·N«ö¼¯ª`®g³¡¦ì¡C,For IM injection only¡A deep IM injection in the gluteal muscle.,Don't massage the injection site after injection.,½Ð¤Å¶}¨®©Î¾Þ§@¦MÀI¾÷±ñ,Be careful driving or operating machinery.,2017¦~²Ä¤G¦¸ÃÄ©e·s¶i,,¤@¯ë,¶È¨Ñ¦Ù¦×ª`®g¡A«ØÄ³ª`®g©óÁv¤j¦Ù¥~°¼¤W³¡1/4³B¡C,,,0,0,,1.0,,§_,¬O,§_,³æ¤è,§_,°±¥Î,°±¥Î,¤£¥i¿i,¬O,,1.00,1.00,1.00,1.00,1,1,1,1,1.00,1.00,0,0,,¦³¹Ï¤ù,,0,,0,,N02AF02,,,,,0,,0,,VIAL,,¤£µ¹¥I¶·¦Û¥I,¤£µ¹¥I¶·¦Û¥I,,,,§_,Liquid,SOL,,,150.00,mg,2.00,mL,¬Ò¥i,³æ¦¸¿éª`,PH034,202101261505,0,8500.00
INAN,19960101,99999999,°±¥Î,Sodium Nitroprusside 50mg,Sodium Nitroprusside 50mg,Nitroprusside,IVD,,CAVS,CV-09-00,°w¾¯,VAL,Nipride,«D²Õ®M,°±¥Î¡A¥i¬dÃþ¦üÃÄ,,¤@¯ë¥i¥Î,¬O,¤£¥i¥ÎÃÄ¥]¾÷,,¤@¯ë,Á`¶q¶i¦ì,¾AÀ³¯g:¦M«æ©Ê°ª¦åÀ£,,,,,,,,,,,Sodium Nitroprusside 50mg,,,§_,¬O,,,,,,,,,¤@¯ë,ª`®g,Äµ »y:¥»«~»Ý¸m©óÁ×¥ú³±²D°®Àê³B,,,,,¬O,1.0,,§_,§_,§_,³æ¤è,§_,¥i¥Î,¥i¥Î,¤£¥i¿i,¬O,,1.00,1.00,1.00,25.00,999,999,1,1,0,0,0,0,,µL¹Ï¤ù,,0,,0,,,,,,,,,,,VAL,§_,°·«Oµ¹¥I,°·«Oµ¹¥I,NITROPRUSSIDE,C02DD01,B021879248,§_,Liquid,IVSOL,,,,,,,¬Ò¥i,³æ¦¸¿éª`,PH008,201403201335,265.00,318.00
INAR,19960101,99999999,°±¥Î,Narcan inj 0.4mg/1mL,Narcan inj 0.4mg/1mL,Naloxone,IV,,ZADT,AD-02-00,°w¾¯,AMP,Narcan,«D²Õ®M,°±¥Î,INAL,¤@¯ë¥i¥Î,¬O,¤£¥i¥ÎÃÄ¥]¾÷,,¤@¯ë,¦¸­p¶q¶i¦ì,¾AÀ³¯g:³Â¾KÃÄ«~¸Ñ¬r¾¯,,,,,,,,,¥u¥Î©óªù¶E¤Î¦í°|STAT,,Narcan inj 0.4mg/1mL,,,§_,¬O,,,,,,,,,¤@¯ë,ª`®g,Äµ »y:¥»«~»Ý¸m©óÁ×¥ú³±²D°®Àê³B,,,,,¬O,1.0,,§_,§_,§_,³æ¤è,§_,¥i¥Î,¥i¥Î,¤£¥i¿i,¬O,,1.00,1.00,9.00,9.00,999,999,1,1,0,0,0,0,,µL¹Ï¤ù,,0,,0,,,,,,,,,,,AMP,§_,°·«Oµ¹¥I,°·«Oµ¹¥I,NALOXONE,V03AB15,B021318209,§_,Liquid,IVSOL,,,,,,,¬Ò¥i,³æ¦¸¿éª`,PH008,201403201335,156.00,187.00
INAV,20020416,99999999,°±¥Î,Navelbine inj 50mg/5mL,Navelbine inj 50mg/5mL,Vinorelbine,IV,,RACA,ON-04-02,°w¾¯,mg,Navelbine,«D²Õ®M,°±¥Î¡A¥i¬dÃþ¦üÃÄ,,¤w°±¥Î,¬O,¤£¥i¥ÎÃÄ¥]¾÷,¥i¥Î,¤@¯ë,Á`¶q¶i¦ì,¾AÀ³¯g:¬°§Ü¸~½FÃÄ,,,,,,,,,¬Ò¥i¥Î,,Navelbine inj 50mg/5mL,,,§_,¬O,,,,,,,,,¤ÆÀø,¤ÆÀø,Äµ »y:½Ð¸m©óÄá¤ó 2-8 «×¦B½cÁ×¥ú§NÂÃ«O¦s¡C,Äµ °ªÄµ°T,,,,¬O,50.0,,§_,§_,§_,³æ¤è,§_,¥i¥Î,¥i¥Î,¤£¥i¿i,¬O,,1.00,1.00,99.00,99.00,1,1,1,1,0,0,0,0,,µL¹Ï¤ù,,0,,0,,L01CA04,,,,,,,,,VAL,§_,°·«Oµ¹¥I,°·«Oµ¹¥I,VINORELBINE,L01CA04,B022215221,§_,Liquid,IVSOL,,,,,,,¬Ò¥i,³æ¦¸¿éª`,PH032,202303261601,7100.00,8520.00
Indocin,20031203,99999999,°±¥Î,Indocin IV 1mg,Indocin IV 1mg,Indomethacin,IV,,CNEU,CN-01-02,°w¾¯,VAL,Indocin,«D²Õ®M,°±¥Î¡A¥i¬dÃþ¦üÃÄ,,±M®×¶i¤fÃÄ«~,¬O,¤£¥i¥ÎÃÄ¥]¾÷,°·«O¤£µ¹¥I,¤@¯ë,Á`¶q¶i¦ì,¥Î³~¡GªvÀø¦­²£¨à°Ê¯ß¾ÉºÞ³¬Âê¤£¥þ¡C,,,,¥~ Æ[:³z©ú¤p²~(VAIL)¡A¥Õ¦â¥~¶K¯È¡Aµµ¦â¥~»\,,,,,¥u¥Î©óªù¶E¤Î¦í°|STAT,(Indocin),Indocin IV 1mg,,,§_,¬O,,,,,,,,,¤@¯ë,ª`®g,Äµ »y:¥»«~¬°­«¯gªvÀøÃÄª«¡A½Ð¨Ì·ÓÂå®v«ü¥Ü¨Ï¥Î¡C,,,,,¬O,1.0,,§_,§_,§_,³æ¤è,§_,¥i¥Î,¥i¥Î,¥i¿i,¬O,,1.00,1.00,1.00,1.00,10,10,1,10,0,0,0,0,,µL¹Ï¤ù,,0,,0,,,,,,,,,,,,,,,,,,§_,Liquid,IVSOL,,,,,,,¬Ò¥i,³æ¦¸¿éª`,PH008,201505121932,0,0
INEB,20100324,99999999,¥i¥Î,Nebido inj 1000mg/4mL,Nebido inj 1000mg/4mL,Testosterone,IM,STAT,HM,HR-03-01,°w¾¯,Vial,,«D²Õ®M,,,¤@¯ë¥i¥Î,¬O,¤£¥i¥ÎÃÄ¥]¾÷,°·«O¤£µ¹¥I,¤@¯ë,Á`¶q¶i¦ì,¾AÀ³¯g:¨k©Ê©Ê¸¢¾÷¯à§C¤U¡A ¶¯©Ê¯À¨ú¥N,,Indication:Testosterone replacement therapy.,,¥~ Æ[:4mL ¦wÞÀ,Appearance: Vial with brown cap,¸¡Âm¡A »Lµh¡A ·w¯t¡A ¥X¦½¡A ÀYµh,Diarrhea¡A leg pain¡A dizziness¡A increased sweating¡A headache,,¥u¥Î©óªù¶E¤Î¦í°|STAT,­@¥²¦hª`®g¾¯,Nebido inj 1000mg/4mL,,,§_,¬O,,«Äµ£¡A ¥¥°ü¤Î±Â¨Å°üÀ³Á×§K¨Ï¥Î¥»«~,,Avoid using this medicine in children¡A pregnant or breastfeeding women.,,,,,¤@¯ë,ª`®g,Äµ »y:«Äµ£¡B¥¥°ü¤Î±Â¨Å°üÀ³Á×§K¨Ï¥Î¥»«~,,,,,¬O,1.0,,§_,¬O,§_,³æ¤è,§_,°±¥Î,°±¥Î,¤£¥i¿i,¬O,,1.00,1.00,1.00,1.00,1,1,1,1,1.00,1.00,0,0,,¦³¹Ï¤ù,,0,,0,,G03BA03,,,,,,,,,VIAL,§_,¤£µ¹¥I¶·¦Û¥I,¤£µ¹¥I¶·¦Û¥I,,,,§_,Liquid,SOL,¦M®`¤G¯Å(¡I),,1000.00,mg,4.00,mL,¬Ò¥i,³æ¦¸¿éª`,PH032,202103231900,0,9800.00
INEO,19960101,99999999,°±¥Î,Neo-synesin 1mg,Neo-synesin 1mg,Phenylephedrine,IM,,CAVS,CV-10-00,°w¾¯,AMP,,«D²Õ®M,°±¥Î¡A¥i¬dÃþ¦üÃÄ,,¤w°±¥Î,¬O,¤£¥i¥ÎÃÄ¥]¾÷,,¤@¯ë,¦¸­p¶q¶i¦ì,¾AÀ³¯g:¬°¦åºÞ¦¬ÁY¾¯,,,,,,,,,,,Neo-synesin 1mg,,,§_,¬O,,,,,,,,,¤@¯ë,ª`®g,Äµ »y:½Ð¯d·N¤ß¸õ¤Î¦åÀ£ÅÜ¤Æ,,,,,¬O,1.0,,§_,§_,§_,³æ¤è,§_,¥i¥Î,¥i¥Î,¤£¥i¿i,¬O,,1.00,1.00,999.00,999.00,999,999,1,1,0,0,0,0,,µL¹Ï¤ù,,0,,0,,,,,,,,,,,AMP,§_,°·«Oµ¹¥I,°·«Oµ¹¥I,PHENYLEPHRINE,C01CA06,B014138209,§_,Liquid,SOL,,,,,,,¬Ò¥i,³æ¦¸¿éª`,PH008,201403201335,47.20,59.00
INEOP,20140402,99999999,°±¥Î,Neoprofen 20mg/2mL,Neoprofen 20mg/2mL,Ibuprofen,IV,ST,CNEU,CN-01-02,°w¾¯,Vial,,«D²Õ®M,°±¥Î,,±M®×¶i¤fÃÄ«~,¬O,¤£¥i¥ÎÃÄ¥]¾÷,,¦C¦L¦í°|ÃÄÅÒ,¦¸­p¶q¶i¦ì,¾AÀ³¯g:¤p©ó32¶g·s¥Í¨à¦³¶}©ñ©Ê°Ê¯ß¾ÉºÞ,,Indication:Patent Ductus Arteriosus in premature neonates,,¥~ Æ[:2mL³z©ú¬Á¼þ¤p²~,Appearance: 2mL vial with blue cap,³h¦å¡B¥Ö½§¨ë¿E¡B¥X¦å,Anemia¡A Skin irritation¡A Bleeding,,¥u¥Î©ó¦í°|,,Neoprofen 20mg/2mL,,,,¬O,,¤£¥¿±`¥X¦å¡A¾®¦å¥\¯à²§±`¡A¦å¤pªO§C¤U¡AµÇ¥\¯à²§±`½Ð¥ß§Y§i¶DÂå¥Í,,Talk to your physician if sepsis¡A anemia¡A bleeding¡A apnea¡A renal impairment¡A,infection.,¦p¥ÎÃÄ«á¥X²{³ïµh¡B¤fµÄÂH½¤¼ìÄê¡B¥Ö¯lµ¥¯gª¬¡A¥ß§Y°±ÃÄ¦^¶E,If signs of sore throat¡A mouth ulcers or skin rash occur¡A please consult doctor,103-1ÃÄ©e·|³q¹L¡A¤p¨à¬ì¥Ó½Ð±M®×¶i¤f¥Î©ó¦­²£¨à¶}©ñ©Ê°Ê¯ß¾ÉºÞ¤§ªvÀø,¤@¯ë,ª`®g,Äµ»y: ¤£¥¿±`¥X¦å¡A¾®¦å¥\¯à²§±`¡A¦å¤pªO§C¤U¡AµÇ¥\¯à²§±`½Ð¥ß§Y§i¶DÂå¥Í,,,0,0,§_,1.0,,¬O,§_,§_,³æ¤è,§_,°±¥Î,¥i¥Î,¤£¥i¿i,¬O,,1.00,1.00,1.00,2.00,1,3,1,1,1.00,3.00,0.50,0.50,,¦³¹Ï¤ù,,0,,0,,C01EB16,M01AE01,,,,,,,,VIAL,,¤£µ¹¥I¶·¦Û¥I,¤£µ¹¥I¶·¦Û¥I,,,,§_,Liquid,IVSOL,,,,,,,¬Ò¥i,³æ¦¸¿éª`,PH008,201606161652,0,8700.00
INEP,19960101,99999999,¥i¥Î,Nephrosteril inj 250mL¡A 7%,Nephrosteril inj 250mL¡A 7%,Amino Acids (Essential & Nonessential ),IVD,,NUTR,NU-04-01,°w¾¯,BOT,Nephrosterile,«D²Õ®M,,,¤@¯ë¥i¥Î,¬O,¥i¥ÎÃÄ¥]¾÷,,¤@¯ë,Á`¶q¶i¦ì,¾AÀ³¯g:¬°µÇ¥\¯à¥¢½Õ¤§®ò°ò»Ä¸É¥R²G,,Indication:Supply of amino acid.,,¥~ Æ[:³z©ú²~¸Ë¡A¥Õ¦â¥~¶K¯È¡A»È¦â¥~Àô,,¿éª`¤Ó§Ö®É·|äú¤ß´HÅ¸¹Ã¦R,Nausea¡A chills & vomiting (when rate of infusion is too rapid).,,,µÇºÖ¿Õª`®g²G,Nephrosteril inj 250mL¡A 7%,,,§_,¬O,,ÃÄ§½½Õ¾¯¡A «D¤@¯ë¥æ¥IÃÄ«~,,For TPN dispensing use,,¨C¤é¨C¤½¤çÅé­«³Ì°ª1.5¤½§JÓi°ò»Ä¡Aºw³t¤£¯à¶W¹L¨C¤ÀÄÁ20ºw¡C,Max daily dose: 1.5g/kg¡A infusion rate less than 20gtt/min,,¤@¯ë,ª`®g,Äµ »y:ÃÄ§½½Õ¾¯¡A «D¤@¯ë¥æ¥IÃÄ«~,,,,,§_,1.0,¦³,¬O,¬O,§_,³æ¤è,§_,¥i¥Î,¥i¥Î,¤£¥i¿i,¬O,,1.00,1.00,6.00,6.00,14,14,1,1,6.00,6.00,0,0,,¦³¹Ï¤ù,,0,,0,,B05BA01,,,,,,,,,BOT,§_,°·«Oµ¹¥I,°·«Oµ¹¥I,ALANINE L-,B05BA01,BC17819265,§_,Liquid,IVSOL,,,17.50,GM,250.00,mL,¤£»Ýµ}ÄÀ,³æ¦¸¿éª`,PH008,201803101832,188.00,226.00
INES,20100801,99999999,°±¥Î,NESP inj 20mcg(­­¦Û¶O-¬~µÇ¥Î),NESP inj 20mcg(Private-H/D),Darbepoetin alfa,SC,QW,HEMT,HE-01-00,°w¾¯,VAL,Aranesp,«D²Õ®M,°±¥Î,,³æ¦ìÁ{±Ä,¬O,¥i¥ÎÃÄ¥]¾÷,¥i¥Î,¤£¦LÃÄÅÒ,¦¸­p¶q¶i¦ì,¾AÀ³¯g:ºC©ÊµÇ¥\¯à¥¢½Õ¤§³h¦å¯gª¬,,,,¥~ Æ[:°wµ©¥]¸Ë,Appearance: 1mL syringe.,,,,¬Ò¥i¥Î,­@¦å¤ñª`®g¾¯,NESP inj 20mcg(Private-H/D),,,§_,¬O,,,,,,,,2014¦~²Ä¤G¦¸ÃÄ©e·|¨MÄ³§R°£,¤@¯ë,ª`®g,Äµ »y:½Ð¸m©óÄá¤ó 2-8 «×¦B½cÁ×¥ú§NÂÃ«O¦s¡C,,,,,§_,1.0,,§_,§_,§_,³æ¤è,§_,°±¥Î,¥i¥Î,¤£¥i¿i,¬O,,1.00,1.00,10.00,10.00,999,999,1,1,10.00,10.00,0,0,,µL¹Ï¤ù,,0,,0,,B03XA02,,,,,,,,,¤ä,,¤£µ¹¥I¶·¦Û¥I,¤£µ¹¥I¶·¦Û¥I,,,,§_,Liquid,SOL,,,,,,,¬Ò¥i,³æ¦¸¿éª`,PH006,201506021416,0,750.00
INESP,20140616,99999999,¥i¥Î,NESP inj 20mcg(¬~µÇ¥Î),NESP inj 20mcg(¬~µÇ¥Î),Darbepoetin alfa,SC,QW,HEMT,HE-01-00,°w¾¯,VAL,Aranesp,«D²Õ®M,,,¤@¯ë¥i¥Î,¬O,¥i¥ÎÃÄ¥]¾÷,¥i¥Î,¤£¦LÃÄÅÒ,¦¸­p¶q¶i¦ì,¾AÀ³¯g:ºC©ÊµÇ¥\¯à¥¢½Õ¤§³h¦å¯gª¬,,Indication:Treatment of anemia due to chronic kidney diseas,,¥~ Æ[:°wµ©¥]¸Ë,Appearance: 0.5mL syringe.,°ª¦åÀ£¡A¤ô¸~¡A¸¡µh¡A©I§l§xÃø¡A«y¹Â,Hypertension¡A edema¡A abdominal pain¡A dyspnea¡A cough,,¥u¥Î©óªù¶E¤Î¦í°|STAT,­@¦å¤ñª`®g¾¯20·L§J/0.5²@¤É,NESP,,,,¬O,,ºÊ´ú¦åÀ£¤Î¦å¬õ³J¥Õ,,Monitor blood pressure and Hemoglobin,,,,2014¦~²Ä¤G¦¸ÃÄ©e·|·s¶i,¤@¯ë,¤@¯ë,Äµ »y:½Ð¸m©óÄá¤ó 2-8 «×¦B½cÁ×¥ú§NÂÃ«O¦s¡C,,,0,0,§_,1.0,,§_,¬O,§_,³æ¤è,§_,°±¥Î,¥i¥Î,¤£¥i¿i,§_,¬~µÇ«Ç¦VÃÄ®w½Ð»â,1.00,1.00,10.00,10.00,99,99,1,1,10.00,10.00,0,0,,¦³¹Ï¤ù,,0,,0,,B03XA02,,,,,0,,0,,¤ä,,¤£µ¹¥I¶·¦Û¥I,¤£µ¹¥I¶·¦Û¥I,,,,§_,Liquid,SOL,,,20.00,mcg,0.50,mL,¬Ò¥i,³æ¦¸¿éª`,PH008,202312141656,0,939.00
INEX,20100322,99999999,°±¥Î,Nexium °w¾¯ 40mg,Nexium inj 40mg,Esomeprazole,IVD,,ALIM,GI-01-02,°w¾¯,VAL,,«D²Õ®M,°±¥Î,,¤@¯ë¥i¥Î,¬O,¥i¥ÎÃÄ¥]¾÷,±ø¥ó¤Uµ¹¥I,¤@¯ë,¦¸­p¶q¶i¦ì,¾AÀ³¯g:¥Dªv®ø¤Æ©Ê¼ìºÅ,,Indication:Gastric ulcer.,,¥~ Æ[:¸Ë¦³¥Õ¦â¯»¶ôªº³z©ú¤p²~,Appearance: Vial wih purple cap,ÀYµh¡A ¸¡µh¡A ¸¡Âm¡A µÈ®ð,Headache¡A abdominal pain¡A diarrhea¡A flatulence.,,¬Ò¥i¥Î,­@¾A®¦ª`®g¾¯,Nexium inj 40mg,,,§_,¬O,,ª`®g®É¶¡¦Ü¤Ö»Ý«ùÄò3¤ÀÄÁ,,Intravenous injection over a period of at least 3 mins.,,,,107.12 ÃÄ©e·|§R°£,¤@¯ë,ª`®g,Äµ »y:ª`®g®É¶¡¦Ü¤Ö»Ý«ùÄò3¤ÀÄÁ,,ª`®g¾¯,,,¬O,1.0,,§_,¬O,§_,³æ¤è,§_,°±¥Î,¥i¥Î,¤£¥i¿i,¬O,,1.00,1.00,5.00,5.00,999,999,1,1,5.00,5.00,0.03,0.03,,¦³¹Ï¤ù,N/S,40.00,mg,0,0.25-1 mg/Kg/day,A02BC05,,,,,,,,,VIAL,,°·«Oµ¹¥I,°·«Oµ¹¥I,OMEPRAZOLE/ESOMEPRAZOLE,A02BC05,BC24079245,§_,Liquid,IVSOL,,,40.00,mg,,,¥²¶·µ}ÄÀ,³æ¦¸¿éª`,PH006,202003191553,57.00,71.00
INF333,20190702,99999999,¥i¥Î,¼ç¥ñµ²®Ö·P¬V¤§ªvÀø (Treatment of LTBI),¼ç¥ñµ²®Ö·P¬V¤§ªvÀø (Treatment of LTBI),³t§J¥ñ 3HPµuµ{ªvÀø³B¤è,PO,QW,QANB,AI-01-12,¤fªA,TAB,¯eºÞ¸pORPT+OINH3,«D²Õ®M,°±¥Î,,¤@¯ë¥i¥Î,¬O,¥i¥ÎÃÄ¥]¾÷,±ø¥ó¤Uµ¹¥I,¤£¦LÃÄÅÒ,Á`¶q¶i¦ì,,,,,,,,,,¬Ò¥i¥Î,,,,,,,,,,,,¤lÂå¥O¼Æ¶q¤Î¦¸¾¯¶q¥Ñ¥DªvÂå®v¨Ì·Ó¯f¤HÅé­«¶}¥ß¡C,,¨Ì¾Úµ²®Ö¯f¶Eªv«ü¤Þ²Ä¤»ª©¡A·s¼W¼ç¥ñµ²®Ö·P¬V¤§ªvÀø¶°¦XÂå¥O,¤@¯ë,¤@¯ë,,,,0,0,§_,1.0,,§_,,§_,½Æ¤è,,°±¥Î,,¤£¥i¿i,§_,,1.00,1.00,1.00,1.00,28,28,0,0,1.00,1.00,0,0,,µL¹Ï¤ù,,0,,0,,,,,,,0,,0,,TAB,§_,°·«O¤£¥Ó³ø¤£­p»ù,°·«O¤£¥Ó³ø¤£­p»ù,,,,,,,,,0,,0,,,,PH047,202401261256,0,0
INIM,19960101,99999999,¥i¥Î,Nimotop°w¾¯10mg/ 50mL,Nimotop inj 10mg/ 50mL,Nimodipine,IVD,QD,CAVS,CV-05-00,°w¾¯,BOT,Nimotop,«D²Õ®M,,,¤@¯ë¥i¥Î,¬O,¥i¥ÎÃÄ¥]¾÷,±ø¥ó¤Uµ¹¥I,¤@¯ë,Á`¶q¶i¦ì,¾AÀ³¯g:¹w¨¾»jµï½¤¤UµÄ¥X¦å,,Indication:Subarachnoid hemorrhage.,,¥~ Æ[:²`½Å¦â²~¸Ë¡A ¥Õ¦â¾ï¦â¬Û¶¡¥~¶K¯È¡A ¾ï¦â¥~»\,Appearance: 50mL vial,§C¦åÀ£¡A ¸z­G¾÷¯à»ÙÃª,Hypotension¡A GI disturbances.,,,¸£§´ÀR¯ßª`®g²G,Nimotop inj 10mg/ 50mL,,,§_,¬O,,½Ð¯d·N¤ß¸õ¤Î¦åÀ£ÅÜ¤Æ,,Monitor your heartbeat and blood pressure.,,ÃÄ«~ªº¦³®Ä¦¨¤À·|³Q»E´â¤A²m(PVC)§lªþ¡A¦]¦¹¥u¯à¨Ï¥Î»E¤A²m(PE)ªº¿éª`ºÞ,Nimodipine is absorbed by polyvinyl-chloride(PVC)¡Aonly use polyethylene(PE) tube,,¤@¯ë,ª`®g,Äµ »y:½Ð¯d·N¤ß¸õ¤Î¦åÀ£ÅÜ¤Æ,,ª`®g¾¯,,,§_,1.0,,§_,¬O,¬O,³æ¤è,§_,¥i¥Î,¥i¥Î,¤£¥i¿i,¬O,,1.00,1.00,6.00,6.00,14,14,1,1,6.00,6.00,0.08,0.03,,¦³¹Ï¤ù,,0,,0,,C08CA06,,,,,,,,,BOT,§_,°·«Oµ¹¥I,°·«Oµ¹¥I,NIMODIPINE,C08CA06,BC18843248,§_,Liquid,IVSOL,,,10.00,mg,50.00,mL,¬Ò¥i,³æ¦¸\«ùÄò¿éª`,PH047,202305231617,584.00,701.00
INIMB,20160428,99999999,¥i¥Î,Nimbex inj 10mg/5mL,Nimbex inj 10mg/5mL,Cisatracurium,IVPUSH,ASORDER,CNEU,CN-03-02,°w¾¯,AMP,Nimbex,«D²Õ®M,,,¤@¯ë¥i¥Î,¬O,¥i¥ÎÃÄ¥]¾÷,±ø¥ó¤Uµ¹¥I,¦C¦L¦í°|ÃÄÅÒ,¦¸­p¶q¶i¦ì,¾AÀ³¯g:¤â³N©Î®ðºÞ´¡ºÞ¤§°©Àf¦ÙÃP¦¢,,Indication:Relax skeletal muscles during surgery or,controlled ventilation.,¥~ Æ[:³z©ú5²@¤É¦wÞÀ,Appearance: 5mL ampoule,¥Ö½§¼é¬õ¡A §C¦åÀ£¡A ¤ä®ðºÞµjÅË,Skin flushing¡A hypotension¡A bronchospasm.,,¬Ò¥i¥Î,¦Ù¦¢¾A¡@ª`®g²G,Nimbex inj 10mg/5mL,,,,¬O,,¥»«~»Ý( ÂÐ®Ö ),,,,¶J©ñ®É»Ý¸m©ó¦B½c§NÂÃ(Äá¤ó 2-8 «×),Store in a refrigerator (2-8¢XC).,2019.07 [ICISA2]¯Ê³f´À¥NÃÄ,¤@¯ë,ª`®g,Äµ»y:¥»«~»Ý( ÂÐ®Ö ),Äµ °ªÄµ°T,,0,0,¬O,1.0,,¬O,¬O,§_,³æ¤è,§_,°±¥Î,°±¥Î,¤£¥i¿i,¬O,6¸¹¦B½c,1.00,1.00,4.00,10.00,999,999,1,1,45.00,45.00,0,0,,¦³¹Ï¤ù,,0,,0,,M03AC11,,,,,0,,0,,AMP,,°·«Oµ¹¥I,°·«Oµ¹¥I,CISATRACURIUM 10.00 MG/ATRACURIUM 50.00 MG,M03AC11,BC22770221,§_,Liquid,IVSOL,,,10.00,mg,5.00,mL,¬Ò¥i,«ùÄò\¯S®í¿éª`,PH008,202401190831,73.00,91.00
INOB,20170915,99999999,°±¥Î,Nobelin inj 500mg/100mL,Nobelin inj 500mg/100mL,Levetiracetam,IVD,,CNEU,CN-03-01,°w¾¯,BAG,Keppra,«D²Õ®M,¼t°Ó¯Ê³f,ILEVET,¤@¯ë¥i¥Î,¬O,¥i¥ÎÃÄ¥]¾÷,¥i¥Î,¤@¯ë,Á`¶q¶i¦ì,¾AÀ³¯g: ¼È®É¤£©y©ÎµLªk¤fªA§ÜÅöíwÃÄª«ªvÀø¤§Åöíw¯e±w,,Indications: Myoclonic seizure; partial seizure;,tonic-clonic and primary generalized seizures.,¥~ Æ[: 100²@¤É³n³U,Appearance: 100mL bag.,¯h­ÂµL¤O¡A °·§Ñ¡A ¹B°Ê¥¢½Õ¡A §x´b¡A ·w¯t¡A Å¸§Ý,Asthenia/fatigue¡A amnesia¡A ataxia¡A convulsion¡A dizziness¡A tremor,,¬Ò¥i¥Î,·N¥²¹ç,Nobelin inj 500mg/100mL,,,¬O,¬O,,¥H15¤ÀÄÁªºÀR¯ß¿éª`®É¶¡µ¹ÃÄ¡A¤£¥i¦Aµ}ÄÀ¨Ï¥Î¡C,,For IV use only; infuse over 15 minutes. Don't be diluted.,,­Y¥X²{¬õ¯l¡Bµo¿N¡B²O¤Úµ²¸~µÈ¡Bµê®zÀ³°±ÃÄ¨Ã¥ß§Y´M¨DÂåÀø¨ó§U¡C,Discontinue for rash¡A fever¡A or swollen lymph nodes; seek medical help.,2017¦~²Ä¤T¦¸ÃÄ©e·|·s¶i,¤@¯ë,ª`®g,¥H15¤ÀÄÁªºÀR¯ß¿éª`®É¶¡µ¹ÃÄ¡A¤£¥i¦Aµ}ÄÀ¨Ï¥Î¡C,,,0,0,§_,1.0,,§_,¬O,§_,³æ¤è,§_,°±¥Î,°±¥Î,¤£¥i¿i,¬O,,1.00,1.00,3.00,3.00,1,99,1,99,6.00,6.00,0.12,0.06,,¦³¹Ï¤ù,,0,,0,,N03AX14,,,,,0,,0,,BAG,,°·«Oµ¹¥I,°·«Oµ¹¥I,LEVETIRACETAM,N03AX14,AC58643255,§_,Liquid,IVSOL,,,500.00,mg,100.00,mL,¤£»Ýµ}ÄÀ,³æ¦¸¿éª`,PH047,202401231146,292.00,350.00
INOC,19960101,99999999,°±¥Î,Norcuron 10mg,Norcuron 10mg,Vecuronium,IV,,CNEU,CN-03-02,°w¾¯,VAL,,«D²Õ®M,°±¥Î¡A¥i¬dÃþ¦üÃÄ,,¤w°±¥Î,¬O,¤£¥i¥ÎÃÄ¥]¾÷,¤º§t,¤@¯ë,Á`¶q¶i¦ì,¾AÀ³¯g:¤â³N®É¤§°©Àf¦ÙÃP¦¢¾¯,,,,,,,,,,¦¢¦Ù»úª`®g¾¯,Norcuron 10mg,,,§_,¬O,,,,,,,,,¤@¯ë,ª`®g,Äµ »y:À³µø¨ä¦~ÄÖ¡BÅé­«¤Î¯gªp¤©¥H¾A·í¤§¾¯¶q¡A¨Ã¯d·NÆ[¹î,,,,,§_,1.0,,§_,§_,§_,³æ¤è,§_,¥i¥Î,¥i¥Î,¤£¥i¿i,¬O,,1.00,1.00,9.00,9.00,999,999,1,1,0,0,0,0,,µL¹Ï¤ù,,0,,0,,M03AC03,,,,,,,,,VAL,§_,°·«Oµ¹¥I,°·«Oµ¹¥I,VECURONIUM BROMIDE,M03AC03,B017829229,§_,Liquid,IVSOL,,,,,,,¬Ò¥i,³æ¦¸¿éª`,PH008,201403201336,246.00,295.00
INOV,19960101,99999999,¥i¥Î,Novamin inj 5mg/1mL,Novamin inj 5mg/1mL,Prochlorperazine,IM,,CNEU,CN-03-08,°w¾¯,AMP,Novamin,«D²Õ®M,,,¤@¯ë¥i¥Î,¬O,¥i¥ÎÃÄ¥]¾÷,,¤@¯ë,¦¸­p¶q¶i¦ì,¾AÀ³¯g:¥Dªväú¤ß¡A ¹Ã¦R,,Indication:Prevention or treatment of nausea & vomiting.,,¥~ Æ[:²`½Å¦â¦wÞÀ(amp)¡A¥Õ¦â¥~¶K¯È,,µø¤O¼Ò½k¡A ¦â±mµøÄ±§ïÅÜ©Î©]µø§xÃø,Blurred vision¡A change in color vision¡A or difficulty in seeing at night,,,¿Õ¦w©R,Novamin 5mg,,,¬O,¬O,,1.­­¦Ù¦×ª`®gµ¹ÃÄ,2.¥»«~»Ý¸m©óÁ×¥ú³±²D°®Àê³B,1.IM use only,2.Store at room temperature¡A away from heat¡A moisture¡A and direct light.,¥i¯à¤Þ°_¶ÝºÎ¡A Áy³¡¡BÀV©Î¨­Åé¦Ù¦×µjÅË,May cause sleepiness¡A muscle spasms of face¡A neck¡A body.,,¤@¯ë,ª`®g,Äµ »y:¥»«~»Ý¸m©óÁ×¥ú³±²D°®Àê³B,,ª`®g¾¯,,,¬O,1.0,,§_,¬O,§_,³æ¤è,§_,°±¥Î,°±¥Î,¤£¥i¿i,¬O,,1.00,1.00,2.00,2.00,999,999,1,1,8.00,8.00,0.20,0.03,,¦³¹Ï¤ù,,0,,0,,N05AB04,,,,,,,,,AMP,§_,°·«Oµ¹¥I,°·«Oµ¹¥I,PROCHLORPERAZINE,N05AB04,AC27716209,§_,Liquid,SOL,,,5.00,mg,1.00,mL,¬Ò¥i,³æ¦¸¿éª`,PH047,202305101203,15.30,20.00
INOV1,20110413,99999999,¥i¥Î,Novo Seven RT 1mg,Novo Seven RT 1mg,Eptacog alfa,IVPUSH,,HEMT,HE-05-00,°w¾¯,VAL,NovoSeven coagulation factor VIIa,«D²Õ®M,,,¤@¯ë¥i¥Î,¬O,¤£¥i¥ÎÃÄ¥]¾÷,±ø¥ó¤Uµ¹¥I,¤@¯ë,Á`¶q¶i¦ì,¾AÀ³¯g:¦å¤Í¯fªvÀø¾¯,,Indication:Treatment of bleeding disorders.,,¥~ Æ[:¬õ©³¥Õ¦r¥Õ¦â¥~¥]¸Ë,Appearance:White box,¯l¤l¡A Äo¡A µo¼ö¡A äú¤ß¡A ÀYµh¡A ¥þ¨­¤£¾A,Rash¡A itching¡A fever¡A nausea¡A headache¡A general discomfort,,¥u¥Î©óªù¶E¤Î¦í°|STAT,¿Õ©M²Ä¤C¦]¤l«Ç·Åª`®g¾¯,Novo Seven RT 1mg,,,§_,¬O,,¶JÂÃ·Å«×¤£¥i©ó°ª©ó25¢J,,Store under 25¢XC,,,,100Q1 Á{±Ä±H°â¡A101/11¶}©l±`³Æ®w¦s,¤@¯ë,ª`®g,Äµ »y:¶JÂÃ·Å«×¤£¥i©ó°ª©ó25¢J,,,,,¬O,1.0,,§_,¬O,§_,³æ¤è,§_,¥i¥Î,¥i¥Î,¤£¥i¿i,¬O,,1.00,1.00,9.00,9.00,99,99,1,1,27.00,27.00,0,0,,¦³¹Ï¤ù,,0,,0,,B02BD08,,,,,,,,,VIAL,,°·«Oµ¹¥I,°·«Oµ¹¥I,FACTOR VII,B02BD08,KC00878248,§_,Liquid,IVSOL,,,1.00,mg,1.00,mL,¤£»Ýµ}ÄÀ,³æ¦¸¿éª`,PH008,202012011354,25698.00,30838.00
INOV3,20040401,99999999,°±¥Î,Novomix 30 penfill 3mL,Novomix 30 penfill 3mL,Insulin Aspart 30 + NPH 70,SC,,META,ME-01-03,°w¾¯,IU,Mixtard,«D²Õ®M,°±¥Î,INOVM,¤@¯ë¥i¥Î,¬O,¥i¥ÎÃÄ¥]¾÷,¥i¥Î,¤@¯ë,Á`¶q¶i¦ì,¾AÀ³¯g:²V¦X«¬¯Ø®q¯À¡A ¿}§¿¯f¥ÎÃÄ,,Indication:Control of hyperglycemia.,,¥~ Æ[:³z©úµ§§X¡A ©@°Ø¦â¥~»\,Appearance: Brown cap injection catridge,¤ô¸~¡A ¤Ï®g²§±`,Edema¡A refraction anomalies,,¬Ò¥i¥Î,¿Õ©M±K´µ30¿ÕªäºÞ,Novomix 30 penfill 3mL,,,§_,¬O,,¨Ï¥Î«e½Ð¨Ó¦^·b¦Ü§¡¤Ã´ý¿B¡A ¨Ã©óÀ\«e¥ß§Y¨Ï¥Î,,Before using¡A mix it by rolling between palms¡A turning it upside down.,,³Æµù:¶}«Ê«e½Ð¸m©óÄá¤ó 2-8 «×¦B½c§NÂÃ,Store in a refrigerator (2-8¢XC) before use.,,¤@¯ë,¤@¯ë,Äµ »y:¨Ï¥Î«e½Ð¨Ó¦^·b¦Ü§¡¤Ã´ý¿B¡A¨Ã©óÀ\«e¥ß§Y¨Ï¥Î,,,,,§_,300.0,,§_,§_,§_,³æ¤è,§_,¥i¥Î,¥i¥Î,¤£¥i¿i,¬O,,1.00,1.00,99.00,99.00,60,30,30,1,160.00,160.00,0,0,,¦³¹Ï¤ù,,0,,0,,A10AD05,A10AD30,A10AB05,,,,,,,VAL,,°·«Oµ¹¥I,°·«Oµ¹¥I,INSULIN ASPART,A10AD05,K000768266,§_,Liquid,SOL,,,,,,,¬Ò¥i,³æ¦¸¿éª`,PH036,201410150947,253.00,304.00
INOV6,20080916,99999999,°±¥Î,Novo Seven for inj 60K IU,Novo Seven for inj 60K IU,Eptacog alfa,IVD,,HEMT,HE-05-00,°w¾¯,VAL,NovoSeven coagulation factor VIIa,«D²Õ®M,°±¥Î,INOV1,¤w°±¥Î,¬O,¤£¥i¥ÎÃÄ¥]¾÷,,¤@¯ë,Á`¶q¶i¦ì,¾AÀ³¯g: ¦å¤Í¯fªvÀø¾¯,,Indication: treatment of bleeding disorders.,,,,,,,¬Ò¥i¥Î,¿Õ©M²Ä¤C¦]¤lª`®g¾¯,Novo Seven for inj 60K IU,,,§_,¬O,,,,,,,,,¤@¯ë,ª`®g,Äµ »y:½Ð¸m©óÄá¤ó 2-8 «×¦B½cÁ×¥ú§NÂÃ«O¦s¡C,,,,,¬O,1.0,,§_,§_,§_,³æ¤è,§_,¥i¥Î,¥i¥Î,¤£¥i¿i,¬O,,1.00,1.00,99.00,99.00,99,99,1,1,0,0,0,0,,¦³¹Ï¤ù,,0,,0,,,,,,,,,,,VIAL,,°·«Oµ¹¥I,°·«Oµ¹¥I,FACTOR VII,B02BD08,K000503251,§_,Liquid,IVSOL,,,,,,,¬Ò¥i,³æ¦¸¿éª`,PH008,201403201336,28759.00,34511.00
INOVM,20210114,99999999,¥i¥Î,NovoMix 30 FlexPen 100U/mL 3mL,NovoMix 30 FlexPen 100U/mL 3mL,Insulin Aspart 30 + NPH 70,SC,,META,ME-01-03,°w¾¯,UNIT,Mixtard,«D²Õ®M,,,¤@¯ë¥i¥Î,¬O,¥i¥ÎÃÄ¥]¾÷,¥i¥Î,¤@¯ë,Á`¶q¶i¦ì,¾AÀ³¯g:²V¦X«¬¯Ø®q¯À¡A ¿}§¿¯f¥ÎÃÄ,,Indication:Control of hyperglycemia.,,¥~ Æ[:ÂÅ¦âµ§«¬¡A¥Õ¦â¼ÐÅÒ,Appearance: Blue pen¡A white label,¤ô¸~¡A ¤Ï®g²§±`,Edema¡A refraction anomalies,,¬Ò¥i¥Î,¿Õ©M±K´µ30¿Õ©öµ§,NovoMix 30 Pen 100 Unit/mL,,,§_,¬O,,¨Ï¥Î«e½Ð¨Ó¦^·b¦Ü§¡¤Ã´ý¿B¡A ¨Ã©óÀ\«e¥ß§Y¨Ï¥Î,,Before using¡A mix it by rolling between palms¡A turning it upside down.,,³Æµù:¶}«Ê«e½Ð¸m©óÄá¤ó 2-8 «×¦B½c§NÂÃ,Store in a refrigerator (2-8¢XC) before use.,,¤@¯ë,¤@¯ë,Äµ »y:¨Ï¥Î«e½Ð¨Ó¦^·b¦Ü§¡¤Ã´ý¿B¡A¨Ã©óÀ\«e¥ß§Y¨Ï¥Î,SA «÷­µ¬Û¦ü,,0,0,,300.0,,§_,¬O,§_,½Æ¤è,§_,¥i¥Î,¥i¥Î,¤£¥i¿i,§_,,1.00,1.00,99.00,99.00,120,120,28,1,160.00,160.00,0,0,,¦³¹Ï¤ù,,0,,0,,A10AD05,A10AB05,,,,0,,0,,¤ä,,°·«Oµ¹¥I,°·«Oµ¹¥I,INSULIN ASPART,A10AD05,KC00820266,§_,Liquid,SOL,,,300.00,U,3.00,mL,,,PH047,202310231449,238.00,286.00
INOVM5,20210114,99999999,°±¥Î,50 NOVOMIX FlexPen 100 Unit/mL¡A 3mL,NOVOMIX 50 FlexPen 100 Unit/mL¡A 3mL,Insulin Aspart 50 + NPH 50,SC,,META,ME-01-03,°w¾¯,UNIT,Mixtard,«D²Õ®M,°±¥Î,,¤@¯ë¥i¥Î,¬O,¥i¥ÎÃÄ¥]¾÷,¥i¥Î,¤@¯ë,Á`¶q¶i¦ì,¾AÀ³¯g:²V¦X«¬¯Ø®q¯À¡A ¿}§¿¯f¥ÎÃÄ,,Indication:diabetes mellitus¡A control of hyperglycemia.,,¥~ Æ[:ÂÅ¦âµ§«¬¡A¯»¬õ¦â¼ÐÅÒ,Appearance: Blue pen¡A pink label.,§C¦å¿}¡A¤ô¸~¡A²´³¡©}¥ú²§±`,Hypoglycemia¡A edema¡A refraction anomalies,,¬Ò¥i¥Î,¿Õ©M±K´µ50 ¿Õ©öµ§,50 NOVOMIX Pen 100 Unit/mL,,,,¬O,,¨Ï¥Î«e½Ð¨Ó¦^·b¦Ü§¡¤Ã´ý¿B¡A ¨Ã©óÀ\«e¥ß§Y¨Ï¥Î,,Before using¡A mix it by rolling between palms¡A turning it upside down.,,³Æµù:¶}«Ê«e½Ð¸m©óÄá¤ó 2-8 «×¦B½c§NÂÃ,Store in a refrigerator (2-8¢XC) before use.,2019.Q4ÃÄ©e·s¶i,¤@¯ë,¤@¯ë,Äµ »y:¨Ï¥Î«e½Ð¨Ó¦^·b¦Ü§¡¤Ã´ý¿B¡A¨Ã©óÀ\«e¥ß§Y¨Ï¥Î,SA «÷­µ¬Û¦ü,,0,0,§_,300.0,,§_,¬O,§_,½Æ¤è,,¥i¥Î,¥i¥Î,¤£¥i¿i,§_,,1.00,1.00,60.00,60.00,120,120,28,1,9999.00,9999.00,0,0,,¦³¹Ï¤ù,,0,,0,,A10AD05,A10AB05,,,,0,,0,,¤ä,,°·«Oµ¹¥I,°·«Oµ¹¥I,INSULIN ASPART,A10AD05,KC00908266,,Liquid,SOL,,,300.00,U,3.00,mL,,,PH006,202301101507,238.00,286.00
INOVO,20060620,99999999,°±¥Î,NovoRapid 100u/mL 3mL,NovoRapid 100u/mL 3mL,Insulin Aspart,SC,,META,ME-01-01,°w¾¯,IU,RI,«D²Õ®M,°±¥Î,INOVX,¤@¯ë¥i¥Î,¬O,¥i¥ÎÃÄ¥]¾÷,¥i¥Î,¤@¯ë,Á`¶q¶i¦ì,¾AÀ³¯g:¬°³t®Ä«¬¯Ø®q¯À¡A ¿}§¿¯f¥ÎÃÄ,,Indication:Control of hyperglycemia.,,¥~ Æ[:³z©úµ§§X¡A ¾ï¦â¥~»\,Appearance: Orange cap injection catridge,¤ô¸~¡A ¤Ï®g²§±`,Edema¡A refraction anomalies,,¥u¥Î©óªù¶E¤Î¦í°|STAT,¿Õ©M·ç ¿ÕªäºÞ,NovoRapid 100u/mL 3mL,,,§_,¬O,,¶}«Ê«e½Ð¸m©óÄá¤ó 2-8 «×¦B½c§NÂÃ,,Store in a refrigerator (2-8¢XC) before use.,,¨Ï¥Î¤¤ÃÄª«¥i«O¦s¦b30¢XC¥H¤U©Î¦b¦B½c(2-8¢XC)¤¤¡A®Ä´Á¥|¶g,,,¤@¯ë,¤@¯ë,Äµ »y:½Ð¸m©óÄá¤ó 2-8 «×¦B½cÁ×¥ú§NÂÃ«O¦s¡C,Äµ °ªÄµ°T,,,,§_,300.0,,§_,§_,§_,³æ¤è,§_,°±¥Î,¥i¥Î,¤£¥i¿i,¬O,,1.00,1.00,99.00,99.00,90,90,30,1,99.00,99.00,0,0,,¦³¹Ï¤ù,,0,,0,,A10AB05,,,,,,,,,VAL,,°·«Oµ¹¥I,°·«Oµ¹¥I,INSULIN ASPART,A10AB05,K000729266,§_,Liquid,SOL,,,,,,,¬Ò¥i,³æ¦¸¿éª`,PH047,202310231447,253.00,304.00
INOVX,20210114,99999999,¥i¥Î,NovoRapid FlexPen 100U/mL 3mL,NovoRapid FlexPen 100U/mL 3mL,Insulin Aspart,SC,,META,ME-01-01,°w¾¯,UNIT,Insulin¡A Fast-acting,«D²Õ®M,,,¤@¯ë¥i¥Î,¬O,¥i¥ÎÃÄ¥]¾÷,¥i¥Î,¤@¯ë,Á`¶q¶i¦ì,¾AÀ³¯g:¬°³t®Ä«¬¯Ø®q¯À¡A ¿}§¿¯f¥ÎÃÄ,,Indication:Control of hyperglycemia.,,¥~ Æ[:ÂÅ¦âµ§«¬¡A¾ï¦â¼ÐÅÒ,Appearance: Blue pen¡A orange label,¤ô¸~¡A ¤Ï®g²§±`,Edema¡A refraction anomalies,,¬Ò¥i¥Î,¿Õ©M·ç ¿Õ©öµ§,NovoRapid 100 Unit/mL,,,§_,¬O,,¨Ï¥Î¤¤ÃÄª««O¦s©ó30¢XC¤U©Î¦b¦B½c(2-8¢XC)¤¤,¡A®Ä´Á¥|¶g,The drug being used is stored below 30 ¢X C or in the refrigerator (2-8 ¢X C)¡A,and expires after 4 weeks,¶}«Ê«e½Ð¸m©óÄá¤ó 2-8 «×¦B½c§NÂÃ,Store in a refrigerator (2-8¢XC) before use.,,¤@¯ë,¤@¯ë,¨Ï¥Î¤¤ÃÄª««O¦s©ó30¢XC¤U©Î¦b¦B½c(2-8¢XC)¤¤¡A®Ä´Á¥|¶g,Äµ °ªÄµ°T,,0,0,§_,300.0,,§_,¬O,§_,³æ¤è,§_,¥i¥Î,¥i¥Î,¤£¥i¿i,§_,,1.00,1.00,120.00,99.00,120,90,28,1,120.00,250.00,0,0,,¦³¹Ï¤ù,,0,,0,,A10AB05,,,,,0,,0,,¤ä,§_,°·«Oµ¹¥I,°·«Oµ¹¥I,INSULIN ASPART,A10AB05,KC00823266,§_,Liquid,SOL,,,300.00,U,3.00,mL,¬Ò¥i,³æ¦¸¿éª`,PH047,202310231449,238.00,286.00
INPH,20171101,99999999,°±¥Î,Insulin Insulatard HM 100U/mL 10mL,Insulin Insulatard HM 100U/mL 10mL,Insulin NPH,SC,,META,ME-01-02,°w¾¯,U,NPH insulin,«D²Õ®M,°±¥Î,,³æ¦ìÁ{±Ä,¬O,¤£¥i¥ÎÃÄ¥]¾÷,¥i¥Î,¤@¯ë,Á`¶q¶i¦ì,¾AÀ³¯g:¤¤®Ä«¬¯Ø®q¯À¡A ¿}§¿¯f¥ÎÃÄ,,Indication:Insulin-requiring diabetes mellitus,,¥~ Æ[:10 mL¥Õ¦â²V¿Bª¬Äa¯B²G,Appearance:10mL white turbid suspension,¤Ö¨£¹L±Ó¤Î¯×ªÕµäÁY,Rare incidence of allergy & lipoatrophy.,,¬Ò¥i¥Î,¦]³t¨Ó¹F¯Ø®q¯Àª`®g²G,Insulin Insulatard HM 100U,,,§_,¬O,,¥i¯à·|¤Þ°_äú¤ß©Î¸z­G¤£¾Aªº²{¶H¡A ¨Ãª`·N¦å¿}ÅÜ¤Æ,,Nausea or upset stomach may occur¡A monitor blood glucose levels.,,³Æµù:¶}«Ê«e½Ð¸m©óÄá¤ó 2-8 «×¦B½c§NÂÃ,Store in a refrigerator (2-8¢XC).,¤wDC«~¶µ¡A¼t°ÓÃØ°e°ü²£¬ì¨Ï¥Î (107.03¥ÎÁj),¤@¯ë,¤@¯ë,Äµ »y:¥i¯à·|¤Þ°_äú¤ß©Î¸z­G¤£¾Aªº²{¶H¡A¨Ãª`·N¦å¿}ÅÜ¤Æ,,,0,0,§_,1000.0,,¬O,¬O,§_,³æ¤è,§_,°±¥Î,¥i¥Î,¤£¥i¿i,§_,,1.00,1.00,99.00,99.00,60,30,28,1,200.00,200.00,0,0,,¦³¹Ï¤ù,,0,,0,,A10AC01,,,,,0,,0,,VAL,§_,°·«Oµ¹¥I,°·«Oµ¹¥I,INSULIN HUMAN,A10AC01,KC00760209,§_,Liquid,SOL,,,1000.00,U,10.00,mL,¬Ò¥i,³æ¦¸¿éª`,PH047,202310231446,277.00,332.00
INPHI,19960101,99999999,°±¥Î,Insulin Protaphane 100IU/mL,Insulin Protaphane 100IU/mL,Insulin NPH,SC,,META,ME-01-02,°w¾¯,IU,,«D²Õ®M,°±¥Î¡A¥i¬dÃþ¦üÃÄ,,¤@¯ë¥i¥Î,¬O,¤£¥i¥ÎÃÄ¥]¾÷,,¤£¦LÃÄÅÒ,Á`¶q¶i¦ì,¾AÀ³¯g:¬°¤¤®Ä«¬¯Ø®q¯À¡A¿}§¿¯f¥ÎÃÄ,,,,,,,,,,,Insulin Protaphane 100IU/mL,,,§_,¬O,,,,,,,,,¤@¯ë,ª`®g,Äµ »y:»â¨ú¬Ì­]«á¡A½Ð¥ß§Y¦Üª`®g«Ç¨Ì«ü¥Ü¨Ï¥Î¡C,,,,,¬O,1.0,,§_,§_,§_,³æ¤è,§_,¥i¥Î,¥i¥Î,¤£¥i¿i,¬O,,1.00,1.00,999.00,999.00,999,999,1,1,0,0,0,0,,µL¹Ï¤ù,,0,,0,,,,,,,,,,,IU,§_,°·«Oµ¹¥I,°·«Oµ¹¥I,INSULIN,A10AC03,B018837299,§_,Liquid,SOL,,,,,,,¬Ò¥i,³æ¦¸¿éª`,PH008,201403201338,0.14,2.00
INS1,19960101,99999999,¥i¥Î,Sodium chloride 0.9% inj 1000mL,Sodium chloride 0.9% inj 1000mL,Sodium Chloride,IVD,,MSIV,NU-04-04,°w¾¯,BOT,Normal Saline,«D²Õ®M,,,¤@¯ë¥i¥Î,¬O,¤£¥i¥ÎÃÄ¥]¾÷,,¤£¦LÃÄÅÒ,Á`¶q¶i¦ì,¾AÀ³¯g:¬°­¹ÆQ¤ô¨R¬~²G,,,,,,,,,,¥Í²z­¹ÆQ¤ôª`®g²G,NaCl 0.9% inj 1000mL,,,§_,¬O,,,,,,,,,¤@¯ë,ª`®g,Äµ »y:½Ð¿í·ÓÂå®v«ü¥Ü¨Ï¥Î¡A­Yµo¥ÍºÃ¦üÃÄª«¤£¨}¤ÏÀ³½Ð§iª¾Âå¥Í¡C,,,,,,1.0,¦³,§_,¬O,§_,³æ¤è,§_,¥i¥Î,¥i¥Î,¤£¥i¿i,¬O,,1.00,1.00,5.00,25.00,999,999,1,1,5.00,25.00,0,0,,¦³¹Ï¤ù,,1000.00,ML,0,,B05XA03,,,,,,,,,BOT,§_,°·«Oµ¹¥I,°·«Oµ¹¥I,SODIUM CHLORIDE,B05XA03,AA01085209,§_,Liquid,IRSOL,,,,,1000.00,mL,¤£»Ýµ}ÄÀ,³æ¦¸¿éª`,PH032,201812201829,35.00,46.00
INS100,20060321,99999999,°±¥Î,0.9% NaCl inj 100mL,0.9% NaCl inj 100mL,Sodium Chloride,IVD,,MSIV,NU-04-04,°w¾¯,BAG,Normal saline,«D²Õ®M,°±¥Î,INSO100,¤@¯ë¥i¥Î,¬O,¤£¥i¥ÎÃÄ¥]¾÷,¥i¥Î,¤£¦LÃÄÅÒ,Á`¶q¶i¦ì,¾AÀ³¯g:¤ô¥÷¸É¥R,,,,¥~ Æ[:100 mL¼á²M³n³U¥]¸Ë,,,,,¬Ò¥i¥Î,¥Í²z­¹ÆQ¤ôª`®g²G,0.9% NaCl inj 100mL,,,§_,¬O,,,,,,,,A001085255,¤@¯ë,ª`®g,Äµ »y:¥»«~»Ý¸m©óÁ×¥ú³±²D°®Àê³B,,,,,§_,1.0,¦³,§_,¬O,§_,³æ¤è,§_,°±¥Î,¥i¥Î,¤£¥i¿i,¬O,,1.00,1.00,9.00,9.00,999,99,1,1,9.00,9.00,0,0,,¦³¹Ï¤ù,,100.00,ML,0,,A12CA01,B05XA03,,,,,,,,BAG,,°·«Oµ¹¥I,°·«Oµ¹¥I,SODIUM CHLORIDE,B05XA03,AA01085255,§_,Liquid,IVSOL,,,,,100.00,mL,¤£»Ýµ}ÄÀ,³æ¦¸¿éª`,PH034,202212130849,22.00,29.00
INS2,19960101,99999999,¥i¥Î,Isotonic NaCl inj 20mL,Isotonic NaCl inj 20mL,Sodium Chloride,IVPUSH,,NUTR,NU-04-04,°w¾¯,AMP,N/S,«D²Õ®M,,,¤@¯ë¥i¥Î,¬O,¥i¥ÎÃÄ¥]¾÷,,¦C¦Lªù¶EÃÄÅÒ,Á`¶q¶i¦ì,¾AÀ³¯g: ¥Í²z­¹ÆQ¤ô,,Indications: Normal Saline,,¥~ Æ[:³z©ú¦wÞÀ(amp)¡A ºñ¦â¥~¶K¯È,Appearance:plastic ampoule (amp),¹q¸Ñ½è²§±`,Electrolyte imbalance,,,¥Í²z­¹ÆQ¤ôª`®g²G,Isotonic NaCl inj 20mL,,,§_,¬O,,½Ð¿í·ÓÂå®v«ü¥Ü¨Ï¥Î¡A ­Yµo¥ÍºÃ¦üÃÄª«¤£¨}¤ÏÀ³½Ð§iª¾Âå¥Í,,Follow doctor's advice. Check with doctor if you notice any side effects.,,,,,¤@¯ë,ª`®g,Äµ »y:½Ð¿í·ÓÂå®v«ü¥Ü¨Ï¥Î¡A­Yµo¥ÍºÃ¦üÃÄª«¤£¨}¤ÏÀ³½Ð§iª¾Âå¥Í¡C,,,,,¬O,1.0,,§_,¬O,§_,³æ¤è,§_,°±¥Î,°±¥Î,¤£¥i¿i,¬O,,1.00,1.00,100.00,100.00,999,999,1,1,100.00,100.00,0,0,,¦³¹Ï¤ù,,0,,0,,B05XA03,,,,,,,,,VAL,§_,¥Ó³ø¤£­p»ù,¥Ó³ø¤£­p»ù,,,,§_,Liquid,IVSOL,,,180.00,mg,20.00,mL,¬Ò¥i,³æ¦¸¿éª`,PH047,202312031735,0,6.00
INS250,19960101,99999999,¥i¥Î,0.9% NaCl inj 250mL(µw²~),0.9% NaCl inj 250mL,Sodium Chloride,IVD,,MSIV,NU-04-04,°w¾¯,BOT,Normal Saline,«D²Õ®M,,,¤@¯ë¥i¥Î,¬O,¤£¥i¥ÎÃÄ¥]¾÷,,¤£¦LÃÄÅÒ,Á`¶q¶i¦ì,¾AÀ³¯g:¬°¥Í²z­¹ÆQ¤ôª`®g²G,,,,,,,,,,¥Í²z­¹ÆQ¤ôª`®g²G,0.9% NaCl inj 250mL(µw²~),,,§_,¬O,,,,,,,,A001085265,¤@¯ë,ª`®g,Äµ »y:½Ð¿í·ÓÂå®v«ü¥Ü¨Ï¥Î¡A­Yµo¥ÍºÃ¦üÃÄª«¤£¨}¤ÏÀ³½Ð§iª¾Âå¥Í¡C,,,,,§_,1.0,¦³,§_,¬O,§_,³æ¤è,§_,¥i¥Î,¥i¥Î,¤£¥i¿i,¬O,,1.00,1.00,1.00,25.00,999,999,1,1,25.00,25.00,0,0,,¦³¹Ï¤ù,,250.00,ML,0,,B05XA03,,,,,,,,,BOT,§_,°·«Oµ¹¥I,°·«Oµ¹¥I,SODIUM CHLORIDE,B05XA03,AA01085265,§_,Liquid,IVSOL,,,,,250.00,mL,¤£»Ýµ}ÄÀ,³æ¦¸¿éª`,PH032,202306291839,22.00,29.00
INS3,19960101,99999999,°±¥Î,3% NaCl inj 500mL,3% NaCl inj 500mL,Sodium Chloride,IVD,STAT,NUTR,NU-04-04,°w¾¯,BOT,Sodium Chloride 3%,«D²Õ®M,°±¥Î,INS3YF,¤@¯ë¥i¥Î,¬O,¤£¥i¥ÎÃÄ¥]¾÷,,¤@¯ë,Á`¶q¶i¦ì,¾AÀ³¯g:¨Ñ½Õ¾¯©Î¯S®í¥Î³~¤§°ª±i3% ´â¤Æ¶u·»²G,,Indication:For severe hyponatremia and hypochloremia.,,¥~ Æ[:ÂÅ¦â¼ÐÅÒ500mLµL¦â·»²G¶ì½¦²~,Appearance:Colorless solution in a 500mL plastic bottle.,°ª¶u¦å¯g¡A§C¹[¦å¯g¡Aµu¼È©Ê§C¦åÀ£,hypernatremia¡A hypokalemia¡A transient hypotension,,¥u¥Î©óªù¶E¤Î¦í°|STAT,3% ´â¤Æ¶uª`®g²G,3% NaCl inj 500mL,,,§_,¬O,,¥»«~»Ý( ÂÐ®Ö ) °ªÄµ°TÃÄª«,,High-alert medication,,,,,¤@¯ë,ª`®g,Äµ»y:¥»«~»Ý( ÂÐ®Ö ),Äµ °ªÄµ°T,,,,§_,1.0,¦³,¬O,¬O,¬O,³æ¤è,§_,¥i¥Î,¥i¥Î,¤£¥i¿i,¬O,,1.00,1.00,2.00,2.00,1,999,1,1,2.00,2.00,0,0,,¦³¹Ï¤ù,,0,,0,,B05XA03,,,,,,,,,BOT,§_,°·«Oµ¹¥I,°·«Oµ¹¥I,SODIUM CHLORIDE,B05XA03,NC02980277,§_,Liquid,IVSOL,,,257.00,mEq,500.00,mL,¤£»Ýµ}ÄÀ,³æ¦¸¿éª`,PH006,202401281107,25.00,33.00
INS3YF,20230719,99999999,¥i¥Î,3% NaCl inj 500mL(YF),3% NaCl inj 500mL(YF),Sodium Chloride,IVD,STAT,NUTR,NU-04-04,°w¾¯,BAG,Sodium Chloride 3%,«D²Õ®M,,,¤@¯ë¥i¥Î,¬O,¤£¥i¥ÎÃÄ¥]¾÷,¥i¥Î,¤@¯ë,Á`¶q¶i¦ì,¾AÀ³¯g:¨Ñ½Õ¾¯©Î¯S®í¥Î³~¤§°ª±i3% ´â¤Æ¶u·»²G,,Indication:For severe hyponatremia and hypochloremia.,,¥~ Æ[:500mL³z©ú¶ì½¦³n³U§tµL¦â·»²G,Appearance:Colorless solution in a 500mL plastic bag.,°ª¶u¦å¯g¡B§C¹[¦å¯g¡B°ª¦å®e¶q¯g¡BÀR¯ßª¢,Hypernatremia¡A hypokalemia¡A hypervolemia¡A phlebitis,,¬Ò¥i¥Î,3%´â¤Æ¶uª`®g²G (¥ÃÂ×),3% NaCl inj 500mL (YF),,,,¬O,,¥»«~»Ý( ÂÐ®Ö ) °ªÄµ°TÃÄª«,,High-alert medication,,,,,¤@¯ë,¤@¯ë,Äµ»y:¥»«~»Ý( ÂÐ®Ö ),­¹ ­¹ª«¥æ¤¬,,0,0,§_,1.0,¦³,¬O,¬O,¬O,³æ¤è,,°±¥Î,,¤£¥i¿i,¬O,,1.00,1.00,2.00,2.00,999,999,1,1,2.00,2.00,0,0,,¦³¹Ï¤ù,,0,,0,,B05XA03,,,,,0,,0,,BAG,§_,°·«Oµ¹¥I,°·«Oµ¹¥I,SODIUM CHLORIDE,B05XA03,AA38330277,,Liquid,IVSOL,,,257.00,mEq,500.00,mL,¤£»Ýµ}ÄÀ,³æ¦¸¿éª`,PH047,202309121504,25.00,33.00
INS45,19960101,99999999,¥i¥Î,0.45% Saline inj 500mL,0.45% Saline inj 500mL,Sodium Chloride,IVD,,MSIV,NU-04-04,°w¾¯,BOT,Half Saline,«D²Õ®M,,,¤@¯ë¥i¥Î,¬O,¤£¥i¥ÎÃÄ¥]¾÷,,¤£¦LÃÄÅÒ,Á`¶q¶i¦ì,¾AÀ³¯g:¶u¡B´âÂ÷¤l¤§¹q¸Ñ½è»P¤ô¤À¸Éµ¹¡C,,,,,,,,,,0.45% ´â¤Æ¶uª`®g²G,0.45% Saline inj 500mL,,,§_,¬O,,,,,,,,A036014277,¤@¯ë,ª`®g,Äµ »y:½Ð¿í·ÓÂå®v«ü¥Ü¨Ï¥Î¡A­Yµo¥ÍºÃ¦üÃÄª«¤£¨}¤ÏÀ³½Ð§iª¾Âå¥Í¡C,,,,,§_,1.0,¦³,§_,¬O,§_,³æ¤è,§_,°±¥Î,¥i¥Î,¤£¥i¿i,¬O,,1.00,1.00,1.00,25.00,999,999,1,1,1.00,25.00,0,0,,¦³¹Ï¤ù,,500.00,ML,0,,B05XA03,,,,,,,,,BOT,§_,°·«Oµ¹¥I,°·«Oµ¹¥I,SODIUM CHLORIDE,B05XA03,AC36014277,§_,Liquid,IVSOL,,,,,500.00,mL,¤£»Ýµ}ÄÀ,³æ¦¸¿éª`,PH008,201811261342,25.00,33.00
INS45/20,20141229,99999999,¥i¥Î,0.45% NaCl inj 20mL (­­RT¨Ï¥Î),0.45% NaCl inj 20mL (­­RT¨Ï¥Î),Sodium Chloride,IH,STAT,MSIV,NU-04-04,°w¾¯,ML,,«D²Õ®M,,,¤@¯ë¥i¥Î,¬O,¤£¥i¥ÎÃÄ¥]¾÷,¥i¥Î,¤£¦LÃÄÅÒ,Á`¶q¶i¦ì,¾AÀ³¯g:¶u¡B´âÂ÷¤l¤§¹q¸Ñ½è»P¤ô¤À¸Éµ¹,,,,,,,,,¥u¥Î©ó¦í°|,´â¤Æ¶uª`®g²G0.45%,0.45% NaCl inj 20mL (­­RT¨Ï¥Î),,,§_,¬O,,,,,,,,­­©I§lªvÀø¦í°|¯f¤H¨Ï¥Î¡AÃÄ§½¤£µoÃÄ,¤@¯ë,ª`®g,Äµ »y:¥»«~»Ý¸m©óÁ×¥ú³±²D°®Àê³B,,,0,0,§_,20.0,,§_,¬O,§_,³æ¤è,§_,°±¥Î,¥i¥Î,¤£¥i¿i,¬O,,0,20.00,0,20.00,999,60,0,1,0,60.00,0,0,,µL¹Ï¤ù,,0,,0,,B05XA03,,,,,0,,0,,AMP,,°·«Oµ¹¥I,°·«Oµ¹¥I,SODIUM CHLORIDE,B05XA03,AC24212238,§_,Liquid,IVSOL,,,,,20.00,mL,¬Ò¥i,³æ¦¸¿éª`,PH034,202101261506,15.00,20.00
INS5,19960101,99999999,¥i¥Î,0.9% NaCl inj 500mL(µw²~),0.9% NaCl inj 500mL,Sodium Chloride,IVD,,MSIV,NU-04-04,°w¾¯,BOT,Normal Saline,«D²Õ®M,,,¤@¯ë¥i¥Î,¬O,¤£¥i¥ÎÃÄ¥]¾÷,,¤£¦LÃÄÅÒ,Á`¶q¶i¦ì,¾AÀ³¯g:¬°¥Í²z­¹ÆQ¤ôª`®g²G,,,,,,,,,,¥Í²z­¹ÆQ¤ôª`®g²G,0.9% NaCl inj 500mL(µw²~),,,§_,¬O,,,,,,,,A001085277,¤@¯ë,ª`®g,Äµ »y:½Ð¿í·ÓÂå®v«ü¥Ü¨Ï¥Î¡A­Yµo¥ÍºÃ¦üÃÄª«¤£¨}¤ÏÀ³½Ð§iª¾Âå¥Í¡C,,,,,§_,1.0,¦³,§_,¬O,§_,³æ¤è,§_,¥i¥Î,¥i¥Î,¤£¥i¿i,¬O,,1.00,1.00,4.00,25.00,999,999,1,1,4.00,25.00,0,0,,¦³¹Ï¤ù,,500.00,ML,0,,B05XA03,,,,,,,,,BOT,§_,°·«Oµ¹¥I,°·«Oµ¹¥I,SODIUM CHLORIDE,B05XA03,AA01085277,§_,Liquid,IVSOL,,,,,500.00,mL,¤£»Ýµ}ÄÀ,³æ¦¸¿éª`,PH032,202306291839,25.00,33.00
INSO100,20210401,99999999,¥i¥Î,0.9% NaCl 100mL bag(Otsuka),0.9% NaCl 100mL bag(Otsuka),Sodium Chloride,IVD,,MSIV,NU-04-04,°w¾¯,BAG,Normal saline,«D²Õ®M,,,¤@¯ë¥i¥Î,¬O,¤£¥i¥ÎÃÄ¥]¾÷,¥i¥Î,¤£¦LÃÄÅÒ,Á`¶q¶i¦ì,¾AÀ³¯g:¤ô¤À¤Î¹q¸Ñ½èªº¸Éµ¹,,Indication:Water or electrolyte replenishment.,,¥~ Æ[:100mL³n³U¥]¸Ë,Appearance: 100mL bag.,¹q¸Ñ½è²§±`,Electrolyte imbalance,,¬Ò¥i¥Î,¤j¶ï ¿Õ¨FªLª`®g²G100²@¤É,0.9% NaCl 100mL bag(Otsuka),,,,¬O,,¥»«~»Ý¸m©óÁ×¥ú³±²D°®Àê³B,,Store at room temperature¡A away from heat¡A moisture¡A and direct light,,­YÃÄ²G¦³¤£¼á²M¡BÅÜ¦â¡B²§ª«©Î¨ä¥L²§±`²{¶H®É¡A½Ð¤Å¨Ï¥Î¡C,Do not use the medicine if it is any abnormal phenomena.,2021.04´À¥N¥ÃÂ×0.9% NaCl 100mL³n³U,¤@¯ë,ª`®g,Äµ »y:¥»«~»Ý¸m©óÁ×¥ú³±²D°®Àê³B,,,0,0,§_,1.0,¦³,§_,¬O,§_,³æ¤è,§_,°±¥Î,°±¥Î,¤£¥i¿i,¬O,,1.00,1.00,9.00,9.00,99,99,1,1,9.00,9.00,0,0,,¦³¹Ï¤ù,,100.00,ML,0,,B05XA03,A12CA01,,,,0,,0,,BAG,,°·«Oµ¹¥I,°·«Oµ¹¥I,SODIUM CHLORIDE,B05XA03,AC10654255,§_,Liquid,IVSOL,,,0,,100.00,mL,¤£»Ýµ}ÄÀ,³æ¦¸¿éª`,PH008,202104141512,22.00,29.00
INSO250,20210408,99999999,¥i¥Î,0.9% NaCl 250mL bag(Otsuka),0.9% NaCl 250mL bag(Otsuka),Sodium Chloride,IVD,,MSIV,NU-04-04,°w¾¯,BAG,Normal Saline,«D²Õ®M,,,¤@¯ë¥i¥Î,¬O,¤£¥i¥ÎÃÄ¥]¾÷,¥i¥Î,¤£¦LÃÄÅÒ,Á`¶q¶i¦ì,¾AÀ³¯g:¤ô¤À¤Î¹q¸Ñ½èªº¸Éµ¹,,Indication:Water or electrolyte replenishment.,,¥~ Æ[:250mL³n³U¥]¸Ë,Appearance: 250mL bag.,¹q¸Ñ½è²§±`,Electrolyte imbalance,,¬Ò¥i¥Î,¤j¶ï ¿Õ¨FªLª`®g²G250²@¤É,0.9% NaCl 250mL bag(Otsuka),,,,¬O,,¥»«~»Ý¸m©óÁ×¥ú³±²D°®Àê³B,,Store at room temperature¡A away from heat¡A moisture¡A and direct light,,ÃÄ²G¦³¤£¼á²M¡BÅÜ¦â¡B²§ª«©Î¨ä¥L²§±`²{¶H®É¡A½Ð¤Å¨Ï¥Î¡C,Do not use the medicine if it is any abnormal phenomena.,2021.04´À¥N¥ÃÂ×0.9% NaCl 250mL³n³U,¤@¯ë,ª`®g,Äµ »y:¥»«~»Ý¸m©óÁ×¥ú³±²D°®Àê³B,,,0,0,§_,1.0,¦³,§_,¬O,§_,³æ¤è,,°±¥Î,°±¥Î,¤£¥i¿i,¬O,,1.00,1.00,9.00,9.00,99,99,1,1,9.00,9.00,0,0,,¦³¹Ï¤ù,,250.00,ML,0,,B05XA03,A12CA01,,,,0,,0,,BAG,§_,°·«Oµ¹¥I,°·«Oµ¹¥I,SODIUM CHLORIDE,B05XA03,AC10654265,,Liquid,IVSOL,,,0,,250.00,mL,¤£»Ýµ}ÄÀ,³æ¦¸¿éª`,PH034,202105051427,22.00,29.00
INSO5,20210408,99999999,¥i¥Î,0.9% NaCl 500mL bag(Otsuka),0.9% NaCl 500mL bag(Otsuka),Sodium Chloride,IVD,,MSIV,NU-04-04,°w¾¯,BAG,Normal Saline,«D²Õ®M,,,¤@¯ë¥i¥Î,¬O,¤£¥i¥ÎÃÄ¥]¾÷,¥i¥Î,¤£¦LÃÄÅÒ,Á`¶q¶i¦ì,¾AÀ³¯g:¤ô¤À¤Î¹q¸Ñ½èªº¸Éµ¹,,Indication:Water or electrolyte replenishment.,,¥~ Æ[:500mL³n³U¥]¸Ë,Appearance:500mL bag.,¹q¸Ñ½è²§±`,Electrolyte imbalance,,¬Ò¥i¥Î,¤j¶ï ¿Õ¨FªLª`®g²G500²@¤É,0.9% NaCl 500mL bag(Otsuka),,,,¬O,,¥»«~»Ý¸m©óÁ×¥ú³±²D°®Àê³B,,Store at room temperature¡A away from heat¡A moisture¡A and direct light,,­YÃÄ²G¦³¤£¼á²M¡BÅÜ¦â¡B²§ª«©Î¨ä¥L²§±`²{¶H®É¡A½Ð¤Å¨Ï¥Î¡C,Do not use the medicine if it is any abnormal phenomena.,2021.04´À¥N¥ÃÂ×0.9% NaCl 500mL³n³U,¤@¯ë,ª`®g,Äµ »y:¥»«~»Ý¸m©óÁ×¥ú³±²D°®Àê³B,,,0,0,§_,1.0,¦³,§_,¬O,§_,³æ¤è,,°±¥Î,°±¥Î,¤£¥i¿i,¬O,,1.00,1.00,9.00,9.00,99,99,1,1,9.00,9.00,0,0,,¦³¹Ï¤ù,,500.00,ML,0,,B05XA03,A12CA01,,,,0,,0,,BAG,,°·«Oµ¹¥I,°·«Oµ¹¥I,SODIUM CHLORIDE,B05XA03,AA10654277,§_,Liquid,IVSOL,,,0,,500.00,mL,¤£»Ýµ}ÄÀ,³æ¦¸¿éª`,PH008,202104141503,25.00,33.00
INSW,19960101,99999999,°±¥Î,Normal Saline irrigation 500mL(¨R¬~¥Î),Normal Saline irrigation 500mL(¨R¬~¥Î),Sodium Chloride,IRR,,MSIV,NU-05-00,°w¾¯,BOT,,«D²Õ®M,°±¥Î,,¤@¯ë¥i¥Î,¬O,¤£¥i¥ÎÃÄ¥]¾÷,,¦C¦Lªù¶EÃÄÅÒ,Á`¶q¶i¦ì,¾AÀ³¯g:¬°¥Í²z­¹ÆQ¤ô¨R¬~²G,,,,,,,,,,,N/S Irrigation 500mL,,,§_,¬O,,,,,,,,,¤@¯ë,¤@¯ë,Äµ »y: ¥»«~¬°¥~¥ÎÃÄ«~¡A½Ð§½³¡¨Ï¥Î¡A¤Å±µÄ²²´·ú©Î»~ªA¡C,,,,,§_,1.0,,§_,§_,§_,³æ¤è,§_,¥i¥Î,¥i¥Î,¤£¥i¿i,¬O,,1.00,1.00,1.00,25.00,1,999,1,1,1.00,25.00,0,0,,µL¹Ï¤ù,,500.00,ML,0,,B05CB01,,,,,,,,,BOT,§_,°·«Oµ¹¥I,°·«Oµ¹¥I,SODIUM CHLORIDE,B05CB01,A035639377,§_,Liquid,IRSOL,,,,,,,¬Ò¥i,³æ¦¸¿éª`,PH008,202010141005,17.20,22.00
INTG,20170915,99999999,°±¥Î,NTG inj 0.2mg/mL¡A 250mL (D5W) Premixed,NTG inj 0.2mg/mL¡A 250mL (D5W) Premixed,Nitroglycerin,IVD,QD,CAVS,CV-02-00,°w¾¯,BOT,NTG,«D²Õ®M,°±¥Î,,¤@¯ë¥i¥Î,¬O,¥i¥ÎÃÄ¥]¾÷,¥i¥Î,¤@¯ë,¦¸­p¶q¶i¦ì,¾AÀ³¯g:°ª¦åÀ£¡A ¤ß¦Ù±ð¶ë¡A ¤ß°IºÜµ¥,,Indication:Hypertension¡A MI¡A heart failure.,,¥~ Æ[:250mL¤p²~,Appearance: 250mL glass bottle,¤ß±ª¡A ¤ß«ß¤£¾ã¡A ¦åÀ£¬ðµM­°§C,Tachycardia¡A arrhythmia¡A sudden drop of BP.,,¬Ò¥i¥Î,®¦µÎª`®g¾¯ 0.2²@§J/²@¤É,NTG inj 0.2mg/mL¡A 250mL(D5W),,,¬O,¬O,,®e¾¹¤Î¿é²G®M»Ý¿ï¾Ünon-PVC§÷½è,¨Ï¥Î¥i±±¨î¬y³t¤§¿é²G¬¦ÀR¯ß¿éª`¡C,Prepare in non-PVC containers. Use non-PVC administration sets,Administer via infusion pump.,,,,¤@¯ë,ª`®g,Äµ »y:®e¾¹¤Î¿é²G®M»Ý¨Ï¥Înon-PVC§÷½è,,,0,0,§_,1.0,¦³,§_,§_,¬O,³æ¤è,§_,°±¥Î,¥i¥Î,¤£¥i¿i,¬O,,1.00,1.00,5.00,5.00,1,1,1,1,5.00,5.00,0,0,,¦³¹Ï¤ù,,0,,0,,C01DA02,,,,,0,,0,,¤ä,,°·«Oµ¹¥I,°·«Oµ¹¥I,NITROGLYCERIN,C01DA02,AC56673265,§_,Liquid,IVSOL,,,50.00,mg,250.00,mL,¤£»Ýµ}ÄÀ,³æ¦¸\«ùÄò¿éª`,PH008,201811201638,369.00,443.00
INUC,20190716,99999999,¥i¥Î,Nucala 100mg inj,Nucala 100mg inj,Mepolizumab,SC,ASORDER,ERSP,RE-06-00,°w¾¯,Vial,Nucala,«D²Õ®M,Á{±ÄÃÄ¡A½Ð³qª¾ÃÄ§½¥~ÁÊ,,¥»°|Á{±Ä²M³æ,¬O,¥i¥ÎÃÄ¥]¾÷,¥i¥Î,¤@¯ë,¦¸­p¶q¶i¦ì,¾AÀ³¯g:¶Ý¥ì¬õ©Ê¥Õ¦å²yªºÄY­«®ð³Ý¥B±±¨î¤£¨}¤§¦¨¤H±wªÌ,,Indication:severe refractory eosinophilic asthma,,¥~ Æ[:³z©ú¤p²~(Vial)¡A¬õ¦â¥~»\,Appearance: Vial with red cap,ÀYµh¡Aª`®g³¡¦ì¤ÏÀ³,Headache¡A injection site reaction,,¥u¥Î©óªù¶E¤Î¦í°|STAT,µÎªÍ¼Ö­á´¹ª`®g¾¯,Nucala 100mg inj,,,,¬O,,»´Âà¤p²~ª½¨ì¯»¥½·»¸Ñ¡A¤Å¤j¤O¾_·n,ªw»s«á 8 ¤p®É¤º¨Ï¥Î¡A¶W¹L½Ð¥á±ó,Lightly turn the vial until the powder dissolves. Do not shake it vigorously.,Use it within 8 hours after dispensing.,Äá¤ó 2-8 «×§NÂÃ,Store in a refrigerator (2-8¢XC).,¥»ÃÄ»Ý¨Æ¼f¡A2019Q2Á{®É·|Á{±Ä²M³æ,¤@¯ë,ª`®g,¶È¨Ñ¥Ö¤Uª`®g¨Ï¥Î¡C¸m©óÄá¤ó 2-8 «×§NÂÃ¡A½Õ°t«á¤K¤p®É¤º¨Ï¥Î¡C,,,0,0,¬O,1.0,,§_,¬O,§_,³æ¤è,,°±¥Î,°±¥Î,¤£¥i¿i,§_,,1.00,1.00,1.00,1.00,28,999,28,999,1.00,1.00,0,0,,¦³¹Ï¤ù,,0,,0,,R03DX09,,,,,100.00,mg,3.60,mg,VIAL,¬O,°·«Oµ¹¥I,°·«Oµ¹¥I,MEPOLIZUMAB,R03DX09,KC01015255,,Liquid,SOL,,,100.00,mg,0,,,,PH034,202111171850,32811.00,39373.00
INUT1,20050317,99999999,¥i¥Î,Nutriflex peri 40/80 1000mL,Nutriflex peri 40/80 1000mL,Amino Acid + Glucose,IVD,,NUTR,NU-04-05,°w¾¯,BAG,Nutriflex peri,«D²Õ®M,°±¥Î,,¤@¯ë¥i¥Î,¬O,¥i¥ÎÃÄ¥]¾÷,,¦C¦Lªù¶EÃÄÅÒ,Á`¶q¶i¦ì,¾AÀ³¯g:¦¨¤H®ò°ò»Ä¹q¸Ñ½è¸É¥R²G,,Indication:Short term parenteral nutrition for post-op,patients¡A serious catabolism & unable to take food orally or be fed.,¥~ Æ[:¨C¥]1000 mL ³n³U,,¿éª`´Á¶¡¥i¯à·|äú¤ß¹Ã¦R,Nausea and vomiting are possible during the infusion.,,¬Ò¥i¥Î,ªY«O±d¤O,Nutriflex peri 40/80 1000mL,,,§_,¬O,,ÃÄ§½½Õ¾¯¡A «D¤@¯ë¥æ¥IÃÄ«~,,For TPN formulation use only.,,,,[Rx_o]ÃÄ§½TPN½Õ¾¯¡A «D¤@¯ë¥æ¥IÃÄ«~,TPN,ª`®g,Äµ »y:ÃÄ§½½Õ¾¯¡A «D¤@¯ë¥æ¥IÃÄ«~,,,,,¬O,1.0,¦³,¬O,¬O,§_,³æ¤è,§_,¥i¥Î,¥i¥Î,¤£¥i¿i,¬O,,1.00,1.00,2.00,2.00,99,99,1,1,2.00,2.00,0,0,,µL¹Ï¤ù,,0,,0,,B05BA10,,,,,,,,,BAG,§_,°·«Oµ¹¥I,°·«Oµ¹¥I,4% AMINO ACIDS+DEXTROSE+ELECTROLYTE SOLUTION FOR INFUSION,B05BA10,BC20940209,§_,Liquid,IVSOL,,,,,1000.00,mL,¬Ò¥i,³æ¦¸¿éª`,PH034,202209281112,364.00,437.00
IOCI,20111001,99999999,¥i¥Î,Ocillina inj 500mg,Ocillina inj 500mg,Oxacillin,IVD,,QANB,AI-01-01,°w¾¯,VAL,Prostaphlin,«D²Õ®M,,,¤@¯ë¥i¥Î,¬O,¥i¥ÎÃÄ¥]¾÷,¥i¥Î,¤@¯ë,¤é¾¯¶q¶i¦ì,¾AÀ³¯g:²Óµß©Ê·P¬V,,Indication:Antibiotic for infection.,,¥~ Æ[:³z©ú¤p²~¡A ¶Â¦â²~»\,Appearance: Vial with black cap,µo¼ö¡A ¼é¬õ¡A ¸¡Âm¡A äú¤ß,Fever; rash; diarrhea¡A nausea,¤@¯ëÃþ§Ü¥Í¯À,¬Ò¥i¥Î,¼Ú¦èªL¶u°®¯»ª`®g¾¯,Ocillina inj 500mg,,,§_,¬O,,­Yµo¥ÍÄY­«¹L±Ó©Îµo¯lµ¥¤£¾A¯gª¬¡A À³§Y°±ÃÄ¨Ã½Ð±ÐÂå®v,,Report to doctor¡A if any severe hypersensitivity or skin rash occur.,,,,,¤@¯ë,ª`®g,Äµ »y: ­Yµo¥ÍÄY­«¹L±Ó©Îµo¯lµ¥¤£¾A¯gª¬¡AÀ³§Y°±ÃÄ¨Ã½Ð±ÐÂå®v,SA «÷­µ¬Û¦ü,,0,0,¬O,1.0,,§_,¬O,§_,³æ¤è,§_,¥i¥Î,¥i¥Î,¤£¥i¿i,¬O,,1.00,1.00,4.00,4.00,7,7,1,1,24.00,24.00,1.20,0.30,,¦³¹Ï¤ù,D/W,500.00,mg,0,25-100 mg/Kg/day,J01CF04,,,,,0.50,g,2.00,g,VIAL,,°·«Oµ¹¥I,°·«Oµ¹¥I,OXACILLIN,J01CF04,AC49000277,§_,Liquid,IVSOL,,,500.00,mg,,,¥²¶·µ}ÄÀ,³æ¦¸¿éª`,PH022,202004191136,25.00,33.00
IOCT,19960101,99999999,°±¥Î,Octagam Human 2.5gm/50mL,Octagam Human 2.5gm/50mL,Human Immunoglobulin,IV,,HIMM,IM-03-00,°w¾¯,VAL,IVIG,«D²Õ®M,°±¥Î,IIG3,¤@¯ë¥i¥Î,¬O,¤£¥i¥ÎÃÄ¥]¾÷,±ø¥ó¤Uµ¹¥I,¤@¯ë,Á`¶q¶i¦ì,¾AÀ³¯g:¬°¤HÃþ§K¬Ì²y³J¥Õ»s¾¯,,,,,(B),,,,,,Octagam Human 2.5gm/50mL,,,§_,¬O,,,,,,,,,¤@¯ë,ª`®g,Äµ »y:½Ð¸m©óÄá¤ó 2-8 «×¦B½cÁ×¥ú§NÂÃ«O¦s¡C,,,,,¬O,1.0,,§_,§_,§_,³æ¤è,§_,¥i¥Î,¥i¥Î,¤£¥i¿i,¬O,,1.00,1.00,999.00,999.00,999,999,1,1,0,0,0,0,,µL¹Ï¤ù,,0,,0,,,,,,,,,,,VAL,§_,°·«Oµ¹¥I,°·«Oµ¹¥I,IMMUNOGLOBULIN (IVIG),J06BA02,K000493214,§_,Liquid,IVSOL,,,,,,,¬Ò¥i,³æ¦¸¿éª`,PH008,201403201338,3575.00,4290.00
IOGI,20220315,99999999,¥i¥Î,Ogivri inj 440 mg (°·«O),Ogivri inj 440 mg (°·«O),Trastuzumab,IVD,,RACA,ON-09-02,°w¾¯,mg,Trastuzumab-¥Íª«¬Û¦ü©ÊÃÄ«~,«D²Õ®M,Á{±ÄÃÄ¡A½Ð³qª¾ÃÄ§½¥~ÁÊ,,¥»°|Á{±Ä²M³æ,¬O,¤£¥i¥ÎÃÄ¥]¾÷,±ø¥ó¤Uµ¹¥I,¤@¯ë,¤£¶i¦ì,¾AÀ³¯g:Àù¯g¼Ð¹vªvÀø¥ÎÃÄ,°t»s«á«O¦s´Á­­¡G24hrs(2-8¢XC)¡A­­½Õ»s·í¤é§¹¦¨µ¹ÃÄ,Indication: Target therapy for cancer.,,¥~ Æ[:¸Ë¦³¥Õ¦â­á´¹¤§¬Á¼þ¤p²~,Appearance: glass vial with white frozen crystal,µo¼ö¡A äú¤ß¡A ¹Ã¦R¡A ¿éª`¤ÏÀ³¡A ¸¡Âm,Fever¡A nausea¡A vomiting¡A infusion reactions¡A,,¬Ò¥i¥Î,Àù¦N²M­á´¹ª`®g¾¯440²@§J,Ogivri(°·«O),,,,¬O,,­Y¦³©I§l§xÃø¡A ÄY­«·w¯t¡A ¦åÀ£°¾§Cµ¥ÄY­«¤ÏÀ³¡A ½Ð¼È°±¨Ï¥Î,¥»ÃÄ»Ý§NÂÃ (2-8¢XC).,Inform doctor if experience trouble breathing¡A severe dizziness¡A low,blood pressure.Store in a refrigerator (2-8¢XC).,¤ßÅ¦¥\¯à¤£¥þ¯f±wÀ³ÂÔ·V¨Ï¥Î,Used carefully in patient with cardiac dysfunction.,2022.Q1ÃÄ©e³q¹LÁ{±Ä²M³æ¡A¤£¥i¶}¦Û¶O¡A¦Û¶O¥Î[IOGIS],¤ÆÀø,¤ÆÀø,­Y¦³©I§l§xÃø¡A ÄY­«·w¯t¡A ¦åÀ£°¾§Cµ¥ÄY­«¤ÏÀ³¡A ½Ð¼È°±¨Ï¥Î.¥»ÃÄ»Ý§NÂÃ (2-8¢XC).,,,20.0,-20.0,¬O,440.0,,§_,¬O,§_,³æ¤è,§_,°±¥Î,°±¥Î,¤£¥i¿i,§_,,1.00,1.00,700.00,700.00,3,3,1,1,700.00,700.00,0,0,,¦³¹Ï¤ù,,0,,0,,L01FD01,,,,,0,,0,,VIAL,¬O,°·«Oµ¹¥I,°·«Oµ¹¥I,TRASTUZUMAB,L01FD01,KC010892B5,§_,Liquid,IVSOL,,,440.00,mg,0,,¥²¶·µ}ÄÀ,³æ¦¸¿éª`,PH047,202305241659,29895.00,35874.00
IOGIS,20220321,99999999,¥i¥Î,Ogivri inj 440 mg (µ´¹ï¦Û¶O),Ogivri inj 440 mg (µ´¹ï¦Û¶O),Trastuzumab,IVD,,RACA,ON-09-02,°w¾¯,mg,Trastuzumab-¥Íª«¬Û¦ü©ÊÃÄ«~,«D²Õ®M,Á{±ÄÃÄ¡A½Ð³qª¾ÃÄ§½¥~ÁÊ,,¥»°|Á{±Ä²M³æ,¬O,¤£¥i¥ÎÃÄ¥]¾÷,°·«O¤£µ¹¥I,¤@¯ë,Á`¶q¶i¦ì,¾AÀ³¯g:Àù¯g¼Ð¹vªvÀø¥ÎÃÄ,°t»s«á«O¦s´Á­­¡G24hrs(2-8¢XC)¡A­­½Õ»s·í¤é§¹¦¨µ¹ÃÄ,Indication: Target therapy for cancer.,,¥~ Æ[:¸Ë¦³¥Õ¦â­á´¹¤§¬Á¼þ¤p²~,Appearance: glass vial with white frozen crystal,µo¼ö¡A äú¤ß¡A ¹Ã¦R¡A ¿éª`¤ÏÀ³¡A ¸¡Âm,Fever¡A nausea¡A vomiting¡A infusion reactions¡A,,¬Ò¥i¥Î,Àù¦N²M­á´¹ª`®g¾¯440²@§J,Ogivri (¦Û¶O),,,,¬O,,­Y¦³©I§l§xÃø¡A ÄY­«·w¯t¡A ¦åÀ£°¾§Cµ¥ÄY­«¤ÏÀ³¡A ½Ð¼È°±¨Ï¥Î,¥»ÃÄ»Ý§NÂÃ (2-8¢XC).,Inform doctor if experience trouble breathing¡A severe dizziness¡A low,blood pressure.Store in a refrigerator (2-8¢XC).,¤ßÅ¦¥\¯à¤£¥þ¯f±wÀ³ÂÔ·V¨Ï¥Î,Used carefully in patient with cardiac dysfunction.,2022.Q1ÃÄ©e³q¹LÁ{±Ä²M³æ,¤ÆÀø,¤ÆÀø,­Y¦³©I§l§xÃø¡A ÄY­«·w¯t¡A ¦åÀ£°¾§Cµ¥ÄY­«¤ÏÀ³¡A ½Ð¼È°±¨Ï¥Î.¥»ÃÄ»Ý§NÂÃ (2-8¢XC).,,,0,0,¬O,440.0,,§_,¬O,§_,³æ¤è,§_,°±¥Î,°±¥Î,¤£¥i¿i,§_,,1.00,1.00,700.00,700.00,3,3,1,1,700.00,700.00,0,0,,¦³¹Ï¤ù,,0,,0,,L01FD01,,,,,0,,0,,VIAL,§_,¤£µ¹¥I¶·¦Û¥I,¤£µ¹¥I¶·¦Û¥I,,,,,Liquid,IVSOL,,,440.00,mg,0,,¥²¶·µ}ÄÀ,³æ¦¸¿éª`,PH047,202305241659,0,35874.00
IOGIS0,20220410,99999999,¥i¥Î,Ogivri inj 440 mg (®¦·O±M®×) (Sample),Ogivri inj 440 mg (®¦·O±M®×) (Sample),Trastuzumab,IVD,,RACA,ON-09-02,°w¾¯,mg,Trastuzumab-¥Íª«¬Û¦ü©ÊÃÄ«~,«D²Õ®M,Á{±ÄÃÄ¡A½Ð³qª¾ÃÄ§½¥~ÁÊ,,¥»°|Á{±Ä²M³æ,¬O,¤£¥i¥ÎÃÄ¥]¾÷,°·«O¤£µ¹¥I,¤@¯ë,Á`¶q¶i¦ì,¾AÀ³¯g:Àù¯g¼Ð¹vªvÀø¥ÎÃÄ,°t»s«á«O¦s´Á­­¡G24hrs(2-8¢XC)¡A­­½Õ»s·í¤é§¹¦¨µ¹ÃÄ,Indication: Target therapy for cancer.,,¥~ Æ[:¸Ë¦³¥Õ¦â­á´¹¤§¬Á¼þ¤p²~,Appearance: glass vial with white frozen crystal,µo¼ö¡A äú¤ß¡A ¹Ã¦R¡A ¿éª`¤ÏÀ³¡A ¸¡Âm,Fever¡A nausea¡A vomiting¡A infusion reactions¡A,,¬Ò¥i¥Î,Àù¦N²M­á´¹ª`®g¾¯440²@§J,Ogivri (®¦·O±M®×),,,,¬O,,­Y¦³©I§l§xÃø¡A ÄY­«·w¯t¡A ¦åÀ£°¾§Cµ¥ÄY­«¤ÏÀ³¡A ½Ð¼È°±¨Ï¥Î,¥»ÃÄ»Ý§NÂÃ (2-8¢XC).,Inform doctor if experience trouble breathing¡A severe dizziness¡A low,blood pressure.Store in a refrigerator (2-8¢XC).,¤ßÅ¦¥\¯à¤£¥þ¯f±wÀ³ÂÔ·V¨Ï¥Î,Used carefully in patient with cardiac dysfunction.,[Rx_x][ÃØÃÄ³B¤è¶°¤£Åã¥Ü¡A2022.04·s¼W¡A[IOGIS]ªºÃØÃÄ,¤ÆÀø,¤ÆÀø,­Y¦³©I§l§xÃø¡A ÄY­«·w¯t¡A ¦åÀ£°¾§Cµ¥ÄY­«¤ÏÀ³¡A ½Ð¼È°±¨Ï¥Î.¥»ÃÄ»Ý§NÂÃ (2-8¢XC).,,,0,0,¬O,440.0,,§_,¬O,§_,³æ¤è,§_,°±¥Î,°±¥Î,¤£¥i¿i,§_,,1.00,1.00,700.00,700.00,3,3,1,1,700.00,700.00,0,0,,¦³¹Ï¤ù,,0,,0,,L01FD01,,,,,0,,0,,VIAL,,°·«O¤£¥Ó³ø¤£­p»ù,°·«O¤£¥Ó³ø¤£­p»ù,,,,§_,,,,,440.00,mg,0,,¥²¶·µ}ÄÀ,³æ¦¸¿éª`,PH047,202305241700,0,0
IOKM,20220523,99999999,¥i¥Î,OKmilon inj 0.25mg/5mL,OKmilon inj 0.25mg/5mL,Palonosetron,IVD,STAT,CNEU,CN-03-08,°w¾¯,AMP,Aloxi,«D²Õ®M,,,¤@¯ë¥i¥Î,¬O,¥i¥ÎÃÄ¥]¾÷,¥i¥Î,¤@¯ë,¦¸­p¶q¶i¦ì,¾AÀ³¯g:¹w¨¾¤ÆÀø¤Þ°_ªºäú¤ß¹Ã¦R,,Indication:Chemotherapy-induced nausea/vomiting(Prevention),,¥~ Æ[:5²@¤É¹w¥R¦¡¶ì½¦ª`®g°wµ©,Appearance:5mL prefilled syringe,ÀYµh¡A«K¯µ¡A¤ß±ª¡A¤ß¸õ®}½w,Headache¡A constipation¡A tachycardia¡A bradyarrhythmia,,¬Ò¥i¥Î,¹Ã§J®Ôª`®g¾¯,OKmilon inj 0.25mg/5mL,,,,¬O,,§ë»P¥»ÃÄ«e»P«á§¡»Ý¥H¥Í²z­¹ÆQ¤ô¨R¬~¿éª`ºÞ½u,,Flush IV line with 0.9% Sodium Chloride prior to and following administration.,,¦¨¤H:¦b¶}©l¤ÆÀø«e30¤ÀÄÁµ¹ÃÄ¡AÀR¯ßª`®g»Ý¶W¹L30¬í¡C,Infuse over 30 seconds¡A beginning ~30 minutes prior to the start of chemotherapy,2022.05 [IALO]¯Ê³f´À¥N¡A2022.06ÃÄ©e·|·s¶i,¤@¯ë,¤@¯ë,§ë»P¥»ÃÄ«e»P«á§¡»Ý¥H¥Í²z­¹ÆQ¤ô¨R¬~¿éª`ºÞ½u,,,0,0,§_,1.0,,§_,¬O,§_,³æ¤è,,°±¥Î,°±¥Î,¤£¥i¿i,¬O,,1.00,1.00,1.00,1.00,3,3,1,1,1.00,1.00,0,0,,¦³¹Ï¤ù,,0,,0,,A04AA05,,,,,0,,0,,AMP,§_,°·«Oµ¹¥I,°·«Oµ¹¥I,PALONOSETRON,A04AA05,AC60155221,,Liquid,IVSOL,,,0.25,mg,5.00,mL,¥²¶·µ}ÄÀ,³æ¦¸¿éª`,PH047,202311151415,536.00,643.00
IOLA5,20130619,99999999,°±¥Î,Olatin I.V. inj 50mg/10mL,Olatin I.V. inj 50mg/10mL,Oxaliplatin,IVD,,RACA,ON-01-02,°w¾¯,mg,Oxalip,«D²Õ®M,°±¥Î,IORE,¤@¯ë¥i¥Î,¬O,¤£¥i¥ÎÃÄ¥]¾÷,±ø¥ó¤Uµ¹¥I,¤@¯ë,Á`¶q¶i¦ì,¾AÀ³¯g:§Ü¸~½FÃÄ,,Indication:Cancer therapy.,,¥~ Æ[:10m³z©ú¤p²~,Appearance: 10mL colorless vial,µo¿N¡A ¯h­Â¡A µL¤O¡A ¯kµh,Fever¡A fatigue¡A weakness¡A pain.,,¥u¥Î©óªù¶E¤Î¦í°|STAT,Àu¹`§ÊÀR¯ßª`®g²G5²@§J/²@¤É,Olatin,,,§_,¬O,,¥»«~¬°­«¯gªvÀøÃÄ¡A ½Ð¨Ì·ÓÂå®v«ü¥Ü¨Ï¥Î,,Take this medicine exactly as your doctor ordered.,,,,,¤ÆÀø,¤ÆÀø,Äµ »y:¥»«~¬°­«¯gªvÀøÃÄª«¡A½Ð¨Ì·ÓÂå®v«ü¥Ü¨Ï¥Î¡C,Äµ °ªÄµ°T,,0,0,§_,50.0,,§_,¬O,§_,³æ¤è,§_,°±¥Î,°±¥Î,¤£¥i¿i,¬O,,1.00,1.00,260.00,260.00,1,1,1,1,260.00,260.00,0,0,,¦³¹Ï¤ù,,0,,0,,L01XA03,,,,,,,,,VIAL,,°·«Oµ¹¥I,°·«Oµ¹¥I,OXALIPLATIN,L01XA03,AC48561229,§_,Liquid,IVSOL,,,50.00,mg,10.00,mL,¥²¶·µ}ÄÀ,³æ¦¸¿éª`,PH032,202109091808,1635.00,1962.00
IOLI2,20071125,99999999,°±¥Î,Oliclinomel N7-1000E 1500mL,Oliclinomel N7-1000E 1500mL,TPN Solution,IVD,ST,NUTR,NU-04-05,°w¾¯,ML,Oliclinomel,«D²Õ®M,°±¥Î,,¤w°±¥Î,¬O,¤£¥i¥ÎÃÄ¥]¾÷,¥i¥Î,¦C¦L¦í°|ÃÄÅÒ,Á`¶q¶i¦ì,¾AÀ³¯g: ÀR¯ßÀç¾i¸É¥R,,,,¥~ Æ[:1500 ml ³n³U¸Ë¿éª`²G,,,,,¥u¥Î©ó¦í°|,¼Ú§Q§J¿Õ¬ü,Oliclinomel N7-1000E 1500mL,,,§_,¬O,,,,,,,,,TPN,ª`®g,Äµ »y: ½Ð¿íÂå®v«ü¥Ü«ö®É¥ÎÃÄ¡A¤Å¦Û¦æ§ïÅÜ¾¯¶q¡B¥Îªk©Î¥ô·N°±ÃÄ¡C,,,,,§_,1500.0,,§_,§_,§_,½Æ¤è,§_,¥i¥Î,¥i¥Î,¤£¥i¿i,¬O,,1.00,1500.00,1.00,3000.00,1,7,1,1,0,0,0,0,,µL¹Ï¤ù,,0,,0,,,,,,,,,,,BAG,,°·«Oµ¹¥I,°·«Oµ¹¥I,>=4%Èþ<5%Amino Acids +Carbohydrate +Lipid emulsion solution for infusion,B05BA10,B024270212,§_,Liquid,IVSOL,,,,,,,¬Ò¥i,³æ¦¸¿éª`,PH008,201403201338,2173.00,2173.00
IOLI3,20130320,99999999,¥i¥Î,Oliclinomel N4-550E Emulsion 1500mL,Oliclinomel N4-550E Emulsion 1500mL,Amino Acid + Glucose + Lipid,IVD,QD,NUTR,NU-04-05,°w¾¯,ML,Oliclinomel,«D²Õ®M,,,¤@¯ë¥i¥Î,¬O,¥i¥ÎÃÄ¥]¾÷,±ø¥ó¤Uµ¹¥I,¤£¦LÃÄÅÒ,¦¸­p¶q¶i¦ì,¾AÀ³¯g:¾A©ó¦¨¤H¤Î¤G·³¥H¤W«Äµ£¦bµLªk©Î¦]¦³¸T§Ò¯g¦Ó¤£¾A©y¶i­¹,©Î¨Ï¥Î¤fªA¸z¹DÀç¾i¾¯®É¤§ÀR¯ßÀç¾i¡C,Indication:Parenteral nutrition for adult and children above,2 years of age¡A when oral or enteral nutrition is contraindicated,¥~ Æ[:¨C¥]1500mL ³n³U (¤TÁp³U),Appearance: A 3-compartment bag (total volume:1500 mL),¹L±Ó¤ÏÀ³¡B°ª·Å¡Bµs¦½¡B¾_Å¸¡Bäú¤ß¡BÀYµh¡B©I§l§xÃø,allergic reaction¡A hyperhermia¡A sweating¡A tremor¡A nausea¡A headache¡A dyspnea,,¥u¥Î©óªù¶E¤Î¦í°|STAT,¼Ú¿Õ¬ü N4-550E ¿éª`¨Å²G,Oliclinomel N4-550E Emulsion,,,§_,¬O,,ÃÄ§½½Õ¾¯¡A «D¤@¯ë¥æ¥IÃÄ«~,,For TPN formulation use only.,,,,ÃÄ§½TPN½Õ¾¯¡A «D¤@¯ë¥æ¥IÃÄ«~,TPN,¤@¯ë,Äµ »y:ÃÄ§½½Õ¾¯¡A «D¤@¯ë¥æ¥IÃÄ«~,,,0,0,§_,1500.0,¦³,¬O,¬O,¬O,½Æ¤è,§_,°±¥Î,¥i¥Î,¤£¥i¿i,¬O,,1.00,1.00,1500.00,1500.00,14,14,1,1,1500.00,1500.00,0,0,,µL¹Ï¤ù,,0,,0,,B05BA01,B05BB01,B05XA14,B05BA03,B05BA02,,,,,BAG,,°·«Oµ¹¥I,°·«Oµ¹¥I,<3%Amino Acids +Carbohydrate +Lipid emulsion solution for infusion,B05BA10,BC24679210,§_,Liquid,IVSOL,,,,,1500.00,mL,¬Ò¥i,³æ¦¸¿éª`,PH047,201806241028,550.00,660.00
IOMN1,20120808,99999999,¥i¥Î,Omnipaque 350mg I/mL¡A 100mL,Omnipaque 350mg I/mL¡A 100mL,Iohexol + Tromethamine,IV,STAT,SCAN,VS-01-01,°w¾¯,VAL,,«D²Õ®M,,,¤@¯ë¥i¥Î,¬O,¤£¥i¥ÎÃÄ¥]¾÷,¤º§t,¤£¦LÃÄÅÒ,Á`¶q¶i¦ì,¾AÀ³¯g:¦åºÞ³y¼v¡A ¹q¸£Â_¼h±½´y¼W±j³y¼v¾¯,ªc§¿¹D³y¼v,Indication:Contrast agents.,,¥~ Æ[:100mL³z©ú¤p²~,Appearance:100mL bottle.,¥þ¨­·Å¼ö·P¡A¸¡Âm¡Aäú¤ß,Burning sensation¡A diarrhea¡A nausea,,¥u¥Î©óªù¶E¤Î¦í°|STAT,¦w§A©ç§Jª`®g¾¯,Omnipaque 350mg I/mL¡A 100mL,,,§_,¬O,,½Ð¿í·ÓÂå®v«ü¥Ü¨Ï¥Î¡A ­Yµo¥ÍºÃ¦üÃÄª«¤£¨}¤ÏÀ³½Ð§iª¾Âå¥Í,,Follow doctor's advice. Check with doctor if you notice any side effects.,,À³µû¦ôµÇ¥\¯à¡A¨Ã°±¥ÎMeformin¦Ü¤Ö48¤p®É,Assessment of renal function is necessary¡A Metformin deactivated at least 48 hr,,¤@¯ë,ª`®g,Äµ »y:½Ð¿í·ÓÂå®v«ü¥Ü¨Ï¥Î¡A­Yµo¥ÍºÃ¦üÃÄª«¤£¨}¤ÏÀ³½Ð§iª¾Âå¥Í¡C,Äµ °ªÄµ°T,,0,0,§_,1.0,,§_,§_,¬O,½Æ¤è,§_,°±¥Î,°±¥Î,¤£¥i¿i,§_,µL,1.00,1.00,2.00,2.00,1,1,1,1,2.00,2.00,0,0,,¦³¹Ï¤ù,,0,,0,,V08AB02,,,,,,,,,VIAL,,°·«O¤£¥Ó³ø¤£­p»ù,°·«O¤£¥Ó³ø¤£­p»ù,,,,§_,Liquid,IVSOL,,,35.00,GM,100.00,mL,¬Ò¥i,³æ¦¸¿éª`,PH014,202204130810,0,1020.00
IOMN2,20120808,99999999,¥i¥Î,Omnipaque 350mg I/mL¡A 200mL,Omnipaque 350mg I/mL¡A 200mL,Iohexol + Tromethamine,IV,STAT,SCAN,VS-01-01,°w¾¯,VAL,,«D²Õ®M,,,¤@¯ë¥i¥Î,¬O,¤£¥i¥ÎÃÄ¥]¾÷,¤º§t,¤£¦LÃÄÅÒ,Á`¶q¶i¦ì,¾AÀ³¯g:¦åºÞ³y¼v¡A ¹q¸£Â_¼h±½´y¼W±j³y¼v¾¯,ªc§¿¹D³y¼v,Indication:Contrast agents.,,¥~ Æ[:200mL³z©ú¤p²~,Appearance:200mL bottle.,¥þ¨­·Å¼ö·P¡A ¼È®É©Êª÷ÄÝ¨ý¹D¡A ¸¡³¡¤£¾A,Warm feeling¡A nausea¡A dysgeusia.,,¥u¥Î©óªù¶E¤Î¦í°|STAT,¦w§A©ç§Jª`®g¾¯,Omnipaque 350mg I/mL¡A 200mL,,,§_,¬O,,½Ð¿í·ÓÂå®v«ü¥Ü¨Ï¥Î¡A ­Yµo¥ÍºÃ¦üÃÄª«¤£¨}¤ÏÀ³½Ð§iª¾Âå¥Í,,Follow doctor's advice. Check with doctor if you notice any side effects.,,À³µû¦ôµÇ¥\¯à¡A¨Ã°±¥ÎMeformin¦Ü¤Ö48¤p®É,Assessment of renal function is necessary¡A Metformin deactivated at least 48 hr,,¤@¯ë,ª`®g,Äµ »y:½Ð¿í·ÓÂå®v«ü¥Ü¨Ï¥Î¡A­Yµo¥ÍºÃ¦üÃÄª«¤£¨}¤ÏÀ³½Ð§iª¾Âå¥Í¡C,Äµ °ªÄµ°T,,0,0,§_,1.0,,§_,¬O,¬O,½Æ¤è,§_,°±¥Î,°±¥Î,¤£¥i¿i,§_,µL,1.00,1.00,1.00,1.00,1,1,1,1,1.00,1.00,0,0,,¦³¹Ï¤ù,,0,,0,,V08AB02,,,,,,,,,VIAL,,°·«O¤£¥Ó³ø¤£­p»ù,°·«O¤£¥Ó³ø¤£­p»ù,,,,§_,Liquid,IVSOL,,,70.00,GM,200.00,mL,¬Ò¥i,³æ¦¸¿éª`,PH034,202101261507,0,1980.00
IOMN5,20120808,99999999,¥i¥Î,Omnipaque 350mg I/mL¡A 50mL,Omnipaque 350mg I/mL¡A 50mL,Iohexol + Tromethamine,IV,STAT,SCAN,VS-01-01,°w¾¯,VAL,,«D²Õ®M,,,¤@¯ë¥i¥Î,¬O,¤£¥i¥ÎÃÄ¥]¾÷,¤º§t,¤@¯ë,Á`¶q¶i¦ì,¾AÀ³¯g:¦åºÞ³y¼v¡A ¹q¸£Â_¼h±½´y¼W±j³y¼v¾¯,ªc§¿¹D³y¼v,Indication:Contrast agents.,,¥~ Æ[:50mL³z©ú¤p²~,Appearance:50mL bottle.,¥þ¨­·Å¼ö·P¡A ¼È®É©Êª÷ÄÝ¨ý¹D¡A ¸¡³¡¤£¾A,Injection site reactions (discomfort/pain/warmth),,¥u¥Î©óªù¶E¤Î¦í°|STAT,¦w§A©ç§Jª`®g¾¯,Omnipaque 350mg I/mL¡A 50mL,,,§_,¬O,,½Ð¿í·ÓÂå®v«ü¥Ü¨Ï¥Î¡A ­Yµo¥ÍºÃ¦üÃÄª«¤£¨}¤ÏÀ³½Ð§iª¾Âå¥Í,,Follow doctor's advice. Check with doctor if you notice any side effects.,,À³µû¦ôµÇ¥\¯à¡A¨Ã°±¥ÎMeformin¦Ü¤Ö48¤p®É,Assessment of renal function is necessary¡A Metformin deactivated at least 48 hr,,¤@¯ë,ª`®g,Äµ »y:½Ð¿í·ÓÂå®v«ü¥Ü¨Ï¥Î¡A­Yµo¥ÍºÃ¦üÃÄª«¤£¨}¤ÏÀ³½Ð§iª¾Âå¥Í¡C,Äµ °ªÄµ°T,,0,0,§_,1.0,,§_,¬O,§_,³æ¤è,§_,°±¥Î,°±¥Î,¤£¥i¿i,§_,µL,1.00,1.00,4.00,4.00,1,1,1,1,4.00,4.00,0,0,,¦³¹Ï¤ù,,0,,0,,V08AB02,,,,,,,,,VIAL,,°·«O¤£¥Ó³ø¤£­p»ù,°·«O¤£¥Ó³ø¤£­p»ù,,,,§_,Liquid,IVSOL,,,17.50,GM,50.00,mL,¬Ò¥i,³æ¦¸¿éª`,PH014,202204121328,0,540.00
IOMNI,20120808,99999999,¥i¥Î,OmniSCAN inj 0.5 mmol/mL¡A 20mL,OmniSCAN inj 0.5 mmol/mL¡A 20mL,Gadodiamide + Caldiamide,IV,STAT,SCAN,VS-01-03,°w¾¯,VAL,,«D²Õ®M,°±¥Î¡A¥i¬dÃþ¦üÃÄ,,¤@¯ë¥i¥Î,¬O,¤£¥i¥ÎÃÄ¥]¾÷,¤º§t,¤£¦LÃÄÅÒ,Á`¶q¶i¦ì,¾AÀ³¯g:¸£¯áÅèºÏ®¶Åã¼v¤Î¥þ¨­ºÏ®¶Åã¼v,,Indication:Imaging agents.,,¥~ Æ[:20mL³z©ú¤p²~,Appearance:20mL bottle.,ÀY·w¡AÀYµh¡Aäú¤ß,Dizziness¡A headache¡A nausea,,¥u¥Î©óªù¶E¤Î¦í°|STAT,¼Ú©`µø¬Ýª`®g¾¯,Omniscan Inj 0.5 mmol/mL¡A 20,,,§_,¬O,,½Ð¿í·ÓÂå®v«ü¥Ü¨Ï¥Î¡A ­Yµo¥ÍºÃ¦üÃÄª«¤£¨}¤ÏÀ³½Ð§iª¾Âå¥Í,,Follow doctor's advice. Check with doctor if you notice any side effects.,,,,,¤@¯ë,ª`®g,Äµ »y:½Ð¿í·ÓÂå®v«ü¥Ü¨Ï¥Î¡A­Yµo¥ÍºÃ¦üÃÄª«¤£¨}¤ÏÀ³½Ð§iª¾Âå¥Í¡C,Äµ °ªÄµ°T,,0,0,§_,1.0,,§_,¬O,¬O,½Æ¤è,§_,°±¥Î,°±¥Î,¤£¥i¿i,§_,µL,1.00,1.00,5.00,5.00,1,1,1,1,5.00,5.00,0,0,,¦³¹Ï¤ù,,0,,0,,V08CA03,,,,,,,,,VIAL,§_,°·«O¤£¥Ó³ø¤£­p»ù,°·«O¤£¥Ó³ø¤£­p»ù,,,,§_,Liquid,IVSOL,,,10.00,mmol,20.00,mL,¬Ò¥i,³æ¦¸¿éª`,PH047,202402150651,0,1638.00
IONC,20040501,99999999,°±¥Î,Oncovin inj 1mg,Oncovin inj 1mg,Vincristine,IV,,RACA,ON-04-02,°w¾¯,mg,,«D²Õ®M,°±¥Î,IVIN1,¤w°±¥Î,¬O,¤£¥i¥ÎÃÄ¥]¾÷,,¤@¯ë,Á`¶q¶i¦ì,¾AÀ³¯g:¬°§Ü¸~½FÃÄ,,Indication: cancer therapy.,,,,,,,,,Oncovin inj 1mg,,,§_,¬O,,,,,,,,,¤ÆÀø,¤ÆÀø,Äµ »y: ½Ð¿íÂå®v«ü¥Ü«ö®É¥ÎÃÄ¡A¤Å¦Û¦æ§ïÅÜ¾¯¶q¡B¥Îªk©Î¥ô·N°±ÃÄ¡C,Äµ °ªÄµ°T,,,,§_,1.0,,§_,§_,§_,³æ¤è,§_,¥i¥Î,¥i¥Î,¤£¥i¿i,¬O,,1.00,1.00,4.00,4.00,1,1,1,1,0,0,0,0,,µL¹Ï¤ù,,0,,0,,L01CA02,,,,,,,,,VAL,§_,°·«Oµ¹¥I,°·«Oµ¹¥I,VINCRISTINE,L01CA02,B015804209,§_,Liquid,IVSOL,,,,,,,¬Ò¥i,³æ¦¸¿éª`,PH032,202303261601,662.00,794.00
IONC5,20130601,99999999,°±¥Î,OncoTICE 2-8¡Ñ10^8 CFU (±M®×¶i¤f),OncoTICE 2-8¡Ñ10^8 CFU (±M®×¶i¤f),BCG Immunotherapeutic,IRR,STAT,RACA,ON-06-00,°w¾¯,VAL,BCG »H¯ÖÄéª`,«D²Õ®M,°±¥Î,IBCGSII,±M®×¶i¤fÃÄ«~,¬O,¤£¥i¥ÎÃÄ¥]¾÷,¥i¥Î,¤@¯ë,Á`¶q¶i¦ì,¾AÀ³¯g:ªvÀø¤Î¹w¨¾»H¯ÖÀù,,Indication:Treatment & prophylaxis of bladder cancer.,,¥~ Æ[:³z©ú¤p²~(Vial)¡Aµµ¦â¥~»\,Appearance:Vial with purple cap,»H¯Öµoª¢¤ÏÀ³¡A ¼È®É©Êµo¿N¡A ¦å§¿,Inflammatory response in the bladder¡A transient fever¡A hematuria,,¥u¥Î©óªù¶E¤Î¦í°|STAT,OncoTICE »H¯Ö¥Î²G¾¯(±M®×¶i¤f),OncoTICE 2-8¡Ñ10^8 CFU (±M®×¶i¤f),,,§_,¬O,,¥»«~§t¬¡©Ê¤À¤ä±ìµß¡A ¾¹§÷¶·¥H¶Ç¬Vª«³B²z¤è¦¡»s³Æ¤Î±ó¸m,,,,³Æµù:¶J©ñ®É»Ý¸m©ó¦B½c§NÂÃ(Äá¤ó 2-8 «×),Store in a refrigerator (2-8¢XC).,,¤@¯ë,ª`®g,Äµ »y:¥»«~§t¬¡©Ê¤À¤ä±ìµß¡A¾¹§÷¶·¥H¶Ç¬Vª«³B²z¤è¦¡»s³Æ¤Î±ó¸m,,,0,0,¬O,1.0,,¬O,¬O,§_,³æ¤è,§_,°±¥Î,¥i¥Î,¤£¥i¿i,¬O,,1.00,1.00,1.00,1.00,14,14,1,1,1.00,1.00,0,0,,¦³¹Ï¤ù,,0,,0,,L03AX03,,,,,,,,,VIAL,,°·«Oµ¹¥I,°·«Oµ¹¥I,Bacillus Calmette-Guerin,L03AX03,X000116248,§_,Liquid,SOL,,,,,,,¬Ò¥i,³æ¦¸¿éª`,PH006,202207311043,4552.00,5462.00
IOPD,20210409,99999999,¥i¥Î,Opdivo inj 100mg/10mL,Opdivo inj 100mg/10mL,Nivolumab,IVD,,RACA,ON-09-05,°w¾¯,mg,Opdivo,«D²Õ®M,Á{±ÄÃÄ¡A½Ð³qª¾ÃÄ§½¥~ÁÊ,,­Ó®×Á{±Ä,¬O,¤£¥i¥ÎÃÄ¥]¾÷,±ø¥ó¤Uµ¹¥I,¤@¯ë,Á`¶q¶i¦ì,¾AÀ³¯g:Àù¯g¥ÎÃÄ,°t»s«á«O¦s´Á­­¡G8hrs(25¢XC)¡A24hrs(2-8¢XC)¡A½Õ»s®É¶¡¡G,Indication:Cancer therapy.,,¥~ Æ[:³æ¦¸¨Ï¥Î¤p²~(Vial),Appearance:single-use vial,©I§l¹D·P¬V¡A¥Ö¯l¡Aª`®g³¡¦ì¤ÏÀ³,Respiratory tract infections¡A skin rashes¡A injection site reactions,,¬Ò¥i¥Î,«O¯e¥ñ,Opdivo,,,,¬O,,­Y¦³©I§l§xÃø¡A ÄY­«·w¯t¡A ¦åÀ£°¾§Cµ¥ÄY­«¤ÏÀ³¡A ½Ð¼È°±¨Ï¥Î,,Inform doctor if experience trouble breathing¡A severe dizziness¡A low,blood pressure.,½Ð¸m©óÄá¤ó 2-8 «×¦B½c§NÂÃ,Store in a refrigerator (2-8¢XC).,2021.04­Ó®×Á{±Ä,¤ÆÀø,¤ÆÀø,Äµ »y:­Y¦³©I§l§xÃø¡BÄY­«·w¯t¡B¦åÀ£°¾§Cµ¥ÄY­«¤ÏÀ³¡A½Ð¼È°±¨Ï¥Î,,,0,0,¬O,100.0,,§_,¬O,§_,³æ¤è,§_,°±¥Î,°±¥Î,¤£¥i¿i,§_,,1.00,1.00,300.00,300.00,1,1,1,1,300.00,300.00,0,0,,¦³¹Ï¤ù,,0,,0,,L01FF01,,,,,0,,0,,VIAL,¬O,°·«Oµ¹¥I,°·«Oµ¹¥I,NIVOLUMAB,L01FF01,KC01013229,§_,Liquid,IVSOL,,,100.00,mg,10.00,mL,¥²¶·µ}ÄÀ,³æ¦¸¿éª`,PH032,202303261046,40318.00,48382.00
IOPT,20180315,99999999,°±¥Î,Optiray 350 inj 74% 100mL,Optiray 350 inj 74% 100mL,Ioversol,,STAT,ZOTH,VS-01-01,°w¾¯,BOT,Optiray,«D²Õ®M,°±¥Î,,¤@¯ë¥i¥Î,¬O,¥i¥ÎÃÄ¥]¾÷,°·«O¤£µ¹¥I,¤£¦LÃÄÅÒ,Á`¶q¶i¦ì,¾AÀ³¯g:¦åºÞ³y¼v¡A¹q¸£Â_¼h±½´y¼W±j³y¼v¾¯,,Indication:Contrast agents.,,¥~ Æ[:100mL³z©ú¤p²~,Appearance:100mL bottle.,§C¦åÀ£¡Aäú¤ß¡A¹Ã¦R¡AÀYµh¡A³ïÀY¤ô¸~¡Aæ±Äo,Hypotension¡A nausea¡A vomiting¡A headache¡A laryngeal edema¡A pruritus,,¥u¥Î©óªù¶E¤Î¦í°|STAT,¥[®³¤j ¼Ú±o§Q350³y¼v¾¯,Optiray 350 inj 74% 100mL,,,,¬O,,½Ð¿í·ÓÂå®v«ü¥Ü¨Ï¥Î¡A ­Yµo¥ÍºÃ¦üÃÄª«¤£¨}¤ÏÀ³½Ð§iª¾Âå¥Í,,Follow doctor's advice. Check with doctor if you notice any side effects.,,¨Ï¥ÎÅã¼v¾¯«e«áÀ³¾A·í¸É¥R¤ô¤À¡C,Ensure adequate hydration before and after using Optiray.,2018.03ÃÄ©e·s¶i¡A2022.06ÃÄ©e·|§R°£,¤@¯ë,ª`®g,Äµ »y:½Ð¿í·ÓÂå®v«ü¥Ü¨Ï¥Î¡A­Yµo¥ÍºÃ¦üÃÄª«¤£¨}¤ÏÀ³½Ð§iª¾Âå¥Í¡C,Äµ °ªÄµ°T,,0,0,§_,1.0,,§_,¬O,¬O,³æ¤è,,°±¥Î,,¤£¥i¿i,§_,µL,1.00,1.00,1.00,1.00,1,1,1,1,1.00,1.00,0,0,,¦³¹Ï¤ù,,0,,0,,V08AB07,,,,,0,,0,,BOT,,°·«O¤£¥Ó³ø¤£­p»ù,°·«O¤£¥Ó³ø¤£­p»ù,,,,§_,Liquid,IVSOL,,,35.00,GM,100.00,mL,¤£»Ýµ}ÄÀ,³æ¦¸¿éª`,PH072,202301021705,0,1020.00
IORA,19960101,99999999,°±¥Î,Oradexon inj 5mg/1mL,Oradexon inj 5mg/1mL,Dexamethasone,IV,,HM,HR-01-00,°w¾¯,VAL,Decadron,«D²Õ®M,°±¥Î,IDEXA,¤@¯ë¥i¥Î,¬O,¥i¥ÎÃÄ¥]¾÷,,¤@¯ë,Á`¶q¶i¦ì,¾AÀ³¯g:Ãö¸`ª¢¡B¹L±Ó©Ê¯e¯fµ¥,,,,¥~ Æ[:³z©ú¤p²~(VAIL)¡A¥Õ¦â¥~¶K¯È¡A¥Õ¦â¥~»\,,,,,,¼Ú¼Ö±o²n,Oradexon inj 5mg/1mL,,,§_,¬O,,,,,,,,,¤@¯ë,ª`®g,Äµ »y:°£Âå®v«ü¥Ü¥~¡A½Ð¤Åªø´Á©Î±K¶°¦a«ùÄò¨Ï¥Î,,,,,¬O,1.0,,§_,§_,§_,³æ¤è,§_,¥i¥Î,¥i¥Î,¤£¥i¿i,¬O,,1.00,1.00,8.00,8.00,99,99,1,1,8.00,8.00,0,0,,µL¹Ï¤ù,,0,,0,,H02AB02,,,,,,,,,VAL,§_,°·«Oµ¹¥I,°·«Oµ¹¥I,DEXAMETHASONE,H02AB02,B015465209,§_,Liquid,IVSOL,,,,,,,¬Ò¥i,³æ¦¸¿éª`,PH032,201605251119,43.00,54.00
IORE,20180315,99999999,¥i¥Î,Orectalip inj 50mg/10mL,Orectalip inj 50mg/10mL,Oxaliplatin,IVD,STAT,RACA,ON-01-02,°w¾¯,mg,Oxalip,«D²Õ®M,°±¥Î,IOXA,¤@¯ë¥i¥Î,¬O,¥i¥ÎÃÄ¥]¾÷,±ø¥ó¤Uµ¹¥I,¤@¯ë,Á`¶q¶i¦ì,¾AÀ³¯g:§Ü¸~½FÃÄ,°t»s«á«O¦s´Á­­¡G24hrs(25¢XC)¡A­­½Õ»s·í¤é§¹¦¨µ¹ÃÄ,Indication:Cancer therapy.,,¥~ Æ[:10mL³z©ú¤p²~,Appearance: 10mL colorless vial,µo¿N¡A ¯h­Â¡A µL¤O¡A ¯kµh,Fever¡A fatigue¡A weakness¡A pain.,,¥u¥Î©óªù¶E¤Î¦í°|STAT,§ö·ç¹`ÀR¯ßª`®g²G5²@§J/²@¤É,¡I¡IOrectalip,,,,¬O,,¥»«~¬°­«¯gªvÀøÃÄ¡A ½Ð¨Ì·ÓÂå®v«ü¥Ü¨Ï¥Î,,Take this medicine exactly as your doctor ordered.,,,,,¤ÆÀø,¤ÆÀø,Äµ »y:¥»«~¬°­«¯gªvÀøÃÄª«¡A½Ð¨Ì·ÓÂå®v«ü¥Ü¨Ï¥Î¡C,Äµ °ªÄµ°T,,0,0,¬O,50.0,,§_,¬O,§_,³æ¤è,§_,°±¥Î,°±¥Î,¤£¥i¿i,¬O,,1.00,1.00,260.00,260.00,1,1,1,1,260.00,260.00,0,0,,¦³¹Ï¤ù,,0,,0,,L01XA03,,,,,0,,0,,VIAL,,°·«Oµ¹¥I,°·«Oµ¹¥I,OXALIPLATIN,L01XA03,AC55934229,§_,Liquid,IVSOL,¦M®`¤@¯Å(¡I¡I),,50.00,mg,10.00,mL,¥²¶·µ}ÄÀ,³æ¦¸¿éª`,PH032,202403111353,1092.00,1310.00
IORG,20220831,99999999,¥i¥Î,Orgalutran inj 0.25mg/0.5mL,Orgalutran inj 0.25mg/0.5mL,Ganirelix,SC,ASORDER,HM,HR-02-00,°w¾¯,¤ä,Orgalutran,«D²Õ®M,,,¤@¯ë¥i¥Î,¬O,¥i¥ÎÃÄ¥]¾÷,°·«O¤£µ¹¥I,¤@¯ë,Á`¶q¶i¦ì,¾AÀ³¯g:¹w¨¾¥H¨ë¿E±Æ§Zªº¤k©Ê¹L¦­¹F¨ì¶ÀÅé§Î¦¨¿E¯À°ª®p,,Indication:For the prevention of premature luteinization.,,¥~ Æ[:¹w¥R¶ñ°wµ©¸Ë³z©úÃÄ²G,Appearance:Prefilled syringes with colorless solution,ª`®g³¡¦ì¤ÏÀ³¡AÀYµh¡A³±¹D¥X¦å,Injection site reaction¡A headache¡A Vaginal bleeding,,¬Ò¥i¥Î,¬X§³¥¥ª`®g²G,Orgalutran inj 0.25mg/0.5mL,,,,¬O,,¦¹ÃÄª«¤£±o»P¨ä¥LÃÄª«²V¦X¡C,¤Å§N­á¡C½ÐÁ×¥ú«O¦s¦bÄá¤ó2-30¢J¡C,Not be mixed with other medicinal products.,Do not freeze. Please store at 2-30¢XC. Protect from light.,Ãh¥¥©ÎÃhºÃÃh¥¥°ü¤k¤£¥i¨Ï¥Î¡C,Avoid use for known or suspected pregnancy.,2022.08­Ó®×Á{±Ä¡A111-3ÃÄ©e·|·s¶i,¤@¯ë,¤@¯ë,¦¹ÃÄª«¤£±o»P¨ä¥LÃÄª«²V¦X¡C¤Å§N­á¡C½ÐÁ×¥ú«O¦s¦bÄá¤ó2-30¢J¡C,,,0,0,§_,1.0,,§_,¬O,§_,³æ¤è,§_,°±¥Î,°±¥Î,¤£¥i¿i,¬O,,1.00,1.00,1.00,1.00,28,28,1,1,1.00,1.00,0,0,,¦³¹Ï¤ù,,0,,0,,H01CC01,,,,,0,,0,,¤ä,,¤£µ¹¥I¶·¦Û¥I,¤£µ¹¥I¶·¦Û¥I,,,,§_,Liquid,SOL,¦M®`¤@¯Å(¡I¡I),,0.25,mg,0.50,mL,,,PH034,202211300931,0,2000.00
IOVI,20041108,99999999,¥i¥Î,Ovidrel inj 250mcg,Ovidrel inj 250mcg,Choriogonadotropin alfa,SC,,HM,HR-02-00,°w¾¯,VAL,HCG,«D²Õ®M,,,¤@¯ë¥i¥Î,¬O,¤£¥i¥ÎÃÄ¥]¾÷,,¤@¯ë,¦¸­p¶q¶i¦ì,¾AÀ³¯g:¤£¥¥¯g¥ÎÃÄ,,Indication:For assisted reproductive technologies,,¥~ Æ[:¹w¶ñ¥R°wµ©,Appearance: Prefilled syringe,ÀYµh¡A ¯h­Â¡A ¸z­G¤£¾A,Headache¡A fatigue¡A GI disturbances,,¥u¥Î©óªù¶E¤Î¦í°|STAT,§J±o¿Õ­á´¹ª`®g¾¯,Ovidrel 250mcg inj,,,§_,¬O,,½Ð¸m©óÄá¤ó 2-8 «×¦B½c§NÂÃ,,Store in a refrigerator (2-8¢XC).,,,,,¤@¯ë,ª`®g,Äµ »y:½Ð¸m©óÄá¤ó 2-8 «×¦B½cÁ×¥ú§NÂÃ«O¦s¡C,,,,,§_,1.0,,§_,¬O,§_,³æ¤è,§_,°±¥Î,°±¥Î,¤£¥i¿i,¬O,,1.00,1.00,2.00,2.00,1,1,1,1,2.00,2.00,0,0,,¦³¹Ï¤ù,,0,,0,,G03GA08,,,,,,,,,VAL,,¤£µ¹¥I¶·¦Û¥I,¤£µ¹¥I¶·¦Û¥I,,,,§_,Liquid,SOL,¦M®`¤G¯Å(¡I),,250.00,mcg,0.50,mL,¬Ò¥i,³æ¦¸¿éª`,PH062,202103241417,0,1282.00
IOXA,20030605,99999999,¥i¥Î,Oxalip inj 50mg/10mL,Oxalip inj 50mg/10mL,Oxaliplatin,IVD,STAT,RACA,ON-01-02,°w¾¯,mg,Oxalip,«D²Õ®M,,IORE,¤@¯ë¥i¥Î,¬O,¥i¥ÎÃÄ¥]¾÷,±ø¥ó¤Uµ¹¥I,¤@¯ë,Á`¶q¶i¦ì,¾AÀ³¯g:§Ü¸~½FÃÄ«~¡C,°t»s«á«O¦s´Á­­¡G24hrs(25¢XC)¡A­­½Õ»s·í¤é§¹¦¨µ¹ÃÄ,Indication:For cancer therapy.,,¥~ Æ[:10²@¤É´Ä¶Â¦â¤p²~¡C,Appearance: 10mL dark brown vial.,¯h­Â¡B¸¡Âm¡Bäú¤ß¡B¹Ã¦R¡B³h¦å¡B¥Ö½§·PÄ±²§±`¡C,Fatigue¡A diarrhea¡A nausea¡A vomiting¡A anemia¡A paresthesia.,,¥u¥Î©óªù¶E¤Î¦í°|STAT,¼Ú¤O´¶ª`®g¾¯5²@§J/²@¤É,¡I¡IOxalip,,,§_,¬O,,¥»«~¬°­«¯gªvÀøÃÄ¡A½Ð¨Ì·ÓÂå®v«ü¥Ü¨Ï¥Î¡C,,Take this medicine exactly as your doctor ordered.,,,,2023Q4 ÃÄ©e¦A±Ò¥Î¡A¨ú¥N[IORE],¤ÆÀø,¤ÆÀø,Äµ »y:¥»«~¬°­«¯gªvÀøÃÄª«¡A½Ð¨Ì·ÓÂå®v«ü¥Ü¨Ï¥Î¡C,Äµ °ªÄµ°T,,20.0,-20.0,¬O,50.0,,§_,¬O,§_,³æ¤è,§_,°±¥Î,°±¥Î,¤£¥i¿i,¬O,,1.00,1.00,260.00,260.00,1,1,1,1,260.00,260.00,0,0,,¦³¹Ï¤ù,,0,,0,,L01XA03,,,,,,,,,VAL,§_,°·«Oµ¹¥I,°·«Oµ¹¥I,OXALIPLATIN,L01XA03,AA44508229,§_,Liquid,IVSOL,¦M®`¤@¯Å(¡I¡I),,50.00,mg,10.00,mL,¥²¶·µ}ÄÀ,³æ¦¸¿éª`,PH047,202403030838,1092.00,1310.00
IOXA5,20080320,99999999,°±¥Î,Oxacillin Sod. inj 500mg,Oxacillin Sod. inj 500mg,Oxacillin,IVD,,QANB,AI-01-01,°w¾¯,VAL,Prostaphlin,«D²Õ®M,°±¥Î,IOCI,¤@¯ë¥i¥Î,¬O,¥i¥ÎÃÄ¥]¾÷,¥i¥Î,¤@¯ë,Á`¶q¶i¦ì,¾AÀ³¯g:²Óµß©Ê·P¬V,,Indication: Antibiotic for infection.,,¥~ Æ[: ³z©ú²~¸Ë¡A¥Õ¦â²HÂÅ¦â¬Û¶¡¥~¶K¯È¡AÂÅ¦â¥~»\,,,,¤@¯ëÃþ§Ü¥Í¯À,¬Ò¥i¥Î,§ã·Ù¦èªLª`®g¾¯,Oxacillin Sod. inj 500mg,,,§_,¬O,,­Yµo¥ÍÄY­«¹L±Ó©Îµo¯lµ¥¤£¾A¯gª¬¡AÀ³§Y°±ÃÄ¨Ã½Ð±ÐÂå®v,,Report to doctor¡A if any severe hypersensitivity or skin rash occur.,,,,,¤@¯ë,ª`®g,Äµ »y: ­Yµo¥ÍÄY­«¹L±Ó©Îµo¯lµ¥¤£¾A¯gª¬¡AÀ³§Y°±ÃÄ¨Ã½Ð±ÐÂå®v,,,,,¬O,1.0,,§_,§_,§_,³æ¤è,§_,¥i¥Î,¥i¥Î,¤£¥i¿i,¬O,,1.00,1.00,4.00,4.00,7,7,1,1,24.00,24.00,0,0,,¦³¹Ï¤ù,,0,,0,,J01CF04,,,,,0.50,g,2.00,g,VIAL,,°·«Oµ¹¥I,°·«Oµ¹¥I,OXACILLIN,J01CF04,A048641277,§_,Liquid,IVSOL,,,,,,,¬Ò¥i,³æ¦¸¿éª`,PH009,201806170915,19.50,25.00
IOXO,20150320,99999999,°±¥Î,Oxocin inj 10 IU/1mL,Oxocin inj 10 IU/1mL,Oxytocin,IVD,,SGU,UR-02-00,°w¾¯,AMP,Piton-S,«D²Õ®M,°±¥Î,IOXY,¤@¯ë¥i¥Î,¬O,¥i¥ÎÃÄ¥]¾÷,,¤@¯ë,Á`¶q¶i¦ì,¾AÀ³¯g:¶Ê²£¤Î´î¤Ö²£«á¥X¦å,,Indication:Induction of labor¡A prevention & treatment of,postpartum hemorrhage.,¥~ Æ[:³z©ú¦wÞÀ(amp),Appearance:1mL ampoule,¤l®c¨ë¿E,Uterine stimulation.,,¬Ò¥i¥Î,ðÝ³t¥Íª`®g²G,Oxocin inj 10 IU/mL,,,,,,¥»«~»Ý¸m©óÁ×¥ú³±²D°®Àê³B,,Store at room temperature¡A away from heat¡A moisture¡A and direct light.,,,,2015¦~²Ä¤@¦¸ÃÄ©e·|³q¹L·s¶i¨ú¥N,¤@¯ë,ª`®g,Äµ »y:¥»«~»Ý¸m©óÁ×¥ú³±²D°®Àê³B,,,0,0,§_,1.0,,§_,§_,§_,³æ¤è,§_,¥i¥Î,¥i¥Î,¤£¥i¿i,¬O,,1.00,1.00,3.00,3.00,1,7,1,1,6.00,6.00,0,0,,¦³¹Ï¤ù,,0,,0,,H01BB02,,,,,0,,0,,AMP,,°·«Oµ¹¥I,°·«Oµ¹¥I,OXYTOCIN,H01BB02,AC33873229,§_,Liquid,IVSOL,,,,,,,¬Ò¥i,³æ¦¸¿éª`,PH008,202012011401,21.00,27.00
IOXY,20070901,99999999,¥i¥Î,Oxytocin inj 10 IU/1mL,Oxytocin inj 10 IU/1mL,Oxytocin,IVD,STAT,SGU,UR-02-00,°w¾¯,AMP,Piton-S,«D²Õ®M,,,¤@¯ë¥i¥Î,¬O,¥i¥ÎÃÄ¥]¾÷,,¤@¯ë,Á`¶q¶i¦ì,¾AÀ³¯g:¶Ê²£¤Î´î¤Ö²£«á¥X¦å,,Indication:Induction of labor¡A prevention & treatment of,postpartum hemorrhage.,¥~ Æ[:³z©ú¦wÞÀ(amp)¡A¶Â¦â¦r¼Ë,,¤l®c¨ë¿E,Uterine stimulation.,,¬Ò¥i¥Î,¼Ú§Q¥Íª`®g²G,Oxytocin inj 10 IU/mL,,,§_,¬O,,¥»«~»Ý¸m©óÁ×¥ú³±²D°®Àê³B,,Store at room temperature¡A away from heat¡A moisture¡A and direct light.,,,,,¤@¯ë,ª`®g,Äµ »y:¥»«~»Ý¸m©óÁ×¥ú³±²D°®Àê³B,LA ¥~Æ[¬Û¦ü,,,,¬O,1.0,,§_,¬O,¬O,³æ¤è,§_,¥i¥Î,¥i¥Î,¤£¥i¿i,¬O,,1.00,1.00,3.00,3.00,1,7,1,1,6.00,6.00,0,0,,¦³¹Ï¤ù,,0,,0,,H01BB02,,,,,,,,,AMP,,°·«Oµ¹¥I,°·«Oµ¹¥I,OXYTOCIN,H01BB02,AC46936229,§_,Liquid,IVSOL,¦M®`¤G¯Å(¡I),,10.00,IU,1.00,mL,¥²¶·µ}ÄÀ,¬Ò¥i,PH032,202103231849,21.00,27.00
IOZE,20201215,99999999,°±¥Î,Ozempic inj 2mg/1.5mL,Ozempic inj 2mg/1.5mL,Semaglutide,SC,QW,META,ME-02-07,°w¾¯,mg,Ozempic,«D²Õ®M,¼t°Ó¯Ê³f,,¤@¯ë¥i¥Î,¬O,¥i¥ÎÃÄ¥]¾÷,±ø¥ó¤Uµ¹¥I,¤@¯ë,Á`¶q¶i¦ì,¾AÀ³¯g: ¿}§¿¯f¥ÎÃÄ,,Indication: Diabetes mellitus,,¥~ Æ[:ÂÅ¦â¹w¥R¶ñª`®gµ§,Appearance: Blue¡A prefilled¡A single-patient-use pen,¸¡Âm¡Aäú¤ß¡A¹Ã¦R,Diarrhea¡A Nausea¡A Vomiting,,¬Ò¥i¥Î,¯Ø§´Æg ª`®g¾¯,Ozempic inj 2mg/1.5mL,,,,¬O,,¨Ï¥Î«e:2-8¢XCÀx¦s¡Aªì¦¸¨Ï¥Î«á:30¢XC ¥H¤U¡A6¶g«O¦s´Á­­,¤£¥i§N­á.,Before use: store at 2-8¢XC. And store below 30¢XC after first used for up to,6 weeks. Do not freeze.,¨â¦¸ª`®g¤§¶¡À³¶¡¹j¦Ü¤Ö3¤Ñ(¶W¹L72¤p®É),Allow at least 72 hours between 2 doses.,2020Q4ÃÄ©e·s¶i,¤@¯ë,ª`®g,¨Ï¥Î«e:2-8¢XCÀx¦s¡Aªì¦¸¨Ï¥Î«á:30¢XC ¥H¤U¡A6¶g«O¦s´Á­­.¤£¥i§N­á.,SA «÷­µ¬Û¦ü,,0,0,§_,2.0,,§_,¬O,¬O,³æ¤è,§_,¥i¥Î,¥i¥Î,¤£¥i¿i,¬O,,0.25,0.25,1.00,1.00,999,999,28,28,1.00,1.00,0,0,,¦³¹Ï¤ù,,0,,0,,A10BJ06,,,,,0,,0,,¤ä,,°·«Oµ¹¥I,°·«Oµ¹¥I,SEMAGLUTIDE,A10BJ06,KC01107210,,Liquid,SOL,,,2.00,mg,1.50,mL,,,PH006,202210200941,3585.00,4302.00
IOZE4,20220315,99999999,¥i¥Î,Ozempic inj 4mg/3mL,Ozempic inj 4mg/3mL,Semaglutide,SC,QW,META,ME-02-07,°w¾¯,mg,Ozempic,«D²Õ®M,,,¤@¯ë°ª»ùÃÄ,¬O,¥i¥ÎÃÄ¥]¾÷,±ø¥ó¤Uµ¹¥I,¤@¯ë,Á`¶q¶i¦ì,¾AÀ³¯g: ¿}§¿¯f¥ÎÃÄ,,Indication: Diabetes mellitus,,¥~ Æ[:ÂÅ¦â¹w¥R¶ñª`®gµ§,Appearance: Blue¡A prefilled¡A single-patient-use pen,¸¡Âm¡Aäú¤ß¡A¹Ã¦R,Diarrhea¡A Nausea¡A Vomiting,,¬Ò¥i¥Î,¯Ø§´Æg ª`®g¾¯,Ozempic inj 4mg/3mL,,,,¬O,,¨Ï¥Î«e:2-8¢XCÀx¦s¡Aªì¦¸¨Ï¥Î«á:30¢XC ¥H¤U¡A6¶g«O¦s´Á­­,¤£¥i§N­á.,Before use: store at 2-8¢XC. And store below 30¢XC after first used for up to,6 weeks. Do not freeze.,¨â¦¸ª`®g¤§¶¡À³¶¡¹j¦Ü¤Ö3¤Ñ(¶W¹L72¤p®É),Allow at least 72 hours between 2 doses.,2023Q2ÃÄ©e³q¹L¡A¥i¶}©ñ¿}§¿¯fªvÀø¨Ï¥Î¡C,¤@¯ë,ª`®g,¨Ï¥Î«e:2-8¢XCÀx¦s¡Aªì¦¸¨Ï¥Î«á:30¢XC ¥H¤U¡A6¶g«O¦s´Á­­.¤£¥i§N­á.,SA «÷­µ¬Û¦ü,,0,0,§_,4.0,,¬O,¬O,¬O,³æ¤è,,¥i¥Î,¥i¥Î,¤£¥i¿i,¬O,,0.50,0.50,1.00,1.00,90,90,28,28,1.00,1.00,0,0,,¦³¹Ï¤ù,,0,,0,,A10BJ06,,,,,0,,0,,¤ä,,°·«Oµ¹¥I,°·«Oµ¹¥I,SEMAGLUTIDE,A10BJ06,KC01107216,,Liquid,SOL,,,4.00,mg,3.00,mL,,,PH047,202309051548,3585.00,4302.00
IOZU,20190620,99999999,¥i¥Î,Ozurdex (intravitreal implant) 0.7mg,Ozurdex (intravitreal implant) 0.7mg,Dexamethasone,IVI,STAT,TOPH,OP-08-00,°w¾¯,¤ä,Ozurdex,«D²Õ®M,,,¤@¯ë¥i¥Î,¬O,¥i¥ÎÃÄ¥]¾÷,±ø¥ó¤Uµ¹¥I,¤@¯ë,¦¸­p¶q¶i¦ì,¾AÀ³¯g:¶À´³³¡¤ô¸~,,Indications:Macular edema,,¥~ Æ[:¥Õ¦â¥~´ß´Ó¤Jª«ª`®g¾¹,Appearance: White shell intravital implant syringe,¥Õ¤º»Ù¡A²´À£¤É°ª,Cataract¡A elevated intraocular pressure,,¥u¥Î©óªù¶E¤Î¦í°|STAT,¶Æ­}¾A ²´«á¬q´Ó¤J¾¯,Ozurdex IVI,,,,¬O,,¥X²{²´·úÅÜ¬õ¡B¬È¥ú¡B¯kµh¡B©ÎªÌµø¤O§ïÅÜ®É,¡AÀ³¥ß§Y´M¨DÂåÀø¨ó§U,When the eyes appear red¡A photophobia¡A pain¡A or changes in vision,¡A should immediately ask for medical assistance.,¨Ï¥Î§¹¥i¯à¦³µu¼Èµø¤O¼Ò½k¡A½ÐÁ×§K¾r¾p©Î¾Þ§@¾÷±ñ.,May cause blurring in vision transitorily¡A avoid driving or operating machinery.,2019Q2·s¶i¡A¥»ÃÄ¶·¨Æ¼f,¤@¯ë,ª`®g,¥X²{²´·úÅÜ¬õ¡B¬È¥ú¡B¯kµh¡B©ÎªÌµø¤O§ïÅÜ®É¡AÀ³¥ß§Y´M¨DÂåÀø¨ó§U,,,0,0,§_,1.0,,§_,¬O,§_,³æ¤è,§_,°±¥Î,°±¥Î,¤£¥i¿i,§_,,1.00,1.00,1.00,1.00,1,1,1,1,1.00,1.00,0,0,,µL¹Ï¤ù,,0,,0,,S03BA01,H02AB02,,,,0,,0,,¤ä,¬O,°·«Oµ¹¥I,°·«Oµ¹¥I,DEXAMETHASONE,S01BA01,BC25360200,,AdministrableDrugForm,OPDROP,,,0,,0,,,,PH047,202402140712,29805.00,35766.00
IPAM,20071210,99999999,°±¥Î,PAM inj 500mg/10mL,PAM inj 500mg/10mL,Pralidoxime,IV,,ZADT,AD-02-00,°w¾¯,AMP,PAM,«D²Õ®M,°±¥Î,,¤@¯ë¥i¥Î,¬O,¤£¥i¥ÎÃÄ¥]¾÷,¥i¥Î,¤@¯ë,¦¸­p¶q¶i¦ì,¾AÀ³¯g:¦³¾÷ÁC¸Ñ¬r¾¯,,Indication:Organic phosphorus intoxication.,,¥~ Æ[:10mL¦wÞÀ,,·w¯t¡A ¤ÛÄ±¡A ½Æµø¡A ¤ß¸õ§Ö³t,Dizziness¡A hallucination¡A blurred vision¡A tachycardia.,,¬Ò¥i¥Î,¦Ê¯q¯à´â,PAM inj 500mg/10mL,,,§_,¬O,,À³µø¨ä¦~ÄÖ¡BÅé­«¤Î¯gªp¤©¥H¾A·í¤§¾¯¶q¡A ¨Ã¯d·NÆ[¹î,,Should consider age¡A weight and disease state to modify dosage.,,,,2015¦~²Ä¤@¦¸ÃÄ©e·|³q¹L§R°£,¤@¯ë,¤@¯ë,Äµ »y:À³µø¨ä¦~ÄÖ¡BÅé­«¤Î¯gªp¤©¥H¾A·í¤§¾¯¶q¡A¨Ã¯d·NÆ[¹î,,,,,¬O,1.0,,§_,§_,§_,³æ¤è,§_,¥i¥Î,¥i¥Î,¤£¥i¿i,¬O,,1.00,1.00,4.00,4.00,1,1,1,1,8.00,8.00,0,0,,µL¹Ï¤ù,,0,,0,,V03AB04,,,,,,,,,AMP,§_,°·«Oµ¹¥I,°·«Oµ¹¥I,PRALIDOXIME,V03AB04,A026664229,§_,Liquid,IVSOL,,,,,,,¬Ò¥i,³æ¦¸¿éª`,PH008,201505211602,95.00,119.00
IPAM2,20150129,99999999,¥i¥Î,Pampara inj 500mg/20mL,Pampara inj 500mg/20mL,Pralidoxime,IVD,,ZADT,AD-02-00,°w¾¯,AMP,PAM,«D²Õ®M,,,¤@¯ë¥i¥Î,¬O,¤£¥i¥ÎÃÄ¥]¾÷,±ø¥ó¤Uµ¹¥I,¤@¯ë,Á`¶q¶i¦ì,¾AÀ³¯g:¦³¾÷ÁC¸Ñ¬r¾¯,,Indication:Organic phosphorus intoxication.,,¥~ Æ[:20mL¦wÞÀ,Appearance: 20mL ampoule,·w¯t¡A ¤ÛÄ±¡A ½Æµø¡A ¤ß¸õ§Ö³t,Dizziness¡A hallucination¡A blurred vision¡A tachycardia.,,¬Ò¥i¥Î,§â¥À¤Ú©Ôª`®g²G,Pampara,,,,¬O,,À³µø¨ä¦~ÄÖ¡BÅé­«¤Î¯gªp¤©¥H¾A·í¤§¾¯¶q¡A ¨Ã¯d·NÆ[¹î,,Should consider age¡A weight and disease state to modify dosage.,,,,2015¦~²Ä¤@¦¸ÃÄ©e·|³q¹L·s¶i¨ú¥N,¤@¯ë,¤@¯ë,Äµ »y:À³µø¨ä¦~ÄÖ¡BÅé­«¤Î¯gªp¤©¥H¾A·í¤§¾¯¶q¡A¨Ã¯d·NÆ[¹î,,,0,0,§_,1.0,,§_,¬O,§_,³æ¤è,§_,¥i¥Î,¥i¥Î,¤£¥i¿i,¬O,,1.00,0,4.00,4.00,1,1,1,1,8.00,8.00,1.00,0.10,,¦³¹Ï¤ù,,0,,0,,V03AB04,,,,,0,,0,,AMP,§_,°·«Oµ¹¥I,°·«Oµ¹¥I,PRALIDOXIME,V03AB04,AC02394238,§_,Liquid,IVSOL,,,500.00,mg,20.00,mL,¥²¶·µ}ÄÀ,³æ¦¸¿éª`,PH008,202012011403,130.00,156.00
IPAN,19960101,99999999,°±¥Î,Pansporin inj 0.5gm,Pansporin inj 0.5gm,Cefotiam,IV,,QANB,AI-01-02,°w¾¯,VAL,Pansporin,«D²Õ®M,°±¥Î,,¤@¯ë¥i¥Î,¬O,¤£¥i¥ÎÃÄ¥]¾÷,,¤@¯ë,Á`¶q¶i¦ì,¾AÀ³¯g:²Óµß©Ê·P¬V,,,,,,,,¤@¯ëÃþ§Ü¥Í¯À,,,Pansporin inj 0.5gm,,,§_,¬O,,,,,,,,,¤@¯ë,ª`®g,,,,,,¬O,1.0,,§_,§_,§_,³æ¤è,§_,¥i¥Î,¥i¥Î,¤£¥i¿i,¬O,,1.00,1.00,2.00,2.00,7,7,1,1,0,0,0,0,,µL¹Ï¤ù,,0,,0,,J01DC07,,,,,0.50,g,4.00,g,VAL,§_,°·«Oµ¹¥I,°·«Oµ¹¥I,CEFOTIAM,J01DC07,A027554277,§_,Liquid,IVSOL,,,,,,,¬Ò¥i,³æ¦¸¿éª`,PH047,202401261319,261.00,313.00
IPAN4,20021216,99999999,¥i¥Î,Pantoloc I.V. inj 40 mg,Pantoloc I.V. inj 40 mg,Pantoprazole,IVD,QD,ALIM,GI-01-02,°w¾¯,VAL,Pantoloc,«D²Õ®M,,,¤@¯ë¥i¥Î,¬O,¥i¥ÎÃÄ¥]¾÷,±ø¥ó¤Uµ¹¥I,¤@¯ë,Á`¶q¶i¦ì,¾AÀ³¯g:¤Q¤G«ü¸z¼ìºÅ¡A­G¼ìºÅ¡A°f¬y©Ê­¹¹Dª¢,Zollinger-Ellison¯g­Ô¸s,Indication:Treatment of peptic ulcer¡Agastroesophageal reflux,Zollinger-Ellison Syndrome,¥~ Æ[: ¥Õ¦â°®¯»¤p²~,Appearance:White powder in a Vial,¦å®ê©ÊÀR¯ßª¢¡A¸¡Âm¡AÀYµh,Thrombophlebitis¡A diarrhea¡A headache,,¬Ò¥i¥Î,«O½Ã±dªv¼ì¼Ö­á´¹ª`®g¾¯,Pantoloc I.V. inj 40 mg,,,§_,¬O,,°t»s«á¡A©Î°t»s¥Bµ}ÄÀ«á¡A¤Æ¾Ç»Pª«²zÃ­©w©Ê¬°25¢XC¤U¥iºû«ù12¤p®É,,Reconstituted solution stored below 25¢XC should be used within 12 hours,,¥u«ØÄ³¨Ï¥Î©ó¤£¾A©ó¤fªA§ë¤©ªº±¡ªp,Only used when oral administration is not possible.,2020.Q4ÃÄ©e·s¶i,¤@¯ë,ª`®g,°t»s«á¡A©Î°t»s¥Bµ}ÄÀ«á¡A¤Æ¾Ç»Pª«²zÃ­©w©Ê¬°25¢XC¤U¥iºû«ù12¤p®É,,,,,¬O,1.0,,§_,¬O,§_,³æ¤è,§_,°±¥Î,°±¥Î,¤£¥i¿i,¬O,,1.00,1.00,6.00,6.00,99,99,1,0,6.00,6.00,0,0,,¦³¹Ï¤ù,,0,,0,,A02BC02,,,,,,,,,VIAL,,°·«Oµ¹¥I,°·«Oµ¹¥I,PANTOPRAZOLE,A02BC02,BC23306245,§_,Liquid,IVSOL,,,40.00,mg,,,¬Ò¥i,³æ¦¸¿éª`,PH022,202101181316,119.00,143.00
IPAN5,20150615,99999999,°±¥Î,Pantoprazole inj 40mg,Pantoprazole inj 40mg,Pantoprazole,IVD,QD,ALIM,GI-01-02,°w¾¯,Vial,,«D²Õ®M,¼t°Ó¯Ê³f,,¤@¯ë¥i¥Î,¬O,¥i¥ÎÃÄ¥]¾÷,±ø¥ó¤Uµ¹¥I,¤@¯ë,Á`¶q¶i¦ì,¾AÀ³¯g:¥Dªv®ø¤Æ©Ê¼ìºÅ,,Treatment of peptic ulcer,,¥~ Æ[:¥Õ¦âÃÄ¯»³z©ú¤p²~¡A ÂÅ¦â¥~»\,Appearance: White powder in glass vial with blue cap.,ÀYµh¡A«K¯µ¡A¸¡Âm¡Aäú¤ß¡A¹Ã¦R¡A¤f°®,Headache¡A Constipation¡A diarrhea¡A nausea¡A vomiting¡A dryness of mouth.,,¬Ò¥i¥Î,¬ß¦«©ÔªQ­á´¹ª`®g¾¯,Pantoprazole inj 40mg,,,,,,Äµ »y:¥»«~¿éª`®É¶¡À³¶W¹L2-15¤ÀÄÁ,,IV infusion over a period of 2-15 minutes,,ªAÃÄ´Á¶¡­Y¥X²{ÄY­«¤ôÂm¡B¸¡µh©Îµo¿Nµ¥±¡§Î¡AÀ³¾¨³t¦^¶E´NÂå¡C,,,¤@¯ë,¤@¯ë,Äµ »y:¥»«~¿éª`®É¶¡À³¶W¹L2-15¤ÀÄÁ,,,0,0,¬O,1.0,,§_,¬O,§_,³æ¤è,§_,°±¥Î,¥i¥Î,¤£¥i¿i,¬O,,1.00,1.00,6.00,6.00,999,999,1,0,6.00,6.00,0,0,,¦³¹Ï¤ù,,0,,0,,A02BC02,,,,,0,,0,,VIAL,,°·«Oµ¹¥I,°·«Oµ¹¥I,PANTOPRAZOLE,A02BC02,BC25936245,§_,Liquid,IVSOL,,,40.00,mg,,,¥²¶·µ}ÄÀ,³æ¦¸¿éª`,PH038,202012011131,119.00,143.00
IPANT,19960101,99999999,°±¥Î,Pantogen inj 500mL,Pantogen inj 500mL,Vit B1+ B2 + B6 + C + Nicotinamide + Pantothenyl,IVD,,META,NU-02-00,°w¾¯,BOT,,«D²Õ®M,°±¥Î,,¤@¯ë¥i¥Î,¬O,¥i¥ÎÃÄ¥]¾÷,°·«O¤£µ¹¥I,¤@¯ë,Á`¶q¶i¦ì,¾AÀ³¯g:¤ô·»©Êºû¥Í¯Àª`®g²G,,Indication:Treatment of vit B¡A vit C deficiency.,,¥~ Æ[:500mL¬Á¼þ²~¸Ë,Appearance:500mL glass bottle,äú¤ß¡A ¹Ã¦R¡A ¸¡µ±µh¡A ¥Ö½§·kÄo,Nausea¡A vomiting¡A abdominal cramps¡A pruritus.,,,¦Æ¹F¬ã,Pantogen inj 500mL,,,§_,¬O,,­Yµo¥ÍÄY­«¹L±Ó©Îµo¯lµ¥¤£¾A¯gª¬¡A À³§Y°±ÃÄ¨Ã½Ð±ÐÂå®v,,Report to doctor¡A if any severe hypersensitivity or skin rash occur.,,,,111-1ÃÄ©e·|§R°£,¤@¯ë,ª`®g,Äµ »y: ­Yµo¥ÍÄY­«¹L±Ó©Îµo¯lµ¥¤£¾A¯gª¬¡AÀ³§Y°±ÃÄ¨Ã½Ð±ÐÂå®v,,,,,§_,1.0,¦³,¬O,¬O,§_,³æ¤è,§_,¥i¥Î,¥i¥Î,¤£¥i¿i,¬O,,1.00,1.00,1.00,5.00,1,99,1,99,5.00,5.00,0,0,,¦³¹Ï¤ù,,0,,0,,B05BA01,A11DA01,A11GA01,A11HA02,B05BA03,,,,,BOT,§_,¤£µ¹¥I¶·¦Û¥I,¤£µ¹¥I¶·¦Û¥I,,,,§_,Liquid,IVSOL,,,,,500.00,mL,¤£»Ýµ}ÄÀ,³æ¦¸¿éª`,PH006,202207311046,0,38.00
IPAP1,19960101,99999999,°±¥Î,Paparin inj 30mg/mL,Paparin inj 30mg/mL,Papaverine,,,CAVS,CV-06-00,°w¾¯,AMP,,«D²Õ®M,°±¥Î¡A¥i¬dÃþ¦üÃÄ,,¤w°±¥Î,¬O,¤£¥i¥ÎÃÄ¥]¾÷,,¤@¯ë,¦¸­p¶q¶i¦ì,¾AÀ³¯g:½w¸Ñ¸£¦åºÞ©M¥½µy¯Ê¦å£¿½w¸Ñ¥­·Æ¦ÙµjÅËµ¥,,,,,,,,,,,Paparin inj 30mg/mL,,,§_,¬O,,,,,,,,,¤@¯ë,ª`®g,Äµ »y: ­Yµo¥ÍÄY­«¹L±Ó©Îµo¯lµ¥¤£¾A¯gª¬¡AÀ³§Y°±ÃÄ¨Ã½Ð±ÐÂå®v,,,,,¬O,1.0,,§_,§_,§_,³æ¤è,§_,¥i¥Î,¥i¥Î,¤£¥i¿i,¬O,,1.00,1.00,4.00,4.00,999,999,1,1,0,0,0,0,,µL¹Ï¤ù,,0,,0,,,,,,,,,,,AMP,§_,°·«Oµ¹¥I,°·«Oµ¹¥I,PAPAVERINE,A03AD01,A029287209,§_,Liquid,IVSOL,,,,,,,¬Ò¥i,³æ¦¸¿éª`,PH008,201403201339,52.50,52.00
IPAR,20140410,99999999,°±¥Î,Paraplatin inj 150mg/15mL,Paraplatin inj 150mg/15mL,Carboplatin,IVD,,RACA,ON-01-02,°w¾¯,mg,Carboplatin,«D²Õ®M,°±¥Î¡A¥i¬dÃþ¦üÃÄ,ICAR2,¤@¯ë¥i¥Î,¬O,¤£¥i¥ÎÃÄ¥]¾÷,¥i¥Î,¤@¯ë,Á`¶q¶i¦ì,¾AÀ³¯g:¬°§Ü¸~½FÃÄ,°t»s«á«O¦s´Á­­¡G8hrs(25¢XC)¡A½Õ»s®É¶¡¡G,Indication:Cancer therapy.,,¥~ Æ[:15mL ´Ä¶Â¦â¤p²~,,°©Åè§í¨î¡A äú¤ß¡A ¹Ã¦R¡A ¸¡µh¡A ¸¡Âm,Myelosuppression; nausea & vomiting¡A abdominal pain¡A diarrhea.,,¬Ò¥i¥Î,¨Î¹`«ÒÀR¯ßª`®g²G,¡I¡IParaplatin,,,,¬O,,¥»ÃÄ¥i¯à·|³y¦¨¦Õ¬r©Ê¤Î¶gÃä¯«¸g¯fÅÜ,,,,,,,¤ÆÀø,¤ÆÀø,Äµ»y¡G¥»ÃÄ¥i¯à·|³y¦¨¦Õ¬r©Ê¤Î¶gÃä¯«¸g¯fÅÜ¡C,Äµ °ªÄµ°T,,0,0,§_,150.0,,§_,¬O,§_,³æ¤è,§_,°±¥Î,°±¥Î,¤£¥i¿i,¬O,,1.00,1.00,800.00,800.00,3,3,1,1,800.00,800.00,0,0,,¦³¹Ï¤ù,,0,,0,,L01XA02,,,,,,,,,VIAL,§_,°·«Oµ¹¥I,°·«Oµ¹¥I,CARBOPLATIN,L01XA02,BC24074235,§_,Liquid,IVSOL,¦M®`¤@¯Å(¡I¡I),,150.00,mg,15.00,mL,¥²¶·µ}ÄÀ,³æ¦¸¿éª`,PH006,202401281109,1201.00,1441.00
IPAR2,20150812,99999999,¥i¥Î,Paren-Aid N0.2 inj 400mL,Paren-Aid N0.2 inj 400mL,Electrolyte + Glucose,CVC,,NUTR,NU-04-05,°w¾¯,BOT,Paramental B,«D²Õ®M,°±¥Î,,¤@¯ë¥i¥Î,¬O,¥i¥ÎÃÄ¥]¾÷,,¤£¦LÃÄÅÒ,Á`¶q¶i¦ì,¾AÀ³¯g:¤ô¥÷¹q¸Ñ½è©M¼ö¶qªºÀç¾i¸Éµ¹,,Indication:Parental nutrition for fluid.,,¥~ Æ[:400²@¤É³z©ú²~¸Ë¡A ¥Õ¦âºñ¦â¬Û¶¡¥~¶K¯È,Appearance:Colorless solution in a 400mL bottle.,¤ô¸~,Edema,,¬Ò¥i¥Î,¸É¼Ö¯q¤G¸¹ª`®g²G,Paren-Aid N0.2 inj 400mL,,,,¬O,,°ª±i¿éª`²G¡A­­¥Ñ¤¤¥¡ÀR¯ß¾ÉºÞµ¹ÃÄ¡C,,,,ÃÄ§½½Õ¾¯¡A «D¤@¯ë¥æ¥IÃÄ«~,For TPN formulation use only.,­­TPNÃÄ®v½Õ°t¥Î¡A¤£¥iµoÃÄ,¤@¯ë,ª`®g,Äµ »y:ÃÄ§½½Õ¾¯¡A «D¤@¯ë¥æ¥IÃÄ«~,,,0,0,§_,1.0,,§_,¬O,§_,½Æ¤è,§_,°±¥Î,¥i¥Î,¤£¥i¿i,¬O,,1.00,1.00,1.00,1.00,1,1,1,1,1.00,1.00,0,0,,¦³¹Ï¤ù,,0,,0,,B05BB02,B05BA03,B05BB01,,,0,,0,,BOT,,°·«Oµ¹¥I,°·«Oµ¹¥I,DEXTROSE 250MG/ML + ELECTROLYTE SOLUTIONS,B05BB02,AC29457271,§_,Liquid,IVSOL,,,,,400.00,mL,¬Ò¥i,³æ¦¸¿éª`,PH034,202007141557,67.00,84.00
IPARB,19960101,99999999,°±¥Î,Paramental B inj 400mL,Paramental B inj 400mL,Electrolyte + Dextrose,IVD,,NUTR,NU-04-05,°w¾¯,BOT,Paramental B,«D²Õ®M,°±¥Î,,¤@¯ë¥i¥Î,¬O,¥i¥ÎÃÄ¥]¾÷,,¤@¯ë,Á`¶q¶i¦ì,¾AÀ³¯g:¤ô¥÷¹q¸Ñ½è©M¼ö¶qªºÀç¾i¸Éµ¹,,Indication:Parental nutrition for fluid.,,¥~ Æ[:³z©ú²~¸Ë¡A ¥Õ¦â²Hºñ¦â¬Û¶¡¥~¶K¯È¡A ª÷¶À¦â¥~»\,,¤ô¸~,Edema,,,¦Ê¼Ö»X¦hª`®g²G,Paramental B inj 400mL,,,§_,¬O,,°ª±i¿éª`²G¡A­­¥Ñ¤¤¥¡ÀR¯ß¾ÉºÞµ¹ÃÄ¡C,,,,ÃÄ§½½Õ¾¯¡A «D¤@¯ë¥æ¥IÃÄ«~,For TPN formulation use only.,ÃÄ§½½Õ¾¯¡A «D¤@¯ë¥æ¥IÃÄ«~(2015¦~²Ä¤@¦¸ÃÄ©e·|³q¹L§R°£),¤@¯ë,ª`®g,Äµ »y:ÃÄ§½½Õ¾¯¡A «D¤@¯ë¥æ¥IÃÄ«~,,,,,¬O,1.0,¦³,§_,§_,§_,³æ¤è,§_,¥i¥Î,¥i¥Î,¤£¥i¿i,¬O,,1.00,1.00,1.00,1.00,1,1,1,1,1.00,1.00,0,0,,¦³¹Ï¤ù,,0,,0,,B05XA30,B05BB02,B05XA05,B05BB03,B05BA03,,,,,BOT,§_,°·«Oµ¹¥I,°·«Oµ¹¥I,DEXTROSE 313MG/ML + ELECTROLYTE SOLUTIONS,B05BB02,AC23625271,§_,Liquid,IVSOL,,,,,,,¬Ò¥i,³æ¦¸¿éª`,PH006,201612231426,49.00,64.00
IPAT,20180607,99999999,¥i¥Î,Patent blue V inj 50mg/2mL,Patent blue V inj 50mg/2mL,Patent blue V,SC,STAT,ZOTH,VS-01-05,°w¾¯,AMP,,«D²Õ®M,,,¤@¯ë¥i¥Î,¬O,¥i¥ÎÃÄ¥]¾÷,°·«O¤£µ¹¥I,¤@¯ë,¦¸­p¶q¶i¦ì,¾AÀ³¯g:²O¤ÚºÞ³¡¦ìªº´ú©w¡B°Ê¯ß°Ï°ì¤§´ú©w,,Indication: Identification of lymph vessels and arterial,territories.,¥~ Æ[:´Ä¦â¦wÞÀ(amp)¡A ¥Õ¦â¥~¶K¯È,Appearance: 2 mL Ampoule,§C¦åÀ£¡Aäú¤ß¡A³ïÀY¤ô¸~¡Aæ±Äo,Hypotension¡A nausea¡A laryngeal edema¡A pruritus,,¥u¥Î©óªù¶E¤Î¦í°|STAT,©ç±oÂÅª`®g²G,Patent blue inj 50mg/2mL,,,,¬O,,½Ð¿í·ÓÂå®v«ü¥Ü¨Ï¥Î¡A ­Yµo¥ÍºÃ¦üÃÄª«¤£¨}¤ÏÀ³½Ð§iª¾Âå¥Í,,Follow doctor's advice. Check with doctor if you notice any side effects.,,ª`®g«á¥i¯à¥X²{ÂÅ¦â½§¦â¡A³q±`¦b24-48¤p®É«á®ø¥¢¡C,The bluish skin colour may develop after injection¡Adisappears after 24 to 48 hrs,2018.09ÃÄ©e³q¹L¥¿¦¡«~¶µ,¤@¯ë,¤@¯ë,Äµ »y:½Ð¿í·ÓÂå®v«ü¥Ü¨Ï¥Î¡A­Yµo¥ÍºÃ¦üÃÄª«¤£¨}¤ÏÀ³½Ð§iª¾Âå¥Í¡C,,,0,0,¬O,1.0,,¬O,¬O,§_,³æ¤è,,°±¥Î,,¤£¥i¿i,§_,,1.00,1.00,7.00,7.00,1,1,1,1,7.00,7.00,0,0,,¦³¹Ï¤ù,,0,,0,,V04CX09,,,,,0,,0,,AMP,,¤£µ¹¥I¶·¦Û¥I,¤£µ¹¥I¶·¦Û¥I,,,,,,,,,50.00,mg,2.00,mL,,,PH047,202301181743,0,2400.00
IPAV,19960101,99999999,°±¥Î,Pavulon inj 4mg/2mL,Pavulon inj 4mg/2mL,Pancuronium,IV,,CNEU,CN-03-02,°w¾¯,AMP,Pavulon,«D²Õ®M,°±¥Î¡A¥i¬dÃþ¦üÃÄ,,¤w°±¥Î,¬O,¤£¥i¥ÎÃÄ¥]¾÷,,¤@¯ë,¦¸­p¶q¶i¦ì,¾AÀ³¯g:¬°³Â¾K»²§U¾¯,,,,,,,,,,³Â§´»úª`®g²G,Pavulon inj 4mg/2mL,,,§_,¬O,,,,,,,,,¤@¯ë,ª`®g,Äµ »y:½Ð¸m©óÄá¤ó 2-8 «×¦B½cÁ×¥ú§NÂÃ«O¦s¡C,,,,,¬O,1.0,,§_,§_,§_,³æ¤è,§_,¥i¥Î,¥i¥Î,¤£¥i¿i,¬O,,1.00,1.00,9.00,9.00,999,999,1,1,0,0,0,0,,µL¹Ï¤ù,,0,,0,,M03AC01,,,,,,,,,AMP,§_,°·«Oµ¹¥I,°·«Oµ¹¥I,PANCURONIUM,M03AC01,B019616212,§_,Liquid,IVSOL,,,,,,,¬Ò¥i,³æ¦¸¿éª`,PH008,201403201339,66.00,79.00
IPCA1,20110928,99999999,¥i¥Î,PCA-1 inj 100mL (¦Û¶O),PCA-1 inj 100mL (¦Û¶O),PCA-1 inj 100mL (¦Û¶O),IVD,STAT,CNEU,CN-01-01,°w¾¯,BAG,,«D²Õ®M,,,¤@¯ë¥i¥Î,¬O,¤£¥i¥ÎÃÄ¥]¾÷,,¤£¦LÃÄÅÒ,¤£¶i¦ì,¾AÀ³¯g:¬°³Â¾K©Ê¤îµh¾¯,,Indication:Narcotic analgesics,,¥~Æ[¡G100mL³z©ú¤p³U,,,,,¬Ò¥i¥Î,,PCA-1 inj. 100mL (¦Û¶O),,,§_,¬O,,À³µø¨ä¦~ÄÖ¡BÅé­«¤Î¯gªp¤©¥H¾A·í¤§¾¯¶q¡A¨Ã¯d·NÆ[¹î,,,,,,[Rx_x]ÃÄ§½½Õ¾¯¡A «D¤@¯ë¥æ¥IÃÄ«~¡A³B¤è¶°¤£Åã¥Ü,¤@¯ë,ª`®g,Äµ »y:À³µø¨ä¦~ÄÖ¡BÅé­«¤Î¯gªp¤©¥H¾A·í¤§¾¯¶q¡A¨Ã¯d·NÆ[¹î,Äµ °ªÄµ°T,,0,0,,1.0,,§_,¬O,§_,³æ¤è,§_,¥i¥Î,¥i¥Î,¤£¥i¿i,¬O,,1.00,1.00,1.00,1.00,1,1,1,1,1.00,1.00,0,0,,µL¹Ï¤ù,,0,,0,,,,,,,,,,,¦¸,,°·«O¤£¥Ó³ø¤£­p»ù,°·«O¤£¥Ó³ø¤£­p»ù,,,,§_,,,,,100.00,mg,100.00,mL,¬Ò¥i,³æ¦¸¿éª`,PH034,202110281010,0,0
IPCA2,20110928,99999999,°±¥Î,PCA-2 inj 125mL (¦Û¶O),PCA-2 inj 125mL (¦Û¶O),PCA-2 inj 125mL (¦Û¶O),IVD,ST,CNEU,CN-01-01,°w¾¯,BAG,,«D²Õ®M,°±¥Î,,¤@¯ë¥i¥Î,¬O,¤£¥i¥ÎÃÄ¥]¾÷,,¤£¦LÃÄÅÒ,¤£¶i¦ì,¾AÀ³¯g:¬°³Â¾K©Ê¤îµh¾¯,,Indication:Narcotic analgesics,,¥~ Æ[:125mL³z©ú¤p³U,,,,,¬Ò¥i¥Î,,PCA-2 inj 125mL (¦Û¶O),,,§_,¬O,,À³µø¨ä¦~ÄÖ¡BÅé­«¤Î¯gªp¤©¥H¾A·í¤§¾¯¶q¡A¨Ã¯d·NÆ[¹î,,,,,,,¤@¯ë,ª`®g,Äµ »y:À³µø¨ä¦~ÄÖ¡BÅé­«¤Î¯gªp¤©¥H¾A·í¤§¾¯¶q¡A¨Ã¯d·NÆ[¹î,Äµ °ªÄµ°T,,0,0,§_,1.0,,§_,§_,§_,½Æ¤è,§_,¥i¥Î,¥i¥Î,¤£¥i¿i,¬O,,1.00,1.00,1.00,1.00,1,1,1,1,1.00,1.00,0,0,,µL¹Ï¤ù,,0,,0,,,,,,,,,,,¦¸,,°·«O¤£¥Ó³ø¤£­p»ù,°·«O¤£¥Ó³ø¤£­p»ù,,,,§_,Liquid,IVSOL,,,,,,,¬Ò¥i,³æ¦¸¿éª`,PH006,202401281110,0,594.00
IPCA3,20120307,99999999,¥i¥Î,PCA-3 inj 300mL (¦Û¶O),PCA-3 inj 300mL (¦Û¶O),PCA-3 inj 300mL (¦Û¶O),IVD,STAT,CNEU,CN-01-01,°w¾¯,BAG,,«D²Õ®M,,,¤@¯ë¥i¥Î,¬O,¤£¥i¥ÎÃÄ¥]¾÷,,¤£¦LÃÄÅÒ,¤£¶i¦ì,¾AÀ³¯g:¬°³Â¾K©Ê¤îµh¾¯,,Indication:Narcotic analgesics,,¥~ Æ[:300mL³z©ú¤p³U,,,,,¬Ò¥i¥Î,,PCA-3 inj 300mL (¦Û¶O),,,§_,¬O,,À³µø¨ä¦~ÄÖ¡BÅé­«¤Î¯gªp¤©¥H¾A·í¤§¾¯¶q¡A¨Ã¯d·NÆ[¹î,,,,,,[Rx_x]ÃÄ§½½Õ¾¯¡A «D¤@¯ë¥æ¥IÃÄ«~¡A³B¤è¶°¤£Åã¥Ü,¤@¯ë,ª`®g,Äµ »y:À³µø¨ä¦~ÄÖ¡BÅé­«¤Î¯gªp¤©¥H¾A·í¤§¾¯¶q¡A¨Ã¯d·NÆ[¹î,Äµ °ªÄµ°T,,0,0,§_,1.0,,§_,¬O,§_,½Æ¤è,§_,°±¥Î,¥i¥Î,¤£¥i¿i,¬O,,1.00,1.00,1.00,1.00,1,1,1,1,1.00,1.00,0,0,,µL¹Ï¤ù,,0,,0,,,,,,,,,,,¦¸,,°·«O¤£¥Ó³ø¤£­p»ù,°·«O¤£¥Ó³ø¤£­p»ù,,,,§_,Liquid,IVSOL,,,,,300.00,mL,¬Ò¥i,³æ¦¸¿éª`,PH034,202110281010,0,802.00
IPCN3,19960101,99999999,°±¥Î,Penicillin G Sod inj 3¦Ê¸U³æ¦ì,Penicillin G Sod inj 3 MIU,Penicillin G,ID,,QANB,AI-01-01,°w¾¯,VAL,Penicillin G,«D²Õ®M,°±¥Î,,¤@¯ë¥i¥Î,¬O,¥i¥ÎÃÄ¥]¾÷,,¤@¯ë,Á`¶q¶i¦ì,¾AÀ³¯g:²Óµß©Ê·P¬V,,Indication:Antibiotic for infection.,,¥~ Æ[:³z©ú¤p²~(Vial)¡A ¥Õ¦âÂÅ¦â¾ï¦â¥~¶K¯È¡A »È¦â¥~Àô,,¹L±Ó¤ÏÀ³,Hypersensitivity reactions.,¤@¯ëÃþ§Ü¥Í¯À,¥u¥Î©óªù¶E¤Î¦í°|STAT,Ëy°ò«CÅð¯À¶uª`®g¾¯,Penicillin G Sod inj 3 MIU,,,§_,¬O,,­Yµo¥ÍÄY­«¹L±Ó©Îµo¯lµ¥¤£¾A¯gª¬¡A À³§Y°±ÃÄ¨Ã½Ð±ÐÂå®v,,Report to doctor¡A if any severe hypersensitivity or skin rash occur.,,,,¼t°Ó¯Ê³f¡A³Ñ¾l®w¦s¥Î©ópenicillin test½Õ¾¯¡C,¤@¯ë,ª`®g,Äµ »y: ­Yµo¥ÍÄY­«¹L±Ó©Îµo¯lµ¥¤£¾A¯gª¬¡AÀ³§Y°±ÃÄ¨Ã½Ð±ÐÂå®v,,,,,¬O,1.0,,§_,¬O,§_,³æ¤è,§_,¥i¥Î,¥i¥Î,¤£¥i¿i,¬O,,1.00,1.00,2.00,2.00,7,7,1,1,48.00,48.00,0.40,0.08,,¦³¹Ï¤ù,D/W,3000.00,KIU,0,10-30¸U³æ¦ì(100-300KIU)/Kg/day,J01CE01,,,,,1.80,g,3.60,g,VAL,§_,°·«Oµ¹¥I,°·«Oµ¹¥I,PENICILLIN G,J01CE01,AC15845216,§_,Liquid,IVSOL,,,3.00,MIU,,,¥²¶·µ}ÄÀ,³æ¦¸¿éª`,PH047,202401261220,106.00,127.00
IPCT,20060321,99999999,°±¥Î,Penicillin test reagent 300U/0.1mL/dose,Penicillin test reagent 300U/0.1mL/dose,Penicillin G,ID,STAT,TEST,,°w¾¯,DOS,Penicillin,«D²Õ®M,°±¥Î,,¤@¯ë¥i¥Î,§_,¤£¥i¥ÎÃÄ¥]¾÷,,¤@¯ë,,¾AÀ³¯g: ¥»«~­­¥Ö½§¸ÕÅç¥Î,,,,¥»ÃÄ«~«~»Ý¥ß§Y°t»s¡A½Ð¨Ìskin test ½Õ¾¯§@·~¬yµ{½Õ¾¯,,,,,¥u¥Î©óªù¶E¤Î¦í°|STAT,«CÅð¯À¥Ö½§¸ÕÅç,Penicillin test reagent 0.1m,,,§_,¬O,,,,,,,,,¤@¯ë,ª`®g,Äµ »y:½Ð¿í·ÓÂå®v«ü¥Ü¨Ï¥Î¡A­Yµo¥ÍºÃ¦üÃÄª«¤£¨}¤ÏÀ³½Ð§iª¾Âå¥Í¡C,,,,,¬O,1.0,,¬O,¬O,¬O,³æ¤è,§_,¥i¥Î,¥i¥Î,¤£¥i¿i,¬O,,1.00,1.00,1.00,1.00,1,1,1,1,1.00,1.00,0,0,,µL¹Ï¤ù,,0,,0,,J01CE01,J01C,,,,,,,,DOS,,°·«O¤£¥Ó³ø¤£­p»ù,°·«O¤£¥Ó³ø¤£­p»ù,,,,§_,Liquid,SOL,,,300.00,U,0.10,mL,¬Ò¥i,³æ¦¸¿éª`,PH006,202401281110,0,0
IPED,19960101,99999999,°±¥Î,°ö©w«_,PedvaxHIB,Haemophilus b Conjugate Vaccine,IM,ST,HIMM,IM-02-01,°w¾¯,VAL,Hib Vaccine,«D²Õ®M,°±¥Î¡A¥i¬dÃþ¦üÃÄ,,¤@¯ë¥i¥Î,¬O,¤£¥i¥ÎÃÄ¥]¾÷,,¤@¯ë,Á`¶q¶i¦ì,¾AÀ³¯g:¬°B«¬¶Ý¦å±ìµß¬Ì­],,,,,,,,,,°ö©w«_,PedvaxHIB,HIB,,§_,¬O,,,,,,,,,¤@¯ë,ª`®g,Äµ »y:»â¨ú¬Ì­]«á¡A½Ð¥ß§Y¦Üª`®g«Ç¨Ì«ü¥Ü¨Ï¥Î¡C,,,,,¬O,1.0,,§_,§_,§_,³æ¤è,§_,¥i¥Î,¥i¥Î,¤£¥i¿i,¬O,,1.00,1.00,1.00,1.00,1,1,1,1,0,0,0,0,,µL¹Ï¤ù,,0,,0,,,,,,,,,,,VAL,§_,¤£µ¹¥I¶·¦Û¥I,¤£µ¹¥I¶·¦Û¥I,,,,§_,Liquid,SOL,,,,,,,¬Ò¥i,³æ¦¸¿éª`,PH032,202110031702,0,600.00
IPED0,20170905,99999999,¥i¥Î,Infanrix (¤­¦X¤@¡A¬F©²´£¨Ñ) 0.5mL/dose,Infanrix 5in1 vaccine (Government),DTaP-IPV-HIB,IM,STAT,HIMM,IM-02-03,°w¾¯,DOS,Pediacel,«D²Õ®M,,,¤@¯ë¥i¥Î,¬O,¥i¥ÎÃÄ¥]¾÷,­­¥Î,¤£¦LÃÄÅÒ,Á`¶q¶i¦ì,¾AÀ³¯g:¥Õ³ï/«D²Ó­M«¬¦Ê¤é«y/¯}¶Ë­·/¥h¬¡©Ê¤p¨à³Â·ô/HIB¬Ì­],,Indication:Combined DPT¡A inactivated polio & Hib vaccine,,¥~ Æ[: 0.5mL ¹w¶ñ¥R°wµ©,Appearance: Prefilled syringe 0.5mL,ª`®g³¡¦ì¬õ¡A ¸~¡A µo¿N¡A ­ú¾x¡A §x­Â,Redness¡A tenderness & swelling at inj site; fever¡A crying¡A drowsiness,,¥u¥Î©óªù¶E¤Î¦í°|STAT,À¦Å@¹ç¤­¦X¤@¬Ì­],Infanrix 5in1 vaccine (Gove,5IN1,,§_,¬O,,»â¨ú¬Ì­]«á¡A ½Ð¥ß§Y¦Üª`®g«Ç¨Ì«ü¥Ü¨Ï¥Î,,After receiving the vaccine¡A please go to the injection room immediately.,,,,,¤@¯ë,ª`®g,Äµ »y:»â¨ú¬Ì­]«á¡A½Ð¥ß§Y¦Üª`®g«Ç¨Ì«ü¥Ü¨Ï¥Î¡C,,,0,0,§_,1.0,,§_,¬O,¬O,½Æ¤è,§_,°±¥Î,¥i¥Î,¤£¥i¿i,§_,,1.00,1.00,1.00,1.00,1,1,1,1,1.00,1.00,0,0,,¦³¹Ï¤ù,,0,,0,,J07CA06,,,,,0,,0,,VIAL,§_,°·«Oµ¹¥I,°·«Oµ¹¥I,,,X000153206,§_,Liquid,SOL,,,,,0.50,mL,¬Ò¥i,³æ¦¸¿éª`,PH006,202401231435,0,0
IPED5,20061230,99999999,°±¥Î,Pediacel (¤­¦X¤@¬Ì­]¡A ¦Û¶O) 0.5mL/dose,Pediacel 0.5mL/dose (5 in 1 vaccine),DTaP5-IPV-HIB,IM,STAT,HIMM,IM-02-03,°w¾¯,VAL,Pediacel,«D²Õ®M,¼t°Ó¯Ê³f,,¤@¯ë¥i¥Î,¬O,¤£¥i¥ÎÃÄ¥]¾÷,°·«O¤£µ¹¥I,¤@¯ë,Á`¶q¶i¦ì,¾AÀ³¯g:¥Õ³ï/«D²Ó­M«¬¦Ê¤é«y/¯}¶Ë­·/¥h¬¡©Ê¤p¨à³Â·ô/HIB¬Ì­],,Indication:Combined DPT¡A inactivated polio & Hib vaccine,,¥~ Æ[:0.5mL³z©ú¤p²~(vial)¡A ÂÅ¦â¥~»\,Appearance: 0.5mL vial,ª`®g³¡¦ì¬õ¡A ¸~¡A µo¿N¡A ­ú¾x¡A §x­Â,Redness¡A tenderness & swelling at inj site; fever¡A crying¡A drowsiness,,¬Ò¥i¥Î,"¤Ú´µ¼w" ¤­¦X¤@¬Ì­],Pediacel 0.5mL/dose (5 in 1,5IN1,,§_,¬O,,»â¨ú¬Ì­]«á¡A ½Ð¥ß§Y¦Üª`®g«Ç¨Ì«ü¥Ü¨Ï¥Î,,After receiving the vaccine¡A please go to the injection room immediately.,,,,,¤@¯ë,ª`®g,Äµ »y:»â¨ú¬Ì­]«á¡A½Ð¥ß§Y¦Üª`®g«Ç¨Ì«ü¥Ü¨Ï¥Î¡C,,,,,¬O,1.0,,§_,¬O,¬O,½Æ¤è,§_,°±¥Î,°±¥Î,¤£¥i¿i,¬O,,1.00,1.00,1.00,1.00,1,1,1,1,1.00,1.00,0,0,,¦³¹Ï¤ù,,0,,0,,J07CA06,,,,,,,,,VAL,,¤£µ¹¥I¶·¦Û¥I,¤£µ¹¥I¶·¦Û¥I,,,,§_,Liquid,SOL,,,,,0.50,mL,¬Ò¥i,³æ¦¸¿éª`,PH032,202110031702,0,1200.00
IPEDE,20101001,99999999,¥i¥Î,Pedea inj 10mg/2mL (±M®×¶i¤f),Pedea inj 10mg/2mL (±M®×¶i¤f),Ibuprofen,IVD,QD,CNEU,CN-01-02,°w¾¯,AMP,Ibuprofen,«D²Õ®M,,,±M®×¶i¤fÃÄ«~,§_,¥i¥ÎÃÄ¥]¾÷,°·«O¤£µ¹¥I,¤@¯ë,¦¸­p¶q¶i¦ì,¾AÀ³¯g:¤p©ó34¶g·s¥Í¨à¦³¶}©ñ©Ê°Ê¯ß¾ÉºÞ,,Indication:Patent Ductus Arteriosus in premature neonates,,¥~ Æ[:2mL³z©ú¬Á¼þ¦wÞÀ(amp),Appearance: 2mL ampoule,ª`®g³¡¦ì¬õ¡A ¸~¡A µo¿N¡A ­ú¾x¡A §x­Â,red or swelling of injection site¡A fever¡A fatigue,,¥u¥Î©ó¦í°|,Pedea inj 10mg/2mL (±M®×¶i¤f¥ÎÃÄ),Pedea inj 10mg/2mL (±M®×¶i¤f¥ÎÃÄ),,,§_,¬O,,¤£¥¿±`¥X¦å¡A¾®¦å¥\¯à²§±`¡A¦å¤pªO§C¤U¡AµÇ¥\¯à²§±`½Ð¥ß§Y§i¶DÂå¥Í,¦p¥ÎÃÄ«á¥X²{³ïµh¡B¤fµÄÂH½¤¼ìÄê¡B¥Ö¯lµ¥¯gª¬¡A¥ß§Y°±ÃÄ¦^¶E,Talk to your physician if sepsis¡A anemia¡A bleeding¡A apnea¡A renal impairment¡A,If signs of sore throat¡A mouth ulcers or skin rash occur¡A please consult doctor,µ¹ÃÄ³~®|¶È¯à¥HÀR¯ßª`®g(IVD)µ¹ÃÄ¡AÀR¯ßª`®g®É¶¡¦Ü¤Ö 15¤ÀÄÁ¡C,Pedea should be administered as a short infusion over 15 minutes.,105-1ÃÄ©e·|³q¹L¡A¤p¨à¬ì¥Ó½Ð±M®×¶i¤f¥Î©ó¦­²£¨à¶}©ñ©Ê°Ê¯ß¾ÉºÞ¤§ªvÀø,¤@¯ë,ª`®g,Äµ»y: ¤£¥¿±`¥X¦å¡A¾®¦å¥\¯à²§±`¡A¦å¤pªO§C¤U¡AµÇ¥\¯à²§±`½Ð¥ß§Y§i¶DÂå¥Í,,,,,¬O,1.0,,¬O,¬O,§_,³æ¤è,§_,°±¥Î,°±¥Î,¤£¥i¿i,¬O,,1.00,1.00,1.00,3.00,1,3,1,1,1.00,6.00,1.00,1.00,,¦³¹Ï¤ù,,0,,0,,C01EB16,M01AE01,,,,,,,,AMP,,¤£µ¹¥I¶·¦Û¥I,¤£µ¹¥I¶·¦Û¥I,,,,§_,Liquid,IVSOL,,,10.00,mg,2.00,mL,¬Ò¥i,³æ¦¸¿éª`,PH047,202401160933,0,7560.00
IPEDI,20151218,99999999,¥i¥Î,Peditrace inj 10mL/vial (¤p¨à¥Î),Peditrace inj 10mL/vial (¤p¨à¥Î),Cu+Zn+Mn+Se+I+F,IVA,QD,NUTR,NU-02-00,°w¾¯,Vial,Trace Element,«D²Õ®M,°±¥Î,,±M®×¶i¤fÃÄ«~,¬O,¤£¥i¥ÎÃÄ¥]¾÷,°·«O¤£µ¹¥I,¤£¦LÃÄÅÒ,¦¸­p¶q¶i¦ì,¾AÀ³¯g:¾N¡A »É¡A ¿ø¡A Ö´¡A ¸K¡A ¬t¤§ÀR¯ßÀç¾i¸É¥R,,Indication: Zn¡A Cu¡A Mn¡A Se¡A Iodine¡A Fluoride supplement,,¥~ Æ[:³z©ú10²@¤É¤p²~(Vial),Appearance: 10mL colorless vial.,¬õ¯l,Skin rash.,,¥u¥Î©óªù¶E¤Î¦í°|STAT,µL (±M®×¶i¤f),Peditrace inj 10mL/vial,,,,¬O,,¥»ÃÄ¤@©w­n¸gµ}ÄÀ¹L«á¨Ï¥Î¡C,Wilson¡¦s Disease¸T¥Î¡C,Should be diluted before injecting.,Contraindication:Wilson¡¦s Disease.,¿éª`®É¶¡¤£¥i¤Ö©ó8¤p®É¡C,The infusion time should not be less than 8 hours.,¶È¨ÑTPN½Õ°t¨Ï¥Î¡C,¤@¯ë,ª`®g,Äµ »y:¥»ÃÄ¤@©w­n¸gµ}ÄÀ¹L«á¨Ï¥Î,,,0,0,§_,1.0,,§_,¬O,§_,½Æ¤è,§_,°±¥Î,¥i¥Î,¤£¥i¿i,¬O,,0.10,0.10,1.00,1.00,999,999,10,10,1.00,1.00,0,0,,¦³¹Ï¤ù,,0,,0,,B05XA31,B05BB01,,,,0,,0,,AMP,,¤£µ¹¥I¶·¦Û¥I,¤£µ¹¥I¶·¦Û¥I,,,,§_,Liquid,IVSOL,,,,,10.00,mL,¥²¶·µ}ÄÀ,³æ¦¸¿éª`,PH036,201905161451,0,240.00
IPEG1,20020826,99999999,°±¥Î,PEG-INTRON 100mcg,PEG-INTRON 100mcg,Peginterferon alfa-2b,SC,,QANB,AI-03-04,°w¾¯,VAL,Interferon,«D²Õ®M,°±¥Î,,­Ó®×Á{±Ä,¬O,¤£¥i¥ÎÃÄ¥]¾÷,±ø¥ó¤Uµ¹¥I,¤@¯ë,Á`¶q¶i¦ì,¾AÀ³¯g:¥DªvC«¬¨xª¢,,,,,,,,,¬Ò¥i¥Î,¬£¼Ö¯àª`®g¾¯,PEG-INTRON 100mcg,,,§_,¬O,,,,,,,,,¤@¯ë,ª`®g,Äµ »y:½Ð¸m©óÄá¤ó 2-8 «×¦B½cÁ×¥ú§NÂÃ«O¦s¡C,,,,,¬O,1.0,,§_,¬O,§_,³æ¤è,§_,¥i¥Î,¥i¥Î,¤£¥i¿i,¬O,,1.00,1.00,2.00,2.00,99,99,1,1,2.00,2.00,0,0,,µL¹Ï¤ù,,0,,0,,L03AB10,,,,,,,,,VAL,,°·«Oµ¹¥I,°·«Oµ¹¥I,PEGINTERFERON-ALPHA-2B,L03AB10,K000667255,§_,Liquid,SOL,,,,,,,¬Ò¥i,³æ¦¸¿éª`,PH047,202401261716,4013.00,4816.00
IPEGA,20031210,99999999,°±¥Î,Pegasys 180mcg/0.5mL,Pegasys 180mcg/0.5mL,Peginterferon alfa-2a,SC,QW,QANB,AI-03-04,°w¾¯,¤ä,Interferon,«D²Õ®M,°±¥Î,,¤@¯ë¥i¥Î,¬O,¤£¥i¥ÎÃÄ¥]¾÷,±ø¥ó¤Uµ¹¥I,¤@¯ë,Á`¶q¶i¦ì,¾AÀ³¯g:ªvÀøºC©ÊC«¬¨xª¢,,Indication:Treatment of hepatitis C.,,¥~ Æ[:¥Õ¦â¥~²°,,¹½­¹¡A Åé­«¤U­°¡A ¥¢¯v¡A §íÆ{¡A ©ö«ã,Anorexia¡A decreased weight¡A insomnia¡A depression¡A irritability,,¬Ò¥i¥Î,¯\®æ¦è¬Iª`®g¾¯,Pegasys 180mcg/0.5mL,,,§_,¬O,,µÇ¥\¯à¤£¨¬ªÌ»Ý½Õ¾ã¾¯¶q,,Adjust dosage in renal impairment patients,,³Æµù:½Ð¸m©óÄá¤ó 2-8 «×¦B½c§NÂÃ,Store in a refrigerator (2-8¢XC).,2019/04¤Ö¥ÎÃÄ¡A§Ö¹L´Á¡A»Ý­n®É¦AÁÊ¶R¡A108Q3§R°£,¤@¯ë,ª`®g,Äµ »y:µÇ¥\¯à¤£¨¬ªÌ»Ý½Õ¾ã¾¯¶q,,,,,§_,1.0,,§_,¬O,§_,³æ¤è,§_,¥i¥Î,¥i¥Î,¤£¥i¿i,¬O,,1.00,1.00,1.00,1.00,28,99,1,1,1.00,1.00,0,0,,¦³¹Ï¤ù,,0,,0,,L03AB11,,,,,,,,,VAL,,°·«Oµ¹¥I,°·«Oµ¹¥I,PEGINTERFERON-ALPHA-2A,L03AB11,KC00789277,§_,Liquid,SOL,,,180.00,mcg,0.50,mL,¬Ò¥i,³æ¦¸¿éª`,PH047,202401261715,2400.00,2880.00
IPEGI,20020222,99999999,°±¥Î,Peg-Intron inj 80mcg,Peg-Intron inj 80mcg,Peginterferon alfa-2b,SC,,QANB,AI-03-04,°w¾¯,VAL,Peg-Intron,«D²Õ®M,°±¥Î,,­Ó®×Á{±Ä,¬O,¤£¥i¥ÎÃÄ¥]¾÷,°·«O¤£µ¹¥I,¤@¯ë,Á`¶q¶i¦ì,¾AÀ³¯g:ºC©ÊC«¬¨xª¢,,,,,,,,,¬Ò¥i¥Î,,Peg-Intron inj 80mcg,,,§_,¬O,,,,,,,,,¤@¯ë,ª`®g,Äµ »y:½Ð¸m©óÄá¤ó 2-8 «×¦B½cÁ×¥ú§NÂÃ«O¦s¡C,,,,,¬O,1.0,,§_,¬O,§_,³æ¤è,§_,¥i¥Î,¥i¥Î,¤£¥i¿i,¬O,,1.00,1.00,2.00,2.00,99,99,1,1,2.00,2.00,0,0,,µL¹Ï¤ù,,0,,0,,L03AB10,,,,,,,,,VAL,§_,°·«Oµ¹¥I,°·«Oµ¹¥I,PEGINTERFERON-ALPHA-2B,L03AB10,K000674253,§_,Liquid,SOL,,,,,,,¬Ò¥i,³æ¦¸¿éª`,PH047,202401261716,3377.00,4052.00
IPEN0,19960101,99999999,°±¥Î,Pentothal inj 0.5mg,Pentothal inj 0.5mg,Thiopental,IV,,ZANE,CN-04-01,°w¾¯,AMP,Pentothal,«D²Õ®M,°±¥Î¡A¥i¬dÃþ¦üÃÄ,,¤@¯ë¥i¥Î,¬O,¤£¥i¥ÎÃÄ¥]¾÷,,¤@¯ë,¦¸­p¶q¶i¦ì,¾AÀ³¯g:¬°µu®Ä³Â¾K¾¯,,,,,,,,,,,Pentothal inj 0.5mg,,,§_,¬O,,,,,,,,,¤@¯ë,ª`®g,,,,,,¬O,1.0,,§_,§_,§_,³æ¤è,§_,¥i¥Î,¥i¥Î,¤£¥i¿i,¬O,,1.00,1.00,4.00,4.00,999,999,1,1,0,0,0,0,,µL¹Ï¤ù,,0,,0,,,,,,,,,,,AMP,§_,°·«Oµ¹¥I,°·«Oµ¹¥I,,,B010683277,§_,Liquid,IVSOL,,,,,,,¬Ò¥i,³æ¦¸¿éª`,PH008,201403201339,63.50,85.00
IPEN2,19960101,99999999,°±¥Î,Penadur LA (Retarpen)2.4MIU,Penadur LA (Retarpen)2.4MIU,Penicillin G Benzathine,IM,,QANB,AI-01-01,°w¾¯,VAL,Penadur LA,«D²Õ®M,°±¥Î¡A¥i¬dÃþ¦üÃÄ,,¤@¯ë¥i¥Î,¬O,¤£¥i¥ÎÃÄ¥]¾÷,,¤@¯ë,Á`¶q¶i¦ì,¾AÀ³¯g:²Óµß©Ê·P¬V,,Indication:Antibiotic for infection.,,¥~ Æ[:³z©ú¤p²~(VAIL)¡A ¥Õ¦â¥~¶K¯È¡A »È¦â¥~Àô,,¹L±Ó¤ÏÀ³¡A ¤fµÄª¢¡A ¦Þª¢,Hypersensitivity reactions¡A stomatitis¡A glossitis.,¤@¯ëÃþ§Ü¥Í¯À,,§Q¹F¥­ª`®g¾¯240¸U°ê»Ú³æ¦ì,Penadur LA (Retarpen)2.4MU,,,§_,¬O,,¥»«~À³¥H¦Ù¦×ª`®g(IM)¤è¦¡§ë»P,,,,,,107-1 ÃÄ©e·|§R°£,¤@¯ë,ª`®g,Äµ »y:¥»«~À³¥H¦Ù¦×ª`®g (IM) ¤è¦¡§ë»P,,,,,¬O,1.0,,§_,§_,§_,³æ¤è,§_,¥i¥Î,¥i¥Î,¤£¥i¿i,¬O,,1.00,1.00,2.00,2.00,3,7,1,1,0,0,0,0,,¦³¹Ï¤ù,,0,,0,,J01CE08,,,,,,,,,VAL,§_,°·«Oµ¹¥I,°·«Oµ¹¥I,PENICILLIN G BENZATHINE,J01CE08,B016989213,§_,Liquid,SOL,,,,,,,¬Ò¥i,³æ¦¸¿éª`,PH008,201803301529,79.00,99.00
IPENT,19960101,99999999,°±¥Î,Pentothal inj 0.5gm,Pentothal inj 0.5gm,Thiopental,IV,,ZANE,CN-04-01,°w¾¯,AMP,Pentothal,«D²Õ®M,°±¥Î¡A¥i¬dÃþ¦üÃÄ,,¤w°±¥Î,¬O,¤£¥i¥ÎÃÄ¥]¾÷,,¤@¯ë,¦¸­p¶q¶i¦ì,¾AÀ³¯g:¬°µu®Ä³Â¾K¾¯,,,,,,,,,,,Pentothal inj 0.5gm,,,§_,¬O,,,,,,,,,¤@¯ë,ª`®g,,,,,,¬O,1.0,,§_,§_,§_,³æ¤è,§_,¥i¥Î,¥i¥Î,¤£¥i¿i,¬O,,1.00,1.00,4.00,4.00,999,999,1,1,0,0,0,0,,µL¹Ï¤ù,,0,,0,,,,,,,,,,,AMP,§_,¥Ó³ø¤£­p»ù,¥Ó³ø¤£­p»ù,,,B010683277,§_,Liquid,IVSOL,,,,,,,¬Ò¥i,³æ¦¸¿éª`,PH008,201403201339,0,76.00
IPENV,19960101,99999999,°±¥Î,Pentothal 2.5gm,Pentothal 2.5gm,Thiopental,IV,,ZANE,CN-04-01,°w¾¯,VAL,Pentothal,«D²Õ®M,°±¥Î¡A¥i¬dÃþ¦üÃÄ,,¤@¯ë¥i¥Î,¬O,¥i¥ÎÃÄ¥]¾÷,,¤@¯ë,Á`¶q¶i¦ì,¾AÀ³¯g:¬°µu®Ä³Â¾K¾¯,,,,¥~ Æ[:³z©ú¤p²~(VAIL)¡A¥Õ¦â¥~¶K¯È¡A¦Ç¦â¥~»\,,,,,,¥²¦«¥Íª`®g¾¯ª`®g²G,Pentothal 2.5gm,,,§_,¬O,,,,,,,,,¤@¯ë,ª`®g,Äµ »y:À³µø¨ä¦~ÄÖ¡BÅé­«¤Î¯gªp¤©¥H¾A·í¤§¾¯¶q¡A¨Ã¯d·NÆ[¹î,,,,,¬O,1.0,,§_,§_,§_,³æ¤è,§_,¥i¥Î,¥i¥Î,¤£¥i¿i,¬O,,1.00,1.00,1.00,2.00,999,999,1,1,0,0,0,0,,¦³¹Ï¤ù,,0,,0,,,,,,,,,,,VAL,§_,¥Ó³ø¤£­p»ù,¥Ó³ø¤£­p»ù,,,,§_,Liquid,IVSOL,,,,,,,¬Ò¥i,³æ¦¸¿éª`,PH008,201403201339,0,303.00
IPER0,20131107,99999999,¥i¥Î,Perjeta inj 420mg/14mL (sample),Perjeta inj 420mg/14mL (sample),Pertuzumab,IVD,STAT,RACA,ON-09-02,°w¾¯,mg,Perjeta,«D²Õ®M,Á{±ÄÃÄ¡A½Ð³qª¾ÃÄ§½¥~ÁÊ,,¥»°|Á{±Ä²M³æ,¬O,¤£¥i¥ÎÃÄ¥]¾÷,,¤@¯ë,Á`¶q¶i¦ì,¾AÀ³¯g:§Ü¸~½FÃÄ,°t»s«á«O¦s´Á­­¡G24hrs(2-8¢XC)¡A­­½Õ»s·í¤é§¹¦¨µ¹ÃÄ,Indication:Cancer therapy.,,¥~ Æ[: 14²@¤É²GÅé¤p²~,,°©ÀH§í¨î¡A ¤ßÅ¦¬r©Ê¡A ±¼¾v,Myelosuppression¡A cardiotoxicity¡A alopecia.,,¬Ò¥i¥Î,¶P¯e§´ª`®g²G,Perjeta (sample),,,§_,¬O,,¥»«~¬°­«¯gªvÀøÃÄ¡A ½Ð¨Ì·ÓÂå®v«ü¥Ü¨Ï¥Î,,Take this medicine exactly as your doctor ordered.,,³Æµù:½Ð¸m©óÄá¤ó 2-8 «×¦B½c§NÂÃ,Store in a refrigerator (2-8¢XC),[Rx_x]³B¤è¶°¤£Åã¥Ü¡A¼Ë«~ÃÄ,¤ÆÀø,¤ÆÀø,Äµ »y:¥»«~¬°­«¯gªvÀøÃÄª«¡A½Ð¨Ì·ÓÂå®v«ü¥Ü¨Ï¥Î¡C,,,0,0,§_,420.0,,§_,¬O,§_,³æ¤è,§_,°±¥Î,°±¥Î,¤£¥i¿i,¬O,,1.00,1.00,840.00,840.00,1,1,1,1,840.00,840.00,0,0,,¦³¹Ï¤ù,,0,,0,,L01FD02,,,,,,,,,VIAL,,°·«O¤£¥Ó³ø¤£­p»ù,°·«O¤£¥Ó³ø¤£­p»ù,,,,§_,,,,,420.00,mg,14.00,mL,¥²¶·µ}ÄÀ,³æ¦¸¿éª`,PH032,202303261044,0,0
IPER4,20190315,99999999,¥i¥Î,Pergoveris 450 IU + 225 IU,Pergoveris 450 IU + 225 IU,FSH 450IU + LH 225IU,SC,,HM,HR-02-00,°w¾¯,Vial,FSH+LH,«D²Õ®M,,,¤@¯ë¥i¥Î,¬O,¤£¥i¥ÎÃÄ¥]¾÷,°·«O¤£µ¹¥I,¤@¯ë,¦¸­p¶q¶i¦ì,¾AÀ³¯g:¤£¥¥¯g¥ÎÃÄ,,Indication:Ovulation stimulants.,,¥~ Æ[: ª`®gµ§,Appearance: pre-filled pen,¸¡¤ô¡A ¯Ý³¡¿n¤ô¡A ¹è§¿¡A §C¦åÀ£¡A ¦å®ê,Ascites¡A hydrothorax¡A oliguria¡A hypotension¡A thromboembolism,,¬Ò¥i¥Î,­¿¥¥¤O ª`®gµ§450/225 IU,Pergoveris 450 IU + 225 IU,,,,¬O,,ÃÄ«~¨Ï¥Î´Á¶¡¥i¯à¼È¦³äú¤ß¡A ¹Ã¦R©Î·w¯t²{¶H,Àx¦s©ó¦B½c§NÂÃ(2¢XC-8¢XC)¡A¤£¥i§N­á¡C,May cause nausea¡A vomiting or dizziness temporarily.,Store in refrigerator (2¢XC-8¢XC)¡A not frozen.,¤@¥¹¥´¶}¨Ï¥Î«á¡A¥i¦b 25¢XC ¤U¦s©ñ³Ìªø¹F 28 ¤Ñ¡C,Stored at 25¢XC for up to 28 days after being opened for use.,2019Q1ÃÄ©e·|·s¶i,¤@¯ë,ª`®g,Äµ »y:ÃÄ«~¨Ï¥Î´Á¶¡¥i¯à¼È¦³äú¤ß¡B¹Ã¦R©Î·w¯t²{¶H,,,0,0,§_,1.0,,§_,¬O,§_,½Æ¤è,§_,°±¥Î,°±¥Î,¤£¥i¿i,¬O,,1.00,1.00,99.00,1.00,99,99,1,1,99.00,99.00,0,0,,¦³¹Ï¤ù,,0,,0,,G03GA07,G03GA05,,,,0,,0,,VIAL,,¤£µ¹¥I¶·¦Û¥I,¤£µ¹¥I¶·¦Û¥I,,,,,,,,,0,IU,0,,¬Ò¥i,³æ¦¸¿éª`,PH047,202309251022,0,10692.00
IPERD,19960101,99999999,¥i¥Î,Perdipine inj 10mg/10mL,Perdipine inj 10mg/10mL,Nicardipine,IVD,QD,CAVS,CV-05-00,°w¾¯,AMP,Perdipine,«D²Õ®M,,,¤@¯ë¥i¥Î,¬O,¥i¥ÎÃÄ¥]¾÷,,¤@¯ë,¦¸­p¶q¶i¦ì,¾AÀ³¯g:°ª¦åÀ£,,Indication: Hypertension,,¥~ Æ[:²`½Å¦â¦wÞÀ(amp)¡A ¥Õ¦â¥~¶K¯È¡A ºñ¦â©@°Ø¦â¦r¼Ë,,¹½­¹¡A äú¤ß¡A ¹Ã¦R¡A ¤ß±ª¡A ÀYµh,Anorexia¡A nausea¡A vomiting¡A palpitation; headache.,,,°öº¸¦N¥­ª`®g¾¯,Perdipine inj 10mg/10mL,,,§_,¬O,,¥»«~»Ý¸m©óÁ×¥ú³±²D°®Àê³B,,Store at room temperature¡A away from heat¡A moisture¡A and direct light.,,,,,¤@¯ë,ª`®g,Äµ »y:¥»«~»Ý¸m©óÁ×¥ú³±²D°®Àê³B,LA ¥~Æ[¬Û¦ü,,,,¬O,1.0,,§_,¬O,¬O,³æ¤è,§_,¥i¥Î,¥i¥Î,¤£¥i¿i,¬O,,1.00,1.00,12.00,12.00,1,14,1,1,36.00,36.00,0.72,0.24,,¦³¹Ï¤ù,,10.00,mg,0,,C08CA04,,,,,,,,,AMP,§_,°·«Oµ¹¥I,°·«Oµ¹¥I,NICARDIPINE,C08CA04,BC20021229,§_,Liquid,IVSOL,,,10.00,mg,10.00,mL,¬Ò¥i,³æ¦¸\«ùÄò¿éª`,PH034,202104091009,122.00,146.00
IPERG,20111001,99999999,°±¥Î,Pergoveris 150 IU/75 IU,Pergoveris 150 IU/75 IU,FSH 150IU + LH 75IU,SC,,HM,HR-02-00,°w¾¯,Vial,FSH+LH,«D²Õ®M,°±¥Î,,¤@¯ë¥i¥Î,¬O,¤£¥i¥ÎÃÄ¥]¾÷,°·«O¤£µ¹¥I,¤@¯ë,¦¸­p¶q¶i¦ì,¾AÀ³¯g:¤£¥¥¯g¥ÎÃÄ,,Indication:Ovulation stimulants.,,¥~ Æ[:°®¯»¤p²~¸Ë,,¸¡¤ô¡A ¯Ý³¡¿n¤ô¡A ¹è§¿¡A §C¦åÀ£¡A ¦å®ê,Ascites¡A hydrothorax¡A oliguria¡A hypotension¡A thromboembolism,,¬Ò¥i¥Î,­¿¥¥¤O­á´¹ª`®g¾¯,Pergoveris 150 IU/75 IU,,,§_,¬O,,ÃÄ«~¨Ï¥Î´Á¶¡¥i¯à¼È¦³äú¤ß¡A ¹Ã¦R©Î·w¯t²{¶H,,May cause nausea¡A vomiting or dizziness temporarily .,,³Æµù:¶JÂÃ·Å«×¤£¥i°ª©ó25¢J,Store under 25¢XC,2019Q1ÃÄ©e·|§R°£,¤@¯ë,ª`®g,Äµ »y:ÃÄ«~¨Ï¥Î´Á¶¡¥i¯à¼È¦³äú¤ß¡B¹Ã¦R©Î·w¯t²{¶H,,,0,0,¬O,1.0,,§_,¬O,§_,³æ¤è,§_,°±¥Î,¥i¥Î,¤£¥i¿i,¬O,,1.00,1.00,2.00,2.00,99,99,1,1,2.00,2.00,0,0,,¦³¹Ï¤ù,,0,,0,,G03GA07,G03GA05,,,,,,,,VIAL,,¤£µ¹¥I¶·¦Û¥I,¤£µ¹¥I¶·¦Û¥I,,,,§_,Liquid,SOL,,,,IU,,,¬Ò¥i,³æ¦¸¿éª`,PH034,201906201650,0,2880.00
IPERJ,20131107,99999999,¥i¥Î,Perjeta inj 420mg/14mL,Perjeta inj 420mg/14mL,Pertuzumab,IVD,STAT,RACA,ON-09-02,°w¾¯,mg,Perjeta,«D²Õ®M,Á{±ÄÃÄ¡A½Ð³qª¾ÃÄ§½¥~ÁÊ,,±`³ÆÁ{±Ä(¤£§R),¬O,¤£¥i¥ÎÃÄ¥]¾÷,,¤@¯ë,Á`¶q¶i¦ì,¾AÀ³¯g:§Ü¸~½FÃÄ,°t»s«á«O¦s´Á­­¡G24hrs(2-8¢XC)¡A­­½Õ»s·í¤é§¹¦¨µ¹ÃÄ,Indication:Cancer therapy.,,¥~ Æ[: 14²@¤É²GÅé¤p²~,,°©ÀH§í¨î¡A ¤ßÅ¦¬r©Ê¡A ±¼¾v,Myelosuppression¡A cardiotoxicity¡A alopecia.,,¬Ò¥i¥Î,¶P¯e§´ª`®g²G,Perjeta,,,§_,¬O,,¥»«~¬°­«¯gªvÀøÃÄ¡A ½Ð¨Ì·ÓÂå®v«ü¥Ü¨Ï¥Î,,,,³Æµù:½Ð¸m©óÄá¤ó 2-8 «×¦B½c§NÂÃ,Store in a refrigerator (2-8¢XC),,¤ÆÀø,¤ÆÀø,Äµ »y:¥»«~¬°­«¯gªvÀøÃÄª«¡A½Ð¨Ì·ÓÂå®v«ü¥Ü¨Ï¥Î¡C,,,0,0,§_,420.0,,§_,¬O,§_,³æ¤è,§_,°±¥Î,°±¥Î,¤£¥i¿i,¬O,,1.00,1.00,840.00,840.00,1,1,1,1,840.00,840.00,0,0,,¦³¹Ï¤ù,,0,,0,,L01FD02,,,,,,,,,VIAL,¬O,°·«Oµ¹¥I,°·«Oµ¹¥I,PERTUZUMAB,L01FD02,KC00942233,§_,,,,,420.00,mg,14.00,mL,¥²¶·µ}ÄÀ,³æ¦¸¿éª`,PH032,202303261044,62296.00,74755.00
IPET,19960101,99999999,¥i¥Î,Pethidine HCl inj 50mg/1mL,Pethidine HCl inj 50mg/1mL,Meperidine,IM,,CNEU,CN-01-01,°w¾¯,AMP,Demerol,«D²Õ®M,,,¤@¯ë¥i¥Î,¬O,¤£¥i¥ÎÃÄ¥]¾÷,,¤@¯ë,¤£¶i¦ì,¾AÀ³¯g:³Â¾K©Ê¤îµh¾¯,,Indication: Narcotic Analgesic.,,¥~ Æ[:²`½Å¦â¦wÞÀ(amp)¡A¶À¦â¥~¶K¯È,Appearance: 1 mL ampoule,ÀY·w¡A ÂíÀR¡A äú¤ß¡A ¹Ã¦R¡A ±Æ¦½,Dizziness¡A sedation¡A nausea¡A vomiting¡A perspiration.,,¥u¥Î©óªù¶E¤Î¦í°|STAT,ÆQ»Ä°t¦è¥Åª`®g¾¯,Pethidine HCl inj 50mg/1mL,,,¬O,¬O,,À³µø¨ä¦~ÄÖ¡BÅé­«¤Î¯gªp¤©¥H¾A·í¤§¾¯¶q¡A ¨Ã¯d·NÆ[¹î,,Should consider age¡A weight and disease state to modify dosage.,,,,,¤@¯ë,¤G¯ÅºÞ¨î,Äµ »y:À³µø¨ä¦~ÄÖ¡BÅé­«¤Î¯gªp¤©¥H¾A·í¤§¾¯¶q¡A¨Ã¯d·NÆ[¹î,Äµ °ªÄµ°T,,,,,1.0,,¬O,¬O,§_,³æ¤è,§_,°±¥Î,°±¥Î,¤£¥i¿i,§_,,1.00,1.00,9.00,9.00,1,1,1,1,12.00,12.00,0.32,0.04,,¦³¹Ï¤ù,,50.00,mg,0,(³æ¦¸) < 6mth: 0.25 mg/Kg¡A > 6mth: 1 mg/Kg,N02AB02,,,,,,,,,AMP,§_,°·«Oµ¹¥I,°·«Oµ¹¥I,MEPERIDINE,N02AB02,AC05874209,§_,Liquid,SOL,,,50.00,mg,1.00,mL,¥²¶·µ}ÄÀ,³æ¦¸¿éª`,PH034,202004120937,26.50,34.00
IPETBAD,19960101,99999999,¥i¥Î,Pethidine inj 50mg/1mL´Ý¾l¾PÀì,Pethidine inj 50mg/1mL´Ý¾l¾PÀì,Meperidine,IM,,CNEU,CN-01-01,°w¾¯,AMP,Demerol,«D²Õ®M,,,¤@¯ë¥i¥Î,¬O,¤£¥i¥ÎÃÄ¥]¾÷,,¤£¦LÃÄÅÒ,¤£¶i¦ì,¾AÀ³¯g:¬°³Â¾K©Ê¤îµh¾¯,,,,,,,,,¥u¥Î©óªù¶E¤Î¦í°|STAT,,Pethidine inj 50mg/1mL´Ý¾l¾PÀì,,,§_,¬O,,,,,,,,[Rx_x]ºÞÃÄ¥á±ó½X¡A³B¤è¶°¤£Åã¥Ü,¤@¯ë,¤G¯ÅºÞ¨î,³Â¾KÃÄ IPET ªº¥á±ó½X,,,,,¬O,1.0,,§_,¬O,§_,³æ¤è,§_,°±¥Î,°±¥Î,¤£¥i¿i,§_,,1.00,1.00,1.00,1.00,1,1,1,1,1.00,1.00,0,0,,µL¹Ï¤ù,,0,,0,,,,,,,,,,,AMP,§_,°·«O¤£¥Ó³ø¤£­p»ù,°·«O¤£¥Ó³ø¤£­p»ù,MEPERIDINE,N02AB02,AC05874209,§_,Liquid,SOL,,,50.00,mg,1.00,mL,¬Ò¥i,³æ¦¸¿éª`,PH034,202111010933,25.00,35.00
IPEY,20181207,99999999,¥i¥Î,Peyona inj 20mg/1mL (for infusion and oral),Peyona inj 20mg/1mL (for infusion and oral),Caffeine Citrate,IVD,,CNEU,CN-02-08,°w¾¯,AMP,Caffeine Citrate,«D²Õ®M,Á{±ÄÃÄ¡A½Ð³qª¾ÃÄ§½¥~ÁÊ,,¥»°|Á{±Ä²M³æ,¬O,¥i¥ÎÃÄ¥]¾÷,°·«O¤£µ¹¥I,¤@¯ë,¦¸­p¶q¶i¦ì,¾AÀ³¯g:ªvÀø­ìµo©Ê¦­²£¨à©I§l¼È°±,,Indication:Treatment of primary apnoea of premature newborns,,¥~ Æ[:¼á²MµL¦â²GÅé¡A1²@¤É¦w²~,Appearance:Clear¡A colourless solution¡A 1mL ampoule,¤ß°Ê¹L³t¡A¿é²G³¡¦ìÀR¯ßª¢¡A°ª¦å¿},Tachycardia¡A infusion site phlebitis¡A hyperglycaemia,,¬Ò¥i¥Î,°Ø¨º¿éª`·»²G¤Î¤fªA²G,Peyona inj 20mg/1mL,,,,¬O,,¶ÈÀ³¨Ï¥Î°wµ©¿éª`À°®ú©Î©w¶q¿éª`¾¹§÷µ¹ÃÄ,,Using a syringe infusion pump or other metered infusion device only.,,­YºÃ¦üµo¥Í¬r©Ê¡AÀ³¦b¤§«e¾¯¶qªº2 ¦Ü4 ¤p®É«á¦¬¶°¦å²GÀËÅé,Take blood sample 2 to 4 hours after the previous dose when suspecting toxicity.,,¤@¯ë,ª`®g,¶ÈÀ³¨Ï¥Î°wµ©¿éª`À°®ú©Î©w¶q¿éª`¾¹§÷µ¹ÃÄ,,,0,0,¬O,1.0,,§_,¬O,§_,³æ¤è,§_,°±¥Î,°±¥Î,¤£¥i¿i,¬O,,0,0,2.00,2.00,1,1,1,1,4.00,4.00,4.00,2.00,,¦³¹Ï¤ù,,20.00,mg,0,,N06BC01,,,,,0,,0,,AMP,§_,¤£µ¹¥I¶·¦Û¥I,¤£µ¹¥I¶·¦Û¥I,,,,§_,Liquid,IVSOL,,,20.00,mg,1.00,mL,¬Ò¥i,³æ¦¸¿éª`,PH032,202001311650,0,1020.00
IPG2,20130619,99999999,¥i¥Î,PG2 inj 500mg,PG2 inj 500mg,Polysaccharides of Astragalus membranaceus,IVD,BIW,RACA,ON-06-00,°w¾¯,VAL,Astragalus membranaceus ¶À¯Ï¦hÁÞÅé,«D²Õ®M,,,¤@¯ë¥i¥Î,¬O,¥i¥ÎÃÄ¥]¾÷,±ø¥ó¤Uµ¹¥I,¤@¯ë,Á`¶q¶i¦ì,¾AÀ³¯g:¾A¥Î©óÀù¯g¥½´Á¦]¯e¯f¶i®i©Ò¾É­P¤¤­««×¯h³Ò¯gª¬¤§§ïµ½¡C,,Indication: Manage cancer-related fatigue.,,¥~ Æ[:³z©ú¤p²~(Vial)¡Aºñ¦â¥~»\,Appearance: Vial with green cap,·kÄo¡B»´·L¥Ö¯l¤ÎÀY·w,Itching¡A skin rash¡A dizziness.,,¬Ò¥i¥Î,Ãh¯S¦åÄ_­á´¹ª`®g¾¯,PG2,,,§_,¬O,,¿éª`ÃÄ«~»Ý¥[¸Ë¹LÂo¾¹¡A½T»{¯»¥½§¹¥þ·»¸Ñ«á¤~¥i´£¨Ñ¯f¤H¨Ï¥Î¡C,,An in-line 0.22 micron filter is recommended for IV administration.,,¨C¦¸500 mg·»©ó500 mL¥Í²z­¹ÆQ¤ô¡A¥H2.5 ¦Ü3.5 ¤p®ÉÂIºwÀR¯ßºwª`¡C,Each vial of 500mg dissolved into 500mL normal saline¡A iv drip for 2.5-3.5hours,,¤@¯ë,ª`®g,¿éª`ÃÄ«~»Ý¥[¸Ë0.22 micron¹LÂo¾¹¡A½T»{¯»¥½§¹¥þ·»¸Ñ«á¤~¥i´£¨Ñ¯f¤H¨Ï¥Î¡C,,,0,0,§_,1.0,,§_,¬O,§_,½Æ¤è,§_,°±¥Î,°±¥Î,¤£¥i¿i,¬O,,1.00,1.00,1.00,1.00,14,14,1,1,1.00,1.00,0,0,,¦³¹Ï¤ù,,0,,0,,V03aaaa,V03AX,,,,,,,,VIAL,¬O,°·«Oµ¹¥I,°·«Oµ¹¥I,POLYSACCHARIDES OF ASTRAGALUS MEMBRANACEUS,V03AX,AC58837277,§_,,,,,500.00,mg,,,¥²¶·µ}ÄÀ,³æ¦¸¿éª`,PH032,202303261555,12650.00,15180.00
IPH1,20110913,99999999,°±¥Î,Pharmorubicin inj 1mg(²Õ®M¥Î),Pharmorubicin inj 1mg(²Õ®M¥Î),Epirubicin,IVD,ST,RACA,ON-03-01,°w¾¯,mg,,«D²Õ®M,°±¥Î,,¤@¯ë¥i¥Î,¬O,¤£¥i¥ÎÃÄ¥]¾÷,¥i¥Î,,,,,,,,,,,,¬Ò¥i¥Î,,Pharmorubicin inj 1mg(²Õ®M¥Î),,,§_,¬O,,,,,,,,,¤ÆÀø,¤@¯ë,,Äµ °ªÄµ°T,,0,0,§_,1.0,,§_,§_,§_,³æ¤è,§_,°±¥Î,¥i¥Î,¤£¥i¿i,¬O,,1.00,1.00,150.00,150.00,2,2,1,1,150.00,150.00,0,0,,µL¹Ï¤ù,,0,,0,,L01DB03,,,,,,,,,EA,,°·«O¤£¥Ó³ø¤£­p»ù,°·«O¤£¥Ó³ø¤£­p»ù,,,,§_,Liquid,IVSOL,,,,,,,¬Ò¥i,³æ¦¸¿éª`,PH032,202109091811,0,0
IPHA,19960101,99999999,°±¥Î,Pharmorubicin inj 10mg,Pharmorubicin inj 10mg,Epirubicin,IVD,,RACA,ON-03-01,°w¾¯,mg,Pharmorubicin,«D²Õ®M,°±¥Î,IEP10,¤@¯ë¥i¥Î,¬O,¤£¥i¥ÎÃÄ¥]¾÷,,¤@¯ë,Á`¶q¶i¦ì,¾AÀ³¯g:§Ü¸~½FÃÄ,,Indication:Cancer therapy.,,¥~ Æ[:¸Ë¦³¬õ¦â­á´¹¤§¬Á¼þ¤p²~,,°©ÀH§í¨î¡A ¤ßÅ¦¬r©Ê¡A ±¼¾v,Myelosuppression¡A cardiotoxicity¡A alopecia.,,,"³t·»" ªx¦ãÅð¯À10¤½µ·,Pharmorubicin,,,§_,¬O,,¥»«~¬°­«¯gªvÀøÃÄ¡A ½Ð¨Ì·ÓÂå®v«ü¥Ü¨Ï¥Î,,Take this medicine exactly as your doctor ordered.,,,,,¤ÆÀø,¤ÆÀø,Äµ »y:¥»«~¬°­«¯gªvÀøÃÄª«¡A½Ð¨Ì·ÓÂå®v«ü¥Ü¨Ï¥Î¡C,Äµ °ªÄµ°T,,20.0,-20.0,¬O,10.0,,§_,¬O,§_,³æ¤è,§_,¥i¥Î,¥i¥Î,¤£¥i¿i,¬O,,1.00,1.00,150.00,150.00,1,1,1,1,150.00,150.00,0,0,,¦³¹Ï¤ù,,0,,0,,L01DB03,,,,,,,,,VAL,§_,°·«Oµ¹¥I,°·«Oµ¹¥I,EPIRUBICIN,L01DB03,BC19120229,§_,Liquid,IVSOL,¦M®`¤@¯Å(¡I¡I),,10.00,mg,5.00,mL,¥²¶·µ}ÄÀ,³æ¦¸¿éª`,PH032,202109091811,407.00,488.00
IPHA1,19960101,99999999,°±¥Î,Pharmorubicin inj 1mg,Pharmorubicin inj 1mg,Epirubicin,IV,,RACA,ON-03-01,°w¾¯,mg,,«D²Õ®M,°±¥Î¡A¥i¬dÃþ¦üÃÄ,,¤@¯ë¥i¥Î,¬O,¤£¥i¥ÎÃÄ¥]¾÷,,¤@¯ë,Á`¶q¶i¦ì,¾AÀ³¯g:¬°§Ü¸~½FÃÄ,,,,,,,,,,,Pharmorubicin inj 1mg,,,§_,¬O,,,,,,,,,¤@¯ë,ª`®g,,Äµ °ªÄµ°T,,,,¬O,1.0,,§_,¬O,§_,³æ¤è,§_,¥i¥Î,¥i¥Î,¤£¥i¿i,¬O,,1.00,1.00,999.00,999.00,999,999,1,1,100.00,100.00,0,0,,µL¹Ï¤ù,,0,,0,,L01DB03,,,,,,,,,MG,§_,°·«Oµ¹¥I,°·«Oµ¹¥I,EPIRUBICIN,L01DB03,B019120299,§_,Liquid,IVSOL,,,,,,,¬Ò¥i,³æ¦¸¿éª`,PH032,202109091811,101.00,141.00
IPHA5,19960101,99999999,°±¥Î,PHARMORUBICIN inj 50mg,PHARMORUBICIN inj 50mg,Epirubicin,IVD,,RACA,ON-03-01,°w¾¯,mg,Pharmorubicin,«D²Õ®M,°±¥Î,IEP50,¤@¯ë¥i¥Î,¬O,¤£¥i¥ÎÃÄ¥]¾÷,,¤@¯ë,Á`¶q¶i¦ì,¾AÀ³¯g:§Ü¸~½FÃÄ,,Indication:Cancer therapy.,,¥~ Æ[:¸Ë¦³¬õ¦â­á´¹¤§¤p²~,,°©Åè§í¨î¡A ¤ßÅ¦¬r©Ê¡A ±¼¾v,Myelosuppression¡A cardiotoxicity¡A alopecia.,,,ªx¦ãÅð¯Àª`®g²G,Pharmorubicin,,,§_,¬O,,¥»«~¬°­«¯gªvÀøÃÄ¡A ½Ð¨Ì·ÓÂå®v«ü¥Ü¨Ï¥Î,,Take this medicine exactly as your doctor ordered.,,,,,¤ÆÀø,¤ÆÀø,Äµ »y:¥»«~¬°­«¯gªvÀøÃÄª«¡A½Ð¨Ì·ÓÂå®v«ü¥Ü¨Ï¥Î¡C,Äµ °ªÄµ°T,,20.0,-20.0,¬O,50.0,,§_,¬O,§_,³æ¤è,§_,¥i¥Î,¥i¥Î,¤£¥i¿i,¬O,,1.00,1.00,150.00,150.00,1,1,1,1,150.00,150.00,0,0,,¦³¹Ï¤ù,,0,,0,,L01DB03,,,,,,,,,VAL,§_,¤£µ¹¥I¶·¦Û¥I,¤£µ¹¥I¶·¦Û¥I,,,,§_,Liquid,IVSOL,¦M®`¤@¯Å(¡I¡I),,50.00,mg,25.00,mL,¥²¶·µ}ÄÀ,³æ¦¸¿éª`,PH032,202109091811,0,3065.00
IPHE,20180903,99999999,¥i¥Î,Phenobital inj 100mg/1mL,Phenobital inj 100mg/1mL,Phenobarbital,IM,,CNEU,CN-02-07,°w¾¯,AMP,,«D²Õ®M,Á{±ÄÃÄ¡A½Ð³qª¾ÃÄ§½¥~ÁÊ,,­Ó®×Á{±Ä,¬O,¥i¥ÎÃÄ¥]¾÷,¥i¥Î,¤@¯ë,¦¸­p¶q¶i¦ì,¾AÀ³¯g:Åöíw,,Indication:Seizures,,¥~ Æ[:1²@¤É¦wÞÀ,Appearance: 1mL ampoule,ÀY·w¡A¶ÝºÎ¡Aäú¤ß¡A¹Ã¦R¡Aª`®g³¡¦ì¯kµh,Dizziness¡A drowsiness¡A nausea¡A vomiting¡A pain at injection site,,¬Ò¥i¥Î,´f¸£¥²¹Fª`®g²G100²@§J/²@¤É,Phenobital inj 100mg/1mL,,,¬O,¬O,,¥ÎÃÄ«á¥i¯à·|¦³ºÎ·N¡A ª`·N¤O¤£¶°¤¤¡A ¤Ï®g¯à¤O­°§Cµ¥²{¶H,,May cause dizziness¡A weakness¡A lack of coordination.,,¥ÎÃÄ«á¡A ½Ð¤Å¶}¨®©Î¾Þ§@¦MÀI¾÷±ñ; ¤Å¶¼°s,Be careful driving or operating machinery. Avoid alcohol.,2018.09¤p¨à¬ìÁ{±Ä,¤@¯ë,¥|¯ÅºÞ¨î,Äµ »y:¥ÎÃÄ«á¥i¯à·|¦³ºÎ·N¡Bª`·N¤O¤£¶°¤¤¡B¤Ï®g¯à¤O­°§Cµ¥²{¶H,,ª`®g¾¯,0,0,¬O,1.0,,¬O,¬O,§_,³æ¤è,§_,°±¥Î,°±¥Î,¤£¥i¿i,¬O,,1.00,1.00,14.40,14.40,1,1,1,1,14.40,14.40,0.30,0.30,,¦³¹Ï¤ù,,0,,0,,N03AA02,,,,,0,,0,,AMP,,°·«Oµ¹¥I,°·«Oµ¹¥I,PHENOBARBITAL,N03AA02,AC33920209,§_,Liquid,IVSOL,,,100.00,mg,1.00,mL,¥²¶·µ}ÄÀ,³æ¦¸\«ùÄò¿éª`,PH034,201811172112,15.00,20.00
IPHES,20221027,99999999,¥i¥Î,Phesgo inj 600/600mg/10mL,Phesgo inj 600/600mg/10mL,Pertuzumab + Trastuzumab,SC,STAT,RACA,ON-09-02,°w¾¯,Vial,Phesgo,«D²Õ®M,Á{±ÄÃÄ¡A½Ð³qª¾ÃÄ§½¥~ÁÊ,,¥»°|Á{±Ä²M³æ,¬O,¥i¥ÎÃÄ¥]¾÷,¥i¥Î,¤@¯ë,¦¸­p¶q¶i¦ì,¾AÀ³¯g:¨ÅÀù¼Ð¹vªvÀø¥ÎÃÄ,°t»s«á«O¦s´Á­­¡G24hrs(2-8¢XC)¡A4hrs(20-25¢XC)¡A½Õ»s®É¶¡¡G,Indication:Target therapy for breast cancer.,,¥~ Æ[:³z©ú¤p²~(Vial)¡A¾ï¦â¤W»\¡A¶À¥Õ¬Û¶¡¼ÐÅÒ,Appearance:Vial with orange cap and white/yellow label,µo¼ö¡A äú¤ß¡A ¹Ã¦R¡A ¿éª`¤ÏÀ³¡A ¸¡Âm,Fever¡A nausea¡A vomiting¡A infusion reactions¡A diarrhea,,¥u¥Î©óªù¶E¤Î¦í°|STAT,¶PÂù§´¥Ö¤Uª`®g¾¯ 600/600²@§J,Phesgo inj 600/600mg/10mL,,,,¬O,,½Ð¤Å¬I¥´¨ìÀR¯ß¡C½Ð¸m©óÄá¤ó 2-8 «×¦B½c§NÂÃ,,NOT for Intravenous use.Store in a refrigerator (2-8¢XC).,,¶È¥i¥H¥Ö¤U¬I¥´©ó¤j»L¡C,Only for subcutaneous injection. The injection site should be at the thigh.,2022.10Á{±Ä²M³æ,¤ÆÀø,¤ÆÀø,Äµ »y:ªø´Á§ë»PÀ³¯d·N¨x¥\¯àÅÜ¤Æ¡A­YÅé­«ÆJ¼W©Î¤ô¸~À³½Ð±ÐÂå®v,,,0,0,§_,1.0,,§_,¬O,¬O,½Æ¤è,§_,°±¥Î,°±¥Î,¤£¥i¿i,§_,,1.00,1.00,1.00,1.00,5,5,1,1,1.00,1.00,0,0,,¦³¹Ï¤ù,,0,,0,,L01XY02,L01FD01,L01FD02,,,0,,0,,VIAL,,¤£µ¹¥I¶·¦Û¥I,¤£µ¹¥I¶·¦Û¥I,,,,§_,Liquid,SOL,¦M®`¤@¯Å(¡I¡I),,600.00,mg,10.00,mL,,,PH032,202303261042,0,102000.00
IPITA,19960101,99999999,°±¥Î,Pitamycin inj 2gm,Pitamycin inj 2gm,Piperacillin,IV,,QANB,AI-01-01,°w¾¯,VAL,Pipril,«D²Õ®M,°±¥Î¡A¥i¬dÃþ¦üÃÄ,,¤@¯ë¥i¥Î,¬O,¤£¥i¥ÎÃÄ¥]¾÷,,¤@¯ë,Á`¶q¶i¦ì,¾AÀ³¯g:²Óµß©Ê·P¬V,,,,,,,,¤@¯ëÃþ§Ü¥Í¯À,,,Pitamycin inj 2gm,,,§_,¬O,,,,,,,,,¤@¯ë,ª`®g,,,,,,¬O,1.0,,§_,§_,§_,³æ¤è,§_,¥i¥Î,¥i¥Î,¤£¥i¿i,¬O,,1.00,1.00,2.00,2.00,7,7,1,1,0,0,0,0,,µL¹Ï¤ù,,0,,0,,J01CA12,,,,,2.00,g,14.00,g,VAL,§_,°·«Oµ¹¥I,°·«Oµ¹¥I,PIPERACILLIN,J01CA12,AC29791212,§_,Liquid,IVSOL,,,,,,,¬Ò¥i,³æ¦¸¿éª`,PH009,201707171652,64.00,77.00
IPITR,19960101,99999999,¥i¥Î,Pitressin inj 20 Units/1mL,Pitressin inj 20 Units/1mL,Vasopressin,IM,,HM,HR-04-00,°w¾¯,AMP,Pitressin,«D²Õ®M,,,¤@¯ë¥i¥Î,¬O,¥i¥ÎÃÄ¥]¾÷,,¤@¯ë,Á`¶q¶i¦ì,¾AÀ³¯g:¤¤¼Ï©Ê§¿±Y¯g¡A­¹¹DÀR¯ß¦±±i¥X¦å¡A¤â³N«á¸¡³¡¿±µÈ¡C,,Indication:Central diabetes insipidus,,¥~ Æ[:³z©ú¦wÞÀ(amp)¡A ²`©@°Ø¦â¦r¼Ë,Appearance: 1mL ampoule,¸¡µ±µh¡A äú¤ß¡A ¹Ã¦R,Abdominal cramps¡A nausea¡A vomiting.,,,¥²À£¥Íª`®g¾¯,Pitressin inj 20 Units/1mL,,,§_,¬O,,,,,,¥i¯à¤Þ°_¤ô¤¤¬r¡A¯gª¬¥]¬A¡G¶ÝºÎ¡BÀYµh,May cause water intoxication; early signs include drowsiness and headache,,¤@¯ë,ª`®g,,,,,,¬O,1.0,,§_,¬O,§_,³æ¤è,§_,¥i¥Î,¥i¥Î,¤£¥i¿i,¬O,,1.00,1.00,2.00,20.00,999,999,1,1,2.00,20.00,0,0,,¦³¹Ï¤ù,,0,,0,,H01BA01,,,,,,,,,AMP,§_,°·«Oµ¹¥I,°·«Oµ¹¥I,ARGININE VASOPRESSIN,H01BA01,AC33429238,§_,Liquid,SOL,,,20.00,U,1.00,mL,¥²¶·µ}ÄÀ,³æ¦¸\«ùÄò¿éª`,PH032,202307041704,219.00,263.00
IPITS,19960101,99999999,°±¥Î,Piton-S inj 10iu/mL,Piton-S inj 10iu/mL,Oxytocin,IVD,,SGU,UR-02-00,°w¾¯,AMP,Piton-S,«D²Õ®M,°±¥Î,IOXY,¤@¯ë¥i¥Î,¬O,¤£¥i¥ÎÃÄ¥]¾÷,,¤@¯ë,¦¸­p¶q¶i¦ì,¾AÀ³¯g:«P¶i¤l®c¦¬ÁY£¿ ¶Ê²£¤§¥Î,,,,,,,,,,¥²³qª`®g¾¯,Piton-S inj 10iu/mL,,,§_,¬O,,,,,,,,,¤@¯ë,ª`®g,Äµ »y:½Ð¸m©óÄá¤ó 2-8 «×¦B½cÁ×¥ú§NÂÃ«O¦s¡C,,,,,¬O,1.0,,§_,§_,§_,³æ¤è,§_,¥i¥Î,¥i¥Î,¤£¥i¿i,¬O,,1.00,1.00,4.00,4.00,1,7,1,1,0,0,0,0,,µL¹Ï¤ù,,0,,0,,,,,,,,,,,AMP,§_,°·«Oµ¹¥I,°·«Oµ¹¥I,OXYTOCIN,H01BB02,B022279229,§_,Liquid,IVSOL,,,,,,,¬Ò¥i,³æ¦¸¿éª`,PH008,201403201340,10.00,13.00
IPKE5,19960101,99999999,¥i¥Î,Picibanil inj 5KE,Picibanil inj 5KE,Streptococus Pyogenes,IPLE,,RACA,ON-06-00,°w¾¯,VAL,OK-432,«D²Õ®M,Á{±ÄÃÄ¡A½Ð³qª¾ÃÄ§½¥~ÁÊ,,­Ó®×Á{±Ä,¬O,¤£¥i¥ÎÃÄ¥]¾÷,­­¥Î,¤@¯ë,Á`¶q¶i¦ì,¾AÀ³¯g:Àù¯gªvÀø,,Indication:Cancers of the digestive organs¡A head & neck¡A,thyroid¡A lung.,¥~ Æ[: ­á´¹°®¯»¤p²~,Appearance: powder in a Vial,äú¤ß¡A ¹Ã¦R¡A ¹½­¹¡A µo¼ö,Nausea¡A vomiting¡A anorexia¡A pyrexia.,,,¥²Âå§AµÎ,Picibanil inj 5KE,,,§_,¬O,,½Ð¸m©óÄá¤ó 2-8 «×¦B½c§NÂÃ,1. ¥»¾¯§t­f¥Ò°ò«CÅð¯À¡A¹ï«CÅð¯À¹L±Ó¯f±w¤£©y¨Ï¥Î¡C,Store in a refrigerator (2-8¢XC).,Contain Benzylpenicillin¡A should not be used in patient with penicillin allergy.,,,,¤@¯ë,ª`®g,Äµ »y:½Ð¸m©óÄá¤ó 2-8 «×¦B½cÁ×¥ú§NÂÃ«O¦s¡C,,,,,,1.0,,§_,¬O,§_,³æ¤è,§_,°±¥Î,°±¥Î,¤£¥i¿i,¬O,,1.00,1.00,2.00,4.00,999,999,1,1,2.00,4.00,0,0,,¦³¹Ï¤ù,,0,,0,,J01CE01,L03AX,L01XX,,,,,,,VAL,§_,°·«Oµ¹¥I,°·«Oµ¹¥I,STREPTOCOCCUS PYROGENE SU STRAIN TX WITH PN G POTASSIUM 2.8MG/ML + PENICILLIN G 2690IU/ML,L01XX,BC19924221,§_,Liquid,IVSOL,,,14.00,mg,0,,¬Ò¥i,³æ¦¸¿éª`,PH032,202303261557,2460.00,2952.00
IPKM,20080214,99999999,°±¥Î,PK-Merz infusion 200mg/500mL,PK-Merz infusion 200mg/500mL,Amantadine,IVD,,CNEU,CN-03-06,°w¾¯,BOT,PK-Merz,«D²Õ®M,Á{±ÄÃÄ¡A½Ð³qª¾ÃÄ§½¥~ÁÊ,,­Ó®×Á{±Ä,§_,¥i¥ÎÃÄ¥]¾÷,¥i¥Î,¤@¯ë,Á`¶q¶i¦ì,¾AÀ³¯g:©¬ª÷´Ë¤ó¯g©Î A «¬¬y¦æ·P«_,,Treatment of parkinsonism¡A viral infection,,¥~ Æ[:500mL²~¸Ë,,¤f°®¡A ·w¯t,Dry mouth¡A dizziness.,,¬Ò¥i¥Î,³Á´µ§J¿éª`²G,PK-Merz infusion 200mg/500mL,,,§_,¬O,,­Yµo¥ÍÄY­«¹L±Ó©Îµo¯lµ¥¤£¾A¯gª¬¡AÀ³§Y°±ÃÄ¨Ã½Ð±ÐÂå®v,,Report to doctor¡A if any severe hypersensitivity or skin rash occur.,,,,,¤@¯ë,ª`®g,Äµ »y:½Ð¸m©ó«Äµ£µLªk¨ú±o¤§³B,,,,,§_,1.0,,§_,§_,§_,³æ¤è,§_,¥i¥Î,¥i¥Î,¤£¥i¿i,¬O,,1.00,1.00,1.00,1.00,10,10,1,1,0,0,0,0,,µL¹Ï¤ù,,0,,0,,N04BB01,,,,,,,,,BOT,,¤£µ¹¥I¶·¦Û¥I,¤£µ¹¥I¶·¦Û¥I,,,,§_,Liquid,IVSOL,,,,,,,¬Ò¥i,³æ¦¸¿éª`,PH008,201505121935,0,1210.00
IPLA1,19960101,99999999,°±¥Î,Platinex inj 10mg/20mL,Platinex inj 10mg/20mL,Cisplatin,IV,,RACA,ON-01-02,°w¾¯,mg,Platamine,«D²Õ®M,¼t°Ó¯Ê³f,IPLA5,¤w°±¥Î,¬O,¤£¥i¥ÎÃÄ¥]¾÷,,¤@¯ë,Á`¶q¶i¦ì,¾AÀ³¯g:¬°§Ü¸~½FÃÄ,,,,,,,,,,,Platinex inj 10mg/20mL,,,§_,¬O,,,,,,,,,¤ÆÀø,¤ÆÀø,,Äµ °ªÄµ°T,,,,¬O,10.0,,§_,§_,§_,³æ¤è,§_,¥i¥Î,¥i¥Î,¤£¥i¿i,¬O,,1.00,1.00,999.00,999.00,999,999,1,1,0,0,0,0,,µL¹Ï¤ù,,0,,0,,,,,,,,,,,VAL,§_,°·«Oµ¹¥I,°·«Oµ¹¥I,CISPLATIN,L01XA01,B022602238,§_,Liquid,IVSOL,,,,,,,¬Ò¥i,³æ¦¸¿éª`,PH032,202109091808,171.00,205.00
IPLA5,20040501,99999999,°±¥Î,Platinex inj 50mg/100mL,Platinex inj 50mg/100mL,Cisplatin,IV,,RACA,ON-01-02,°w¾¯,mg,Platinol,«D²Õ®M,Á{±ÄÃÄ¡A½Ð³qª¾ÃÄ§½¥~ÁÊ,,¤@¯ë¥i¥Î,¬O,¤£¥i¥ÎÃÄ¥]¾÷,,¤@¯ë,Á`¶q¶i¦ì,¾AÀ³¯g:¬°§Ü¸~½FÃÄ,,,,,,,,,¥u¥Î©óªù¶E¤Î¦í°|STAT,,Platinex inj 50mg/100mL,,,§_,¬O,,,,,,,,,¤ÆÀø,¤ÆÀø,Äµ »y:¥»«~¬°­«¯gªvÀøÃÄª«¡A½Ð¨Ì·ÓÂå®v«ü¥Ü¨Ï¥Î¡C,Äµ °ªÄµ°T,,,,§_,50.0,,§_,§_,§_,³æ¤è,§_,¥i¥Î,¥i¥Î,¤£¥i¿i,¬O,,1.00,1.00,999.00,999.00,999,999,1,1,0,0,0,0,,µL¹Ï¤ù,,0,,0,,,,,,,,,,,VAL,§_,°·«Oµ¹¥I,°·«Oµ¹¥I,CISPLATIN,L01XA01,B022602255,§_,Liquid,IVSOL,,,,,,,¬Ò¥i,³æ¦¸¿éª`,PH032,202109091809,432.00,518.00
IPLE1,20210707,99999999,¥i¥Î,Plegridy inj 63mcg (¾ï¦â),Plegridy inj 63mcg,Peginterferon beta-1a,SC,ASORDER,HIMM,IM-04-00,°w¾¯,¤ä,Plegridy Starter Pack,«D²Õ®M,Á{±ÄÃÄ¡A½Ð³qª¾ÃÄ§½¥~ÁÊ,,­Ó®×Á{±Ä,¬O,¤£¥i¥ÎÃÄ¥]¾÷,±ø¥ó¤Uµ¹¥I,¤@¯ë,¦¸­p¶q¶i¦ì,¾AÀ³¯g:18·³¥H¤W´_µo«¬-½w¸Ñ«¬¦hµo©Êµw¤Æ¯g,,Indication:multiple sclerosis in adult patients,,¥~ Æ[:¼á²MÃÄ²G¹w¥R¶ñ©óµ§«¬ª`®g¾¹,Appearance:Colorless solution in injection pen,ª`®g³¡¦ì¤ÏÀ³¡AÃþ¬y·P¯gª¬,Injection site reactions¡A Influenza like illness,,¥u¥Î©óªù¶E¤Î¦í°|STAT,«OÀu§Q63·L§Jµ§«¬ª`®g²G,Plegridy inj 63mcg,,,,¬O,,¶J¦s¦b2-8¢XC. ¶·Á×¥ú.,¦b7¤Ñ¤º¤£¥iª`®g¦h©ó1¾¯.,Store at 2-8¢XC. Protect from light.,Should not administer two doses within 7 days.,¦Û¦B½c¨ú¥X«á¥i©ó«Ç·Å(³Ì°ª25¢XC) «O¦s³Ì¦h30¤Ñ,Could be stored at room temperature (up to 25 ¢XC) for up to 30 days.,2021/07­Ó®×Á{±Ä,¤@¯ë,ª`®g,¶J¦s¦b2-8¢XC. ¶·Á×¥ú. ¦b7¤Ñ¤º¤£¥iª`®g¦h©ó1¾¯.,,,0,0,§_,1.0,,§_,¬O,¬O,³æ¤è,,°±¥Î,,¤£¥i¿i,§_,,1.00,1.00,1.00,1.00,1,1,1,1,1.00,1.00,0,0,,¦³¹Ï¤ù,,0,,0,,L03AB13,,,,,0,,0,,¤ä,¬O,°·«Oµ¹¥I,°·«Oµ¹¥I,PEGINTERFERON BETA-1A,L03AB13,YC00019277,§_,Liquid,SOL,,,63.00,mcg,0.50,mL,,,PH008,202107071246,5782.00,6938.00
IPLE2,20210707,99999999,¥i¥Î,Plegridy inj 94mcg (ÂÅ¦â),Plegridy inj 94mcg,Peginterferon beta-1a,SC,ASORDER,HIMM,IM-04-00,°w¾¯,¤ä,Plegridy Starter Pack,«D²Õ®M,Á{±ÄÃÄ¡A½Ð³qª¾ÃÄ§½¥~ÁÊ,,­Ó®×Á{±Ä,¬O,¤£¥i¥ÎÃÄ¥]¾÷,±ø¥ó¤Uµ¹¥I,¤@¯ë,¦¸­p¶q¶i¦ì,¾AÀ³¯g:18·³¥H¤W´_µo«¬-½w¸Ñ«¬¦hµo©Êµw¤Æ¯g,,Indication:multiple sclerosis in adult patients,,¥~ Æ[:¼á²MÃÄ²G¹w¥R¶ñ©óµ§«¬ª`®g¾¹,Appearance:Colorless solution in injection pen,ª`®g³¡¦ì¤ÏÀ³¡AÃþ¬y·P¯gª¬,Injection site reactions¡A Influenza like illness,,¥u¥Î©óªù¶E¤Î¦í°|STAT,«OÀu§Q94·L§Jµ§«¬ª`®g²G,Plegridy inj 94mcg,,,,¬O,,¶J¦s¦b2-8¢XC. ¶·Á×¥ú.,¦b7¤Ñ¤º¤£¥iª`®g¦h©ó1¾¯.,Store at 2-8¢XC. Protect from light.,Should not administer two doses within 7 days.,¦Û¦B½c¨ú¥X«á¥i©ó«Ç·Å(³Ì°ª25¢XC) «O¦s³Ì¦h30¤Ñ,Could be stored at room temperature (up to 25 ¢XC) for up to 30 days.,2021/07­Ó®×Á{±Ä,¤@¯ë,ª`®g,¶J¦s¦b2-8¢XC. ¶·Á×¥ú. ¦b7¤Ñ¤º¤£¥iª`®g¦h©ó1¾¯.,,,0,0,§_,1.0,,§_,¬O,¬O,³æ¤è,,°±¥Î,,¤£¥i¿i,§_,,1.00,1.00,1.00,1.00,1,1,1,1,1.00,1.00,0,0,,¦³¹Ï¤ù,,0,,0,,L03AB13,,,,,0,,0,,¤ä,¬O,°·«Oµ¹¥I,°·«Oµ¹¥I,PEGINTERFERON BETA-1A,L03AB13,YC00020277,,Liquid,SOL,,,94.00,mcg,0.50,mL,,,PH008,202107071246,8627.00,10352.00
IPLE3,20210707,99999999,¥i¥Î,PLEGRIDY inj 125mcg,PLEGRIDY inj 125mcg,Peginterferon beta-1a,SC,Q2W,HIMM,IM-04-00,°w¾¯,¤ä,Plegridy,«D²Õ®M,Á{±ÄÃÄ¡A½Ð³qª¾ÃÄ§½¥~ÁÊ,,­Ó®×Á{±Ä,¬O,¥i¥ÎÃÄ¥]¾÷,±ø¥ó¤Uµ¹¥I,¤@¯ë,¦¸­p¶q¶i¦ì,¾AÀ³¯g:18·³¥H¤W´_µo«¬-½w¸Ñ«¬¦hµo©Êµw¤Æ¯g,,Indication:multiple sclerosis in adult patients,,¥~ Æ[:¼á²MÃÄ²G¹w¥R¶ñ©óµ§«¬ª`®g¾¹,Appearance:Colorless solution in injection pen,ª`®g³¡¦ì¤ÏÀ³¡AÃþ¬y·P¯gª¬,Injection site reactions¡A Influenza like illness,,¥u¥Î©óªù¶E¤Î¦í°|STAT,«OÀu§Q125·L§Jµ§«¬ª`®g²G,PLEGRIDY inj 125mcg,,,,¬O,,¶J¦s¦b2-8¢XC. ¶·Á×¥ú.,¦b7¤Ñ¤º¤£¥iª`®g¦h©ó1¾¯.,Store at 2-8¢XC. Protect from light.,Should not administer two doses within 7 days.,¦Û¦B½c¨ú¥X«á¥i©ó«Ç·Å(³Ì°ª25¢XC) «O¦s³Ì¦h30¤Ñ,Could be stored at room temperature (up to 25 ¢XC) for up to 30 days.,2021/07­Ó®×Á{±Ä,¤@¯ë,ª`®g,¶J¦s¦b2-8¢XC. ¶·Á×¥ú. ¦b7¤Ñ¤º¤£¥iª`®g¦h©ó1¾¯.,,,0,0,§_,1.0,,§_,¬O,¬O,³æ¤è,§_,°±¥Î,°±¥Î,¤£¥i¿i,§_,,1.00,1.00,1.00,1.00,28,28,28,28,1.00,1.00,0,0,,¦³¹Ï¤ù,,0,,0,,L03AB13,,,,,0,,0,,¤ä,¬O,°·«Oµ¹¥I,°·«Oµ¹¥I,PEGINTERFERON BETA-1A,L03AB13,YC00021277,§_,Liquid,SOL,,,125.00,mcg,0.50,mL,,,PH022,202107071354,10326.00,12391.00
IPNE,20170905,99999999,¥i¥Î,Pneumovax 23 (¦Û¶O) 0.5mL/dose 23»ùªÍª¢¬Ì­],Pneumovax 23 (Private) 0.5mL/dose,Pneumococcal Vaccine Polyvalent,IM,STAT,HIMM,IM-02-01,°w¾¯,DOS,Pneumovax 23,«D²Õ®M,,,¤@¯ë¥i¥Î,¬O,¥i¥ÎÃÄ¥]¾÷,°·«O¤£µ¹¥I,¤@¯ë,Á`¶q¶i¦ì,¾AÀ³¯g:ªÍª¢Ãì²yµß¬Ì­],,Indication:Pneumococcal vaccine.,,¥~ Æ[:¹w¥R¶ñª`®g°wµ©,Appearance:Pre-filled syringe for injection.,ª`®g³¡¦ì¯kµh¡A ·Å¼ö¡A ¬õ´³¡A ¸~,Local inj-site soreness¡A warmth¡A erythema & swelling.,,¥u¥Î©óªù¶E¤Î¦í°|STAT,¯Ã»XªÍ¦h»ù©ÊªÍª¢Ãì²yµß¬Ì­],Pneumovax 23 (Private) 0.5mL,PPV,­­2·³¥H¤W¨Ï¥Î¡A ¦¸¾¯¶q¬°1,§_,¬O,,»â¨ú¬Ì­]«á¡A ½Ð¥ß§Y¦Üª`®g«Ç¨Ì«ü¥Ü¨Ï¥Î,,After receiving the vaccine¡A please go to the injection room immediately.,,,,,¤@¯ë,ª`®g,Äµ »y:»â¨ú¬Ì­]«á¡A½Ð¥ß§Y¦Üª`®g«Ç¨Ì«ü¥Ü¨Ï¥Î¡C,,,0,0,¬O,1.0,,§_,¬O,¬O,³æ¤è,§_,°±¥Î,°±¥Î,¤£¥i¿i,§_,,1.00,1.00,1.00,1.00,1,1,1,1,1.00,1.00,0,0,,¦³¹Ï¤ù,,0,,0,,J07AL01,,,,,0,,0,,¤ä,§_,¤£µ¹¥I¶·¦Û¥I,¤£µ¹¥I¶·¦Û¥I,,,,§_,Liquid,SOL,,,,,0.50,mL,¬Ò¥i,³æ¦¸¿éª`,PH006,202303171101,0,1700.00
IPNE0,20170905,99999999,¥i¥Î,Pneumovax 23 (23»ùªÍª¢¡A¬F©²´£¨Ñ) 0.5mL/dose,Pneumovax 23 (Government) 0.5mL/dose,Pneumococcal Vaccine Polyvalent,IM,STAT,HIMM,IM-02-01,°w¾¯,DOS,Pneumovax 23,«D²Õ®M,,,¤@¯ë¥i¥Î,¬O,¥i¥ÎÃÄ¥]¾÷,­­¥Î,¤@¯ë,¦¸­p¶q¶i¦ì,¾AÀ³¯g: ªÍª¢Ãì²yµß¬Ì­],,Indication:Pneumococcal vaccine.,,¥~ Æ[:³z©ú¤p²~(VAIL)¡Aµµ¦â¥~»\¡A¥Õ¦âµµ¦â¬Û¶¡¥~¶K¯È,Appearance: Vial with purple cap,ª`®g³¡¦ì¯kµh¡A ·Å¼ö¡A ¬õ´³¡A ¸~,Local inj-site soreness¡A warmth¡A erythema & swelling.,,¥u¥Î©óªù¶E,§K¶O23»ùªÍª¢Ãì²yµß¬Ì­](Pneumovax 23),(§K¶O)23»ùªÍª¢Ãì²yµß¬Ì­] 0.5mL/dose,PPV,,§_,¬O,,»â¨ú¬Ì­]«á¡A ½Ð¥ß§Y¦Üª`®g«Ç¨Ì«ü¥Ü¨Ï¥Î,,After receiving the vaccine¡A please go to the injection room immediately.,,,,65·³¥H¤W,¤@¯ë,ª`®g,Äµ »y:»â¨ú¬Ì­]«á¡A½Ð¥ß§Y¦Üª`®g«Ç¨Ì«ü¥Ü¨Ï¥Î¡C,,,0,0,¬O,1.0,,§_,¬O,¬O,³æ¤è,§_,°±¥Î,¥i¥Î,¤£¥i¿i,§_,,1.00,1.00,1.00,1.00,1,1,1,1,1.00,1.00,0,0,,¦³¹Ï¤ù,,0,,0,,J07AL01,,,,,0,,0,,VAL,,°·«Oµ¹¥I,°·«Oµ¹¥I,,,K000492206,§_,Liquid,SOL,,,,,0.50,mL,,,PH006,202402071528,0,0
IPNE1,20170920,99999999,¥i¥Î,Pneumovax 23 (23»ùªÍª¢¡A¥x¥_¥«) 0.5mL/dose,Pneumovax 23 (Taipei City) 0.5mL/dose,Pneumococcal Vaccine Polyvalent,IM,STAT,HIMM,IM-02-01,°w¾¯,DOS,Pneumovax 23,«D²Õ®M,,,¤@¯ë¥i¥Î,¬O,¥i¥ÎÃÄ¥]¾÷,­­¥Î,¤@¯ë,¦¸­p¶q¶i¦ì,¾AÀ³¯g: ªÍª¢Ãì²yµß¬Ì­],,Indication:Pneumococcal vaccine.,,¥~ Æ[:³z©ú¤p²~(VAIL)¡Aµµ¦â¥~»\¡A¥Õ¦âµµ¦â¬Û¶¡¥~¶K¯È,Appearance: Vial with purple cap,ª`®g³¡¦ì¯kµh¡A ·Å¼ö¡A ¬õ´³¡A ¸~,Local inj-site soreness¡A warmth¡A erythema & swelling.,,¥u¥Î©óªù¶E,§K¶O23»ùªÍª¢Ãì²yµß¬Ì­](Pneumovax 23),(§K¶O)23»ùªÍª¢Ãì²yµß¬Ì­] 0.5mL/dose,PPV,,,¬O,,»â¨ú¬Ì­]«á¡A ½Ð¥ß§Y¦Üª`®g«Ç¨Ì«ü¥Ü¨Ï¥Î,,After receiving the vaccine¡A please go to the injection room immediately.,,,,³]Äy¥x¥_¥«63-64Y¡A55-64Y³]Äy¥_¥«¤§­ì¦í¥Á,¤@¯ë,ª`®g,Äµ »y:»â¨ú¬Ì­]«á¡A½Ð¥ß§Y¦Üª`®g«Ç¨Ì«ü¥Ü¨Ï¥Î¡C,,,0,0,¬O,1.0,,§_,¬O,¬O,³æ¤è,§_,°±¥Î,°±¥Î,¤£¥i¿i,§_,,1.00,1.00,1.00,1.00,1,1,1,1,1.00,1.00,0,0,,¦³¹Ï¤ù,,0,,0,,J07AL01,,,,,0,,0,,VAL,,°·«O¤£¥Ó³ø¤£­p»ù,°·«O¤£¥Ó³ø¤£­p»ù,,,,§_,Liquid,SOL,,,,,0.50,mL,¬Ò¥i,³æ¦¸¿éª`,PH032,202312061451,0,0
IPNS1,20110810,99999999,°±¥Î,PREFILLED 0.9% Saline 10mL,PREFILLED 0.9% Saline 10mL,Sodium Chloride,,,NUTR,NU-04-04,°w¾¯,VAL,N/S,«D²Õ®M,°±¥Î,,¤@¯ë¥i¥Î,¬O,¥i¥ÎÃÄ¥]¾÷,,¤@¯ë,Á`¶q¶i¦ì,¾AÀ³¯g:¬°¥Í²z­¹ÆQ¤ô,,,,¥~ Æ[:10ml syringe,,,,,¬Ò¥i¥Î,¨FªLª`®g²G,PREFILLED 0.9% Saline 10mL,,,§_,¬O,,,,,,,,,¤@¯ë,ª`®g,Äµ »y:½Ð¿í·ÓÂå®v«ü¥Ü¨Ï¥Î¡A­Yµo¥ÍºÃ¦üÃÄª«¤£¨}¤ÏÀ³½Ð§iª¾Âå¥Í¡C,,,0,0,§_,1.0,,§_,§_,§_,³æ¤è,§_,¥i¥Î,¥i¥Î,¤£¥i¿i,¬O,,1.00,1.00,9.00,9.00,999,999,1,1,99.00,99.00,0,0,,µL¹Ï¤ù,,0,,0,,,,,,,,,,,VIAL,,¥Ó³ø¤£­p»ù,¥Ó³ø¤£­p»ù,,,,§_,Liquid,IVSOL,,,,,10.00,mL,¬Ò¥i,³æ¦¸¿éª`,PH034,202106101527,0,21.00
IPNS3,20110810,99999999,°±¥Î,Prefilled 0.9% Saline 3mL,Prefilled 0.9% Saline 3mL,Sodium Chloride,,,NUTR,NU-04-04,°w¾¯,VAL,N/S,«D²Õ®M,°±¥Î,,¤@¯ë¥i¥Î,¬O,¥i¥ÎÃÄ¥]¾÷,,¤@¯ë,Á`¶q¶i¦ì,¾AÀ³¯g:¬°¥Í²z­¹ÆQ¤ô,,,,¥~ Æ[:3ml syringe,,,,,¬Ò¥i¥Î,¨FªLª`®g²G,Prefilled 0.9% Saline 3mL,,,§_,¬O,,,,,,,,,¤@¯ë,ª`®g,Äµ »y:½Ð¿í·ÓÂå®v«ü¥Ü¨Ï¥Î¡A­Yµo¥ÍºÃ¦üÃÄª«¤£¨}¤ÏÀ³½Ð§iª¾Âå¥Í¡C,,,0,0,§_,1.0,,§_,§_,§_,³æ¤è,§_,¥i¥Î,¥i¥Î,¤£¥i¿i,¬O,,1.00,1.00,9.00,9.00,999,999,1,1,99.00,99.00,0,0,,µL¹Ï¤ù,,0,,0,,,,,,,,,,,VIAL,,¥Ó³ø¤£­p»ù,¥Ó³ø¤£­p»ù,,,,§_,Liquid,IVSOL,,,,,3.00,mL,¬Ò¥i,³æ¦¸¿éª`,PH034,202106101526,0,19.00
IPOL,20010713,99999999,°±¥Î,Imovax polio 0.5mL (¦Û¶O),Imovax polio 0.5mL (¦Û¶O),Inactivated poliovirus vaccine,SC,ST,HIMM,IM-02-02,°w¾¯,AMP,Salk polio,«D²Õ®M,°±¥Î¡A¥i¬dÃþ¦üÃÄ,,¤w°±¥Î,¬O,¤£¥i¥ÎÃÄ¥]¾÷,°·«O¤£µ¹¥I,¤@¯ë,¦¸­p¶q¶i¦ì,¾AÀ³¯g:¬°¨F§J¬Ì­],,,,,,,,,¬Ò¥i¥Î,,Imovax polio 0.5mL,,,§_,¬O,,,,,,,,,¤@¯ë,¤@¯ë,Äµ »y:»â¨ú¬Ì­]«á¡A½Ð¥ß§Y¦Üª`®g«Ç¨Ì«ü¥Ü¨Ï¥Î¡C,,,,,¬O,1.0,,§_,§_,§_,³æ¤è,§_,¥i¥Î,¥i¥Î,¤£¥i¿i,¬O,,1.00,1.00,1.00,1.00,1,1,1,1,0,0,0,0,,µL¹Ï¤ù,,0,,0,,,,,,,,,,,AMP,,¤£µ¹¥I¶·¦Û¥I,¤£µ¹¥I¶·¦Û¥I,,,,§_,Liquid,SOL,,,,,,,¬Ò¥i,³æ¦¸¿éª`,PH032,202110031703,0,540.00
IPPD,19960101,99999999,¥i¥Î,Tuberculin PPD (µ²®Öµß¯À¸Õ¾¯) 0.1mL/dose,PPD 2TU/0.1mL/dose (Tuberculin),Tuberculin purified protein derivative,ID,STAT,HIMM,IM-03-00,°w¾¯,DOS,P.P.D.,«D²Õ®M,,,¤@¯ë¥i¥Î,¬O,¤£¥i¥ÎÃÄ¥]¾÷,°·«O¤£µ¹¥I,¤@¯ë,Á`¶q¶i¦ì,¾AÀ³¯g:µ²®Ö±ìµßÀË´ú,,Indication:Tuberculin skin test.,,¥~ Æ[:1.5 mL ¤p²~¸Ë,Appearance: 1.5 mL vial,ª`®g³¡¦ì¤ÏÀ³¡]¯kµh¡Aæ±Äo¡A¬õ¸~¡A¼ìÄê¡Aµ²¬Í¡^,Injection site reactions (pain¡A pruritus¡A redness¡A ulceration¡A scarring),,¥u¥Î©óªù¶E¤Î¦í°|STAT,ºë»sµ²®Öµß¯À RT 23 SSI,PPD 2TU/0.1mL/dose,,,§_,¬O,,»â¨ú¬Ì­]«á¡A ½Ð¥ß§Y¦Üª`®g«Ç¨Ì«ü¥Ü¨Ï¥Î,,After receiving the vaccine¡A please go to the injection room immediately.,,¶J©ñ®É»Ý¸m©ó¦B½c§NÂÃ(Äá¤ó 2-8 «×),Store in a refrigerator (2-8¢XC).,,¤@¯ë,ª`®g,Äµ »y:»â¨ú¬Ì­]«á¡A½Ð¥ß§Y¦Üª`®g«Ç¨Ì«ü¥Ü¨Ï¥Î¡C,,,,,¬O,15.0,,§_,¬O,¬O,³æ¤è,§_,°±¥Î,°±¥Î,¤£¥i¿i,§_,,1.00,1.00,1.00,1.00,1,1,1,1,1.00,1.00,0,0,,¦³¹Ï¤ù,,0,,0,,V04CF01,,,,,,,,,VAL,§_,¤£µ¹¥I¶·¦Û¥I,¤£µ¹¥I¶·¦Û¥I,,,,§_,Liquid,SOL,,,,,1.50,mL,¬Ò¥i,³æ¦¸¿éª`,PH006,202301301451,0,1440.00
IPPD1,20060424,99999999,¥i¥Î,PPD 2TU/0.1mL/dose (­­°·¶E¥Î),PPD 2TU/0.1mL/dose (HealthExam),Tuberculin PPD RT,ID,STAT,HIMM,IM-03-00,°w¾¯,DOS,,«D²Õ®M,,,¤@¯ë¥i¥Î,§_,¤£¥i¥ÎÃÄ¥]¾÷,°·«O¤£µ¹¥I,¤£¦LÃÄÅÒ,Á`¶q¶i¦ì,¾AÀ³¯g:µ²®Ö±ìµßÀË´ú,,Indication:Tuberculin skin test.,,¥~ Æ[:1.5 ²@¤É¤p²~¸Ë,Appearance: 1.5 mL vial,ª`®g³¡¦ì¤ÏÀ³¡]¯kµh¡Aæ±Äo¡A¬õ¸~¡A¼ìÄê¡Aµ²¬Í¡^,Injection site reactions (pain¡A pruritus¡A redness¡A ulceration¡A scarring),,¥u¥Î©óªù¶E,ºë»sµ²®Öµß¯À RT 23 SSI,PPD 2TU/0.1mL/dose (°·¶E¥Î),,,§_,¬O,,»â¨ú¬Ì­]«á¡A ½Ð¥ß§Y¦Üª`®g«Ç¨Ì«ü¥Ü¨Ï¥Î,,After receiving the vaccine¡A please go to the injection room immediately.,,¶J©ñ®É»Ý¸m©ó¦B½c§NÂÃ(Äá¤ó 2-8 «×),Store in a refrigerator (2-8¢XC).,,¤@¯ë,ª`®g,Äµ »y:½Ð¸m©óÄá¤ó 2-8 «×¦B½cÁ×¥ú§NÂÃ«O¦s¡C,,,,,¬O,1.0,,§_,¬O,¬O,³æ¤è,§_,°±¥Î,¥i¥Î,¤£¥i¿i,§_,,1.00,1.00,1.00,1.00,1,1,1,1,1.00,1.00,0,0,,¦³¹Ï¤ù,,0,,0,,V04CF01,,,,,,,,,DOS,,¤£µ¹¥I¶·¦Û¥I,¤£µ¹¥I¶·¦Û¥I,,,,§_,Liquid,SOL,,,,,1.50,mL,¬Ò¥i,³æ¦¸¿éª`,PH034,202101261510,0,300.00
IPR13,20170905,99999999,¥i¥Î,Prevenar 0.5mL/dose (13»ùªÍª¢¬Ì­]),Prevenar 13 (Private) 0.5mL/dose,Pneumococcal Vaccine Polyvalent,IM,STAT,HIMM,IM-02-01,°w¾¯,DOSE,Prevenar,«D²Õ®M,,,¤@¯ë¥i¥Î,¬O,¥i¥ÎÃÄ¥]¾÷,°·«O¤£µ¹¥I,¤@¯ë,Á`¶q¶i¦ì,¾AÀ³¯g:¦h»ù©ÊªÍª¢Ãì²yµß¬Ì­],,Indication:Pneumococcal vaccine.,,¥~ Æ[:¥Õ¦â¥~²°¡A ¦³Prevenar¦r¼Ë,Appearance: 1 single-dose prefilled-syringe,ª`®g³¡¦ì¯kµh¡A ·Å¼ö¡A ¬õ´³¡A ¸~,Local inj-site soreness¡A warmth¡A erythema & swelling.,,¥u¥Î©óªù¶E¤Î¦í°|STAT,¨K¨àªÍª¢Ãì²yµß13»ùµ²¦X«¬¬Ì­],Prevenar 13 (Private) 0.5mL/,PCV13,,§_,¬O,,»â¨ú¬Ì­]«á¡A ½Ð¥ß§Y¦Üª`®g«Ç¨Ì«ü¥Ü¨Ï¥Î,,After receiving the vaccine¡A please go to the injection room immediately.,,,,,¤@¯ë,ª`®g,Äµ »y:»â¨ú¬Ì­]«á¡A½Ð¥ß§Y¦Üª`®g«Ç¨Ì«ü¥Ü¨Ï¥Î¡C,,,0,0,§_,1.0,,§_,¬O,¬O,³æ¤è,§_,°±¥Î,°±¥Î,¤£¥i¿i,§_,,1.00,1.00,1.00,1.00,1,1,1,1,1.00,1.00,0,0,,¦³¹Ï¤ù,,0,,0,,J07AL02,,,,,0,,0,,¤ä,,¤£µ¹¥I¶·¦Û¥I,¤£µ¹¥I¶·¦Û¥I,,,,§_,LiquidSolidSuspension,SUSP,,,,,0.50,mL,¬Ò¥i,³æ¦¸¿éª`,PH047,202309281719,0,3800.00
IPRA,20171215,99999999,¥i¥Î,Praluent solution for injection 75mg,Praluent solution for injection 75mg,Alirocumab,SC,Q2W,CAVS,CV-12-00,°w¾¯,¤ä,Praluent,«D²Õ®M,¼t°Ó¯Ê³f,,¤@¯ë¥i¥Î,¬O,¥i¥ÎÃÄ¥]¾÷,±ø¥ó¤Uµ¹¥I,¤@¯ë,Á`¶q¶i¦ì,¾AÀ³¯g:ªvÀø°ª¦å¯×¤Î¹w¨¾¤ß¦åºÞ¨Æ¥ó,,Indication:Treatment of hyperlipidemia.,and Prevent cardiovascular events,¥~ Æ[:¥Õ¦â¹w¥R¶ñµ§«¬,Appearance: White pre-filled Pen,§½³¡ª`®g³¡¦ì¤ÏÀ³¡A¤W©I§l¹D¯gª¬¡A·kÄo¡A¹L±Ó¤ÏÀ³,Injection site reaction¡A influenza¡A skin rash¡A allergy,,¥u¥Î©óªù¶E¤Î¦í°|STAT,«O¯×³qª`®g¾¯75²@§J,Praluent inj 75mg,,,,¬O,,½Ð¸m©óÄá¤ó 2-8 «×¦B½c§NÂÃ¡C,±Nª`®gµ§©ñ¦b«Ç·Å¤U30-40 ¤ÀÄÁ¥H¨Ï¤§¦^·Å¡C,Store in a refrigerator (2-8¢XC).,Allow PRALUENT to warm to room temperature for 30 to 40 minutes prior to use.,¦^·Å«áºÉ§Ö¨Ï¥Î¡A«ØÄ³¨C¦¸ª`®g³£§ó´«ª`®g³¡¦ì¡C,Use PRALUENT as soon as possible after it has warmed up and rotate the inj. site,106¦~²Ä¥|©uÃÄ©e·|·s¶i,¤@¯ë,ª`®g,Äµ »y:½Ð¸m©óÄá¤ó 2-8 «×¦B½cÁ×¥ú§NÂÃ«O¦s¡C,,,0,0,§_,1.0,,§_,¬O,§_,³æ¤è,§_,°±¥Î,¥i¥Î,¤£¥i¿i,¬O,,1.00,1.00,4.00,4.00,99,99,1,1,4.00,4.00,0,0,,¦³¹Ï¤ù,,0,,0,,C10AX14,,,,,0,,0,,¤ä,¬O,°·«Oµ¹¥I,°·«Oµ¹¥I,ALIROCUMAB,C10AX14,KC01037209,§_,Liquid,SOL,,,75.00,mg,1.00,mL,¬Ò¥i,³æ¦¸¿éª`,PH006,202403071021,4588.00,5506.00
IPRE,19960101,99999999,°±¥Î,Premarin inj 25mg,Premarin inj 25mg,Estrogen + Medroxyprogesterone,IM,,HM,HR-03-04,°w¾¯,VAL,Premarin,«D²Õ®M,°±¥Î¡A¥i¬dÃþ¦üÃÄ,,¤@¯ë¥i¥Î,¬O,¤£¥i¥ÎÃÄ¥]¾÷,,¤@¯ë,Á`¶q¶i¦ì,¾AÀ³¯g:¤l®c¥X¦å,,,,,,,,,,,Premarin inj 25mg,,,§_,¬O,,,,,,,,,¤@¯ë,ª`®g,Äµ »y:¬°³±¹D³n»I¡A§½³¡¨Ï¥Î,,,,,¬O,1.0,,§_,§_,§_,³æ¤è,§_,¥i¥Î,¥i¥Î,¤£¥i¿i,¬O,,1.00,1.00,999.00,999.00,999,999,1,1,0,0,0,0,,µL¹Ï¤ù,,0,,0,,,,,,,,,,,VAL,§_,°·«Oµ¹¥I,°·«Oµ¹¥I,ESTROGEN CONJUGATED,G03CA57,B018978240,§_,Liquid,SOL,,,,,,,¬Ò¥i,³æ¦¸¿éª`,PH008,201403201340,207.00,248.00
IPRE0,20071114,99999999,°±¥Î,Prevenar (¥_¥«´£¨Ñ¡A13»ùªÍª¢) 0.5mL/dose,Prevenar (¥_¥«´£¨Ñ¡A13»ùªÍª¢) 0.5mL/dose,Pneumococcal Vaccine Polyvalent,IM,ST,HIMM,IM-02-01,°w¾¯,DOSE,PREVENAR,«D²Õ®M,°±¥Î,,¤@¯ë¥i¥Î,¬O,¤£¥i¥ÎÃÄ¥]¾÷,,¤£¦LÃÄÅÒ,¦¸­p¶q¶i¦ì,¾AÀ³¯g:¤Q¤T»ùªÍª¢Ãì²yµß¬Ì­]¡C,,Indication:Pneumococcal conjugate vaccine (13 valent).,,¥~ Æ[:¥Õ¦â¥~²°¡A¦³Prevenar¦r¼Ë,Appearance: White box printed with 'Prevenar',ª`®g³¡¦ì¯kµh¡B¬õ´³¡B¸~µÈ¡A¦Ù¦×¯kµh¡C,Injection site pain¡A erythema/swelling at injection site¡A myalgia.,,¥u¥Î©óªù¶E,¨K¨àªÍª¢Ãì²yµß13»ùµ²¦X«¬¬Ì­],Prevenar (¥_¥«´£¨Ñ¡A13»ùªÍª¢) 0.5mL/,PCV13,,§_,¬O,,»â¨ú¬Ì­]«á¡A½Ð¥ß§Y¦Üª`®g«Ç¨Ì«ü¥Ü¨Ï¥Î¡C,,After receiving the vaccine¡A please go to the injection room immediately.,,,,,¤@¯ë,ª`®g,Äµ »y:»â¨ú¬Ì­]«á¡A½Ð¥ß§Y¦Üª`®g«Ç¨Ì«ü¥Ü¨Ï¥Î¡C,,,,,§_,1.0,,§_,¬O,¬O,³æ¤è,§_,°±¥Î,¥i¥Î,¤£¥i¿i,¬O,,1.00,1.00,1.00,1.00,1,1,1,0,1.00,1.00,0,0,,¦³¹Ï¤ù,,0,,0,,J07AL02,,,,,,,,,DOS,,°·«O¤£¥Ó³ø¤£­p»ù,°·«O¤£¥Ó³ø¤£­p»ù,,,,§_,LiquidSolidSuspension,SUSP,,,,,0.50,mL,,,PH047,202309281705,0,0
IPRE1,20130221,99999999,¥i¥Î,Prevenar (¬F©²´£¨Ñ¡A13»ùªÍª¢) 0.5mL/dose,Prevenar (¬F©²´£¨Ñ¡A13»ùªÍª¢) 0.5mL/dose,Pneumococcal Vaccine Polyvalent,IM,STAT,HIMM,IM-02-01,°w¾¯,DOS,¤½¶O¤p¨àPrevenar,«D²Õ®M,,,¤@¯ë¥i¥Î,¬O,¤£¥i¥ÎÃÄ¥]¾÷,,¤£¦LÃÄÅÒ,¦¸­p¶q¶i¦ì,¾AÀ³¯g:¦h»ù©ÊªÍª¢Ãì²yµß¬Ì­],,Indication:Pneumococcal vaccine.,,¥~ Æ[:¥Õ¦â¥~²°¡A ¦³Prevenar¦r¼Ë,,ª`®g³¡¦ì¯kµh¡A ·Å¼ö¡A ¬õ´³¡A ¸~,Local inj-site soreness¡A warmth¡A erythema & swelling.,,¥u¥Î©óªù¶E¤Î¦í°|STAT,¨K¨àªÍª¢Ãì²yµß13»ùµ²¦X«¬¬Ì­],Prevenar (¬F©²´£¨Ñ¡A13»ùªÍª¢) 0.5mL/,PCV13,,§_,¬O,,»â¨ú¬Ì­]«á¡A ½Ð¥ß§Y¦Üª`®g«Ç¨Ì«ü¥Ü¨Ï¥Î,,After receiving the vaccine¡A please go to the injection room immediately.,,,,,¤@¯ë,ª`®g,Äµ »y:»â¨ú¬Ì­]«á¡A½Ð¥ß§Y¦Üª`®g«Ç¨Ì«ü¥Ü¨Ï¥Î¡C,,,0,0,§_,1.0,,§_,¬O,¬O,³æ¤è,§_,°±¥Î,°±¥Î,¤£¥i¿i,§_,,1.00,1.00,1.00,1.00,1,1,1,1,1.00,1.00,0,0,,¦³¹Ï¤ù,,0,,0,,J07AL02,,,,,,,,,DOS,,°·«Oµ¹¥I,°·«Oµ¹¥I,,,K000906206,§_,Liquid,SOL,,,,,0.50,mL,,³æ¦¸¿éª`,PH006,202401231435,0,0
IPRE2,20231127,99999999,¥i¥Î,Prevenar (¤½¶O65·³¥H¤W¡A13»ùªÍª¢) 0.5mL/dose,Prevenar 13 (Government) 0.5mL/dose,Pneumococcal Vaccine Polyvalent,IM,STAT,HIMM,IM-02-01,°w¾¯,DOSE,¤½¶O¦Ñ¤HPrevenar,«D²Õ®M,,,¤@¯ë¥i¥Î,¬O,¥i¥ÎÃÄ¥]¾÷,±ø¥ó¤Uµ¹¥I,¤@¯ë,¦¸­p¶q¶i¦ì,¾AÀ³¯g:¤Q¤T»ùªÍª¢Ãì²yµß¬Ì­]¡C,,Indication:Pneumococcal conjugate vaccine (13 valent).,,¥~ Æ[:¥Õ¦â¥~²°¡A¦³Prevenar¦r¼Ë,Appearance: White box printed with 'Prevenar',ª`®g³¡¦ì¯kµh¡B¬õ´³¡B¸~µÈ¡A¦Ù¦×¯kµh¡C,Injection site pain¡A erythema/swelling at injection site¡A myalgia.,,¥u¥Î©óªù¶E¤Î¦í°|STAT,¨K¨àªÍª¢Ãì²yµß13»ùµ²¦X«¬¬Ì­],Prevenar 13 (Government),PCV13_1,,,¬O,,»â¨ú¬Ì­]«á¡A½Ð¥ß§Y¦Üª`®g«Ç¨Ì«ü¥Ü¨Ï¥Î¡C,,After receiving the vaccine¡A please go to the injection room immediately.,,,,202309 ·s«Ø (2023/11/27¬F©²¶}©ñ¤½¶O) 65·³¥H¤W,¤@¯ë,ª`®g,Äµ »y:»â¨ú¬Ì­]«á¡A½Ð¥ß§Y¦Üª`®g«Ç¨Ì«ü¥Ü¨Ï¥Î¡C,,,0,0,§_,1.0,,§_,¬O,¬O,³æ¤è,§_,°±¥Î,°±¥Î,¤£¥i¿i,§_,,1.00,1.00,1.00,1.00,1,1,1,1,1.00,1.00,0,0,,¦³¹Ï¤ù,,0,,0,,J07AL02,,,,,0,,0,,DOS,,°·«Oµ¹¥I,°·«Oµ¹¥I,,,K000906206,§_,LiquidSolidSuspension,SUSP,,,0,,0.50,mL,,,PH032,202312061452,0,0
IPREC,20191215,99999999,¥i¥Î,Precedex inj 200mcg/2mL,Precedex inj 200mcg/2mL,Dexmedetomidine,IVD,ASORDER,ZANE,CN-04-01,°w¾¯,Vial,Precedex,«D²Õ®M,¼t°Ó¯Ê³f,,¤@¯ë¥i¥Î,¬O,¥i¥ÎÃÄ¥]¾÷,±ø¥ó¤Uµ¹¥I,¤@¯ë,Á`¶q¶i¦ì,¾AÀ³¯g:¤â³N©Îµ{§Ç¶i¦æ¤¤¤Î,¥[Å@¯f©ÐªvÀø´Á¶¡ÂíÀR§@¥Î,Indications: Sedation during surgery¡A procedure,or ICU care.,¥~ Æ[:³z©ú¬Á¼þª`®g²~,Appearance: transparent glass injection vial,§C¦åÀ£¡A¤ß°Ê¹L½w¡A«K¯µ¡Aäú¤ß¡A©I§l§í¨î,Hypotension¡A bradycardia¡A constipation¡A nausea¡A respiratory depression,,¥u¥Î©óªù¶E¤Î¦í°|STAT,´¶§Q´µ¼wª`®g¾¯,Precedex inj 200mcg/2mL,,,,¬O,,À³¨Ì­Ó®×ª¬ªp¨M©wPrecedexªº¾¯¶q¡A,¨Ã¨ÌÁ{§É¤ÏÀ³½Õ¾ã¾¯¶q,The dose of Precedex should be determined by case and,adjusted according to clinical response,¨Ï¥Î«e¡A¥²¶·¥H0.9%´â¤Æ¶u·»²Gµ}ÄÀ¦Ü©Ò»Ý­nªº¿@«×¡C,Must be diluted with 0.9% sodium chloride solution prior to administration.,2019.Q4ÃÄ©e·s¶i,¤@¯ë,ª`®g,À³¨Ì­Ó®×ª¬ªp¨M©wPrecedexªº¾¯¶q¡A¨Ã¨ÌÁ{§É¤ÏÀ³½Õ¾ã¾¯¶q,Äµ °ªÄµ°T,,0,0,§_,1.0,,¬O,¬O,§_,³æ¤è,§_,°±¥Î,°±¥Î,¤£¥i¿i,¬O,,0,0,10.00,10.00,1,1,1,1,10.00,10.00,0,0,,¦³¹Ï¤ù,,0,,0,,N05CM18,,,,,0,,0,,VIAL,,°·«Oµ¹¥I,°·«Oµ¹¥I,DEXMEDETOMIDINE,N05CM18,BC24002212,,Liquid,IVSOL,,,200.00,mcg,2.00,mL,¥²¶·µ}ÄÀ,¬Ò¥i,PH047,202401110835,534.00,641.00
IPREV,20051024,99999999,°±¥Î,Prevenar (¤C»ùªÍª¢¬Ì­]) 0.5mL/dose,Prevenar (Private) 0.5mL/dose,Pneumococcal Vaccine Polyvalent,IM,ST,HIMM,IM-02-01,°w¾¯,¤ä,Prevenar,«D²Õ®M,°±¥Î¡A¥i¬dÃþ¦üÃÄ,,¤w°±¥Î,¬O,¤£¥i¥ÎÃÄ¥]¾÷,°·«O¤£µ¹¥I,¤@¯ë,Á`¶q¶i¦ì,¾AÀ³¯g¡G¦h»ù©ÊªÍª¢Ãì²yµß¬Ì­],,Indication: Pneumococcal vaccine.,,¥~ Æ[:¥Õ¦â¥~²°¡A¦³Prevenar¦r¼Ë,,­¹¼¤­°§C¡B¹Ã¦R¡B¸¡Âm,Decreased appetite¡A vomiting¡A diarrhea,,¥u¥Î©óªù¶E¤Î¦í°|STAT,¨K¨àªÍª¢Ãì²yµß¤C»ù±µ¦X«¬¬Ì­],Prevenar (Private) 0.5mL/dos,PCV7,,§_,¬O,,,,,,,,,¤@¯ë,ª`®g,Äµ »y:»â¨ú¬Ì­]«á¡A½Ð¥ß§Y¦Üª`®g«Ç¨Ì«ü¥Ü¨Ï¥Î¡C,,,,,§_,1.0,,§_,§_,§_,³æ¤è,§_,¥i¥Î,¥i¥Î,¤£¥i¿i,¬O,,1.00,1.00,1.00,1.00,1,1,1,1,0,0,0,0,,¦³¹Ï¤ù,,0,,0,,,,,,,,,,,¤ä,,¤£µ¹¥I¶·¦Û¥I,¤£µ¹¥I¶·¦Û¥I,,,,§_,Liquid,SOL,,,,,,,¬Ò¥i,³æ¦¸¿éª`,PH034,202109102138,0,3200.00
IPRI,19960101,99999999,°±¥Î,Primperan °w¾¯ 10mg/2mL,Primperan inj 10mg/2mL,Metoclopramide hydrochloride,IVPUSH,,ALIM,GI-06-00,°w¾¯,AMP,Primperan,«D²Õ®M,¼t°Ó¯Ê³f,IPUL,¤@¯ë¥i¥Î,¬O,¥i¥ÎÃÄ¥]¾÷,¥i¥Î,¤@¯ë,¦¸­p¶q¶i¦ì,¾AÀ³¯g:¹w¨¾¹Ã¦R¡A °f¬y©Ê®ø¤Æ©Ê­¹¹Dª¢,,Indication:Prevention nausea & vomiting¡A GERD,,¥~ Æ[:2mL ¦wÞÀ,Appearance: 2 mL ampoule,¸¡Âm¡A ¤ë¸g¶g´Á§ïÅÜ¡A ¨Å¥Ä¤Àªc¼W¥[¡A À@Åé¥~¯gª¬,Diarrhea changes in menstruation¡A increased ow of breast milk¡A extrapyrimidal sy,,¬Ò¥i¥Î,¸¡¹ç®Ôª`®g²G,Primperan 10mg,,,§_,¬O,,¥»«~»Ý¸m©óÁ×¥ú³±²D°®Àê³B,,Store at room temperature¡A away from heat¡A moisture¡A and direct light.,,³Æµù¡G­YIVµ¹ÃÄÀ³½wºCµ¹ÃÄ(¶W¹L3 ¤ÀÄÁ),When IV administrated¡A slowly drip at least 3 minutes,102¦~²Ä¥|¦¸ÃÄ©e·|·s¶i,¤@¯ë,ª`®g,Äµ »y:¥»«~»Ý¸m©óÁ×¥ú³±²D°®Àê³B,,ª`®g¾¯,,,§_,1.0,,§_,¬O,§_,³æ¤è,§_,°±¥Î,°±¥Î,¤£¥i¿i,¬O,,1.00,1.00,9.00,9.00,3,999,1,1,24.00,24.00,0.05,0.05,,¦³¹Ï¤ù,,10.00,mg,0,0.3-0.5 mg/Kg/day,A03FA01,,,,,,,,,AMP,§_,°·«Oµ¹¥I,°·«Oµ¹¥I,METOCLOPRAMIDE,A03FA01,BC23178212,§_,Liquid,IVSOL,,,10.00,mg,2.00,mL,¥²¶·µ}ÄÀ,³æ¦¸¿éª`,PH006,202307281518,15.00,20.00
IPRIM,20120819,99999999,¥i¥Î,Primovist inj 2.5mmol/10mL,Primovist inj 2.5mmol/10mL,Gadoxetate,IV,STAT,SCAN,VS-01-03,°w¾¯,¤ä,gadoxetic acid,«D²Õ®M,Á{±ÄÃÄ¡A½Ð³qª¾ÃÄ§½¥~ÁÊ,,­Ó®×Á{±Ä,¬O,¤£¥i¥ÎÃÄ¥]¾÷,°·«O¤£µ¹¥I,¤@¯ë,Á`¶q¶i¦ì,¾AÀ³¯g: ¾A¥Î©óT1 ¥[Åv±½´y®ÖºÏ³y¼v®É,¡A°»´ú¨xÅ¦§½³¡¯f¨_¤Î´£¨Ñ¯f¨_¯S©Ê¸ê°T¡C.,Indication: This medicinal product is a contrast agent for,T1-weighted magnetic resonance imaging of the liver.,¥~ Æ[: 10 mL ¤p²~,Appearance: 10 mL vial.,äú¤ß¡BÀYµh¡B·PÄ±¼ö¡B¦åÀ£¤É°ª¡BÀY©ü¡C,Nausea¡A headache¡A flushing¡A increased blood pressure¡A dizziness,,¥u¥Î©óªù¶E¤Î¦í°|STAT,¤RÁÚºû´µ,Primovist inj 2.5mmol/10mL,,,§_,¬O,,´¿¸g¹ïÅã¼v¾¯¦³¤£¨}¤ÏÀ³ªÌ¡B¨ã¤ä®ðºÞ®ð³Ý¯f¥vªÌ¡B,¨ã¹L±Ó¯f¥v¤§¯f±w¦³¸û°ª­·ÀI¹ï¥»ÃÄ«~²£¥Í¹L±Ó¤ÏÀ³¡C,Increased hypersensitivity risk in patients with history of reactions to,contrast media¡A bronchial asthma¡A or allergic disorders,Äµ »y¡G¥ÎÃÄ®Éª`·N¬O§_¦³¹L±Ó¤ÏÀ³¡A¤j¦h¼Æªº¹L±Ó¤ÏÀ³¦b¥b¤p®É¤ºµo¥Í¡C,Precautions: Observe for hypersensitivity reactions¡A especially within 30 minute,,¤@¯ë,ª`®g,Äµ »y¡G¥ÎÃÄ®Éª`·N¬O§_¦³¹L±Ó¤ÏÀ³¡A¤j¦h¼Æªº¹L±Ó¤ÏÀ³¦b¥b¤p®É¤ºµo¥Í¡C,Äµ °ªÄµ°T,,0,0,§_,1.0,,§_,¬O,¬O,³æ¤è,§_,°±¥Î,°±¥Î,¤£¥i¿i,§_,,1.00,1.00,1.00,1.00,1,1,1,1,1.00,1.00,0,0,,¦³¹Ï¤ù,,0,,0,,V08CA10,,,,,,,,,VIAL,,¤£µ¹¥I¶·¦Û¥I,¤£µ¹¥I¶·¦Û¥I,,,,§_,Liquid,IVSOL,,,2.50,mmol,10.00,mL,¬Ò¥i,³æ¦¸¿éª`,PH034,202101261524,0,9000.00
IPRM,20170328,99999999,°±¥Î,Promeran inj 9.08mg/2mL,Promeran inj 9.08mg/2mL,Metoclopramide hydrochloride,IVD,,ALIM,GI-06-00,°w¾¯,AMP,Primperan,«D²Õ®M,°±¥Î,IPRI,¤@¯ë¥i¥Î,¬O,¥i¥ÎÃÄ¥]¾÷,¥i¥Î,¤@¯ë,¦¸­p¶q¶i¦ì,¾AÀ³¯g:¹w¨¾¹Ã¦R¡A °f¬y©Ê®ø¤Æ©Ê­¹¹Dª¢,,Indication:Prevention nausea & vomiting¡A GERD,,¥~ Æ[:2mL ¦wÞÀ,Appearance: 2mL ampoule,¸¡Âm¡A ¤ë¸g¶g´Á§ïÅÜ¡A ¨Å¥Ä¤Àªc¼W¥[¡A À@Åé¥~¯gª¬,Diarrhea changes in menstruation¡A increased ow of breast milk¡A extrapyrimidal sy,,¬Ò¥i¥Î,´¶§J­Gª`®g²G,Promeran 9.08mg,,,,¬O,,¥»«~»Ý¸m©óÁ×¥ú³±²D°®Àê³B,,Store at room temperature¡A away from heat¡A moisture¡A and direct light.,,³Æµù¡G­YIVµ¹ÃÄÀ³½wºCµ¹ÃÄ(¶W¹L1~2 ¤ÀÄÁ),When IV administrated¡A slowly drip at least 1~2 minutes,,¤@¯ë,ª`®g,Äµ »y:¥»«~»Ý¸m©óÁ×¥ú³±²D°®Àê³B,,,0,0,,1.0,,§_,§_,§_,³æ¤è,§_,°±¥Î,¥i¥Î,¤£¥i¿i,¬O,,1.00,1.00,9.00,9.00,3,999,1,1,24.00,24.00,0.05,0.05,,¦³¹Ï¤ù,,0,mg,0,0.5mL~2mL/day,A03FA01,,,,,0,,0,,AMP,,°·«Oµ¹¥I,°·«Oµ¹¥I,METOCLOPRAMIDE,A03FA01,AB03552212,§_,Liquid,IVSOL,,,,,,,¬Ò¥i,³æ¦¸¿éª`,PH006,201709131327,15.00,20.00
IPRO,19960101,99999999,°±¥Î,Progesterone inj 50mg/1mL,Progesterone inj 50mg/1mL,Progesterone,IM,,HM,HR-03-03,°w¾¯,AMP,Progesterone,«D²Õ®M,°±¥Î,IPROG,¤@¯ë¥i¥Î,¬O,¤£¥i¥ÎÃÄ¥]¾÷,,¤@¯ë,¦¸­p¶q¶i¦ì,¾AÀ³¯g:¶ÀÅé¯À¸É¥RªvÀø,,Indication:Irregular menstruation.,,¥~ Æ[:1mL ¦wÞÀ,,¸g´Á§ïÅÜ¡A äú¤ß¡A ¯h­Â¡A §íÆ{¡A «C¬Kµk,Altered menstrual cycles; nausea; fatigue¡A depression; acne,,,¶ÀÅé¯Àª`®g²G,Progesterone inj 50mg/1mL,,,§_,¬O,,¥»«~À³¥H¦Ù¦×ª`®g(IM)¤è¦¡§ë»P,,,,,,,¤@¯ë,ª`®g,Äµ »y:¥»«~À³¥H¦Ù¦×ª`®g (IM) ¤è¦¡§ë»P,,,,,¬O,1.0,,§_,§_,§_,³æ¤è,§_,¥i¥Î,¥i¥Î,¤£¥i¿i,¬O,,1.00,1.00,4.00,4.00,999,999,1,1,4.00,4.00,0,0,,¦³¹Ï¤ù,,0,,0,,,,,,,,,,,AMP,§_,°·«Oµ¹¥I,°·«Oµ¹¥I,PROGESTERONE,G03DA04,A026462209,§_,Liquid,SOL,,,,,,,¬Ò¥i,³æ¦¸¿éª`,PH006,201405271150,4.75,6.00
IPRO125,20121227,99999999,°±¥Î,Progeston Depot-S 125mg/1mL inj,Progeston Depot-S 125mg/1mL inj,Hydroxyprogesterone caproate,IM,QW,HM,HR-03-03,°w¾¯,AMP,,«D²Õ®M,°±¥Î,,¤@¯ë¥i¥Î,¬O,¥i¥ÎÃÄ¥]¾÷,,¤@¯ë,¦¸­p¶q¶i¦ì,¾AÀ³¯g:²ßºD©Ê¬y²£¡AµL¤ë¸g¡A¤l®c¥X¦å,,Indication: Recurrent miscarriage¡A amenorrhoea or,abnormal uterine bleeding,¥~ Æ[:1mL ¦wÞÀ,Appearance:1mL ampoule,Åé­«¼W¥[¡A¯B¸~¡AÀYµh¡A¶ÝºÎ,wt gain¡A edema¡A headache¡A sleepy,,¬Ò¥i¥Î,«ùÄò©Ê´¶«O­Lª`®g¾¯,Progeston Depot-S 125mg/1mL,,,§_,¬O,,¥»«~À³¥H¦Ù¦×ª`®g(IM)¤è¦¡§ë»P,,Precaution: Should be administered by imtramuscular route,,,,,¤@¯ë,ª`®g,Äµ »y:¥»«~À³¥H¦Ù¦×ª`®g (IM) ¤è¦¡§ë»P,,,0,0,§_,1.0,,§_,§_,§_,³æ¤è,§_,¥i¥Î,¥i¥Î,¤£¥i¿i,¬O,,1.00,1.00,1.00,1.00,7,7,1,1,1.00,1.00,0,0,,¦³¹Ï¤ù,,0,,0,,G03DA03,,,,,,,,,AMP,,¤£µ¹¥I¶·¦Û¥I,¤£µ¹¥I¶·¦Û¥I,,,,§_,Liquid,SOL,,,,,,,¬Ò¥i,³æ¦¸¿éª`,PH006,201607281517,0,380.00
IPRO5,20010720,99999999,°±¥Î,Prostaphlin inj 500mg,Prostaphlin inj 500mg,Oxacillin,IV,,QANB,AI-01-01,°w¾¯,VAL,Prostaphlin,«D²Õ®M,°±¥Î,IOCI,¤@¯ë¥i¥Î,¬O,¤£¥i¥ÎÃÄ¥]¾÷,¥i¥Î,¤@¯ë,Á`¶q¶i¦ì,¾AÀ³¯g:²Óµß©Ê·P¬V,,,,,,,,¤@¯ëÃþ§Ü¥Í¯À,¬Ò¥i¥Î,,Prostaphlin inj 500mg,,,§_,¬O,,,,,,,,,¤@¯ë,¤@¯ë,Äµ »y: ­Yµo¥ÍÄY­«¹L±Ó©Îµo¯lµ¥¤£¾A¯gª¬¡AÀ³§Y°±ÃÄ¨Ã½Ð±ÐÂå®v,,,,,§_,1.0,,§_,§_,§_,³æ¤è,§_,¥i¥Î,¥i¥Î,¤£¥i¿i,¬O,,1.00,1.00,4.00,4.00,7,7,1,1,0,0,0,0,,µL¹Ï¤ù,,0,,0,,J01CF04,,,,,0.50,g,2.00,g,VAL,§_,°·«Oµ¹¥I,°·«Oµ¹¥I,OXACILLIN,J01CF04,B017520277,§_,Liquid,IVSOL,,,,,,,¬Ò¥i,³æ¦¸¿éª`,PH009,201707171641,35.00,44.00
IPRO6,20111225,99999999,¥i¥Î,Prolia inj 60mg,Prolia inj 60mg,Denosumab,SC,STAT,META,ME-06-00,°w¾¯,¤ä,Prolia,«D²Õ®M,,,¤@¯ë¥i¥Î,¬O,¤£¥i¥ÎÃÄ¥]¾÷,±ø¥ó¤Uµ¹¥I,¤@¯ë,Á`¶q¶i¦ì,¾AÀ³¯g:°©½è²¨ÃP¯g,,Indication:Treatment of osteoporosis.,or in men.,¥~ Æ[:1mL¹w¥R¶ñ«¬ª`®g°w,,¥Ö½§¬õ¯l¡A­Iµh¡A¥|ªÏ¯kµh¡A°©Àf¦Ù¦×¯kµh¡A°ªÁx©T¾J¦å¯g¡A»H¯Öª¢,Urticaria¡A back pain¡Alimb pain¡Amusculoskeletal pain¡Ahypercholesterolemia,,¬Ò¥i¥Î,«OÀfÄRª`®g²G,Prolia inj 60mg,,,§_,¬O,,¦b¨Ï¥ÎProliaªvÀø´Á¶¡À³ºû«ù¨}¦nªº¤fµÄ½Ã¥Í,¦pªG¤j»L¡BÆb³¡©Î¸¡ªÑ·¾¥X²{·sªº©Î²§±`ªº¯kµh²{¶H¡AÀ³¥ß§Y¦VÂå®v³q³ø¡C,Good oral hygiene should be maintained during treatment.,Report new or unusual thigh¡A hip¡A or groin pain to your doctor.,½Ð¸m©óÄá¤ó 2-8 «×¦B½c§NÂÃ. ¨Ï¥Î«e¤k©Ê½Ð¥ý±Æ°£Ãh¥¥¥i¯à.,Store in refrigerator (2-8¢XC). Rule out the possibility of pregnancy in female,103-4ÃÄ©e·|Ä³¨M­­©wµ´¹ï¦Û¶O¨Ï¥Î¡A108-1³q¹L°·«O¥i¥Î,¤@¯ë,ª`®g,Äµ»y:¦b¨Ï¥ÎProliaªvÀø´Á¶¡À³ºû«ù¨}¦nªº¤fµÄ½Ã¥Í,,,0,0,§_,1.0,,§_,¬O,¬O,³æ¤è,§_,°±¥Î,°±¥Î,¤£¥i¿i,¬O,,1.00,1.00,1.00,1.00,1,1,1,1,1.00,1.00,0,0,,¦³¹Ï¤ù,,0,,0,,M05BX04,,,,,,,,,¤ä,,°·«Oµ¹¥I,°·«Oµ¹¥I,DENOSUMAB,M05BX04,KC00918209,§_,Liquid,SOL,,,60.00,mg,1.00,mL,¬Ò¥i,³æ¦¸¿éª`,PH034,202201041652,6014.00,7217.00
IPROA,19960101,99999999,¥i¥Î,Protamine sulphate inj 50mg/5mL,Protamine sulphate inj 50mg/5mL,Protamine sulphate,IVD,STAT,ZADT,AD-02-00,°w¾¯,AMP,Protamine,«D²Õ®M,,,¤@¯ë¥i¥Î,¬O,¤£¥i¥ÎÃÄ¥]¾÷,¥i¥Î,¤@¯ë,¦¸­p¶q¶i¦ì,¾AÀ³¯g: ¤¤©M¹L¶qªº¨x¯À(Heparin)¡C,,Indication: Treat heparin overdose.,,¥~ Æ[: ¬Á¼þ¦w²~§t5²@¤ÉµL¦â·»²G,Appearance:5 ml solution in a colourless ampoule,äú¤ß/¹Ã¦R¡B¹L±Ó©Ê¤ÏÀ³¡B­Iµh¡B¤ß·i®}½w¡B§C¦åÀ£¡C,Allergic reactions¡A back pain¡A bradycardia¡A hypotension.,,¥u¥Î©óªù¶E¤Î¦í°|STAT,²¸»Ä³½ºë³J¥Õª`®g²G,Protamine inj 50mg/5mL,,,§_,¬O,,­­ÀR¯ß½wºCª`®g©Î©Î¥[¤JÂIºw·»²Gµ¹ÃÄ¡Aµ¹ÃÄ®É¶¡À³¬°10¤ÀÄÁ¡C,¨C10¤ÀÄÁ¤ºªº³Ì¤j¾¯¶q¬°5²@¤É¡C,For intravenous use¡A administer slowly or add to drip over 10 minutes.,The maximum dose within any 10-minute period is 5 mL.,µ¹ÃÄ«á¡AÀ³Æ[¹î¬O§_¥X²{¹L±Ó¤ÏÀ³»P¾®¦å¥\¯à¡C,Monitor for allergic reactions and clotting function post-administration.,202312 ¨ì³f¦A±Ò¥Î,¤@¯ë,ª`®g,Äµ »y: ­­¥ÑÀR¯ß½wºCµ¹ÃÄ10¤ÀÄÁ¡Aµ¹ÃÄ¹L§Ö¥i¯à³y¦¨§C¦åÀ£¡C,,,,,¬O,1.0,,§_,¬O,¬O,³æ¤è,§_,°±¥Î,°±¥Î,¤£¥i¿i,§_,,1.00,1.00,1.00,1.00,1,1,1,1,4.00,4.00,0,0,,¦³¹Ï¤ù,,0,,0,,V03AB14,,,,,,,,,AMP,§_,°·«Oµ¹¥I,°·«Oµ¹¥I,PROTAMINE,V03AB14,BC12640221,§_,Liquid,IVSOL,,,50.00,mg,5.00,mL,¬Ò¥i,³æ¦¸¿éª`,PH047,202312151123,128.00,154.00
IPROA2,20230920,99999999,°±¥Î,Protamine sulphate inj 50mg/5mL (±M®×¶i¤f),Protamine sulphate inj 50mg/5mL (±M®×¶i¤f),Protamine sulphate,IVD,STAT,ZADT,AD-02-00,°w¾¯,AMP,Protamine,«D²Õ®M,°±¥Î,,¤@¯ë¥i¥Î,¬O,¥i¥ÎÃÄ¥]¾÷,±ø¥ó¤Uµ¹¥I,¤@¯ë,¦¸­p¶q¶i¦ì,¾AÀ³¯g: ¤¤©M¹L¶qªº¨x¯À(Heparin)¡C,,Indication: Treat heparin overdose.,,¥~ Æ[: ¬Á¼þ¦w²~§t5²@¤ÉµL¦â·»²G,Appearance:5 ml solution in a colourless ampoule,äú¤ß/¹Ã¦R¡B¹L±Ó©Ê¤ÏÀ³¡B­Iµh¡B¤ß·i®}½w¡B§C¦åÀ£¡C,Allergic reactions¡A back pain¡A bradycardia¡A hypotension.,,¬Ò¥i¥Î,²¸»Ä³½ºë³J¥Õª`®g²G (±M®×¶i¤f),Protamine inj 50mg/5mL(±M®×¶i¤f),,,,¬O,,­­ÀR¯ß½wºCª`®g©Î©Î¥[¤JÂIºw·»²Gµ¹ÃÄ¡Aµ¹ÃÄ®É¶¡À³¬°10¤ÀÄÁ¡C,¨C10¤ÀÄÁ¤ºªº³Ì¤j¾¯¶q¬°5²@¤É¡C,For intravenous use¡A administer slowly or add to drip over 10 minutes.,The maximum dose within any 10-minute period is 5 mL.,µ¹ÃÄ«á¡AÀ³Æ[¹î¬O§_¥X²{¹L±Ó¤ÏÀ³»P¾®¦å¥\¯à¡C,Monitor for allergic reactions and clotting function post-administration.,2023Q3 [IPROA]¯Ê³f´À¥N,¤@¯ë,ª`®g,Äµ »y: ­­¥ÑÀR¯ß½wºCµ¹ÃÄ10¤ÀÄÁ¡Aµ¹ÃÄ¹L§Ö¥i¯à³y¦¨§C¦åÀ£¡C,,,0,0,¬O,1.0,,¬O,¬O,¬O,³æ¤è,§_,°±¥Î,°±¥Î,¤£¥i¿i,¬O,,1.00,1.00,1.00,1.00,1,1,1,1,4.00,4.00,0,0,,µL¹Ï¤ù,,0,,0,,V03AB14,,,,,0,,0,,AMP,,°·«Oµ¹¥I,°·«Oµ¹¥I,PROTAMINE,V03AB14,X000272221,§_,Liquid,IVSOL,,,50.00,mg,5.00,mL,¬Ò¥i,³æ¦¸¿éª`,PH047,202312071618,128.00,154.00
IPROD125,20160720,99999999,¥i¥Î,Progeston Depot inj 125mg/1mL(´¶Ä_­L),Progeston Depot inj 125mg/1mL(´¶Ä_­L),Hydroxyprogesterone caproate,IM,QW,HM,HR-03-03,°w¾¯,AMP,Progeston,«D²Õ®M,,,¤@¯ë¥i¥Î,¬O,¥i¥ÎÃÄ¥]¾÷,°·«O¤£µ¹¥I,¤@¯ë,¦¸­p¶q¶i¦ì,¾AÀ³¯g:¤ë¸g§xÃø¡A¤l®c¥X¦å¡A²ßºD©Ê¬y²£¡A­¢¤Á©Ê¬y²£,,Indication:Amenorrhoea¡A abnormal uterine bleeding¡A recurrent,miscarriage¡A threatened abortion,¥~ Æ[:1mL ¦wÞÀ,Appearance:1mL ampoule,Åé­«¼W¥[¡A¯B¸~¡AÀYµh¡A¶ÝºÎ,weight gain¡A edema¡A headache¡A sleepy,,¬Ò¥i¥Î,«ùÄò©Ê´¶Ä_­Lª`®g²G,Progeston Depot 125mg/1mL,,­­¦Û¶O,§_,¬O,,¥»«~À³¥H¦Ù¦×ª`®g(IM)¤è¦¡§ë»P,,Precaution: Should be administered by imtramuscular route,,,,,¤@¯ë,ª`®g,Äµ »y:¥»«~À³¥H¦Ù¦×ª`®g (IM) ¤è¦¡§ë»P,,,0,0,¬O,1.0,,§_,¬O,§_,³æ¤è,§_,°±¥Î,°±¥Î,¤£¥i¿i,¬O,,1.00,1.00,4.00,4.00,7,99,7,7,4.00,4.00,0,0,,¦³¹Ï¤ù,,0,,0,,G03DA03,,,,,0,,0,,AMP,,¤£µ¹¥I¶·¦Û¥I,¤£µ¹¥I¶·¦Û¥I,,,,§_,Liquid,SOL,¦M®`¤G¯Å(¡I),,125.00,mg,1.00,mL,¬Ò¥i,³æ¦¸¿éª`,PH047,202402140509,0,400.00
IPROE,19960101,99999999,°±¥Î,Proternol inj 0.2mg/1mL(Isoproterenol),Proternol inj 0.2mg/1mL(Isoproterenol),Isoproterenol,IM,,CAVS,CV-01-02,°w¾¯,AMP,Isupre,«D²Õ®M,°±¥Î¡A¥i¬dÃþ¦üÃÄ,,¤@¯ë¥i¥Î,¬O,¤£¥i¥ÎÃÄ¥]¾÷,,¤@¯ë,¦¸­p¶q¶i¦ì,¾AÀ³¯g:¤ß«ß¤£¾ã,,,,,,,,,,,Proternol inj 0.2mg/1mL(Isop,,,§_,¬O,,,,,,,,,¤@¯ë,ª`®g,Äµ »y:­Y¦³®ð³Ý©ÎµjÅË©Ê®ðºÞª¢®É¡AÀ³¤p¤ß¨Ï¥Î¥»ÃÄ,Äµ °ªÄµ°T,,,,¬O,1.0,,§_,§_,§_,³æ¤è,§_,¥i¥Î,¥i¥Î,¤£¥i¿i,¬O,,1.00,1.00,99.00,99.00,999,999,1,1,0,0,0,0,,µL¹Ï¤ù,,0,,0,,,,,,,,,,,AMP,§_,°·«Oµ¹¥I,°·«Oµ¹¥I,ISOPROTERENOL,C01CA02,B012225209,§_,Liquid,SOL,,,,,,,¬Ò¥i,³æ¦¸¿éª`,PH032,202109051930,190.00,228.00
IPROG,20110822,99999999,¥i¥Î,Progesterone inj 25mg/1mL,Progesterone inj 25mg/1mL,Progesterone,IM,,HM,HR-03-03,°w¾¯,AMP,Progesterone,«D²Õ®M,,,¤@¯ë¥i¥Î,¬O,¥i¥ÎÃÄ¥]¾÷,,¤@¯ë,¦¸­p¶q¶i¦ì,¾AÀ³¯g:¶ÀÅé¯À¸É¥RªvÀø,,Indication:Irregular menstruation.,,¥~ Æ[:1mL ¦wÞÀ,Appearance:1mL ampoule,¸g´Á§ïÅÜ¡A äú¤ß¡A ¯h­Â¡A §íÆ{¡A «C¬Kµk,Altered menstrual cycles; nausea; fatigue¡A depression; acne,,¬Ò¥i¥Î,¶ÀÅé¯Àª`®g²G,Progesterone inj 25mg/1mL,,,§_,¬O,,¥»«~À³¥H¦Ù¦×ª`®g(IM)¤è¦¡§ë»P,,For IM use only,,,,,¤@¯ë,ª`®g,Äµ »y:¥»«~À³¥H¦Ù¦×ª`®g (IM) ¤è¦¡§ë»P,,,0,0,¬O,1.0,,¬O,¬O,§_,³æ¤è,§_,¥i¥Î,¥i¥Î,¤£¥i¿i,¬O,,1.00,1.00,8.00,8.00,999,999,1,1,8.00,8.00,0,0,,¦³¹Ï¤ù,,0,,0,,G03DA04,,,,,,,,,AMP,§_,°·«Oµ¹¥I,°·«Oµ¹¥I,PROGESTERONE,G03DA04,AC02657209,§_,Liquid,SOL,¦M®`¤G¯Å(¡I),,25.00,mg,1.00,mL,¬Ò¥i,³æ¦¸¿éª`,PH032,202103231858,15.00,20.00
IPROL,20051212,99999999,°±¥Î,Propofol 1% 20mL,Propofol 1% 20mL,Propofol,IVD,,ZANE,CN-04-01,°w¾¯,AMP,Propofol,«D²Õ®M,°±¥Î,IPROP,¤@¯ë¥i¥Î,¬O,¥i¥ÎÃÄ¥]¾÷,­­¥Î,¤@¯ë,¦¸­p¶q¶i¦ì,¾AÀ³¯g:³Â¾K¾¯,,Indication:Short-acting IV anesth for induction &,maintenance of general anesth.,¥~ Æ[:20mL¤§¨Å¥Õ¦â¦wÞÀ,Appearance: 20mL milky white solution in ampoule,§C¦åÀ£¡A ¼È®É©Ê©I§l§í¨î,Hypotension¡A transient apnea,,,´¶¬¥ºÖÀR¯ßª`®g²G,Propofol 1% 20mL,,,§_,¬O,,¥»«~»Ý( ÂÐ®Ö )¡Cµ}ÄÀ¿éª`³Ì¦h6¤p®É¤º¡C,,,,,,,¤@¯ë,¥|¯ÅºÞ¨î,¥»«~»Ý( ÂÐ®Ö )¡Cµ}ÄÀ¿éª`³Ì¦h6¤p®É¤º,Äµ °ªÄµ°T,,,,¬O,1.0,,¬O,§_,§_,³æ¤è,§_,°±¥Î,¥i¥Î,¤£¥i¿i,¬O,,1.00,1.00,10.00,10.00,3,3,1,1,75.00,75.00,2.16,0.02,,¦³¹Ï¤ù,,0,,0,,N01AX10,,,,,,,,,AMP,§_,°·«Oµ¹¥I,°·«Oµ¹¥I,PROPOFOL,N01AX10,BC24081238,§_,Liquid,IVSOL,,,200.00,mg,20.00,mL,¬Ò¥i,³æ¦¸¿éª`,PH034,202108100920,37.40,49.00
IPROM,19960101,99999999,¥i¥Î,Promostan inj 20mcg,Promostan inj 20mcg,Alprostadil,IVD,,CAVS,CV-11-00,°w¾¯,VAL,PGE1,«D²Õ®M,,,¤@¯ë¥i¥Î,¬O,¥i¥ÎÃÄ¥]¾÷,­­¥Î,¤@¯ë,¦¸­p¶q¶i¦ì,¾AÀ³¯g:§ïµ½©PÃä°Ê¯ßªý¶ë¯e¯f¯gª¬,,Indication:Improve symptoms caused by peripheral arterial,occlusive disease.,¥~ Æ[:³z©ú¤p²~(Vial)¡A ¶À¦â¥~»\¡A ¥Õ¦â¥~¶K¯È,Appearance: Transparent vial¡A yellow cap¡A white label.,äú¤ß¡A ÀYµh¡A ÀY­«·P,Vomiting¡A headache¡A head heaviness.,,,«O¯ßºZª`®g²G,Promostan inj 20mcg,,,§_,¬O,,Ãh¥¥¡A ±Â¨Åªº°ü¤k¤£¥i¨Ï¥Î¥»«~,,Not recommended during pregnancy or breastfeeding.,,,,,¤@¯ë,ª`®g,Äµ »y:Ãh¥¥¡B±Â¨Åªº°ü¤k¤£¥i¨Ï¥Î¥»«~,,,,,¬O,1.0,,§_,¬O,§_,³æ¤è,§_,¥i¥Î,¥i¥Î,¤£¥i¿i,¬O,,1.00,1.00,3.00,3.00,999,999,1,1,9.00,9.00,29.00,29.00,,¦³¹Ï¤ù,,0,,0,,C01EA01,C04AX91,,,,,,,,VIAL,§_,°·«Oµ¹¥I,°·«Oµ¹¥I,ALPROSTADIL (=PGE1),C01EA01,BC18720238,§_,Liquid,IVSOL,,,0.02,mg,,,¥²¶·µ}ÄÀ,³æ¦¸¿éª`,PH047,202402121414,569.00,683.00
IPROP,20150815,99999999,¥i¥Î,Propofol-Lipuro 1% 20mL,Propofol-Lipuro 1% 20mL,Propofol,IVD,,ZANE,CN-04-01,°w¾¯,AMP,Propofol,«D²Õ®M,,,¤@¯ë¥i¥Î,¬O,¥i¥ÎÃÄ¥]¾÷,­­¥Î,¤@¯ë,¦¸­p¶q¶i¦ì,¾AÀ³¯g:³Â¾K¾¯,,Indication:Short-acting IV anesth for induction &,maintenance of general anesth.,¥~ Æ[:20mL¤§¨Å¥Õ¦â¦wÞÀ,Appearance: 20mL ampoule,§C¦åÀ£¡A ¼È®É©Ê©I§l§í¨î,Hypotension¡A transient apnea,,¬Ò¥i¥Î,´¶¬¥ºÖ-¥ßÀR ÀR¯ßª`®g²G,Propofol-Lipuro 1% 20mL,,,,¬O,,¥»«~»Ý( ÂÐ®Ö )¡Cµ}ÄÀ¿éª`³Ì¦h6¤p®É¤º¡C,,(Double Check) Dilute solution don't use over six hours.,,,,,¤@¯ë,¥|¯ÅºÞ¨î,¥»«~»Ý( ÂÐ®Ö )¡Cµ}ÄÀ¿éª`³Ì¦h6¤p®É¤º,Äµ °ªÄµ°T,,0,0,¬O,1.0,,§_,¬O,§_,³æ¤è,§_,°±¥Î,¥i¥Î,¤£¥i¿i,¬O,,1.00,1.00,10.00,10.00,1,3,1,1,75.00,75.00,2.16,0.02,,¦³¹Ï¤ù,,0,,0,,N01AX10,,,,,0,,0,,AMP,,°·«Oµ¹¥I,°·«Oµ¹¥I,PROPOFOL,N01AX10,BC26185238,§_,Liquid,IVSOL,,,200.00,mg,20.00,mL,¬Ò¥i,³æ¦¸\«ùÄò¿éª`,PH008,202109141407,37.40,49.00
IPROS,19960101,99999999,°±¥Î,Prostaphlin inj 250mg,Prostaphlin inj 250mg,Oxacillin,IV,,QANB,AI-01-01,°w¾¯,VAL,,«D²Õ®M,°±¥Î¡A¥i¬dÃþ¦üÃÄ,,¤@¯ë¥i¥Î,¬O,¤£¥i¥ÎÃÄ¥]¾÷,,¤@¯ë,Á`¶q¶i¦ì,¾AÀ³¯g:²Óµß©Ê·P¬V,,,,,,,,¤@¯ëÃþ§Ü¥Í¯À,,,Prostaphlin inj 250mg,,,§_,¬O,,,,,,,,,¤@¯ë,ª`®g,,,,,,¬O,1.0,,§_,§_,§_,³æ¤è,§_,¥i¥Î,¥i¥Î,¤£¥i¿i,¬O,,1.00,1.00,999.00,999.00,7,7,1,1,0,0,0,0,,µL¹Ï¤ù,,0,,0,,J01CF04,,,,,0.25,g,2.00,g,VAL,§_,°·«Oµ¹¥I,°·«Oµ¹¥I,OXACILLIN,J01CF04,B017520265,§_,Liquid,IVSOL,,,,,,,¬Ò¥i,³æ¦¸¿éª`,PH047,202401261316,25.10,31.00
IPUL,20121227,99999999,¥i¥Î,Pulin inj 10mg/2mL,Pulin inj 10mg/2mL,Metoclopramide,IVPUSH,,ALIM,GI-06-00,°w¾¯,AMP,Primperan,«D²Õ®M,,IPRI,¤@¯ë¥i¥Î,¬O,¥i¥ÎÃÄ¥]¾÷,¥i¥Î,¤@¯ë,¦¸­p¶q¶i¦ì,¾AÀ³¯g:¹w¨¾¹Ã¦R¡A°f¬y©Ê®ø¤Æ©Ê­¹¹Dª¢¡A­G¸zÄ¯°Ê²§±`,,Indication:Prevention vomiting¡A Gastroparesis,,¥~ Æ[:2mL ¦wÞÀ,Appearance: 2mL ampoule,¹B°Ê»ÙÃª¡A¸¡Âm¡A¦Ù¦×»øµw¡AµJÄ¼·P,Dyskinesia¡A Diarrhea¡A Dystonia¡A Akathisia.,,¬Ò¥i¥Î,´¶ªLª`®g²G,Pulin inj 10mg/2mL,,,§_,¬O,,¤£«ØÄ³ªø´Á(¶W¹L12¶g)¨Ï¥Î¥»ÃÄ,,not recommend to Long-term (>12 weeks) using.,,¥»ÃÄ»PÆP©ÊÃÄª«²V¦X©ö²£¥Í¨I¾ý,Mixing with basic drug would produce precipitation easily.,102Q4ÃÄ©e§R°£¡A2022.11[IPRI]¯Ê³f´À¥N,¤@¯ë,ª`®g,¤£«ØÄ³ªø´Á(¶W¹L12¶g)¨Ï¥Î¥»ÃÄ,,,0,0,¬O,1.0,,§_,¬O,§_,³æ¤è,§_,°±¥Î,°±¥Î,¤£¥i¿i,¬O,,1.00,1.00,9.00,9.00,3,999,1,1,24.00,24.00,0.05,0.05,,¦³¹Ï¤ù,,0,,0,,A03FA01,,,,,,,,,AMP,,°·«Oµ¹¥I,°·«Oµ¹¥I,METOCLOPRAMIDE,A03FA01,AC07630212,§_,Liquid,IVSOL,,,10.00,mg,2.00,mL,¥²¶·µ}ÄÀ,³æ¦¸¿éª`,PH047,202403111111,15.00,19.00
IPUR,19960101,99999999,°±¥Î,Puregon 100 IU/0.5mL,Puregon 100 IU/0.5mL,Follitropin beta,SC,,HM,HR-02-00,°w¾¯,Vial,FSH,«D²Õ®M,°±¥Î,,¤@¯ë¥i¥Î,¬O,¤£¥i¥ÎÃÄ¥]¾÷,°·«O¤£µ¹¥I,¤@¯ë,¦¸­p¶q¶i¦ì,¾AÀ³¯g:¤£¥¥¯g¥ÎÃÄ,,Indication:Ovulation stimulants,,¥~ Æ[:³z©ú¤p²~(Vial)¡Aµµ¦â¥~»\,,§Z±_¹L«×¨ë¿E¡A ¤l®c¥~¥¥¡A ¦h­M­L¡A ¦å®ê©Ê®ê¶ë,Ovarian hyperstimulation¡A ectopic pregnancy¡A multiple gestations¡A thromboembolis,,,«O§³±dª`®g¾¯,Puregon 100 IU/0.5mL,,,§_,¬O,,½Ð¸m©óÄá¤ó 2-8 «×¦B½c§NÂÃ,,Store in a refrigerator (2-8¢XC).,,,,106-2ÃÄ©e·|§R°£,¤@¯ë,ª`®g,Äµ »y:½Ð¸m©óÄá¤ó 2-8 «×¦B½cÁ×¥ú§NÂÃ«O¦s¡C,SA «÷­µ¬Û¦ü,,,,¬O,1.0,,§_,¬O,§_,³æ¤è,§_,¥i¥Î,¥i¥Î,¤£¥i¿i,¬O,,1.00,1.00,3.00,3.00,999,999,1,1,3.00,3.00,0,0,,¦³¹Ï¤ù,,0,,0,,G03GA06,,,,,,,,,VAL,§_,¤£µ¹¥I¶·¦Û¥I,¤£µ¹¥I¶·¦Û¥I,,,,§_,Liquid,SOL,,,100.00,IU,0.50,mL,¬Ò¥i,³æ¦¸¿éª`,PH006,201809020912,0,1200.00
IPUR3,20030212,99999999,°±¥Î,PUREGON cartridge 300IU,PUREGON cartridge 300IU,Follitropin beta,SC,,HM,HR-02-00,°w¾¯,VAL,FSH,«D²Õ®M,°±¥Î,,¤@¯ë¥i¥Î,¬O,¤£¥i¥ÎÃÄ¥]¾÷,°·«O¤£µ¹¥I,¤@¯ë,Á`¶q¶i¦ì,¾AÀ³¯g:¤£¥¥¯g¥ÎÃÄ,,Indication:Treatment of female infertility,,¥~ Æ[:§X¦¡ª`®g·»²G300°ê»Ú³æ¦ì/0.36²@¤É),Appearance: In cartridges¡A conjunction with a injector.,§Z±_¹L«×¨ë¿E¡A ¤l®c¥~¥¥¡A ¦h­M­L¡A ¦å®ê©Ê®ê¶ë,Ovarian hyperstimulation¡A ectopic pregnancy¡A multiple gestations¡A thromboembolis,,¬Ò¥i¥Î,«O§³±d§X¦¡ª`®g·»²G,PUREGON cartridge 300IU,,,§_,¬O,,½Ð¸m©óÄá¤ó 2-8 «×¦B½c§NÂÃ,,Store in a refrigerator (2-8¢XC).,,,,2021.09.01ÃÄ©e·|§R°£,¤@¯ë,ª`®g,Äµ »y:½Ð¸m©óÄá¤ó 2-8 «×¦B½cÁ×¥ú§NÂÃ«O¦s¡C,SA «÷­µ¬Û¦ü,,,,¬O,1.0,,§_,¬O,§_,³æ¤è,§_,°±¥Î,°±¥Î,¤£¥i¿i,¬O,,1.00,1.00,3.00,3.00,99,99,1,1,3.00,3.00,0,0,,¦³¹Ï¤ù,,0,,0,,G03GA06,,,,,,,,,VAL,,¤£µ¹¥I¶·¦Û¥I,¤£µ¹¥I¶·¦Û¥I,,,,§_,Liquid,SOL,,,300.00,IU,0.36,mL,¬Ò¥i,³æ¦¸¿éª`,PH008,202111231052,0,4300.00
IPV,20160623,99999999,°±¥Î,Imovax Polio(¤p¨à³Â·ô¬Ì­]¡A¬F©²´£¨Ñ) 0.5mL/dose,Imovax Polio(¤p¨à³Â·ô¬Ì­]¡A¬F©²´£¨Ñ) 0.5mL/dose,Inactivated poliovirus vaccine,IM,ST,HIMM,IM-02-02,°w¾¯,DOS,Poliomyelitis Vaccine,«D²Õ®M,°±¥Î,,¤@¯ë¥i¥Î,¬O,¥i¥ÎÃÄ¥]¾÷,¥i¥Î,¤£¦LÃÄÅÒ,Á`¶q¶i¦ì,¾AÀ³¯g:¹w¨¾¤p¨à³Â·ô,,Indication:Prophylaxis of poliomyelitis,,¥~ Æ[:0.5²@¤É¹w¥R¶ñª`®g¾¹,Appearance: 0.5mL single-dose prefilled-syringe,ª`®g³¡¦ì¯kµh¡A ¸~,Soreness¡A swelling at the site of injection.,,¥u¥Î©óªù¶E,¤Ú´µ¼w¤p¨à³Â·ôª`®g¬Ì­],Imovax Polio(¤p¨à³Â·ô¬Ì­]¡A¬F©²´£¨Ñ),IPV,,,¬O,,»â¨ú¬Ì­]«á¡A ½Ð¥ß§Y¦Üª`®g«Ç¨Ì«ü¥Ü¨Ï¥Î,,After receiving the vaccine¡A please go to the injection room immediately.,,Äá¤ó 2-8 «×§NÂÃ,Store in a refrigerator (2-8¢XC),,¤@¯ë,ª`®g,Äµ »y:½Ð¸m©óÄá¤ó 2-8 «×¦B½cÁ×¥ú§NÂÃ«O¦s¡C,,,0,0,§_,1.0,,§_,§_,¬O,³æ¤è,§_,°±¥Î,¥i¥Î,¤£¥i¿i,§_,,1.00,1.00,1.00,1.00,1,1,1,1,1.00,1.00,0,0,,¦³¹Ï¤ù,,0,,0,,J07BF03,,,,,0,,0,,VIAL,,°·«O¤£¥Ó³ø¤£­p»ù,°·«O¤£¥Ó³ø¤£­p»ù,,,,,Liquid,SOL,,,,,,,¬Ò¥i,³æ¦¸¿éª`,PH032,202110031703,0,0
IRAP,20180517,99999999,°±¥Î,Rapifen inj 1mg/2mL,Rapifen inj 1mg/2mL,Alfentanil,IVD,,CNEU,CN-01-01,°w¾¯,AMP,ªüµØ§h©Z¥§ (¤G¯ÅºÞ¨îÃÄ),«D²Õ®M,°±¥Î,IALF1,¤@¯ë¥i¥Î,¬O,¤£¥i¥ÎÃÄ¥]¾÷,°·«O¤£µ¹¥I,¤@¯ë,¤£¶i¦ì,¾AÀ³¯g: µu®Ä³Â¾K©Ê¤îµh¾¯¤Î³Â¾K»¤¾É¾¯,,Indication:Analgesia and anaesthetic induction,,¥~ Æ[:³z©ú2 ²@¤É¦wÞÀ,Appearance: 2 mL ampoule,¦Ù±jª½¡A¤ß°Ê¹L½w¡A§C¦åÀ£¡AÀY·w¡Aäú¤ß,muscular rigidity¡A bradycardia¡A hypotension¡A dizziness,,¥u¥Î©óªù¶E¤Î¦í°|STAT,ªüµØ§h©Z¥§ª`®g²G,Rapifen inj 1mg/2mL,,,¬O,¬O,,À³µø¨ä¦~ÄÖ¡BÅé­«¤Î¯gªp¤©¥H¾A·í¤§¾¯¶q¡A ¨Ã¯d·NÆ[¹î,,Should consider age¡A weight and disease state to modify dosage.,,¹ï¥»«~¦¨¤À©Î¾~¤ùÃþÃÄª«µLªk­@¨üªÌ¸T§Ò¨Ï¥Î,,107/05/17¶}ÀÉ¡A¦]À³³Â¾K¬ì±ÆÀË§å»ù¡A¥Í®Ä¤é´Á§ï¬°106/05/17,¤@¯ë,¤G¯ÅºÞ¨î,Äµ »y:À³µø¨ä¦~ÄÖ¡BÅé­«¤Î¯gªp¤©¥H¾A·í¤§¾¯¶q¡A¨Ã¯d·NÆ[¹î,Äµ °ªÄµ°T,,0,0,§_,1.0,,§_,¬O,§_,³æ¤è,§_,°±¥Î,°±¥Î,¤£¥i¿i,§_,,1.00,1.00,1.00,1.00,1,7,1,1,10.00,10.00,0,0,,¦³¹Ï¤ù,,0,,0,,N01AH02,,,,,0,,0,,AMP,,¤£µ¹¥I¶·¦Û¥I,¤£µ¹¥I¶·¦Û¥I,,,,§_,Liquid,IVSOL,,,1.00,mg,2.00,mL,¥²¶·µ}ÄÀ,³æ¦¸¿éª`,PH006,202401281114,0,180.00
IRAPBAD,20180517,99999999,°±¥Î,Rapifen inj 1mg/2mL ´Ý¾l¾P·´,Rapifen inj 1mg/2mL ´Ý¾l¾P·´,Alfentanil,IV,,CNEU,CN-01-01,°w¾¯,AMP,,«D²Õ®M,°±¥Î,IALF1BAD,¤@¯ë¥i¥Î,¬O,¤£¥i¥ÎÃÄ¥]¾÷,,¤£¦LÃÄÅÒ,¤£¶i¦ì,¾AÀ³¯g: µu®Ä³Â¾K©Ê¤îµh¾¯¤Î³Â¾K»¤¾É¾¯,,Indication:Analgesia & anaesthetic induction in both short &,long surgical procedures.,¥~ Æ[:³z©ú2 mL¦wÞÀ(amp),Appearance: 2 mL ampoule,¦Ù±jª½¡A¤ß°Ê¹L½w¡A§C¦åÀ£¡AÀY·w¡Aäú¤ß,muscular rigidity¡A bradycardia¡A hypotension¡A dizziness,,¥u¥Î©óªù¶E¤Î¦í°|STAT,ªüµØ§h©Z¥§ª`®g²G,Rapifen inj 1mg/2mL ´Ý¾l¾P·´,,,§_,¬O,,À³µø¨ä¦~ÄÖ¡BÅé­«¤Î¯gªp¤©¥H¾A·í¤§¾¯¶q¡A ¨Ã¯d·NÆ[¹î,,Should consider age¡A weight and disease state to modify dosage.,,,,[Rx_x]ºÞÃÄ¥á±ó½X¡A³B¤è¶°¤£Åã¥Ü107/05/17¶}ÀÉ¡A¦]³Â¾K¬ì±ÆÀË§å»ù¡A¥Í®Ä¤é´Á§ï106/05/17,¤@¯ë,¤G¯ÅºÞ¨î,Äµ »y:À³µø¨ä¦~ÄÖ¡BÅé­«¤Î¯gªp¤©¥H¾A·í¤§¾¯¶q¡A¨Ã¯d·NÆ[¹î,Äµ °ªÄµ°T,,0,0,§_,1.0,,§_,¬O,§_,³æ¤è,§_,°±¥Î,°±¥Î,¤£¥i¿i,¬O,,1.00,1.00,1.00,1.00,1,1,1,1,4.00,4.00,0,0,,µL¹Ï¤ù,,0,,0,,,,,,,0,,0,,AMP,,¤£µ¹¥I¶·¦Û¥I,¤£µ¹¥I¶·¦Û¥I,,,,§_,Liquid,IVSOL,,,1.00,mg,2.00,mL,¥²¶·µ}ÄÀ,³æ¦¸¿éª`,PH006,202401281114,0,180.00
IRAPI,20181212,99999999,¥i¥Î,Rapiacta 300mg/60mL Drip Infusion,Rapiacta 300mg/60mL Drip Infusion,Peramivir,IVD,STAT,QANB,AI-03-01,°w¾¯,BAG,Rapiacta,«D²Õ®M,,,±`³ÆÁ{±Ä(¤£§R),¬O,¤£¥i¥ÎÃÄ¥]¾÷,°·«O¤£µ¹¥I,¤@¯ë,Á`¶q¶i¦ì,¾AÀ³¯g: ªvÀø¤@­Ó¤ë¥H¤W¨àµ£»P¦¨¤H¬y·P,,Indication:Treat influenza in adults & children over 1 month,,¥~ Æ[: 60mL¼á²M³n³U¥]¸Ë,Appearance: Colorless solution¡A 60mL Bag,¸¡Âm¡A³J¥Õ§¿¡A¶Ý¤¤©Ê¥Õ¦å²y´î¤Ö,Diarrhea¡A proteinuria¡A neutropenia,,¥u¥Î©óªù¶E¤Î¦í°|STAT,·ç¨©¶ð ÂIºwÀR¯ßª`®g²G,Rapiacta 300mg/60mL Drip,,,,¬O,,ÀR¯ß¿éª`À³¤j©ó15¤ÀÄÁ¥H¤W,,IV infusion over 15 minutes,,,,2018.12ÃÄ©e·s¶i¡A±`³ÆÁ{±Ä(¤£§R),¤@¯ë,ª`®g,ÀR¯ß¿éª`À³¤j©ó15¤ÀÄÁ¥H¤W,,,0,0,§_,1.0,,§_,¬O,§_,³æ¤è,§_,°±¥Î,°±¥Î,¤£¥i¿i,§_,,1.00,1.00,2.00,2.00,1,1,1,1,2.00,2.00,0,0,,¦³¹Ï¤ù,,300.00,mg,0,10 mg / kg. maximum dose: 600 mg¡A a single intravenous drip over 15 minutes.,J05AH03,,,,,0,g,0,g,BAG,,¤£µ¹¥I¶·¦Û¥I,¤£µ¹¥I¶·¦Û¥I,,,B026649251,§_,Liquid,IVSOL,,,300.00,mg,60.00,mL,¤£»Ýµ}ÄÀ,³æ¦¸¿éª`,PH047,202401311701,0,1800.00
IREB,20200420,99999999,¥i¥Î,Rebif inj 44mcg,Rebif inj 44mcg,Interferon beta-1a,SC,TIW,HIMM,IM-04-00,°w¾¯,¤ä,Avonex,«D²Õ®M,Á{±ÄÃÄ¡A½Ð³qª¾ÃÄ§½¥~ÁÊ,,¥»°|Á{±Ä²M³æ,¬O,¤£¥i¥ÎÃÄ¥]¾÷,±ø¥ó¤Uµ¹¥I,¤@¯ë,¦¸­p¶q¶i¦ì,¾AÀ³¯g:´_µo«¬¦hµo©Êµw¤Æ¯g¡C,,Indication:Multiple sclerosis,,¥~ Æ[:¼á²M¦Ü²H¨Å¥Õ¦âªº·»²G²G¸m©ó¹w¶ñ¥Rª`®g¾¹,Appearance:Clear to white solution in prefilled syringes,Ãþ·P«_¯gª¬¡Bª`®g³¡¦ì¤ÏÀ³¡B§íÆ{,Flu-like symptoms¡A injection site reactions¡A depression,,¬Ò¥i¥Î,¥ß¤ñ§ßª`®g¾¯ 44 mcg,Rebif inj 44 mcg,,,,¬O,,»Ý¸m©ó­ì¥]¸Ë¤¤Á×¥ú«O¦s; ©ó2-8 ¢XC«O¦s¡A¤Å§N­á,,Keep in the package to avoid light; Store at 2-8 ¢XC¡A do not freeze,,¥»ÃÄ¬°¨u¨£¯e¯f¥ÎÃÄ,This medicine is used for rare diseases,2020.04­Ó®×Á{±Ä (¨u¯f¥ÎÃÄ)¡A2020¦~6¤ë³q¹LÁ{±Ä²M³æ,¤@¯ë,¤@¯ë,»Ý¸m©ó­ì¥]¸Ë¤¤Á×¥ú«O¦s; ©ó2-8 ¢XC«O¦s¡A¤Å§N­á,,,0,0,§_,1.0,,§_,¬O,¬O,³æ¤è,§_,¥i¥Î,¥i¥Î,¤£¥i¿i,¬O,,1.00,1.00,1.00,1.00,999,999,28,28,1.00,1.00,0,0,,¦³¹Ï¤ù,,0,,0,,L03AB07,,,,,0,,0,,¤ä,¬O,°·«Oµ¹¥I,°·«Oµ¹¥I,INTERFERON BETA-1A,L03AB07,YC000022E3,,Liquid,SOL,,,44.00,mcg,0.50,mL,¤£»Ýµ}ÄÀ,,PH006,202101200957,1796.00,2155.00
IREC,19960101,99999999,°±¥Î,Recormon 5000 inj,Recormon 5000 inj,Epoetin-B 5000 I.U.,IV,,HEMT,HE-01-00,°w¾¯,VAL,Recormon,«D²Õ®M,°±¥Î,,¤w°±¥Î,¬O,¤£¥i¥ÎÃÄ¥]¾÷,,¤@¯ë,Á`¶q¶i¦ì,¾AÀ³¯g:µÇ¥\¯à¥¢½Õ¦³Ãö¤§³h¦å,,,,,,,,,,,Recormon 5000 inj,,,§_,¬O,,,,,,,,,¤@¯ë,ª`®g,,,,,,¬O,1.0,,§_,§_,§_,³æ¤è,§_,¥i¥Î,¥i¥Î,¤£¥i¿i,¬O,,1.00,1.00,999.00,999.00,999,999,1,1,0,0,0,0,,µL¹Ï¤ù,,0,,0,,B03XA01,,,,,,,,,VAL,§_,¤£µ¹¥I¶·¦Û¥I,¤£µ¹¥I¶·¦Û¥I,,,,§_,Liquid,IVSOL,,,,,,,¬Ò¥i,³æ¦¸¿éª`,PH008,201505121936,0,1560.00
IREC2,20040527,99999999,°±¥Î,RECOFOL 20mg/mL¡A10mL,RECOFOL 20mg/mL¡A10mL,Propofol,IVD,,ZANE,CN-04-01,°w¾¯,AMP,,«D²Õ®M,°±¥Î¡A¥i¬dÃþ¦üÃÄ,,¤w°±¥Î,¬O,¤£¥i¥ÎÃÄ¥]¾÷,­­¥Î,¤@¯ë,¦¸­p¶q¶i¦ì,¾AÀ³¯g:¬°³Â¾K¾¯,,,,,,,,,¥u¥Î©óªù¶E¤Î¦í°|STAT,,RECOFOL 20mg/mL¡A10mL,,,§_,¬O,,,,,,,,,¤@¯ë,ª`®g,Äµ »y:·N¥~ªº¹L¶q¥i¯à·|§í¨î¤ßÅ¦©I§l¨t²Î,­¹ ­¹ª«¥æ¤¬,,,,§_,1.0,,§_,§_,§_,³æ¤è,§_,¥i¥Î,¥i¥Î,¥i¿i,¬O,,1.00,1.00,99.00,99.00,3,3,1,1,0,0,0,0,,µL¹Ï¤ù,,0,,0,,,,,,,,,,,VAL,,°·«Oµ¹¥I,°·«Oµ¹¥I,PROPOFOL,N01AX10,B023496229,§_,Liquid,IVSOL,,,,,,,¬Ò¥i,³æ¦¸¿éª`,PH008,201403201342,115.00,138.00
IRECB,20050721,99999999,¥i¥Î,Recormon inj 2000IU(­­¬~µÇ«Ç¥Î),Recormon inj 2000IU(­­¬~µÇ«Ç¥Î),Epoetin beta,SC,,HEMT,HE-01-00,°w¾¯,VAL,Recormon,«D²Õ®M,,,³æ¦ìÁ{±Ä,¬O,¤£¥i¥ÎÃÄ¥]¾÷,±ø¥ó¤Uµ¹¥I,¤£¦LÃÄÅÒ,Á`¶q¶i¦ì,¾AÀ³¯g:µÇ¥\¯à¥¢½Õ¦³Ãö¤§³h¦å,,,,,,,,,¥u¥Î©óªù¶E¤Î¦í°|STAT,®e¥i°Ò°wµ©ª`®g¾¯2000°ê»Ú³æ¦ì,Recormon inj 2000IU(­­¬~µÇ«Ç¥Î),,,§_,¬O,,,,,,,,,¤@¯ë,ª`®g,,,,,,¬O,1.0,,§_,¬O,§_,³æ¤è,§_,¥i¥Î,¥i¥Î,¤£¥i¿i,§_,¬~µÇ«Ç¦VÃÄ®w½Ð»â,1.00,1.00,2.00,2.00,30,30,1,1,2.00,2.00,0,0,,¦³¹Ï¤ù,,0,,0,,B03XA01,,,,,,,,,VAL,§_,°·«Oµ¹¥I,°·«Oµ¹¥I,EPOETIN BETA,B03XA01,KC00876212,§_,Liquid,IVSOL,,,2000.00,IU,0.30,mL,¤£»Ýµ}ÄÀ,³æ¦¸¿éª`,PH065,202310231729,255.00,306.00
IRECO,19960101,99999999,°±¥Î,Recofol inj 10mg/mL¡A 20mL,Recofol inj 10mg/mL¡A 20mL,Propofol,IVD,,ZANE,CN-04-01,°w¾¯,AMP,Diprivan,«D²Õ®M,°±¥Î,IPROL,¤@¯ë¥i¥Î,¬O,¤£¥i¥ÎÃÄ¥]¾÷,­­¥Î,¤@¯ë,¦¸­p¶q¶i¦ì,¾AÀ³¯g:¬°³Â¾K¾¯,,,,,,,,,¥u¥Î©óªù¶E¤Î¦í°|STAT,,Recofol inj 10mg/mL¡A 20mL,,,§_,¬O,,,,,,,,,¤@¯ë,ª`®g,Äµ »y:·N¥~ªº¹L¶q¥i¯à·|§í¨î¤ßÅ¦©I§l¨t²Î,­¹ ­¹ª«¥æ¤¬,,,,¬O,1.0,,§_,§_,§_,³æ¤è,§_,¥i¥Î,¥i¥Î,¤£¥i¿i,¬O,,1.00,1.00,99.00,99.00,3,3,1,1,0,0,0,0,,µL¹Ï¤ù,,0,,0,,,,,,,,,,,AMP,§_,°·«Oµ¹¥I,°·«Oµ¹¥I,PROPOFOL,N01AX10,B022482238,§_,Liquid,IVSOL,,,,,,,¬Ò¥i,³æ¦¸¿éª`,PH008,201403201343,75.00,90.00
IREL,19960101,99999999,¥i¥Î,Relaxin inj 500mg,Relaxin inj 500mg,Succinylcholine,IV,,CNEU,CN-03-02,°w¾¯,VAL,succinylcholine,«D²Õ®M,,,¤@¯ë¥i¥Î,¬O,¥i¥ÎÃÄ¥]¾÷,,¤@¯ë,Á`¶q¶i¦ì,¾AÀ³¯g:¦Ù¦×¦¢½w¾¯,,Indication:Muscle relaxant,,¥~ Æ[:³z©ú¤p²~(Vial)¡AÂÅ¦â¥~»\¡A¥Õ¦â¶Â¦â¬Û¶¡¥~¶K¯È,Appearance: Vial with blue cap,¤ä®ðºÞµjÅË¡A ¤ß«ß¤£¾ã¡A §C¦åÀ£¡A ¦Ù¦×±jª½,Bronchial spasm; arrhythmia; hypotension; myotonia.,,¥u¥Î©óªù¶E¤Î¦í°|STAT,¯à¦¢¸tª`®g²G,Relaxin inj 500mg,,,¬O,¬O,,¥»«~»Ý( ÂÐ®Ö ),,Should consider age¡A weight and disease state to modify dosage.,,,,102¦~²Ä¥|¦¸ÃÄ©e·|¨MÄ³§R°£¡A2020/06 ÃÄ©e·|[ISUX]¯Ê³f´À¥N«~,¤@¯ë,ª`®g,Äµ»y:¥»«~»Ý( ÂÐ®Ö ),Äµ °ªÄµ°T,,,,¬O,1.0,,¬O,§_,§_,³æ¤è,§_,°±¥Î,°±¥Î,¤£¥i¿i,§_,,1.00,1.00,1.00,1.00,1,1,1,1,1.00,1.00,0,0,,¦³¹Ï¤ù,,0,,0,,M03AB01,,,,,,,,,VIAL,§_,¤£µ¹¥I¶·¦Û¥I,¤£µ¹¥I¶·¦Û¥I,,,,§_,Liquid,IVSOL,,,500.00,mg,,,¥²¶·µ}ÄÀ,³æ¦¸¿éª`,PH022,202307171009,0,156.00
IREM,20200322,99999999,°±¥Î,Remdesivir Inj. 150mg,Remdesivir Inj. 150mg,Remdesivir,IVD,,QANB,AI-03-09,°w¾¯,Vial,Remdesivir,«D²Õ®M,°±¥Î,,Á{§É¸ÕÅçÃÄ«~,¬O,¥i¥ÎÃÄ¥]¾÷,°·«O¤£µ¹¥I,¤@¯ë,Á`¶q¶i¦ì,¾AÀ³¯g:¹ïªZº~ªÍª¢(COVID-19)¥i¯à¦³®Ä(¸ÕÅç¤¤),,Indication: May be effective for COVID-19 (in trial),,¥~ Æ[:¤p²~¤º§t°®¯»­á´¹,Appearance:powder in vial.,,,,¬Ò¥i¥Î,,Remdesivir Inj. 150mg,,,,¬O,,,,,,,,2020/03¦]À³ªZº~ªÍª¢,¤@¯ë,ª`®g,,,,0,0,§_,1.0,,§_,¬O,§_,³æ¤è,§_,°±¥Î,°±¥Î,¤£¥i¿i,¬O,,1.00,1.00,2.00,2.00,10,10,7,7,2.00,2.00,0,0,,µL¹Ï¤ù,,0,,0,,J05AB16,,,,,0,,0,,VIAL,,°·«O¤£¥Ó³ø¤£­p»ù,°·«O¤£¥Ó³ø¤£­p»ù,,,,,Liquid,IVSOL,,,0,,0,mL,,,PH047,202401261716,0,0
IRHO,19960101,99999999,¥i¥Î,Rho (D) Immune Globulin [HyperRHO],Rho (D) Immune Globulin [HyperRHO],Rho D Immune Globulin,IM,,HIMM,IM-03-00,°w¾¯,VAL,Rhogam,«D²Õ®M,,,¤@¯ë¥i¥Î,¬O,¤£¥i¥ÎÃÄ¥]¾÷,­­¥Î,¤@¯ë,Á`¶q¶i¦ì,¾AÀ³¯g:§ÜRh¦]¤l²y³J¥Õ»s¾¯,,Indication:Rho D Immune globulin.,,¥~ Æ[:¹w¥R¶ñ°wµ©¡A³z©ú¯»¬õ¦â¥~«OÅ@´ß,Appearance: Prefilled syringe,ª`®g³¡¦ì¯kµh¡A Åé·Å¨Ç·L¤W¤É,Pain at inj site. Slight temp elevation.,,¥u¥Î©óªù¶E¤Î¦í°|STAT,§ÜRh¦]¤l²y³J¥Õª`®g²G,Rho (D) Immune Globulin [Hyp,,,§_,¬O,,½Ð¸m©óÄá¤ó 2-8 «×¦B½c§NÂÃ,,Store in a refrigerator (2-8¢XC).,,,,,¤@¯ë,ª`®g,Äµ »y:½Ð¸m©óÄá¤ó 2-8 «×¦B½cÁ×¥ú§NÂÃ«O¦s¡C,,,,,§_,1.0,,§_,¬O,§_,³æ¤è,§_,°±¥Î,¥i¥Î,¤£¥i¿i,¬O,,1.00,1.00,1.00,1.00,1,1,1,1,1.00,1.00,0,0,,¦³¹Ï¤ù,,0,,0,,J06BB01,,,,,,,,,VAL,§_,°·«Oµ¹¥I,°·«Oµ¹¥I,RHO(D)IMMUNE GLOBULIN,J06BB01,KC00462209,§_,Liquid,SOL,,,,,,,¬Ò¥i,³æ¦¸¿éª`,PH036,201802051601,3387.00,4064.00
IRI,20030901,99999999,°±¥Î,Insulin actrapid (RI) HM Penfill,Insulin actrapid (RI) HM Penfill,Insulin Regular,SC,,META,ME-01-01,°w¾¯,IU,Insulin RI,«D²Õ®M,°±¥Î¡A¥i¬dÃþ¦üÃÄ,,¤@¯ë¥i¥Î,¬O,¤£¥i¥ÎÃÄ¥]¾÷,¥i¥Î,¤@¯ë,Á`¶q¶i¦ì,¾AÀ³¯g:¬°µu®Ä«¬¯Ø®q¯À¡A¿}§¿¯f¥ÎÃÄ,,,,,,,,,¥u¥Î©óªù¶E,,Insulin actrapid (RI) HM Pen,,,§_,¬O,,,,,,,,,¤@¯ë,¤@¯ë,Äµ »y:½Ð¸m©óÄá¤ó 2-8 «×¦B½cÁ×¥ú§NÂÃ«O¦s¡C,,,,,§_,300.0,,§_,§_,§_,³æ¤è,§_,¥i¥Î,¥i¥Î,¤£¥i¿i,¬O,,1.00,1.00,99.00,99.00,60,30,30,1,0,0,0,0,,µL¹Ï¤ù,,0,,0,,,,,,,,,,,VAL,§_,°·«Oµ¹¥I,°·«Oµ¹¥I,INSULIN HUMAN,A10AB01,K000739266,§_,Liquid,SOL,,,,,,,¬Ò¥i,³æ¦¸¿éª`,PH031,201404092040,124.00,150.00
IRIF,20050721,99999999,°±¥Î,Rifocin inj 500mg/10mL,Rifocin inj 500mg/10mL,Rifamycin SV,IV,,QANB,AI-01-12,°w¾¯,AMP,Rifamycin,«D²Õ®M,Á{±ÄÃÄ¡A½Ð³qª¾ÃÄ§½¥~ÁÊ,,­Ó®×Á{±Ä,¬O,¤£¥i¥ÎÃÄ¥]¾÷,¥i¥Î,¤@¯ë,¦¸­p¶q¶i¦ì,¾AÀ³¯g:ªvÀø¥Ñ®æÄõ¤ó¶§©Êµß©Ò¤Þ°_¤§Áx¹D·P¬V¯g¡Bµ²®Ö¯f,,Treatment of infections due to G(+) microorganisms,,,,,,¯S®íÃþ§Ü¥Í¯À,¬Ò¥i¥Î,¹çÅð¯ÀÀR¯ßª`®g¾¯,Rifocin inj 500mg/10mL,,,§_,¬O,,,,,,,,,¤@¯ë,ª`®g,Äµ »y:°ª¾¯¶qÀR¯ßª`®g«á¡A§¿²G¥i¯àÅÜ¬õ¦â¡C,,,,,¬O,1.0,,§_,§_,§_,³æ¤è,§_,¥i¥Î,¥i¥Î,¤£¥i¿i,¬O,,1.00,1.00,3.00,3.00,7,7,1,1,0,0,0,0,,µL¹Ï¤ù,,0,,0,,J04AB03,,,,,0.50,g,0.60,g,AMP,,°·«Oµ¹¥I,°·«Oµ¹¥I,RIFAMYCIN,J04AB03,B021956229,§_,Liquid,IVSOL,,,,,,,¬Ò¥i,³æ¦¸¿éª`,PH009,201707171641,138.00,166.00
IRII,19960101,99999999,°±¥Î,Insalin Actrapid (R) 100IU/mL,Insalin Actrapid (R) 100IU/mL,Insulin Regular,SC,,META,ME-01-01,°w¾¯,IU,,«D²Õ®M,°±¥Î¡A¥i¬dÃþ¦üÃÄ,,¤@¯ë¥i¥Î,¬O,¤£¥i¥ÎÃÄ¥]¾÷,,¤£¦LÃÄÅÒ,Á`¶q¶i¦ì,¾AÀ³¯g:¬°µu®Ä«¬¯Ø®q¯À¡A¿}§¿¯f¥ÎÃÄ,,,,,,,,,,,Insalin Actrapid (R) 100IU/m,,,§_,¬O,,,,,,,,,¤@¯ë,ª`®g,Äµ »y:½Ð¸m©óÄá¤ó 2-8 «×¦B½cÁ×¥ú§NÂÃ«O¦s¡C,Äµ °ªÄµ°T,,,,§_,1.0,,§_,§_,§_,³æ¤è,§_,¥i¥Î,¥i¥Î,¤£¥i¿i,¬O,,1.00,1.00,999.00,999.00,999,999,1,1,0,0,0,0,,µL¹Ï¤ù,,0,,0,,,,,,,,,,,IU,§_,°·«Oµ¹¥I,°·«Oµ¹¥I,INSULIN,A10AB03,B018827299,§_,Liquid,SOL,,,,,,,¬Ò¥i,³æ¦¸¿éª`,PH008,201403201343,0.14,2.00
IRIN,19960101,99999999,°±¥Î,Rinderon inj 2mg/0.5mL,Rinderon inj 2mg/0.5mL,Betamethasone Disodium Phosphate,IV,,HM,HR-01-00,°w¾¯,AMP,Rinderon,«D²Õ®M,°±¥Î,,¤@¯ë¥i¥Î,¬O,¤£¥i¥ÎÃÄ¥]¾÷,,¤@¯ë,¦¸­p¶q¶i¦ì,¾AÀ³¯g:¨ã§Üµoª¢§@¥Î,,,,,,,,,,Á{±o¶©ª`®g²G,Rinderon inj 2mg/0.5mL,,,§_,¬O,,,,,,,,,¤@¯ë,ª`®g,Äµ »y:¥»«~»Ý¸m©óÁ×¥ú³±²D°®Àê³B,,,,,¬O,1.0,,§_,§_,§_,³æ¤è,§_,¥i¥Î,¥i¥Î,¤£¥i¿i,¬O,,1.00,1.00,99.00,99.00,999,999,1,1,0,0,0,0,,µL¹Ï¤ù,,0,,0,,H02AB01,,,,,,,,,AMP,§_,°·«Oµ¹¥I,°·«Oµ¹¥I,BETAMETHASONE,H02AB01,A027718206,§_,Liquid,IVSOL,,,,,,,¬Ò¥i,³æ¦¸¿éª`,PH035,201810082205,33.60,42.00
IRIN4,20050501,99999999,¥i¥Î,Rinderon inj 4mg/1mL,Rinderon inj 4mg/1mL,Betamethasone,IM,,HM,HR-01-00,°w¾¯,AMP,Rinderon,«D²Õ®M,,,¤@¯ë¥i¥Î,¬O,¥i¥ÎÃÄ¥]¾÷,,¤@¯ë,¦¸­p¶q¶i¦ì,¾AÀ³¯g:¨ã§Üµoª¢§@¥Î,,Indication:Anti-inflammatory.,,¥~ Æ[:³z©ú¦wÞÀ(amp)¡A ¶Â¦â¦r¼Ë¡A ¥Õ¦âºñ¦â¬Û¶¡¥~¶K¯È,,¤ô¸~¡A °ª¦åÀ£¡A ³¬¸g¡A ¦h¦½,Edema¡A hypertension; amenorrhea¡A hyperhidrosis,,¬Ò¥i¥Î,Á{±o¶©ª`®g²G,Rinderon inj 4mg/1mL,,,§_,¬O,,¥»«~»Ý¸m©óÁ×¥ú³±²D°®Àê³B,,Store at room temperature¡A away from heat¡A moisture¡A and direct light.,,,,,¤@¯ë,ª`®g,Äµ »y:¥»«~»Ý¸m©óÁ×¥ú³±²D°®Àê³B,,,,,¬O,1.0,,§_,¬O,§_,³æ¤è,§_,¥i¥Î,¥i¥Î,¤£¥i¿i,¬O,,1.00,1.00,6.00,3.00,999,999,1,1,8.00,8.00,0.15,0.15,,¦³¹Ï¤ù,,4.00,mg,0,,H02AB01,,,,,,,,,AMP,,°·«Oµ¹¥I,°·«Oµ¹¥I,BETAMETHASONE,H02AB01,AC27718209,§_,Liquid,IVSOL,,,4.00,mg,1.00,mL,¬Ò¥i,³æ¦¸¿éª`,PH034,201907260858,15.20,20.00
IRIS,20060516,99999999,°±¥Î,Risperdal Consta 25mg,Risperdal Consta 25mg,Risperidone,IM,,CNEU,CN-02-01,°w¾¯,VAL,Risperdal Consta,«D²Õ®M,°±¥Î,,¤@¯ë¥i¥Î,¬O,¤£¥i¥ÎÃÄ¥]¾÷,±ø¥ó¤Uµ¹¥I,¤@¯ë,Á`¶q¶i¦ì,¾AÀ³¯g:«äÄ±¥¢½Õ¯g¡A Âù·¥©Ê¯e±w¤§Ä¼¯gµo§@,,Indication:Treat psychotic symptoms¡A mania.,,¥~ Æ[:¥Õ¦â¬°©³¯»¬õ¦â¶À¦âºñ¦â¬Û¶¡¥~²°,,°Ê§@¿ð½w¡A §¤¥ß¤£¦w¡A µø¤O¼Ò½k¡A ¤ë¸g¶g´Á§ïÅÜ¡A ¤âµo§Ý,Slow movement; inability to sit still; blurred vision; menstrual changes; restle,,¥u¥Î©óªù¶E¤Î¦í°|STAT,ºû«ä³q¦Ù¦×ª`®g¥ÎÄa²G¾¯25¤½µ·,Risperdal Consta 25mg,,,¬O,¬O,,½Ð¸m©óÄá¤ó 2-8 «×¦B½c§NÂÃ,,Store in a refrigerator (2-8¢XC).,,¥i¯à·|³y¦¨¶ÝºÎ©Î·w¯t¡A ¶}¨®©Î¾Þ§@¦MÀI¾÷¾¹½Ð¤p¤ß,May make you dizzy; use caution while driving or operating machinery,108Q2 ÃÄ©e·|§R°£,¤@¯ë,ª`®g,Äµ »y:½Ð¸m©óÄá¤ó 2-8 «×¦B½cÁ×¥ú§NÂÃ«O¦s¡C,,ª`®g¾¯,,,§_,1.0,,§_,¬O,§_,³æ¤è,§_,¥i¥Î,¥i¥Î,¤£¥i¿i,¬O,,1.00,1.00,2.00,2.00,99,99,1,1,2.00,2.00,0,0,,¦³¹Ï¤ù,,0,,0,,N05AX08,,,,,,,,,AMP,,°·«Oµ¹¥I,°·«Oµ¹¥I,RISPERIDONE,N05AX08,BC23857240,§_,Liquid,SOL,,,25.00,mg,2.00,mL,,,PH006,201910100814,2775.00,3330.00
IRL,19960101,99999999,¥i¥Î,Ringer Lactate 500mL,Ringer Lactate 500mL,NaCl + KCl + Calcium Chloride + Lactose,IVD,,MSIV,NU-04-05,°w¾¯,BOT,,«D²Õ®M,,ILAR,¤@¯ë¥i¥Î,¬O,¤£¥i¥ÎÃÄ¥]¾÷,¥i¥Î,¤£¦LÃÄÅÒ,Á`¶q¶i¦ì,¾AÀ³¯g:¬°¹q¸Ñ½è¸É¥R²G,,,,,,,,,,¨Å»ÄªL®æ¤ó¤Aª`®g²G,Ringer Lactate 500mL,,,§_,¬O,,,,,,,,A002801277,¤@¯ë,ª`®g,Äµ »y:½Ð¿í·ÓÂå®v«ü¥Ü¨Ï¥Î¡A­Yµo¥ÍºÃ¦üÃÄª«¤£¨}¤ÏÀ³½Ð§iª¾Âå¥Í¡C,,,,,§_,1.0,¦³,§_,¬O,§_,½Æ¤è,§_,°±¥Î,°±¥Î,¤£¥i¿i,¬O,,1.00,1.00,1.00,25.00,999,999,1,1,1.00,25.00,0,0,,¦³¹Ï¤ù,,500.00,ML,0,,B05BB01,,,,,,,,,BOT,§_,°·«Oµ¹¥I,°·«Oµ¹¥I,SODIUM CHLORIDE 6MG/ML + POTASSIUM CHLORIDE 0.3MG/ML + CALCIUM CHLORIDE 0.2MG/ML + SODIUM LACTATE 3.1MG/ML,B05BB01,AC02801277,§_,Liquid,IVSOL,,,,,500.00,mL,¤£»Ýµ}ÄÀ,³æ¦¸¿éª`,PH008,202403181639,25.00,33.00
IROB,19960101,99999999,°±¥Î,Robinul inj 0.2mg/mL,Robinul inj 0.2mg/mL,Glycopyrrolate,IM,,ALIM,GI-05-00,°w¾¯,ML,Robinul,«D²Õ®M,°±¥Î¡A¥i¬dÃþ¦üÃÄ,,¤@¯ë¥i¥Î,¬O,¤£¥i¥ÎÃÄ¥]¾÷,,¤£¦LÃÄÅÒ,Á`¶q¶i¦ì,¾AÀ³¯g:´î¤Ö©I§l¹D³è²G¤Àªc,,,,,,,,,,,Robinul inj 0.2mg/mL,,,§_,¬O,,,,,,,,,¤@¯ë,ª`®g,Äµ »y:À³µø¨ä¦~ÄÖ¡BÅé­«¤Î¯gªp¤©¥H¾A·í¤§¾¯¶q¡A¨Ã¯d·NÆ[¹î,,,,,¬O,1.0,,§_,§_,§_,³æ¤è,§_,¥i¥Î,¥i¥Î,¤£¥i¿i,¬O,,1.00,1.00,1.00,1.00,999,999,1,1,0,0,0,0,,µL¹Ï¤ù,,0,,0,,,,,,,,,,,ML,§_,¤£µ¹¥I¶·¦Û¥I,¤£µ¹¥I¶·¦Û¥I,,,,§_,Liquid,SOL,,,,,,,¬Ò¥i,³æ¦¸¿éª`,PH008,201403201343,0,21.00
IROC,19960101,99999999,°±¥Î,Rocephin inj 500mg,Rocephin inj 500mg,Ceftriaxone,IVD,,QANB,AI-01-02,°w¾¯,VAL,Rocephin,«D²Õ®M,°±¥Î,,¤@¯ë¥i¥Î,¬O,¥i¥ÎÃÄ¥]¾÷,,¤@¯ë,Á`¶q¶i¦ì,¾AÀ³¯g:²Óµß©Ê·P¬V,,Indication:Antibiotic for infection.,,¥~ Æ[:³z©ú¤p²~(vial)¡A ºñ¦â¥~»\¡A ¥Õ¦â¥~¶K¯È¡A ²HÂÅ¦â¦r¼Ë,,¸z­G¤£¾A¡A ¦å²G¼Æ­È§ïÅÜ¡A ¥Ö½§¹L±Ó¡A ¾®¦å²§±`,GI upsets¡A hematological changes¡A skin reactions¡A coagulation disorders¡A,ºÞ¨îÃþ§Ü¥Í¯À,,Ã¹¤óªâÀR¯ßª`®g¾¯500¤½µ·,Rocephin 500mg,,,§_,¬O,,¤£¥i¥[¤J§t¶t¤§·»²G¤¤¡C,,It can not be added to calcium-containing solutions.,,,,,¤@¯ë,ª`®g,Äµ »y: ­Yµo¥ÍÄY­«¹L±Ó©Îµo¯lµ¥¤£¾A¯gª¬¡AÀ³§Y°±ÃÄ¨Ã½Ð±ÐÂå®v,,,,,¬O,1.0,,§_,§_,§_,³æ¤è,§_,¥i¥Î,¥i¥Î,¤£¥i¿i,¬O,,1.00,1.00,6.00,6.00,7,7,1,1,8.00,8.00,0.40,0.20,,¦³¹Ï¤ù,D/W,500.00,mg,0,50-100 mg/Kg/day,J01DD04,,,,,0.50,g,2.00,g,VAL,§_,°·«Oµ¹¥I,°·«Oµ¹¥I,CEFTRIAXONE,J01DD04,BC15031277,§_,Liquid,IVSOL,,,,,,,¬Ò¥i,³æ¦¸¿éª`,PH036,201801091616,63.00,79.00
IROCU,20181005,99999999,¥i¥Î,Rocuronium Kabi 50mg/5mL,Rocuronium Kabi 50mg/5mL,Rocuronium Bromide,IVD,,CNEU,CN-03-02,°w¾¯,Vial,,«D²Õ®M,,,¤@¯ë¥i¥Î,¬O,¥i¥ÎÃÄ¥]¾÷,°·«O¤£µ¹¥I,¤£¦LÃÄÅÒ,¦¸­p¶q¶i¦ì,¾AÀ³¯g:¤â³N®É¤§°©Àf¦ÙÃP¦¢,,Indication:Relax skeletal muscles during surgery or,controlled ventilation.,¥~ Æ[: 5²@¤É¤p²~,Appearance: 5 mL Vial,¥Ö½§¼é¬õ¡A »´«×§C¦åÀ£¡A ¤ä®ðºÞµjÅË,Skin flushing¡A mild transient hypotension¡A bronchospasm.,,¥u¥Î©óªù¶E¤Î¦í°|STAT,Ã¹®w¿ÕªLª`®g²G,Rocuronium Kabi 50mg/5mL,,,¬O,¬O,,¥»«~»Ý( ÂÐ®Ö ),,,,½Ð¸m©óÄá¤ó 2-8 «×¦B½c§NÂÃ,Store in a refrigerator (2-8¢XC).,,¤@¯ë,ª`®g,Äµ»y:¥»«~»Ý( ÂÐ®Ö ),Äµ °ªÄµ°T,,0,0,§_,1.0,,¬O,¬O,§_,³æ¤è,,°±¥Î,,¤£¥i¿i,¬O,,1.00,1.00,4.00,8.00,999,999,1,1,4.00,8.00,0,0,,¦³¹Ï¤ù,,0,,0,,M03AC09,,,,,0,,0,,VIAL,,¤£µ¹¥I¶·¦Û¥I,¤£µ¹¥I¶·¦Û¥I,,,,,Liquid,IVSOL,,,50.00,mg,5.00,mL,¥²¶·µ}ÄÀ,³æ¦¸¿éª`,PH008,201907221345,0,216.00
IROL,20061231,99999999,°±¥Î,Roles inj 1gm,Roles inj 1gm,Cephalexin,IVD,,QANB,AI-01-02,°w¾¯,Vial,Keflex,«D²Õ®M,°±¥Î¡A¥i¬dÃþ¦üÃÄ,,¤@¯ë¥i¥Î,¬O,¥i¥ÎÃÄ¥]¾÷,¥i¥Î,¤@¯ë,Á`¶q¶i¦ì,¾AÀ³¯g:²Óµß©Ê·P¬V,,Indication:Antibiotic for infection.,,¥~ Æ[:³z©ú¤p²~(Vial)¡A¬õ¦â¥~»\¡A¥Õ¦â¯»¬õ¦â¬Û¶¡¥~¶K¯È,Appearance: Vial with red cap,¸z­G¾÷¯à»ÙÃª¡A ¹L±Ó¤ÏÀ³¡A ­«½Æ·P¬V,GI disturbances¡A hypersensitivity reactions¡A superinfection.,¤@¯ëÃþ§Ü¥Í¯À,¬Ò¥i¥Î,¼Öªk³Ó°®¯»ª`®g²G,Roles inj 1gm,,,§_,¬O,,­Y¦³®ð³Ý©ÎµjÅË©Ê®ðºÞª¢®É¡A À³¤p¤ß¨Ï¥Î¥»ÃÄ,,Should not use this medicine if patient has asthma that is not well-controlled.,,,,104-3 ÃÄ©e·|§R°£,¤@¯ë,ª`®g,Äµ »y:­Y¦³®ð³Ý©ÎµjÅË©Ê®ðºÞª¢®É¡AÀ³¤p¤ß¨Ï¥Î¥»ÃÄ,,,,,¬O,1.0,,§_,§_,§_,³æ¤è,§_,¥i¥Î,¥i¥Î,¤£¥i¿i,¬O,,1.00,1.00,2.00,2.00,7,7,1,1,8.00,8.00,0.20,0.10,,¦³¹Ï¤ù,,0,,0,,J01DB01,,,,,1.00,g,2.00,g,VAL,,°·«Oµ¹¥I,°·«Oµ¹¥I,CEPHALEXIN,J01DB01,AC35991209,§_,Liquid,IVSOL,,,,,,,¬Ò¥i,³æ¦¸¿éª`,PH009,201707171642,61.00,76.00
IROP,20100120,99999999,¥i¥Î,Ropica inj 200mg/20mL,Ropica inj 200mg/20mL,Ropivacaine,SPI,,ZANE,CN-04-02,°w¾¯,VAL,,«D²Õ®M,,,¤@¯ë¥i¥Î,¬O,¤£¥i¥ÎÃÄ¥]¾÷,¥i¥Î,¦C¦L¦í°|ÃÄÅÒ,Á`¶q¶i¦ì,¾AÀ³¯g:¥~¬ì³Â¾K¡B«æ©Ê¯kµh³B²z,,Surgical anesth¡A Acute pain management.,,¥~ Æ[:³z©ú¤p²~(Vial)¡A¶À¦â¥~»\¡A¥Õ¦â¬Û¶¡¥~¶K¯È,Appearance: Vial with yellow cap,§C¦åÀ£¡A äú¤ß¡A ·w¯t¡A ÀYµh¡A ¤ß¸õºC,Hypotension¡A nausea¡A paraesthesia¡A dizziness¡A headache¡A bradycardia.,,¥u¥Î©óªù¶E¤Î¦í°|STAT,­Y¤ñ©wª`®g²G,Ropica inj 200mg/20mL,,,§_,¬O,,Á×§K¦åºÞ¤ºµ¹ÃÄ,,Intravascular injections should be avoided,,«æ±ÏÃÄ«~¤ÎºÊ´ú³]³Æ§¡»Ý¦b³Æ¥Îª¬ºA,Resuscitative equipment should be available for necessary use.,,¤@¯ë,ª`®g,Äµ »y:½Ð¯d·N¤ß¸õ¤Î¦åÀ£ÅÜ¤Æ,,,,,¬O,1.0,,§_,¬O,§_,³æ¤è,§_,¥i¥Î,°±¥Î,¤£¥i¿i,¬O,,1.00,1.00,2.00,2.00,7,7,1,1,2.00,2.00,0,0,,¦³¹Ï¤ù,,0,,0,,N01BB09,,,,,,,,,VIAL,,¤£µ¹¥I¶·¦Û¥I,¤£µ¹¥I¶·¦Û¥I,,,,§_,Liquid,SOL,,,200.00,mg,20.00,mL,¬Ò¥i,³æ¦¸¿éª`,PH034,202203011426,0,240.00
IRYZ,20220921,99999999,¥i¥Î,Ryzodeg FlexTouch 100 Unit/mL 3mL,Ryzodeg FlexTouch 100 Unit/mL 3mL,Insulin Aspart 30+ Insulin Degludec 70,SC,,META,ME-01-03,°w¾¯,UNIT,Ryzodeg,«D²Õ®M,,,¤@¯ë¥i¥Î,¬O,¥i¥ÎÃÄ¥]¾÷,¥i¥Î,¤@¯ë,Á`¶q¶i¦ì,¾AÀ³¯g: ²V¦X«¬¯Ø®q¯À¡A ¿}§¿¯f¥ÎÃÄ,,Indication:Control of hyperglycemia.,,¥~ Æ[:ÂÅ¦âµ§«¬¡AÂÅ/¥Õ¦â¼ÐÅÒ,Appearance: Blue pen¡A blue/white label,§C¦å¿}¡A¹L±Ó¤ÏÀ³¡A§C¦å¹[,Hypoglycemia¡A Hypersensitivity reactions¡A Hypokalemia,,¬Ò¥i¥Î,¿Õ¯Ø±o ¿Õ¯Sµ§,Ryzodeg FlexTouch 100 Unit/m,,,,¬O,,¶}«Ê«eÀ³Àx¦s©ó2-8¢XC¡A¤Å§N­á¡C,¶}«Ê«á©ó2-30¢XC¥i«O¦s28¤Ñ¡C,Unused Ryzodeg stored at 2-8¢J. Don't freeze.,Stored at 2-30¢J for up to 28 days after opening.,½Ð¤Åµ}ÄÀ¥»ÃÄ©Î±N¨ä»P¥ô¦ó¨ä¥L¯Ø®q¯ÀÃÄ²V¦X,Don't dilute or mix Ryzodeg with any other insulin products or solutions.,2022Q3ÃÄ©e·s¶i,¤@¯ë,¤@¯ë,¶}«Ê«eÀ³Àx¦s©ó2-8¢XC¡A¤Å§N­á¡C¶}«Ê«á©ó2-30¢XC¥i«O¦s28¤Ñ¡C,,,0,0,§_,300.0,,§_,¬O,§_,½Æ¤è,§_,¥i¥Î,¥i¥Î,¤£¥i¿i,§_,,1.00,1.00,99.00,99.00,120,120,28,1,160.00,160.00,0,0,,¦³¹Ï¤ù,,0,,0,,A10AD06,A10AB05,A10AE06,,,0,,0,,¤ä,,°·«Oµ¹¥I,°·«Oµ¹¥I,INSULIN DEGLUDEC 300 U +/- INSULIN ASPART 300 U,A10AD06,KC01053216,§_,Liquid,SOL,,,300.00,U,3.00,mL,,,PH047,202310231453,483.00,580.00
ISAN1,19960101,99999999,¥i¥Î,Sandostatin inj 0.1mg/1mL,Sandostatin inj 0.1mg/1mL,Octreotide,SC,,HM,HR-04-00,°w¾¯,AMP,Sandostatin,«D²Õ®M,Á{±ÄÃÄ¡A½Ð³qª¾ÃÄ§½¥~ÁÊ,,­Ó®×Á{±Ä,¬O,¥i¥ÎÃÄ¥]¾÷,­­¥Î,¤@¯ë,¦¸­p¶q¶i¦ì,¾AÀ³¯g:ªÏºÝªÎ¤j¯g¡A ®ø¤Æ¹D¸~½F,,Indication:Acromegaly¡A gastroenteropancreatic endocrine,tumors,¥~ Æ[:³z©ú¦wÞÀ(amp)¡A¥Õ¦â¥~¶K¯È¡A²HÂÅ¦â¦r¼Ë,Appearance: 1mL Ampoule,¸¡Âm¡B¸¡µh¡Bäú¤ß¡BµÈ®ð¡BÀYµh,Diarrhea¡A abdominal pain¡A nausea¡A flatulence¡A headache,,,µ½±o©wª`®g²G,Sandostatin inj 0.1mg/1mL,,,§_,¬O,,ÃÄ«~À³¸m©óÄá¤ó 2 ~ 8 «×¦B½c¤º(¤Å§N­á),,,,¥»ÃÄ·|¼vÅT¯Ø®q¯À¡B¤É¿}¿E¯Àªº¤Àªc¡A¬G¿}§¿¯f±w¨Ï¥Î®ÉÀ³ºÊ´ú¦å¿}±±¨îªº±¡§Î¡C,,,¤@¯ë,ª`®g,Äµ »y:½Ð¸m©óÄá¤ó 2-8 «×¦B½cÁ×¥ú§NÂÃ«O¦s¡C,,,,,,1.0,,§_,¬O,§_,³æ¤è,§_,°±¥Î,°±¥Î,¤£¥i¿i,¬O,,1.00,1.00,99.00,99.00,14,14,1,1,15.00,15.00,0.40,0.40,,¦³¹Ï¤ù,,0,,0,,H01CB02,,,,,,,,,AMP,§_,°·«Oµ¹¥I,°·«Oµ¹¥I,OCTREOTIDE,H01CB02,BC17873209,§_,Liquid,SOL,,,0.10,mg,1.00,mL,¥²¶·µ}ÄÀ,³æ¦¸¿éª`,PH034,202004121313,383.00,460.00
ISAN2,19960101,99999999,°±¥Î,Sandostatin LAR 20mg,Sandostatin LAR 20mg,Octreotide,IM,,HM,HR-04-00,°w¾¯,VAL,Sandostatin LAR,«D²Õ®M,°±¥Î,,¤w°±¥Î,¬O,¤£¥i¥ÎÃÄ¥]¾÷,­­¥Î,¤@¯ë,Á`¶q¶i¦ì,¾AÀ³¯g:®ø¤Æ¹D¸~½F,,,,,,,,,,,Sandostatin LAR 20mg,,,§_,¬O,,,,,,,,,¤@¯ë,ª`®g,Äµ »y:½Ð¸m©óÄá¤ó 2-8 «×¦B½cÁ×¥ú§NÂÃ«O¦s¡C,,,,,¬O,1.0,,§_,§_,§_,³æ¤è,§_,¥i¥Î,¥i¥Î,¤£¥i¿i,¬O,,1.00,1.00,1.00,1.00,1,1,1,1,0,0,0,0,,µL¹Ï¤ù,,0,,0,,,,,,,,,,,VAL,¬O,°·«Oµ¹¥I,°·«Oµ¹¥I,OCTREOTIDE,H01CB02,B022657238,§_,Liquid,SOL,,,,,,,¬Ò¥i,³æ¦¸¿éª`,PH008,201505121937,38405.00,46086.00
ISAX,20220315,99999999,¥i¥Î,Saxenda inj 18mg/3mL,Saxenda inj 18mg/3mL,Liraglutide,SC,QD,META,ME-02-07,°w¾¯,mg,Saxenda,«D²Õ®M,,,¤@¯ë¥i¥Î,¬O,¥i¥ÎÃÄ¥]¾÷,°·«O¤£µ¹¥I,¤@¯ë,Á`¶q¶i¦ì,¾AÀ³¯g:12·³¥H¤WÅé­«ºÞ²zªº»²§UªvÀø,,Indication:Adjunctive therapy for weight management,,¥~ Æ[:ÂÅ¦â¹w¥R¶ñª`®gµ§,Appearance: Blue¡A prefilled¡A single-patient-use pen,äú¤ß¡A¹Ã¦R¡A¸¡Âm¡A«K¯µ¡AÀYµh¡A­¹¼¤­°§C,Nausea¡A vomiting¡A diarrhea¡A constipation¡A headache¡A decrease in appetite,,¬Ò¥i¥Î,µ½ÅÖ¹F ª`®g²G,Saxenda inj 18mg/3mL,,,,¬O,,¨Ï¥Î«e:2-8¢XCÀx¦s¡Aªì¦¸¨Ï¥Î«á:30¢XC ¥H¤U©Î2-8¢XC§NÂÃ,¡A1­Ó¤ë«O¦s´Á­­; ¤£¥i§N­á,Before use: store at 2-8¢XC. And store below 30¢XC,or at 2-8¢XC after first used for up to 1 month. Do not freeze.,¨â¦¸ª`®g¤§¶¡À³¶¡¹j¦Ü¤Ö12¤p®É¡C,Allow at least 12 hours between 2 doses.,2022.Q1ÃÄ©e·s¶i,¤@¯ë,ª`®g,¨Ï¥Î«e:2-8¢XCÀx¦s¡Aªì¦¸¨Ï¥Î«á:30¢XC ¥H¤U©Î2-8¢XC§NÂÃ¡A1­Ó¤ë«O¦s´Á­­; ¤£¥i§N­á,,,0,0,§_,18.0,,§_,¬O,§_,³æ¤è,§_,°±¥Î,°±¥Î,¤£¥i¿i,¬O,,0.60,0.60,3.00,3.00,999,999,28,28,3.00,3.00,0,0,,¦³¹Ï¤ù,,0,,0,,A10BJ02,,,,,0,,0,,¤ä,,¤£µ¹¥I¶·¦Û¥I,¤£µ¹¥I¶·¦Û¥I,,,,§_,Liquid,SOL,,,18.00,mg,3.00,mL,,,PH047,202402061400,0,3000.00
ISCA2,20140605,99999999,¥i¥Î,Scandonest 2%(for Dental) 1.8mL,Scandonest 2%(for Dental) 1.8mL,Epinephrine + Mepivacaine,,,ZANE,CN-04-02,°w¾¯,¤ä,Polocaine,«D²Õ®M,°±¥Î,,¤@¯ë¥i¥Î,¬O,¤£¥i¥ÎÃÄ¥]¾÷,¥i¥Î,¤@¯ë,¦¸­p¶q¶i¦ì,¾AÀ³¯g:¤ú¬ì¥Î³Â¾K¾¯,,Indication:Dental infiltration and dental nerve block,,¥~ Æ[:1.8mLª`®g°w,,Ä¼°Ê¡A ºò±i¡A ·PÄ±²§±`,Restlessness¡A excitement¡A nervousness¡A paraesthesias,,¬Ò¥i¥Î,§½³¡³Â¾Kª`®g¾¯¢±¢H,Scandonest 2%(for Dental) 1.,,,,¬O,,ª`®g³t²v¤£©y¹L§Ö¡A Á×§Kªø®É¶¡¨Ï¥Î,,Rate of injection should not be too rapid. Avoid prolonged use,,,,,¤@¯ë,ª`®g,Äµ »y:À³µø¨ä¦~ÄÖ¡BÅé­«¤Î¯gªp¤©¥H¾A·í¤§¾¯¶q¡A¨Ã¯d·NÆ[¹î,,,0,0,§_,1.0,,§_,§_,§_,½Æ¤è,§_,¥i¥Î,°±¥Î,¤£¥i¿i,¬O,,1.00,1.00,2.00,2.00,1,1,1,1,2.00,2.00,0,0,,µL¹Ï¤ù,,0,,0,,N01BB53,,,,,0,,0,,TUB,§_,¤£µ¹¥I¶·¦Û¥I,¤£µ¹¥I¶·¦Û¥I,,,,§_,Liquid,IVSOL,,,36.00,mg,1.80,mL,¬Ò¥i,³æ¦¸¿éª`,PH036,202012231407,0,15.60
ISCA3,20111201,99999999,¥i¥Î,Scandonest 3%(for Dental) 1.8mL,Scandonest 3%(for Dental) 1.8mL,Mepivacaine,LI,,ZANE,CN-04-02,°w¾¯,¤ä,,«D²Õ®M,°±¥Î¡A¥i¬dÃþ¦üÃÄ,,¤@¯ë¥i¥Î,¬O,¥i¥ÎÃÄ¥]¾÷,¥i¥Î,¤£¦LÃÄÅÒ,¦¸­p¶q¶i¦ì,¾AÀ³¯g:¤ú¬ì§½³¡³Â¾K,,Indication:Dental infiltration and dental nerve block,,¥~ Æ[:1.8mLª`®g°w,,Ä¼°Ê¡A ºò±i¡A ·PÄ±²§±`,Restlessness¡A excitement¡A nervousness¡A paraesthesias,,¬Ò¥i¥Î,ÁÉ´¶´°¯S,Scandonest 3%(for Dental) 1.,,,§_,¬O,,ª`®g³t²v¤£©y¹L§Ö¡A Á×§Kªø®É¶¡¨Ï¥Î,,Rate of injection should not be too rapid. Avoid prolonged use,,,,,¤@¯ë,¤@¯ë,,,,0,0,§_,1.0,,§_,¬O,§_,³æ¤è,§_,¥i¥Î,°±¥Î,¤£¥i¿i,¬O,,1.00,1.00,2.00,2.00,1,1,1,1,2.00,2.00,0,0,,¦³¹Ï¤ù,,0,,0,,,,,,,,,,,¤ä,,¤£µ¹¥I¶·¦Û¥I,¤£µ¹¥I¶·¦Û¥I,,,,§_,Liquid,SOL,,,54.00,mg,1.80,mL,¬Ò¥i,³æ¦¸¿éª`,PH036,202012231407,0,16.00
ISEF,20211215,99999999,¥i¥Î,Seforce inj 400mg/200mL,Seforce inj 400mg/200mL,Ciprofloxacin,IVD,Q12H,QANB,AI-01-08,°w¾¯,BAG,Ciproxin,«D²Õ®M,,,¤@¯ë¥i¥Î,¬O,¥i¥ÎÃÄ¥]¾÷,±ø¥ó¤Uµ¹¥I,¤@¯ë,¦¸­p¶q¶i¦ì,¾AÀ³¯g: ²Óµß©Ê·P¬V,,Indication: Treatment of bacterial infections.,,¥~ Æ[:200mL¶ì½¦³n³U,Appearance: 200mL plastic bag,äú¤ß¡A ¸¡Âm¡A ¹Ã¦R¡A ®ø¤Æ¤£¨}¡A ¸¡µh¡A µÈ®ð,Nausea¡A diarrhea¡A vomiting¡A dyspepsia¡A abdominal pain¡A flatulence.,¤@¯ëÃþ§Ü¥Í¯À,¬Ò¥i¥Î,½ç«OªYª`®g²G,Seforce inj 400mg/200mL,,,,¬O,,¥»«~¿éª`®É¶¡À³¶W¹L60¤ÀÄÁ,¥»ÃÄ«~»ÝÁ×¥úÀx¦s,IV infusion over a period of 60 minutes,Protect from light.,­«¯g¦ÙµL¤O±wªÌ¤£«ØÄ³¨Ï¥Î,It is not recommended for patients with myasthenia gravis,2021Q4ÃÄ©e·|·s¶i,¤@¯ë,ª`®g,Äµ »y:¥»«~¿éª`®É¶¡À³¶W¹L60¤ÀÄÁ,,,0,0,§_,1.0,,¬O,¬O,§_,³æ¤è,,°±¥Î,,¤£¥i¿i,¬O,,1.00,1.00,2.00,2.00,7,7,1,1,4.00,4.00,0.08,0.08,,¦³¹Ï¤ù,,400.00,mg,0,20-30 mg/Kg/day (Maximum: 800 mg/day) (Ån¸~©ÊÅÖºû¤ÆMaximum: 1200 mg/day),J01MA02,,,,,0.40,g,0.80,g,BAG,,°·«Oµ¹¥I,°·«Oµ¹¥I,CIPROFLOXACIN,J01MA02,AC44809263,§_,Liquid,IVSOL,,,400.00,mg,200.00,mL,¤£»Ýµ}ÄÀ,³æ¦¸¿éª`,PH072,202202281505,553.00,664.00
ISEP,19960101,99999999,°±¥Î,Septrin 400/80 for infusion,Septrin 400/80 for infusion,Sulfamethoxazole + Trimethoprim,IV,,QANB,AI-01-09,°w¾¯,AMP,Septrin,«D²Õ®M,°±¥Î,ISEV,­Ó®×Á{±Ä,¬O,¤£¥i¥ÎÃÄ¥]¾÷,,¤@¯ë,¦¸­p¶q¶i¦ì,¾AÀ³¯g: ·L¥Íª«·P¬V,,,,,,,,¯S®íÃþ§Ü¥Í¯À,¬Ò¥i¥Î,¦è¤R²bª`®g²G,Septrin 400/80 for infusion,,,§_,¬O,,°Æ§@¥Î¡G¥»ÃÄ«~¥i¯àµo¥Í¤ÛÄ±¡B¼~Æ{¡B§Nºz¡Bºò±iµ¥¤£¨}¤ÏÀ³¡C,,,,,,,¤@¯ë,ª`®g,Äµ »y:¹ïÁDÓiÃÄ¹L±ÓªÌ¸T¥Î,,,,,¬O,1.0,,§_,§_,§_,½Æ¤è,§_,¥i¥Î,¥i¥Î,¤£¥i¿i,¬O,,1.00,1.00,3.00,3.00,999,999,1,1,0,0,0,0,,µL¹Ï¤ù,,0,,0,,J01EE01,,,,,,,,,AMP,§_,°·«Oµ¹¥I,°·«Oµ¹¥I,SULFAMETHOXAZOLE 80MG/ML + TRIMETHOPRIM 16MG/ML,J01EE01,B009113221,§_,Liquid,IVSOL,,,,,,,¬Ò¥i,³æ¦¸¿éª`,PH047,202401261713,61.00,73.00
ISEV,20091203,99999999,¥i¥Î,Sevatrim inj(400mg+80mg),Sevatrim inj(400mg+80mg),Sulfamethoxazole + Trimethoprim,IVD,,QANB,AI-01-09,°w¾¯,AMP,,«D²Õ®M,Á{±ÄÃÄ¡A½Ð³qª¾ÃÄ§½¥~ÁÊ,,­Ó®×Á{±Ä,¬O,¥i¥ÎÃÄ¥]¾÷,¥i¥Î,¤@¯ë,¦¸­p¶q¶i¦ì,¾AÀ³¯g:·L¥Íª«·P¬V,,Indication:Antibiotic for infection.,,¥~ Æ[:5mL ´Ä¦â¦wÞÀ,,µÇ¥\¯à²§±`¡A äú¤ß¡A ¹Ã¦R¡A ¸¡Âm¡A ­¹¼¤¤£®¶¡A ¥Ö½§¼é¬õ,Renal failure¡A nausea¡A vomiting¡A diarrhea¡A anorexia; skin rashes.,¯S®íÃþ§Ü¥Í¯À,¬Ò¥i¥Î,³·¥Õ²b,Sevatrim inj(400mg+80mg),,,§_,¬O,,¹ïÁDÓiÃÄ¹L±ÓªÌ¸T¥Î,,Notify your doctor if you are allergic to sulfa drugs.,,,,,¤@¯ë,ª`®g,Äµ »y:¹ïÁDÓiÃÄ¹L±ÓªÌ¸T¥Î,,,,,¬O,1.0,,§_,¬O,§_,½Æ¤è,§_,°±¥Î,°±¥Î,¤£¥i¿i,¬O,,1.00,1.00,4.00,4.00,99,99,1,1,9.00,9.00,0.50,0.15,,¦³¹Ï¤ù,,0,,0,,J01EE01,J01EC01,J01EA01,,,400.00,mg,1600.00,mg,VIAL,§_,°·«Oµ¹¥I,°·«Oµ¹¥I,SULFAMETHOXAZOLE 80MG/ML + TRIMETHOPRIM 16MG/ML,J01EE01,AC12528221,§_,Liquid,IVSOL,,,480.00,mg,5.00,mL,¥²¶·µ}ÄÀ,³æ¦¸¿éª`,PH014,202111291516,18.30,24.00
ISHG,20221223,99999999,¥i¥Î,Shingrix inj 0.5mL/dose,Shingrix inj 0.5mL/dose,Varicella Zoster Virus glycoprotein E,IM,STAT,HIMM,IM-02-02,°w¾¯,DOSE,Shingrix,«D²Õ®M,,,¤@¯ë¥i¥Î,¬O,¥i¥ÎÃÄ¥]¾÷,°·«O¤£µ¹¥I,¤@¯ë,Á`¶q¶i¦ì,¾AÀ³¯g: ¹w¨¾18·³(§t)¥H¤Wªº¦¨¤H±aª¬ªw¯l¤Î¨ä¬ÛÃö¨Öµo¯g¡C,,Indication: Prevention of herpes zoster,,¥~ Æ[:1¤p²~­á´¹°®¯»¤Î1¤p²~¸Ëµ}ÄÀ²G¡C,Appearance: 1 vial of powder + 1 vial of suspension,ª`®g³¡¦ì¤ÏÀ³(¦p¯kµh¡Bµo¬õ¡B¸~µÈ)¡BÀYµh¡B¦Ùµh,Injection site reactions (eg¡A pain¡A redness¡A swelling)¡A headache¡A myalgia,,¥u¥Î©óªù¶E¤Î¦í°|STAT,ªY«g¯l,Shingrix inj 0.5 mL/dose,RZV,,,¬O,,»â¨ú¬Ì­]«á½Ð¦Üª`®g«Ç¬I¥´¡A¬Ì­]ªw»s«á»Ý¦b30¤ÀÄÁ¤ºª`®g¡C,,Please go to the injection room after medication pick-up.,The vaccine needs to be injected within 30 minutes after reconstitution.,½Ð¸m©óÄá¤ó 2-8 «×¦B½c§NÂÃ¡C,Store in a refrigerator (2-8¢XC).,2022Q4ÃÄ©e·s¶i,¤@¯ë,ª`®g,Äµ »y:»â¨ú¬Ì­]«á¡A½Ð¥ß§Y¦Üª`®g«Ç¨Ì«ü¥Ü¨Ï¥Î¡C,,,0,0,¬O,1.0,,§_,¬O,¬O,³æ¤è,§_,°±¥Î,°±¥Î,¤£¥i¿i,§_,,1.00,1.00,1.00,1.00,1,1,1,1,1.00,1.00,0,0,,¦³¹Ï¤ù,,0,,0,,J07BK03,,,,,0,,0,,¤ä,,¤£µ¹¥I¶·¦Û¥I,¤£µ¹¥I¶·¦Û¥I,,,,§_,Liquid,SOL,,,0,,0.50,mL,,,PH006,202304281204,0,8680.00
ISHI,20010919,99999999,°±¥Î,Shincort 40mg/1mL,Shincort 40mg/1mL,Triamcinolone,IM,,HM,HR-01-00,°w¾¯,AMP,Lederspan,«D²Õ®M,°±¥Î,ITRI4,¤@¯ë¥i¥Î,¬O,¤£¥i¥ÎÃÄ¥]¾÷,¥i¥Î,¤@¯ë,¦¸­p¶q¶i¦ì,¾AÀ³¯g:¨ã§Üµoª¢§@¥Î,,,,,,,,,¬Ò¥i¥Î,,Shincort 40mg/1mL,,,§_,¬O,,,,,,,,,¤@¯ë,¤@¯ë,Äµ »y:°£Âå®v«ü¥Ü¥~¡A½Ð¤Åªø´Á©Î±K¶°¦a«ùÄò¨Ï¥Î,,,,,¬O,1.0,,§_,§_,§_,³æ¤è,§_,¥i¥Î,¥i¥Î,¥i¿i,¬O,,1.00,1.00,1.00,1.00,999,999,1,1,0,0,0,0,,µL¹Ï¤ù,,0,,0,,,,,,,,,,,AMP,,°·«Oµ¹¥I,°·«Oµ¹¥I,TRIAMCINOLONE,H02AB08,A011475209,§_,Liquid,SOL,,,,,,,¬Ò¥i,³æ¦¸¿éª`,PH008,201403201343,19.80,25.00
ISHI1,20131004,99999999,°±¥Î,Shincort inj 10mg/mL¡A 5mL,Shincort inj 10mg/mL¡A 5mL,Triamcinolone acetonide,IS,,HM,HR-01-00,°w¾¯,ML,,«D²Õ®M,°±¥Î,,¤@¯ë¥i¥Î,¬O,¤£¥i¥ÎÃÄ¥]¾÷,¥i¥Î,¦C¦L¦í°|ÃÄÅÒ,Á`¶q¶i¦ì,¾AÀ³¯g: Ãö¸`ª¢¡A ¥Ö½§ª¢¡A ®ð³Ý¡A ¯«¸gµhµ¥,,Indication:Anti-inflammatory.,,¥~ Æ[:5 mL ³z©ú¤p²~,Appearance: 5 mL vial,°ª¦åÀ£¡A®w¿³¤ó¯g¡A¥Ö½§µäÁY¡A¸z­G¯gª¬,Hypertension¡A Cushing's syndrome¡A skin atrophy¡A GI disorders,,¬Ò¥i¥Î,«H¥i±o,Shincort inj 10mg/mL¡A 5mL,,,§_,¬O,,¥»«~¥u¯àÃö¸`¤ºª`®g¡A ¤£¥i¦æÀR¯ß©Î¥Ö¤ºª`®g,,for Intra-articular injection use only.,Not to be administered IV.,¨Ï¥Î«e¶·¥R¤À¾_·n¨ÏÄa¿B²G§¡¤Ã,Shake ampoule well before use to insure a uniform suspension.,,¤@¯ë,ª`®g,,,,0,0,¬O,5.0,,§_,§_,§_,³æ¤è,§_,¥i¥Î,¥i¥Î,¤£¥i¿i,¬O,,1.00,1.00,1.00,1.00,99,99,1,1,3.00,3.00,0,0,,µL¹Ï¤ù,,0,,0,,H02AB08,,,,,,,,,VIAL,,°·«Oµ¹¥I,°·«Oµ¹¥I,TRIAMCINOLONE,H02AB08,AC11476221,§_,Liquid,SOL,,,,,,,¬Ò¥i,³æ¦¸¿éª`,PH008,201404241627,23.50,31.00
ISIM,20140330,99999999,¥i¥Î,Simponi inj 50mg/0.5mL,Simponi inj 50mg/0.5mL,Golimumab,SC,STAT,HIMM,IM-04-00,°w¾¯,VAL,Simponi,«D²Õ®M,Á{±ÄÃÄ¡A½Ð³qª¾ÃÄ§½¥~ÁÊ,,¥»°|Á{±Ä²M³æ,¬O,¤£¥i¥ÎÃÄ¥]¾÷,±ø¥ó¤Uµ¹¥I,¤@¯ë,Á`¶q¶i¦ì,¾AÀ³¯g:Ãþ­·Àã©ÊÃö¸`ª¢¡A»øª½©Ê¯á´Õª¢¡A°®Å~©ÊÃö¸`ª¢¡A¼ìºÅ©Êµ²¸zª¢,,Indication:RA¡A psoriatic arthritis¡A ankylosing spondylitis¡A,ulcerative colitis.,¥~ Æ[:°wµ©¸Ëª`®g¾¯,Appearance:Pre-filled injection pen,·P¬V¡A ¹L±Ó¤ÏÀ³¡A ¥Ö½§·kÄo¡A µo¼ö,Infections¡A allergic reactions¡A pruritus¡A fever.,,¬Ò¥i¥Î,ªY´¶¥§ª`®g²G (¹w¥Rª`®gµ§),Simponi 50mg (prefilled pen),,,,¬O,,½Ð¸m©óÄá¤ó 2-8 «×¦B½c§NÂÃ,¨Ï¥Î«e©ó«Ç·Å¤U©ñ¸m¦Ü¤Ö30¤ÀÄÁ,Store in a refrigerator (2-8¢XC).,Allow at least 30 minutes at room temperature before use,¨Ï¥ÎÃÄ«~«e«á¤Î´Á¶¡¡A À³µû¦ô§K¬Ì§í¨î¤Î·P¬V¯f±wªº¦w¥þ©Ê»P¦³®Ä©Ê,,,¤@¯ë,ª`®g,Äµ »y:¨Ï¥ÎÃÄ«~«e«á¤Î´Á¶¡¡A À³µû¦ô§K¬Ì§í¨î¤Î·P¬V¯f±wªº¦w¥þ©Ê»P¦³®Ä©Ê,,,0,0,§_,1.0,,§_,¬O,§_,³æ¤è,§_,¥i¥Î,¥i¥Î,¤£¥i¿i,¬O,,1.00,1.00,1.00,1.00,30,1,1,1,1.00,1.00,0,0,,¦³¹Ï¤ù,,0,,0,,L04AB06,,,,,,,,,VIAL,¬O,°·«Oµ¹¥I,°·«Oµ¹¥I,Golimumab ª`®g¾¯,L04AB06,KC00911206,§_,Liquid,SOL,,,50.00,mg,0.50,mL,¬Ò¥i,³æ¦¸¿éª`,PH047,202309081153,20019.00,24023.00
ISIMD,20180917,99999999,¥i¥Î,Simdax inj 12.5mg/5mL,Simdax inj 12.5mg/5mL,Levosimendan,IVD,,CAVS,CV-09-00,°w¾¯,Vial,Simdax,«D²Õ®M,Á{±ÄÃÄ¡A½Ð³qª¾ÃÄ§½¥~ÁÊ,,ÃÄ©e·|Á{±Ä,¬O,¥i¥ÎÃÄ¥]¾÷,°·«O¤£µ¹¥I,¤@¯ë,Á`¶q¶i¦ì,¾AÀ³¯g:µu´ÁªvÀø«æ©Ê¥¢¥NÀv©ÊºC©Ê¤ßÅ¦°IºÜ,,Indication:Management of congestive heart failure.,,¥~ Æ[: 5²@¤É¶À¦â²GÅé¡A³z©ú¤p²~,Appearance: Yellow solution in 5mL vial.,¤ß«Ç©Ê¤ß¸õ¹L³t¡BÀYµh¡B§C¦åÀ£,Ventricular tachycardia¡A headache¡A hypotension,,¬Ò¥i¥Î,¤ß±o¾A¿@ÁYª`®g¾¯,Simdax inj 12.5mg/5mL,,,¬O,¬O,,¨Ï¥Î«e»Ýµ}ÄÀ¡A°_©l¾¯¶qÀR¯ßºwª`»Ý¶W¹L10¤ÀÄÁ¡C,,Dilute before using. CAUTION with Loading dose ¡Vdeliver over 10 minutes.,,¶J©ñ®É»Ý¸m©ó¦B½c§NÂÃ(Äá¤ó 2-8 «×),Store in a refrigerator (2-8¢XC).,2018.09 ÃÄ©e·|·s¶i,¤@¯ë,¤@¯ë,°_©l¾¯¶qÀR¯ßºwª`»Ý¶W¹L10¤ÀÄÁ¡C,,,0,0,¬O,1.0,,§_,¬O,§_,³æ¤è,,°±¥Î,,¤£¥i¿i,¬O,,1.00,1.00,3.00,3.00,1,1,1,1,3.00,3.00,0,0,,¦³¹Ï¤ù,,0,,0,,C01CX08,,,,,0,,0,,BOX,,¤£µ¹¥I¶·¦Û¥I,¤£µ¹¥I¶·¦Û¥I,,,,,Liquid,IVSOL,,,12.50,mg,5.00,mL,¥²¶·µ}ÄÀ,¬Ò¥i,PH006,202303171025,0,59640.00
ISIV1,20130106,99999999,°±¥Î,Sivkort Suspension 10mg/1mL,Sivkort Suspension 10mg/1mL,Triamcinolone,IS,,HM,HR-01-00,°w¾¯,ML,Kenacort-A,«D²Õ®M,°±¥Î,,¤@¯ë¥i¥Î,¬O,¤£¥i¥ÎÃÄ¥]¾÷,¥i¥Î,¤@¯ë,Á`¶q¶i¦ì,¾AÀ³¯g: Ãö¸`ª¢¡A ¥Ö½§ª¢¡A ®ð³Ý¡A ¯«¸gµhµ¥,,Indication:Anti-inflammatory.,,¥~ Æ[:1 mL¦wÞÀ¸Ë,Appearance: 1mL ampoule,°ª¦åÀ£¡A®w¿³¤ó¯g¡A¥Ö½§µäÁY¡A¸z­G¯gª¬,Hypertension¡A Cushing's syndrome¡A skin atrophy¡A GI disorders,,¬Ò¥i¥Î,­×§J¦«Äa¿Bª`®g²G,Sivkort Suspension 10mg/1mL,,,§_,¬O,,¥»«~¥u¯à¥H¦Ù¦×©ÎÃö¸`¤ºª`®g¡A ¤£¥i¦æÀR¯ß©Î¥Ö¤ºª`®g,,or IM or Intra-articular injection use only.,,¨Ï¥Î«e¶·¥R¤À¾_·n¨ÏÄa¿B²G§¡¤Ã,Shake ampoule well before use to insure a uniform suspension.,,¤@¯ë,ª`®g,Äµ »y:¥»«~¥u¯à¥H¦Ù¦×©ÎÃö¸`¤ºª`®g¡A¤£¥i¦æÀR¯ß©Î¥Ö¤ºª`®g,,,0,0,¬O,1.0,,§_,¬O,§_,³æ¤è,§_,¥i¥Î,¥i¥Î,¤£¥i¿i,¬O,,1.00,1.00,2.00,2.00,99,99,1,1,16.00,16.00,0,0,,¦³¹Ï¤ù,,0,,0,,H02AB08,,,,,,,,,AMP,,°·«Oµ¹¥I,°·«Oµ¹¥I,TRIAMCINOLONE,H02AB08,AC12527209,§_,Liquid,SOL,,,10.00,mg,1.00,mL,¬Ò¥i,³æ¦¸¿éª`,PH036,201811021409,18.90,25.00
ISIV4,20140106,99999999,°±¥Î,SIVKORT Suspension 400mg/10mL,SIVKORT Suspension 400mg/10mL,Triamcinolone,IM,ST,HM,HR-01-00,°w¾¯,ML,,«D²Õ®M,°±¥Î,,¤@¯ë¥i¥Î,¬O,¤£¥i¥ÎÃÄ¥]¾÷,¥i¥Î,¤@¯ë,¦¸­p¶q¶i¦ì,¾AÀ³¯g:Ãö¸`ª¢¡A ¥Ö½§ª¢¡A ®ð³Ý¡A ¯«¸gµhµ¥,,Indication:Anti-inflammatory.,,¥~ Æ[:10 mL Vial¡A ¬õ¦â¦rÅé¦L¨ê,Appearance: 10 mL vial,°ª¦åÀ£¡A®w¿³¤ó¯g¡A¥Ö½§µäÁY¡A¸z­G¯gª¬,Hypertension¡A Cushing's syndrome¡A skin atrophy¡A GI disorders,,¬Ò¥i¥Î,­×§J¦«Äa¿Bª`®g²G40¤½µ·,SIVKORT Suspension 400mg/10m,,,§_,¬O,,¥»«~¥u¯à¥H¦Ù¦×©ÎÃö¸`¤ºª`®g¡A ¤£¥i¦æÀR¯ß©Î¥Ö¤ºª`®g,,for IM or Intra-articular injection use only.,,¨Ï¥Î«e¶·¥R¤À¾_·n¨ÏÄa¿B²G§¡¤Ã,Shake ampoule well before use to insure a uniform suspension.,,¤@¯ë,¤@¯ë,Äµ »y:¥»«~¥u¯à¥H¦Ù¦×©ÎÃö¸`¤ºª`®g¡A¤£¥i¦æÀR¯ß©Î¥Ö¤ºª`®g,,,0,0,§_,10.0,,§_,§_,§_,³æ¤è,§_,¥i¥Î,¥i¥Î,¤£¥i¿i,¬O,,1.00,1.00,2.00,2.00,99,99,1,1,4.00,4.00,0,0,,¦³¹Ï¤ù,,0,,0,,H02AB08,,,,,,,,,VIAL,,°·«Oµ¹¥I,°·«Oµ¹¥I,TRIAMCINOLONE,H02AB08,A016963229,§_,Liquid,SOL,,,,,,,¬Ò¥i,³æ¦¸¿éª`,PH008,201405191548,57.00,71.00
ISKY,20201215,99999999,¥i¥Î,Skyrizi 75mg/0.83mL pre-filled syringe,Skyrizi 75mg/0.83mL pre-filled syringe,Risankizumab,SC,ASORDER,HIMM,IM-04-00,°w¾¯,¤ä,Skyrizi,«D²Õ®M,Á{±ÄÃÄ¡A½Ð³qª¾ÃÄ§½¥~ÁÊ,,¥»°|Á{±Ä²M³æ,¬O,¥i¥ÎÃÄ¥]¾÷,±ø¥ó¤Uµ¹¥I,¤@¯ë,¦¸­p¶q¶i¦ì,¾AÀ³¯g:¾A¦X±µ¨ü¥þ¨­©ÊªvÀøªº¤¤«×¦Ü­««×´³¶ô©Ê°®Å~¦¨¤H¯f¤H¡C,,Indication:Adults with moderate to severe plaque psoriasis,,¥~ Æ[:°wµ©¸Ëª`®g¾¯,Appearance:Pre-filled injection syringe,¤W©I§l¹D·P¬V¡A ¯h­Â¡A ÀYµh¡A µo¼ö¡A ª`®g³¡¦ì¤ÏÀ³,Flu-like symptoms¡A fatigue¡A headache¡A fever¡A injection site reaction,,¥u¥Î©óªù¶E¤Î¦í°|STAT,³ß¶}®® 75mg°wµ©¸Ëª`®g¾¯,Skyrizi 75mg/0.83mL Pre-fill,,,,¬O,,¦pªGµo¥ÍÄY­«·P¬V¯gª¬¡A½Ð¥ß§YÁpµ¸Âå®v©Î´NÂå,¤k©Ê©óªvÀø´Á¶¡¤Î¨ä«á21¶gÀ³Á×¥¥,Talk to your doctor immediately if you have symptoms of a serious infection,Female should prevent pregnancy during treatment and 21 weeks thereafter.,½Ð¸m©óÄá¤ó 2-8 «×¦B½c§NÂÃ¡C¬°¤F¹F¦¨§¹¾ã¾¯¶q¡A»Ý­n¨Ì§Çª`®g¨â¦¸¡C,Store in a refrigerator (2-8¢XC). For a full dose¡A 2 injections are required.,,¤@¯ë,ª`®g,¦pªGµo¥ÍÄY­«·P¬V¯gª¬¡A½Ð¥ß§YÁpµ¸Âå®v©Î´NÂå,,,0,0,§_,1.0,,§_,¬O,§_,³æ¤è,§_,°±¥Î,°±¥Î,¤£¥i¿i,§_,,2.00,2.00,2.00,2.00,90,28,28,28,2.00,2.00,0,0,,¦³¹Ï¤ù,,0,,0,,L04AC18,,,,,0,,0,,¤ä,¬O,°·«Oµ¹¥I,°·«Oµ¹¥I,RISANKIZUMAB,L04AC18,KC011092BK,§_,Liquid,SOL,,,75.00,mg,0.83,mL,,,PH047,202401101419,52023.00,62428.00
ISLIP,20230524,99999999,¥i¥Î,SMOFlipid inj 20% 250mL,SMOFlipid inj 20% 250mL,MCT + Fish oil + Olive oil + Soybean oil,IVD,,NUTR,NU-04-03,°w¾¯,BOT,intrafat,«D²Õ®M,,,¤@¯ë¥i¥Î,¬O,¥i¥ÎÃÄ¥]¾÷,±ø¥ó¤Uµ¹¥I,¤@¯ë,Á`¶q¶i¦ì,¾AÀ³¯g:ÀR¯ßÀç¾iªvÀø±wªÌ¤§¼ö¶q©M¥²»Ý¯×ªÕ»Ä¨Ñµ¹¡C,,Indication:Provide calories (fat) in nutritional support.,,¥~ Æ[:¨Å¥Õ¦â250mL²~¸Ë,Appearance: 250mL glass bottle,¯Ê¥F­¹¼¤¡Bäú¤ß¡B¹Ã¦R¡B´HÅ¸¡B°ª¦å¿}¡B¹L±Ó¤ÏÀ³¡B©I§l§xÃø¡BÁx¥ÄÆ{¿n¡C,Lack of appetite¡A nausea¡A vomiting¡A shivering¡A hyperglycemia¡A cholestasis.,,¬Ò¥i¥Î,´µ²ö¯×ªÕÀR¯ß¿éª`²G,SMOFlipid inj 20% 250mL,,,,¬O,,¨Ï¥Î«e¶·½T»{¨Å¾¯¨S¦³¼h¬Û¤ÀÂ÷©Î¨I¾ýª«¡A§e§¡½èª¬ºA¤~¥i¨Ï¥Î¡C,,Inspect to ensure there are no precipitates or phase separation before use.,,¥Î©ó·s¥Í¨à©M2·³¥H¤U¨àµ£®É¡A·»²G©M¿é²G³UÀ³Á×¥úª½¦Üµ¹ÃÄ§¹¦¨¡C,Protect from light during administration for patients under 2 years old.,202305 ILIP20¯Ê³f´À¥N,¤@¯ë,ª`®g,Äµ »y: ¥»«~³Ì¤j¿éª`³t²v¬° 0.75 mL/kg/hour (À¦¨à 0.625 mL/kg/hour),,,0,0,¬O,1.0,¦³,§_,¬O,§_,½Æ¤è,§_,°±¥Î,°±¥Î,¤£¥i¿i,¬O,,1.00,1.00,1.00,1.00,7,7,1,1,1.00,1.00,0.04,0.04,,¦³¹Ï¤ù,,50.00,GM,0,Infants: 0.5-3 gm of fat/kg/day; infusion rate <= 0.125 gm of fat/kg/hour.,B05BA02,,,,,0,,0,,BOT,,°·«Oµ¹¥I,°·«Oµ¹¥I,FAT EMULSIONS MCT/LCT (§t£s-3 FATTY ACID),B05BA02,BC24519265,§_,Liquid,IVSOL,,,50.00,GM,250.00,mL,¤£»Ýµ}ÄÀ,³æ¦¸¿éª`,PH022,202308171549,142.00,170.00
ISLIP1,20231220,99999999,¥i¥Î,SMOFlipid (¤p¨àTPN¥Î100mL¡A 20%),SMOFlipid (¤p¨àTPN¥Î100mL¡A 20%),MCT + Fish oil + Olive oil + Soybean oil,IVD,4PM,NUTR,NU-04-03,°w¾¯,ML,intrafat,«D²Õ®M,,,¤@¯ë¥i¥Î,¬O,¤£¥i¥ÎÃÄ¥]¾÷,±ø¥ó¤Uµ¹¥I,¤£¦LÃÄÅÒ,Á`¶q¶i¦ì,¾AÀ³¯g:ÀR¯ßÀç¾iªvÀø±wªÌ¤§¼ö¶q©M¥²»Ý¯×ªÕ»Ä¨Ñµ¹¡C,,Indication: Provide calories (fat) in nutritional support.,,¥~ Æ[: 100mL¬Á¼þ²~¸Ë§t¨Å¥Õ¦â·»²G,Appearance: 100mL glass bottle with milky-white solution.,¯Ê¥F­¹¼¤¡Bäú¤ß¡B¹Ã¦R¡B´HÅ¸¡B°ª¦å¿}¡B¹L±Ó¤ÏÀ³¡B©I§l§xÃø¡BÁx¥ÄÆ{¿n¡C,Lack of appetite¡A nausea¡A vomiting¡A shivering¡A hyperglycemia¡A cholestasis.,,¬Ò¥i¥Î,´µ²ö¯×ªÕÀR¯ß¿éª`²G20% 100mL,SMOFlipid (¤p¨àTPN¥Î100mL¡A 20%),,,,¬O,,¨Ï¥Î«e¶·½T»{¨Å¾¯¨S¦³¼h¬Û¤ÀÂ÷©Î¨I¾ýª«¡A§e§¡½èª¬ºA¤~¥i¨Ï¥Î¡C,,Inspect to ensure there are no precipitates or phase separation before use.,,¥Î©ó·s¥Í¨à©M2·³¥H¤U¨àµ£®É¡A·»²G©M¿é²G³UÀ³Á×¥úª½¦Üµ¹ÃÄ§¹¦¨¡C,Protect from light during administration for patients under 2 years old.,2023Q4ÃÄ©e·s¶i ¨ú¥NILIP21,¤@¯ë,ª`®g,Äµ »y: ¥»«~³Ì¤j¿éª`³t²v¬° 0.75 mL/kg/hour (À¦¨à 0.625 mL/kg/hour),,,0,0,§_,100.0,¦³,§_,¬O,¬O,½Æ¤è,§_,°±¥Î,°±¥Î,¤£¥i¿i,§_,,0,0,100.00,100.00,999,999,1,1,200.00,200.00,0,0,,¦³¹Ï¤ù,,0,,0,Maximum Infant: 15mL/kg/day; Child: 10mL/kg/day,B05BA02,,,,,,,,,BOT,,°·«Oµ¹¥I,°·«Oµ¹¥I,FAT EMULSIONS MCT/LCT (§t£s-3 FATTY ACID),B05BA02,BC24519255,§_,Liquid,IVSOL,,,20.00,GM,100.00,mL,¬Ò¥i,³æ¦¸¿éª`,PH008,202403071648,141.00,169.00
ISLQ,20230330,99999999,¥i¥Î,Soliqua inj 100 Unit/50mcg/mL 3mL Pen,Soliqua inj 100 Unit/50mcg/mL 3mL Pen,Insulin glargine + Lixisenatide,SC,,META,ME-01-02,°w¾¯,UNIT,Insulin + GLP-1 Analogue,«D²Õ®M,,,¤@¯ë¥i¥Î,¬O,¥i¥ÎÃÄ¥]¾÷,±ø¥ó¤Uµ¹¥I,¤@¯ë,Á`¶q¶i¦ì,¾AÀ³¯g: ¿}§¿¯f¥ÎÃÄ¡C,,Indication: Control of hyperglycemia.,,¥~ Æ[:¶À¦â¹w¶ñ¥Rª`®gµ§¡A¥Õ¦â¼ÐÅÒ,Appearance: Yellow prefilled pen with white label,§C¦å¿}¡BÀY·w¡Bäú¤ß¡B¸¡Âm¡Bª`®g³¡¦ì¤ÏÀ³¡C,Hypoglycaemia¡A dizziness¡A nausea¡A diarrhea¡A injection site reaction.,,¬Ò¥i¥Î,²n¯Ø¹Fª`®g¾¯,Soliqua inj 100Unit/50mcg/mL,,,,¬O,,½Ð©T©w¨C¤é¦b¦P¤@À\ªºÀ\«e1¤p®É¤ºª`®g¡C,½Ð¤Åµ}ÄÀ¥»ÃÄ©Î±N¨ä»P¥ô¦ó¨ä¥L¯Ø®q¯ÀÃÄ²V¦X¡C,Administer within 1 hour before the same meal each day.,Do not dilute or mix with any insulin products or other solutions.,¥¼¶}«Ê®ÉÀ³Á×¥úÀx¦s©ó¦B½c(2-8¢XC)¡C¤£¥i§N­á¡C,Before opening¡A store away from light in a refrigerator (2-8¢XC). Do not freeze.,2023Q1 ÃÄ©e·s¶i,¤@¯ë,ª`®g,¥¼¶}«Ê»Ý§NÂÃ(2-8¢XC)¡C¶}«Ê«á¸m«Ç·Å<25¢XC«O¦s28¤Ñ©Î<30¢XC«O¦s14¤Ñ¡C,,,0,0,§_,300.0,,§_,¬O,§_,½Æ¤è,§_,¥i¥Î,¥i¥Î,¤£¥i¿i,¬O,,1.00,1.00,40.00,40.00,120,120,28,1,40.00,40.00,0,0,0,¦³¹Ï¤ù,,0,,0,,A10AE54,A10AE04,A10BJ03,,,0,,0,,¤ä,§_,°·«Oµ¹¥I,°·«Oµ¹¥I,INSULIN GLARGINE,A10AE54,KC01080216,§_,Liquid,SOL,,,300.00,U,3.00,mL,,,PH047,202310231453,886.00,1063.00
ISM1,20090924,99999999,°±¥Î,SM inj 1gm (¬F©²´£¨Ñ),SM inj 1gm (¬F©²´£¨Ñ),Streptomycin,IM,QD,QANB,AI-01-03,°w¾¯,VAL,Streptomycin,«D²Õ®M,°±¥Î¡A¥i¬dÃþ¦üÃÄ,,¤w°±¥Î,¬O,¤£¥i¥ÎÃÄ¥]¾÷,°·«O¤£µ¹¥I,¦C¦Lªù¶EÃÄÅÒ,¦¸­p¶q¶i¦ì,¾AÀ³¯g:²Óµß©Ê·P¬V,,Indication: antibiotic for infection.,,¥~ Æ[:³z©ú¤p²~(VAIL)¡Aºñ¦â¥~»\¡A¥Õ¦â¥~¶K¯È¡Aºñ¦â¬õ¦â¦r¼Ë,,,,¤@¯ëÃþ§Ü¥Í¯À,¥u¥Î©óªù¶E,ÃìÅð¯À1§Jª`®g¾¯,SM inj 1gm (¬F©²´£¨Ñ),,,§_,¬O,,,,,,,,,¤@¯ë,¤@¯ë,Äµ »y: ­Yµo¥ÍÄY­«¹L±Ó©Îµo¯lµ¥¤£¾A¯gª¬¡AÀ³§Y°±ÃÄ¨Ã½Ð±ÐÂå®v,,,,,§_,1.0,,§_,§_,¬O,³æ¤è,§_,°±¥Î,¥i¥Î,¤£¥i¿i,§_,,1.00,1.00,1.00,1.00,30,30,1,1,0,0,0,0,,µL¹Ï¤ù,,0,,0,,J01GA01,,,,,1.00,g,1.00,g,VIAL,§_,°·«O¤£¥Ó³ø¤£­p»ù,°·«O¤£¥Ó³ø¤£­p»ù,,,,§_,Liquid,SOL,,,,,,,¬Ò¥i,³æ¦¸¿éª`,PH047,202401261225,0,0
ISOBI,20111208,99999999,¥i¥Î,NaHCO3 (Rolikan) inj 7% 20mL,NaHCO3 (Rolikan) inj 7% 20mL,Sodium Bicarbonate,IVPUSH,,NUTR,NU-04-04,°w¾¯,AMP,Jusomin,«D²Õ®M,,,¤@¯ë¥i¥Î,¬O,¥i¥ÎÃÄ¥]¾÷,,¤@¯ë,¦¸­p¶q¶i¦ì,¾AÀ³¯g:ªvÀø¥NÁÂ©Ê»Ä¤¤¬r¤ÎÃÄ«~¸Ñ¬r¾¯,,Indication:Treatment of metabolic acidosis & drug intoxicati,,¥~ Æ[:³z©ú¦wÞÀ(amp)¡A µµ¦â¦r¼Ë,,¹L¶q§ë»P¥i¯à·|³y¦¨§C¦å¹[¤Î¥NÁÂ©ÊÆP¤¤¬r,Excessive administration may cause hypokalaemia & metabolic alkalosis,,¬Ò¥i¥Î,¼ÖÄR±dª`®g²G (ºÒ»Ä²B¶u),NaHCO3 (Rolikan) inj 7% 20mL,,,§_,¬O,,¨Ï¥Î«e½Ð¦AÀËµø¡A½T©wµL²§ª««á¡A¤è¥i¨Ï¥Î,,Before using¡A check the solution without any foreign matter.,,,,,¤@¯ë,ª`®g,Äµ»y:¨Ï¥Î«e½Ð¦AÀËµø¡A½T©wµL²§ª««á¡A¤è¥i¨Ï¥Î,,ª`®g¾¯,0,0,¬O,1.0,,§_,¬O,§_,³æ¤è,§_,°±¥Î,¥i¥Î,¤£¥i¿i,¬O,,1.00,1.00,30.00,30.00,30,30,1,1,30.00,30.00,3.00,3.00,,¦³¹Ï¤ù,,0,,0,,B05XA02,,,,,,,,,AMP,,°·«Oµ¹¥I,°·«Oµ¹¥I,SODIUM BICARBONATE,B05XA02,AC27456238,§_,Liquid,IVSOL,,,1400.00,mg,20.00,mL,¬Ò¥i,³æ¦¸¿éª`,PH034,202012021531,15.00,20.00
ISOLC,19960101,99999999,°±¥Î,Solu-Cortef inj 100mg,Solu-Cortef inj 100mg,Hydrocortisone,IV,,HM,HR-01-00,°w¾¯,VAL,Solu-Cortef,«D²Õ®M,°±¥Î¡A¥i¬dÃþ¦üÃÄ,,¤w°±¥Î,¬O,¥i¥ÎÃÄ¥]¾÷,,¤@¯ë,Á`¶q¶i¦ì,¾AÀ³¯g:¤ä®ðºÞ©Ê®ð³Ý¡B¹L±Ó,,,,,,,,,,µÎ¦¼©TÅé½§·Àµßª`®g¯»¾¯,Solu-Cortef inj 100mg,,,§_,¬O,,,,,,,,¥u­­§¤¤ë¤l¤¤¤ß¦³±`³ÆÃÄ¡A¥Ñ³æ¦ì¦VÃÄ®w¥Ó½Ð¡C,¤@¯ë,ª`®g,Äµ »y:°£Âå®v«ü¥Ü¥~¡A½Ð¤Åªø´Á©Î±K¶°¦a«ùÄò¨Ï¥Î,,,,,¬O,1.0,,§_,§_,§_,³æ¤è,§_,°±¥Î,¥i¥Î,¤£¥i¿i,¬O,,1.00,1.00,5.00,5.00,999,999,1,1,0,0,0,0,,µL¹Ï¤ù,,0,,0,,H02AB09,,,,,,,,,VAL,§_,°·«Oµ¹¥I,°·«Oµ¹¥I,HYDROCORTISONE,H02AB09,BC18167255,§_,Liquid,IVSOL,,,100.00,mg,,,¬Ò¥i,³æ¦¸¿éª`,PH006,202106091015,35.30,46.00
ISOLM,19960101,99999999,°±¥Î,Solu-Medrol inj 40mg,Solu-Medrol inj 40mg,Methylprednisolone,,,HM,HR-01-00,°w¾¯,VAL,Solu-Medrol,«D²Õ®M,°±¥Î,IMET4,¤@¯ë¥i¥Î,¬O,¥i¥ÎÃÄ¥]¾÷,,¤@¯ë,¦¸­p¶q¶i¦ì,¾AÀ³¯g:¤ä®ðºÞ©Ê®ð³Ý¡A ¹L±Ó¡A ®øª¢,,Indication:asthma¡A allergic reaction,,¥~ Æ[:³z©ú¤p²~(vial)¡A ¥Õ¦â¥~»\¡A ¥Õ¦â¥~¶K¯È,,¸z­G¤£¾A¡A ®ø¤Æ©Ê¼ìºÅ,GI upsets¡A peptic ulcer,,,µÎ¦¼¬ü¨ô¦öª`®g¾¯,Solu-Medrol 40mg,,,§_,¬O,,°£Âå®v«ü¥Ü¥~¡A ½Ð¤Åªø´Á©Î±K¶°¦a«ùÄò¨Ï¥Î,,Follow doctor's advice. Do not use this medicine for long term.,,,,,¤@¯ë,ª`®g,Äµ »y:°£Âå®v«ü¥Ü¥~¡A½Ð¤Åªø´Á©Î±K¶°¦a«ùÄò¨Ï¥Î,,,,,,1.0,,§_,¬O,§_,³æ¤è,§_,¥i¥Î,¥i¥Î,¤£¥i¿i,¬O,,1.00,1.00,50.00,50.00,999,999,1,1,90.00,90.00,0.75,0.75,,¦³¹Ï¤ù,,40.00,mg,0,0.1-2 mg/Kg/day,H02AB04,,,,,,,,,VAL,§_,°·«Oµ¹¥I,°·«Oµ¹¥I,METHYLPREDNISOLONE,H02AB04,BC04248245,§_,Liquid,IVSOL,,,40.00,mg,1.00,mL,¬Ò¥i,³æ¦¸¿éª`,PH006,202307281519,39.30,51.00
ISOMA,19960101,99999999,°±¥Î,Somatosan 3mg,Somatosan 3mg,Somatostatin,IV,,HM,HR-04-00,°w¾¯,AMP,Somatosan,«D²Õ®M,°±¥Î,,¤w°±¥Î,¬O,¤£¥i¥ÎÃÄ¥]¾÷,­­¥Î,¤@¯ë,¦¸­p¶q¶i¦ì,¾AÀ³¯g:«æ©Ê¼ìºÅ©Ê®ø¤Æ¹D¥X¦å¡B«æ©Ê¯ØÅ¦ª¢¨Öµo¯g¤§¹w¨¾,,Indication:Severe acute hemorrhage from esophageal varices.,,,,§C¦å¿}¿}§¿¯f,Hypoglycemia in diabetes.,,,³t§´µ½,Somatosan 3mg,,,§_,¬O,,,,,,,,,¤@¯ë,ª`®g,Äµ »y:¹ïÁDÓiÃÄ¹L±ÓªÌ¸T¥Î,,,,,¬O,1.0,,§_,§_,§_,³æ¤è,§_,¥i¥Î,¥i¥Î,¤£¥i¿i,¬O,,1.00,1.00,999.00,999.00,3,3,1,1,0,0,0,0,,µL¹Ï¤ù,,0,,0,,H01CB01,,,,,,,,,AMP,§_,°·«Oµ¹¥I,°·«Oµ¹¥I,SOMATOSTATIN,H01CB01,B021191216,§_,Liquid,IVSOL,,,,,,,¬Ò¥i,³æ¦¸¿éª`,PH008,201505121938,4441.00,5329.00
ISONA,20181001,99999999,¥i¥Î,Sonazoid inj 8 microliter/mL¡A 2mL,Sonazoid inj 8 microliter/mL¡A 2mL,Perfluorobutane microbubbles,IVPUSH,STAT,SCAN,VS-01-04,°w¾¯,Vial,Sonazoid ultrasound contrast agent,«D²Õ®M,,,³æ¦ìÁ{±Ä,¬O,¥i¥ÎÃÄ¥]¾÷,¥i¥Î,¤£¦LÃÄÅÒ,¦¸­p¶q¶i¦ì,¾AÀ³¯g:¶W­µªi¹ï¤ñ¾¯,,Indication:Contrast agents.,,¥~ Æ[: ­á´¹°®¯»¤p²~ + µ}ÄÀ²G,Appearance: powder in a Vial + diluted solution,ÀYµh¡B¸¡Âm¡Bäú¤ß¡B¹Ã¦R¡B¸¡µh¡Bµo¿N,Headache¡A diarrhea¡A nausea¡A vomiting¡A abdominal pain¡A fever,,¬Ò¥i¥Î,¥ß±ô¼vª`®g¾¯8·L¤É/²@¤É,Sonazoid inj 8 microliter/mL,,,,¬O,,Äa²G¦b°t»s«á2¤p®É¤º¨Ï¥Î,»ÝÀx¦s¦b25«×¥H¤U¡A½Ð¤Å§NÂÃ,Use the medicine within 2 hours after preparing.,Store in room temperature. Don't refridgerate.,½Ð¿í·ÓÂå®v«ü¥Ü¨Ï¥Î¡A ­Yµo¥ÍºÃ¦üÃÄª«¤£¨}¤ÏÀ³½Ð§iª¾Âå¥Í,Follow doctor's advice. Check with doctor if you notice any side effects.,,¤@¯ë,ª`®g,Äa²G¦b°t»s«á2¤p®É¤º¨Ï¥Î¡C»ÝÀx¦s¦b25«×¥H¤U¡A½Ð¤Å§NÂÃ,Äµ °ªÄµ°T,,0,0,§_,1.0,,§_,¬O,¬O,³æ¤è,§_,°±¥Î,°±¥Î,¤£¥i¿i,¬O,,1.00,1.00,1.00,1.00,1,1,1,1,1.00,1.00,0,0,,µL¹Ï¤ù,,0,,0,,V08DA06,,,,,0,,0,,VIAL,§_,¤£µ¹¥I¶·¦Û¥I,¤£µ¹¥I¶·¦Û¥I,,,,§_,Liquid,IVSOL,,,0,,2.00,mL,¤£»Ýµ}ÄÀ,³æ¦¸¿éª`,PH049,202111011342,0,7200.00
ISONV,20221223,99999999,¥i¥Î,SonoVue inj 60.7mg,SonoVue inj 60.7mg,Sulphur hexafluoride microbubbles,IVPUSH,STAT,SCAN,VS-01-04,°w¾¯,Vial,SonoVue,«D²Õ®M,Á{±ÄÃÄ¡A½Ð³qª¾ÃÄ§½¥~ÁÊ,,¥»°|Á{±Ä²M³æ,¬O,¥i¥ÎÃÄ¥]¾÷,°·«O¤£µ¹¥I,¤@¯ë,Á`¶q¶i¦ì,¾AÀ³¯g:³y¼v¾¯,,Indication:Contrast agents.,,¥~ Æ[:³z©ú¤p²~§t­á´¹°®¯»¤ÎÃÄª«®ðÅé,Appearance:Vial with Lyophilized powder/medication gas.,ÀYµh¡Aäú¤ß,headache¡A nausea,,¥u¥Î©óªù¶E¤Î¦í°|STAT,Án¿Õ©ú (¶W­µªiÅã¼v¾¯),SonoVue inj 60.7mg,,,,¬O,,¥»ÃÄ¤£¥i°Ê¯ß¤ºµ¹ÃÄ,,Do not administer SonoVue by intra-arterial injection,,µ¹ÃÄ«á½Ð±K¤ÁÆ[¹î¯f±w¤ÏÀ³¦Ü¤Ö30¤ÀÄÁ,Monitor patients' reactions within 30 minutes of administration.,2022.12­Ó®×Á{±Ä,¤@¯ë,ª`®g,¥»ÃÄ¤£¥i°Ê¯ß¤ºµ¹ÃÄ,Äµ °ªÄµ°T,,0,0,§_,1.0,,§_,¬O,¬O,³æ¤è,,°±¥Î,°±¥Î,¤£¥i¿i,§_,,1.00,1.00,1.00,1.00,1,1,1,1,1.00,1.00,0,0,,µL¹Ï¤ù,,0,,0,,V08DA05,,,,,0,,0,,VIAL,§_,¤£µ¹¥I¶·¦Û¥I,¤£µ¹¥I¶·¦Û¥I,,,,§_,Liquid,IVSOL,,,60.70,mg,0,mL,¥²¶·µ}ÄÀ,³æ¦¸¿éª`,PH008,202304251440,0,8000.00
ISOO,20060925,99999999,¥i¥Î,Soonmelt inj 600mg,Soonmelt inj 600mg,Amoxicillin + Clavulanic Acid,IVD,,QANB,AI-01-01,°w¾¯,VAL,Augmentin,«D²Õ®M,,IAUG,¤@¯ë¥i¥Î,¬O,¥i¥ÎÃÄ¥]¾÷,­­¥Î,¤@¯ë,¦¸­p¶q¶i¦ì,¾AÀ³¯g:²Óµß©Ê·P¬V,,Indications:Bacterial infection.,,¥~ Æ[:³z©ú¬Á¼þ¤p²~¡A¶À¦â»\¤l¡C,,»´·L¸¡Âm¡A ÀYµh¡A ­Gµh¡A ¸¡µÈ ¡A ´HÅ¸,Diarrhea (mild)¡A hedache¡A stomach pain¡A swelling of abdomen¡A chills.,¤@¯ëÃþ§Ü¥Í¯À,,Âù¦XÅð¯À ÀR¯ßª`®g¾¯,Soonmelt inj 600mg,,,§_,¬O,,µÇ¥\¯à¤£¨¬ªÌ»Ý½Õ¾ã¾¯¶q,,Adjust dosage in renal impairment patients,,,,,¤@¯ë,ª`®g,Äµ »y: ­Yµo¥ÍÄY­«¹L±Ó©Îµo¯lµ¥¤£¾A¯gª¬¡AÀ³§Y°±ÃÄ¨Ã½Ð±ÐÂå®v,,ª`®g¾¯,,,§_,1.0,,§_,¬O,§_,½Æ¤è,§_,¥i¥Î,¥i¥Î,¤£¥i¿i,¬O,,1.00,1.00,4.00,4.00,7,7,1,1,16.00,16.00,0.30,0.10,,¦³¹Ï¤ù,D/W,600.00,mg,0,(75+15) mg/Kg/day,J01CR02,J01CA04,,,,0.50,g,3.00,g,VAL,,°·«Oµ¹¥I,°·«Oµ¹¥I,AMOXICILLIN 500MG + CLAVULANIC ACID 100MG,J01CR02,AC44070280,§_,Liquid,IVSOL,,,600.00,mg,,,¥²¶·µ}ÄÀ,³æ¦¸¿éª`,PH047,202403081052,32.30,42.00
ISPAR,19960101,99999999,°±¥Î,Sparteine inj 100mg/1mL,Sparteine inj 100mg/1mL,Sparteine Sulfate (JP),IM,,SGU,UR-02-00,°w¾¯,AMP,Sparteine,«D²Õ®M,°±¥Î¡A¥i¬dÃþ¦üÃÄ,,¤@¯ë¥i¥Î,¬O,¤£¥i¥ÎÃÄ¥]¾÷,,¤@¯ë,¦¸­p¶q¶i¦ì,¾AÀ³¯g:«P¶i¤l®c¦¬ÁY,,,,,,,,,,,Sparteine inj 100mg/1mL,,,§_,¬O,,,,,,,,,¤@¯ë,ª`®g,,,,,,¬O,1.0,,§_,§_,§_,³æ¤è,§_,¥i¥Î,¥i¥Î,¤£¥i¿i,¬O,,1.00,1.00,999.00,999.00,999,999,1,1,0,0,0,0,,µL¹Ï¤ù,,0,,0,,,,,,,,,,,AMP,§_,°·«Oµ¹¥I,°·«Oµ¹¥I,SPARTEINE,C01BA04,A014362209,§_,Liquid,SOL,,,,,,,¬Ò¥i,³æ¦¸¿éª`,PH008,201403201343,1.92,10.00
ISTE,20160228,99999999,¥i¥Î,Stelara inj 45mg/0.5mL,Stelara inj 45mg/0.5mL,Ustekinumab,SC,STAT,TDER,DE-09-00,°w¾¯,Vial,Stelara,«D²Õ®M,Á{±ÄÃÄ¡A½Ð³qª¾ÃÄ§½¥~ÁÊ,,¥»°|Á{±Ä²M³æ,¬O,¥i¥ÎÃÄ¥]¾÷,¥i¥Î,¤@¯ë,¦¸­p¶q¶i¦ì,¾AÀ³¯g:¤¤­««×´³¶ô©Ê°®Å~¡B°®Å~©ÊÃö¸`ª¢¡A§J¶©¤ó¯g¡A¼ìºÅ©Êµ²¸zª¢,,Indication:Treatment of plaque psoriasis¡Apsoriatic arthritis,¡ACrohn¡¦s disease¡A ulcerative colitis,¥~ Æ[:0.5mL¹w¥R¶ñ«¬°wµ©,Appearance: 0.5mL prefilled syringe.,·P¬V¡BÀYµh¡B¯h­Â¡B»ó«|ª¢¡B¹L±Ó¤ÏÀ³,Infection¡A headache¡A fatigue¡A nasopharyngitis¡A allergic reaction,,¥u¥Î©óªù¶E¤Î¦í°|STAT,³ß¹F¿Õª`®g²G45²@§J,Stelara inj 45mg/0.5mL,,,,¬O,,½Ð¸m©óÄá¤ó 2-8 «×¦B½c§NÂÃ,,Store in a refrigerator (2-8¢XC).,,ªvÀø´Á¶¡¤£¥i¨Ï¥Î¬¡©Ê¬Ì­]¡A·|¼W¥[·P¬V­·ÀI¡C,Do not use live vaccines during therapy due to drug-induced immunosuppression,,¤@¯ë,ª`®g,Äµ »y:½Ð¸m©óÄá¤ó 2-8 «×¦B½cÁ×¥ú§NÂÃ«O¦s¡C,,,0,0,§_,1.0,,§_,¬O,§_,³æ¤è,§_,°±¥Î,°±¥Î,¤£¥i¿i,§_,,1.00,1.00,2.00,2.00,28,28,28,28,2.00,2.00,0,0,,¦³¹Ï¤ù,,0,,0,,L04AC05,,,,,0,,0,,VIAL,¬O,°·«Oµ¹¥I,°·«Oµ¹¥I,USTEKINUMAB,L04AC05,KC00957206,§_,Liquid,SOL,,,45.00,mg,0.50,mL,¬Ò¥i,,PH047,202401241409,72099.00,86519.00
ISTE9,20220130,99999999,¥i¥Î,STELARA inj 90mg/1mL,STELARA inj 90mg/1mL,Ustekinumab,SC,STAT,TDER,DE-09-00,°w¾¯,¤ä,Stelara,«D²Õ®M,Á{±ÄÃÄ¡A½Ð³qª¾ÃÄ§½¥~ÁÊ,,­Ó®×Á{±Ä,¬O,¥i¥ÎÃÄ¥]¾÷,¥i¥Î,¤@¯ë,¦¸­p¶q¶i¦ì,¾AÀ³¯g:¤¤­««×´³¶ô©Ê°®Å~¡B°®Å~©ÊÃö¸`ª¢¡A§J¶©¤ó¯g¡A¼ìºÅ©Êµ²¸zª¢,,Indication:Treatment of plaque psoriasis¡Apsoriatic arthritis,¡ACrohn¡¦s disease¡A ulcerative colitis,¥~ Æ[:1mL¹w¥R¶ñ«¬°wµ©,Appearance: 1mL prefilled syringe.,·P¬V¡BÀYµh¡B¯h­Â¡B»ó«|ª¢¡B¹L±Ó¤ÏÀ³,Infection¡A headache¡A fatigue¡A nasopharyngitis¡A allergic reaction,,¥u¥Î©óªù¶E¤Î¦í°|STAT,³ß¹F¿Õª`®g²G90²@§J,STELARA inj 90mg/1mL,,,,¬O,,½Ð¸m©óÄá¤ó 2-8 «×¦B½c§NÂÃ,,Store in a refrigerator (2-8¢XC).,,ªvÀø´Á¶¡¤£¥i¨Ï¥Î¬¡©Ê¬Ì­]¡A·|¼W¥[·P¬V­·ÀI¡C,Do not use live vaccines during therapy due to drug-induced immunosuppression,2022.01­Ó®×Á{±Ä,¤@¯ë,ª`®g,Äµ »y:½Ð¸m©óÄá¤ó 2-8 «×¦B½cÁ×¥ú§NÂÃ«O¦s¡C,,,0,0,§_,1.0,,§_,¬O,§_,³æ¤è,§_,°±¥Î,°±¥Î,¤£¥i¿i,§_,,1.00,1.00,1.00,1.00,28,28,28,28,1.00,1.00,0,0,,µL¹Ï¤ù,,0,,0,,L04AC05,,,,,0,,0,,¤ä,¬O,°·«Oµ¹¥I,°·«Oµ¹¥I,USTEKINUMAB,L04AC05,KC00957209,§_,Liquid,SOL,,,90.00,mg,1.00,mL,¤£»Ýµ}ÄÀ,,PH008,202202101153,72099.00,86519.00
ISTO,20201202,99999999,¥i¥Î,Stogamet inj 200mg/2mL,Stogamet inj 200mg/2mL,Cimetidine,IVD,Q8H,ALIM,GI-01-03,°w¾¯,AMP,Tagamet,«D²Õ®M,,,¤@¯ë¥i¥Î,¬O,¥i¥ÎÃÄ¥]¾÷,±ø¥ó¤Uµ¹¥I,¤@¯ë,¦¸­p¶q¶i¦ì,¾AÀ³¯g:­G¼ìºÅ¡B¤Q¤G«ü¸z¼ìºÅ,,Indication:Treatment of peptic ulcer,,¥~ Æ[: 2mL¦wÞÀ,Appearance:2 mL ampoule,¸¡Âm¡A¯h­Â¡A·w¯t¡Aµo¯l,Diarrhea¡A fatigue¡A dizziness¡A rash,,¬Ò¥i¥Î,·ç­G±oª`®g²G,Stogamet 200mg,,,,¬O,,ª½±µ¥HÀR¯ß§Ö³tª`®g¡A´¿¦³¤ß«ß¤£¾ã©M§C¦åÀ£ª¬ªpµo¥Í¡C,,Arrhythmia and hypotension have occurred after rapid intravenous injection.,,¦Ñ¤H¡BµÇ¾÷¯à¤£¥þ©Î­«¯g±wªÌ¥i¯àµo¥Íºë¯«²V¶Ã¯gª¬¡A¤p¤ß¨Ï¥Î¡C,May cause confusion in elderly¡A renal impairment or severely ill patients.,2021.01 [IFADI] ¯ÊÃÄ´À¥N,¤@¯ë,¤@¯ë,ª½±µ¥HÀR¯ß§Ö³tª`®g¡A´¿¦³¤ß«ß¤£¾ã©M§C¦åÀ£ª¬ªpµo¥Í¡C,,,0,0,¬O,1.0,,§_,¬O,§_,³æ¤è,§_,°±¥Î,°±¥Î,¤£¥i¿i,¬O,,1.00,1.00,2.00,2.00,3,28,1,1,12.00,12.00,0.20,0.08,,¦³¹Ï¤ù,,200.00,mg,0,2.5 to 5 mg/kg/dose every 6 to 12 hours infuse over 15 to 20 minutes,A02BA01,,,,,0,,0,,AMP,§_,°·«Oµ¹¥I,°·«Oµ¹¥I,CIMETIDINE,A02BA01,AC23844212,,Liquid,IVSOL,,,200.00,mg,2.00,mL,¥²¶·µ}ÄÀ,³æ¦¸¿éª`,PH047,202402140709,15.00,20.00
ISTR,20011008,99999999,°±¥Î,Streptomycin inj 1gm,Streptomycin inj 1gm,Streptomycin,IM,,QANB,AI-01-03,°w¾¯,VAL,Streptomycin,«D²Õ®M,°±¥Î,,¤w°±¥Î,¬O,¥i¥ÎÃÄ¥]¾÷,¥i¥Î,¤@¯ë,Á`¶q¶i¦ì,¾AÀ³¯g:²Óµß©Ê·P¬V,,Indication:Antibiotic for infection.,,¥~ Æ[:³z©ú¤p²~(vial)¡A ºñ¦â¥~»\¡A ¥Õ¦â¥~¶K¯È¡A ºñ¦â¬õ¦â¦r¼Ë,Appearance: White powder in a glass vial,Å¥·l®`¡A µÇ¬r©Ê¡A ­±³¡·PÄ±²§±`,Auditory damage¡A nephrotoxicity¡A paraesthesia of face.,¤@¯ëÃþ§Ü¥Í¯À,¬Ò¥i¥Î,ÃìÅð¯À1§Jª`®g¾¯,Streptomycin inj 1gm,,,§_,¬O,,­Yµo¥ÍÄY­«¹L±Ó©Îµo¯lµ¥¤£¾A¯gª¬¡A À³§Y°±ÃÄ¨Ã½Ð±ÐÂå®v,,Report to doctor¡A if any severe hypersensitivity or skin rash occur.,,,,,¤@¯ë,¤@¯ë,Äµ »y: ­Yµo¥ÍÄY­«¹L±Ó©Îµo¯lµ¥¤£¾A¯gª¬¡AÀ³§Y°±ÃÄ¨Ã½Ð±ÐÂå®v,,,,,¬O,1.0,,§_,§_,§_,³æ¤è,§_,¥i¥Î,¥i¥Î,¤£¥i¿i,¬O,,1.00,1.00,1.00,1.00,14,14,1,1,2.00,2.00,0.08,0.08,,¦³¹Ï¤ù,,0,,0,,J01GA01,,,,,1.00,g,1.00,g,VAL,§_,°·«Oµ¹¥I,°·«Oµ¹¥I,STREPTOMYCIN,J01GA01,N001681209,§_,Liquid,SOL,,,,,,,¬Ò¥i,³æ¦¸¿éª`,PH047,202401261319,52.00,86.00
ISUB,20120625,99999999,¥i¥Î,SUBAcillin inj 1.5gm,SUBAcillin inj 1.5gm,Ampicillin + Sulbactam,IVD,Q8H,QANB,AI-01-01,°w¾¯,VAL,,«D²Õ®M,,,¤@¯ë¥i¥Î,¬O,¥i¥ÎÃÄ¥]¾÷,¥i¥Î,¤@¯ë,¦¸­p¶q¶i¦ì,¾AÀ³¯g:²Óµß©Ê·P¬V,,Indications:Bacterial infection.,,¥~ Æ[:³z©ú¬Á¼þ¤p²~¡Aºñ¦â¤W»\,Appearance: Vial with green cap,ª`®g³¡¦ì¤ÏÀ³¡A ¹L±Ó¤ÏÀ³¡A äú¤ß¡A ¹Ã¦R¡A ¸¡Âm,Inj site reactions¡A hypersensitivity reactions¡A nausea¡A vomiting¡A diarrhea.,¤@¯ëÃþ§Ü¥Í¯À,¬Ò¥i¥Î,Àu¦X¦èªL ª`®g¾¯,Subacillin inj 1.5gm,,,§_,¬O,,µÇ¥\¯à¤£¨¬ªÌ»Ý½Õ¾ã¾¯¶q,,Adjust dosage in renal impairment patients,,,,,¤@¯ë,ª`®g,Äµ »y:µÇ¥\¯à¤£¨¬ªÌ»Ý½Õ¾ã¾¯¶q,SA «÷­µ¬Û¦ü,,0,0,¬O,1.0,,§_,¬O,§_,½Æ¤è,§_,°±¥Î,°±¥Î,¤£¥i¿i,¬O,,1.00,1.00,8.00,8.00,7,7,1,1,8.00,8.00,0.40,0.20,,¦³¹Ï¤ù,,0,,0,,J01CR01,J01CA01,J01CG01,,,1.00,g,2.00,g,VIAL,,°·«Oµ¹¥I,°·«Oµ¹¥I,AMPICILLIN 1000MG + SULBACTAM 500MG,J01CR01,AC46544210,§_,Liquid,IVSOL,,,1500.00,mg,,,¥²¶·µ}ÄÀ,³æ¦¸¿éª`,PH047,202403131633,55.00,69.00
ISUN25,19960101,99999999,°±¥Î,Suntose 2.5% 500mL,Suntose 2.5% 500mL,5% Dextrose in 0.9% Sodium,,,NUTR,NU-04-05,°w¾¯,BOT,,«D²Õ®M,°±¥Î¡A¥i¬dÃþ¦üÃÄ,,¤@¯ë¥i¥Î,¬O,¤£¥i¥ÎÃÄ¥]¾÷,,¤£¦LÃÄÅÒ,Á`¶q¶i¦ì,¾AÀ³¯g:¬°¹q¸Ñ½è£¿¸²µå¿}¸É¥R²G,,,,,,,,,,,Suntose 2.5% 500mL,,,§_,¬O,,,,,,,,,¤@¯ë,ª`®g,,,,,,¬O,1.0,,§_,§_,§_,³æ¤è,§_,¥i¥Î,¥i¥Î,¤£¥i¿i,¬O,,1.00,1.00,999.00,25.00,999,999,1,1,0,0,0,0,,µL¹Ï¤ù,,0,,0,,,,,,,,,,,BOT,§_,°·«Oµ¹¥I,°·«Oµ¹¥I,DEXTROSE<= 50MG/ML + SODIUM CHLORIDE 3.0-4.5MG/ML,B05BB02,A029960277,§_,Liquid,IVSOL,,,,,,,¬Ò¥i,³æ¦¸¿éª`,PH008,201403201343,30.50,46.00
ISUP,20220907,99999999,¥i¥Î,Supren inj 8mg/4mL,Supren inj 8mg/4mL,Ondansetron,IM,,CNEU,CN-03-08,°w¾¯,AMP,Zofran,«D²Õ®M,,,¤@¯ë¥i¥Î,¬O,¤£¥i¥ÎÃÄ¥]¾÷,±ø¥ó¤Uµ¹¥I,¤@¯ë,¦¸­p¶q¶i¦ì,À³¯g:¹w¨¾¤ÎªvÀø¸~½F¤Æ¾Ç¡A©ñ®gÀøªk©Î¤â³N¤Þ°_¤§äú¤ß¹Ã¦R,,Indication:Prevention or treatment of nausea and vomiting,,¥~ Æ[:4mL¦wÞÀ,Appearance:4mL ampoule,«K¯µ¡A¸¡Âm¡A¤f°®,Constipation¡A Diarrhea¡A Xerostomia,,¥u¥Î©ó¦í°|,Ä¬´¶·çª`®g¾¯,Supren inj 8mg/4mL,,,,¬O,,¸T¤î»Papomorphine¦X¨Ö¨Ï¥Î¡C,,Do not combine with apomorphine.,,§C¦åÀ£¡A¤ß«ß¤£¾ã¯f¥v¯f±w½ÐÂÔ·V¥ÎÃÄ,Use with caution in patients with hypotension or arrhythmia.,202312 ¶}©ñµ¹³Â¾K¬ì¥H¥~³æ¦ì¨Ï¥Î,¤@¯ë,ª`®g,¸T¤î»Papomorphine¦X¨Ö¨Ï¥Î,,,0,0,§_,1.0,,§_,¬O,§_,³æ¤è,§_,°±¥Î,°±¥Î,¤£¥i¿i,¬O,,1.00,1.00,2.00,2.00,1,1,1,1,2.00,2.00,0,0,,¦³¹Ï¤ù,,0,,0,,A04AA01,,,,,0,,0,,AMP,§_,°·«Oµ¹¥I,°·«Oµ¹¥I,ONDANSETRON,A04AA01,AC39944219,§_,Liquid,IVSOL,,,8.00,mg,4.00,mL,¬Ò¥i,³æ¦¸¿éª`,PH047,202312151048,79.00,99.00
ISUS,20090601,99999999,¥i¥Î,Sustanon inj (Testosterone250mg/1mL),Sustanon inj (Testosterone250mg/1mL),Testosterone,IM,,HM,HR-03-01,°w¾¯,AMP,Testosterone,«D²Õ®M,,,¤@¯ë¥i¥Î,¬O,¤£¥i¥ÎÃÄ¥]¾÷,¥i¥Î,¤@¯ë,Á`¶q¶i¦ì,¾AÀ³¯g:¶¯©Ê¿E¯À¯Ê¥F¯g,,Indication:Male hormone supplement.,,¥~ Æ[:1 mL ¦wÞÀ¸Ë¡A¥Õ¦â¥~¶K¯È,,«C¬Kµk¡A ¨rÀY¡A §½³¡¹L±Ó¡A µL¤O¡A §íÆ{,Acne¡A alopecia¡A application site reaction¡A asthenia¡A depression,,¥u¥Î©óªù¶E¤Î¦í°|STAT,ªø¤O¤j¶¯ª`®g¾¯,Sustanon inj (Testosterone),,,§_,¬O,,«Äµ£¡A ¥¥°ü¤Î±Â¨Å°üÀ³Á×§K¨Ï¥Î¥»«~,,Avoid using this medicine in children¡A pregnant or breastfeeding women.,,,,,¤@¯ë,ª`®g,Äµ »y:«Äµ£¡B¥¥°ü¤Î±Â¨Å°üÀ³Á×§K¨Ï¥Î¥»«~,,,,,¬O,1.0,,§_,¬O,§_,½Æ¤è,§_,¥i¥Î,¥i¥Î,¤£¥i¿i,¬O,,1.00,1.00,2.00,2.00,999,999,1,1,2.00,2.00,0,0,,¦³¹Ï¤ù,,0,,0,,G03BA03,,,,,,,,,AMP,,°·«Oµ¹¥I,°·«Oµ¹¥I,TESTOSTERONE 100MG/ML + TESTOSTERONE ISOCAPROATE 60MG/ML + TESTOSTERONE PROPIONATE 90MG/ML,G03BA,BC15467209,§_,Liquid,SOL,¦M®`¤G¯Å(¡I),,250.00,mg,1.00,mL,¬Ò¥i,³æ¦¸¿éª`,PH032,202103231900,191.00,229.00
ISUX,20131216,99999999,°±¥Î,Suxamethonium inj 100mg/2mL,Suxamethonium inj 100mg/2mL,Succinylcholine,IVD,,CNEU,CN-03-02,°w¾¯,AMP,succinylcholine,«D²Õ®M,°±¥Î,,¤@¯ë¥i¥Î,¬O,¥i¥ÎÃÄ¥]¾÷,,¦C¦Lªù¶EÃÄÅÒ,Á`¶q¶i¦ì,¾AÀ³¯g:¦Ù¦×¦¢½w¾¯,,Indication:Muscle relaxant,,¥~ Æ[: 2mL ¦wÞÀ,Appearance: 2mL ampoule,¤ä®ðºÞµjÅË¡A ¤ß«ß¤£¾ã¡A §C¦åÀ£¡A ¾î¯¾¦Ù·»¸Ñ¯g¡A ¦Ù²y³J¥Õ§¿¯g¡A ¦Ù¬õ³J¥Õ§¿¯g,Bronchial spasm¡Aarrhythmia¡Ahypotension¡Arhabdomyolisis¡Amyoglobinuria,,¥u¥Î©óªù¶E¤Î¦í°|STAT,°©¦Ù¦¢ª`®g²G,Suxamethonium,,,¬O,¬O,,¥»«~»Ý( ÂÐ®Ö ),,Should consider age¡A weight and disease state to modify dosage.,,¶J©ñ®É»Ý¸m©ó¦B½c§NÂÃ(Äá¤ó 2-8 «×),Store in a refrigerator (2-8¢XC).,2020/06 °±²£³qª¾¡A¥ÎÁjÃöÀÉ¡C,¤@¯ë,ª`®g,Äµ»y:¥»«~»Ý( ÂÐ®Ö ),Äµ °ªÄµ°T,,0,0,¬O,1.0,,¬O,¬O,§_,³æ¤è,§_,°±¥Î,°±¥Î,¤£¥i¿i,¬O,,1.00,1.00,1.00,0,1,1,1,1,1.00,1.00,0,0,,¦³¹Ï¤ù,,0,,0,,M03AB01,,,,,,,,,AMP,,¤£µ¹¥I¶·¦Û¥I,¤£µ¹¥I¶·¦Û¥I,,,,§_,Liquid,IVSOL,,,100.00,mg,2.00,mL,¥²¶·µ}ÄÀ,³æ¦¸¿éª`,PH006,202103091443,0,40.00
ISYN,20100322,99999999,°±¥Î,Synflorix (10»ùªÍª¢¬Ì­]) 0.5mL/dose,Synflorix 0.5mL/dose,Pneumococcal Vaccine Polyvalent,IM,ST,HIMM,IM-02-01,°w¾¯,¤ä,,«D²Õ®M,°±¥Î,,¤@¯ë¥i¥Î,¬O,¤£¥i¥ÎÃÄ¥]¾÷,°·«O¤£µ¹¥I,¤@¯ë,Á`¶q¶i¦ì,¾AÀ³¯g:¦h»ù©ÊªÍª¢Ãì²yµß¬Ì­],,Indication:Pneumococcal vaccine.,,¥~ Æ[:¹w¥ý¥R¶ñªºª`®g°wµ©¡C,Appearance:A set of pre-filled syringe.,ª`®g³¡¦ì¯kµh¡A ·Å¼ö¡A ¬õ´³¡A ¸~,Local inj-site soreness¡A warmth¡A erythema & swelling.,,¥u¥Î©óªù¶E¤Î¦í°|STAT,Âù¥ñ«ÂªÍª¢Ãì²yµß¤Q»ù±µ¦X«¬¬Ì­],Synflorix 0.5mL/dose,PCV10,,§_,¬O,,»â¨ú¬Ì­]«á¡A ½Ð¥ß§Y¦Üª`®g«Ç¨Ì«ü¥Ü¨Ï¥Î,,After receiving the vaccine¡A please go to the injection room immediately.,,,,2013.03ÃÄ©e·|¨MÄ³¡A®w¦s¥ÎÁjÃöÀÉ (5/31),¤@¯ë,ª`®g,Äµ »y:»â¨ú¬Ì­]«á¡A½Ð¥ß§Y¦Üª`®g«Ç¨Ì«ü¥Ü¨Ï¥Î¡C,,,,,§_,1.0,,§_,§_,¬O,³æ¤è,§_,°±¥Î,¥i¥Î,¤£¥i¿i,¬O,,1.00,1.00,1.00,1.00,1,1,1,1,0,0,0,0,,¦³¹Ï¤ù,,0,,0,,J07AL52,,,,,,,,,¤ä,,¤£µ¹¥I¶·¦Û¥I,¤£µ¹¥I¶·¦Û¥I,,,,§_,Liquid,SOL,,,,,,,¬Ò¥i,³æ¦¸¿éª`,PH034,202109102139,0,2700.00
ISYNA,20101223,99999999,°±¥Î,Synagis inj 50mg,Synagis inj 50mg,Palivizumab,IM,STAT,HIMM,IM-03-00,°w¾¯,mg,Synagis,«D²Õ®M,°±¥Î,ISYNA1,¤@¯ë¥i¥Î,¬O,¤£¥i¥ÎÃÄ¥]¾÷,±ø¥ó¤Uµ¹¥I,¤@¯ë,Á`¶q¶i¦ì,¾AÀ³¯g:¹w¨¾¦]RSV·P¬V©Ò¤Þ°_ªºÄY­«¤U©I§l¹D¯e¯f,,Indication:Prevention high risk of RSV disease,,¥~ Æ[:³z©ú¬Á¼þ¤pÞÀ(vial),,¤¤¦Õª¢¡A »óª¢¡A ¥Ö¯l¡A ¯kµh¡A ª·®ð,Otitis media¡A rhinitis¡A rash¡A pain¡A hernia.,,¬Ò¥i¥Î,¦è¨º¦N´µ­á´¹ª`®g¾¯,Synagis inj 50mg,,,§_,¬O,,½Ð¸m©óÄá¤ó 2-8 «×¦B½c§NÂÃ,,Store in a refrigerator (2-8¢XC).,,,,,¤@¯ë,ª`®g,Äµ »y:½Ð¸m©óÄá¤ó 2-8 «×¦B½cÁ×¥ú§NÂÃ«O¦s¡C,,,,,¬O,50.0,,§_,¬O,¬O,³æ¤è,§_,°±¥Î,¥i¥Î,¤£¥i¿i,¬O,,1.00,1.00,300.00,150.00,1,1,1,1,300.00,300.00,75.00,15.00,,¦³¹Ï¤ù,,0,,0,,J06BB16,,,,,,,,,VIAL,,°·«Oµ¹¥I,°·«Oµ¹¥I,palivizumab 50mg,J06BD01,KC00812248,§_,Liquid,SOL,,,50.00,mg,,,¬Ò¥i,³æ¦¸¿éª`,PH006,201803040841,14683.00,17620.00
ISYNA1,20180124,99999999,¥i¥Î,Synagis inj 50mg/0.5mL,Synagis inj 50mg/0.5mL,Palivizumab,IM,STAT,HIMM,IM-03-00,°w¾¯,mg,Synagis,«D²Õ®M,,,¤@¯ë¥i¥Î,¬O,¥i¥ÎÃÄ¥]¾÷,±ø¥ó¤Uµ¹¥I,¤@¯ë,Á`¶q¶i¦ì,¾AÀ³¯g:¹w¨¾¦]RSV·P¬V©Ò¤Þ°_ªºÄY­«¤U©I§l¹D¯e¯f,,Indication:Prevention high risk of RSV disease,,¥~ Æ[:³z©ú¬Á¼þ¤pÞÀ¡A¯»¬õ¦â¥~»\,Appearance:Pink cap vial,¤¤¦Õª¢¡A »óª¢¡A ¥Ö¯l¡A ¯kµh¡A ª·®ð,Otitis media¡A rhinitis¡A rash¡A pain¡A hernia.,,¬Ò¥i¥Î,¦è¨º¦N´µª`®g²G¾¯,Synagis inj 50mg/0.5mL,,,,¬O,,½Ð¸m©óÄá¤ó 2-8 «×¦B½c§NÂÃ,,Store in a refrigerator (2-8¢XC).,,,,,¤@¯ë,ª`®g,Äµ »y:½Ð¸m©óÄá¤ó 2-8 «×¦B½cÁ×¥ú§NÂÃ«O¦s¡C,,,0,0,§_,50.0,,§_,¬O,¬O,³æ¤è,§_,°±¥Î,¥i¥Î,¤£¥i¿i,¬O,,1.00,1.00,300.00,150.00,1,1,1,1,300.00,300.00,75.00,15.00,,¦³¹Ï¤ù,,0,,0,,J06BB16,,,,,0,,0,,VIAL,,°·«Oµ¹¥I,°·«Oµ¹¥I,palivizumab 50mg,J06BD01,KC01010206,§_,Liquid,SOL,,,50.00,mg,0.50,mL,¬Ò¥i,³æ¦¸¿éª`,PH034,202204111614,11126.00,13351.00
ITAK,20181212,99999999,¥i¥Î,Takepron °w¾¯ 30mg,Takepron Intravenous 30mg,Lansoprazole,IVD,,ALIM,GI-01-02,°w¾¯,Vial,Takepron inj,«D²Õ®M,,,¤@¯ë¥i¥Î,¬O,¥i¥ÎÃÄ¥]¾÷,±ø¥ó¤Uµ¹¥I,¤@¯ë,¦¸­p¶q¶i¦ì,¾AÀ³¯g:­G¼ìºÅ¡B¤Q¤G«ü¸z¼ìºÅ»P«æ©ÊÀ£¤O©Ê¼ìºÅ,,Indication:Treatment of peptic ulcer,,¥~ Æ[: ¥Õ¦â©Î¶À¥Õ¦â°®¯»¤p²~,Appearance: white or yellow-white powder in a Vial,¸¡Âm¡A¨x¥\¯à»ÙÃª,Diarrhea¡A abnormal hepatic function tests,,¬Ò¥i¥Î,®õ§J­G³qÀR¯ßª`®g¾¯30²@§J,Takepron Intravenous 30mg,,,,¬O,,¶È­­ÀR¯ßºwª`¨Ï¥Î,,For Intravenous infusion only.,,¨Ï¥Î¥»«~½Ð¤Å¶W¹L7¤Ñ,The duration of use should not exceed 7 days.,2018.12ÃÄ©e·s¶i,¤@¯ë,ª`®g,¶È­­ÀR¯ßºwª`¨Ï¥Î¡C,,ª`®g¾¯,0,0,¬O,1.0,,§_,¬O,§_,³æ¤è,,°±¥Î,°±¥Î,¤£¥i¿i,¬O,,1.00,1.00,5.00,5.00,7,7,1,1,5.00,5.00,0,0,,¦³¹Ï¤ù,,0,,0,¥Ø«e¥Î©ó¨àµ£ªº¦w¥þ©Ê©|¥¼½T¥ß(µLÁ{§É¸gÅç)¡C,A02BC03,,,,,0,,0,,VIAL,,°·«Oµ¹¥I,°·«Oµ¹¥I,LANSOPRAZOLE,A02BC03,BC25246243,,Liquid,IVSOL,,,30.00,mg,0,,¥²¶·µ}ÄÀ,³æ¦¸\«ùÄò¿éª`,PH034,202011021048,160.00,192.00
ITAP,20050317,99999999,¥i¥Î,Tapimycin inj 2.25gm,Tapimycin inj 2.25gm,Piperacillin + Tazobactam,IVD,,QANB,AI-01-01,°w¾¯,VAL,Tazocin,«D²Õ®M,,,¤@¯ë¥i¥Î,¬O,¥i¥ÎÃÄ¥]¾÷,,¤@¯ë,¤é¾¯¶q¶i¦ì,¾AÀ³¯g:²Óµß©Ê·P¬V,,Indication:Antibiotic for infection.,,¥~ Æ[:³z©ú¤p²~(Vial)¡A¾ï¦â¥~»\¡A¥Õ¦â¥~¶K¯È,Appearance: White powder in a vial with orange cap,¥Ö¯l¡A ·kÄo¡A ¸¡Âm¡A äú¤ß¡A ¹Ã¦R¡A ª`®g³¡¦ì§½³¡¯kµh,Skin rash¡A pruritus; diarrhea¡A nausea¡A vomiting; local inj site reactions.,ºÞ¨îÃþ§Ü¥Í¯À,,¹F¤ñÅð¯À,Tapimycin inj 2.25gm,,,§_,¬O,,­Yµo¥ÍÄY­«¹L±Ó©Îµo¯lµ¥¤£¾A¯gª¬¡A À³§Y°±ÃÄ¨Ã½Ð±ÐÂå®v,,Report to doctor¡A if any severe hypersensitivity or skin rash occur.,,,,,¤@¯ë,ª`®g,Äµ »y: ­Yµo¥ÍÄY­«¹L±Ó©Îµo¯lµ¥¤£¾A¯gª¬¡AÀ³§Y°±ÃÄ¨Ã½Ð±ÐÂå®v,,,,,¬O,1.0,,§_,¬O,§_,³æ¤è,§_,¥i¥Î,¥i¥Î,¤£¥i¿i,¬O,,1.00,1.00,2.00,2.00,7,7,1,1,8.00,8.00,0.30,0.10,,¦³¹Ï¤ù,D/W,2250.00,mg,0,(300+37.5) mg/Kg/day,J01CR05,J01CA12,J01CG02,,,2.00,g,14.00,g,VAL,,°·«Oµ¹¥I,°·«Oµ¹¥I,PIPERACILLIN 2000MG + TAZOBACTAM 250MG,J01CR05,AC457042CX,§_,Liquid,IVSOL,,,2250.00,mg,,,¥²¶·µ}ÄÀ,³æ¦¸¿éª`,PH047,202302270920,178.00,214.00
ITAR,19960101,99999999,¥i¥Î,Targocid inj 200mg,Targocid inj 200mg,Teicoplanin,IVD,QD,QANB,AI-01-11,°w¾¯,VAL,Targocid,«D²Õ®M,,,¤@¯ë¥i¥Î,¬O,¥i¥ÎÃÄ¥]¾÷,±ø¥ó¤Uµ¹¥I,¤@¯ë,¤é¾¯¶q¶i¦ì,¾AÀ³¯g:²Óµß©Ê·P¬V,,Indication:Treatment of bacteria infections,,¥~ Æ[:³z©ú¤p²~(Vial)¡A¶À¦â¥~»\¡A¥Õ¦â¥~¶K¯È¡AÂÅ¦â¦r¼Ë,Appearance: White powder in a glass vial,¬õ¸~¡A §½³¡¯kµh¡A ¦å®êÀR¯ßª¢¡A ª`®g³¡¦ìÁw½H,Erythema¡A local pain¡A thrombophlebitis¡A injection site abscess.,ºÞ¨îÃþ§Ü¥Í¯À,,±o®É°ª­á´¹ª`®g¾¯,Targocid inj 200mg,,,§_,¬O,,­Yµo¥ÍÄY­«¹L±Ó©Îµo¯lµ¥¤£¾A¯gª¬¡A À³§Y°±ÃÄ¨Ã½Ð±ÐÂå®v,,Report to doctor¡A if any severe hypersensitivity or skin rash occur.,,,,,¤@¯ë,ª`®g,Äµ »y: ­Yµo¥ÍÄY­«¹L±Ó©Îµo¯lµ¥¤£¾A¯gª¬¡AÀ³§Y°±ÃÄ¨Ã½Ð±ÐÂå®v,,,,,¬O,1.0,,§_,¬O,§_,³æ¤è,§_,¥i¥Î,¥i¥Î,¤£¥i¿i,¬O,,1.00,1.00,5.00,5.00,7,7,1,1,10.00,10.00,0.20,0.10,,¦³¹Ï¤ù,D/W,200.00,mg,0,6-10 mg/Kg/day,J01XA02,,,,,0.20,g,0.40,g,VAL,§_,°·«Oµ¹¥I,°·«Oµ¹¥I,TEICOPLANIN,J01XA02,BC21848263,§_,Liquid,IVSOL,,,200.00,mg,,,¥²¶·µ}ÄÀ,³æ¦¸¿éª`,PH047,202401261231,468.00,562.00
ITARI,20020523,99999999,°±¥Î,Tarivid IV 200mg,Tarivid IV 200mg,Ofloxacin,IV,,QANB,AI-01-08,°w¾¯,VAL,Tarivid,«D²Õ®M,°±¥Î,,¤@¯ë¥i¥Î,¬O,¤£¥i¥ÎÃÄ¥]¾÷,¥i¥Î,¤@¯ë,Á`¶q¶i¦ì,,,,,,,,,¤@¯ëÃþ§Ü¥Í¯À,¬Ò¥i¥Î,,Tarivid IV 200mg,,,§_,¬O,,,,,,,,,¤@¯ë,¤@¯ë,,,,,,¬O,1.0,,§_,§_,§_,³æ¤è,§_,¥i¥Î,¥i¥Î,¥i¿i,¬O,,1.00,1.00,2.00,2.00,7,7,1,1,0,0,0,0,,µL¹Ï¤ù,,0,,0,,J01MA01,,,,,0.20,g,0.40,g,BOT,,°·«Oµ¹¥I,°·«Oµ¹¥I,OFLOXACIN,J01MA01,B022042255,§_,Liquid,IVSOL,,,,,,,¬Ò¥i,³æ¦¸¿éª`,PH009,201707171643,1012.00,1214.00
ITAX,19960101,99999999,°±¥Î,Taxol inj 30mg/5mL,Taxol inj 30mg/5mL,Paclitaxel,IVD,,RACA,ON-04-01,°w¾¯,mg,Taxol,«D²Õ®M,°±¥Î,IFORM,¤w°±¥Î,¬O,¤£¥i¥ÎÃÄ¥]¾÷,±ø¥ó¤Uµ¹¥I,¤@¯ë,Á`¶q¶i¦ì,¾AÀ³¯g:¬°§Ü¸~½FÃÄ,,,,,,,,,,,Taxol inj 30mg/5mL,,,§_,¬O,,,,,,,,,¤ÆÀø,¤ÆÀø,,Äµ °ªÄµ°T,,,,¬O,30.0,,§_,§_,§_,³æ¤è,§_,¥i¥Î,¥i¥Î,¤£¥i¿i,¬O,,1.00,1.00,999.00,999.00,999,999,1,1,0,0,0,0,,µL¹Ï¤ù,,0,,0,,L01CD01,,,,,,,,,VAL,§_,°·«Oµ¹¥I,°·«Oµ¹¥I,PACLITAXEL,L01CD01,B021157221,§_,Liquid,IVSOL,,,,,,,¬Ò¥i,³æ¦¸¿éª`,PH032,202303261602,4396.00,5275.00
ITAX1,20110913,99999999,°±¥Î,Taxotere inj 1mg(²Õ®M¥Î),Taxotere inj 1mg(²Õ®M¥Î),Docetaxel,IVD,STAT,RACA,ON-04-01,°w¾¯,mg,Taxotere,«D²Õ®M,°±¥Î,ITAXO,¤@¯ë¥i¥Î,¬O,¤£¥i¥ÎÃÄ¥]¾÷,¥i¥Î,,,,,,,,,,,,¬Ò¥i¥Î,,Taxotere,,,§_,¬O,,,,,,,,,¤ÆÀø,¤@¯ë,,Äµ °ªÄµ°T,,0,0,§_,1.0,,§_,§_,§_,³æ¤è,§_,°±¥Î,¥i¥Î,¤£¥i¿i,¬O,,1.00,1.00,200.00,200.00,2,2,1,1,200.00,200.00,0,0,,µL¹Ï¤ù,,0,,0,,,,,,,,,,,EA,§_,°·«O¤£¥Ó³ø¤£­p»ù,°·«O¤£¥Ó³ø¤£­p»ù,,,,§_,Liquid,IVSOL,,,1.00,mg,,,¬Ò¥i,³æ¦¸¿éª`,PH032,202109091813,0,0
ITAX8,20021101,99999999,¥i¥Î,TAXOTERE inj 80mg/4mL,TAXOTERE inj 80mg/4mL,Docetaxel,IVD,,RACA,ON-04-01,°w¾¯,mg,Taxotere,«D²Õ®M,,,¤@¯ë¥i¥Î,¬O,¤£¥i¥ÎÃÄ¥]¾÷,±ø¥ó¤Uµ¹¥I,¤@¯ë,Á`¶q¶i¦ì,¾AÀ³¯g:§Ü¸~½FÃÄ,°t»s«á«O¦s´Á­­¡G6hrs(25¢XC)¡A½Õ»s®É¶¡¡G,Indication:Cancer therapy.,,¥~ Æ[:³z©ú¤p²~(VIAL)¡A ¥Õ¦â¥~¶K¯È¡A ¬õ¦â²~»\,Appearance: 4mL vial,¶Ý¤¤©Ê¥Õ¦å²y´î¤Ö¡A³h¦å¡A·P¬V¡Aµo¼ö©Ê¤¤©Ê²Ó­M´î¤Ö¡A°©ÀH§í¨î,Neutropenia¡A anemia¡A infections¡A febrile neutropenia¡A bone marrow suppression.,,¬Ò¥i¥Î,«gÀù©öª`®g¾¯,¡I¡ITaxotere inj 80mg/4mL,,,§_,¬O,,¥»«~¬°­«¯gªvÀøÃÄ¡A ½Ð¨Ì·ÓÂå®v«ü¥Ü¨Ï¥Î,¥»«~§t°sºë¦¨¤À¡A¥i¯à·|¤Þµo°s¾K¯gª¬¡C,Take this medicine exactly as your doctor ordered.,contains ethanol¡A may cause symptoms of alcohol intoxication after treatment.,¿éª`«á1~2 ¤p®É¤ºÀ³Á×§K¶}¨®©Î¾Þ§@¾÷±ñ¡C,Avoid driving or operating machinery after treatment 1~2 hours.,,¤ÆÀø,¤ÆÀø,Äµ »y:¥»«~¬°­«¯gªvÀøÃÄª«¡A½Ð¨Ì·ÓÂå®v«ü¥Ü¨Ï¥Î¡C,Äµ °ªÄµ°T,,20.0,-20.0,¬O,80.0,,§_,¬O,§_,³æ¤è,§_,°±¥Î,°±¥Î,¤£¥i¿i,¬O,,1.00,1.00,200.00,200.00,3,3,1,1,200.00,200.00,0,0,,¦³¹Ï¤ù,,0,,0,,L01CD02,,,,,,,,,AMP,§_,°·«Oµ¹¥I,°·«Oµ¹¥I,DOCETAXEL,L01CD02,BC25289219,§_,Liquid,IVSOL,¦M®`¤@¯Å(¡I¡I),,80.00,mg,4.00,mL,¥²¶·µ}ÄÀ,³æ¦¸¿éª`,PH047,202305301433,9756.00,11707.00
ITAXO,19960101,99999999,¥i¥Î,Taxotere inj 20mg/1mL,Taxotere inj 20mg/1mL,Docetaxel,IVD,,RACA,ON-04-01,°w¾¯,mg,Taxotere,«D²Õ®M,,,¤@¯ë¥i¥Î,¬O,¤£¥i¥ÎÃÄ¥]¾÷,±ø¥ó¤Uµ¹¥I,¦C¦Lªù¶EÃÄÅÒ,Á`¶q¶i¦ì,¾AÀ³¯g:§Ü¸~½FÃÄ,°t»s«á«O¦s´Á­­¡G6hrs(25¢XC)¡A½Õ»s®É¶¡¡G,Indication:Cancer therapy.,,¥~ Æ[:³z©ú¤p²~(VIAL)¡A ¥Õ¦â¥~¶K¯È¡A ºñ¦â²~»\,,¶Ý¤¤©Ê¥Õ¦å²y´î¤Ö¡A³h¦å¡A·P¬V¡Aµo¼ö©Ê¤¤©Ê²Ó­M´î¤Ö¡A°©ÀH§í¨î,Neutropenia¡A anemia¡A infections¡A febrile neutropenia¡A bone marrow suppression.,,,«gÀù©öª`®g¾¯,¡I¡ITaxotere,,,§_,¬O,,¥»«~¬°­«¯gªvÀøÃÄ¡A ½Ð¨Ì·ÓÂå®v«ü¥Ü¨Ï¥Î,¥»«~§t°sºë¦¨¤À¡A¥i¯à·|¤Þµo°s¾K¯gª¬¡C,Take this medicine exactly as your doctor ordered.,contains ethanol¡A may cause symptoms of alcohol intoxication after treatment.,¿éª`«á1~2 ¤p®É¤ºÀ³Á×§K¶}¨®©Î¾Þ§@¾÷±ñ¡C,Avoid driving or operating machinery after treatment 1~2 hours.,,¤ÆÀø,¤ÆÀø,Äµ »y:¥»«~¬°­«¯gªvÀøÃÄª«¡A½Ð¨Ì·ÓÂå®v«ü¥Ü¨Ï¥Î¡C,Äµ °ªÄµ°T,,20.0,-20.0,¬O,20.0,,§_,¬O,§_,³æ¤è,§_,°±¥Î,°±¥Î,¤£¥i¿i,¬O,,1.00,1.00,200.00,200.00,3,3,1,1,200.00,200.00,0,0,,¦³¹Ï¤ù,,0,,0,,L01CD02,,,,,,,,,AMP,§_,°·«Oµ¹¥I,°·«Oµ¹¥I,DOCETAXEL,L01CD02,BC25289209,§_,Liquid,IVSOL,¦M®`¤@¯Å(¡I¡I),,20.00,mg,1.00,mL,¥²¶·µ}ÄÀ,³æ¦¸¿éª`,PH047,202305301432,2857.00,3428.00
ITAZ,20050427,99999999,°±¥Î,Tazocin inj 2.25gm,Tazocin inj 2.25gm,Piperacillin + Tazobactam,IV,Q8H,QANB,AI-01-01,°w¾¯,VAL,Tazocin,«D²Õ®M,°±¥Î,ITAP,¤w°±¥Î,¬O,¤£¥i¥ÎÃÄ¥]¾÷,¥i¥Î,¤@¯ë,Á`¶q¶i¦ì,¾AÀ³¯g:²Óµß©Ê·P¬V,,,,,,,,ºÞ¨îÃþ§Ü¥Í¯À,¬Ò¥i¥Î,¹F±ôÅð¯À­á´¹ª`®g¾¯,Tazocin inj 2.25gm,,,§_,¬O,,,,,,,,,¤@¯ë,ª`®g,Äµ »y:ª`®g®É¶¡À³¤j©ó 30 ¤ÀÄÁ¥H¤W,,,,,¬O,1.0,,§_,§_,§_,½Æ¤è,§_,°±¥Î,¥i¥Î,¤£¥i¿i,¬O,,1.00,1.00,3.00,3.00,7,7,1,1,0,0,0,0,,µL¹Ï¤ù,,0,,0,,J01CR05,,,,,2.00,g,14.00,g,VAL,,°·«Oµ¹¥I,°·«Oµ¹¥I,PIPERACILLIN 2000MG + TAZOBACTAM 250MG,J01CR05,A0396942CX,§_,Liquid,IVSOL,,,,,,,¬Ò¥i,³æ¦¸¿éª`,PH009,201707171643,552.00,662.00
ITD,20051115,99999999,°±¥Î,Td (¥Õ³ï¯}¶Ë­·¡A¬F©²´£¨Ñ) 0.5mL/dose,Td vaccine 0.5mL/dose (>6y/o) 3 ml/val Government,Diphtheria + Tetanus,IM,ST,HIMM,IM-02-01,°w¾¯,DOS,Td,«D²Õ®M,°±¥Î¡A¥i¬dÃþ¦üÃÄ,,¤@¯ë¥i¥Î,¬O,¥i¥ÎÃÄ¥]¾÷,¥i¥Î,¤£¦LÃÄÅÒ,Á`¶q¶i¦ì,¾AÀ³¯g:¬°¥Õ³ï¯}¶Ë­·¬Ì­],,Indication: diphtheria & tetanus vaccine.,,,,,,,¬Ò¥i¥Î,§lµÛ¯}¶Ë­·¥Õ³ï²V¦X¬Ì­],Td vaccine 0.5mL/dose (>6y/o,TD,,§_,¬O,,,,,,,,,¤@¯ë,ª`®g,Äµ »y:½Ð¸m©óÄá¤ó 2-8 «×¦B½cÁ×¥ú§NÂÃ«O¦s¡C,,,,,§_,1.0,,§_,§_,¬O,³æ¤è,§_,°±¥Î,¥i¥Î,¤£¥i¿i,¬O,,1.00,1.00,1.00,1.00,1,1,1,1,1.00,1.00,0,0,,µL¹Ï¤ù,,0,,0,,J07AM51,,,,,,,,,DOS,,°·«Oµ¹¥I,°·«Oµ¹¥I,,,X000165206,§_,Liquid,SOL,,,,,,,¬Ò¥i,³æ¦¸¿éª`,PH032,202110031703,0,0
ITDP4,20170829,99999999,°±¥Î,Boostrix-Polio (¥|¦X¤@¡A¬F©²´£¨Ñ),Boostrix-Polio (¥|¦X¤@¡A¬F©²´£¨Ñ),Tdap-IPV,IM,ST,HIMM,IM-02-03,°w¾¯,DOS,,«D²Õ®M,°±¥Î,,¤@¯ë¥i¥Î,¬O,¥i¥ÎÃÄ¥]¾÷,°·«O¤£µ¹¥I,¤£¦LÃÄÅÒ,Á`¶q¶i¦ì,¾AÀ³¯g: 4-64 ·³¶¡¤§¥|¦X¤@¸É°l¥[¬Ì­],,,,¥~ Æ[:µµ¦â¥Õ¦â¥~²°¡A¤º¦³¹w¥R¶ñª`®g¾¹,Appearance: 1 single-dose prefilled-syringe,ª`®g³¡¦ì¯kµh¡A ¸~,Local inj-site soreness¡A swelling.,,¥u¥Î©óªù¶E,¸É¬I°l¦w·ô«Â¬Ì­],Boostrix-Polio (¥|¦X¤@¡A¬F©²´£¨Ñ),TdapIP,,§_,¬O,,»â¨ú¬Ì­]«á¡A ½Ð¥ß§Y¦Üª`®g«Ç¨Ì«ü¥Ü¨Ï¥Î,,After receiving the vaccine¡A please go to the injection room immediately.,,,,,¤@¯ë,ª`®g,Äµ »y:»â¨ú¬Ì­]«á¡A½Ð¥ß§Y¦Üª`®g«Ç¨Ì«ü¥Ü¨Ï¥Î¡C,,,0,0,§_,1.0,,§_,§_,¬O,½Æ¤è,§_,°±¥Î,¥i¥Î,¤£¥i¿i,§_,,1.00,1.00,1.00,1.00,1,1,1,1,1.00,1.00,0,0,,µL¹Ï¤ù,,0,,0,,J07CA02,J07AM01,J07AF01,J07AJ02,,0,,0,,SET,,°·«Oµ¹¥I,°·«Oµ¹¥I,,,K000829206,§_,Liquid,SOL,,,,,,,¬Ò¥i,³æ¦¸¿éª`,PH032,202110031704,0,0
ITEC,20191101,99999999,¥i¥Î,Tecentriq inj 1200mg/20mL,Tecentriq inj 1200mg/20mL,Atezolizumab,IVD,STAT,RACA,ON-09-06,°w¾¯,mg,Tecentriq,«D²Õ®M,Á{±ÄÃÄ¡A½Ð³qª¾ÃÄ§½¥~ÁÊ,,¥»°|Á{±Ä²M³æ,¬O,¥i¥ÎÃÄ¥]¾÷,±ø¥ó¤Uµ¹¥I,¤@¯ë,Á`¶q¶i¦ì,¾AÀ³¯g: §Ü¸~½FÃÄ,°t»s«á«O¦s´Á­­¡G6hrs(25¢XC)¡A½Õ»s®É¶¡¡G,Indication: Antineoplastic,,¥~ Æ[:µL¦â¦Ü²H¶À¦â¿éª`²G,Appearance:colorless to slightly yellow solution.,¸¡Âm¡Aäú¤ß¡A¹Ã¦R¡A¯h³Ò,Diarrhea¡A nausea¡A vomiting¡A fatigue,,¥u¥Î©óªù¶E¤Î¦í°|STAT,Àù¦Û¿mª`®g¾¯,Tecentriq,,,,¬O,,¥»«~¬°­«¯gªvÀøÃÄ¡A ½Ð¨Ì·ÓÂå®v«ü¥Ü¨Ï¥Î,,Take this medicine exactly as your doctor ordered.,,³Æµù:½Ð¸m©óÄá¤ó 2-8 «×¦B½c§NÂÃ,Store in a refrigerator (2-8¢XC),,¤ÆÀø,¤ÆÀø,Äµ »y:¥»«~¬°­«¯gªvÀøÃÄª«¡A½Ð¨Ì·ÓÂå®v«ü¥Ü¨Ï¥Î¡C,Äµ °ªÄµ°T,,0,0,§_,1200.0,,§_,¬O,§_,³æ¤è,§_,°±¥Î,°±¥Î,¤£¥i¿i,¬O,,1200.00,1200.00,1200.00,1200.00,3,3,3,3,1200.00,1200.00,0,0,,µL¹Ï¤ù,,0,,0,,L01FF05,,,,,0,,0,,BOT,¬O,°·«Oµ¹¥I,°·«Oµ¹¥I,ATEZOLIZUMAB,L01FF05,KC01050238,,Liquid,IVSOL,,,1200.00,mg,20.00,mL,¥²¶·µ}ÄÀ,³æ¦¸¿éª`,PH047,202402140410,83258.00,99910.00
ITEM,19960101,99999999,°±¥Î,Temgesic inj 0.3mg/mL,Temgesic inj 0.3mg/mL,Buprenorphine,IV,,CNEU,CN-01-01,°w¾¯,AMP,,«D²Õ®M,°±¥Î¡A¥i¬dÃþ¦üÃÄ,,¤w°±¥Î,¬O,¤£¥i¥ÎÃÄ¥]¾÷,,¤@¯ë,¦¸­p¶q¶i¦ì,¾AÀ³¯g:¬°³Â¾K©Ê¤îµh¾¯,,,,,,,,,¥u¥Î©óªù¶E¤Î¦í°|STAT,,Temgesic inj 0.3mg/mL,,,§_,¬O,,,,,,,,,¤@¯ë,¤T¯ÅºÞ¨î,Äµ »y:½Ð¸m©óÄá¤ó 2-8 «×¦B½cÁ×¥ú§NÂÃ«O¦s¡C,,,,,¬O,1.0,,§_,§_,§_,³æ¤è,§_,¥i¥Î,¥i¥Î,¤£¥i¿i,§_,,1.00,1.00,999.00,999.00,999,999,1,1,0,0,0,0,,µL¹Ï¤ù,,0,,0,,,,,,,,,,,AMP,§_,°·«Oµ¹¥I,°·«Oµ¹¥I,BUPRENORPHINE,N02AE01,B021626209,§_,Liquid,IVSOL,,,,,,,¬Ò¥i,³æ¦¸¿éª`,PH008,201505131629,89.00,107.00
ITES1,20180621,99999999,°±¥Î,Testosterone cypionate inj 200mg/1mL,Testosterone cypionate inj 200mg/1mL,Testosterone cypionate,IM,,HM,HR-03-01,°w¾¯,AMP,,«D²Õ®M,°±¥Î,ISUS,¤@¯ë¥i¥Î,¬O,¤£¥i¥ÎÃÄ¥]¾÷,¥i¥Î,¤@¯ë,¦¸­p¶q¶i¦ì,¾AÀ³¯g:¶¯©Ê¿E¯À¯Ê¥F¯g,,Indication:Male hormone supplement.,,¥~ Æ[:1 mL ¦wÞÀ¸Ë¡A¥Õ¦â¥~¶K¯È,Appearance: 1mL ampoule,«C¬Kµk¡A ¨rÀY¡A §½³¡¹L±Ó¡A µL¤O¡A §íÆ{,Acne¡A alopecia¡A application site reaction¡A asthenia¡A depression,,¥u¥Î©óªù¶E¤Î¦í°|STAT,«ù®Ä¸A¤Y¯Àª`®g²G,Testosterone cypionate 200mg,,,,¬O,,«Äµ£¡A ¥¥°ü¤Î±Â¨Å°üÀ³Á×§K¨Ï¥Î¥»«~,,Avoid using this medicine in children¡A pregnant or breastfeeding women.,,¤ßÅ¦¯f¡B¨x¾÷¯à²§±`¡B«e¦C¸¢Àù¡B¨k©Ê¨ÅÀùµ¥¶··V­«¨Ï¥Î¡C,Avoid in severe cardiac or hepatic disease¡A prostate cancer¡A male breast cancer.,,¤@¯ë,ª`®g,Äµ »y:«Äµ£¡B¥¥°ü¤Î±Â¨Å°üÀ³Á×§K¨Ï¥Î¥»«~,,,0,0,¬O,1.0,,§_,¬O,§_,³æ¤è,§_,°±¥Î,¥i¥Î,¤£¥i¿i,§_,,1.00,1.00,2.00,2.00,180,1,1,1,2.00,2.00,0,0,,¦³¹Ï¤ù,,0,,0,,G03BA03,,,,,0,,0,,AMP,§_,°·«Oµ¹¥I,°·«Oµ¹¥I,TESTOSTERONE PROPIONATE,G03BA03,AC13985209,§_,Liquid,SOL,,,200.00,mg,1.00,mL,¤£»Ýµ}ÄÀ,³æ¦¸¿éª`,PH006,201902120856,117.00,140.00
ITEST,19960101,99999999,°±¥Î,Testosterone inj 250mg/1mL,Testosterone inj 250mg/1mL,Testosterone,IM,,HM,HR-03-01,°w¾¯,VAL,,«D²Õ®M,°±¥Î,ISUS,¤w°±¥Î,¬O,¤£¥i¥ÎÃÄ¥]¾÷,°·«O¤£µ¹¥I,¤@¯ë,Á`¶q¶i¦ì,¾AÀ³¯g:¨k©Ê§ó¦~´Á»ÙÃª¡B¤k©Ê°±¸g«áÀù¯g¤§ªvÀø,,,,¥~ Æ[:³z©ú¤p²~(VAIL)¡A¥Õ¦â¶À¾í¦â¬Û¶¡¥~¶K¯È,,,,,,ªø®Ä¨k¤h¸É¤Oª`®g²G,Testosterone inj 250mg/1mL,,,§_,¬O,,,,,,,,,¤@¯ë,ª`®g,Äµ »y:¥»«~À³¥H¦Ù¦×ª`®g (IM) ¤è¦¡§ë»P,,,,,¬O,1.0,,§_,§_,§_,³æ¤è,§_,¥i¥Î,¥i¥Î,¤£¥i¿i,¬O,,1.00,1.00,2.00,2.00,999,999,1,1,0,0,0,0,,µL¹Ï¤ù,,0,,0,,,,,,,,,,,VAL,§_,°·«Oµ¹¥I,°·«Oµ¹¥I,TESTOSTERONE ENANTHATE,G03BA03,A003006209,§_,Liquid,SOL,,,,,,,¬Ò¥i,³æ¦¸¿éª`,PH008,201403201344,59.00,114.00
ITET,20170828,99999999,¥i¥Î,Tetraxim (¥|¦X¤@¡A ¬F©²´£¨Ñ) 0.5mL/dose,Tetraxim (¥|¦X¤@¡A ¬F©²´£¨Ñ) 0.5mL/dose,DTaP-IPV,IM,STAT,HIMM,IM-02-03,°w¾¯,DOS,,«D²Õ®M,,,¤@¯ë¥i¥Î,¬O,¥i¥ÎÃÄ¥]¾÷,­­¥Î,¤£¦LÃÄÅÒ,Á`¶q¶i¦ì,¾AÀ³¯g:¬°¥Õ³ï¡B¯}¶Ë­·¡B¦Ê¤é«y¤Î¤p¨à³Â·ô¬Ì­],,Indication: diphtheria¡A tetanus¡A pertussis & polio vaccine.,,¥~ Æ[:³æ¦¸¨Ï¥Î¡A¤º¦³¹w¥R¶ñª`®g¾¹,Appearance: 1 single-dose prefilled-syringe,ª`®g³¡¦ì¯kµh¡A ¸~,Local inj-site soreness¡A swelling.,,¥u¥Î©óªù¶E,¥Õ³ï¯}¶Ë­·«D²Ó­M©Ê¦Ê¤é«y¤p¨à³Â·ô¬Ì­],Tetraxim 0.5mL,DTaP-IPV,,,¬O,,Äá¤ó 2-8 «×§NÂÃ¡A»â¨ú¬Ì­]«á¡A ½Ð¥ß§Y¦Üª`®g«Ç¨Ì«ü¥Ü¨Ï¥Î,,Store in a refrigerator (2-8¢XC),,,After receiving the vaccine¡A please go to the injection room immediately.,,¤@¯ë,ª`®g,Äµ »y:»â¨ú¬Ì­]«á¡A½Ð¥ß§Y¦Üª`®g«Ç¨Ì«ü¥Ü¨Ï¥Î¡C,,,0,0,§_,1.0,,§_,¬O,¬O,½Æ¤è,§_,°±¥Î,¥i¥Î,¤£¥i¿i,§_,,1.00,1.00,1.00,1.00,1,1,1,1,1.00,1.00,0,0,,¦³¹Ï¤ù,,0,,0,,J07AM01,J07AF01,J07AJ02,J07CA02,,0,,0,,SET,,°·«Oµ¹¥I,°·«Oµ¹¥I,,,X000154206,§_,Liquid,SOL,,,,,0.50,mL,¬Ò¥i,³æ¦¸¿éª`,PH047,202301051112,0,0
ITHYR,20060106,99999999,¥i¥Î,Thyrogen inj 1.1mg,Thyrogen inj 1.1mg,Thyrotropin alfa,IM,,META,ME-03-00,°w¾¯,VAL,Thyrogen,«D²Õ®M,Á{±ÄÃÄ¡A½Ð³qª¾ÃÄ§½¥~ÁÊ,,­Ó®×Á{±Ä,§_,¥i¥ÎÃÄ¥]¾÷,¤º§t,¤@¯ë,Á`¶q¶i¦ì,¾AÀ³¯g: ¥Òª¬¸¢¤À¤ÆÀùªvÀø¤§»²§U¶EÂ_»s¾¯,,Adjunctive diagnostic tool and treatment for thyroid cancer.,,¥~ Æ[:³z©ú¤p²~(Vial)¡AÂÅ¦â¥~»\,Appearance: Vial with blue cap,äú¤ß¡AÀYµh¡A¯h³Ò¡AÀY·w¡A·PÄ±²§±`¡Aµê®z¡A¸¡Âm¡AÃþ·P«_,Nausea¡A headache¡A fatigue¡A dizziness¡A paresthesia¡A asthenia¡A diarrhea¡A flu-like,,¥u¥Î©óªù¶E¤Î¦í°|STAT,¾A¿Õ¶i­á´¹ª`®g¾¯,Thyrogen 1.1mg,,,§_,¬O,,¨ÑÁv³¡¦Ù¦×ª`®g¥Î,,Administer only by IM injection into the buttock.,,½Ð¸m©óÄá¤ó 2-8 «×¦B½c§NÂÃ,Store in a refrigerator (2-8¢XC),°·«O¶EÀø¶µ¥Ø¡u26074C ¸K-131Àù¯g°lÂÜÀË¬d-¬I¥´Thyrogen¡v¤º§t,¤@¯ë,ª`®g,Äµ »y:¨ÑÁv³¡¦Ù¦×ª`®g¥Î,,,,,§_,1.0,,§_,¬O,§_,³æ¤è,§_,°±¥Î,°±¥Î,¤£¥i¿i,§_,,1.00,1.00,1.00,1.00,2,2,2,2,1.00,1.00,0,0,,¦³¹Ï¤ù,,0,,0,,H01AB01,,,,,,,,,VAL,,¤£µ¹¥I¶·¦Û¥I,¤£µ¹¥I¶·¦Û¥I,,,,§_,Liquid,SOL,,,1.10,mg,,,¬Ò¥i,³æ¦¸¿éª`,PH034,202004121644,0,22680.00
ITIE5,19960101,99999999,°±¥Î,Tienam inj 500mg,Tienam inj 500mg,Imipenem + Cilastatin Sodium,IVD,,QANB,AI-01-10,°w¾¯,VAL,Tienam,«D²Õ®M,°±¥Î¡A¥i¬dÃþ¦üÃÄ,ITIEN,¤@¯ë¥i¥Î,¬O,¥i¥ÎÃÄ¥]¾÷,,¤@¯ë,¦¸­p¶q¶i¦ì,¾AÀ³¯g:²Óµß©Ê·P¬V,,Indication:Antibiotic for infection.,,¥~ Æ[:³z©ú¤p²~(Vial)¡A ÂÅ¦â¥~»\¡A ¥Õ¦â¥~¶K¯È¡A ¶Â¦â¦r¼Ë,Appearance: White powder in a glass vial,¥Ö¯l¡A ëC³Â¯l¡A ¥Ö½§·kÄo¡A ¸z­G¾÷¯à»ÙÃª,Rash¡A urticaria¡A pruritus¡A GI disturbances.,ºÞ¨îÃþ§Ü¥Í¯À,,®õ¹çª`®g¾¯,Tienam inj 500mg,,,§_,¬O,,­Yµo¥ÍÄY­«¹L±Ó©Îµo¯lµ¥¤£¾A¯gª¬¡A À³§Y°±ÃÄ¨Ã½Ð±ÐÂå®v,,Report to doctor¡A if any severe hypersensitivity or skin rash occur.,,,,2019Q2ÃÄ©e·|§R°£,¤@¯ë,ª`®g,Äµ »y: ­Yµo¥ÍÄY­«¹L±Ó©Îµo¯lµ¥¤£¾A¯gª¬¡AÀ³§Y°±ÃÄ¨Ã½Ð±ÐÂå®v,,,,,¬O,1.0,,§_,¬O,§_,½Æ¤è,§_,¥i¥Î,¥i¥Î,¤£¥i¿i,¬O,,1.00,1.00,2.00,2.00,7,7,1,1,2.00,8.00,0.40,0.10,,¦³¹Ï¤ù,,0,,0,,J01DH51,,,,,0.50,g,2.00,g,VAL,§_,°·«Oµ¹¥I,°·«Oµ¹¥I,IMIPENEM 500MG + CILASTATIN 500MG,J01DH51,BC19279277,§_,Liquid,IVSOL,,,500.00,mg,,,¥²¶·µ}ÄÀ,³æ¦¸¿éª`,PH006,201908191420,316.00,379.00
ITIEN,20190620,99999999,°±¥Î,Imipenem/Cilastatin Kabi 500/500mg inj,Imipenem/Cilastatin Kabi 500/500mg inj,Imipenem + Cilastatin Sodium,IVD,,QANB,AI-01-10,°w¾¯,Vial,Tienam,«D²Õ®M,°±¥Î¡A¥i¬dÃþ¦üÃÄ,,¤@¯ë¥i¥Î,¬O,¥i¥ÎÃÄ¥]¾÷,¥i¥Î,¤@¯ë,¦¸­p¶q¶i¦ì,¾AÀ³¯g:²Óµß©Ê·P¬V,,Indication:Antibiotic for bacterial infection.,,¥~ Æ[:³z©ú¤p²~(Vial)¡A ºñ¦â¤W»\,Appearance:White powder in a glass vial,¥Ö¯l¡A ëC³Â¯l¡A ¥Ö½§·kÄo¡A ¸z­G¾÷¯à»ÙÃª,Rash¡A urticaria¡A pruritus¡A GI disturbances.,ºÞ¨îÃþ§Ü¥Í¯À,¬Ò¥i¥Î,¬Ì¥²¹çÀR¯ß°®¯»ª`®g¾¯,Imipenem/Cilastatin 500mg,,,,¬O,,­Yµo¥ÍÄY­«¹L±Ó©Îµo¯lµ¥¤£¾A¯gª¬¡A À³§Y°±ÃÄ¨Ã½Ð±ÐÂå®v,,Report to doctor¡A if any severe hypersensitivity or skin rash occur.,,,,2019Q2ÃÄ©e·|·s¶i 2022.Q4 DC,¤@¯ë,ª`®g,Äµ »y: ­Yµo¥ÍÄY­«¹L±Ó©Îµo¯lµ¥¤£¾A¯gª¬¡AÀ³§Y°±ÃÄ¨Ã½Ð±ÐÂå®v,,,0,0,¬O,1.0,,§_,¬O,§_,½Æ¤è,,¥i¥Î,°±¥Î,¤£¥i¿i,¬O,,1.00,1.00,2.00,2.00,7,7,1,1,2.00,8.00,0.40,0.10,,¦³¹Ï¤ù,,0,,0,,J01DH51,,,,,0.50,g,2.00,g,VIAL,,°·«Oµ¹¥I,°·«Oµ¹¥I,IMIPENEM 500MG + CILASTATIN 500MG,J01DH51,BC26741277,§_,Liquid,IVSOL,,,500.00,mg,0,mL,¥²¶·µ}ÄÀ,³æ¦¸¿éª`,PH006,202307281519,236.00,283.00
ITIG1,19960101,99999999,°±¥Î,BayTet 250 IU,BayTet 250 IU,Tetanus Immune Globulin Human,IM,,HIMM,IM-03-00,°w¾¯,VAL,HyperTET S/D,«D²Õ®M,Á{±ÄÃÄ¡A½Ð³qª¾ÃÄ§½¥~ÁÊ,,­Ó®×Á{±Ä,¬O,¤£¥i¥ÎÃÄ¥]¾÷,,¤@¯ë,Á`¶q¶i¦ì,¾AÀ³¯g:¬°¯}¶Ë­·§K¬Ì²y³J¥Õ,,,,,(B),,,,,,BayTet 250 IU,,,§_,¬O,,,,,,,,,¤@¯ë,ª`®g,Äµ »y:½Ð¸m©óÄá¤ó 2-8 «×¦B½cÁ×¥ú§NÂÃ«O¦s¡C,,,,,¬O,1.0,,§_,§_,§_,³æ¤è,§_,¥i¥Î,¥i¥Î,¤£¥i¿i,¬O,,1.00,1.00,20.00,20.00,1,1,1,1,20.00,20.00,0,0,,µL¹Ï¤ù,,0,,0,,J06BB02,,,,,,,,,VAL,§_,°·«Oµ¹¥I,°·«Oµ¹¥I,TETANUS IMMUNOGLOBULIN,J06BB02,KC00461265,§_,Liquid,SOL,,,,,,,¬Ò¥i,³æ¦¸¿éª`,PH008,201505121939,1440.00,1728.00
ITNL,19960101,99999999,°±¥Î,TNL inj 500mg/100mL,TNL inj 500mg/100mL,Tinidazole,IV,,QANB,AI-01-13,°w¾¯,BOT,TNL,«D²Õ®M,°±¥Î¡A¥i¬dÃþ¦üÃÄ,,­Ó®×Á{±Ä,¬O,¤£¥i¥ÎÃÄ¥]¾÷,,¤@¯ë,Á`¶q¶i¦ì,¾AÀ³¯g:·L¥Íª«·P¬V,,,,,,,,¯S®íÃþ§Ü¥Í¯À,¬Ò¥i¥Î,,TNL inj 500mg/100mL,,,§_,¬O,,,,,,,,,¤@¯ë,ª`®g,Äµ »y:¥»«~»Ý¸m©óÁ×¥ú³±²D°®Àê³B,,,,,¬O,1.0,,§_,§_,§_,³æ¤è,§_,¥i¥Î,¥i¥Î,¤£¥i¿i,¬O,,1.00,1.00,1.00,1.00,999,999,1,1,0,0,0,0,,µL¹Ï¤ù,,0,,0,,J01XD02,,,,,0.50,g,1.50,g,BOT,§_,¤£µ¹¥I¶·¦Û¥I,¤£µ¹¥I¶·¦Û¥I,,,,§_,Liquid,IVSOL,,,,,,,¬Ò¥i,³æ¦¸¿éª`,PH047,202401261715,0,228.00
ITOU,20210114,99999999,¥i¥Î,Toujeo inj 300 Unit/mL¡A 1.5mL Pen,Toujeo inj 300 Unit/mL¡A 1.5mL Pen,Insulin glargine,SC,QDPC,META,ME-01-02,°w¾¯,UNIT,Insulin¡A Long-acting,«D²Õ®M,,,¤@¯ë¥i¥Î,¬O,¥i¥ÎÃÄ¥]¾÷,¥i¥Î,¤@¯ë,Á`¶q¶i¦ì,¾AÀ³¯g:¿}§¿¯f¥ÎÃÄ,,Indication:Control of hyperglycemia.,,¥~ Æ[:¥Õ/ºñ¦â¼ÐÅÒ¡Aª`®gµ§«¬,Appearance: white/green label¡A pre-filled pen.,§C¦å¿},Hypoglycaemia,,¬Ò¥i¥Î,¿}¼w¥Kª`®g¾¯,Toujeo inj 300 Unit/mL,,,,¬O,,¥i¯à¤Þ°_§C¦å¿}¯gª¬(µø¤O¼Ò½k¡B«_§N¦½),,May cause low blood sugar (blurred vision¡A cold sweats).,,¶}«Ê«e½Ð¸m©óÄá¤ó 2-8 «×¦B½c§NÂÃ,Store in a refrigerator (2-8¢XC) before first use.,,¤@¯ë,¤@¯ë,Äµ »y:¥i¯à¤Þ°_§C¦å¿}¯gª¬(µø¤O¼Ò½k¡B«_§N¦½),,,0,0,§_,450.0,,¬O,¬O,§_,³æ¤è,§_,¥i¥Î,¥i¥Î,¤£¥i¿i,¬O,,1.00,1.00,99.00,99.00,100,100,28,1,100.00,100.00,0,0,,¦³¹Ï¤ù,,0,,0,,A10AE04,,,,,0,,0,,¤ä,§_,°·«Oµ¹¥I,°·«Oµ¹¥I,INSULIN GLARGINE,A10AE04,KC01011272,§_,Liquid,SOL,,,450.00,U,1.50,mL,,,PH008,202101141017,561.00,673.00
ITPN1,19960101,99999999,¥i¥Î,TPN-1 Solution,TPN-1 Solution,TPN Solution,IVD,QD,NUTR,NU-04-05,°w¾¯,ML,,«D²Õ®M,,,¤@¯ë¥i¥Î,¬O,¤£¥i¥ÎÃÄ¥]¾÷,,¤£¦LÃÄÅÒ,Á`¶q¶i¦ì,¾AÀ³¯g:¬°10%ÀR¯ßÀç¾i¿éª`²G,,,,,,,,,¥u¥Î©óªù¶E,,TPN-1 Solution,,,§_,¬O,,,,,,,,[Rx_x]ÃÄ§½½Õ¾¯¡A «D¤@¯ë¥æ¥IÃÄ«~¡A³B¤è¶°¤£Åã¥Ü,TPN,ª`®g,Äµ »y:ÃÄ§½½Õ¾¯¡A «D¤@¯ë¥æ¥IÃÄ«~,,,,,§_,1.0,¦³,§_,¬O,¬O,³æ¤è,§_,¥i¥Î,¥i¥Î,¤£¥i¿i,¬O,,1.00,1.00,999.00,999.00,999,999,1,1,2000.00,2000.00,0,0,,µL¹Ï¤ù,,0,,0,,,,,,,,,,,CC,§_,°·«Oµ¹¥I,°·«Oµ¹¥I,,,TPN0501209,§_,Liquid,IVSOL,,,,,,mL,¬Ò¥i,³æ¦¸¿éª`,PH034,202110281009,0.79,2.00
ITPN1A,20130619,99999999,¥i¥Î,TPN-1A Solution (1000mL/bag),TPN-1A Solution (1000mL/bag),TPN-1 Solution,IVD,QD,NUTR,NU-04-05,°w¾¯,ML,,«D²Õ®M,,,¤@¯ë¥i¥Î,¬O,¤£¥i¥ÎÃÄ¥]¾÷,±ø¥ó¤Uµ¹¥I,¦C¦Lªù¶EÃÄÅÒ,Á`¶q¶i¦ì,,,,,,,,,,¥u¥Î©óªù¶E,,TPN-1A Solution (1000mL/bag),,,§_,¬O,,,,,,,,[Rx_x]ÃÄ§½½Õ¾¯¡A «D¤@¯ë¥æ¥IÃÄ«~¡A³B¤è¶°¤£Åã¥Ü,TPN,ª`®g,,,,0,0,§_,1000.0,¦³,§_,¬O,¬O,½Æ¤è,§_,°±¥Î,¥i¥Î,¤£¥i¿i,¬O,,1000.00,1000.00,2000.00,2000.00,7,1,3,1,2000.00,2000.00,0,0,,µL¹Ï¤ù,,0,,0,,,,,,,,,,,ML,,°·«Oµ¹¥I,°·«Oµ¹¥I,,,TPN0501209,§_,,,,,,,1000.00,mL,¬Ò¥i,³æ¦¸¿éª`,PH034,202110281009,0.79,2.00
ITPN2,19960101,99999999,¥i¥Î,TPN-2 Solution,TPN-2 Solution,TPN Solution,IVD,QD,NUTR,NU-04-05,°w¾¯,ML,,«D²Õ®M,,,¤@¯ë¥i¥Î,¬O,¤£¥i¥ÎÃÄ¥]¾÷,,¤£¦LÃÄÅÒ,Á`¶q¶i¦ì,¾AÀ³¯g:¬°20%ÀR¯ßÀç¾i¿éª`²G,,,,,,,,,,,TPN-2 Solution,,,§_,¬O,,,,,,,,[Rx_x]ÃÄ§½½Õ¾¯¡A «D¤@¯ë¥æ¥IÃÄ«~¡A³B¤è¶°¤£Åã¥Ü,TPN,ª`®g,Äµ »y:ÃÄ§½½Õ¾¯¡A «D¤@¯ë¥æ¥IÃÄ«~,,,,,§_,1.0,¦³,§_,¬O,¬O,³æ¤è,§_,¥i¥Î,¥i¥Î,¤£¥i¿i,¬O,,1.00,1.00,999.00,999.00,999,999,1,1,2000.00,2000.00,0,0,,µL¹Ï¤ù,,0,,0,,,,,,,,,,,ML,§_,°·«Oµ¹¥I,°·«Oµ¹¥I,,,TPN0502297,§_,Liquid,IVSOL,,,,,,mL,¬Ò¥i,³æ¦¸¿éª`,PH034,202110281009,0.94,2.00
ITPN2A,20130606,99999999,¥i¥Î,TPN-2A Solution (1500mL/bag),TPN-2 Solution,TPN-2 Solution,IVD,QD,NUTR,NU-04-05,°w¾¯,ML,,«D²Õ®M,,,¤@¯ë¥i¥Î,¬O,¥i¥ÎÃÄ¥]¾÷,±ø¥ó¤Uµ¹¥I,¦C¦Lªù¶EÃÄÅÒ,Á`¶q¶i¦ì,,,,,,,,,,¬Ò¥i¥Î,,TPN-2 Solution,,,§_,¬O,,,,,,,,[Rx_x]ÃÄ§½½Õ¾¯¡A «D¤@¯ë¥æ¥IÃÄ«~¡A³B¤è¶°¤£Åã¥Ü,TPN,ª`®g,,,,0,0,§_,1500.0,¦³,§_,¬O,¬O,½Æ¤è,§_,°±¥Î,¥i¥Î,¤£¥i¿i,¬O,,1500.00,1500.00,3000.00,3000.00,7,1,3,1,3000.00,3000.00,0,0,,µL¹Ï¤ù,,0,,0,,,,,,,,,,,ML,,°·«Oµ¹¥I,°·«Oµ¹¥I,,,TPN0502297,§_,,,,,,,1500.00,mL,¬Ò¥i,³æ¦¸¿éª`,PH034,202110281009,0.94,2.00
ITPN3,19960101,99999999,¥i¥Î,TPN-3 Solution,TPN-3 Solution,TPN Solution,IVD,QD,NUTR,NU-04-05,°w¾¯,ML,,«D²Õ®M,,,¤@¯ë¥i¥Î,¬O,¤£¥i¥ÎÃÄ¥]¾÷,,¤£¦LÃÄÅÒ,Á`¶q¶i¦ì,¾AÀ³¯g:¬°30%ÀR¯ßÀç¾i¿éª`²G,,,,,,,,,,,TPN-3 Solution,,,§_,¬O,,,,,,,,[Rx_x]ÃÄ§½½Õ¾¯¡A «D¤@¯ë¥æ¥IÃÄ«~¡A³B¤è¶°¤£Åã¥Ü,TPN,¤@¯ë,Äµ »y:ÃÄ§½½Õ¾¯¡A «D¤@¯ë¥æ¥IÃÄ«~,,,,,§_,1.0,¦³,§_,¬O,¬O,³æ¤è,§_,¥i¥Î,¥i¥Î,¤£¥i¿i,¬O,,1.00,1.00,999.00,999.00,999,999,1,1,2000.00,2000.00,0,0,,µL¹Ï¤ù,,0,,0,,,,,,,,,,,CC,§_,¤£µ¹¥I¶·¦Û¥I,¤£µ¹¥I¶·¦Û¥I,,,,§_,Liquid,IVSOL,,,,,,mL,¬Ò¥i,³æ¦¸¿éª`,PH034,202110281009,0,2.00
ITPNH,19960101,99999999,°±¥Î,TPN-H Solution,TPN-H Solution,TPN Solution,IV,,NUTR,NU-04-05,°w¾¯,ML,,«D²Õ®M,°±¥Î,,¤@¯ë¥i¥Î,¬O,¤£¥i¥ÎÃÄ¥]¾÷,,¤£¦LÃÄÅÒ,Á`¶q¶i¦ì,¾AÀ³¯g:¬°ÀR¯ßÀç¾i¿éª`²G,,,,,,,,,,,TPN-H Solution,,,§_,¬O,,,,,,,,ÃÄ§½½Õ¾¯¡A «D¤@¯ë¥æ¥IÃÄ«~,TPN,¤@¯ë,Äµ »y:ÃÄ§½½Õ¾¯¡A «D¤@¯ë¥æ¥IÃÄ«~,,,,,§_,1.0,,§_,§_,§_,³æ¤è,§_,¥i¥Î,¥i¥Î,¤£¥i¿i,¬O,,1.00,1.00,999.00,999.00,999,999,1,1,2000.00,2000.00,0,0,,µL¹Ï¤ù,,0,,0,,,,,,,,,,,ML,§_,°·«Oµ¹¥I,°·«Oµ¹¥I,,,TPN0505297,§_,Liquid,IVSOL,,,,,,,¬Ò¥i,³æ¦¸¿éª`,PH006,201501051530,0.72,2.00
ITPNP1,19960101,99999999,¥i¥Î,TPN-P1 Solution (Ped.),TPN-P1 Solution (Ped.),TPN Solution,IVD,,NUTR,NU-04-05,°w¾¯,ML,,«D²Õ®M,,,¤@¯ë¥i¥Î,¬O,¤£¥i¥ÎÃÄ¥]¾÷,,¤£¦LÃÄÅÒ,Á`¶q¶i¦ì,¾AÀ³¯g:¬°ÀR¯ßÀç¾i¿éª`²G,,,,,,,,,,,TPN-P1 Solution (Ped.),,,§_,¬O,,,,,,,,[Rx_x]ÃÄ§½½Õ¾¯¡A «D¤@¯ë¥æ¥IÃÄ«~¡A³B¤è¶°¤£Åã¥Ü,TPN,¤@¯ë,Äµ »y:ÃÄ§½½Õ¾¯¡A «D¤@¯ë¥æ¥IÃÄ«~,,,,,§_,1.0,¦³,§_,¬O,§_,³æ¤è,§_,¥i¥Î,¥i¥Î,¤£¥i¿i,¬O,,1.00,1.00,999.00,999.00,999,999,1,1,500.00,500.00,0,0,,µL¹Ï¤ù,,0,,0,,,,,,,,,,,CC,§_,°·«Oµ¹¥I,°·«Oµ¹¥I,,,TPN0506255,§_,Liquid,IVSOL,,,,,,mL,¬Ò¥i,³æ¦¸¿éª`,PH034,202110281009,1.10,10.00
ITPNP2,19960101,99999999,¥i¥Î,TPN-P2 Solution (Ped.),TPN-P2 Solution (Ped.),TPN Solution,IVD,,NUTR,NU-04-05,°w¾¯,ML,,«D²Õ®M,,,¤@¯ë¥i¥Î,¬O,¤£¥i¥ÎÃÄ¥]¾÷,,¤£¦LÃÄÅÒ,Á`¶q¶i¦ì,¾AÀ³¯g:¬°ÀR¯ßÀç¾i¿éª`²G,,,,,,,,,,,TPN-P2 Solution (Ped.),,,§_,¬O,,,,,,,,[Rx_x]ÃÄ§½½Õ¾¯¡A «D¤@¯ë¥æ¥IÃÄ«~¡A³B¤è¶°¤£Åã¥Ü,TPN,¤@¯ë,Äµ »y:ÃÄ§½½Õ¾¯¡A «D¤@¯ë¥æ¥IÃÄ«~,,,,,§_,1.0,¦³,§_,¬O,§_,³æ¤è,§_,¥i¥Î,¥i¥Î,¤£¥i¿i,¬O,,1.00,1.00,999.00,999.00,999,999,1,1,1000.00,1000.00,0,0,,µL¹Ï¤ù,,0,,0,,,,,,,,,,,ML,§_,°·«Oµ¹¥I,°·«Oµ¹¥I,,,TPN0507255,§_,Liquid,IVSOL,,,,,,mL,¬Ò¥i,³æ¦¸¿éª`,PH034,202110281009,1.31,10.00
ITPNP3,19960101,99999999,¥i¥Î,TPN-P3 Solution (Ped.),TPN-P3 Solution (Ped.),TPN Solution,IVD,,NUTR,NU-04-05,°w¾¯,ML,,«D²Õ®M,,,¤@¯ë¥i¥Î,¬O,¤£¥i¥ÎÃÄ¥]¾÷,,¤£¦LÃÄÅÒ,Á`¶q¶i¦ì,¾AÀ³¯g:¬°ÀR¯ßÀç¾i¿éª`²G,,,,,,,,,,,TPN-P3 Solution (Ped.),,,§_,¬O,,,,,,,,[Rx_x]ÃÄ§½½Õ¾¯¡A «D¤@¯ë¥æ¥IÃÄ«~¡A³B¤è¶°¤£Åã¥Ü,TPN,¤@¯ë,Äµ »y:ÃÄ§½½Õ¾¯¡A «D¤@¯ë¥æ¥IÃÄ«~,,,,,§_,1.0,¦³,§_,¬O,§_,³æ¤è,§_,¥i¥Î,¥i¥Î,¤£¥i¿i,¬O,,1.00,1.00,999.00,999.00,999,999,1,1,1000.00,1000.00,0,0,,µL¹Ï¤ù,,0,,0,,,,,,,,,,,CC,§_,°·«Oµ¹¥I,°·«Oµ¹¥I,,,TPN0508255,§_,Liquid,IVSOL,,,,,,mL,¬Ò¥i,³æ¦¸¿éª`,PH034,202110281010,1.52,10.00
ITPNR,19960101,99999999,¥i¥Î,TPN-R Solution,TPN-R Solution,TPN Solution,IVD,QD,NUTR,NU-04-05,°w¾¯,ML,,«D²Õ®M,,,¤@¯ë¥i¥Î,¬O,¤£¥i¥ÎÃÄ¥]¾÷,,¤£¦LÃÄÅÒ,Á`¶q¶i¦ì,¾AÀ³¯g:¬°ÀR¯ßÀç¾i¿éª`²G,,,,,,,,,,,TPN-R Solution,,,§_,¬O,,,,,,,,[Rx_x]ÃÄ§½½Õ¾¯¡A «D¤@¯ë¥æ¥IÃÄ«~¡A³B¤è¶°¤£Åã¥Ü,TPN,¤@¯ë,Äµ »y:ÃÄ§½½Õ¾¯¡A «D¤@¯ë¥æ¥IÃÄ«~,,,,,§_,1.0,¦³,§_,¬O,¬O,³æ¤è,§_,¥i¥Î,¥i¥Î,¤£¥i¿i,¬O,,1.00,1.00,999.00,999.00,999,999,1,1,2000.00,2000.00,0,0,,µL¹Ï¤ù,,0,,0,,,,,,,,,,,ML,§_,°·«Oµ¹¥I,°·«Oµ¹¥I,,,TPN05042CT,§_,Liquid,IVSOL,,,,,,mL,¬Ò¥i,³æ¦¸¿éª`,PH034,202110281010,0.80,2.00
ITRA,19960101,99999999,°±¥Î,Trace Element inj 10mL,Trace Element inj 10mL,Zn + Cu + Mn + Cr + Iodide,IVA,QD,NUTR,NU-02-00,°w¾¯,VAL,Trace Element,«D²Õ®M,°±¥Î,,¤@¯ë¥i¥Î,¬O,¤£¥i¥ÎÃÄ¥]¾÷,,¤@¯ë,Á`¶q¶i¦ì,¾AÀ³¯g:¾N¡A »É¡A ¿ø¡A »Ì¡A ¸K¤§ÀR¯ßÀç¾i¸É¥R,,Indication: zinc¡A Cu¡A Mg¡A chromium¡A iodide supplement in TPN,,¥~ Æ[:³z©ú¤p²~(Vial)¡A¾ï¦â¥~»\¡A¥Õ¦â²Hºñ¦â¬Û¶¡¥~¶K¯È,Appearance: 10mL colorless vial,,,,¥u¥Î©óªù¶E¤Î¦í°|STAT,·L¶q¤¸¯Àª`®g²G,Trace Element inj 10mL,,,§_,¬O,,¥»ÃÄ¤@©w­n¸gµ}ÄÀ¹L«á¨Ï¥Î,,Should be diluted before injecting.,,,,,¤@¯ë,ª`®g,Äµ »y:¥»ÃÄ¤@©w­n¸gµ}ÄÀ¹L«á¨Ï¥Î,,,,,¬O,1.0,,§_,¬O,§_,³æ¤è,§_,¥i¥Î,¥i¥Î,¤£¥i¿i,¬O,,0.10,0.10,0.10,0.10,999,999,10,10,1.00,1.00,0,0,,¦³¹Ï¤ù,,0,,0,,B05XA31,B05BB01,,,,,,,,VAL,§_,°·«Oµ¹¥I,°·«Oµ¹¥I,ELECTROLYTES,B05XA31,AC33223229,§_,Liquid,IVSOL,,,,,10.00,mL,¥²¶·µ}ÄÀ,³æ¦¸¿éª`,PH034,202108240931,95.00,119.00
ITRA2,20050704,99999999,°±¥Î,Tracrium inj 25mg /2.5mL,Tracrium inj 25mg /2.5mL,Atracurium Besylate,IVD,,CNEU,CN-03-02,°w¾¯,AMP,Tracrium,«D²Õ®M,°±¥Î,,¤@¯ë¥i¥Î,¬O,¤£¥i¥ÎÃÄ¥]¾÷,,¦C¦L¦í°|ÃÄÅÒ,¦¸­p¶q¶i¦ì,¾AÀ³¯g:¤â³N®É¤§°©Àf¦ÙÃP¦¢,,Indication:Relax skeletal muscles during surgery or,controlled ventilation.,¥~ Æ[:³z©ú¦wÞÀ(amp)¡A¥Õ¦âÂÅ¦â¬Û¶¡¥~¶K¯È,Appearance: 2.5 mL ampoule,¥Ö½§¼é¬õ¡A »´«×§C¦åÀ£¡A ¤ä®ðºÞµjÅË,Skin flushing¡A mild transient hypotension¡A bronchospasm.,,¥u¥Î©óªù¶E¤Î¦í°|STAT,§´¶}¥ßª`®g¾¯,Tracrium inj 25mg /2.5mL,,,§_,¬O,,¥»«~»Ý( ÂÐ®Ö ),,,,,,,¤@¯ë,ª`®g,Äµ»y:¥»«~»Ý( ÂÐ®Ö ),Äµ °ªÄµ°T,,,,¬O,1.0,,¬O,¬O,§_,³æ¤è,§_,¥i¥Î,¥i¥Î,¤£¥i¿i,¬O,,1.00,1.00,2.00,2.00,999,999,1,1,2.00,2.00,0,0,,¦³¹Ï¤ù,,0,,0,,M03AC04,,,,,,,,,AMP,§_,°·«Oµ¹¥I,°·«Oµ¹¥I,CISATRACURIUM 5.00 MG/ATRACURIUM 25.00 MG,M03AC04,BC13148214,§_,Liquid,IVSOL,,,25.00,mg,2.50,mL,¬Ò¥i,³æ¦¸¿éª`,PH008,201907221647,51.00,64.00
ITRA5,20070401,99999999,¥i¥Î,Tractocile inj 5mL (7.5mg/mL) infusion,Tractocile inj 5mL (7.5mg/mL) infusion,Atosiban,IVD,QD,SGU,UR-02-00,°w¾¯,VAL,Tractocile,«D²Õ®M,,,¤@¯ë¥i¥Î,¬O,¥i¥ÎÃÄ¥]¾÷,±ø¥ó¤Uµ¹¥I,¦C¦L¦í°|ÃÄÅÒ,¦¸­p¶q¶i¦ì,¾AÀ³¯g:©µ¿ð¦­²£¡A »Ý§NÂÃÀx¦s,,Indication:Delay imminent preterm birth in pregnant women.,,¥~ Æ[:³z©ú¤p²~(Vial)¡A ÂÅ¦â¥~»\¡A ¥Õ¦â¥~¶K¯È,,äú¤ß¡A ÀYµh¡A ·w¯t¡A ¼é¼ö¡A ¹Ã¦R¡A ¤ß±ª,Nausea¡A headache¡A dizziness¡A hot flushes¡A vomiting¡A tachycardia,,¥u¥Î©ó¦í°|,¥¥«O¹ç¿@ÁYª`®g²G,Tractocile 5mL infusion,,,§_,¬O,,»Ý¦æ½wºC¤§ÀR¯ßª`®g,,,,³Æµù:½Ð¸m©óÄá¤ó 2-8 «×¦B½c§NÂÃ,Store in a refrigerator (2-8¢XC).,,¤@¯ë,ª`®g,Äµ »y: »Ý¦æ½wºC¤§ÀR¯ßª`®g,,,,,¬O,1.0,,§_,¬O,¬O,³æ¤è,§_,°±¥Î,°±¥Î,¤£¥i¿i,¬O,,1.00,1.00,10.00,10.00,1,2,1,1,30.00,30.00,0,0,,¦³¹Ï¤ù,,0,,0,,G02CX01,,,,,,,,,VAL,,°·«Oµ¹¥I,°·«Oµ¹¥I,ATOSIBAN,G02CX01,BC24561221,§_,Liquid,IVSOL,,,37.50,mg,5.00,mL,¤£»Ýµ}ÄÀ,¬Ò¥i,PH008,202301051124,1935.00,2322.00
ITRA9,20070401,99999999,°±¥Î,Tractocile inj 7.5mg/mL¡A 0.9mL,Tractocile inj 7.5mg/mL¡A 0.9mL,Atosiban,IV,ST,SGU,UR-02-00,°w¾¯,VAL,Tractocile,«D²Õ®M,°±¥Î,ITRA5,¤w°±¥Î,¬O,¤£¥i¥ÎÃÄ¥]¾÷,,¦C¦L¦í°|ÃÄÅÒ,Á`¶q¶i¦ì,¾AÀ³¯g: ©µ¿ð¦­²£,,Indication: Delay imminent preterm birth in pregnant women.,,¥~ Æ[: ³z©ú¤p²~(VAIL)¡A¥Õ¦â¥~¶K¯È,,äú¤ß¡A ÀYµh¡A ·w¯t¡A ¼é¼ö¡A ¹Ã¦R¡A ¤ß±ª,Nausea¡A headache¡A dizziness¡A hot flushes¡A vomiting¡A tachycardia,,¬Ò¥i¥Î,¥¥«O¹çª`®g¾¯,Tractocile inj 7.5mg/mL¡A 0.9,,,§_,¬O,,»Ý¦æ½wºC¤§ÀR¯ßª`®g,,,,,,,¤@¯ë,ª`®g,Äµ »y: »Ý¦æ½wºC¤§ÀR¯ßª`®g,,,,,¬O,1.0,,§_,§_,¬O,³æ¤è,§_,¥i¥Î,¥i¥Î,¤£¥i¿i,¬O,,1.00,1.00,2.00,2.00,1,1,1,1,0,0,0,0,,µL¹Ï¤ù,,0,,0,,,,,,,,,,,VAL,,¤£µ¹¥I¶·¦Û¥I,¤£µ¹¥I¶·¦Û¥I,,,,§_,Liquid,IVSOL,,,,,,,¬Ò¥i,³æ¦¸¿éª`,PH008,201403201344,0,1158.00
ITRAD,19960101,99999999,¥i¥Î,Trandate °w¾¯ 25mg/5mL,Trandate inj 25mg/5mL,Labetalol,IVD,,CAVS,CV-04-02,°w¾¯,AMP,Trandate,«D²Õ®M,,ICHE,¤@¯ë¥i¥Î,¬O,¥i¥ÎÃÄ¥]¾÷,,¤@¯ë,¦¸­p¶q¶i¦ì,¾AÀ³¯g:°ª¦åÀ£,,Indication:Hypertension.,,¥~ Æ[:³z©ú¦wÞÀ(amp)¡A¥Õ¦â¥~¶K¯È,Appearance: 5mL colorless amp.,ÀYµh¡A ¯h­Â¡A ·w¯t¡A §íÆ{¡A »ó¥R¦å,Headache¡A tiredness¡A dizziness¡A depressed mood¡A nasal congestion.,,¬Ò¥i¥Î,´ø®õ§Cª`®g²G,Trandate inj 25mg/5mL,,,¬O,¬O,,¥i¯à¦³®É·|Ä±±oÀY·w¡A ©ü¯t¡A ½ÐÁ×§K§Ö³tªº°Ê§@©Î«º¶ÕÅÜ¤Æ,,May cause dizziness or drowsiness. Take care to avoid sudden movement.,,,,,¤@¯ë,ª`®g,Äµ »y:¥i¯à¦³®É·|Ä±±oÀY·w¡B©ü¯t¡A½ÐÁ×§K§Ö³tªº°Ê§@©Î«º¶ÕÅÜ¤Æ,,ª`®g¾¯,,,¬O,1.0,,§_,¬O,§_,³æ¤è,§_,°±¥Î,°±¥Î,¤£¥i¿i,¬O,,1.00,1.00,20.00,20.00,999,999,1,1,96.00,96.00,1.44,0.04,,¦³¹Ï¤ù,,25.00,mg,0,,C07AG01,,,,,,,,,AMP,§_,°·«Oµ¹¥I,°·«Oµ¹¥I,LABETALOL,C07AG01,AC32350221,§_,Liquid,IVSOL,,,25.00,mg,5.00,mL,¬Ò¥i,³æ¦¸\«ùÄò¿éª`,PH034,201811011651,70.00,88.00
ITRAM,20160615,99999999,¥i¥Î,Tramtor inj 100mg/2mL,Tramtor inj 100mg/2mL,Tramadol,IM,STAT,CNEU,CN-01-01,°w¾¯,AMP,Tramadol,«D²Õ®M,,,¤@¯ë¥i¥Î,¬O,¥i¥ÎÃÄ¥]¾÷,¥i¥Î,¤@¯ë,¦¸­p¶q¶i¦ì,¾AÀ³¯g:ÄY­«¤§«æºC©Ê¯kµh¡C,,Indication:Relief of moderate to moderately-severe pain,,¥~ Æ[:2mL ¦wÞÀ,Appearance: 2mL ampoule,µo¦½¡B¯t·w¡Bäú¤ß¡B¹Ã¦R¡B¤f°®¡B¯h³Ò,Diaphoresis¡A dizziness¡A nausea¡A vomiting¡A xerostomia¡A weakness,,¬Ò¥i¥Î,¹yµh¯Sª`®g²G (ÆQ»Ä§´¬ü«×),Tramtor inj 100mg/2mL,,,¬O,¬O,,¥»«~¥i¯à·|­°§C±zªºª`·N¤O¡BÄµÄ±©Ê¤Î°Ê§@¨ó½Õ¯à¤O,,May cause dizziness¡A weakness¡A lack of coordination.,,,,,¤@¯ë,¥|¯ÅºÞ¨î,Äµ »y:¥»«~¥i¯à·|­°§C±zªºª`·N¤O¡BÄµÄ±©Ê¤Î°Ê§@¨ó½Õ¯à¤O,LA ¥~Æ[¬Û¦ü,,0,0,¬O,1.0,,§_,¬O,§_,³æ¤è,§_,°±¥Î,¥i¥Î,¤£¥i¿i,¬O,,1.00,1.00,1.00,1.00,1,7,1,1,4.00,4.00,0,0,,¦³¹Ï¤ù,,0,,0,,N02AX02,,,,,0,,0,,AMP,,°·«Oµ¹¥I,°·«Oµ¹¥I,TRAMADOL,N02AX02,AC38145212,,Liquid,IVSOL,,,100.00,mg,2.00,mL,¥²¶·µ}ÄÀ,³æ¦¸¿éª`,PH047,202305111827,23.30,30.00
ITRAN,20130320,99999999,¥i¥Î,Transamin inj 250mg/5mL,Transamin inj 250mg/5mL,Tranexamic Acid,IVD,,HEMT,HE-05-00,°w¾¯,AMP,Transamin,«D²Õ®M,,,¤@¯ë¥i¥Î,¬O,¥i¥ÎÃÄ¥]¾÷,¥i¥Î,¤@¯ë,¦¸­p¶q¶i¦ì,¾AÀ³¯g: ¥Dªv¥X¦å¯gª¬,,Indication: Hemorrhage.,,¥~ Æ[: 5 mL ¦wÞÀ(amp),Appearance: 5 mL Ampoule,®ø¤Æ¤£¨}¡A äú¤ß¡A ¹Ã¦R¡A ¸¡Âm¡A ¤ß¨`¼ö¡BµjÅË,Dyspepsia¡A nausea¡A vomiting¡A diarrhea¡A heartburn¡A seizure,,¬Ò¥i¥Î,Â_¦åª¢ª`®g²G 5%¡A 5²@¤É,Transamin inj 250mg/5mL,,,§_,¬O,,»Ý¦æ½wºC¤§ÀR¯ßª`®g,,Direct IV administration should be given slowly,,,,,¤@¯ë,¤@¯ë,Äµ »y: »Ý¦æ½wºC¤§ÀR¯ßª`®g,,ª`®g¾¯,0,0,¬O,1.0,,¬O,¬O,§_,³æ¤è,§_,°±¥Î,¥i¥Î,¤£¥i¿i,¬O,,1.00,1.00,8.00,8.00,999,999,1,1,40.00,40.00,0.32,0.08,,¦³¹Ï¤ù,,250.00,mg,0,,B02AA02,,,,,,,,,AMP,,°·«Oµ¹¥I,°·«Oµ¹¥I,TRANEXAMIC ACID,B02AA02,AC45154221,§_,Liquid,IVSOL,,,250.00,mg,5.00,mL,¬Ò¥i,³æ¦¸¿éª`,PH047,202311151415,15.00,20.00
ITRAS,19960101,99999999,°±¥Î,Transamin S °w¾¯ 10% 10mL,Transamin S inj 10% 10mL,Tranexamic Acid,IVD,,HEMT,HE-05-00,°w¾¯,AMP,Transamin,«D²Õ®M,°±¥Î¡A¥i¬dÃþ¦üÃÄ,,¤@¯ë¥i¥Î,¬O,¥i¥ÎÃÄ¥]¾÷,,¤@¯ë,¦¸­p¶q¶i¦ì,¾AÀ³¯g:¥Dªv¥X¦å¯gª¬,,Indication:Hemorrhage.,,¥~ Æ[:³z©ú¦wÞÀ(amp)¡A ¥Õ¦â¥~¶K¯È¡A ºñ¦â¦r¼Ë,,®ø¤Æ¤£¨}¡A äú¤ß¡A ¹Ã¦R¡A ¸¡Âm¡A ¤ß¨`¼ö,Dyspepsia¡A nausea¡A vomiting¡A diarrhea¡A heartburn.,,,Â_¦åª¢Sª`®g²G,Transamin S inj 10% 10mL,,,§_,¬O,,»Ý¦æ½wºC¤§ÀR¯ßª`®g,,Direct IV administration should be given slowly,,,,,¤@¯ë,ª`®g,Äµ »y: »Ý¦æ½wºC¤§ÀR¯ßª`®g,,,,,¬O,1.0,,§_,§_,§_,³æ¤è,§_,°±¥Î,¥i¥Î,¤£¥i¿i,¬O,,1.00,1.00,1.00,1.00,999,999,1,1,0,0,0,0,,¦³¹Ï¤ù,,0,,0,,B02AA02,,,,,,,,,AMP,§_,°·«Oµ¹¥I,°·«Oµ¹¥I,TRANEXAMIC ACID,B02AA02,B018189229,§_,Liquid,IVSOL,,,,,,,¬Ò¥i,³æ¦¸¿éª`,PH008,201403201344,37.60,49.00
ITREM,20210401,99999999,¥i¥Î,Tremfya inj 100mg/1mL,Tremfya inj 100mg/1mL,Guselkumab,SC,ASORDER,HIMM,IM-04-00,°w¾¯,¤ä,Tremfya,«D²Õ®M,Á{±ÄÃÄ¡A½Ð³qª¾ÃÄ§½¥~ÁÊ,,¥»°|Á{±Ä²M³æ,¬O,¥i¥ÎÃÄ¥]¾÷,±ø¥ó¤Uµ¹¥I,¤@¯ë,¦¸­p¶q¶i¦ì,¾AÀ³¯g:´³¶ô©Ê°®Å~¡B°®Å~©ÊÃö¸`ª¢¤Î´xðùÁw¯p¯g,,Indication:Plaque psoriasis¡A Psoriatic arthritis,,¥~ Æ[:¹w¥R¶ñ¦¡°wµ©¸Ë,Appearance: Prefilled syringe,©I§l¹D·P¬V¡AÀYµh¡Aª`®g³¡¦ì¤ÏÀ³¡AÃö¸`µh,Respiratory tract infection¡A headache¡A injection site reaction¡A arthralgia,,¥u¥Î©óªù¶E¤Î¦í°|STAT,¯S¿Õ¶®ª`®g²G,Tremfya inj 100mg/1mL,,,,¬O,,2-8¢J«O¦s¡A¤Å§N­á¡A¤Å®¶·n,¤Á¤Å´|À¿ª`®g³¡¦ì¡Cª`®g«e½Ð¸Ô¾\ª`®g¤è¦¡»¡©ú,Store at 2-8oC.Don't freeze.Don't shake.Don't rub the injection site.,before injection¡A please read Instructions for preparation and administration,¤Á¤Å±N¥»ÃÄª`¤J¥Ö½§¦³Ä²µh¡B·ï¶Ë¡Bµo¬õ¡BÅÜµw¡BÅÜ«p¡BÅì®h©Î¨ü°®Å~«I¥Çªº°Ï°ì,Don't inject Tremfya into abnormal skin(tender/bruised/red/hard/thick/scaly),2021Q1ÃÄ©e³q¹LÁ{±Ä²M³æ,¤@¯ë,ª`®g,2-8¢J«O¦s¡A¤Å§N­á¡A¤Å®¶·n¡A ¤Á¤Å´|À¿ª`®g³¡¦ì,,,0,0,§_,1.0,,§_,¬O,§_,³æ¤è,,°±¥Î,,¤£¥i¿i,§_,,1.00,1.00,1.00,1.00,999,999,1,1,1.00,1.00,0,0,,¦³¹Ï¤ù,,0,,0,,L04AC16,,,,,0,,0,,¤ä,¬O,°·«Oµ¹¥I,°·«Oµ¹¥I,GUSELKUMAB,L04AC16,KC01077209,,Liquid,SOL,,,100.00,mg,1.00,mL,,,PH034,202104201552,64732.00,77678.00
ITRI,19960101,99999999,°±¥Î,Tridil inj 25mg/5mL,Tridil inj 25mg/5mL,Nitroglycerin,IVD,,CAVS,CV-02-00,°w¾¯,AMP,NTG,«D²Õ®M,°±¥Î,IMIL,¤@¯ë¥i¥Î,¬O,¤£¥i¥ÎÃÄ¥]¾÷,,¤@¯ë,¦¸­p¶q¶i¦ì,¾AÀ³¯g:°ª¦åÀ£¡B¤ß¦Ù±ð¶ë¡B¤ß°IºÜµ¥,,,,,,,,,,,Tridil inj 25mg/5mL,,,§_,¬O,,,,,,,,,¤@¯ë,ª`®g,Äµ »y:®e¾¹¤Î¿é²G®M»Ý¨Ï¥Înon-PVC§÷½è,,,,,¬O,1.0,,§_,§_,§_,³æ¤è,§_,¥i¥Î,¥i¥Î,¤£¥i¿i,¬O,,1.00,1.00,1.00,2.00,999,999,1,1,0,0,0,0,,µL¹Ï¤ù,,0,,0,,,,,,,,,,,AMP,§_,¤£µ¹¥I¶·¦Û¥I,¤£µ¹¥I¶·¦Û¥I,,,,§_,Liquid,IVSOL,,,,,,,¬Ò¥i,³æ¦¸¿éª`,PH008,201403201344,0,258.00
ITRI1,20160901,99999999,¥i¥Î,Triamcinolone 10mg/1mL,Triamcinolone 10mg/1mL,Triamcinolone,INS,,HM,HR-01-00,°w¾¯,AMP,Kenacort-A,«D²Õ®M,,ISIV1,¤@¯ë¥i¥Î,¬O,¥i¥ÎÃÄ¥]¾÷,¥i¥Î,¤@¯ë,Á`¶q¶i¦ì,¾AÀ³¯g: Ãö¸`ª¢¡A ¥Ö½§ª¢¡A ®ð³Ý¡A ¯«¸gµhµ¥,,Indication:Anti-inflammatory.,,¥~ Æ[:ºñ¦â¦rÅé¦L¨ê¡A1mL¦wÞÀ,Appearance: 1mL ampoule,°ª¦åÀ£¡A®w¿³¤ó¯g¡A¥Ö½§µäÁY¡A¸z­G¯gª¬,Hypertension¡A Cushing's syndrome¡A skin atrophy¡A GI disorders,,¬Ò¥i¥Î,¦w¦è¿Õ¶©ª`®g²G,Triamcinolone 10mg/1mL inj,,,§_,¬O,,¥»«~¥u¯à¥H¦Ù¦×©ÎÃö¸`¤ºª`®g¡A ¤£¥i¦æÀR¯ß©Î¥Ö¤ºª`®g,,for IM or Intra-articular injection use only.,,¨Ï¥Î«e¶·¥R¤À¾_·n¨ÏÄa¿B²G§¡¤Ã,Shake ampoule well before use to insure a uniform suspension.,,¤@¯ë,ª`®g,Äµ »y:¥»«~¥u¯à¥H¦Ù¦×©ÎÃö¸`¤ºª`®g¡A¤£¥i¦æÀR¯ß©Î¥Ö¤ºª`®g,SA «÷­µ¬Û¦ü,,0,0,¬O,1.0,,§_,¬O,§_,³æ¤è,§_,°±¥Î,¥i¥Î,¤£¥i¿i,¬O,,1.00,1.00,4.00,4.00,99,99,1,1,16.00,16.00,0,0,,¦³¹Ï¤ù,,0,,0,,H02AB08,,,,,0,,0,,AMP,,°·«Oµ¹¥I,°·«Oµ¹¥I,TRIAMCINOLONE,H02AB08,AB13578209,§_,Liquid,SOL,,,10.00,mg,1.00,mL,,,PH047,202312131625,18.70,24.00
ITRI4,20070912,99999999,¥i¥Î,4% TRIAMCINOLONE 40mg/1mL,4% Triamcinolone 40mg/1mL,Triamcinolone,IM,STAT,HM,HR-01-00,°w¾¯,AMP,Lederspan,«D²Õ®M,,,¤@¯ë¥i¥Î,¬O,¤£¥i¥ÎÃÄ¥]¾÷,¥i¥Î,¤@¯ë,¦¸­p¶q¶i¦ì,¾AÀ³¯g:Ãö¸`ª¢¡A ¥Ö½§ª¢¡A ®ð³Ý¡A ¯«¸gµhµ¥,,Indication:Anti-inflammatory.,,¥~ Æ[:1 mL¦wÞÀ¸Ë¡A ¬õ¦â¦rÅé¦L¨ê,Appearance: 1 mL ampoule,°ª¦åÀ£¡A®w¿³¤ó¯g¡A¥Ö½§µäÁY¡A¸z­G¯gª¬,Hypertension¡A Cushing's syndrome¡A skin atrophy¡A GI disorders,,¬Ò¥i¥Î,¦w¦è¿Õ¶©,4% Triamcinolone 40mg/1mL,,,§_,¬O,,¥»«~¥u¯à¥H¦Ù¦×©ÎÃö¸`¤ºª`®g¡A ¤£¥i¦æÀR¯ß©Î¥Ö¤ºª`®g,,for IM or Intra-articular injection use only.,,¨Ï¥Î«e¶·¥R¤À¾_·n¨ÏÄa¿B²G§¡¤Ã,Shake ampoule well before use to insure a uniform suspension.,,¤@¯ë,¤@¯ë,Äµ »y:¥»«~¥u¯à¥H¦Ù¦×©ÎÃö¸`¤ºª`®g¡A¤£¥i¦æÀR¯ß©Î¥Ö¤ºª`®g,SA «÷­µ¬Û¦ü,,,,¬O,1.0,,§_,¬O,§_,³æ¤è,§_,¥i¥Î,¥i¥Î,¤£¥i¿i,¬O,,1.00,1.00,2.00,2.00,99,99,1,1,4.00,4.00,0,0,,¦³¹Ï¤ù,,0,,0,,H02AB08,,,,,,,,,AMP,,°·«Oµ¹¥I,°·«Oµ¹¥I,TRIAMCINOLONE,H02AB08,AB14914209,§_,Liquid,SOL,,,40.00,mg,1.00,mL,,,PH008,202104130942,20.70,27.00
ITRO,20230902,99999999,¥i¥Î,Trodelvy inj 180mg,Trodelvy inj 180mg,Sacituzumab govitecan,IVD,STAT,RACA,ON-09-07,°w¾¯,mg,Trodelvy,«D²Õ®M,Á{±ÄÃÄ¡A½Ð³qª¾ÃÄ§½¥~ÁÊ,,¥»°|Á{±Ä²M³æ,¬O,¥i¥ÎÃÄ¥]¾÷,°·«O¤£µ¹¥I,¤@¯ë,Á`¶q¶i¦ì,¾AÀ³¯g:ªvÀø¤T³±©Ê¨ÅÀù¡C,°t»s«á«O¦s´Á­­¡G24hrs(2-8¢XC)¡A8hrs(20-25¢XC)¡A°t»s®É¶¡¡G,Indication:Treatment for triple-negative breast cancer.,,¥~ Æ[:50mL³z©ú¬Á¼þ¤p²~¡A¤º¦³¥Õ¦Ü²H¶À¦â­á´¹°®Àê¯»¥½,Appearance:50mL transparent glass vial with white powder.,¸¡Âm¡B¹L±Ó©Î¿éª`¤ÏÀ³¡Bäú¤ß¹Ã¦R¡B¶Ý¤¤©Ê¥Õ¦å²y´î¤Ö¯g¡C,Diarrhea¡A allergies or infusion reactions¡A nausea¡A vomiting¡A and neutropenia.,,¥u¥Î©óªù¶E¤Î¦í°|STAT,©Ý¹Fºûª`®g¾¯,Trodelvy,,,,¬O,,Á×¥ú§NÂÃÀx¦s(2-8¢XC)¡A½Ð¤Å§N­á©Î®¶·n¡C,ªvÀø¤¤¤Î³Ì«á¤@¦¸µ¹ÃÄ«á6­Ó¤ë¤ºÀ³Á×¥¥¡B1­Ó¤ë¤º¤£¥i­÷¨Å¡C,Store at 2-8¢XC¡A protect from light and do not freeze or shake.,Use contraception and avoid breastfeeding during and after treatment.,¶È¨ÑÀR¯ß¿éª`µ¹ÃÄ¡A¿é²G³UÀ³Á×¥úª½¨ìµ¹ÃÄ§¹¦¨¡C,For intravenous use¡A protect from light during administration.,202309 ÁÂ®a©úÁ{±Ä,¤ÆÀø,¤ÆÀø,Á×¥ú§NÂÃÀx¦s(2-8¢XC)¡A½Ð¤Å§N­á©Î®¶·n¡C,Äµ °ªÄµ°T,,0,0,¬O,180.0,,§_,¬O,¬O,³æ¤è,§_,°±¥Î,°±¥Î,¤£¥i¿i,§_,,1.00,1.00,1700.00,1700.00,99,99,1,1,1700.00,1700.00,0,0,,¦³¹Ï¤ù,,0,,0,,L01FX17,,,,,0,,0,,VIAL,¬O,°·«Oµ¹¥I,°·«Oµ¹¥I,SACITUZUMAB GOVITECAN,L01FX17,KC01206262,§_,Liquid,IVSOL,¦M®`¤@¯Å(¡I¡I),,180.00,mg,0,,¥²¶·µ}ÄÀ,³æ¦¸¿éª`,PH047,202403170845,29039.00,34847.00
ITRU,20220615,99999999,¥i¥Î,Truxima inj 500mg/50mL,Truxima inj 500mg/50mL,Rituximab,IVD,,RACA,ON-09-01,°w¾¯,mg,Mabthera-¥Íª«¬Û¦ü©ÊÃÄ«~,«D²Õ®M,Á{±ÄÃÄ¡A½Ð³qª¾ÃÄ§½¥~ÁÊ,,¥»°|Á{±Ä²M³æ,¬O,¤£¥i¥ÎÃÄ¥]¾÷,±ø¥ó¤Uµ¹¥I,¤@¯ë,¦¸­p¶q¶i¦ì,¾AÀ³¯g:²O¤Ú½F¡A¥Õ¦å¯f¡A¦×ªÞ¸~©Ê¦åºÞª¢,°t»s«á«O¦s´Á­­¡G12hrs(25¢XC) Á×¥ú«O¦s¡A½Õ»s®É¶¡¡G,Indication:Lymphoma¡A leukemia¡A Wegener¡¦s Granulomatosis,,¥~ Æ[:50²@¤É¤p²~,Appearance: 50mL vial,·P¬V¡Aäú¤ß¡A·kÄo¡A¥Ö¯l¡Aµo¿N¡A´HÅ¸¡AµL¤O¡AÀYµh,Infection¡A nausea¡A itching¡A rash¡A fever¡A chills¡A weakness¡A headache,,¥u¥Î©óªù¶E¤Î¦í°|STAT,§´§Q§Æº¿ ª`®g¾¯,Truxima,,,,¬O,,ªvÀø´Á¶¡¤Î¤§«á 12 ­Ó¤ë¤º¡A,¨|ÄÖ°ü¤kÀ³¨Ï¥Î¦³®ÄªºÁ×¥¥¤èªk¡C,Females of childbearing potential should use effective contraception,while receiving TRUXIMA and for 12 months following treatment.,À³§NÂÃ2-8¢XC«O¦s.¤Á¤Å§N­á.,Store refrigerated at 2-8¢XC. Do not freeze.,2022Q2ÃÄ©e·s¼WÁ{±Ä²M³æ,¤ÆÀø,¤ÆÀø,ªvÀø´Á¶¡¤Î¤§«á 12 ­Ó¤ë¤º¡A¨|ÄÖ°ü¤kÀ³¨Ï¥Î¦³®ÄªºÁ×¥¥¤èªk¡C,,,0,0,§_,500.0,,§_,¬O,§_,³æ¤è,,°±¥Î,,¤£¥i¿i,§_,,1.00,1.00,1000.00,1000.00,2,2,1,1,1000.00,1000.00,0,0,,¦³¹Ï¤ù,,0,,0,,L01FA01,,,,,0,,0,,VIAL,¬O,°·«Oµ¹¥I,°·«Oµ¹¥I,RITUXIMAB,L01FA01,KC01094248,,Liquid,IVSOL,,,500.00,mg,50.00,mL,¥²¶·µ}ÄÀ,³æ¦¸¿éª`,PH032,202303261546,32348.00,38818.00
ITRU0,20220702,99999999,¥i¥Î,Truxima inj 500mg/50mL (sample),Truxima inj 500mg/50mL (sample),Rituximab,IVD,,RACA,ON-09-01,°w¾¯,mg,Mabthera-¥Íª«¬Û¦ü©ÊÃÄ«~,«D²Õ®M,Á{±ÄÃÄ¡A½Ð³qª¾ÃÄ§½¥~ÁÊ,,¥»°|Á{±Ä²M³æ,¬O,¤£¥i¥ÎÃÄ¥]¾÷,°·«O¤£µ¹¥I,¤@¯ë,¦¸­p¶q¶i¦ì,¾AÀ³¯g:²O¤Ú½F¡A¥Õ¦å¯f¡A¦×ªÞ¸~©Ê¦åºÞª¢,°t»s«á«O¦s´Á­­¡G12hrs(25¢XC) Á×¥ú«O¦s¡A½Õ»s®É¶¡¡G,Indication:Lymphoma¡A leukemia¡A Wegener¡¦s Granulomatosis,,¥~ Æ[:50²@¤É¤p²~,Appearance: 50mL vial,·P¬V¡Aäú¤ß¡A·kÄo¡A¥Ö¯l¡Aµo¿N¡A´HÅ¸¡AµL¤O¡AÀYµh,Infection¡A nausea¡A itching¡A rash¡A fever¡A chills¡A weakness¡A headache,,¥u¥Î©óªù¶E¤Î¦í°|STAT,§´§Q§Æº¿ ª`®g¾¯,Truxima (sample),,,,¬O,,ªvÀø´Á¶¡¤Î¤§«á 12 ­Ó¤ë¤º¡A,¨|ÄÖ°ü¤kÀ³¨Ï¥Î¦³®ÄªºÁ×¥¥¤èªk¡C,Females of childbearing potential should use effective contraception,while receiving TRUXIMA and for 12 months following treatment.,À³§NÂÃ2-8¢XC«O¦s.¤Á¤Å§N­á.,Store refrigerated at 2-8¢XC. Do not freeze.,[Rx_x]³B¤è¶°¤£Åã¥Ü¡A¼Ë«~ÃÄ,¤ÆÀø,¤ÆÀø,ªvÀø´Á¶¡¤Î¤§«á 12 ­Ó¤ë¤º¡A¨|ÄÖ°ü¤kÀ³¨Ï¥Î¦³®ÄªºÁ×¥¥¤èªk¡C,,,0,0,§_,500.0,,§_,¬O,§_,³æ¤è,,°±¥Î,,¤£¥i¿i,§_,,1.00,1.00,1000.00,1000.00,2,2,1,1,1000.00,1000.00,0,0,,¦³¹Ï¤ù,,0,,0,,L01FA01,,,,,0,,0,,VIAL,§_,°·«O¤£¥Ó³ø¤£­p»ù,°·«O¤£¥Ó³ø¤£­p»ù,,,,§_,Liquid,IVSOL,,,500.00,mg,50.00,mL,¥²¶·µ}ÄÀ,³æ¦¸¿éª`,PH032,202303261547,0,0
ITRUL,20220713,99999999,°±¥Î,Trulicity inj 1.5mg/0.5mL,Trulicity inj 1.5mg/0.5mL,Dulaglutide,SC,QW,META,ME-02-07,°w¾¯,¤ä,Trulicity,«D²Õ®M,¼t°Ó¯Ê³f,,¤@¯ë¥i¥Î,¬O,¥i¥ÎÃÄ¥]¾÷,±ø¥ó¤Uµ¹¥I,¤@¯ë,¦¸­p¶q¶i¦ì,¾AÀ³¯g: ¿}§¿¯f¥ÎÃÄ,,Indication: Diabetes mellitus,,¥~ Æ[:¹w¥R¶ñ³æ¦¸¾¯¶qª`®gµ§¡C,Appearance: Prefilled¡A single-use injection pen,¸¡Âm¡B¹Ã¦R¡B¸¡³¡¯kµh¡B¯h³Ò¡BµL¤O,Diarrhea¡A Vomiting¡A Abdominal pain¡A Fatigue¡A Weakness,,¬Ò¥i¥Î,©ö¶g¿}ª`®g¾¯ 1.5²@§J/0.5²@¤É,Trulicity inj 1.5mg/0.5mL,,,,¬O,,Àx¦s©ó2-8¢XC¡A¤£¥i§N­á,­Y¸m©ó«Ç·Å¤£¶W¹L30¢XC¥u¯à«O¦s14¤Ñ¡C,Store at 2-8¢XC. Do not freeze.,And store below 30¢XC for up to 14 dys.,¨â¦¸ª`®g¤§¶¡À³¶¡¹j¦Ü¤Ö3¤Ñ(¶W¹L72¤p®É),Allow at least 72 hours between 2 doses.,20220713 [IOZE]¯Ê³f´À¥N,¤@¯ë,ª`®g,Àx¦s©ó2-8¢XC¡A¤£¥i§N­á.­Y¸m©ó«Ç·Å¤£¶W¹L30¢XC¥u¯à«O¦s14¤Ñ¡C,,,0,0,§_,1.0,,§_,¬O,¬O,³æ¤è,§_,°±¥Î,¥i¥Î,¤£¥i¿i,¬O,,1.00,1.00,1.00,1.00,999,999,1,1,1.00,1.00,0,0,,¦³¹Ï¤ù,,0,,0,,A10BJ05,,,,,0,,0,,¤ä,,°·«Oµ¹¥I,°·«Oµ¹¥I,DULAGLUTIDE,A10BJ05,KC00978206,,Liquid,SOL,,,1.50,mg,0.50,mL,,,PH006,202212150959,897.00,1076.00
ITT1,19960101,99999999,¥i¥Î,¥x¤j No.1 500mL,¥x¤j No.1 500mL,Electrolytes + Water,IVD,,MSIV,NU-04-05,°w¾¯,BOT,TAITA NO.1,«D²Õ®M,,,¤@¯ë¥i¥Î,¬O,¤£¥i¥ÎÃÄ¥]¾÷,¥i¥Î,¤£¦LÃÄÅÒ,Á`¶q¶i¦ì,¾AÀ³¯g:¤ô¥÷¡B¹q¸Ñ½è¡B¾i¤À¸É¥R¡B·s¥Í¨àºû«ù²G,,,,,,,,,,"¤j¶ï"¥x¤j¤@¸¹ª`®g²G,¥x¤j No.1 500mL,,,§_,¬O,,,,,,,,AC21632277,¤@¯ë,ª`®g,Äµ »y:½Ð¿í·ÓÂå®v«ü¥Ü¨Ï¥Î¡A­Yµo¥ÍºÃ¦üÃÄª«¤£¨}¤ÏÀ³½Ð§iª¾Âå¥Í¡C,,,,,§_,1.0,¦³,§_,¬O,§_,³æ¤è,§_,°±¥Î,¥i¥Î,¤£¥i¿i,¬O,,1.00,1.00,1.00,25.00,999,999,1,1,5.00,25.00,0,0,,¦³¹Ï¤ù,,500.00,ML,0,,B05BB01,B05BA03,B05BB02,,,,,,,BOT,§_,°·«Oµ¹¥I,°·«Oµ¹¥I,DEXTROSE <= 100MG/ML + ELECTROLYTES,B05BB02,AC21632277,§_,Liquid,IVSOL,,,,,500.00,mL,¤£»Ýµ}ÄÀ,³æ¦¸¿éª`,PH008,201811261343,29.40,38.00
ITT2,19960101,99999999,¥i¥Î,¥x¤j No.2 500mL,¥x¤j No.2 500mL,Electrolytes + Water,IVD,,MSIV,NU-04-05,°w¾¯,BOT,TAITA NO.2,«D²Õ®M,,,¤@¯ë¥i¥Î,¬O,¤£¥i¥ÎÃÄ¥]¾÷,,¤£¦LÃÄÅÒ,Á`¶q¶i¦ì,¾AÀ³¯g:°ª±i©Ê¤Uµg¤Î¤p¨à¤Uµg¤§¤ô¥÷¡B¹q¸Ñ½è¡B¾i¥÷¸É¥R,,,,,,,,,,"¤j¶ï"¥x¤j¤G¸¹ª`®g²G,¥x¤j No.2 500mL,,,§_,¬O,,,,,,,,AC21630277,¤@¯ë,ª`®g,Äµ »y:½Ð¿í·ÓÂå®v«ü¥Ü¨Ï¥Î¡A­Yµo¥ÍºÃ¦üÃÄª«¤£¨}¤ÏÀ³½Ð§iª¾Âå¥Í¡C,,,,,§_,1.0,¦³,§_,¬O,§_,³æ¤è,§_,°±¥Î,¥i¥Î,¤£¥i¿i,¬O,,1.00,1.00,1.00,25.00,999,999,1,1,25.00,25.00,0,0,,¦³¹Ï¤ù,,500.00,ML,0,,B05BB01,B05BA03,B05BB02,,,,,,,BOT,§_,°·«Oµ¹¥I,°·«Oµ¹¥I,DEXTROSE <= 100MG/ML + ELECTROLYTES,B05BB02,AC21630277,§_,Liquid,IVSOL,,,,,500.00,mL,¤£»Ýµ}ÄÀ,³æ¦¸¿éª`,PH008,201811261343,29.40,38.00
ITT3,19960101,99999999,¥i¥Î,¥x¤j No.3 500mL,¥x¤j No.3 500mL,Electrolytes + Water,IVD,,MSIV,NU-04-05,°w¾¯,BOT,TAITA NO.3,«D²Õ®M,,,¤@¯ë¥i¥Î,¬O,¤£¥i¥ÎÃÄ¥]¾÷,,¤£¦LÃÄÅÒ,Á`¶q¶i¦ì,¾AÀ³¯g:¹q¸Ñ½è¡B¾i¥÷¸É¥R¡Bµ¥±i©Ê¤Uµg¤Î¯u©Ê¿}§¿¯f¤Þ°_à¬¯fªvÀø,,,,,,,,,,¥x¤j¤T¸¹ª`®g²G,¥x¤j No.3 500mL,,,§_,¬O,,,,,,,,AC21629277,¤@¯ë,ª`®g,Äµ »y:½Ð¿í·ÓÂå®v«ü¥Ü¨Ï¥Î¡A­Yµo¥ÍºÃ¦üÃÄª«¤£¨}¤ÏÀ³½Ð§iª¾Âå¥Í¡C,,,,,§_,1.0,¦³,§_,¬O,§_,³æ¤è,§_,°±¥Î,¥i¥Î,¤£¥i¿i,¬O,,1.00,1.00,1.00,25.00,999,999,1,1,5.00,25.00,0,0,,¦³¹Ï¤ù,,500.00,ML,0,,B05BB02,B05BB01,B05BA03,,,,,,,BOT,§_,°·«Oµ¹¥I,°·«Oµ¹¥I,DEXTROSE <= 100MG/ML + ELECTROLYTES,B05BB02,AC21629277,§_,Liquid,IVSOL,,,,,500.00,mL,¤£»Ýµ}ÄÀ,³æ¦¸¿éª`,PH034,202104050838,29.40,38.00
ITT4,19960101,99999999,¥i¥Î,¥x¤j No.4 500mL,¥x¤j No.4 500mL,Electrolytes + Water,IVD,,MSIV,NU-04-05,°w¾¯,BOT,TAITA NO.4,«D²Õ®M,,,¤@¯ë¥i¥Î,¬O,¤£¥i¥ÎÃÄ¥]¾÷,,¤£¦LÃÄÅÒ,Á`¶q¶i¦ì,¾AÀ³¯g:§C±i©Ê¤Uµg®É¤§¤ô¥÷¡B¹q¸Ñ½è¡B¾i¥÷¤§¸É¥R,,,,,,,,,,¥x¤j¥|¸¹ª`®g²G,¥x¤j No.4 500mL,,,§_,¬O,,,,,,,,AC24258277,¤@¯ë,ª`®g,Äµ »y:½Ð¿í·ÓÂå®v«ü¥Ü¨Ï¥Î¡A­Yµo¥ÍºÃ¦üÃÄª«¤£¨}¤ÏÀ³½Ð§iª¾Âå¥Í¡C,,,,,§_,1.0,¦³,§_,¬O,§_,³æ¤è,§_,°±¥Î,¥i¥Î,¤£¥i¿i,¬O,,1.00,1.00,1.00,25.00,999,999,1,1,5.00,25.00,0,0,,¦³¹Ï¤ù,,500.00,ML,0,,B05BB02,B05BB01,B05BA03,,,,,,,BOT,§_,°·«Oµ¹¥I,°·«Oµ¹¥I,DEXTROSE 8MG/ML + ELECTROLYTE SOLUTIONS,B05BB02,AC24258277,§_,Liquid,IVSOL,,,,,500.00,mL,¤£»Ýµ}ÄÀ,³æ¦¸¿éª`,PH008,201811261343,34.60,45.00
ITT5,19960101,99999999,¥i¥Î,¥x¤j No.5 400mL,¥x¤j No.5 400mL,Electrolytes + Water,IVD,,MSIV,NU-04-05,°w¾¯,BOT,TAITA NO.5,«D²Õ®M,,,¤@¯ë¥i¥Î,¬O,¤£¥i¥ÎÃÄ¥]¾÷,,¤£¦LÃÄÅÒ,Á`¶q¶i¦ì,¾AÀ³¯g:¤â³N«e«á¤Î¥¼¯à¶i­¹¯f¤H¤§¤ô¤À¡B¹q¸Ñ½è¤ÎÀç¾i¸É¥R,,,,,,,,,,"¤j¶ï"¥x¤j¤­¸¹ª`®g²G,¥x¤j No.5 400mL,,,§_,¬O,,,,,,,,AC22682271,¤@¯ë,ª`®g,Äµ »y:½Ð¿í·ÓÂå®v«ü¥Ü¨Ï¥Î¡A­Yµo¥ÍºÃ¦üÃÄª«¤£¨}¤ÏÀ³½Ð§iª¾Âå¥Í¡C,,,,,§_,1.0,¦³,§_,¬O,§_,³æ¤è,§_,°±¥Î,¥i¥Î,¤£¥i¿i,¬O,,1.00,1.00,5.00,25.00,999,999,1,1,5.00,25.00,0,0,,¦³¹Ï¤ù,,400.00,ML,0,,B05BB02,B05BB01,B05BA03,,,,,,,BOT,§_,°·«Oµ¹¥I,°·«Oµ¹¥I,DEXTROSE <= 100MG/ML + ELECTROLYTES,B05BB02,AC22682271,§_,Liquid,IVSOL,,,,,400.00,mL,¤£»Ýµ}ÄÀ,³æ¦¸¿éª`,PH036,201806140936,29.40,38.00
ITTA,20081112,99999999,°±¥Î,Tetanus Toxoid (¯}¶Ë­·Ãþ¬r¯À) 0.5mL/dose¡A 3mL/vial,Tetanus Toxoid 0.5mL/dose¡A 3mL/vial,Tetanus Toxid Alum Precipitate,IM,ST,HIMM,IM-02-01,°w¾¯,DOS,TTA,«D²Õ®M,°±¥Î,ITTA1,¤@¯ë¥i¥Î,¬O,¤£¥i¥ÎÃÄ¥]¾÷,¥i¥Î,¦C¦L¦í°|ÃÄÅÒ,Á`¶q¶i¦ì,¾AÀ³¯g:¯}¶Ë­·Ãþ¬r¯À,,Indication:Tetanus toxoid vaccine.,,¥~ Æ[:³z©ú¤p²~(Vial)¡A ºñ¦â¥~»\¡A ¥Õ¦â¥~¶K¯È¡A ©³³¡¬°ºñ¦â,Appearance: 3mL Vial,µo¼ö¡A ´HÅ¸¡A ÀYµh¡A ¯h­Â,Fever¡A chills¡A headache¡A fatigue.,,¬Ò¥i¥Î,©úÄs¨I¾ý¯}¶Ë­·Ãþ¬r¯À,Tetanus Toxoid 0.5mL/dose¡A,,,§_,¬O,,¶J©ñ®É»Ý¸m©ó¦B½c§NÂÃ(Äá¤ó 2-8 «×),,Store in a refrigerator (2-8¢XC).,,,,,¤@¯ë,ª`®g,Äµ »y:½Ð¸m©óÄá¤ó 2-8 «×¦B½cÁ×¥ú§NÂÃ«O¦s¡C,,,,,¬O,6.0,,§_,§_,¬O,³æ¤è,§_,¥i¥Î,¥i¥Î,¤£¥i¿i,¬O,,1.00,1.00,1.00,1.00,1,1,1,1,1.00,1.00,0,0,,¦³¹Ï¤ù,,0,,0,,J07AM01,,,,,,,,,VAL,§_,°·«Oµ¹¥I,°·«Oµ¹¥I,TETANUS TOXOID,J07AM01,J000048216,§_,Liquid,SOL,,,,,,,¬Ò¥i,³æ¦¸¿éª`,PH032,202110031704,155.00,186.00
ITTA1,20130607,99999999,°±¥Î,Tetanus Toxoid 0.5mL/dose¡A 1mL/vial,Tetanus Toxoid 0.5mL/dose¡A 1mL/vial,Tetanus Toxoid Alum Precipitate,IM,ST,HIMM,IM-02-01,°w¾¯,DOS,TTA,«D²Õ®M,°±¥Î,ITTA5,¤@¯ë¥i¥Î,¬O,¤£¥i¥ÎÃÄ¥]¾÷,¥i¥Î,¦C¦L¦í°|ÃÄÅÒ,Á`¶q¶i¦ì,¾AÀ³¯g:¯}¶Ë­·Ãþ¬r¯À¡A¹w¨¾¯}¶Ë­·,,Indication: tetanus prophylaxis in wound management.,,¥~ Æ[: ³z©ú¤p²~(Vial)¡A ¸Ë¦³1mL¥Õ¦â²V¿BÃÄ²G,Appearance: 1mL white suspension in a vial,µo¼ö¡A ´HÅ¸¡A ÀYµh¡A ¯h­Â,Fever¡A chills¡A headache¡A fatigue.,,¬Ò¥i¥Î,©úÄs¨H¾ý¯}¶Ë­·Ãþ¬r¯À,Tetanus Toxoid 0.5mL/dose¡A 1,,,§_,¬O,,¶J©ñ®É»Ý¸m©ó¦B½c§NÂÃ(Äá¤ó 2-8 «×),,Store in a refrigerator (2-8¢XC).,,,,,¤@¯ë,ª`®g,Äµ »y:½Ð¸m©óÄá¤ó 2-8 «×¦B½cÁ×¥ú§NÂÃ«O¦s¡C,,,0,0,¬O,2.0,,§_,¬O,¬O,³æ¤è,§_,°±¥Î,¥i¥Î,¤£¥i¿i,¬O,,1.00,1.00,1.00,1.00,1,1,1,1,1.00,1.00,0,0,,¦³¹Ï¤ù,,0,,0,,J07AM01,,,,,,,,,VIAL,§_,¤£µ¹¥I¶·¦Û¥I,¤£µ¹¥I¶·¦Û¥I,,,,§_,Liquid,SOL,,,,,1.00,mL,¬Ò¥i,³æ¦¸¿éª`,PH032,202110031704,0,83.00
ITTA5,20181231,99999999,°±¥Î,Tetana vaccine 0.5mL/dose¡A 0.5mL/amp (±M®×¶i¤f),Tetana vaccine 0.5mL/dose¡A 0.5mL/amp (±M®×¶i¤f),Tetanus toxoid,IM,STAT,HIMM,IM-02-01,°w¾¯,AMP,Tetanus Toxoid,«D²Õ®M,°±¥Î,ITTA6,±M®×¶i¤fÃÄ«~,¬O,¤£¥i¥ÎÃÄ¥]¾÷,¥i¥Î,¦C¦L¦í°|ÃÄÅÒ,Á`¶q¶i¦ì,¾AÀ³¯g:¯}¶Ë­·Ãþ¬r¯À¡A¹w¨¾¯}¶Ë­·,,Indication: tetanus prophylaxis in wound management.,,¥~ Æ[: 0.5 mL ¬Á¼þ¦wÞÀ,Appearance: 0.5 mL in glass ampoule,µo¼ö¡A ´HÅ¸¡A ÀYµh¡A ¯h­Â,Fever¡A chills¡A headache¡A fatigue.,,¥u¥Î©óªù¶E¤Î¦í°|STAT,¯}¶Ë­·Ãþ¬r¯À¬Ì­](±M®×¶i¤f),Tetana vaccine 0.5mL/dose,,,,¬O,,¶J©ñ®É»Ý¸m©ó¦B½c§NÂÃ(Äá¤ó 2-8 «×),,Store in a refrigerator (2-8¢XC).,,¨Ï¥Î«e±Nª`®gÄa¯B²G·n®Ì§¡¤Ã,Before use¡A the ampoule should be well shaken to a homogenous suspension,2018.12 ¼t°Ó¦Û¦æ±M®×¶i¤f¡A2019.04½ÃºÖ³¡¦P·N¤£»ÝÃ±¦P·N®Ñ,¤@¯ë,ª`®g,Äµ »y:½Ð¸m©óÄá¤ó 2-8 «×¦B½cÁ×¥ú§NÂÃ«O¦s¡C,,,0,0,,1.0,,§_,¬O,¬O,³æ¤è,,°±¥Î,,¤£¥i¿i,§_,,1.00,1.00,1.00,1.00,1,1,1,1,1.00,1.00,0,0,,¦³¹Ï¤ù,,0,,0,,J07AM01,,,,,0,,0,,AMP,§_,°·«Oµ¹¥I,°·«Oµ¹¥I,TETANUS TOXOID,J07AM01,X000176206,,Liquid,SOL,,,0,,0.50,mL,¤£»Ýµ}ÄÀ,,PH032,202110031704,84.00,105.00
ITTA6,20200617,99999999,¥i¥Î,Tetanus vaccine 0.5mL/dose/amp(±M®×¶i¤f),Tetanus vaccine 0.5mL/dose/amp(±M®×¶i¤f),Tetanus toxoid,IM,STAT,HIMM,IM-02-01,°w¾¯,AMP,Tetanus toxoid,«D²Õ®M,,,±M®×¶i¤fÃÄ«~,¬O,¤£¥i¥ÎÃÄ¥]¾÷,¥i¥Î,¦C¦L¦í°|ÃÄÅÒ,Á`¶q¶i¦ì,¾AÀ³¯g:¯}¶Ë­·Ãþ¬r¯À¡A¹w¨¾¯}¶Ë­·,,Indication: tetanus prophylaxis in wound management.,,¥~ Æ[: 0.5 mL ¬Á¼þ¦wÞÀ,Appearance: 0.5 mL in glass ampoule,µo¼ö¡A ´HÅ¸¡A ÀYµh¡A ¯h­Â,Fever¡A chills¡A headache¡A fatigue.,,¥u¥Î©óªù¶E¤Î¦í°|STAT,¯}¶Ë­·Ãþ¬r¯À¬Ì­](±M®×¶i¤f),Tetanus vaccine 0.5mL/dose/a,,,,¬O,,¶J©ñ®É»Ý¸m©ó¦B½c§NÂÃ(Äá¤ó 2-8 «×),,Store in a refrigerator (2-8¢XC).,,¨Ï¥Î«e±Nª`®gÄa¯B²G·n®Ì§¡¤Ã,Before use¡A the ampoule should be well shaken to a homogenous suspension,2020.06 [ITTA5] ¯Ê³f¨ú¥N¡A³ß¬ü¼w¥ÍÂå¬ì§Þ±M®×¶i¤f,¤@¯ë,ª`®g,Äµ »y:½Ð¸m©óÄá¤ó 2-8 «×¦B½cÁ×¥ú§NÂÃ«O¦s¡C,,,0,0,¬O,1.0,,¬O,¬O,¬O,³æ¤è,,°±¥Î,,¤£¥i¿i,§_,,1.00,1.00,1.00,1.00,1,1,1,1,1.00,1.00,0,0,,¦³¹Ï¤ù,,0,,0,,J07AM01,,,,,0,,0,,AMP,,°·«Oµ¹¥I,°·«Oµ¹¥I,TETANUS TOXOID,J07AM01,X000177206,,Liquid,SOL,,,0,,0.50,mL,¤£»Ýµ}ÄÀ,,PH008,202112010825,84.00,105.00
ITYG,20120201,99999999,¥i¥Î,Tygacil inj 50mg,Tygacil inj 50mg,Tigecycline,IVD,BID,QANB,AI-01-04,°w¾¯,Vial,,«D²Õ®M,Á{±ÄÃÄ¡A½Ð³qª¾ÃÄ§½¥~ÁÊ,,¥»°|Á{±Ä²M³æ,¬O,¥i¥ÎÃÄ¥]¾÷,¥i¥Î,¤@¯ë,Á`¶q¶i¦ì,¾AÀ³¯g:²Óµß©Ê·P¬V,,Indication:Antibiotic for infection.,,¥~ Æ[:³z©ú¤p²~(Vial)¾ï¦â¥~»\¡A¾ï¦â­á´¹,,¸¡µh¡A ÁwºÅ¡A µL¤O¡A ­Iµh¡A µo¼ö¡A ÀYµh,Abdominal pain¡A abscess¡A asthenia¡A back pain¡A fever¡A headache.,¯S®íÃþ§Ü¥Í¯À,¬Ò¥i¥Î,¦ÑªêÅð¯À,Tygacil inj 50mg,,,§_,¬O,,Tygacilµ¹ÃÄ®É¥²¶·¨Ï¥Î±M¥Îªº¿éª`ºÞ¸ô¡A©Î¨Ï¥ÎY«¬¿éª`ºÞ¸ô¡A¥H«K»P¨ä¥L¿éª`ÃÄ²G°Ï§O¡C,,Precautions: TYGACIL may be administered intravenously through a dedicated line,,,,,¤@¯ë,ª`®g,Äµ»y:Tygacilµ¹ÃÄ®É¥²¶·¨Ï¥Î±M¥Îªº¿éª`ºÞ¸ô,,,0,0,¬O,1.0,,§_,¬O,§_,³æ¤è,§_,°±¥Î,°±¥Î,¤£¥i¿i,¬O,,1.00,1.00,2.00,2.00,7,7,1,1,2.00,2.00,0,0,,¦³¹Ï¤ù,,0,,0,,J01AA12,,,,,0.05,g,0.10,g,VIAL,,°·«Oµ¹¥I,°·«Oµ¹¥I,TIGECYCLINE,J01AA12,BC24443248,§_,Liquid,IVSOL,,,50.00,mg,,,¥²¶·µ}ÄÀ,³æ¦¸¿éª`,PH036,202012231418,1390.00,1668.00
IUBI,20111201,99999999,°±¥Î,Ubistesin 4%(for Dental) 1.7mL,Ubistesin 4%(for Dental) 1.7mL,Articaine,LI,,ZANE,CN-04-02,°w¾¯,¤ä,,«D²Õ®M,°±¥Î¡A¥i¬dÃþ¦üÃÄ,,¤@¯ë¥i¥Î,¬O,¤£¥i¥ÎÃÄ¥]¾÷,¥i¥Î,¤£¦LÃÄÅÒ,¦¸­p¶q¶i¦ì,¾AÀ³¯g:¤ú¬ì§½³¡³Â¾K,,Indication:Dental infiltration and dental nerve block,,¥~ Æ[:1.7mLª`®g°w,,¦Õ»ï¡A ·w¯t¡A äú¤ß¡A ¹Ã¦R¡A Ä¼°Ê,Tinnitus¡A dizziness¡A nausea¡A vomiting¡A restlessness,,¬Ò¥i¥Î,Àu¥²¤h±o·s,Ubistesin 4%(for Dental) 1.7,,,§_,¬O,,¤£¥i¥Î©ó¦³¤ä®ðºÞ®ð³Ý±wªÌ,,Should not use this medicine if patient has asthma.,,,,,,¤@¯ë,,,,0,0,§_,1.0,,§_,¬O,§_,³æ¤è,§_,¥i¥Î,¥i¥Î,¤£¥i¿i,¬O,,1.00,1.00,7.00,7.00,99,99,1,1,7.00,7.00,0,0,,µL¹Ï¤ù,,0,,0,,N01BB08,,,,,,,,,¤ä,,°·«O¤£¥Ó³ø¤£­p»ù,°·«O¤£¥Ó³ø¤£­p»ù,,,,§_,Liquid,SOL,,,68.00,mg,1.70,mL,¬Ò¥i,³æ¦¸¿éª`,PH006,202208011019,0,22.00
IURO,19960101,99999999,°±¥Î,UROKINASE 60¡A000IU (ºñ¤Q¦r),UROKINASE 60¡A000IU (ºñ¤Q¦r),Urokinase,IVD,,HEMT,HE-04-00,°w¾¯,VAL,Urokinase 60000,«D²Õ®M,°±¥Î,IUROK,¤@¯ë¥i¥Î,¬O,¥i¥ÎÃÄ¥]¾÷,,¤@¯ë,Á`¶q¶i¦ì,¾AÀ³¯g:¥Î©ó¦å®ê·»¸Ñ,,Indication:Peripheral arterial or venous thromboembolism.,,¥~ Æ[:³z©ú¤p²~(Vial)¡A ©@°Ø¦â¥~»\¡A ¥Õ¦â¬õµµ¦â¬Û¶¡¥~¶K¯È,,¥X¦å¶É¦V¡A µo¼ö¡A ´HÅ¸¡A ÀYµh,Bleeding tendency¡A fever¡A chills¡A headache,,,¦å®ê·»¯Àª`®g¾¯,UROKINASE 60¡A000IU,,,§_,¬O,,¥X²{¥ô¦ó²§±`·ï«C©Î¥X¦å¡A¶Ë¤f¤£©ö¤î¦å¡A½Ð¾¨³t»PÂå®vÁpµ¸,,Report any signs of unusual bruising or bleeding to doctor immediately.,,,,,¤@¯ë,ª`®g,Äµ »y: ¥X²{¥ô¦ó²§±`·ï«C©Î¥X¦å¡A¶Ë¤f¤£©ö¤î¦å¡A½Ð¾¨³t»PÂå®vÁpµ¸,Äµ °ªÄµ°T,,,,¬O,1.0,,§_,¬O,§_,³æ¤è,§_,¥i¥Î,¥i¥Î,¤£¥i¿i,¬O,,1.00,1.00,12.00,12.00,999,999,1,1,12.00,12.00,0,0,,¦³¹Ï¤ù,,0,,0,,B01AD04,,,,,,,,,VAL,§_,°·«Oµ¹¥I,°·«Oµ¹¥I,UROKINASE,B01AD04,AC48722251,§_,Liquid,IVSOL,,,60.00,KIU,,,¥²¶·µ}ÄÀ,³æ¦¸¿éª`,PH034,202212061110,1323.00,1588.00
IURO6,20011109,99999999,°±¥Î,Urokinase-GCC 6000 IU,Urokinase-GCC 6000 IU,Urokinase,IVD,AS,HEMT,HE-04-00,°w¾¯,VAL,Urokinase 6000,«D²Õ®M,°±¥Î,,¤@¯ë¥i¥Î,¬O,¥i¥ÎÃÄ¥]¾÷,¥i¥Î,¤@¯ë,Á`¶q¶i¦ì,¾AÀ³¯g:®ê¶ëªvÀø¥Î,,Indication:Peripheral arterial or venous thromboembolism.,,¥~ Æ[:¥Õ¦â¬°©³¶Àºñ¦â¬Û¶¡¥~²°,,¥X¦å¶É¦V¡A µo¼ö¡A ´HÅ¸¡A ÀYµh,Bleeding tendency¡A fever¡A chills¡A headache,,¬Ò¥i¥Î,¦å®ê·»¯Àª`®g¾¯,Urokinase-GCC 6000 IU,,,§_,¬O,,¥X²{¥ô¦ó²§±`·ï«C©Î¥X¦å¡A¶Ë¤f¤£©ö¤î¦å¡A½Ð¾¨³t»PÂå®vÁpµ¸,,Report any signs of unusual bruising or bleeding to doctor immediately.,,,,,¤@¯ë,ª`®g,Äµ »y: ¥X²{¥ô¦ó²§±`·ï«C©Î¥X¦å¡A¶Ë¤f¤£©ö¤î¦å¡A½Ð¾¨³t»PÂå®vÁpµ¸,Äµ °ªÄµ°T,,,,¬O,1.0,,§_,§_,§_,³æ¤è,§_,¥i¥Î,¥i¥Î,¤£¥i¿i,¬O,,1.00,1.00,99.00,99.00,7,70,1,1,99.00,99.00,0,0,,¦³¹Ï¤ù,,0,,0,,B01AD04,,,,,,,,,VAL,§_,°·«Oµ¹¥I,°·«Oµ¹¥I,UROKINASE,B01AD04,BC18771223,§_,Liquid,IVSOL,,,,,,,¬Ò¥i,³æ¦¸¿éª`,PH022,201509041103,191.00,229.00
IUROK,20141215,99999999,¥i¥Î,UROKINASE 60¡A000IU (ÃÄ¤§¶m),UROKINASE 60¡A000IU,Urokinase,IVD,,HEMT,HE-04-00,°w¾¯,VAL,Urokinase 60000,«D²Õ®M,,,¤@¯ë¥i¥Î,¬O,¥i¥ÎÃÄ¥]¾÷,¥i¥Î,¤@¯ë,Á`¶q¶i¦ì,¾AÀ³¯g:¥Î©ó¦å®ê·»¸Ñ,,Indication:Peripheral arterial or venous thromboembolism.,,¥~ Æ[:³z©ú¤p²~(Vial)¡A ¶À¦â¥~»\¡A ¥Õ¶ÀÂÅ¦â¬Û¶¡¥~¶K¯È,Appearance: Vial with yellow cap,¥X¦å¶É¦V¡A µo¼ö¡A ´HÅ¸¡A ÀYµh,Bleeding tendency¡A fever¡A chills¡A headache,,¬Ò¥i¥Î,"ÃÄ¤§¶m" ¦ö¼Ö§J®êª`®g¾¯6¸U°ê»Ú³æ¦ì,UROKINASE 60¡A000IU,,,,¬O,,¥X²{¥ô¦ó²§±`·ï«C©Î¥X¦å¡A¶Ë¤f¤£©ö¤î¦å¡A½Ð¾¨³t»PÂå®vÁpµ¸,,Report any signs of unusual bruising or bleeding to doctor immediately.,,,,,¤@¯ë,ª`®g,Äµ »y: ¥X²{¥ô¦ó²§±`·ï«C©Î¥X¦å¡A¶Ë¤f¤£©ö¤î¦å¡A½Ð¾¨³t»PÂå®vÁpµ¸,Äµ °ªÄµ°T,,0,0,,1.0,,§_,¬O,§_,³æ¤è,§_,¥i¥Î,¥i¥Î,¤£¥i¿i,¬O,,1.00,1.00,50.00,50.00,99,99,1,1,50.00,50.00,0,0,,¦³¹Ï¤ù,,0,,0,,B01AD04,,,,,0,,0,,VIAL,,°·«Oµ¹¥I,°·«Oµ¹¥I,UROKINASE,B01AD04,AC45538251,§_,Liquid,IVSOL,,,60.00,KIU,,,¥²¶·µ}ÄÀ,³æ¦¸¿éª`,PH006,202212271315,1323.00,1588.00
IUVAN,20091220,99999999,°±¥Î,U-Vanco inj 500mg,U-Vanco inj 500mg,Vancomycin,IVD,,QANB,AI-01-11,°w¾¯,VAL,Vanco,«D²Õ®M,°±¥Î,IVAN,¤@¯ë¥i¥Î,¬O,¥i¥ÎÃÄ¥]¾÷,±ø¥ó¤Uµ¹¥I,¤@¯ë,Á`¶q¶i¦ì,¾AÀ³¯g:²Óµß©Ê·P¬V,,Indication:Antibiotic for infection.,,¥~ Æ[:³z©ú¤p²~(vial)¡A ºñ¦â¥~»\¡A ¥Õ¦â¥~¶K¯È¡A ¶Â¦â¦r¼Ë,Appearance: Vial with green cap,äú¤ß¡A ´HÅ¸¡A µo¼ö¤ÏÀ³¡A ëC³Â¯l¡A ¥Ö¯l,Nausea¡A chills¡A febrile reactions¡A urticaria¡A rashes.,¯S®íÃþ§Ü¥Í¯À,¬Ò¥i¥Î,Àu¤Z¥iª`®g¾¯,U-Vanco inj 500mg,,,§_,¬O,,¨C¤p²~¦Ü¤Ö¿éª`60¤ÀÄÁ¥H¤W¡A ¦Ü¤Ö¨Ï¥Î100 mL¥H¤Wªºµ}ÄÀ²G,,administered over 60 minutes intravenously.,,,,102¦~²Ä¥|¦¸ÃÄ©e·|¨MÄ³§R°£,¤@¯ë,ª`®g,Äµ »y:¨C¤p²~¦Ü¤Ö¿éª`60¤ÀÄÁ¥H¤W¡A ¦Ü¤Ö¨Ï¥Î100 ml¥H¤Wªºµ}ÄÀ²G,,,,,¬O,1.0,,§_,§_,§_,³æ¤è,§_,°±¥Î,¥i¥Î,¤£¥i¿i,¬O,,1.00,1.00,3.00,3.00,7,7,1,1,6.00,6.00,0,0,,¦³¹Ï¤ù,,0,,0,,J01XA01,,,,,0.50,g,2.00,g,VIAL,,°·«Oµ¹¥I,°·«Oµ¹¥I,VANCOMYCIN,J01XA01,A041443277,§_,Liquid,IVSOL,,,,,,,¬Ò¥i,³æ¦¸¿éª`,PH047,202401261713,79.00,99.00
IV2112Z,19960101,99999999,°±¥Î,1mL ¯Ø®q¯ÀªÅ°w,1mL Insulin Syringe,Insulin Syringe,H,ASORDER,ZOTH,MEDD,½Ã§÷,¤ä,,«D²Õ®M,°±¥Î,,¤@¯ë¥i¥Î,¬O,¤£¥i¥ÎÃÄ¥]¾÷,,¦C¦Lªù¶EÃÄÅÒ,Á`¶q¶i¦ì,¾AÀ³¯g:¥Î©óª`®g¯Ø®q¯ÀªºªÅ°w,,Indication:Sterile syringe for insulin injection.,,,,,,,¥u¥Î©óªù¶E,¯Ø®q¯ÀªÅ°w( 1 CC ),1mL Insulin Syringe,,,§_,¬O,,,,,,,,,¤@¯ë,¤@¯ë,Äµ »y:½Ð¸m©ó«Äµ£µLªk¨ú±o¤§³B,,,,,§_,1.0,,§_,§_,§_,³æ¤è,§_,¥i¥Î,¥i¥Î,¤£¥i¿i,§_,,1.00,1.00,1.00,1.00,60,30,30,1,6.00,6.00,0,0,,¦³¹Ï¤ù,,0,,0,,,,,,,,,,,¤ä,§_,°·«Oµ¹¥I,°·«Oµ¹¥I,,,NCS03A1000ZZ,§_,AdministrableDrugForm,APPFUL,,,,,,,¬Ò¥i,³æ¦¸¿éª`,PH006,201501051532,3.89,13.00
IV2113Z,19960101,99999999,¥i¥Î,0.5mL ¯Ø®q¯ÀªÅ°w,0.5mL Insulin Syringe,Insulin Syringe,H,,ZOTH,MEDD,½Ã§÷,¤ä,Insulin Syringe,«D²Õ®M,,,¤@¯ë¥i¥Î,¬O,¤£¥i¥ÎÃÄ¥]¾÷,,¦C¦Lªù¶EÃÄÅÒ,Á`¶q¶i¦ì,¾AÀ³¯g:¥Î©óª`®g¯Ø®q¯ÀªºªÅ°w,,Indication:Sterile syringe for insulin injection.,,,,,,,¥u¥Î©óªù¶E¤Î¦í°|STAT,¯Ø®q¯ÀªÅ°w( 0.5 mL ),0.5mL Insulin Syringe,,,§_,¬O,,,,,,,,[Rx_x]½Ã§÷¡A³B¤è¶°¤£Åã¥Ü,¤@¯ë,¤@¯ë,Äµ »y:½Ð¸m©ó«Äµ£µLªk¨ú±o¤§³B,,,,,§_,1.0,,§_,§_,§_,³æ¤è,§_,¥i¥Î,¥i¥Î,¤£¥i¿i,§_,,1.00,1.00,1.00,1.00,60,30,28,1,6.00,6.00,0,0,,¦³¹Ï¤ù,,0,,0,,,,,,,,,,,¤ä,§_,°·«Oµ¹¥I,°·«Oµ¹¥I,,,NCS03A1000ZZ,§_,AdministrableDrugForm,APPFUL,,,,,,,¬Ò¥i,³æ¦¸¿éª`,PH034,202110311032,3.89,13.00
IVAB,20230529,99999999,¥i¥Î,Vabysmo intravitreal inj 6mg/0.05mL,Vabysmo intravitreal inj 6mg/0.05mL,Faricimab,IVI,STAT,TOPH,OP-08-00,°w¾¯,Vial,Vabysmo,«D²Õ®M,,,¤@¯ë¥i¥Î,¬O,¥i¥ÎÃÄ¥]¾÷,°·«O¤£µ¹¥I,¤@¯ë,Á`¶q¶i¦ì,¾AÀ³¯g:¦åºÞ·s¥Í«¬¦~ÄÖ¬ÛÃö©Ê¶À´³³¡°h¤Æ¯fÅÜ¡B¿}§¿¯f¶À´³³¡¤ô¸~,,Indication:macular degeneration¡A diabetic macular edema,,¥~ Æ[:0.05mL¬Á¼þ¤p²~¡Aªþ¹LÂo°wÀY,Appearance:0.05mL vial with a filter needle.,¥Õ¤º»Ù¡Bµ²½¤¥X¦å¡B²´À£¤É°ª¡C,Cataract¡A conjunctival hemorrhage¡A intraocular pressure increased.,,¥u¥Î©óªù¶E¤Î¦í°|STAT,Ã¹µøµÞª`®g¾¯,Vabysmo intravitreal inj 6mg,,­­¦Û¶O,§_,¬O,,Á×¥ú§NÂÃ(2-8¢XC)Àx¦s¡B¤£¥i§N­á¡C,¨Ï¥Î«e¡A¥¼¶}«Ê¤p²~¥i¸m©ó«Ç·Å¤U(20-25¢XC)³Ìªø 24 ¤p®É¡C,Store away from light and refrigerate (2-8¢XC)¡A do not freeze.,Unopened vials can be stored at room temperature (20-25¢XC) for 24 hours,ªvÀø«á¦bµø¤O¥\¯à¥R¤À«ì´_¤§«e¡AÀ³Á×§K¾r¾p©Î¾Þ§@¾÷±ñ¡C,After treatment¡A avoid driving or operating machinery until vision recovery.,202305 ·s¼W¡A2023Q4ÃÄ©e·|³q¹L¶iÃÄ¡A¤£¥i·í§R°£«~¶µ¡C,¤@¯ë,ª`®g,­Y¥X²{ºÃ¦ü²´¤ºª¢¯gª¬¦p²´µh¡B¬È¥ú¡Bµø¤O¼Ò½k¡A½ÐºÉ§Ö§iª¾Âå®v,,,0,0,¬O,1.0,,§_,¬O,¬O,³æ¤è,§_,°±¥Î,°±¥Î,¤£¥i¿i,¬O,,1.00,1.00,2.00,2.00,1,1,1,1,2.00,2.00,0,0,,¦³¹Ï¤ù,,0,,0,,S01LA09,,,,,0,,0,,VIAL,¬O,°·«Oµ¹¥I,°·«Oµ¹¥I,FARICIMAB,S01LA09,KC01214248,§_,Liquid,SOL,,,6.00,mg,0.05,mL,,,PH008,202401021642,18230.00,21876.00
IVAB0,20230727,99999999,¥i¥Î,Vabysmo intravitreal inj 6mg/0.05mL(Sample),Vabysmo intravitreal inj 6mg/0.05mL(Sample),Faricimab,IVI,STAT,TOPH,OP-08-00,°w¾¯,Vial,Vabysmo,«D²Õ®M,Á{±ÄÃÄ¡A½Ð³qª¾ÃÄ§½¥~ÁÊ,,ÃÄ©e·|Á{±Ä,¬O,¥i¥ÎÃÄ¥]¾÷,°·«O¤£µ¹¥I,¤@¯ë,Á`¶q¶i¦ì,¾AÀ³¯g:¦åºÞ·s¥Í«¬¦~ÄÖ¬ÛÃö©Ê¶À´³³¡°h¤Æ¯fÅÜ¡B¿}§¿¯f¶À´³³¡¤ô¸~,,Indication:macular degeneration¡A diabetic macular edema,,¥~ Æ[:0.05mL¬Á¼þ¤p²~¡Aªþ¹LÂo°wÀY,Appearance:0.05mL vial with a filter needle.,¥Õ¤º»Ù¡Bµ²½¤¥X¦å¡B²´À£¤É°ª¡C,Cataract¡A conjunctival hemorrhage¡A intraocular pressure increased.,,¥u¥Î©óªù¶E¤Î¦í°|STAT,Ã¹µøµÞª`®g¾¯ (ÃØÃÄ),Vabysmo inj 6mg (Sample),,­­¦Û¶O,§_,¬O,,Á×¥ú§NÂÃ(2-8¢XC)Àx¦s¡B¤£¥i§N­á¡C,¨Ï¥Î«e¡A¥¼¶}«Ê¤p²~¥i¸m©ó«Ç·Å¤U(20-25¢XC)³Ìªø 24 ¤p®É¡C,Store away from light and refrigerate (2-8¢XC)¡A do not freeze.,Unopened vials can be stored at room temperature (20-25¢XC) for 24 hours,ªvÀø«á¦bµø¤O¥\¯à¥R¤À«ì´_¤§«e¡AÀ³Á×§K¾r¾p©Î¾Þ§@¾÷±ñ¡C,After treatment¡A avoid driving or operating machinery until vision recovery.,[Rx_x]³B¤è¶°¤£Åã¥Ü¡A¼Ë«~ÃÄ 202307 ·s¼W(¶R2°e1),¤@¯ë,ª`®g,­Y¥X²{ºÃ¦ü²´¤ºª¢¯gª¬¦p²´µh¡B¬È¥ú¡Bµø¤O¼Ò½k¡A½ÐºÉ§Ö§iª¾Âå®v,,,0,0,¬O,1.0,,§_,¬O,¬O,³æ¤è,§_,°±¥Î,°±¥Î,¤£¥i¿i,§_,,1.00,1.00,2.00,2.00,1,1,1,1,2.00,2.00,0,0,,¦³¹Ï¤ù,,0,,0,,S01LA09,,,,,0,,0,,VIAL,,°·«O¤£¥Ó³ø¤£­p»ù,°·«O¤£¥Ó³ø¤£­p»ù,,,,§_,Liquid,SOL,,,6.00,mg,0.05,mL,,,PH009,202401181554,0,0
IVAG,19960101,99999999,¥i¥Î,Vagostin inj 0.5mg/1mL,Vagostin inj 0.5mg/1mL,Neostigmine Methylsulfate,IM,,CNEU,CN-03-09,°w¾¯,AMP,Vagostin,«D²Õ®M,,,¤@¯ë¥i¥Î,¬O,¥i¥ÎÃÄ¥]¾÷,,¤@¯ë,¦¸­p¶q¶i¦ì,¾AÀ³¯g:¸zºÞ³Â·ô¡Bµ¬µL¤O¯g¡B¦åºÞµjÅË©Ê¯e±w¡B²´µ¬µL¤O¯g,,Indication:Paralytic ileus¡A myasthenia gravis¡A vascular,spasm¡A ocular myasthenia gravis.,¥~ Æ[:³z©ú¦wÞÀ(amp)¡A ¥Õ¦â¥~¶K¯È¡A ÂÅ¦â¦r¼Ë,Appearance: 1mL ampoule,³è²G¼W¥[¡A ¥X¦½¡A äú¤ß¡A ¹Ã¦R¡A ¸¡³¡µjÅË,Increased salivation & sweating¡A nausea & vomiting¡A abdominal cramps.,,,¦w¥i°·ª`®g²G,Vagostin inj 0.5mg/1mL,,,§_,¬O,,·Ç³Æatropine»Pepinephrine¥H«K¤Î®É³B¸m¹L±Ó¤ÏÀ³,,Have atropine and epinephrine ready to treat hypersensitivity reactions,,,,,¤@¯ë,ª`®g,Äµ »y:¥»«~À³¥H¦Ù¦×ª`®g (IM) ¤è¦¡§ë»P,,,,,¬O,1.0,,§_,¬O,§_,³æ¤è,§_,¥i¥Î,¥i¥Î,¤£¥i¿i,¬O,,1.00,1.00,10.00,10.00,999,999,1,1,20.00,20.00,0,0,,¦³¹Ï¤ù,,0,,0,,N07AA01,,,,,,,,,AMP,§_,°·«Oµ¹¥I,°·«Oµ¹¥I,NEOSTIGMINE,N07AA01,NC01976209,§_,Liquid,SOL,,,0.50,mg,1.00,mL,¬Ò¥i,³æ¦¸¿éª`,PH008,201803151452,15.00,20.00
IVAL,19960101,99999999,°±¥Î,Valium inj 10mg/2mL,Valium inj 10mg/2mL,Diazepam,IM,,CNEU,CN-02-02,°w¾¯,AMP,Valium,«D²Õ®M,°±¥Î,IDIA,¤w°±¥Î,§_,¤£¥i¥ÎÃÄ¥]¾÷,,¤@¯ë,¦¸­p¶q¶i¦ì,¾AÀ³¯g:µJ¼{£¿¥¢¯v,,,,,,,,,,,Valium inj 10mg/2mL,,,§_,¬O,,,,,,,,,¤@¯ë,ª`®g,Äµ »y:¥»«~À³¥H¦Ù¦×ª`®g (IM) ¤è¦¡§ë»P,,,,,¬O,1.0,,§_,§_,§_,³æ¤è,§_,¥i¥Î,¥i¥Î,¤£¥i¿i,¬O,,1.00,1.00,5.00,5.00,999,999,1,1,0,0,0,0,,µL¹Ï¤ù,,0,,0,,,,,,,,,,,AMP,§_,°·«Oµ¹¥I,°·«Oµ¹¥I,DIAZEPAM,N05BA01,B013570212,§_,Liquid,SOL,,,,,,,¬Ò¥i,³æ¦¸¿éª`,PH008,201505131629,16.80,21.00
IVAN,20131216,99999999,°±¥Î,Vancomycin inj 500mg,Vancomycin inj 500mg,Vancomycin,IVD,,QANB,AI-01-11,°w¾¯,VAL,Vanco,«D²Õ®M,°±¥Î,IVANS,¤@¯ë¥i¥Î,¬O,¥i¥ÎÃÄ¥]¾÷,±ø¥ó¤Uµ¹¥I,¤@¯ë,¤é¾¯¶q¶i¦ì,¾AÀ³¯g:²Óµß©Ê·P¬V,,Indication:Antibiotic for infection.,,¥~ Æ[: ³z©ú¤p²~(Vial)¡A¦Ç¦â¥~»\¡A¥Õ¦â¥~¶K¯È¡A¶Â¦â¦r¼Ë,Appearance: Vial with Gray cap.,äú¤ß¡A ´HÅ¸¡A µo¼ö¤ÏÀ³¡A ëC³Â¯l¡A ¥Ö¯l,Nausea¡A chills¡A febrile reactions¡A urticaria¡A rashes.,¯S®íÃþ§Ü¥Í¯À,¬Ò¥i¥Î,ªx¥iÅð¯ÀÀR¯ßª`®g¾¯,Vancomycin inj 500mg,,,§_,¬O,,¨C¤p²~¦Ü¤Ö¿éª`60¤ÀÄÁ¥H¤W¡A ¦Ü¤Ö¨Ï¥Î100 mL¥H¤Wªºµ}ÄÀ²G,,administered over 60 minutes intravenously.,,,,102¦~²Ä¥|¦¸ÃÄ©e·|·s¶i,¤@¯ë,ª`®g,Äµ »y:¨C¤p²~¦Ü¤Ö¿éª`60¤ÀÄÁ¥H¤W¡A ¦Ü¤Ö¨Ï¥Î100 ml¥H¤Wªºµ}ÄÀ²G,,,0,0,¬O,1.0,,§_,§_,§_,³æ¤è,§_,°±¥Î,¥i¥Î,¤£¥i¿i,¬O,,1.00,1.00,4.00,4.00,7,7,1,1,12.00,12.00,0.24,0.08,,¦³¹Ï¤ù,D/W,500.00,mg,0,20-40 mg/Kg/day,J01XA01,,,,,0.50,g,2.00,g,VAL,§_,¤£µ¹¥I¶·¦Û¥I,¤£µ¹¥I¶·¦Û¥I,,,,§_,Liquid,IVSOL,,,,,,,¬Ò¥i,³æ¦¸¿éª`,PH047,202401261713,0,95.00
IVAN1,20201118,99999999,°±¥Î,Vanlyo inj 1gm,Vanlyo inj 1gm,Vancomycin,IVD,,QANB,AI-01-11,°w¾¯,Vial,Vanco,«D²Õ®M,°±¥Î,IVANS,¤@¯ë¥i¥Î,¬O,¥i¥ÎÃÄ¥]¾÷,±ø¥ó¤Uµ¹¥I,¤@¯ë,¤é¾¯¶q¶i¦ì,¾AÀ³¯g:²Óµß©Ê·P¬V,,Indication:Antibiotic for infection.,,¥~ Æ[: 1¤½§JÃÄ«~¯»¥½©ó³z©ú¤p²~(Vial),Appearance:1 g single-vial,äú¤ß¡A ´HÅ¸¡A µo¼ö¤ÏÀ³¡A ëC³Â¯l¡A ¥Ö¯l,Nausea¡A chills¡A febrile reactions¡A urticaria¡A rashes.,¯S®íÃþ§Ü¥Í¯À,¬Ò¥i¥Î,Ã­§Q°®¯»ª`®g¾¯(¦Æ§JÅð¯À),Vanlyo inj 1gm,,,,¬O,,ª`®g³t²v¤£¥i¶W¹L10 ²@§J/¤ÀÄÁ¡A ¦Ü¤Ö¨Ï¥Î200 mL¥H¤Wªºµ}ÄÀ²G,,infusion rate < 10mg/minute.,1000mg vancomycin (50mg/mL) must be diluted further with at least 200mL diluent.,,,,¤@¯ë,ª`®g,ª`®g³t²v¤£¥i¶W¹L10mg/¤ÀÄÁ¡A ¦Ü¤Ö¨Ï¥Î200 mL¥H¤Wªºµ}ÄÀ²G,,,0,0,¬O,1.0,,¬O,¬O,§_,³æ¤è,,°±¥Î,,¤£¥i¿i,¬O,,1.00,1.00,2.00,2.00,7,7,1,1,6.00,6.00,0.12,0.04,,¦³¹Ï¤ù,D/W,1000.00,mg,0,20-40 mg/Kg/day,J01XA01,,,,,1.00,g,2.00,g,VIAL,,°·«Oµ¹¥I,°·«Oµ¹¥I,VANCOMYCIN,J01XA01,AC51533209,§_,Liquid,IVSOL,,,1000.00,mg,0,mL,¥²¶·µ}ÄÀ,³æ¦¸¿éª`,PH047,202401261713,179.00,215.00
IVANC,20020816,99999999,¥i¥Î,Vanco inj 1gm,Vanco inj 1gm,Vancomycin,IVD,,QANB,AI-01-11,°w¾¯,VAL,Vanco,«D²Õ®M,Á{±ÄÃÄ¡A½Ð³qª¾ÃÄ§½¥~ÁÊ,,­Ó®×Á{±Ä,¬O,¥i¥ÎÃÄ¥]¾÷,±ø¥ó¤Uµ¹¥I,¤@¯ë,¤é¾¯¶q¶i¦ì,¾AÀ³¯g:ªvÀø²Óµß©Ê·P¬V,,Indication: Treatment for bacterial infections.,,¥~ Æ[: 1¤½§JÃÄ¯»©ó³z©ú¤p²~(Vial),Appreance: 1 gm single vial,äú¤ß¡A ´HÅ¸¡A µo¼ö¤ÏÀ³¡A ëC³Â¯l¡A ¥Ö¯l,Nausea¡A chills¡A febrile reactions¡A urticaria¡A rashes.,¯S®íÃþ§Ü¥Í¯À,¬Ò¥i¥Î,¦w§J°®¯»ª`®g¾¯,Vanco inj 1gm,,,§_,¬O,,ª`®g³t²v¤£¥i¶W¹L10mg/¤ÀÄÁ¡A 1gmÃÄ«~½Ð¥H200mL¥H¤Wªº·»²Gµ}ÄÀ,,Infusion rate <10mg/min.,Dilute vancomycin 1gm with at least 200mL diluent. (Concentration >=50mg/mL),,,202303 ¦A±Ò¥Î,¤@¯ë,ª`®g,Äµ »y:¨C¤p²~¦Ü¤Ö¿éª`60¤ÀÄÁ¥H¤W¡A ¦Ü¤Ö¨Ï¥Î100 ml¥H¤Wªºµ}ÄÀ²G,,,,,¬O,1.0,,¬O,¬O,§_,³æ¤è,§_,°±¥Î,°±¥Î,¤£¥i¿i,¬O,,1.00,1.00,2.00,2.00,7,7,1,1,6.00,6.00,0.12,0.04,,¦³¹Ï¤ù,D/W,1000.00,mg,0,20-40 mg/Kg/day,J01XA01,,,,,1.00,g,2.00,g,VAL,,°·«Oµ¹¥I,°·«Oµ¹¥I,VANCOMYCIN,J01XA01,AC37290209,§_,Liquid,IVSOL,,,1000.00,mg,,mL,¥²¶·µ}ÄÀ,³æ¦¸¿éª`,PH047,202401261231,145.00,174.00
IVANS,20151220,99999999,°±¥Î,Vancomycin inj 1gm,Vancomycin inj 1gm,Vancomycin,,,QANB,AI-01-11,°w¾¯,VAL,Vanco,«D²Õ®M,°±¥Î,IVANC,¤@¯ë¥i¥Î,¬O,¥i¥ÎÃÄ¥]¾÷,±ø¥ó¤Uµ¹¥I,¤@¯ë,¤é¾¯¶q¶i¦ì,¾AÀ³¯g:²Óµß©Ê·P¬V,,Indication:Antibiotic for infection.,,¥~ Æ[: 1¤½§JÃÄ«~¯»¥½©ó³z©ú¤p²~(Vial),Appearance:1 g single-vial,äú¤ß¡A ´HÅ¸¡A µo¼ö¤ÏÀ³¡A ëC³Â¯l¡A ¥Ö¯l,Nausea¡A chills¡A febrile reactions¡A urticaria¡A rashes.,¯S®íÃþ§Ü¥Í¯À,¬Ò¥i¥Î,¸U§JÅð"¤s¼w¤h"­á´¹ª`®g¾¯,Vancomycin inj 1gm,,,,¬O,,ª`®g³t²v¤£¥i¶W¹L10mg/¤ÀÄÁ¡A ¦Ü¤Ö¨Ï¥Î200 mL¥H¤Wªºµ}ÄÀ²G,,infusion rate < 10mg/min.,1000mg vancomycin (50mg/ml) must be diluted further with at least 200mL diluent.,,,104¦~²Ä¥|¦¸ÃÄ©e·|·s¶i,¤@¯ë,ª`®g,ª`®g³t²v¤£¥i¶W¹L10mg/¤ÀÄÁ¡A ¦Ü¤Ö¨Ï¥Î200 mL¥H¤Wªºµ}ÄÀ²G,,,0,0,¬O,1.0,,¬O,¬O,§_,³æ¤è,§_,°±¥Î,°±¥Î,¤£¥i¿i,¬O,,1.00,1.00,2.00,2.00,7,7,1,1,6.00,6.00,0.12,0.04,,¦³¹Ï¤ù,D/W,1000.00,mg,0,20-40 mg/Kg/day,J01XA01,,,,,1.00,g,2.00,g,VIAL,,°·«Oµ¹¥I,°·«Oµ¹¥I,VANCOMYCIN,J01XA01,BC25967209,§_,Liquid,IVSOL,,,1000.00,mg,,,¥²¶·µ}ÄÀ,³æ¦¸¿éª`,PH047,202403131629,145.00,174.00
IVAQ,20080522,99999999,°±¥Î,Vaqta(¤p¨àA¨x¬Ì­]) 0.5mL/dose,Vaqta(¤p¨àA¨x¬Ì­]) 0.5mL/dose,Inactivated Hepatitis A Virus Vaccine,IM,STAT,HIMM,IM-02-02,°w¾¯,DOS,Vaqta,«D²Õ®M,¼t°Ó¯Ê³f,IHAV7,¤@¯ë¥i¥Î,¬O,¤£¥i¥ÎÃÄ¥]¾÷,,¤@¯ë,Á`¶q¶i¦ì,¾AÀ³¯g:¬°A«¬¨xª¢¬Ì­],,Indication:Hepatitis A vaccine,,¥~ Æ[: 0.5mL¤p²~,Appearance:0.5mL vial,ª`®g³¡¦ì¤ÏÀ³¡A ¯h­Â¡A §½³¡¸~¡A µL¤O¡A µo¿N¡A ­¹¼¤´î°h,Inj site reactions¡A fatigue¡A local swelling¡A asthenia¡A fever¡A loss of appetite,,¥u¥Î©óªù¶E¤Î¦í°|STAT,°ß¼w¤£¬¡¤ÆA«¬¨xª¢¬Ì­],Vaqta(¤p¨àA¨x¬Ì­]) 25u/0.5mL,2HEPA,,§_,¬O,,Äá¤ó 2-8 «×§NÂÃ¡A»â¨ú¬Ì­]«á¡A ½Ð¥ß§Y¦Üª`®g«Ç¨Ì«ü¥Ü¨Ï¥Î,,,,,,,¤@¯ë,ª`®g,Äµ »y:»â¨ú¬Ì­]«á¡A½Ð¥ß§Y¦Üª`®g«Ç¨Ì«ü¥Ü¨Ï¥Î¡C,,,,,,1.0,,§_,¬O,¬O,³æ¤è,§_,°±¥Î,°±¥Î,¤£¥i¿i,¬O,,1.00,1.00,2.00,2.00,1,1,1,1,2.00,2.00,0,0,,¦³¹Ï¤ù,,0,,0,,J07BC02,,,,,,,,,VAL,,¤£µ¹¥I¶·¦Û¥I,¤£µ¹¥I¶·¦Û¥I,,,,§_,Liquid,SOL,,,,,0.50,mL,¬Ò¥i,³æ¦¸¿éª`,PH006,202201301059,0,516.00
IVAR,20170905,99999999,¥i¥Î,Varivax 0.5mL/dose(¦Û¶O¤ôµk¬Ì­]),Varivax Vaccine 0.5mL/dose (Private),Varicella Virus Vaccine,SC,STAT,HIMM,IM-02-02,°w¾¯,DOS,Varilrix,«D²Õ®M,,,¤@¯ë¥i¥Î,¬O,¥i¥ÎÃÄ¥]¾÷,°·«O¤£µ¹¥I,¤@¯ë,Á`¶q¶i¦ì,¾AÀ³¯g: ¦Û¶O¤ôµk¬Ì­],,Indication: Varicella vaccine.,,¥~Æ[:¬Á¼þ¤p²~§tÃÄ1 vial + µLµßµ}ÄÀ²G 1 vial,,µo¿N¡Bª`®g³¡¦ì¤£¾A¡C,Fever¡A Injection site disorder,,¥u¥Î©óªù¶E¤Î¦í°|STAT,¥ñµk±Ó,Varivax Vaccine 0.5mL/dose,VAR,,§_,¬O,,»â¨ú¬Ì­]«á»Ý¦b30¤ÀÄÁ¤ºª`®g¡A ­Y¥¼¯à¤Î®É¬I¥´½Ðª½±µ§iª¾ª`®g«Ç,,This vaccine must be injected within 30 minutes after receiving it.,If not to inject in time¡A please inform the injection room directly.,¬Ì­]±µºØ«á3­Ó¤ë¤º¤£¥i¨ü¥¥.½Ð¸m©óÄá¤ó 2-8 «×¦B½c§NÂÃ,Avoid pregnancy 3 mth after immunization. Store in a refrigerator (2-8¢XC).,102¦~²Ä¥|¦¸ÃÄ©e·|¨MÄ³´À¥N,¤@¯ë,ª`®g,Äµ »y:¬Ì­]±µºØ«á3­Ó¤ë¤º¤£¥i¨ü¥¥,,,0,0,¬O,1.0,,§_,¬O,¬O,³æ¤è,§_,°±¥Î,°±¥Î,¤£¥i¿i,§_,,1.00,1.00,1.00,1.00,1,1,1,1,1.00,1.00,0,0,,¦³¹Ï¤ù,,0,,0,,J07BK01,,,,,0,,0,,VAL,§_,¤£µ¹¥I¶·¦Û¥I,¤£µ¹¥I¶·¦Û¥I,,,,§_,Liquid,SOL,,,,,0.50,mL,¬Ò¥i,³æ¦¸¿éª`,PH047,202401171325,0,1800.00
IVAR0,20090108,99999999,°±¥Î,¤ôµk¬Ì­](­û¤u¥Î) 0.5mL/dose,Varilrix inj 0.5mL/dose,Varicella Vaccine,SC,STAT,HIMM,IM-02-02,°w¾¯,VAL,Varilrix,«D²Õ®M,¼t°Ó¯Ê³f,,¤@¯ë¥i¥Î,§_,¤£¥i¥ÎÃÄ¥]¾÷,,¤@¯ë,Á`¶q¶i¦ì,¾AÀ³¯g:¦Û¶O¤ôµk¬Ì­],,,,,,,,,¥u¥Î©óªù¶E,¬ü·ç§J,Varilrix inj 0.5mL/dose,VAR,,§_,¬O,,,,,,,,,¤@¯ë,ª`®g,Äµ »y:¬Ì­]±µºØ«á3­Ó¤ë¤º¤£¥i¨ü¥¥,,,,,§_,1.0,,§_,§_,§_,³æ¤è,§_,¥i¥Î,¥i¥Î,¤£¥i¿i,§_,,1.00,1.00,1.00,1.00,1,1,1,1,0,0,0,0,,µL¹Ï¤ù,,0,,0,,,,,,,,,,,VAL,,¤£µ¹¥I¶·¦Û¥I,¤£µ¹¥I¶·¦Û¥I,,,,§_,Liquid,SOL,,,,,,,¬Ò¥i,³æ¦¸¿éª`,PH032,202110031705,0,1000.00
IVAR1,19960101,99999999,°±¥Î,§K¶O¤ôµk¬Ì­](¥_¥«),§K¶O¤ôµk¬Ì­](¥_¥«),Varicella Virus Vaccine,SC,ST,HIMM,IM-02-02,°w¾¯,VAL,Varilrix,«D²Õ®M,°±¥Î,IVAR2,¤@¯ë¥i¥Î,¬O,¤£¥i¥ÎÃÄ¥]¾÷,,¤@¯ë,Á`¶q¶i¦ì,¾AÀ³¯g:¤ôµk¬Ì­]±µºØ,,,,,,,,,,,§K¶O¤ôµk¬Ì­](¥_¥«),VAR,,§_,¬O,,,,,,,,,¤@¯ë,ª`®g,Äµ »y:¥»«~¥i©M¨ä¥L¥h¬¡©Ê¬Ì­]¦P®É±µºØ¡A¦ýÀ³±µºØ©ó¤£¦P³¡¦ì,,,,,¬O,1.0,,§_,§_,§_,³æ¤è,§_,¥i¥Î,¥i¥Î,¤£¥i¿i,¬O,,1.00,1.00,1.00,1.00,1,1,1,1,0,0,0,0,,µL¹Ï¤ù,,0,,0,,,,,,,,,,,VAL,§_,¥Ó³ø¤£­p»ù,¥Ó³ø¤£­p»ù,,,,§_,Liquid,SOL,,,,,,,¬Ò¥i,³æ¦¸¿éª`,PH032,202110031705,0,0
IVAR2,20170905,99999999,¥i¥Î,Varivax (¤ôµk¬Ì­]¡A¬F©²´£¨Ñ) 0.5mL/dose,¤ôµk¬Ì­]Varivax (Government) 0.5mL/dose,Varicella Virus Vaccine,SC,STAT,HIMM,IM-02-02,°w¾¯,DOS,Varilrix,«D²Õ®M,,,¤@¯ë¥i¥Î,¬O,¥i¥ÎÃÄ¥]¾÷,­­¥Î,¤£¦LÃÄÅÒ,Á`¶q¶i¦ì,¾AÀ³¯g:¤ôµk¬Ì­]±µºØ,,Indication:Varicella vaccine.,,¥~ Æ[:§tÃÄ¬Á¼þ¤p²~+³z©ú¬Á¼þ¦wÞÀ0.5²@¤É,Appearance:1 vial + 0.5mL ampoule diluent,µo¿N,Fever,,¥u¥Î©óªù¶E,¬ü·ç§J,¤ôµk¬Ì­]Varilrix (Government),VAR,,§_,¬O,,»â¨ú¬Ì­]«á»Ý¦b30¤ÀÄÁ¤ºª`®g¡A ­Y¥¼¯à¤Î®É¬I¥´½Ðª½±µ§iª¾ª`®g«Ç,,This vaccine must be injected within 30 minutes after receiving it.,If not to inject in time¡A please inform the injection room directly.,,,,¤@¯ë,ª`®g,Äµ »y:¥»«~¥i©M¨ä¥L¥h¬¡©Ê¬Ì­]¦P®É±µºØ¡A¦ýÀ³±µºØ©ó¤£¦P³¡¦ì,,,0,0,¬O,1.0,,§_,¬O,¬O,³æ¤è,§_,°±¥Î,¥i¥Î,¤£¥i¿i,§_,,1.00,1.00,1.00,1.00,1,1,1,1,1.00,1.00,0,0,,¦³¹Ï¤ù,,0,,0,,J07BK01,,,,,0,,0,,¦¸,,°·«Oµ¹¥I,°·«Oµ¹¥I,,,K000450206,§_,Liquid,SOL,,,,,0.50,mL,¬Ò¥i,³æ¦¸¿éª`,PH047,202401171326,0,0
IVAX,20170829,99999999,°±¥Î,¦Û¶O3»ù¬y·P (Vaxigrip)0.5mL/dose,¦Û¶O3»ù¬y·P (Vaxigrip)0.5mL/dose,Purified Split Inactivated Influenza Virus,IM,ST,HIMM,IM-02-02,°w¾¯,DOS,Vaxigrip,«D²Õ®M,°±¥Î,,¤@¯ë¥i¥Î,§_,¥i¥ÎÃÄ¥]¾÷,°·«O¤£µ¹¥I,¤@¯ë,Á`¶q¶i¦ì,¾AÀ³¯g:¬y¦æ©Ê·P«_¬Ì­],,Indication:Influenza vaccine.,,¥~ Æ[: 0.5mL ¹w¶ñ¥R°wµ©,Appearance: Prefilled syringe 0.5mL,ÀYµh¡A ¬y¦½¡A ¦Ùµh¡A µL¤O¡A µo¼ö,Headache¡A sweating¡A myalgia¡A arthralgia¡A fever,,¥u¥Î©óªù¶E¤Î¦í°|STAT,¤Ú´µ¼w¬y·P¬Ì­],Influenza vaccine (Vaxigrip),FLU_B,,§_,¬O,,»â¨ú¬Ì­]«á¡A ½Ð¥ß§Y¦Üª`®g«Ç¨Ì«ü¥Ü¨Ï¥Î,,After receiving the vaccine¡A please go to the injection room immediately.,,,,,¤@¯ë,ª`®g,Äµ »y:»â¨ú¬Ì­]«á¡A½Ð¥ß§Y¦Üª`®g«Ç¨Ì«ü¥Ü¨Ï¥Î¡C,,,0,0,§_,1.0,,§_,¬O,¬O,³æ¤è,§_,°±¥Î,¥i¥Î,¤£¥i¿i,§_,,1.00,1.00,1.00,1.00,1,1,1,1,1.00,1.00,0,0,,¦³¹Ï¤ù,,0,,0,,J07BB02,,,,,0,,0,,AMP,§_,¤£µ¹¥I¶·¦Û¥I,¤£µ¹¥I¶·¦Û¥I,INFLUENZA VACCINE,J07BB02,K000453206,§_,Liquid,SOL,,,,,0.50,mL,¬Ò¥i,³æ¦¸¿éª`,PH034,202109102139,0,300.00
IVAX1,20170829,99999999,°±¥Î,§K¶O¦¨¤H¬y·P 0.5mL/dose,Free Influenza vaccine (Adult) 0.5mL/dose,Purified Split Inactivated Influenza Virus,IM,ST,HIMM,IM-02-02,°w¾¯,DOS,Vaxigrip,«D²Õ®M,°±¥Î,,¤@¯ë¥i¥Î,§_,¥i¥ÎÃÄ¥]¾÷,°·«O¤£µ¹¥I,¤@¯ë,Á`¶q¶i¦ì,¾AÀ³¯g:¬y¦æ©Ê·P«_¬Ì­],,Indication:Influenza vaccine.,,¥~ Æ[: 0.5mL ¹w¶ñ¥R°wµ©,Appearance: Prefilled syringe 0.5mL,ÀYµh¡A ¬y¦½¡A ¦Ùµh¡A µL¤O¡A µo¼ö,Headache¡A sweating¡A myalgia¡A arthralgia¡A fever,,¥u¥Î©óªù¶E¤Î¦í°|STAT,§K¶O¦¨¤H¬y·P¬Ì­],Free Influenza vaccine (Adul,FLU_B,,§_,¬O,,»â¨ú¬Ì­]«á¡A ½Ð¥ß§Y¦Üª`®g«Ç¨Ì«ü¥Ü¨Ï¥Î,,After receiving the vaccine¡A please go to the injection room immediately.,,,,,¤@¯ë,ª`®g,Äµ »y:»â¨ú¬Ì­]«á¡A½Ð¥ß§Y¦Üª`®g«Ç¨Ì«ü¥Ü¨Ï¥Î¡C,,,0,0,§_,1.0,,§_,¬O,¬O,³æ¤è,§_,°±¥Î,°±¥Î,¤£¥i¿i,§_,,1.00,1.00,1.00,1.00,1,1,1,1,1.00,1.00,0,0,,¦³¹Ï¤ù,,0,,0,,J07BB02,,,,,0,,0,,VAL,§_,°·«Oµ¹¥I,°·«Oµ¹¥I,,,K000453277,§_,Liquid,SOL,,,,,0.50,mL,¬Ò¥i,³æ¦¸¿éª`,PH034,202109102139,0,0
IVAX2,20020925,99999999,°±¥Î,¦Û¶O¬y·P¬Ì­]( <¤T·³) 0.25mL/¤ä,Influenza vaccine(<3y/o) 0.25mL/vial (Private),Purified Split Inactivated Influenza Virus,IM,ST,HIMM,IM-02-02,°w¾¯,¤ä,Vaxigrip,«D²Õ®M,°±¥Î,,ÃÄ©e·|Á{±Ä,¬O,¤£¥i¥ÎÃÄ¥]¾÷,°·«O¤£µ¹¥I,¤@¯ë,Á`¶q¶i¦ì,¾AÀ³¯g:¬y¦æ©Ê·P«_¬Ì­],,Indication:Influenza vaccine.,,,,ÀYµh¡B¬y¦½¡B¦Ùµh¡BµL¤O¡Bµo¼ö,Headache¡A sweating¡A myalgia¡A arthralgia¡A fever,,¬Ò¥i¥Î,,Influenza vaccine(<3y/o) 0.2,,,§_,¬O,,,,,,,,,¤@¯ë,ª`®g,Äµ »y: ¥X²{¥ô¦ó²§±`·ï«C©Î¥X¦å¡A¶Ë¤f¤£©ö¤î¦å¡A½Ð¾¨³t»PÂå®vÁpµ¸,,,,,§_,1.0,,§_,§_,¬O,³æ¤è,§_,°±¥Î,¥i¥Î,¤£¥i¿i,¬O,,1.00,1.00,1.00,1.00,1,1,1,1,0,0,0,0,,µL¹Ï¤ù,,0,,0,,,,,,,,,,,VAL,,¤£µ¹¥I¶·¦Û¥I,¤£µ¹¥I¶·¦Û¥I,,,,§_,Liquid,SOL,,,,,,,¬Ò¥i,³æ¦¸¿éª`,PH034,202109102139,0,230.00
IVAX3,20170828,99999999,°±¥Î,§K¶O¬y·P(3~12·³) 0.5mL/dose,Free Influenza vaccine (3~12y/o) 0.5mL/dose,Purified Split Inactivated Influenza Virus,IM,ST,HIMM,IM-02-02,°w¾¯,DOS,¬y·P¬Ì­],«D²Õ®M,°±¥Î,,¤@¯ë¥i¥Î,¬O,¥i¥ÎÃÄ¥]¾÷,°·«O¤£µ¹¥I,¤£¦LÃÄÅÒ,Á`¶q¶i¦ì,¾AÀ³¯g:¬y¦æ©Ê·P«_¬Ì­],,Indication:Influenza vaccine.,,¥~ Æ[: 0.5mL ¹w¶ñ¥R°wµ©,Appearance: Prefilled syringe 0.5mL,ÀYµh¡A ¬y¦½¡A ¦Ùµh¡A µL¤O¡A µo¼ö,Headache¡A sweating¡A myalgia¡A arthralgia¡A fever,,¥u¥Î©óªù¶E¤Î¦í°|STAT,¬y·P¬Ì­]Vaxigrip,Free Influenza vaccine (3~12,FLU_B,,§_,¬O,,»â¨ú¬Ì­]«á¡A ½Ð¥ß§Y¦Üª`®g«Ç¨Ì«ü¥Ü¨Ï¥Î,,After receiving the vaccine¡A please go to the injection room immediately.,,,,,¤@¯ë,ª`®g,Äµ »y:»â¨ú¬Ì­]«á¡A½Ð¥ß§Y¦Üª`®g«Ç¨Ì«ü¥Ü¨Ï¥Î¡C,,,0,0,§_,1.0,,§_,¬O,¬O,³æ¤è,§_,°±¥Î,¥i¥Î,¤£¥i¿i,§_,,1.00,1.00,1.00,1.00,1,1,1,1,1.00,1.00,0,0,,¦³¹Ï¤ù,,0,,0,,J07BB02,,,,,0,,0,,VAL,,°·«Oµ¹¥I,°·«Oµ¹¥I,,,J000113277,§_,Liquid,SOL,,,,,0.50,mL,¬Ò¥i,³æ¦¸¿éª`,PH034,202109102139,0,0
IVAX4,20021201,99999999,°±¥Î,§K¶O¦¨¤H¬y·P 0.5mL/dose (12~64·³ÂX¤j¹ï¶H),Free Influenza vaccine 0.5mL/dose (13~64y/o),Purified Split Inactivated Influenza Virus,IM,ST,HIMM,IM-02-02,°w¾¯,DOS,,«D²Õ®M,°±¥Î¡A¥i¬dÃþ¦üÃÄ,,¤@¯ë¥i¥Î,§_,¤£¥i¥ÎÃÄ¥]¾÷,°·«O¤£µ¹¥I,¤@¯ë,Á`¶q¶i¦ì,¾AÀ³¯g:¬°¬y¦æ©Ê·P«_¬Ì­],,Indication: influenza vaccine.,,,,ÀYµh¡B¬y¦½¡B¦Ùµh¡BµL¤O¡Bµo¼ö,Headache¡A sweating¡A myalgia¡A arthralgia¡A fever,,¥u¥Î©óªù¶E¤Î¦í°|STAT,"¤Ú´µ¼w" §K¶O¦¨¤H¬y·P¬Ì­],Free Influenza vaccine 0.5mL,FLU_B,,§_,¬O,,,,,,,,,¤@¯ë,ª`®g,Äµ »y:»â¨ú¬Ì­]«á¡A½Ð¥ß§Y¦Üª`®g«Ç¨Ì«ü¥Ü¨Ï¥Î¡C,,,,,§_,1.0,,§_,§_,¬O,³æ¤è,§_,°±¥Î,¥i¥Î,¤£¥i¿i,¬O,,1.00,1.00,1.00,1.00,1,1,1,1,0,0,0,0,,µL¹Ï¤ù,,0,,0,,,,,,,,,,,VAL,,°·«Oµ¹¥I,°·«Oµ¹¥I,INFLUENZA VACCINE,J07BB02,K000453206,§_,Liquid,SOL,,,,,,,¬Ò¥i,³æ¦¸¿éª`,PH034,202109102140,0,0
IVAX5,20170828,99999999,°±¥Î,§K¶O¥®¨à¬y·P(6M~3Y) 0.25mL/dose,Free Influenza vaccine (6M~3Y) 0.25mL/dose,Purified Split Inactivated Influenza Virus,IM,ST,HIMM,IM-02-02,°w¾¯,DOS,,«D²Õ®M,°±¥Î,,¤@¯ë¥i¥Î,§_,¥i¥ÎÃÄ¥]¾÷,°·«O¤£µ¹¥I,¤£¦LÃÄÅÒ,Á`¶q¶i¦ì,¾AÀ³¯g:¬y¦æ©Ê·P«_¬Ì­],,Indication:Influenza vaccine.,,¥~ Æ[: 0.25mL ¹w¶ñ¥R°wµ©,Appearance: Prefilled syringe 0.25mL,ÀYµh¡A ¬y¦½¡A ¦Ùµh¡A µL¤O¡A µo¼ö,Headache¡A sweating¡A myalgia¡A arthralgia¡A fever,,¥u¥Î©óªù¶E¤Î¦í°|STAT,¥®¨à¬y·P¬Ì­],Free Influenza vaccine (6M~3,FLU_B,,§_,¬O,,»â¨ú¬Ì­]«á¡A ½Ð¥ß§Y¦Üª`®g«Ç¨Ì«ü¥Ü¨Ï¥Î,,After receiving the vaccine¡A please go to the injection room immediately.,,,,,¤@¯ë,ª`®g,Äµ »y:»â¨ú¬Ì­]«á¡A½Ð¥ß§Y¦Üª`®g«Ç¨Ì«ü¥Ü¨Ï¥Î¡C,,,0,0,§_,1.0,,§_,¬O,¬O,³æ¤è,§_,°±¥Î,¥i¥Î,¤£¥i¿i,§_,,1.00,1.00,1.00,1.00,1,1,1,1,1.00,1.00,0,0,,¦³¹Ï¤ù,,0,,0,,J07BB02,,,,,0,,0,,¤ä,,°·«Oµ¹¥I,°·«Oµ¹¥I,,,K000453265,§_,Liquid,SOL,,,,,0.25,mL,¬Ò¥i,³æ¦¸¿éª`,PH034,202109102140,0,0
IVAX9,20050308,99999999,°±¥Î,§K¶O¤p¨à¬y·P¬Ì­](4~10·³),Free Influenza vaccine (4~10y/o),Purified Split Inactivated Influenza Virus,IM,ST,HIMM,IM-02-02,°w¾¯,¤ä,,«D²Õ®M,°±¥Î¡A¥i¬dÃþ¦üÃÄ,,¤@¯ë¥i¥Î,§_,¤£¥i¥ÎÃÄ¥]¾÷,,¦C¦Lªù¶EÃÄÅÒ,Á`¶q¶i¦ì,¾AÀ³¯g:¬°¬y¦æ©Ê·P«_¬Ì­],,Indication: influenza vaccine.,,,,ÀYµh¡B¬y¦½¡B¦Ùµh¡BµL¤O¡Bµo¼ö,Headache¡A sweating¡A myalgia¡A arthralgia¡A fever,,¬Ò¥i¥Î,,Free Influenza vaccine (4~10,FLU_B,,§_,¬O,,,,,,,,,¤@¯ë,ª`®g,Äµ »y:»â¨ú¬Ì­]«á¡A½Ð¥ß§Y¦Üª`®g«Ç¨Ì«ü¥Ü¨Ï¥Î¡C,,,,,§_,1.0,,§_,§_,¬O,³æ¤è,§_,°±¥Î,¥i¥Î,¤£¥i¿i,¬O,,1.00,1.00,1.00,1.00,1,1,1,1,0,0,0,0,,µL¹Ï¤ù,,0,,0,,,,,,,,,,,¤ä,,°·«O¤£¥Ó³ø¤£­p»ù,°·«O¤£¥Ó³ø¤£­p»ù,,,,§_,Liquid,SOL,,,,,,,¬Ò¥i,³æ¦¸¿éª`,PH034,202109102140,0,0
IVAXS,20170915,99999999,¥i¥Î,4»ù¦Û¶O¬y·P (VaxigripTetra)0.5mL/dose,4»ù¦Û¶O¬y·P (VaxigripTetra)0.5mL/dose,Purified Split Inactivated Influenza Virus,IM,STAT,HIMM,IM-02-02,°w¾¯,DOS,Influenza Vaccine Quadrivalent,«D²Õ®M,¼t°Ó¯Ê³f,,¤@¯ë¥i¥Î,¬O,¥i¥ÎÃÄ¥]¾÷,°·«O¤£µ¹¥I,¤@¯ë,Á`¶q¶i¦ì,¾AÀ³¯g:6­Ó¤ë¥H¤W¨àµ£¤Î¦¨¤H¤§¬y¦æ©Ê·P«_¬Ì­],,Indication:Influenza vaccine for 6 months and older.,,¥~ Æ[:¹w¥R¶ñª`®g°wµ©,Appearance: Suspension for injection in pre-filled syringe.,ÀYµh¡A ¦Ùµh¡A ±µºØ³¡¦ì¯kµh,Headache¡A myalgia¡A injection site reaction.,,¥u¥Î©óªù¶E¤Î¦í°|STAT,µá¬y¹F¥|»ù¬y·P¬Ì­],4»ù¦Û¶O¬y·P (VaxigripTetra)0.5mL,FLU_4,,,¬O,,»â¨ú¬Ì­]«á¡A ½Ð¥ß§Y¦Üª`®g«Ç¨Ì«ü¥Ü¨Ï¥Î,,After receiving the vaccine¡A please go to the injection room immediately.,,À³·n®Ì§¡¤Ã«á¦A¬I¥´,Shake evenly before using it.,,¤@¯ë,ª`®g,Äµ »y:»â¨ú¬Ì­]«á¡A½Ð¥ß§Y¦Üª`®g«Ç¨Ì«ü¥Ü¨Ï¥Î¡C,,,0,0,¬O,1.0,,§_,¬O,¬O,³æ¤è,§_,°±¥Î,°±¥Î,¤£¥i¿i,§_,,1.00,1.00,1.00,1.00,1,1,1,1,1.00,1.00,0,0,,¦³¹Ï¤ù,,0,,0,,J07BB02,,,,,0,,0,,¤ä,§_,¤£µ¹¥I¶·¦Û¥I,¤£µ¹¥I¶·¦Û¥I,,,,§_,Liquid,SOL,,,,,0.50,mL,¤£»Ýµ}ÄÀ,,PH084,202403250931,0,950.00
IVC5,19960101,99999999,¥i¥Î,Vitamin C (Vitacicol) inj 100mg/2mL,Vitamin C (Vitacicol) inj 100mg/2mL,Ascorbic Acid,IVD,,NUTR,NU-02-00,°w¾¯,AMP,Vitacicol,«D²Õ®M,,,¤@¯ë¥i¥Î,¬O,¤£¥i¥ÎÃÄ¥]¾÷,¥i¥Î,¤@¯ë,¦¸­p¶q¶i¦ì,¾AÀ³¯g:ºû¥Í¯ÀC¯Ê¥F,,Indication: Ascorbic acid deficiency,,¥~ Æ[:2mL ¦wÞÀ,Appearance: 2 mL ampoule,ª`®g³¡¦ì¤ÏÀ³,Injection site reaction,,¥u¥Î©óªù¶E¤Î¦í°|STAT,¬ü¹F±dª`®g²G,Vitamin C inj 100mg/2mL,,,§_,¬O,,,,,,¥»ÃÄ¾¯·|¼vÅT¦UºØ§¿¿}ÀË¬d­È¡A¥i¯à³y¦¨°²³±©Ê¤ÏÀ³¡C,,,¤@¯ë,ª`®g,,,,,,¬O,1.0,,¬O,¬O,§_,³æ¤è,§_,°±¥Î,°±¥Î,¤£¥i¿i,§_,,1.00,1.00,10.00,10.00,999,999,1,1,20.00,20.00,0,0,,¦³¹Ï¤ù,,0,,0,,A11GA01,,,,,,,,,AMP,§_,°·«Oµ¹¥I,°·«Oµ¹¥I,VITAMIN C (=ASCORBIC ACID),A11GA01,NC06513212,§_,Liquid,IVSOL,,,100.00,mg,2.00,mL,¥²¶·µ}ÄÀ,³æ¦¸¿éª`,PH034,202207271913,15.00,20.00
IVEK,20210518,99999999,¥i¥Î,Veklury inj 100mg (¤½¶O/­á´¹),Veklury inj 100mg (¤½¶O/­á´¹),Remdesivir,IVD,QD,QANB,AI-03-09,°w¾¯,Vial,¤½¶OCOVID-19§Ü¯f¬rÃÄ¾¯,«D²Õ®M,,,¤@¯ë¥i¥Î,¬O,¥i¥ÎÃÄ¥]¾÷,±ø¥ó¤Uµ¹¥I,¤@¯ë,Á`¶q¶i¦ì,¾AÀ³¯g:­««×·s«¬«aª¬¯f¬r(SARS-CoV-2)·P¬V¯g,,Indication:Hospitalized patients of COVID-19,,¥~ Æ[:¤p²~¤º§t°®¯»­á´¹,Appearance:Lyophilized powder in a vial.,äú¤ß¡A¨x«ü¼Æ¤W¤É,Nausea¡A ALT/SGPT level raised.,,¥u¥Î©óªù¶E¤Î¦í°|STAT,­³¦p·N­á´¹°®Àêª`®g¾¯100²@§J/²~,Veklury inj 100mg (¤½¶O/­á´¹),,,,¬O,,À³ÄY±KºÊ´ú¯f±w¨xµÇ¥\¯à,,Renal and liver function Should be monitored while receiving Veklury.,,¤£«ØÄ³»P«¶¹çÃþÃÄª«¨Ö¥Î,Not recommended in combination with chloroquine or hydroxychloroquine.,»ÝÁpµ¸¯eºÞ¸p°ÏºÞ¤¤¤ßµ¡¤f±M®×¥Ó½Ð,¤@¯ë,ª`®g,¤£«ØÄ³»P«¶¹çÃþÃÄª«¨Ö¥Î,,,0,0,¬O,1.0,,¬O,¬O,¬O,³æ¤è,§_,°±¥Î,°±¥Î,¤£¥i¿i,¬O,,1.00,1.00,2.00,2.00,10,10,5,5,2.00,2.00,0.05,0.05,,¦³¹Ï¤ù,,0,,0,5 mg/kg/dose on day 1¡A followed by 2.5 mg/kg/dose once daily,J05AB16,,,,,0,,0,,VIAL,,°·«O¤£¥Ó³ø¤£­p»ù,°·«O¤£¥Ó³ø¤£­p»ù,,,,§_,Liquid,IVSOL,,,100.00,mg,0,,¥²¶·µ}ÄÀ,³æ¦¸¿éª`,PH047,202401261716,0,0
IVEKS,20230102,99999999,¥i¥Î,Veklury (¦Û¶O) inj 100mg (­á´¹),Veklury (¦Û¶O) inj 100mg (­á´¹),Remdesivir,IVD,QD,QANB,AI-03-09,°w¾¯,Vial,¥~°ê¤H¦Û¶OCOVID-19§Ü¯f¬rÃÄ¾¯,«D²Õ®M,,,¤@¯ë¥i¥Î,¬O,¥i¥ÎÃÄ¥]¾÷,°·«O¤£µ¹¥I,¤@¯ë,Á`¶q¶i¦ì,¾AÀ³¯g:­««×·s«¬«aª¬¯f¬r(SARS-CoV-2)·P¬V¯g,,Indication:Hospitalized patients of COVID-19,,¥~ Æ[:¤p²~¤º§t°®¯»­á´¹,Appearance:Lyophilized powder in a vial.,äú¤ß¡A¨x«ü¼Æ¤W¤É,Nausea¡A ALT/SGPT level raised.,,¥u¥Î©óªù¶E¤Î¦í°|STAT,­³¦p·N­á´¹°®Àêª`®g¾¯100²@§J/²~,Veklury (¦Û¶O) inj 100mg,,,,¬O,,À³ÄY±KºÊ´ú¯f±w¨xµÇ¥\¯à,,Renal and liver function Should be monitored while receiving Veklury.,,¤£«ØÄ³»P«¶¹çÃþÃÄª«¨Ö¥Î,Not recommended in combination with chloroquine or hydroxychloroquine.,»ÝÁpµ¸¯eºÞ¸p°ÏºÞ¤¤¤ßµ¡¤f±M®×¥Ó½Ð¡A2023.01¬F©²´£¨Ñ¡A­­«D¥»°êÄy¯f±w¨Ï¥Î,¤@¯ë,ª`®g,¤£«ØÄ³»P«¶¹çÃþÃÄª«¨Ö¥Î,,,0,0,¬O,1.0,,¬O,¬O,¬O,³æ¤è,§_,°±¥Î,°±¥Î,¤£¥i¿i,§_,,1.00,1.00,2.00,2.00,10,10,5,5,2.00,2.00,0.05,0.05,,¦³¹Ï¤ù,,0,,0,5 mg/kg/dose on day 1¡A followed by 2.5 mg/kg/dose once daily,J05AB16,,,,,0,,0,,VIAL,,¤£µ¹¥I¶·¦Û¥I,¤£µ¹¥I¶·¦Û¥I,,,,,Liquid,IVSOL,,,100.00,mg,0,,¥²¶·µ}ÄÀ,³æ¦¸¿éª`,PH047,202401261716,0,11743.00
IVENA,19960101,99999999,°±¥Î,Venan inj 30mg/1mL,Venan inj 30mg/1mL,Diphenhydramine,IM,,HIMM,IM-01-00,°w¾¯,AMP,Vena,«D²Õ®M,°±¥Î,IDIPH,¤@¯ë¥i¥Î,¬O,¥i¥ÎÃÄ¥]¾÷,,¤@¯ë,¦¸­p¶q¶i¦ì,¾AÀ³¯g:¹L±Ó¯gª¬,,Indication:Relief allergic syndrome.,,¥~ Æ[:³z©ú¦wÞÀ(amp)¡AÂÅ¦â¦r¼Ë,,§x­Â¡A ·w¯t,Drowsiness¡A dizziness,,,©ú®Ôª`®g²G,Venan inj 30mg/1mL,,,§_,¬O,,¥»«~¥i¯à·|­°§C±zªºª`·N¤O¡BÄµÄ±©Ê¤Î°Ê§@¨ó½Õ¯à¤O,,May cause dizziness¡A weakness¡A lack of coordination.,,,,,¤@¯ë,ª`®g,Äµ »y:¥»«~¥i¯à·|­°§C±zªºª`·N¤O¡BÄµÄ±©Ê¤Î°Ê§@¨ó½Õ¯à¤O,,,,,¬O,1.0,,§_,§_,§_,³æ¤è,§_,¥i¥Î,¥i¥Î,¤£¥i¿i,¬O,,1.00,1.00,2.00,2.00,1,7,1,1,13.00,6.00,0,0,,¦³¹Ï¤ù,,0,,0,,R06AA02,,,,,,,,,AMP,§_,°·«Oµ¹¥I,°·«Oµ¹¥I,DIPHENHYDRAMINE,R06AA02,N005196209,§_,Liquid,SOL,,,,,,,¬Ò¥i,³æ¦¸¿éª`,PH036,201403281548,1.54,10.00
IVER,20190505,99999999,¥i¥Î,U-sodin inj 5mg/2mL (Verapamil),U-sodin inj 5mg/2mL (Verapamil),Verapamil,IVPUSH,,CAVS,CV-05-00,°w¾¯,AMP,Isoptin,«D²Õ®M,,,¤@¯ë¥i¥Î,¬O,¥i¥ÎÃÄ¥]¾÷,,¤@¯ë,¦¸­p¶q¶i¦ì,¾AÀ³¯g:°ª¦åÀ£¡A ¤ß«ß¤£¾ã,,Indication:Angina pectoris¡A hypertension¡A arrhythmias.,,¥~ Æ[:³z©ú¦wÞÀ(amp)¡A ¥Õ¦â¥~¶K¯È¡A ¶Â¦â¦r¼Ë,Appearance: 2 mL ampoule,¼é¬õ¡A «K¯¦¡A ¤ß·i®}½w¡A §C¦åÀ£¡A ÀY·w¡A ÀYµh,Flushing¡A constipation¡A bradycardia¡A hypotension¡A dizziness¡A headache.,,,Àu½ç©wª`®g²G2.5¤½µ·/¤½¼¼,U-sodin inj 5mg/2mL,,,¬O,¬O,,¥i¯à¦³®É·|Ä±±oÀY·w¡B©ü¯t¡A½ÐÁ×§K§Ö³tªº°Ê§@©Î«º¶ÕÅÜ¤Æ,,May cause dizziness or drowsiness. Take care to avoid sudden movement.,,,,,¤@¯ë,ª`®g,Äµ »y:¥i¯à¦³®É·|Ä±±oÀY·w¡B©ü¯t¡A½ÐÁ×§K§Ö³tªº°Ê§@©Î«º¶ÕÅÜ¤Æ,,,0,0,¬O,1.0,,§_,¬O,§_,³æ¤è,§_,°±¥Î,°±¥Î,¤£¥i¿i,¬O,,1.00,1.00,4.00,2.00,999,999,1,1,6.00,6.00,2.00,0.60,,¦³¹Ï¤ù,,0,,0,0.2-0.3 mg/kg (³æ¦¸),C08DA01,,,,,0,,0,,AMP,§_,°·«Oµ¹¥I,°·«Oµ¹¥I,VERAPAMIL,C08DA01,AC27307212,§_,Liquid,IVSOL,,,5.00,mg,2.00,mL,¬Ò¥i,³æ¦¸\«ùÄò¿éª`,PH008,202012011438,136.00,163.00
IVFDRUG,19960101,99999999,¥i¥Î,»¤µo±Æ§ZÃÄª«¶O,»¤µo±Æ§ZÃÄª«¶O,»¤µo±Æ§ZÃÄª«¶O,IM,,PHR,PHR,°w¾¯,­Ó,,«D²Õ®M,,,¤@¯ë¥i¥Î,¬O,¤£¥i¥ÎÃÄ¥]¾÷,,¤@¯ë,Á`¶q¶i¦ì,¾AÀ³¯g:¬°»¤µo±Æ§ZÃÄª«¶O,,,,,,,,,,,»¤µo±Æ§ZÃÄª«¶O,,,§_,¬O,,,,,,,,[Rx_x]³B¤è¶°¤£Åã¥Ü,¤@¯ë,ª`®g,,,,,,¬O,1.0,,§_,§_,§_,³æ¤è,§_,°±¥Î,°±¥Î,¤£¥i¿i,¬O,,1.00,1.00,999.00,999.00,999,999,1,1,999.00,999.00,0,0,,µL¹Ï¤ù,,0,,0,,,,,,,,,,,®M,§_,¤£µ¹¥I¶·¦Û¥I,¤£µ¹¥I¶·¦Û¥I,,,,§_,,,,,,,,,¬Ò¥i,³æ¦¸¿éª`,PH034,202110311032,0,30000.00
IVFEN,20140508,99999999,¥i¥Î,Vfend inj 200mg,Vfend inj 200mg,Voriconazole,IVD,,QANB,AI-02-00,°w¾¯,VAL,Vfend,«D²Õ®M,Á{±ÄÃÄ¡A½Ð³qª¾ÃÄ§½¥~ÁÊ,,­Ó®×Á{±Ä,¬O,¥i¥ÎÃÄ¥]¾÷,,¤@¯ë,¦¸­p¶q¶i¦ì,¾AÀ³¯g:§ÜÅðµßÃÄ,,Indication:Antifungal Agent,,¥~ Æ[:¥Õ¦â­á´¹¯»¥½¡A³z©ú¤p²~(Vial)¡A¬õ¦â¥~»\,Appearance: White powder in vial with red cap,¸z­G¾÷¯à»ÙÃª¡A ëC³Â¯l¡A ¯«¸g©Ê¤ô¸~,GI disturbances; urticaria¡A angioedema.,¯S®íÃþ§Ü¥Í¯À,¬Ò¥i¥Î,Åð­¸­á´¹ª`®g²G,Vfend inj 200mg,,,,¬O,,¥i¯àµo¥ÍµøÄ±¼Ò½k¡AªAÃÄ«á½Ð¤Å¶}¨®©Î¾Þ§@¦MÀI¾÷±ñ¡C,,Blurred vision may occur¡A be careful driving or operating machinery.,,»ÝºÊ´ú¨x¡BµÇ¥\¯à¡C,Monitor for evidence of worsening hepatic & renal function.,,¤@¯ë,ª`®g,Äµ »y:¥»ÃÄ¤@©w­n¸gµ}ÄÀ¹L«á¨Ï¥Î,,,0,0,§_,1.0,,§_,¬O,§_,³æ¤è,§_,°±¥Î,¥i¥Î,¤£¥i¿i,¬O,,1.00,1.00,4.00,4.00,1,7,1,7,8.00,8.00,0,0,,¦³¹Ï¤ù,,0,,0,,J02AC03,,,,,0.20,g,0.40,g,VIAL,§_,°·«Oµ¹¥I,°·«Oµ¹¥I,VORICONAZOLE,J02AC03,BC23648263,§_,Liquid,IVSOL,¦M®`¤G¯Å(¡I),,200.00,mg,,,¥²¶·µ}ÄÀ,³æ¦¸¿éª`,PH047,202403131634,3806.00,4567.00
IVIC,20131216,99999999,¥i¥Î,Victoza inj 6mg/mL¡A 3mL,Victoza inj 6mg/mL¡A 3mL,Liraglutide,SC,QD,META,ME-02-07,°w¾¯,mg,Victoza,«D²Õ®M,°±¥Î¡A¥i¬dÃþ¦üÃÄ,,¤@¯ë¥i¥Î,¬O,¤£¥i¥ÎÃÄ¥]¾÷,¥i¥Î,¤@¯ë,Á`¶q¶i¦ì,¾AÀ³¯g:ªvÀø²Ä¤G«¬¿}§¿¯f¤Î¹w¨¾¤ß¦åºÞ¨Æ¥ó,,Indication:Control of hyperglycemia and reduction of major,adverse cardiovascular events,¥~ Æ[: ÂÅ¦âµ§«¬,Appearance: FlexPen (Injection Pen),§C¦å¿}¡A¸z­G¤£¾A,Hypoglycemia¡AGastrointestinal discomfort.,,¬Ò¥i¥Î,¯Ø§´µ½ª`®g²G,Victoza inj 6mg/mL¡A 3mL,,,§_,¬O,,¥i¯à·|¤Þ°_äú¤ß©Î¸z­G¤£¾Aªº²{¶H¡A ¨Ãª`·N¦å¿}ÅÜ¤Æ,,Nausea or GI discomfort may occur¡A monitor blood glucose levels.,,³Æµù¡G¶}«Ê«e½Ð¸m©óÄá¤ó2-8«×¦B½c¡A¶}«Ê«á¥i¦s©ñ¤@­Ó¤ë,Store in a refrigerator (2-8¢XC) before use.,102¦~²Ä¥|¦¸ÃÄ©e·|·s¶i,¤@¯ë,¤@¯ë,Äµ »y:¥i¯à·|¤Þ°_äú¤ß©Î¸z­G¤£¾Aªº²{¶H¡A¨Ãª`·N¦å¿}ÅÜ¤Æ,,,0,0,§_,18.0,,§_,¬O,§_,³æ¤è,§_,¥i¥Î,¥i¥Î,¤£¥i¿i,§_,,0.60,0.60,1.80,1.80,999,999,28,999,1.80,1.80,0,0,,¦³¹Ï¤ù,,0,,0,,A10BJ02,,,,,,,,,¤ä,,°·«Oµ¹¥I,°·«Oµ¹¥I,LIRAGLUTIDE,A10BJ02,KC00914216,§_,Liquid,SOL,¦M®`¤G¯Å(¡I),,18.00,mg,3.00,mL,¬Ò¥i,³æ¦¸¿éª`,PH047,202402140516,1302.00,1562.00
IVIM,20191211,99999999,¥i¥Î,Vimpat °w¾¯ 200mg/20mL,Vimpat Intravenous 200mg/20mL,Lacosamide,IVD,BID,CNEU,CN-03-01,°w¾¯,Vial,Vimpat ¿é²G·»²G,«D²Õ®M,,,¤@¯ë¥i¥Î,¬O,¥i¥ÎÃÄ¥]¾÷,±ø¥ó¤Uµ¹¥I,¤@¯ë,¦¸­p¶q¶i¦ì,¾AÀ³¯g:¥|·³¥H¤WÅöíwµo§@ªºªvÀø©Î»²§UªvÀø,,Indication:Treatment or adjuvant therapy for seizures,over the age of 4,¥~ Æ[:³z©ú¬Á¼þ¤p²~(vial),Appearance:Clear glass vial,ÀY·w¡A¯h³Ò¡AÀYµh¡Aäú¤ß¡A¹Ã¦R¡A¾_Å¸¡A½Æµø¡Aµø¤O¼Ò½k,Dizziness¡A fatigue¡A headache¡A nausea¡A vomiting¡A tremor¡A diplopia¡A blurred vision,,¬Ò¥i¥Î,ºû©¬¯S 10²@§J/²@¤É¿é²G·»²G,Vimpat °w¾¯ 10mg/mL¡A20mL,,,¬O,¬O,,¥i¯à·|³y¦¨¶ÝºÎ©Î·w¯t¡A ¶}¨®©Î¾Þ§@¦MÀI¾÷¾¹½Ð¤p¤ß,,May make you dizzy; use caution while driving or operating machinery.,,,,2019.12­Ó®×Á{±Ä 2020Q2ÃÄ©e·s¶i,¤@¯ë,ª`®g,Äµ »y:¥i¯à·|³y¦¨¶ÝºÎ©Î·w¯t¡A ¶}¨®©Î¾Þ§@¦MÀI¾÷¾¹½Ð¤p¤ß,,,0,0,¬O,1.0,,§_,§_,§_,³æ¤è,§_,¥i¥Î,°±¥Î,¤£¥i¿i,¬O,,1.00,1.00,2.00,2.00,999,999,1,1,3.00,3.00,0,0,0,¦³¹Ï¤ù,,0,,0,,N03AX18,,,,,0,,0,,VIAL,,°·«Oµ¹¥I,°·«Oµ¹¥I,LACOSAMIDE,N03AX18,BC26283238,,,,,,200.00,mg,20.00,mL,¬Ò¥i,³æ¦¸¿éª`,PH047,202303061010,1028.00,1234.00
IVIN,20031201,99999999,°±¥Î,Vinblastin 10mg/10mL,Vinblastin 10mg/10mL,Vinblastin,IVD,,RACA,ON-04-02,°w¾¯,mg,Vinblastin,«D²Õ®M,Á{±ÄÃÄ¡A½Ð³qª¾ÃÄ§½¥~ÁÊ,,­Ó®×Á{±Ä,§_,¤£¥i¥ÎÃÄ¥]¾÷,¥i¥Î,¤@¯ë,Á`¶q¶i¦ì,¾AÀ³¯g¡G¥Dªv«æ©Ê¥Õ¦å¯f©Î²O¤Ú¦×½Fµ¥,,Indication: cancer therapy.,,,,,,,¬Ò¥i¥Î,,Vinblastin,,,§_,¬O,,,,,,,,,¤@¯ë,¤@¯ë,,Äµ °ªÄµ°T,,,,¬O,10.0,,§_,¬O,§_,³æ¤è,§_,¥i¥Î,¥i¥Î,¤£¥i¿i,¬O,,1.00,1.00,99.00,99.00,99,99,1,10,37.00,37.00,0,0,,µL¹Ï¤ù,,0,,0,,L01CA01,,,,,,,,,VAL,,°·«Oµ¹¥I,°·«Oµ¹¥I,VINBLASTINE,L01CA01,B021880229,§_,Liquid,IVSOL,,,10.00,mg,10.00,mL,¥²¶·µ}ÄÀ,³æ¦¸¿éª`,PH032,202109091813,637.00,764.00
IVIN1,20090812,99999999,¥i¥Î,Vincristine inj 1mg/1mL,Vincristine inj 1mg/1mL,Vincristine,IVD,STAT,RACA,ON-04-02,°w¾¯,mg,Vincristine,«D²Õ®M,Á{±ÄÃÄ¡A½Ð³qª¾ÃÄ§½¥~ÁÊ,,­Ó®×Á{±Ä,§_,¤£¥i¥ÎÃÄ¥]¾÷,,¤@¯ë,Á`¶q¶i¦ì,¾AÀ³¯g:§Ü¸~½FÃÄ,,Indication:Cancer therapy.,,¥~ Æ[:³z©ú1mL¸Ë·»²G¤p²~¡A ¦Ç¦â¥~»\¡A ¥Õ¦â¶Àºñ¦â¬Û¶¡¥~¶K¯È,,±¼¾v¡A ¯«¸g¬r©Ê¡A ¥Õ¦å²y´î¤Ö¡A ¯«¸gª¢,Alopecia¡A neurotoxicity¡A leucopenia¡A neuritis.,,¬Ò¥i¥Î,±Ó§J½F ª`®g¾¯,Vincristine,,,§_,¬O,,¥»«~¬°­«¯gªvÀøÃÄ¡A ½Ð¨Ì·ÓÂå®v«ü¥Ü¨Ï¥Î,,Take this medicine exactly as your doctor ordered.,,,,,¤ÆÀø,¤ÆÀø,Äµ »y:¥»«~¬°­«¯gªvÀøÃÄª«¡A½Ð¨Ì·ÓÂå®v«ü¥Ü¨Ï¥Î¡C,Äµ °ªÄµ°T,,,,¬O,1.0,,§_,¬O,§_,³æ¤è,§_,°±¥Î,¥i¥Î,¤£¥i¿i,¬O,,1.00,1.00,2.00,2.00,99,99,1,1,2.00,2.00,0,0,,¦³¹Ï¤ù,,0,,0,,L01CA02,,,,,,,,,VIAL,§_,°·«Oµ¹¥I,°·«Oµ¹¥I,VINCRISTINE,L01CA02,B022167209,§_,Liquid,IVSOL,,,1.00,mg,1.00,mL,¥²¶·µ}ÄÀ,³æ¦¸¿éª`,PH032,202109091813,306.00,367.00
IVIS,20150920,99999999,¥i¥Î,Visudyne inj 15mg/vial,Visudyne inj 15mg/vial,Verteporfin,IVD,,TOPH,OP-08-00,°w¾¯,mg,Visudyne,«D²Õ®M,Á{±ÄÃÄ¡A½Ð³qª¾ÃÄ§½¥~ÁÊ,,ÃÄ©e·|Á{±Ä,¬O,¥i¥ÎÃÄ¥]¾÷,,¤@¯ë,¦¸­p¶q¶i¦ì,¾AÀ³¯g:¦åºÞ·s¥Í«¬¦~ÄÖ¬ÛÃö©Ê¶À´³³¡°h¤Æ¯fÅÜ,,Indication:Neovascular age-related macular degeneration,,¥~ Æ[: ²`ºñ¦â±µªñ¶Â¦â¯»¥½¬Á¼þ¤p²~¸Ë,Appearance: dark green/black powder / vial,µø¤O¼Ò½k¡A°{¥ú¤ÛÄ±¡Aµø¤O¤U­°¡Aª`®g³¡¦ì¤ÏÀ³¡A¥ú±Ó·P¤ÏÀ³,Blurred vision¡A photopsia¡A reduced visual acuity¡A photosensitivity,,¥u¥Î©óªù¶E¤Î¦í°|STAT,ºûµø¹F­á´¹ª`®g¾¯15²@§J,Visudyne injection 15mg/vial,,,,¬O,,ªvÀø«á48¤p®ÉÁ×§K¼ÉÅS©ó©ú«G¥ú½u¤U¡C,,Avoid exposing skin or eyes to direct sunlight or bright indoor light for 2 days,,µø¤O¥¼´_­ì«e¡A½Ð¤Å¶}¨®©Î¾Þ§@»ö¾¹¡C,Don't drive or use machines until the visual disturbances have resolved.,104-3 ÃÄ©e·|³q¹LÁ{±Ä«~¶µ (¤£¥i·í§@§R°£«~¶µ),¤@¯ë,ª`®g,ªvÀø«á48¤p®ÉÁ×§K¼ÉÅS©ó©ú«G¥ú½u¤U¡C,,,0,0,¬O,15.0,,§_,¬O,§_,³æ¤è,§_,°±¥Î,¥i¥Î,¤£¥i¿i,¬O,,0,0,15.00,15.00,1,1,1,1,15.00,15.00,0,0,,¦³¹Ï¤ù,,0,,0,,S01LA01,,,,,0,,0,,VAL,¬O,°·«Oµ¹¥I,°·«Oµ¹¥I,VERTEPORFIN,S01LA01,BC23479235,§_,Liquid,IVSOL,,,15.00,mg,,,¬Ò¥i,³æ¦¸¿éª`,PH008,201906271223,38264.00,45917.00
IVISI,20140616,99999999,¥i¥Î,Visipaque inj 320mg I/mL¡A 100mL,Visipaque inj 320mg I/mL¡A 100mL,Iodixanol,IV,STAT,SCAN,VS-01-01,°w¾¯,VAL,,«D²Õ®M,,,¤@¯ë¥i¥Î,¬O,¤£¥i¥ÎÃÄ¥]¾÷,°·«O¤£µ¹¥I,¤£¦LÃÄÅÒ,Á`¶q¶i¦ì,¾AÀ³¯g: ¦åºÞ³y¼v¡A ¹q¸£Â_¼h±½´y¼W±j³y¼v¾¯,,Indication:Contrast agents.,,¥~ Æ[:100mL³z©ú¤p²~,Appearance:100mL bottle.,ª`®g³¡¦ì¤ÏÀ³¡]¤£¾A/¯kµh/·Å¼ö),Injection site reactions (discomfort/pain/warmth),,¥u¥Î©óªù¶E¤Î¦í°|STAT,©ö´ë¬£§J ª`®g¾¯ 320 ¤½µ·¸K/¤½¼¼,Visipaque 320mg I/mL,,,,¬O,,½Ð¿í·ÓÂå®v«ü¥Ü¨Ï¥Î¡A ­Yµo¥ÍºÃ¦üÃÄª«¤£¨}¤ÏÀ³½Ð§iª¾Âå¥Í,,Follow doctor's advice. Check with doctor if you notice any side effects.,,,Not for intrathecal use.,103¦~²Ä¤G¦¸ÃÄ©e·|¶iÃÄ (ÃÄ§½µL®w¦s¡A¼v¹³Âå¾Ç¬ì¦VÃÄ®w½Ð»â),¤@¯ë,ª`®g,Äµ »y:½Ð¿í·ÓÂå®v«ü¥Ü¨Ï¥Î¡A­Yµo¥ÍºÃ¦üÃÄª«¤£¨}¤ÏÀ³½Ð§iª¾Âå¥Í¡C,Äµ °ªÄµ°T,,0,0,§_,1.0,,§_,¬O,¬O,³æ¤è,§_,°±¥Î,°±¥Î,¤£¥i¿i,§_,µL,1.00,1.00,2.00,2.00,1,1,1,1,2.00,2.00,0,0,,¦³¹Ï¤ù,,0,,0,,V08AB09,,,,,0,,0,,VIAL,,¤£µ¹¥I¶·¦Û¥I,¤£µ¹¥I¶·¦Û¥I,,,,§_,Liquid,IVSOL,,,32.00,GM,100.00,mL,¬Ò¥i,³æ¦¸¿éª`,PH047,202401121159,0,2500.00
IVIT,20150602,99999999,°±¥Î,Vitacal inj 5.44mEq / 20mL,Vitacal inj 5.44mEq / 20mL,Calcium chloride¡A Glucose,IVD,,NUTR,NU-03-00,°w¾¯,AMP,,«D²Õ®M,°±¥Î,,¤@¯ë¥i¥Î,¬O,¥i¥ÎÃÄ¥]¾÷,¥i¥Î,¤@¯ë,¦¸­p¶q¶i¦ì,¾AÀ³¯g:¶tÂ÷¤l¤£¨¬,,Indication:Ca deficiency,,¥~ Æ[:20mL ¦wÞÀ,Appearance: 20 mL Ampoule,°ª¦å¶t¡A¤ß«ß¤£¾ã¡A§C¦åÀ£,Hypercalcemia¡A arrhythmia¡A hypotension,,¬Ò¥i¥Î,"«HªF"¬ü¹F¥[¸Sª`®g²G,Vitacal inj 5.44mEq / 20mL,,,,¬O,,IV§ë¤©®É³t²v¤£¥i¶W¹L 100mg/min,,do not exceed 100mg/minute except in emergency situations,,¤£¥i²V¤J§tphosphate solutions¡A·|¨I¾ý¡C,Do not infuse calcium chloride in the same IV line as phosphate solutions.,,¤@¯ë,ª`®g,Äµ »y:1¤ÀÄÁ¤£¶W¹L100mg¤§³t«×IVª`®g,,,0,0,¬O,1.0,,§_,§_,§_,½Æ¤è,§_,¥i¥Î,¥i¥Î,¤£¥i¿i,¬O,,1.00,1.00,5.00,5.00,999,999,1,1,20.00,20.00,0,0,,¦³¹Ï¤ù,,0,,0,,B05BB02,B05BB01,B05BA03,,,0,,0,,AMP,,°·«Oµ¹¥I,°·«Oµ¹¥I,DEXTROSE 100MG/ML + CALCIUM CHLORIDE 20MG/ML,B05XA07,NC03063238,§_,Liquid,IVSOL,,,,,,,¬Ò¥i,³æ¦¸¿éª`,PH006,201711081223,15.00,20.00
IVOR,19960101,99999999,¥i¥Î,VOREN inj 75mg/3mL,VOREN inj 75mg/3mL,Diclofenac,IM,,CNEU,CN-01-02,°w¾¯,AMP,Voren,«D²Õ®M,,,¤@¯ë¥i¥Î,¬O,¥i¥ÎÃÄ¥]¾÷,,¤@¯ë,¦¸­p¶q¶i¦ì,¾AÀ³¯g:¥Î©ó¸Ñ¼ö¡A Âíµh¡A ®øª¢,,Indication:Anti-inflammatory¡A pain-killer.,,¥~ Æ[:3mL ¦wÞÀ,Appearance: 3mL ampoule,¼ìºÅ¡A ¸z­G¹D¥X¦å¡A ÀYµh¡A ·w¯t¡A ¥Ö¯l,Peptic ulceration¡A GI bleeding¡A headache¡A dizziness¡A skin rash.,,,«Dª¢ª`®g²G¡]«Ý§Jµá¨º¡^,VOREN inj 75mg/3mL,,,§_,¬O,,¦p¥ÎÃÄ«á¥X²{³ïµh¡B¤fµÄÂH½¤¼ìÄê¡B¥Ö¯lµ¥¯gª¬¡A¥ß§Y°±ÃÄ¦^¶E,,If signs of sore throat¡A mouth ulcers or skin rash occur¡A please consult doctor,,,,,¤@¯ë,ª`®g,Äµ »y: ­Yµo¥ÍÄY­«¹L±Ó©Îµo¯lµ¥¤£¾A¯gª¬¡AÀ³§Y°±ÃÄ¨Ã½Ð±ÐÂå®v,,ª`®g¾¯,,,§_,1.0,,§_,¬O,§_,³æ¤è,§_,°±¥Î,¥i¥Î,¤£¥i¿i,¬O,,1.00,1.00,1.00,1.00,5,5,1,1,3.00,3.00,0.04,0.02,,¦³¹Ï¤ù,,0,,0,,M01AB05,,,,,,,,,AMP,§_,°·«Oµ¹¥I,°·«Oµ¹¥I,DICLOFENAC,M01AB05,AB20785216,§_,Liquid,SOL,,,75.00,mg,3.00,mL,¬Ò¥i,³æ¦¸¿éª`,PH006,201901231053,15.00,20.00
IWAT,19960101,99999999,¥i¥Î,Water for injection 20mL,Water for injection 20mL,Water for injection,IVD,,NUTR,NU-04-05,°w¾¯,AMP,D/W,«D²Õ®M,,,¤@¯ë¥i¥Î,¬O,¥i¥ÎÃÄ¥]¾÷,,¦C¦Lªù¶EÃÄÅÒ,¦¸­p¶q¶i¦ì,¾AÀ³¯g:ª`®g¥Î¤ô,,Indications: Sterile water for injection,,¥~ Æ[:³z©ú¦wÞÀ(amp)¡A ²HÂÅ¦â¥~¶K¯È,Appearance:plastic ampoule (amp),,,,,ª`®g¥Î¤ô,Water for injection 20mL,,,§_,¬O,,½Ð¿í·ÓÂå®v«ü¥Ü¨Ï¥Î¡A ­Yµo¥ÍºÃ¦üÃÄª«¤£¨}¤ÏÀ³½Ð§iª¾Âå¥Í,,Follow doctor's advice. Check with doctor if you notice any side effects.,,,,,¤@¯ë,ª`®g,Äµ »y:½Ð¿í·ÓÂå®v«ü¥Ü¨Ï¥Î¡A­Yµo¥ÍºÃ¦üÃÄª«¤£¨}¤ÏÀ³½Ð§iª¾Âå¥Í¡C,,,,,¬O,1.0,,§_,¬O,§_,³æ¤è,§_,°±¥Î,°±¥Î,¤£¥i¿i,¬O,,1.00,1.00,99.00,99.00,999,999,1,1,99.00,99.00,0,0,,¦³¹Ï¤ù,,0,,0,,V07ABaa,,,,,,,,,AMP,§_,¥Ó³ø¤£­p»ù,¥Ó³ø¤£­p»ù,,,,§_,Liquid,IVSOL,,,,,20.00,mL,¬Ò¥i,³æ¦¸¿éª`,PH047,202312031735,0,6.00
IWAT500,20210511,99999999,¥i¥Î,Water for injection 500mL,Water for injection 500mL,Water for injection,INHL,,NUTR,NU-04-05,°w¾¯,BOT,Distilled Water,«D²Õ®M,,,¤@¯ë¥i¥Î,¬O,¥i¥ÎÃÄ¥]¾÷,¥i¥Î,¤£¦LÃÄÅÒ,¦¸­p¶q¶i¦ì,¾AÀ³¯g:ª`®g¥Î¤ô,,Indications: Sterile water for injection.,,¥~ Æ[:500mL¶ì½¦²~¸Ë,Appearance:500mL plastic bottle.,µL,none,,¬Ò¥i¥Î,ª`®g¥Î¤ô,Water for injection 500mL,,,,¬O,,½Ð¿í·ÓÂå®v«ü¥Ü¨Ï¥Î¡A ­Yµo¥ÍºÃ¦üÃÄª«¤£¨}¤ÏÀ³½Ð§iª¾Âå¥Í,,Follow doctor's advice. Check with doctor if you notice any side effects.,,,,TPN½Õ°t¥Î,¤@¯ë,ª`®g,Äµ »y:½Ð¿í«ü¥ÜªA§¹¾ã­ÓÀøµ{¡A­Yµo¥Í¥ÎÃÄ¤£¨}¤ÏÀ³½Ð§iª¾Âå¥Í¡C,,,0,0,§_,1.0,,§_,¬O,§_,³æ¤è,,°±¥Î,°±¥Î,¤£¥i¿i,¬O,,1.00,1.00,2.00,25.00,99,99,1,1,2.00,25.00,0,0,,¦³¹Ï¤ù,,0,,0,,V07ABaa,,,,,0,,0,,BOT,,¤£µ¹¥I¶·¦Û¥I,¤£µ¹¥I¶·¦Û¥I,,,,§_,Liquid,IVSOL,,,0,,500.00,mL,¬Ò¥i,³æ¦¸¿éª`,PH034,202108301513,0,34.00
IWIN,20050317,99999999,°±¥Î,Winzolin inj 1gm,Winzolin inj 1gm,Cefazolin,IV,Q8H,QANB,AI-01-02,°w¾¯,VAL,Cefamezin,«D²Õ®M,°±¥Î,ICEFA,¤@¯ë¥i¥Î,¬O,¤£¥i¥ÎÃÄ¥]¾÷,,¤@¯ë,Á`¶q¶i¦ì,¾AÀ³¯g:²Óµß©Ê·P¬V,,Antibacterial agent,,¥~ Æ[:ºñ¦â¼ÐÅÒ¤p²~,,,,¤@¯ëÃþ§Ü¥Í¯À,¬Ò¥i¥Î,·Å­YªL,Winzolin inj 1gm,,,§_,¬O,,,,,,,,,¤@¯ë,ª`®g,Äµ »y:¥»«~¬°­«¯gªvÀøÃÄª«¡A½Ð¨Ì·ÓÂå®v«ü¥Ü¨Ï¥Î¡C,,,,,¬O,1.0,,§_,§_,§_,³æ¤è,§_,¥i¥Î,¥i¥Î,¤£¥i¿i,¬O,,1.00,1.00,2.00,2.00,7,7,1,1,0,0,0,0,,µL¹Ï¤ù,,0,,0,,J01DB04,,,,,1.00,g,3.00,g,VAL,§_,°·«Oµ¹¥I,°·«Oµ¹¥I,CEFAZOLIN (=CEPHAZOLIN),J01DB04,A021012209,§_,Liquid,IVSOL,,,,,,,¬Ò¥i,³æ¦¸¿éª`,PH009,201707171644,52.00,62.00
IXEN,20220615,99999999,¥i¥Î,Xenetix inj 350mg/mL¡A 100mL,Xenetix inj 350mg/mL¡A 100mL,Iobitridol,,STAT,SCAN,VS-01-01,°w¾¯,BOT,Xenetix,«D²Õ®M,,,¤@¯ë¥i¥Î,¬O,¥i¥ÎÃÄ¥]¾÷,°·«O¤£µ¹¥I,¤£¦LÃÄÅÒ,Á`¶q¶i¦ì,¾AÀ³¯g:¦åºÞ³y¼v¡A¹q¸£Â_¼h±½´y³y¼v¾¯,,Indication:Contrast agents.,,¥~ Æ[:100mL³z©ú¤p²~,Appearance:100mL bottle.,ª`®g³¡¦ì¯kµh¡A¯kµh¡A¤ô¸~¡Aäú¤ß,Injection site pain¡A pain¡A edema¡A nausea,,¥u¥Î©óªù¶E¤Î¦í°|STAT,©ö¥ßÅã350ª`®g²G,Xenetix inj 350mg/mL¡A 100mL,,,,¬O,,ÀË¬d§¹«áÀ³ºÊ´ú¯f±w¤ÏÀ³¦Ü¤Ö30¤ÀÄÁ,¥»«~¤£¥i¥Î©ó¯áÅèÄá¼v,Monitor patient response for at least 30 minutes after the procedure.,Not for Myelography.,³y¼v«e«á48¤p®É½Ð°±¥ÎMetformin.,Withhold Metformin 48 hours before and after the procedure.,2022.Q2ÃÄ©e·s¶i,¤@¯ë,¤@¯ë,ÀË¬d§¹«áÀ³ºÊ´ú¯f±w¤ÏÀ³¦Ü¤Ö30¤ÀÄÁ.¥»«~¤£¥i¥Î©ó¯áÅèÄá¼v,Äµ °ªÄµ°T,,0,0,§_,1.0,,§_,¬O,¬O,³æ¤è,§_,°±¥Î,°±¥Î,¤£¥i¿i,¬O,,1.00,1.00,1.00,1.00,1,1,1,1,1.00,1.00,0,0,,¦³¹Ï¤ù,,0,,0,,V08AB11,,,,,0,,0,,BOT,,¥Ó³ø¤£­p»ù,¥Ó³ø¤£­p»ù,,,,§_,Liquid,IVSOL,,,350.00,mg,100.00,mL,¤£»Ýµ}ÄÀ,³æ¦¸¿éª`,PH034,202207011112,0,1020.00
IXGE,20131023,99999999,¥i¥Î,Xgeva inj 120mg,Xgeva inj 120mg,Denosumab,SC,STAT,META,ME-06-00,°w¾¯,¤ä,,«D²Õ®M,,,¤@¯ë¥i¥Î,¬O,¤£¥i¥ÎÃÄ¥]¾÷,±ø¥ó¤Uµ¹¥I,¤@¯ë,Á`¶q¶i¦ì,¾AÀ³¯g:¹ê½èÅé¸~½F°©Âà²¾¡B°©¥¨²Ó­M½F¡B´c©Ê°ª¦å¶t¯g,,Indication: Bone metastases from solid tumors¡A giant cell,tumor of bone¡A hypercalcemia of malignancy,¥~Æ[:³æ¦¸¨Ï¥Î¤p²~¸Ë,,©I§l§xÃø¡B¸¡Âm©Î§C¦å¶t,Dyspnoea¡A diarrhoea¡A severe hypocalcaemia,,¬Ò¥i¥Î,Àù°©¥Ë,Xgeva inj 120mg,,,§_,¬O,,À³¸É¥R¶t½è»Pºû¥Í¯ÀD¡A¥HªvÀø©Î¹w¨¾§C¦å¶t¯g¡C,,Supplementation with calcium and vitamin D is required in all patients unless,hypercalcaemia is present,½Ð¸m©óÄá¤ó 2-8 «×¦B½c§NÂÃ,Store in a refrigerator (2-8¢XC).,2021.Q3ÃÄ©e¶i¥Î¥¿¦¡«~¶µ,¤@¯ë,ª`®g,,,,0,0,,1.0,,§_,¬O,§_,³æ¤è,§_,¥i¥Î,¥i¥Î,¤£¥i¿i,¬O,,1.00,1.00,1.00,1.00,30,30,30,30,1.00,1.00,0,0,,¦³¹Ï¤ù,,0,,0,,M05BX04,,,,,,,,,VIAL,,°·«Oµ¹¥I,°·«Oµ¹¥I,DENOSUMAB,M05BX04,KC009242FO,§_,,,,,120.00,mg,1.70,mL,¬Ò¥i,³æ¦¸¿éª`,PH034,202110040811,9220.00,11064.00
IXOL,20150920,99999999,¥i¥Î,Xolair inj 150mg/1.2mL,Xolair inj 150mg/1.2mL,Omalizumab,SC,STAT,ERSP,RE-06-00,°w¾¯,VAL,Xolair,«D²Õ®M,Á{±ÄÃÄ¡A½Ð³qª¾ÃÄ§½¥~ÁÊ,,ÃÄ©e·|Á{±Ä,¬O,¥i¥ÎÃÄ¥]¾÷,,¤@¯ë,¦¸­p¶q¶i¦ì,¾AÀ³¯g:¹L±Ó©Ê®ð³Ý©ÎºC©Ê¯Sµo©ÊëC³Â¯lªþ¥[Àøªk,,Indication:Asthma or chronic idiopathic urticaria.,,¥~ Æ[:ÂÅ»\¤p²~+³z©ú¬Á¼þ¦wÞÀ,Appearance:Blue cap vial + colorless ampoule,ÀYµh¡AÃö¸`µh¡A»ó«|ª¢¡Aª`®g³¡¦ìµh¡A¤ô¸~¡C,Headache¡A arthralgia¡A nasopharyngitis¡A inj site reaction (pain)¡A edema.,,¥u¥Î©óªù¶E¤Î¦í°|STAT,³ß·ç¼Ö­á´¹ª`®g¾¯150²@§J,Xolair inj 150mg/1.2mL,,­­¦Û¶O,,¬O,,¶È¨Ñ¥Ö¤Uª`®g¨Ï¥Î¡C¸m©óÄá¤ó 2-8 «×§NÂÃ¡A½Õ°t«áÀ³¥ß§Y¨Ï¥Î¡C,,For subcutaneous injection only. Store in a refrigerator (2-8¢XC).,,­Y¥X²{¹L±Ó©Ê©ÎÃþ¹L±Ó©Ê¤ÏÀ³¡A»Ý§iª¾Âå¥Í¡C,Report to doctor if anaphylaxis occur.,104-3 ÃÄ©e·|³q¹LÁ{±Ä«~¶µ (¤£¥i·í§@§R°£«~¶µ)¡A108-1³q¹L°·«O,¤@¯ë,ª`®g,¶È¨Ñ¥Ö¤Uª`®g¨Ï¥Î¡C¸m©óÄá¤ó 2-8 «×§NÂÃ¡A½Õ°t«áÀ³¥ß§Y¨Ï¥Î¡C,,,0,0,¬O,1.0,,§_,¬O,§_,³æ¤è,§_,°±¥Î,¥i¥Î,¤£¥i¿i,¬O,,1.00,1.00,4.00,4.00,1,1,1,1,4.00,4.00,0,0,,¦³¹Ï¤ù,,0,,0,,R03DX05,,,,,0,,0,,BOX,¬O,°·«Oµ¹¥I,°·«Oµ¹¥I,OMALIZUMAB,R03DX05,KC00835261,§_,Liquid,SOL,,,150.00,mg,1.20,mL,¬Ò¥i,³æ¦¸¿éª`,PH034,202101261538,14234.00,17081.00
IXOL0,20160310,99999999,¥i¥Î,Xolair inj 150mg/1.2mL (sample),Xolair inj 150mg/1.2mL (sample),Omalizumab,SC,STAT,ERSP,RE-06-00,°w¾¯,VAL,Xolair,«D²Õ®M,Á{±ÄÃÄ¡A½Ð³qª¾ÃÄ§½¥~ÁÊ,,­Ó®×Á{±Ä,¬O,¥i¥ÎÃÄ¥]¾÷,°·«O¤£µ¹¥I,¤@¯ë,¦¸­p¶q¶i¦ì,¾AÀ³¯g:¹L±Ó©Ê®ð³Ý©ÎºC©Ê¯Sµo©ÊëC³Â¯lªþ¥[Àøªk,,Indication:Asthma or chronic idiopathic urticaria.,,¥~ Æ[:ÂÅ»\¤p²~+³z©ú¬Á¼þ¦wÞÀ,Appearance:Blue cap vial + colorless ampoule,ÀYµh¡AÃö¸`µh¡A»ó«|ª¢¡Aª`®g³¡¦ìµh¡A¤ô¸~¡C,Headache¡A arthralgia¡A nasopharyngitis¡A inj site reaction (pain)¡A edema.,,¥u¥Î©óªù¶E¤Î¦í°|STAT,³ß·ç¼Ö­á´¹ª`®g¾¯150²@§J(¼Ë«~),Xolair inj 150mg/1.2mL,,,,¬O,,¶È¨Ñ¥Ö¤Uª`®g¨Ï¥Î¡C¸m©óÄá¤ó 2-8 «×§NÂÃ¡A½Õ°t«áÀ³¥ß§Y¨Ï¥Î¡C,,For subcutaneous injection only. Store in a refrigerator (2-8¢XC).,,­Y¥X²{¹L±Ó©Ê©ÎÃþ¹L±Ó©Ê¤ÏÀ³¡A»Ý§iª¾Âå¥Í¡C,Report to doctor if anaphylaxis occurs.,[Rx_x]³B¤è¶°¤£Åã¥Ü¡A¼Ë«~ÃÄ¡A2016Q1ÃÄ©e³q¹L,¤@¯ë,ª`®g,¶È¨Ñ¥Ö¤Uª`®g¨Ï¥Î¡C¸m©óÄá¤ó 2-8 «×§NÂÃ¡A½Õ°t«áÀ³¥ß§Y¨Ï¥Î¡C,,,0,0,¬O,1.0,,§_,¬O,§_,³æ¤è,§_,°±¥Î,°±¥Î,¤£¥i¿i,¬O,,1.00,1.00,4.00,4.00,1,1,1,1,4.00,4.00,0,0,,¦³¹Ï¤ù,,0,,0,,R03DX05,,,,,0,,0,,BOX,,°·«O¤£¥Ó³ø¤£­p»ù,°·«O¤£¥Ó³ø¤£­p»ù,,,,,Liquid,SOL,,,150.00,mg,1.20,mL,¬Ò¥i,³æ¦¸¿éª`,PH034,202111010929,0,0
IXY15,20020722,99999999,°±¥Î,Xylocaine inj 1% 5mL§½³Â,Xylocaine inj 1% 5mL§½³Â,Lidocaine,LA,,ZANE,CN-04-02,°w¾¯,AMP,Lidocaine,«D²Õ®M,°±¥Î,,¤@¯ë¥i¥Î,¬O,¥i¥ÎÃÄ¥]¾÷,¥i¥Î,¤@¯ë,Á`¶q¶i¦ì,¾AÀ³¯g:§½³¡³Â¾K,,Indication:Local anesthetic.,,¥~ Æ[:³z©ú¦wÞÀ(amp)¡AÂÅ¦â¦r¼Ë,Appearance: 1 mL ampoule,¤¤¼Ï¯«¸g¿³¾Ä©Î§í¨î¡A ¤ß¸õ®}½w,CNS excitation or depression; bradycardia.,,¬Ò¥i¥Î,®§µh¥d¦]ª`®g¾¯1%,Xylocaine inj 1% 5mL,,,§_,¬O,,À³µø¨ä¦~ÄÖ¡BÅé­«¤Î¯gªp¤©¥H¾A·í¤§¾¯¶q¡A¨Ã¯d·NÆ[¹î,,Should consider age¡A weight and disease state to modify dosage.,,,,2023/04¼t°Ó°±²£¡A³ÑÃÄ¶q¯dCeftriaxone¦Ù¦×ª`®g¨Ï¥Î¡C,¤@¯ë,¤@¯ë,Äµ »y:À³µø¨ä¦~ÄÖ¡BÅé­«¤Î¯gªp¤©¥H¾A·í¤§¾¯¶q¡A¨Ã¯d·NÆ[¹î,,ª`®g¾¯,,,¬O,1.0,,¬O,¬O,§_,³æ¤è,§_,°±¥Î,°±¥Î,¤£¥i¿i,¬O,,1.00,1.00,4.00,4.00,99,99,1,1,4.00,4.00,0,0,,¦³¹Ï¤ù,,0,,0,,N01BB02,,,,,,,,,AMP,,¥Ó³ø¤£­p»ù,¥Ó³ø¤£­p»ù,,,,§_,Liquid,SOL,,,50.00,mg,5.00,mL,¬Ò¥i,³æ¦¸¿éª`,PH006,202307281520,0,19.00
IXYA,20160222,99999999,¥i¥Î,Xylestesin-A (for Dental) 1.7mL,Xylestesin-A (for Dental) 1.7mL,Lidocaine + Epinephrine,LI,,ZANE,CN-04-02,°w¾¯,¤ä,Ziacaine,«D²Õ®M,°±¥Î¡A¥i¬dÃþ¦üÃÄ,,¤@¯ë¥i¥Î,¬O,¥i¥ÎÃÄ¥]¾÷,¤º§t,¤£¦LÃÄÅÒ,Á`¶q¶i¦ì,¾AÀ³¯g:§½³¡³Â¾K¾¯,,Indication:Local anesthesia in dentistry.,,¥~ Æ[:1.7mL¥dµ©¸Ëª`®g²G¾¯,Appearance: 1.7mL injection cartridge,¯kµh¡A¤ßÅ¦²v¤£³W«h¡Aª`®g³¡¦ì¦å¸~¡AÁy¸~µÈ,pain¡A heart rate irregular¡A injection site haematoma¡A swelling face,,¬Ò¥i¥Î,¼ö§Q¤h±o·s¡Ð¦ãª`®g¾¯,Xylestesin-A (for Dental),,,¬O,¬O,,ª`®g³t²v¨C15¬í¥H¤£¶W¹L0.5²@¤É¬°­­¡C,Á×§K¦åºÞ¤ºª½±µª`¤J¡C,The injection rate should not exceed 0.5 mL in 15 seconds.,Avoid intravascular injection.,,,,¤@¯ë,ª`®g,ª`®g³t²v¨C15¬í¥H¤£¶W¹L0.5²@¤É¬°­­¡A Á×§K¦åºÞ¤ºª½±µª`¤J¡C,,,0,0,§_,1.0,,§_,¬O,§_,½Æ¤è,§_,°±¥Î,¥i¥Î,¤£¥i¿i,§_,,1.00,1.00,12.00,12.00,1,1,1,1,12.00,12.00,0.15,0.15,,µL¹Ï¤ù,,0,,0,,N01BB52,B02BC09,N01BB02,,,0,,0,,AMP,,°·«O¤£¥Ó³ø¤£­p»ù,°·«O¤£¥Ó³ø¤£­p»ù,,,,,Liquid,SOL,,,,,1.70,mL,¬Ò¥i,³æ¦¸¿éª`,PH008,201803102007,0,22.00
IXYL1,19960101,99999999,°±¥Î,Xylocaine 1% inj 20mL,Xylocaine 1% inj 20mL,Lidocaine,LA,,ZANE,CN-04-02,°w¾¯,VAL,Xylocaine,«D²Õ®M,°±¥Î¡A¥i¬dÃþ¦üÃÄ,,¤@¯ë¥i¥Î,¬O,¤£¥i¥ÎÃÄ¥]¾÷,,¦C¦L¦í°|ÃÄÅÒ,Á`¶q¶i¦ì,¾AÀ³¯g:¬°§½³¡³Â¾K¾¯,,,,,,,,,,,Xylocaine 1% inj 20mL,,,§_,¬O,,,,,,,,,¤@¯ë,ª`®g,,,,,,¬O,1.0,,§_,§_,§_,³æ¤è,§_,¥i¥Î,¥i¥Î,¤£¥i¿i,¬O,,1.00,1.00,999.00,999.00,999,999,1,1,0,0,0,0,,µL¹Ï¤ù,,0,,0,,,,,,,,,,,VAL,§_,°·«O¤£¥Ó³ø¤£­p»ù,°·«O¤£¥Ó³ø¤£­p»ù,,,B013878238,§_,Liquid,SOL,,,,,,,¬Ò¥i,³æ¦¸¿éª`,PH008,201403201411,0,61.00
IXYL10,19960101,99999999,°±¥Î,Xylocaine 10% inj 10mL,Xylocaine 10% inj 10mL,Lidocaine,IV,,ZANE,CN-04-02,°w¾¯,AMP,Xylocaine,«D²Õ®M,°±¥Î,IXYL2V,¤@¯ë¥i¥Î,¬O,¤£¥i¥ÎÃÄ¥]¾÷,,¤@¯ë,¦¸­p¶q¶i¦ì,¾AÀ³¯g:¤ß«ß¤£¾ã,,,,,,,,,,,Xylocaine 10% inj 10mL,,,§_,¬O,,,,,,,,,¤@¯ë,ª`®g,,,,,,¬O,1.0,,§_,§_,§_,³æ¤è,§_,¥i¥Î,¥i¥Î,¤£¥i¿i,¬O,,1.00,1.00,2.00,2.00,999,999,1,1,0,0,0,0,,µL¹Ï¤ù,,0,,0,,,,,,,,,,,AMP,§_,°·«Oµ¹¥I,°·«Oµ¹¥I,LIDOCAINE,C01BB01,B020928229,§_,Liquid,IVSOL,,,,,,,¬Ò¥i,³æ¦¸¿éª`,PH008,201403201411,135.00,162.00
IXYL11,19960101,99999999,°±¥Î,Xylocaine 1% inj 1mL,Xylocaine 1% inj 1mL,Lidocaine,LA,,ZANE,CN-04-02,°w¾¯,ML,Xylocaine,«D²Õ®M,°±¥Î,IXY15,¤@¯ë¥i¥Î,¬O,¤£¥i¥ÎÃÄ¥]¾÷,,¦C¦L¦í°|ÃÄÅÒ,Á`¶q¶i¦ì,¾AÀ³¯g:¬°§½³¡³Â¾K¾¯,,,,,,,,,,,Xylocaine 1% inj 1mL,,,§_,¬O,,,,,,,,,¤@¯ë,ª`®g,,,,,,¬O,1.0,,§_,§_,§_,³æ¤è,§_,¥i¥Î,¥i¥Î,¤£¥i¿i,¬O,,1.00,1.00,999.00,999.00,999,999,1,1,0,0,0,0,,µL¹Ï¤ù,,0,,0,,,,,,,,,,,CC,§_,¥Ó³ø¤£­p»ù,¥Ó³ø¤£­p»ù,,,B013878238,§_,Liquid,SOL,,,,,,,¬Ò¥i,³æ¦¸¿éª`,PH008,201403201411,0,3.00
IXYL1E,19960101,99999999,°±¥Î,Xylocaine 1% + E inj 20mL,Xylocaine 1% + E inj 20mL,Lidocaine + Epinephrine,LA,,ZANE,CN-04-02,°w¾¯,VAL,Xylocaine,«D²Õ®M,°±¥Î¡A¥i¬dÃþ¦üÃÄ,,¤@¯ë¥i¥Î,¬O,¤£¥i¥ÎÃÄ¥]¾÷,,¦C¦L¦í°|ÃÄÅÒ,Á`¶q¶i¦ì,¾AÀ³¯g:¬°§½³¡³Â¾K¾¯,,,,,,,,,,­W®§¼Ö¥d¦]¥[°ÆµÇ¯Àª`®g²G,Xylocaine 1% + E inj 20mL,,,§_,¬O,,,,,,,,,¤@¯ë,ª`®g,Äµ »y:À³µø¨ä¦~ÄÖ¡BÅé­«¤Î¯gªp¤©¥H¾A·í¤§¾¯¶q¡A¨Ã¯d·NÆ[¹î,,,,,¬O,1.0,,§_,§_,§_,³æ¤è,§_,¥i¥Î,¥i¥Î,¤£¥i¿i,¬O,,1.00,1.00,1.00,1.00,1,1,1,1,0,0,0,0,,µL¹Ï¤ù,,0,,0,,,,,,,,,,,VAL,§_,°·«O¤£¥Ó³ø¤£­p»ù,°·«O¤£¥Ó³ø¤£­p»ù,,,,§_,Liquid,SOL,,,,,,,¬Ò¥i,³æ¦¸¿éª`,PH008,201403201411,0,68.00
IXYL1E1,19960101,99999999,°±¥Î,Xylocaine 1% + E inj 1mL,Xylocaine 1% + E inj 1mL,Lidocaine + Epinephrine,LA,,ZANE,CN-04-02,°w¾¯,ML,Xylocaine,«D²Õ®M,°±¥Î¡A¥i¬dÃþ¦üÃÄ,,¤@¯ë¥i¥Î,¬O,¤£¥i¥ÎÃÄ¥]¾÷,,¦C¦L¦í°|ÃÄÅÒ,Á`¶q¶i¦ì,¾AÀ³¯g:¬°§½³¡³Â¾K¾¯,,,,,,,,,,,Xylocaine 1% + E inj 1mL,,,§_,¬O,,,,,,,,,¤@¯ë,ª`®g,Äµ »y:À³µø¨ä¦~ÄÖ¡BÅé­«¤Î¯gªp¤©¥H¾A·í¤§¾¯¶q¡A¨Ã¯d·NÆ[¹î,,,,,¬O,20.0,,§_,§_,§_,³æ¤è,§_,¥i¥Î,¥i¥Î,¤£¥i¿i,¬O,,1.00,1.00,99.00,99.00,999,999,1,1,0,0,0,0,,µL¹Ï¤ù,,0,,0,,,,,,,,,,,CC,§_,°·«O¤£¥Ó³ø¤£­p»ù,°·«O¤£¥Ó³ø¤£­p»ù,,,,§_,Liquid,SOL,,,,,,,¬Ò¥i,³æ¦¸¿éª`,PH008,201403201411,0,10.00
IXYL2,19960101,99999999,¥i¥Î,Xylocaine 2% inj 20mL§½³Â,Xylocaine 2% inj 20mL§½³Â,Lidocaine,LA,,ZANE,CN-04-02,°w¾¯,VAL,Xylocaine,«D²Õ®M,¼t°Ó¯Ê³f,ILID,¤@¯ë¥i¥Î,¬O,¥i¥ÎÃÄ¥]¾÷,,¤@¯ë,Á`¶q¶i¦ì,¾AÀ³¯g:§½³¡³Â¾K¾¯,,Indication:Local anesthetic.,,¥~ Æ[:³z©ú¤p²~(VIAL)¡A¥Õ¦â¥~»\¥~¶K¯È¡A²`µµÂÅ¦â¦r¼Ë,Appearance: 20mL vial,¤¤¼Ï¯«¸g¿³¾Ä©Î§í¨î¡A ¤ß¸õ®}½w,CNS excitation or depression; bradycardia.,,,­W®§¼Ö¥d¦]ª`®g²G2%,Xylocaine 2% inj 20mL,,,§_,¬O,,¤£¥iÀR¯ßµ¹ÃÄ,,Not for IV use.,,,,,¤@¯ë,ª`®g,Äµ »y:À³µø¨ä¦~ÄÖ¡BÅé­«¤Î¯gªp¤©¥H¾A·í¤§¾¯¶q¡A¨Ã¯d·NÆ[¹î,,ª`®g¾¯,,,¬O,1.0,,§_,¬O,§_,³æ¤è,§_,°±¥Î,°±¥Î,¤£¥i¿i,¬O,,1.00,1.00,2.00,2.00,1,1,1,1,2.00,2.00,0,0,,¦³¹Ï¤ù,,0,,0,,N01BB02,,,,,,,,,VAL,§_,°·«O¤£¥Ó³ø¤£­p»ù,°·«O¤£¥Ó³ø¤£­p»ù,,,,§_,Liquid,SOL,,,400.00,mg,20.00,mL,,,PH047,202402061726,0,70.00
IXYL21,19960101,99999999,¥i¥Î,Xylocaine 2% inj 1mL§½³Â,Xylocaine 2% inj 1mL§½³Â,Lidocaine,LA,,ZANE,CN-04-02,°w¾¯,ML,Xylocaine,«D²Õ®M,°±¥Î,ILID1,¤@¯ë¥i¥Î,¬O,¤£¥i¥ÎÃÄ¥]¾÷,,¤£¦LÃÄÅÒ,Á`¶q¶i¦ì,¾AÀ³¯g:¬°§½³¡³Â¾K¾¯,,,,,,,,,,,Xylocaine 2% inj 1mL,,,§_,¬O,,,,,,,,°O±b¥Î¡A¤£µoÃÄ,¤@¯ë,ª`®g,Äµ »y:À³µø¨ä¦~ÄÖ¡BÅé­«¤Î¯gªp¤©¥H¾A·í¤§¾¯¶q¡A¨Ã¯d·NÆ[¹î,,,,,¬O,1.0,,¬O,¬O,§_,³æ¤è,§_,°±¥Î,°±¥Î,¤£¥i¿i,¬O,,1.00,1.00,20.00,20.00,999,999,1,1,20.00,20.00,0,0,,µL¹Ï¤ù,,0,,0,,N01BB02,,,,,,,,,CC,§_,°·«O¤£¥Ó³ø¤£­p»ù,°·«O¤£¥Ó³ø¤£­p»ù,,,,§_,Liquid,SOL,,,20.00,mg,1.00,mL,¬Ò¥i,³æ¦¸¿éª`,PH008,202303301051,0,4.00
IXYL2E1,19960101,99999999,°±¥Î,Xylocaine 2% + E inj 1mL,Xylocaine 2% + E inj 1mL,Lidocaine + Epinephrine,LA,,ZANE,CN-04-02,°w¾¯,ML,Xylocaine,«D²Õ®M,°±¥Î¡A¥i¬dÃþ¦üÃÄ,,¤@¯ë¥i¥Î,¬O,¤£¥i¥ÎÃÄ¥]¾÷,,¦C¦L¦í°|ÃÄÅÒ,Á`¶q¶i¦ì,¾AÀ³¯g:¬°§½³¡³Â¾K¾¯,,,,,,,,,,,Xylocaine 2% + E inj 1mL,,,§_,¬O,,,,,,,,,¤@¯ë,ª`®g,,,,,,¬O,1.0,,§_,§_,§_,³æ¤è,§_,¥i¥Î,¥i¥Î,¤£¥i¿i,¬O,,1.00,1.00,99.00,99.00,999,999,1,1,0,0,0,0,,µL¹Ï¤ù,,0,,0,,,,,,,,,,,CC,§_,°·«Oµ¹¥I,°·«Oµ¹¥I,,,B013894238,§_,Liquid,SOL,,,,,,,¬Ò¥i,³æ¦¸¿éª`,PH008,201403201411,2.78,10.00
IXYL2V,19960101,99999999,¥i¥Î,Xylocaine IV 2% 100mg/5mL,Xylocaine 2% IV 100mg/5mL,Lidocaine,IVD,,ZANE,CN-04-02,°w¾¯,AMP,Xylocaine 2,«D²Õ®M,,,¤@¯ë¥i¥Î,¬O,¥i¥ÎÃÄ¥]¾÷,,¤@¯ë,¦¸­p¶q¶i¦ì,¾AÀ³¯g:¤ß«ß¤£¾ã,,Indication: arrhythmia,,¥~ Æ[:³z©ú¬Á¼þ¦wÞÀ(amp)¡AÂÅ¦â¦r¼Ë,Appearance: 5 mL ampoule,¤¤¼Ï¯«¸g¿³¾Ä©Î§í¨î¡A ¤ß¸õ®}½w,CNS excitation or depression; bradycardia.,,,ÀRª`¥Î­W®§¼Ö¥d¦]2%ª`®g²G,Xylocaine 2% IV 100mg/5mL,,,§_,¬O,,,,,,,,,¤@¯ë,ª`®g,Äµ »y:À³µø¨ä¦~ÄÖ¡BÅé­«¤Î¯gªp¤©¥H¾A·í¤§¾¯¶q¡A¨Ã¯d·NÆ[¹î,,,,,¬O,1.0,,§_,¬O,§_,³æ¤è,§_,°±¥Î,¥i¥Î,¤£¥i¿i,¬O,,1.00,1.00,40.00,40.00,999,999,1,1,40.00,40.00,1.44,0.02,,¦³¹Ï¤ù,,0,,0,,C01BB01,,,,,,,,,AMP,§_,°·«Oµ¹¥I,°·«Oµ¹¥I,LIDOCAINE,C01BB01,BC20932221,§_,Liquid,IVSOL,,,100.00,mg,5.00,mL,¥²¶·µ}ÄÀ,³æ¦¸¿éª`,PH008,202012011444,50.00,65.00
IXYL3,19960101,99999999,°±¥Î,Xylocaine 3% inj 3.5mL,Xylocaine 3% inj 3.5mL,Lidocaine,IV,,ZANE,CN-04-02,°w¾¯,AMP,Xylocaine,«D²Õ®M,°±¥Î¡A¥i¬dÃþ¦üÃÄ,,¤@¯ë¥i¥Î,¬O,¤£¥i¥ÎÃÄ¥]¾÷,,¤@¯ë,¦¸­p¶q¶i¦ì,¾AÀ³¯g:¬°§½³¡³Â¾K¾¯,,,,,,,,,,,Xylocaine 3% inj 3.5mL,,,§_,¬O,,,,,,,,,¤@¯ë,ª`®g,Äµ »y:À³µø¨ä¦~ÄÖ¡BÅé­«¤Î¯gªp¤©¥H¾A·í¤§¾¯¶q¡A¨Ã¯d·NÆ[¹î,,ª`®g¾¯,,,¬O,1.0,,§_,§_,§_,³æ¤è,§_,¥i¥Î,¥i¥Î,¤£¥i¿i,¬O,,1.00,1.00,99.00,99.00,999,999,1,1,0,0,0,0,,µL¹Ï¤ù,,0,,0,,,,,,,,,,,AMP,§_,¥Ó³ø¤£­p»ù,¥Ó³ø¤£­p»ù,,,B013896217,§_,Liquid,IVSOL,,,,,,,¬Ò¥i,³æ¦¸¿éª`,PH036,201603231602,0,33.00
IYUT,19960101,99999999,°±¥Î,Yutopar°w¾¯ 50mg/5mL,Yutopar inj 50mg/5mL,Ritodrine,IVA,,SGU,UR-02-00,°w¾¯,AMP,Yutopar,«D²Õ®M,°±¥Î,IANP,¤@¯ë¥i¥Î,¬O,¥i¥ÎÃÄ¥]¾÷,,¤@¯ë,¦¸­p¶q¶i¦ì,¾AÀ³¯g:¹w¨¾¦­²£¡A ¬y²£¤§¥Î,,Indication:Prevention of preterm labour.,,¥~ Æ[:³z©ú¦wÞÀ(amp)¡A ¥Õ¦â¥~¶K¯È¡A ¶Â¦â¦r¼Ë,,¾_Å¸¡A äú¤ß¡A ¹Ã¦R¡A ÀYµh¡A ¬õ´³,Tremor¡A nausea¡A vomiting¡A headache or erythema.,,,©p±oÄ_ª`®g¾¯,Yutopar inj 50mg/5mL,,,§_,¬O,,­Y¦³®cÁY©Î¯}¤ô¡A ½Ð¥ß§Y§iª¾Âå®v,,Inform doctor immediately if contractions begin again or ruptured membranes,occur.,¿éª`²G«ØÄ³¨Ï¥ÎD5W¡C­Y¨Ï¥ÎN/Sµ}ÄÀ¡A±N¼W¥[µo¥ÍªÍ¤ô¸~¤§¥i¯à©Ê¡C,Use Dextrose 5% as diluent to avoid pulmonary edema,,¤@¯ë,ª`®g,Äµ »y:­Y¦³®cÁY©Î¯}¤ô¡A½Ð¥ß§Y§iª¾Âå®v¡C,LA ¥~Æ[¬Û¦ü,,,,¬O,1.0,,§_,§_,§_,³æ¤è,§_,¥i¥Î,¥i¥Î,¤£¥i¿i,¬O,,1.00,1.00,10.00,10.00,999,999,1,1,10.00,10.00,0,0,,¦³¹Ï¤ù,,0,,0,,G02CA01,,,,,,,,,AMP,§_,¤£µ¹¥I¶·¦Û¥I,¤£µ¹¥I¶·¦Û¥I,,,,§_,Liquid,IVSOL,,,,,,,¬Ò¥i,³æ¦¸¿éª`,PH006,201605171129,0,58.00
IZIA,20111201,99999999,°±¥Î,Ziacaine 2%(for Dental) 1.8mL,Ziacaine 2%(for Dental) 1.8mL,Lidocaine + Epinephrine,LI,,ZANE,CN-04-02,°w¾¯,¤ä,Lidophrine,«D²Õ®M,°±¥Î¡A¥i¬dÃþ¦üÃÄ,,¤@¯ë¥i¥Î,¬O,¤£¥i¥ÎÃÄ¥]¾÷,¥i¥Î,¤£¦LÃÄÅÒ,¦¸­p¶q¶i¦ì,¾AÀ³¯g:¤ú¬ì§½³¡³Â¾K,,Indication:Dental infiltration and dental nerve block,,¥~ Æ[:1.8mLª`®g°w,,ºò±i¡A ·w¯t¡A µø¤O¼Ò½k¡A Å¸§Ý¡A «äºÎ¡A ¦Õ»ï,Nervousness¡A dizziness¡A blurred vision¡A tremor¡A drowsiness¡A tinnitus,,¬Ò¥i¥Î,¦èÀu¥d¦],Ziacaine 2%(for Dental) 1.8m,,,§_,¬O,,Á×§Kª`®g©ó¦åºÞ,,Avoid intravascular injection.,,³Æµù:¤Å¥Î©ó¥|·³¥H¤U¨àµ£,,2016¦~²Ä¤@¦¸ÃÄ©e·|§R°£,¤@¯ë,¤@¯ë,,,,0,0,§_,1.0,,§_,¬O,§_,³æ¤è,§_,¥i¥Î,¥i¥Î,¤£¥i¿i,¬O,,1.00,1.00,2.00,2.00,99,99,1,1,2.00,2.00,0,0,,¦³¹Ï¤ù,,0,,0,,,,,,,,,,,¤ä,,¤£µ¹¥I¶·¦Û¥I,¤£µ¹¥I¶·¦Û¥I,,,,§_,Liquid,SOL,,,36.00,mg,1.80,mL,¬Ò¥i,³æ¦¸¿éª`,PH006,202208011027,0,16.00
IZIN2,19960101,99999999,°±¥Î,Zinacef 250mg,Zinacef 250mg,Cefuroxime,IV,,QANB,AI-01-02,°w¾¯,VAL,Zinacef,«D²Õ®M,°±¥Î,,¤@¯ë¥i¥Î,¬O,¤£¥i¥ÎÃÄ¥]¾÷,,¤@¯ë,Á`¶q¶i¦ì,¾AÀ³¯g:²Óµß©Ê·P¬V,,,,,,,,¤@¯ëÃþ§Ü¥Í¯À,,,Zinacef 250mg,,,§_,¬O,,,,,,,,,¤@¯ë,ª`®g,,,,,,¬O,1.0,,§_,§_,§_,³æ¤è,§_,¥i¥Î,¥i¥Î,¤£¥i¿i,¬O,,1.00,1.00,2.00,2.00,7,7,1,1,0,0,0,0,,µL¹Ï¤ù,,0,,0,,J01DC02,,,,,0.25,g,3.00,g,VAL,§_,¤£µ¹¥I¶·¦Û¥I,¤£µ¹¥I¶·¦Û¥I,,,,§_,Liquid,IVSOL,,,,,,,¬Ò¥i,³æ¦¸¿éª`,PH009,201707171645,0,83.00
IZIN7,19960101,99999999,°±¥Î,Zinacef inj 750mg,Zinacef inj 750mg,Cefuroxime,IVD,,QANB,AI-01-02,°w¾¯,VAL,Zinacef,«D²Õ®M,°±¥Î,ICEF7,¤@¯ë¥i¥Î,¬O,¥i¥ÎÃÄ¥]¾÷,,¤@¯ë,Á`¶q¶i¦ì,¾AÀ³¯g:²Óµß©Ê·P¬V,,,,¥~ Æ[:³z©ú¤p²~(VAIL)¡AÂÅ¦â¥~»\¡Aºñ¦â¥~Àô¡A¥Õ¦â¥~¶K¯È¡AÂÅ¦â¦r¼Ë,,,,¤@¯ëÃþ§Ü¥Í¯À,,¦è¤OªYª`®g¾¯,Zinacef inj 750mg,,,§_,¬O,,,,,,,,,¤@¯ë,ª`®g,Äµ »y: ­Yµo¥ÍÄY­«¹L±Ó©Îµo¯lµ¥¤£¾A¯gª¬¡AÀ³§Y°±ÃÄ¨Ã½Ð±ÐÂå®v,,,,,¬O,1.0,,§_,§_,§_,³æ¤è,§_,¥i¥Î,¥i¥Î,¤£¥i¿i,¬O,,1.00,1.00,2.00,3.00,7,7,1,1,0,0,0,0,,¦³¹Ï¤ù,,0,,0,,J01DC02,,,,,0.75,g,3.00,g,VAL,§_,°·«Oµ¹¥I,°·«Oµ¹¥I,CEFUROXIME,J01DC02,B017481289,§_,Liquid,IVSOL,,,,,,,¬Ò¥i,³æ¦¸¿éª`,PH009,201707171645,39.10,49.00
IZOF,19960101,99999999,¥i¥Î,Zofran inj 8mg/4mL(­­³Â¾K²Õ®M),Zofran inj 8mg/4mL(­­³Â¾K²Õ®M),Ondansetron,IM,,CNEU,CN-03-08,°w¾¯,AMP,Zofran,«D²Õ®M,°±¥Î,ISUP,¤@¯ë¥i¥Î,¬O,¤£¥i¥ÎÃÄ¥]¾÷,±ø¥ó¤Uµ¹¥I,¤£¦LÃÄÅÒ,¦¸­p¶q¶i¦ì,¾AÀ³¯g:¹w¨¾¤ÎªvÀø¸~½F¤Æ¾Ç¡A©ñ®gÀøªk©Î¤â³N¤Þ°_¤§äú¤ß¹Ã¦R,,Indication:Prevention or treatment of nausea and vomiting,caused by surgery¡A chemotherapy or radiation therapy.,¥~ Æ[:4mL¶ì½¦¦wÞÀ,Appearance:4mL plastic ampoule,«K¯µ¡A¸¡Âm¡A¤f°®,Constipation¡A Diarrhea¡A Xerostomia,,,¨ô¥±Äõª`®g¾¯,Zofran inj. 8mg/4mL(­­³Â¾K²Õ®M),,,§_,¬O,,¸T¤î»Papomorphine¦X¨Ö¨Ï¥Î¡C,,Do not combine with apomorphine.,,§C¦åÀ£¡A¤ß«ß¤£¾ã¯f¥v¯f±w½ÐÂÔ·V¥ÎÃÄ,Prescribed to hypotension or arrhythmia patients carefully.,2019.Q4ÃÄ©e·s¶i (³Â¾K¬ì¤îµh²Õ®M¨Ï¥Î),¤@¯ë,ª`®g,¸T¤î»Papomorphine¦X¨Ö¨Ï¥Î,,,,,§_,1.0,,§_,§_,§_,³æ¤è,§_,°±¥Î,°±¥Î,¤£¥i¿i,¬O,³Â¾K¬ì¦VÃÄ®w½Ð»â,1.00,1.00,2.00,2.00,1,1,1,1,2.00,2.00,0,0,,¦³¹Ï¤ù,,0,,0,,A04AA01,,,,,,,,,AMP,§_,°·«Oµ¹¥I,°·«Oµ¹¥I,ONDANSETRON,A04AA01,BC21236219,§_,Liquid,IVSOL,,,8.00,mg,4.00,mL,¬Ò¥i,³æ¦¸¿éª`,PH008,202209231219,79.00,99.00
IZOL,19960101,99999999,¥i¥Î,Zoladex Depot 3.6mg,Zoladex Depot 3.6mg,Goserelin,SC,,RACA,ON-05-02,°w¾¯,AMP,Zoladex,«D²Õ®M,,,¤@¯ë¥i¥Î,¬O,¤£¥i¥ÎÃÄ¥]¾÷,±ø¥ó¤Uµ¹¥I,¤@¯ë,¦¸­p¶q¶i¦ì,¾AÀ³¯g:ÄáÅ@¸¢Àù¡A ¤l®c¤º½¤²§¦ì¡B°±¸g«e¤§¨ÅÀùªvÀø,,Indication:Cancer therapy¡A endometriosis.,,¥~ Æ[:¥~²°¤@­±¬°¦Ç¦â¡A ¤@­±¬°¤g¶À¦â,Appearance: A prefilled syringe in a box,»´·L¬õ¯l¡A Ãö¸`µh¡A ¦åÀ£§ïÅÜ,Rash (generally mild). Arthralgia & BP changes.,,,¿Õ¹p¼w«ùÄò©Êª`®g¾¯ 3.6mg,Zoladex Depot 3.6mg,,,§_,¬O,,½Ð¿í·ÓÂå®v«ü¥Ü¨Ï¥Î¡A ­Yµo¥ÍºÃ¦üÃÄª«¤£¨}¤ÏÀ³½Ð§iª¾Âå¥Í,,Follow doctor's advice. Check with doctor if you notice any side effects.,,µL¶·²¾°£ªÅ®ð®ðªwÁ×§K´Ó¤Jª«©ö¦ì¡C,No necessary to remove air bubbles to avoid implant translocation.,,¤@¯ë,ª`®g,Äµ »y:½Ð¿í·ÓÂå®v«ü¥Ü¨Ï¥Î¡A­Yµo¥ÍºÃ¦üÃÄª«¤£¨}¤ÏÀ³½Ð§iª¾Âå¥Í¡C,,,,,,1.0,,¬O,¬O,§_,³æ¤è,§_,¥i¥Î,¥i¥Î,¤£¥i¿i,¬O,,1.00,1.00,1.00,1.00,28,1,1,1,1.00,1.00,0,0,,¦³¹Ï¤ù,,0,,0,,L02AE03,,,,,,,,,AMP,¬O,°·«Oµ¹¥I,°·«Oµ¹¥I,GOSERELIN ACEATE,L02AE03,BC221372CS,§_,Liquid,SOL,¦M®`¤G¯Å(¡I),,3.60,mg,,mL,¤£»Ýµ}ÄÀ,,PH034,202212011439,3404.00,4085.00
IZOL1,20190228,99999999,¥i¥Î,10.8mg ZOLADEX LA DEPOT (¤T­Ó¤ë),ZOLADEX LA 10.8mg DEPOT (3 Months),Goserelin,SC,Q3M,RACA,ON-05-02,°w¾¯,¤ä,ZOLADEX,«D²Õ®M,,,¤@¯ë¥i¥Î,¬O,¤£¥i¥ÎÃÄ¥]¾÷,¥i¥Î,¤@¯ë,¦¸­p¶q¶i¦ì,¾AÀ³¯g:ÄáÅ@¸¢Àù¡A°±¸g«e°ü¤k¤§¨ÅÀù,,Indication:Treatment of prostate cancer¡A breast cancer.,,¥~ Æ[: ²HÂÅ¦â¥~²°,Appearance: A prefilled syringe in a box,»´·L¬õ¯l¡A Ãö¸`µh¡A ¦åÀ£§ïÅÜ,Rash (generally mild). Arthralgia & BP changes.,,¥u¥Î©óªù¶E¤Î¦í°|STAT,¿Õ¹p¼w«ùÄò©Êª`®g¾¯ 10.8 mg,ZOLADEX LA 10.8mg DEPOT (¤T­Ó¤ë,,,,¬O,,½Ð¿í·ÓÂå®v«ü¥Ü¨Ï¥Î¡A ­Yµo¥ÍºÃ¦üÃÄª«¤£¨}¤ÏÀ³½Ð§iª¾Âå¥Í,,Follow doctor's advice. Check with doctor if you notice any side effects.,,µL¶·²¾°£ªÅ®ð®ðªwÁ×§K´Ó¤Jª«©ö¦ì¡C,No necessary to remove air bubbles to avoid implant translocation.,2019.02­Ó®×Á{±Ä¡APT21-201¨ú¥NLeuplin 3M,¤@¯ë,ª`®g,Äµ »y:½Ð¿í·ÓÂå®v«ü¥Ü¨Ï¥Î¡A­Yµo¥ÍºÃ¦üÃÄª«¤£¨}¤ÏÀ³½Ð§iª¾Âå¥Í¡C,,,0,0,§_,1.0,,§_,¬O,§_,³æ¤è,§_,°±¥Î,°±¥Î,¤£¥i¿i,§_,,1.00,1.00,1.00,1.00,1,1,1,1,1.00,1.00,0,0,,¦³¹Ï¤ù,,0,,0,,L02AE03,,,,,0,,0,,¤ä,¬O,°·«Oµ¹¥I,°·«Oµ¹¥I,GOSERELIN ACEATE,L02AE03,BC222332D1,,Liquid,SOL,¦M®`¤G¯Å(¡I),,10.80,mg,0,mL,¤£»Ýµ}ÄÀ,,PH034,202212011439,9739.00,11687.00
IZOM,20080618,99999999,°±¥Î,Zometa infusion 4mg,Zometa infusion 4mg,Zoledronic Acid,IVD,,META,ME-06-00,°w¾¯,VAL,Zometa,«D²Õ®M,°±¥Î,IBOL,¤w°±¥Î,¬O,¤£¥i¥ÎÃÄ¥]¾÷,¥i¥Î,¤@¯ë,Á`¶q¶i¦ì,¾AÀ³¯g:°ª¦å¶t,,Indication:Treatment of hypercalcemia.,,¥~ Æ[:5 mL ¤p²~°®¯»¸Ë,Appearance: powder in a 5mL vial,³h¦å¡A ÀYµh¡A µ²½¤ª¢¡A äú¤ß¡A ¹Ã¦R¡A ¹½­¹,Anemia¡A headache¡A conjunctivitis¡A nausea¡A vomiting¡A anorexia,,¬Ò¥i¥Î,¨ô°©Í¢¿@ÁYª`®g²G,Zometa infusion 4mg,,,§_,¬O,,¥»«~À³©ó"¤£§t¶t"¤§ÀR¯ß¿éª`²G¤¤µ}ÄÀ¡A ¨Ã½wºCºwª`,,Should be diluted in "non-calcium" intravenous infusion¡A and drip slowly.,,,,,¤@¯ë,ª`®g,Äµ »y:¥»«~À³©ó"¤£§t¶t"¤§ÀR¯ß¿éª`²G¤¤µ}ÄÀ¡A ¨Ã½wºCºwª`,,,,,¬O,1.0,,§_,§_,§_,³æ¤è,§_,¥i¥Î,¥i¥Î,¤£¥i¿i,¬O,,1.00,1.00,1.00,1.00,1,1,1,1,1.00,1.00,0,0,,¦³¹Ï¤ù,,0,,0,,M05BA08,,,,,,,,,VAL,,°·«Oµ¹¥I,°·«Oµ¹¥I,ZOLEDRONIC ACID,M05BA08,B023733219,§_,Liquid,IVSOL,,,,,,,¬Ò¥i,³æ¦¸¿éª`,PH006,201501051534,11871.00,14000.00
IZOV,19960101,99999999,¥i¥Î,Zovirax inj 250mg,Zovirax inj 250mg,Acyclovir,IVD,,QANB,AI-03-02,°w¾¯,VAL,Zovirax,«D²Õ®M,¼t°Ó¯Ê³f,,¤@¯ë¥i¥Î,¬O,¥i¥ÎÃÄ¥]¾÷,­­¥Î,¤@¯ë,¦¸­p¶q¶i¦ì,¾AÀ³¯g:¯f¬r·P¬V,,Indication:For viral infection.,,¥~ Æ[:³z©ú¤p²~(Vial)¡A ÂÅ¦â¥~»\¡A ¥Õ¦âÂÅ¦â¬Û¶¡¥~¶K¯È,Appearance: white powder in a glass vial,¸z­G¾÷¯à»ÙÃª¡A ¥ú¹L±Ó¡A ëC³Â¯l¡A ¥Ö½§·kÄo¡A ÀYµh,GI disturbances¡A photosensitivty¡A urticaria¡A pruritus¡A headaches.,ºÞ¨îÃþ§Ü¥Í¯À,¬Ò¥i¥Î,¼ö«Â¼Ö¯Àª`®g¾¯,Zovirax inj 250mg,,,§_,¬O,,­Yµo¥ÍÄY­«¹L±Ó©Îµo¯lµ¥¤£¾A¯gª¬¡A À³§Y°±ÃÄ¨Ã½Ð±ÐÂå®v,¥H¶W¹L1¤p®Éªº®É¶¡½wºCÀR¯ß¿éª`¡C,Report to doctor¡A if any severe hypersensitivity or skin rash occur.,infuse over 1 hour.,¥»«~¤£§t§Üµß¾¯¡A µ}ÄÀ«áÀ³¥ß§Y¨Ï¥Î¡C,Prepare just before administration,,¤@¯ë,ª`®g,Äµ »y: ­Yµo¥ÍÄY­«¹L±Ó©Îµo¯lµ¥¤£¾A¯gª¬¡AÀ³§Y°±ÃÄ¨Ã½Ð±ÐÂå®v,,,,,¬O,1.0,,§_,¬O,§_,³æ¤è,§_,°±¥Î,°±¥Î,¤£¥i¿i,¬O,,1.00,1.00,4.00,4.00,10,10,1,1,18.00,18.00,0.32,0.16,,¦³¹Ï¤ù,D/W,250.00,mg,0,30 mg/Kg/day,J05AB01,,,,,0.25,g,4.00,g,VAL,§_,°·«Oµ¹¥I,°·«Oµ¹¥I,ACYCLOVIR,J05AB01,BC11326265,§_,Liquid,IVSOL,,,250.00,mg,,,¥²¶·µ}ÄÀ,³æ¦¸¿éª`,PH047,202402121352,246.00,295.00
IZOX,20170830,99999999,¥i¥Î,Zostavax 0.65mL/dose,Zostavax 0.65mL/dose,Zoster virus vaccine live,SC,STAT,HIMM,IM-02-02,°w¾¯,DOS,Zostavax,«D²Õ®M,,,¤@¯ë¥i¥Î,§_,¥i¥ÎÃÄ¥]¾÷,°·«O¤£µ¹¥I,¤@¯ë,Á`¶q¶i¦ì,¾AÀ³¯g: ¹w¨¾50-79·³¤§¦¨¤H±aª¬¯f¬r(¥Ö³D),,Indication: Prevention of herpes zoster & herpes,zoster-related post-herpetic neuralgia.,¥~ Æ[:1¤ä¤p²~­á´¹°®¯»¤Î1¤p²~¸Ëµ}ÄÀ²G¡C,,¬õ´³¡B¯kµh¡B¸~µÈ¡B·kÄo,Erythema¡A pain¡A swelling¡A pruritus,,¥u¥Î©óªù¶E¤Î¦í°|STAT,¥ñ±a¯l,Zostavax 0.65mL/dose,ZVL,,§_,¬O,,»â¨ú¬Ì­]«á½Ð¦Üª`®g«Ç¬I¥´¡A¬Ì­]ªw»s«á»Ý¦b30¤ÀÄÁ¤ºª`®g,,Please go to the injection room for injection after receiving.,The vaccine needs to be injected within 30 minutes after reconstitution.,´¿¹ïNeomycin¹L±ÓªÌ¸T¥Î¡CÄá¤ó 2-8 «×§NÂÃ,Don't use for history of anaphylactoid reaction to neomycin.Store in 2-8¢XC,,¤@¯ë,ª`®g,Äµ »y:»â¨ú¬Ì­]«á¡A½Ð¥ß§Y¦Üª`®g«Ç¨Ì«ü¥Ü¨Ï¥Î¡C,,,0,0,§_,1.0,,¬O,¬O,¬O,³æ¤è,§_,°±¥Î,°±¥Î,¤£¥i¿i,§_,,1.00,1.00,1.00,1.00,1,1,1,1,1.00,1.00,0,0,,¦³¹Ï¤ù,,0,,0,,J07BK02,,,,,0,,0,,VIAL,§_,¤£µ¹¥I¶·¦Û¥I,¤£µ¹¥I¶·¦Û¥I,,,,§_,Liquid,SOL,,,,,0.65,mL,¬Ò¥i,³æ¦¸¿éª`,PH047,202401251541,0,6000.00
IZYV,20120923,99999999,¥i¥Î,Zyvox inj 600mg/300mL,Zyvox inj 600mg/300mL,Linezolid,IVD,Q12H,QANB,AI-01-13,°w¾¯,BAG,,«D²Õ®M,Á{±ÄÃÄ¡A½Ð³qª¾ÃÄ§½¥~ÁÊ,,­Ó®×Á{±Ä,¬O,¥i¥ÎÃÄ¥]¾÷,±ø¥ó¤Uµ¹¥I,¤@¯ë,¤é¾¯¶q¶i¦ì,¾AÀ³¯g:²Óµß©Ê·P¬V,,Indication:Antimicrobial agent,,¥~ Æ[:300²@¤É§Y¥Î«¬¶ì½¦³n³U(¾Tºä¥~¥]),Appearance:300-mL ready-to-use flexible plastic bags,¸¡Âm¡A ÀYµh¡A äú¤ß,Diarrhea¡A headache¡A nausea.,¯S®íÃþ§Ü¥Í¯À,¬Ò¥i¥Î,ªöºÖ¾Aª`®g¾¯,Zyvox inj 600mg/300mL,,,§_,¬O,½Ã±Ð³æ¤­,ªvÀø¶W¹L¨â¬P´Á¥H¤W¡A À³ºÊ´ú¦å¤pªO¼Æ¥Ø,,Use more than 2 weeks¡A monitor platelet count,,­¹ª«¥æ¤¬§@¥Î:ªAÃÄ´Á¶¡Á×§K­¹¥Î§t¤j¶q¹TÓi»Äªº­¹ª«¡C,Food interaction: Avoid tyramine-containing foods,,¤@¯ë,ª`®g,Äµ »y:ªvÀø¶W¹L¨â¬P´Á¥H¤W¡A À³ºÊ´ú¦å¤pªO¼Æ¥Ø,­¹ ­¹ª«¥æ¤¬,ª`®g¾¯,0,0,§_,1.0,,§_,¬O,§_,³æ¤è,§_,°±¥Î,¥i¥Î,¤£¥i¿i,¬O,,1.00,1.00,1.00,1.00,7,7,1,1,2.00,2.00,0.10,0.05,,¦³¹Ï¤ù,,600.00,mg,0,20-30 mg/Kg/day,J01XX08,,,,,0.60,g,1.20,g,BAG,§_,°·«Oµ¹¥I,°·«Oµ¹¥I,LINEZOLID,J01XX08,BC23186266,§_,Liquid,IVSOL,,,600.00,mg,300.00,mL,¤£»Ýµ}ÄÀ,³æ¦¸¿éª`,PH047,202305191405,874.00,1049.00
L,19960101,99999999,°±¥Î,Liq Dispensing,Liq Dispensing,Liq Dispensing,,,PHR,PHR,¤fªA,AMP,,«D²Õ®M,°±¥Î,,¤@¯ë¥i¥Î,¬O,¤£¥i¥ÎÃÄ¥]¾÷,,¤£¦LÃÄÅÒ,Á`¶q¶i¦ì,,,,,,,,,,,,Liq Dispensing,,,§_,¬O,,,,,,,,,¤@¯ë,¤@¯ë,,,,,,§_,1.0,,§_,§_,§_,³æ¤è,§_,¥i¥Î,¥i¥Î,¤£¥i¿i,¬O,,1.00,1.00,999.00,999.00,999,999,1,1,0,0,0,0,,µL¹Ï¤ù,,0,,0,,,,,,,,,,,AMP,§_,¤£µ¹¥I¶·¦Û¥I,¤£µ¹¥I¶·¦Û¥I,,,,§_,,,,,,,,,,,PH047,202303141716,0,10.00
LALG,20131216,99999999,°±¥Î,Alginos oral susp 210mL,Alginos oral susp 210mL,Alginate+Calcium Carbonate+NaHCO3,PO,BID,ALIM,GI-01-01,¤fªA,ML,,«D²Õ®M,°±¥Î,,¤@¯ë¥i¥Î,¬O,¤£¥i¥ÎÃÄ¥]¾÷,°·«O¤£µ¹¥I,¤@¯ë,Á`¶q¶i¦ì,¾AÀ³¯g:°f¬y©Ê­¹¹Dª¢¡A ­G¨`¼ö¡A ­G¼ìºÅ¡A ­G»Ä¹L¦h,,Indication:Gastro-oesophageal reflux¡A pyrosis¡A peptic ulcer,,¥~ Æ[: ²~¸Ë 210mL ¥Õ¦âÄa¯B²G,Appearance:210mL white liquid in plastic bottle.,¸¡µÈ,Bloating,,¬Ò¥i¥Î,­G°fµÎ,Alginos,,,§_,¬O,,¥»«~§t¶tÂ÷¤l¡A¤Å»P¥|ÀôÅð¯À©ÎÅK¾¯¨ÖªA¡C,,,,¨Ï¥Î¨ä¥LÃÄ«~30¤ÀÄÁ«á¦AªA¥»ÃÄ¡C«Ç·Å«O¦s¡A¤£¥i§NÂÃ¡C,Taking other drugs after 30 minutes¡A just take this medicine.Do not refrigerate.,,¤@¯ë,¤@¯ë,¨Ï¥Î¨ä¥LÃÄ«~30¤ÀÄÁ«á¦AªA¥»ÃÄ¡C,,,0,0,§_,210.0,,§_,§_,§_,½Æ¤è,§_,¥i¥Î,¥i¥Î,¤£¥i¿i,¬O,,1.00,1.00,20.00,20.00,999,999,0,1,80.00,80.00,0,0,,¦³¹Ï¤ù,,0,,0,,A02AC01,A02BX13,A02AHaa,,,,,,,BOT,,¤£µ¹¥I¶·¦Û¥I,¤£µ¹¥I¶·¦Û¥I,,,,§_,Liquid,ORALSOL,,,,,,,,,PH047,202303141656,0,380.00
LALU,20070626,99999999,°±¥Î,Aluzaine susp 360mL,Aluzaine susp 360mL,Oxethazaine+Aluminum Hydroxide+Magnesium Hydroxid,PO,QID,ALIM,GI-01-01,¤fªA,ML,Mucaine,«D²Õ®M,°±¥Î,,¤@¯ë¥i¥Î,¬O,¤£¥i¥ÎÃÄ¥]¾÷,¥i¥Î,¤@¯ë,Á`¶q¶i¦ì,¾AÀ³¯g:­G¼ìºÅ¡A ¤Q¤G«ü¸z¼ìºÅ¡A ­¹¹Dª¢,,Indication:Gastritis¡A gastroduodenal ulcer and esophagitis,,¥~ Æ[:¥Õ¦â¶ì½¦Åø¡A¥Õ¦â¥~¶K¯È¡A¦³¤G±ø®ç¬õ¦â¾î±ø,Appearance:White plastic bottle.,¹½­¹¡A ¤f°®¡A «K¯µ¡A ¸¡Âm¡A ÀYµh¡A §x­Â,Anorexia¡A dry mouth¡A constipation¡A diarrhea¡A headache¡A drowsiness,,¬Ò¥i¥Î,¶®ÅS¨Î,Aluzaine susp 360mL,,,§_,¬O,,¤Å»P¥|ÀôÀ²¯À©ÎÅK¾¯¨Ö¥Î¥H§K´î§CÃÄ®Ä,,Avoid taking with tetracyclins or iron supplements.,,,,,¤@¯ë,¤@¯ë,Äµ »y:¤Å»P¥|ÀôÀ²¯À©ÎÅK¾¯¨Ö¥Î¥H§K´î§CÃÄ®Ä,,,,,§_,360.0,,§_,§_,§_,½Æ¤è,§_,°±¥Î,¥i¥Î,¤£¥i¿i,¬O,,0,0,20.00,20.00,99,99,99,1,80.00,80.00,0,0,,¦³¹Ï¤ù,,0,,0,,A02AD01,,,,,,,,,BOT,,°·«Oµ¹¥I,°·«Oµ¹¥I,OXETHAZAINE 2MG/ML + ALUMINUM HYDROXIDE 61.2ML/ML + MAGNESIUM HYDROXIDE 19.5MG/ML,A02AX,AC38472169,§_,LiquidSolidSuspension,ORSUSP,,,,,,,,,PH047,202303141656,81.00,101.00
LAMO,19960101,99999999,°±¥Î,Amoxicillin syr 25mg/mL,Amoxicillin syr 25mg/mL,Amoxicillin,PO,Q8H,QANB,AI-01-01,¤fªA,ML,Amoxil,«D²Õ®M,°±¥Î,,¤@¯ë¥i¥Î,¬O,¤£¥i¥ÎÃÄ¥]¾÷,,¤@¯ë,Á`¶q¶i¦ì,¾AÀ³¯g: ²Óµß©Ê·P¬V,,Indication: Antibiotic for infection.,,¥~ Æ[:²`½Å¦â¬Á¼þ²~¸Ë¡A¥Õ¦â¥~»\¡A¥Õ¦â¥~¶K¯È,,»´·L¸¡Âm¡A ÀYµh,Diarrhea (mild)¡A headache,,,¦w²ö¦èªL¿}¼ß,Amoxicillin syr 25mg/mL,,,§_,¬O,,½Ð©ó¥[¤J§N¶}¤ô½Õ¤Ã¦Ü60mL«á§NÂÃÀx¦s¡A ¥B¨Ï¥Î«e½Ð¥ý·n¤Ã,,Add cold water and shake well to prepare a 60mL suspension before using.,,,,,¤@¯ë,¤@¯ë,Äµ »y:½Ð¥[¤J§N¶}¤ô·n¤Ã¦Ü60mL«á§NÂÃÀx¦s¡A¥B¨Ï¥Î«e½Ð¥ý·n¤Ã,,,,,§_,60.0,,§_,§_,§_,³æ¤è,§_,¥i¥Î,¥i¥Î,¤£¥i¿i,¬O,,1.00,1.00,15.00,15.00,14,14,1,1,40.00,40.00,0,0,,¦³¹Ï¤ù,,0,,0,,J01CA04,,,,,,,,,BOT,§_,°·«Oµ¹¥I,°·«Oµ¹¥I,AMOXICILLIN,J01CA04,AC25977125,§_,Liquid,SYRUP,,,,,,,,,PH047,202303141656,30.60,38.00
LAMO5,20221002,99999999,°±¥Î,Amolin 50mg/mL¡A 60mL suspension,Amolin 50mg/mL¡A 60mL suspension,Amoxicillin,PO,Q8H,QANB,AI-01-01,¤fªA,ML,Amoxicillin,«D²Õ®M,¼t°Ó¯Ê³f,,¤@¯ë¥i¥Î,¬O,¤£¥i¥ÎÃÄ¥]¾÷,±ø¥ó¤Uµ¹¥I,¤@¯ë,Á`¶q¶i¦ì,¾AÀ³¯g: ²Óµß©Ê·P¬V,,Indication: Antibiotic for infection.,,¥~ Æ[:60mL³z©ú¬Á¼þ²~¸Ë,Appearance:Transparent glass bottle.,¸¡Âm¡Aäú¤ß¡A¹Ã¦R¡AÀYµh¡A¬õ¯l,Diarrhea¡A nausea¡A vomiting¡A headache¡A rash,,¬Ò¥i¥Î,¸U³ÕÅðÄa²G¥Î¯»50¤½µ·/¤½¼¼(¦w²ö¦èªL),Amolin 50mg/mL¡A 60mL,,,,¬O,,ªw»s¤èªk:¥ý¥[¤J§N¶}¤ô¤j¬ù¦Ü¨è«×50mL«á·n¤Ã¡A,¦A¥[¤ôµ}ÄÀ¦¨60mL¡C,Reconstitution: Add water to 50mL and shake well¡A,then add water to dilute to 60mL accurately.,¥»ÃÄ¸gªw»s«á»Ý§NÂÃ2-8¢J¡A¶È«O¦s7¤Ñ¡C¨C¦¸¨Ï¥Î«eÀ³¥ý·n¤Ã¡C,Stored at 2-8¢XC for 7 days after reconstitution.Shake well before each use.,2022.10´À¥N[LAMO6],¤@¯ë,¤@¯ë,ªw»s¤èªk:¥ý¥[¤J§N¶}¤ô¤j¬ù¦Ü¨è«×50mL«á·n¤Ã¡A¦A¥[¤ôµ}ÄÀ¦¨60mL¡C,,,0,0,§_,60.0,,¬O,¬O,§_,³æ¤è,§_,°±¥Î,°±¥Î,¤£¥i¿i,¬O,,0,0,10.00,10.00,30,14,7,7,40.00,40.00,4.00,2.00,,¦³¹Ï¤ù,,0,,0,,J01CA04,,,,,3.00,g,1.00,g,BOT,§_,°·«Oµ¹¥I,°·«Oµ¹¥I,AMOXICILLIN,J01CA04,AC41628151,§_,LiquidSolidSuspension,ORSUSP,,,0,,0,mL,,,PH006,202307281158,80.00,100.00
LAMO6,20120118,99999999,°±¥Î,Amolin 25mg/mL¡A 60mL suspension,Amolin 25mg/mL¡A 60mL suspension,Amoxicillin,PO,Q8H,QANB,AI-01-01,¤fªA,ML,Amoxicillin,«D²Õ®M,°±¥Î,,¤@¯ë¥i¥Î,¬O,¤£¥i¥ÎÃÄ¥]¾÷,,¤@¯ë,Á`¶q¶i¦ì,¾AÀ³¯g: ²Óµß©Ê·P¬V,,Indication: Antibiotic for infection.,,¥~ Æ[:60mL³z©ú¬Á¼þ²~¸Ë,Appearance:Transparent glass bottle.,»´·L¸¡Âm¡A ÀYµh,Diarrhea (mild)¡A headache,,,¸U³ÕÅð¯ÀÄa²G¥Î¯»,Amolin Susp 25mg/mL¡A 60mL,,,§_,¬O,,½Ð©ó¥[¤J§N¶}¤ô½Õ¤Ã¦Ü60mL«á§NÂÃÀx¦s¡A¥B¨Ï¥Î«e½Ð¥ý·n¤Ã,,Add cold water and shake well to prepare a 60mL suspension before using.,,,After dispensing¡A must be stored in the refrigerator.,,¤@¯ë,¤@¯ë,Äµ »y:½Ð¥[¤J§N¶}¤ô·n¤Ã¦Ü60mL«á§NÂÃÀx¦s¡A¥B¨Ï¥Î«e½Ð¥ý·n¤Ã,,,0,0,§_,60.0,,§_,¬O,§_,³æ¤è,§_,°±¥Î,°±¥Î,¤£¥i¿i,¬O,,0,0,20.00,20.00,30,14,7,7,80.00,80.00,8.00,4.00,,¦³¹Ï¤ù,,0,,0,,J01CA04,,,,,1.50,g,1.00,g,BOT,§_,°·«Oµ¹¥I,°·«Oµ¹¥I,AMOXICILLIN,J01CA04,AC36160110,§_,Liquid,SYRUP,,,,,,,,,PH047,202303141656,31.00,40.00
LANT,19960101,99999999,¥i¥Î,Anti-phen 24mg/mL¡A 60mL,Anti-phen 24mg/mL¡A 60mL,Acetaminophen,PO,Q6HPRN,CNEU,CN-01-05,¤fªA,ML,Scanol,«D²Õ®M,,,¤@¯ë¥i¥Î,¬O,¤£¥i¥ÎÃÄ¥]¾÷,,¤@¯ë,Á`¶q¶i¦ì,¾AÀ³¯g:°h¿N¡A ¤îµh,,Indication:Fever¡A pain killer.,,¥~ Æ[:¯»¬õ¦â²GÅé¶ì½¦²~¸Ë¡A ¶À¦â¥Õ¦â¬Û¶¡¥~¶K¯È¡A¥Õ¦â¥~»\,Appearance:Plastic bottle¡A red liquid.,äú¤ß¡A ¹Ã¦R,Nausea; vomiting,,,¦w¨Î¼ö¿}¼ß,Anti-phen,,,§_,¬O,,½Ð¿í·ÓÂå®v«ü¥Ü¨Ï¥Î¡A ­Yµo¥ÍºÃ¦üÃÄª«¤£¨}¤ÏÀ³½Ð§iª¾Âå¥Í,,Follow doctor's advice. Check with doctor if you notice any side effects.,,,,,¤@¯ë,¤@¯ë,Äµ »y:½Ð¿í·ÓÂå®v«ü¥Ü¨Ï¥Î¡A­Yµo¥ÍºÃ¦üÃÄª«¤£¨}¤ÏÀ³½Ð§iª¾Âå¥Í¡C,LA ¥~Æ[¬Û¦ü,,,,§_,60.0,,§_,¬O,§_,³æ¤è,§_,¥i¥Î,¥i¥Î,¤£¥i¿i,¬O,,0,0,20.00,20.00,999,999,0,1,60.00,60.00,4.00,0.70,,¦³¹Ï¤ù,,0,,0,,N02BE01,,,,,,,,,BOT,§_,°·«Oµ¹¥I,°·«Oµ¹¥I,ACETAMINOPHEN,N02BE01,A040164151,§_,Liquid,SYRUP,,,,,,,,,PH047,202402121335,15.40,20.00
LATH,20200915,99999999,¥i¥Î,Athmin syrup 0.2mg/mL¡A 60mL,Athmin syrup 0.2mg/mL¡A 60mL,Ketotifen,PO,BID,HIMM,IM-01-00,¤fªA,ML,Zaditen,«D²Õ®M,,,,¬O,¤£¥i¥ÎÃÄ¥]¾÷,¥i¥Î,¤@¯ë,Á`¶q¶i¦ì,¾AÀ³¯g:¤ä®ðºÞ®ð³Ý¡A¹L±Ó©Ê¤ä®ðºÞª¢¡A»P°®¯ó¼ö¦³Ãö¤§®ð³Ý¯gª¬¡A,¹w¨¾¤ÎªvÀø¹L±Ó©Ê»óª¢¡A¹L±Ó©Ê¥Ö½§¤ÏÀ³,Indication:Bronchial asthma¡A allergic bronchitis¡A asthma,symptoms related to hay fever¡A allergic rhinitis¡A allergic skin reactions.,¥~ Æ[: ¶ì½¦²~¡A¤º¸Ë²H¬õ¦âÃÄ²G.,Appearance:Plastic bottle with light red syrup.,¶ÝºÎ¡AÂíÀR,Drowsiness¡A sedation,,¬Ò¥i¥Î,³Ý±Ó¿}¼ß,Athmin syrup 0.2mg/mL¡A 60mL,,,,¬O,,¥i¯à·|³y¦¨¶ÝºÎ©Î·w¯t¡A ¶}¨®©Î¾Þ§@¦MÀI¾÷¾¹½Ð¤p¤ß,,May make you dizzy; use caution while driving or operating machinery,,¥»«~§tªü´µ¤Ú²¢(Aspartame)½á§Î¾¯¡A­fà¬§¿±wªÌ¤£©y¨Ï¥Î,This product contains Aspartame. Avoid using for patients with phenylketonuria.,2020Q3ÃÄ©e·s¶i,¤@¯ë,¤@¯ë,Äµ »y:¥i¯à·|³y¦¨¶ÝºÎ©Î·w¯t¡A ¶}¨®©Î¾Þ§@¦MÀI¾÷¾¹½Ð¤p¤ß,LA ¥~Æ[¬Û¦ü,,0,0,§_,60.0,,§_,¬O,§_,³æ¤è,,¥i¥Î,¥i¥Î,¤£¥i¿i,¬O,,0,0,5.00,5.00,999,999,0,1,10.00,10.00,0,0,,¦³¹Ï¤ù,,0,,0,,R06AX17,,,,,0,,0,,BOT,,°·«Oµ¹¥I,°·«Oµ¹¥I,KETOTIFEN,R06AX17,AC42932151,,,,,,0,,0,,,,PH034,202203011632,42.30,55.00
LAUG,19960101,99999999,°±¥Î,Augmentin syr 100mL,Augmentin syr 100mL,Amoxicillin + Clavulanic Acid,PO,,QANB,AI-01-01,¤fªA,ML,Augmentin,«D²Õ®M,°±¥Î,LAUG3,¤@¯ë¥i¥Î,¬O,¤£¥i¥ÎÃÄ¥]¾÷,,¤@¯ë,Á`¶q¶i¦ì,¾AÀ³¯g:²Óµß©Ê·P¬V,,,,,,»´·L¸¡Âm¡B­Gµh¡B¸¡µÈ ¡B´HÅ¸¡B»ó¥X¦å¡B²§±`ªº¯h­Â,Diarrhea (mild)¡A hedache¡A stomach pain¡A swelling of abdomen¡A chills¡A nosebleed¡A,,,,Augmentin syr 100mL,,,§_,¬O,,,,,,,,,¤@¯ë,¤@¯ë,Äµ »y:½Ð¥H§N¶}¤ô½Õ¤Ã¦Ü½bÀY¼Ð½u³B¡A¥[¤ô«áÀ³§NÂÃ¨Ã©ó¥Î«e·n¤Ã,,,,,§_,1.0,,§_,§_,§_,³æ¤è,§_,¥i¥Î,¥i¥Î,¤£¥i¿i,¬O,,1.00,1.00,999.00,999.00,999,999,1,1,10.00,10.00,0,0,,µL¹Ï¤ù,,0,,0,,J01CR02,J01CA04,,,,,,,,CC,§_,°·«Oµ¹¥I,°·«Oµ¹¥I,AMOXICILLIN 25MG/ML + CLAVULANIC ACID 6.25MG/ML,J01CR02,B018433199,§_,Liquid,SYRUP,,,,,,,,,PH047,202401261334,2.81,5.00
LAUG1,19960101,99999999,°±¥Î,Augmentin syr 100mL,Augmentin syr 100mL,Amoxicillin + Clavulanic Acid,PO,BID,QANB,AI-01-01,¤fªA,ML,Augmentin,«D²Õ®M,°±¥Î,LAUG3,¤@¯ë¥i¥Î,¬O,¤£¥i¥ÎÃÄ¥]¾÷,±ø¥ó¤Uµ¹¥I,¤@¯ë,Á`¶q¶i¦ì,¾AÀ³¯g:²Óµß©Ê·P¬V,,,,,,,,,,,Augmentin syr 100mL,,,§_,¬O,,,,,,,,,¤@¯ë,¤@¯ë,Äµ »y:½Ð¥H§N¶}¤ô½Õ¤Ã¦Ü½bÀY¼Ð½u³B¡A¥[¤ô«áÀ³§NÂÃ¨Ã©ó¥Î«e·n¤Ã,,,,,§_,100.0,,§_,§_,§_,³æ¤è,§_,¥i¥Î,¥i¥Î,¤£¥i¿i,¬O,,1.00,1.00,999.00,999.00,10,10,1,1,0,0,0,0,,µL¹Ï¤ù,,0,,0,,J01CR02,J01CA04,,,,,,,,BOT,§_,°·«Oµ¹¥I,°·«Oµ¹¥I,AMOXICILLIN 25MG/ML + CLAVULANIC ACID 6.25MG/ML,J01CR02,B018433114,§_,Liquid,SYRUP,,,,,,,,,PH047,202401261335,240.00,288.00
LAUG3,20040401,99999999,¥i¥Î,Augmentin¿}¼ß 457mg/5mL¡A 35mL,Augmentin syrup 457mg/5mL¡A 35mL,Amoxicillin + Clavulanic Acid,PO,BID,QANB,AI-01-01,¤fªA,ML,Augmentin,«D²Õ®M,¼t°Ó¯Ê³f,LCUR,¤@¯ë¥i¥Î,¬O,¤£¥i¥ÎÃÄ¥]¾÷,¥i¥Î,¤@¯ë,Á`¶q¶i¦ì,¾AÀ³¯g:²Óµß©Ê·P¬V,,Indication: Antibiotic for infection.,,¥~ Æ[:³z©ú¬Á¼þ²~¸Ë¡A¥Õ¦â¥~»\,Appearance:Transparent glass container.,»´·L¸¡Âm¡A ÀYµh¡A ­Gµh¡A ¸¡µÈ¡A ´HÅ¸,Diarrhea (mild)¡A hedache¡A stomach pain¡A swelling of abdomen¡A chills.,,¬Ò¥i¥Î,¦w·Àµß¿}¼ß,Augmentin syrup 457mg/5mL,,,§_,¬O,,½Ð¥H§N¶}¤ô½Õ¤Ã¦Ü½bÀY¼Ð½u³B¡A¥[¤ô«áÀ³§NÂÃ¨Ã©ó¥Î«e·n¤Ã,,Add cold water into the bottle to arrow mark. Shake well before using.,,,After dispensing¡A must be stored in the refrigerator.,,¤@¯ë,¤@¯ë,Äµ »y:½Ð¥H§N¶}¤ô½Õ¤Ã¦Ü½bÀY¼Ð½u³B¡A¥[¤ô«áÀ³§NÂÃ¨Ã©ó¥Î«e·n¤Ã,,¿}¼ß,,,§_,35.0,,§_,¬O,§_,½Æ¤è,§_,°±¥Î,°±¥Î,¤£¥i¿i,¬O,,0,0,15.00,15.00,10,10,0,1,30.00,30.00,1.50,0.70,,¦³¹Ï¤ù,,0,,0,,J01CR02,J01CA04,,,,3.20,g,1.00,g,BOT,,°·«Oµ¹¥I,°·«Oµ¹¥I,AMOXICILLIN 80MG/ML + CLAVULANIC ACID 11.4MG/ML,J01CR02,BC224471E1,§_,Liquid,SYRUP,,,,,,,,,PH008,202403131428,118.00,142.00
LAZI,20221002,99999999,¥i¥Î,Azithrom 40mg/mL¡A 15mL suspension,Azithrom 40mg/mL¡A 15mL suspension,Azithromycin,PO,QD,QANB,AI-01-06,¤fªA,ML,Zithromax,«D²Õ®M,°±¥Î,LZIT,¤@¯ë¥i¥Î,¬O,¤£¥i¥ÎÃÄ¥]¾÷,±ø¥ó¤Uµ¹¥I,¤@¯ë,Á`¶q¶i¦ì,¾AÀ³¯g:ªvÀø²Óµß©Ê·P¬V¡C,,Indication:Antibiotic for infection.,,¥~ Æ[:¼Ð¦³"µß¤Ú¹FÄa²G¥Î¯»47.78²@§J/¤½§J"¯È²°¸Ë¶ì½¦²~ÃÄ¯»,Appearance:Powder for suspension in plastic bottle,äú¤ß¡A ¸¡³¡¤£¾A¡A ¹Ã¦R¡A µÈ®ð¡A ¸¡Âm¡A ¤ô«K,Nausea¡A abdominal discomfort¡A vomiting¡A flatulence¡A diarrhea & loose stools.,,¥u¥Î©óªù¶E¤Î¦í°|STAT,µß¤Ú¹FÄa²G¥Î¯»47.78²@§J/¤½§J,Azithrom 40mg/mL¡A 15mL,,,,¬O,,½Ð¥ý±NÃÄ¯»·n´²¡A ¥[¤J§N¶}¤ô9mL²V¦X§¡¤Ã«á¨Ï¥Î¡A¨Ï¥Î«e»Ý·n¤Ã,ªw»s«á¥i«Ç·Å«O¦s10¤Ñ¡C,Add 9 mL cold water into the bottle and mix. Shake well before using.,Stored at room temperature for 10 days after reconstitution,ª`·N¨Æ¶µ:¤£À³¾Õ¦Û°±ÃÄ¡A ¦p¥X²{¤ß±ª¡B¯Ýµhµ¥¤£¾A¯gª¬¡A ½Ð¦^¶E­ì³B¤èÂå®v,Cautions: Call your doctor if you feel chest pain or a fast heartbeat.,2022.10 [LZIT]¯ÊÃÄ´À¥N,¤@¯ë,¤@¯ë,Äµ »y:¥[9mL§N¶}¤ô²V¦X«á¨Ï¥Î,,,0,0,,15.0,,§_,¬O,§_,³æ¤è,§_,°±¥Î,°±¥Î,¤£¥i¿i,¬O,,0,0,10.00,10.00,3,5,3,3,15.00,15.00,0.80,0.80,,¦³¹Ï¤ù,,0,,0,,J01FA10,,,,,0.60,g,0.30,g,BOT,,°·«Oµ¹¥I,°·«Oµ¹¥I,AZITHROMYCIN,J01FA10,AC55554180,§_,LiquidSolidSuspension,ORSUSP,,,0,,0,,,,PH047,202402140422,216.00,259.00
LBAR,20140315,99999999,°±¥Î,Baritop-120 300mL,Baritop-120 300mL,Barium sulfate,PO,ST,SCAN,VS-01-02,¤fªA,ML,,«D²Õ®M,°±¥Î,,¤@¯ë¥i¥Î,¬O,¤£¥i¥ÎÃÄ¥]¾÷,¤º§t,¤£¦LÃÄÅÒ,Á`¶q¶i¦ì,¾AÀ³¯g:®ø¤ÆºÞÄá¼v,,Indication:Contrast agents.,,¥~ Æ[:300²@¤É¤p²~,Appearance:300ml/bottle.,¤ô¸~¡A¤p¸z±ðªý¡A§K¬Ì¹L±Ó¤ÏÀ³,Edema¡A Small bowel obstruction¡A Immune hypersensitivity reaction,,¥u¥Î©óªù¶E¤Î¦í°|STAT,¾X²æ´¶²G¡Ð120,Baritop-120,,,,¬O,,¢æ¥úÀËÅç¥Î¤£³z¥ú»s¾¯¡F±M¨Ñ¯f¤H¥Î¤§¶EÂ_¥Î¸ÕÃÄ,,Opacifying preparations for X-ray examinations; diagnostic reagents designed to,be administered to the patient.,¹L¶q¥i¯à¾É­P¸z±ðªý¡C,Overdose may lead to intestinal obstruction.,,¤@¯ë,¤@¯ë,Äµ »y:½Ð¿í·ÓÂå®v«ü¥Ü¨Ï¥Î¡A­Yµo¥ÍºÃ¦üÃÄª«¤£¨}¤ÏÀ³½Ð§iª¾Âå¥Í¡C,,,0,0,§_,300.0,,§_,¬O,§_,³æ¤è,§_,°±¥Î,°±¥Î,¤£¥i¿i,§_,µL,300.00,300.00,2400.00,2400.00,1,1,1,1,2400.00,2400.00,0,0,,¦³¹Ï¤ù,,0,,0,,V08BA01,,,,,,,,,BOT,,¥Ó³ø¤£­p»ù,¥Ó³ø¤£­p»ù,,,,§_,Liquid,SOL,,,,,,,,,PH047,202303141657,0,320.00
LBAR3,20171114,99999999,¥i¥Î,Baritop LV 300gm,Baritop LV 300gm,Barium sulfate,PO,STAT,SCAN,VS-01-05,¤fªA,BOT,Baritop,«D²Õ®M,,,¤@¯ë¥i¥Î,¬O,¤£¥i¥ÎÃÄ¥]¾÷,¤º§t,¤£¦LÃÄÅÒ,Á`¶q¶i¦ì,¾AÀ³¯g:®ø¤ÆºÞÄá¼v,,Indication:Contrast agents.,,¥~ Æ[:300§J¶ì½¦²~,Appearance:300gm white powder/bottle.,¤ô¸~¡A¤p¸z±ðªý¡A§K¬Ì¹L±Ó¤ÏÀ³,Edema¡A Small bowel obstruction¡A Immune hypersensitivity reaction,,¥u¥Î©óªù¶E¤Î¦í°|STAT,¾X²æ´¶-LV,Baritop LV 300gm,,,,¬O,,¢æ¥úÀËÅç¥Î¤£³z¥ú»s¾¯¡F±M¨Ñ¯f¤H¥Î¤§¶EÂ_¥Î¸ÕÃÄ,,Opacifying preparations for X-ray examinations; diagnostic reagents designed to,be administered to the patient.,¨Ï¥Î«e¥[¤J57-82mL¤ô½Õ»s¡A½Õ¾¯«áªºÄa¿B²GÅé½Ð¾¨³t¨Ï¥Î¡C,Add 57-82mL water before taking. Prepare just before administration.,,¤@¯ë,¤@¯ë,Äµ »y:½Ð¿í·ÓÂå®v«ü¥Ü¨Ï¥Î¡A­Yµo¥ÍºÃ¦üÃÄª«¤£¨}¤ÏÀ³½Ð§iª¾Âå¥Í¡C,,,0,0,§_,1.0,,§_,¬O,§_,³æ¤è,§_,°±¥Î,°±¥Î,¤£¥i¿i,§_,µL,1.00,1.00,1.00,1.00,1,1,1,1,1.00,1.00,0,0,,µL¹Ï¤ù,,0,,0,,V08BA02,,,,,0,,0,,BOT,,¥Ó³ø¤£­p»ù,¥Ó³ø¤£­p»ù,,,,§_,Liquid,SOL,,,,,,,,,PH047,202402140428,0,456.00
LBER,19960101,99999999,°±¥Î,Berotec liq 0.5 mg/mL,Berotec liq 0.5 mg/mL,Fenoterol,PO,,ERSP,RE-01-00,¤fªA,ML,Berotec,«D²Õ®M,°±¥Î,LSTR,¤@¯ë¥i¥Î,¬O,¤£¥i¥ÎÃÄ¥]¾÷,,¤@¯ë,Á`¶q¶i¦ì,¾AÀ³¯g:¹w¨¾¤ÎªvÀø¤ä®ðºÞµjÅË,,,,,,,,,,³Æ³Ò³Ý²G,Berotec liq 0.5 mg/mL,,,§_,¬O,,,,,,,,,¤@¯ë,¤@¯ë,Äµ »y:ªAÃÄ«á¥i¯à¼È¦³¤ß¸õ¥[³t¡B¤£¦w¡B¿³¾Ä¡B¤f°®µ¥²{¶H,,,,,§_,30.0,,§_,§_,§_,³æ¤è,§_,°±¥Î,¥i¥Î,¤£¥i¿i,¬O,,1.00,1.00,999.00,999.00,999,999,1,1,0,0,0,0,,µL¹Ï¤ù,,0,,0,,,,,,,,,,,CC,§_,°·«Oµ¹¥I,°·«Oµ¹¥I,FENOTEROL,R03CC04,A028502199,§_,Liquid,ORALSOL,,,,,,,,,PH047,202303141657,0.44,2.00
LBIS,20040401,99999999,¥i¥Î,Bisolvon solution 2mg/mL¡A 50mL,Bisolvon solution 2mg/mL¡A 50mL,Bromhexine,PO,TID,ERSP,RE-05-01,¤fªA,ML,,«D²Õ®M,,,¤@¯ë¥i¥Î,¬O,¤£¥i¥ÎÃÄ¥]¾÷,,¤@¯ë,Á`¶q¶i¦ì,¾AÀ³¯g:¤Æ·ð¤§¥Î,,Indication:Treatment of cough.,,¥~ Æ[:²`½Å¦â¬Á¼þ²~¸Ë¡A ¥Õ¦â¥~»\¡A ¥Õ¦â¤g¶À¦â½Å¦â¬Û¶¡¥~¶K¯È,Appearance:Dark brown glass bottle.,äú¤ß¡A ¤W¸¡³¡¯kµh¡A ¹Ã¦R¡A ÀYµh(·w)¡A ¥Ö½§¬õ¯l,Nausea¡A epigastric pain¡A vomiting¡A headache¡A dizziness¡A skin rash,,,®ðµÎ·ð²G,Bisolvon soln 2mg/mL¡A 50mL,,,§_,¬O,,½Ð¿í·ÓÂå®v«ü¥Ü¨Ï¥Î¡A ­Yµo¥ÍºÃ¦üÃÄª«¤£¨}¤ÏÀ³½Ð§iª¾Âå¥Í,,Follow doctor's advice. Check with doctor if you notice any side effects.,,³Æµù: ¥Ö½§©ÎÂH½¤¦³¯fÅÜ§YÀ³°±¥Î,Discontinue therapy if skin or mucosa lesions occur.,,¤@¯ë,¤@¯ë,Äµ »y:½Ð¿í·ÓÂå®v«ü¥Ü¨Ï¥Î¡A­Yµo¥ÍºÃ¦üÃÄª«¤£¨}¤ÏÀ³½Ð§iª¾Âå¥Í¡C,,,,,§_,50.0,,§_,¬O,§_,³æ¤è,§_,¥i¥Î,¥i¥Î,¤£¥i¿i,¬O,,1.00,1.00,10.00,10.00,999,999,0,1,32.00,32.00,1.50,0.50,,¦³¹Ï¤ù,,0,,0,,R05CB02,,,,,,,,,BOT,§_,°·«Oµ¹¥I,°·«Oµ¹¥I,BROMHEXINE,R05CB02,BC25729148,§_,Liquid,ORALSOL,,,,,,,,,PH047,202306071756,48.90,64.00
LBM,19960101,99999999,°±¥Î,Brown mixture 200mL,Brown mixture 200mL,Opium Tincture + Glycyrrhiza + Antimony K tartrate,PO,TID,ERSP,RE-05-02,¤fªA,ML,Brown mixture,«D²Õ®M,°±¥Î,LBM1,¤@¯ë¥i¥Î,¬O,¤£¥i¥ÎÃÄ¥]¾÷,,¤@¯ë,Á`¶q¶i¦ì,¾AÀ³¯g:Âí«y¡A ¤Æ·ð¤§¥Î,,Indication:Treatment of cough.,,¥~ Æ[:²`¦â¶ì½¦²~¸Ë¡A ¥Õ¦â¥~»\¡A ¥Õ¦â¥~¶K¯È¡A ©@°Ø¦â¦r¼Ë,Appearance:Plastic bottle¡A black liquid.,«K¯µ¡A §x­Â¡A §x´b¡A §¿²Gº¢¯d,Constipation¡A drowsiness¡A confusion¡A urinary retention,,,¥Ì¯ó¤î«y¤ô,Brown mixture 200mL,,,§_,¬O,,Á×§KÃÄ®Ä¤£§¡¡A ¨Ï¥Î«e½Ð°È¥²¥R¤À·n¤Ã,,Shaking well before using.,,,,,¤@¯ë,¤@¯ë,Äµ »y:¬°Á×§KÃÄ®Ä¤£§¡¡A ¨Ï¥Î«e½Ð°È¥²¥R¤À·n¤Ã,,,,,¬O,200.0,,§_,§_,§_,½Æ¤è,§_,¥i¥Î,¥i¥Î,¤£¥i¿i,¬O,,10.00,10.00,20.00,20.00,28,10,0,1,60.00,60.00,0.50,1.50,,¦³¹Ï¤ù,,0,,0,,R05FA02,,,,,,,,,BOT,§_,°·«Oµ¹¥I,°·«Oµ¹¥I,OPIUM TINCTURE 0.012ML/ML + ANTIMONY POTASSIUM TARTRATE 0.24MG/ML + ETHYL NITRITE SPIRIT 0- 0.03ML/ML + GLYCYRRHIZIC ACID 0.12ML/ML,R05FA02,AC59035163,§_,Liquid,ORALSOL,,,,,,,,,PH047,202303141657,28.50,37.00
LBM1,20050627,99999999,¥i¥Î,Brown mixture 120mL,Brown mixture 120mL,Opium Tincture + Glycyrrhiza + Antimony K tartrate,PO,,ERSP,RE-05-02,¤fªA,ML,Brown mixture,«D²Õ®M,,,¤@¯ë¥i¥Î,¬O,¤£¥i¥ÎÃÄ¥]¾÷,,¤@¯ë,Á`¶q¶i¦ì,¾AÀ³¯g:Âí«y¤Æ·ð¤§¥Î,,Indication:Treatment of cough.,,¥~ Æ[:²`¦â¶ì½¦²~¸Ë¡A ¥Õ¦â¥~»\¡A ¥Õ¦â¥~¶K¯È¡A ©@°Ø¦â¦r¼Ë,Appearance:Plastic bottle¡A black liquid.,«K¯µ¡A «äºÎ¡A ·w¯t¡A ©I§l§í¨î¡A ·kÄo,Constipation¡A drowsiness¡A dizziness¡A respiratory depression¡A itching,,¬Ò¥i¥Î,¥Ì¯ó¤î«y¤ô,Brown mixture 120mL,,,§_,¬O,,Á×§KÃÄ®Ä¤£§¡¡A ¨Ï¥Î«e½Ð°È¥²¥R¤À·n¤Ã,¥i¯à¦³®É·|Ä±±oÀY·w¡A ©ü¯t¡A ½Ð¤Å¶}¨®©Î¾Þ§@¦MÀI¾÷±ñ¡C,Shaking well before using.,May cause dizziness or drowsiness. Avoid driving or operating machinery.,­¹ª«¥æ¤¬§@¥Î: ªAÃÄ´Á¶¡Á×§K¶¼°s,Food interaction:Avoid alcohol.,,¤@¯ë,¤@¯ë,Äµ »y:¬°Á×§KÃÄ®Ä¤£§¡¡A ¨Ï¥Î«e½Ð°È¥²¥R¤À·n¤Ã,,,,,§_,120.0,,§_,¬O,§_,½Æ¤è,§_,¥i¥Î,¥i¥Î,¤£¥i¿i,¬O,,10.00,10.00,20.00,20.00,28,10,0,1,60.00,60.00,0.50,1.50,,¦³¹Ï¤ù,,0,,0,,R05FA02,,,,,,,,,BOT,,°·«Oµ¹¥I,°·«Oµ¹¥I,OPIUM TINCTURE 0.012ML/ML + ANTIMONY POTASSIUM TARTRATE 0.24MG/ML + ETHYL NITRITE SPIRIT 0- 0.03ML/ML + GLYCYRRHIZIC ACID 0.12ML/ML,R05FA02,AC59035157,§_,Liquid,ORALSOL,,,,,,,,,PH047,202303141657,26.50,34.00
LCAR,20051004,99999999,°±¥Î,Cardiacin elixir 0.05mg/mL,Cardiacin elixir 0.05mg/mL,Digoxin,PO,QD,CAVS,CV-01-01,¤fªA,ML,Digoxin elixir,«D²Õ®M,°±¥Î,,³æ¦ìÁ{±Ä,¬O,¤£¥i¥ÎÃÄ¥]¾÷,,¤@¯ë,Á`¶q¶i¦ì,¾AÀ³¯g:¤ßÅ¦¯e¯f¡A ½ÐÁ×¥úÀx¦s,,Indication:Positive inotropic agent for heart disease,,¥~ Æ[:ºñ¦â¥Õ¦â¬Û¶¡¥~²°,Appearance:White/green box.,µø¤O¼Ò½k©Î¶Àµø¡A ÀY·w¡A äú¤ß¡A ¹Ã¦R¡A ¤ß¸õ¤£³W«h,Blurred or yellow vision¡A dizziness¡A feeling of not caring¡A nausea¡A and/or vomit,,¥u¥Î©óªù¶E¤Î¦í°|STAT,¦a°ª·sÔA¾¯,Cardiacin elixir 0.05mg/mL,,,§_,¬O,,½Ð¿í·ÓÂå®v«ü¥Ü¥ÎÃÄ¡A ¤Å¦Û¦æ§ó§ï¾¯¶q©Î¥ÎÃÄ®É¶¡,,Follow doctor's advice. Do not change your dose or schedule.,,,,¤wDC«~¶µ¡A¼t°ÓÃØ°e¤p¨à¬ì¨Ï¥Î,¤@¯ë,¤@¯ë,Äµ »y:½Ð¿í·ÓÂå®v«ü¥Ü¥ÎÃÄ¡A¤Å¦Û¦æ§ó§ï¾¯¶q©Î¥ÎÃÄ®É¶¡¡C,,,,,§_,60.0,,§_,§_,§_,³æ¤è,§_,¥i¥Î,¥i¥Î,¤£¥i¿i,¬O,,0,0,10.00,10.00,60,60,0,1,20.00,20.00,0.40,0.40,,¦³¹Ï¤ù,,0,,0,,C01AA05,,,,,,,,,BOT,,°·«Oµ¹¥I,°·«Oµ¹¥I,DIGOXIN,C01AA05,AC47126151,§_,Liquid,ELIXIR,,,,,,,,,PH047,202303141657,234.00,281.00
LCAS,19960101,99999999,°±¥Î,Castor oil,Castor oil,Castor Oil,PO,ST,ALIM,GI-03-00,¤fªA,ML,Castor Oil,«D²Õ®M,°±¥Î,,¤@¯ë¥i¥Î,¬O,¤£¥i¥ÎÃÄ¥]¾÷,°·«O¤£µ¹¥I,¤@¯ë,Á`¶q¶i¦ì,¾AÀ³¯g:Âm¾¯,,Indication:As laxative.,,¥~ Æ[:¥Õ¦â¶ì½¦²~¸Ë¡A¥Õ¦â¥~¶K¯È¡A¦Ç¦â»\¤l,Appearance:Light yellow liquid.,äú¤ß¹Ã¦R¡A ¸¡³¡µjÅË¡A µÈ®ð¡A ¤Ï¼u©Ê«K¯µ,Nausea & vomiting¡A abdominal cramps¡A flatus¡A rebound constipation,,,,Castor oil,,,§_,¬O,,½Ð¿í·ÓÂå®v«ü¥Ü¨Ï¥Î¡A ­Yµo¥ÍºÃ¦üÃÄª«¤£¨}¤ÏÀ³½Ð§iª¾Âå¥Í,,Follow doctor's advice. Check with doctor if you notice any side effects.,,³Æµù: À³ªÅ¸¡ªA¥Î,Should be taken on an empty stomach,,¤@¯ë,¤@¯ë,Äµ »y:½Ð¿í·ÓÂå®v«ü¥Ü¨Ï¥Î¡A­Yµo¥ÍºÃ¦üÃÄª«¤£¨}¤ÏÀ³½Ð§iª¾Âå¥Í¡C,,,,,§_,1.0,,§_,§_,§_,³æ¤è,§_,¥i¥Î,¥i¥Î,¤£¥i¿i,¬O,,1.00,1.00,60.00,60.00,999,999,1,1,120.00,120.00,0,0,,¦³¹Ï¤ù,,0,,0,,A06AB05,,,,,,,,,ML,§_,¤£µ¹¥I¶·¦Û¥I,¤£µ¹¥I¶·¦Û¥I,,,,§_,Liquid,OIL,,,,,,,,,PH047,202303141657,0,2.00
LCEF,20201215,99999999,¥i¥Î,Cefaclor 25mg/mL¡A 60mL suspension,Cefaclor 25mg/mL¡A 60mL suspension,Cefaclor,PO,TID,QANB,AI-01-02,¤fªA,ML,Cefaclor,«D²Õ®M,¼t°Ó¯Ê³f,,¤@¯ë¥i¥Î,¬O,¥i¥ÎÃÄ¥]¾÷,¥i¥Î,¤@¯ë,Á`¶q¶i¦ì,¾AÀ³¯g:²Óµß©Ê·P¬V,,Indication: Antibiotic for infection.,,¥~ Æ[: 60mL¶ì½¦²~¸Ë,Appearance:60mL plastic bottle,¹L±Ó¤ÏÀ³¡A¸¡Âm¡Aäú¤ß¡A­G³¡¤£¾A,Allergic reactions¡A diarrhea¡A nausea¡A stomach cramps.,,¬Ò¥i¥Î,½çºÖ¼Ö¯À¤fªAÄa²G¥ÎÁû²É25²@§J/²@¤É,Cefaclor 25 mg/mL¡A 60 mL,,,,¬O,,ªw»s«á»Ý§NÂÃ2-8¢XC¡A¥i«O¦s14¤Ñ,,Store at 2-8¢XC after reconstituting for up to 14 days.,,ªw»s¤èªk:¥[¤J38mL§N¤ô«á·n¤Ã.,Add 38 mL cold water into the bottle to reconstituting.,2020.Q4ÃÄ©e·s¶i,¤@¯ë,¤@¯ë,ªw»s«á»Ý§NÂÃ2-8¢XC¡A¥i«O¦s14¤Ñ,,¿}¼ß,0,0,§_,60.0,,§_,¬O,§_,³æ¤è,§_,¥i¥Î,¥i¥Î,¤£¥i¿i,¬O,,0,0,20.00,20.00,10,7,7,7,40.00,40.00,2.00,2.00,,¦³¹Ï¤ù,,0,,0,,J01DC04,,,,,25.00,mg,1000.00,mg,BOT,,°·«Oµ¹¥I,°·«Oµ¹¥I,CEFACLOR,J01DC04,AC40659110,,LiquidSolidSuspension,ORSUSP,,,0,,0,,,,PH049,202309141109,102.00,122.00
LCEN,20081216,99999999,¥i¥Î,Centertheo 60mL (5.34mg/mL) liquid,Centertheo 60mL (5.34mg/mL) liquid,Theophylline,PO,QID,ERSP,RE-01-00,¤fªA,ML,Theophylline,«D²Õ®M,,,¤@¯ë¥i¥Î,¬O,¤£¥i¥ÎÃÄ¥]¾÷,¥i¥Î,¤@¯ë,Á`¶q¶i¦ì,¾AÀ³¯g:¤ä®ðºÞµjÅË,,Indication:Treatment of asthma¡A chronic bronchitis.,,¥~ Æ[:60 mL²~¸Ë¡A ¥Õ¦â¥~»\¡A ÂÅ¦â¥Õ¦â¬Û¶¡¥~¶K¯È,Appearance:60mL plastic bottle.,¤ß¨`¼ö¡A ¤ß¸õ¹L§Ö¡A ÀYµh¡A ±Æ§¿¼W¥[¡A µo§Ý¡A ºÎ¯v»ÙÃª,Heartburn¡A fast heartbeat¡A headache¡A increased urination¡A trembling¡A trouble in,,¬Ò¥i¥Î,¾AÀu³Ý²G60²@¤É,Centertheo liquid 60mL,,,§_,¬O,½Ã±Ð³æ¤­,¨Ï¥Î¥»ÃÄ­Y¦³³y¦¨­G¸z¤£¾A¡A ¥i»P­¹ª«¨ÖªA¨Ã¦h¸É¥R¤ô,,If have stomach upset¡A take with meals and increase water intake.,,­¹ª«¥æ¤¬§@¥Î: ªAÃÄ´Á¶¡Á×§K¶¼­¹§t©@°Ø¦]ªº¶¼®Æ©Î­¹ª«¡C,Food interaction: Avoid food or beverages containing caffeine.,,¤@¯ë,¤@¯ë,Äµ »y:¨Ï¥Î¥»ÃÄ­Y¦³³y¦¨­G¸z¤£¾A¡A¥i»P­¹ª«¨ÖªA¨Ã¦h¸É¥R¤ô,­¹ ­¹ª«¥æ¤¬,,,,§_,60.0,,§_,¬O,§_,³æ¤è,§_,¥i¥Î,¥i¥Î,¤£¥i¿i,¬O,,0,0,30.00,30.00,999,999,0,1,60.00,60.00,5.00,4.00,,¦³¹Ï¤ù,,0,,0,,R03DA04,,,,,,,,,BOT,,°·«Oµ¹¥I,°·«Oµ¹¥I,THEOPHYLLINE,R03DA04,AC44083151,§_,Liquid,ORALSOL,,,,,,,,,PH047,202309251354,25.00,33.00
LCENZ,20120326,99999999,°±¥Î,CenZoft solution 60mL¡A20mg/mL,CenZoft solution 60mL¡A20mg/mL,Sertraline,PO,QD,CNEU,CN-02-04,¤fªA,ML,Zoloft,«D²Õ®M,°±¥Î,,¤@¯ë¥i¥Î,¬O,¤£¥i¥ÎÃÄ¥]¾÷,¥i¥Î,¤@¯ë,Á`¶q¶i¦ì,¾AÀ³¯g:Æ{¯g¡A ±j­¢¯g¡A ®£·W¯g¡A ¸g«e¤£®®¯g¡A ³Ð¶Ë«áÀ£¤O¯g­Ô¸s,,Indication:Treat mental depressive¡A relieve fearful feeling,,¥~ Æ[:60mLÂÅ¥Õ¦â¶ì½¦¥~²~,Appearance:60mL blue/white plastic bottle,¤Ö¦³­G¸z¤£¾A±¡§Î,GI upset,,¬Ò¥i¥Î,¸t¼~´_ ²G,CenZoft solution 60mL¡A20mg/m,,,§_,¬O,,ªAÃÄ«á¡A ¥i¯àµo¥Íµu¼È©Ê·w¯t; ¤Å¶¼°s,,May cause temporary dizziness. Avoid taking with alcohol.,,»Ý¥ý¥HªG¥Ä©Î¤ôµ¥²GÅé½Õ©M«á¥ß§YªA¥Î¡A ¤Å¥ýµ}ÄÀ¦s©ñ,Dilute before use and take immediately.,,¤@¯ë,¤@¯ë,Äµ »y:»Ý¥ý¥HªG¥Ä©Î¤ôµ¥²GÅé½Õ©M«á¥ß§YªA¥Î¡A ¤Å¥ýµ}ÄÀ¦s©ñ,,,0,0,§_,60.0,,§_,§_,§_,³æ¤è,§_,¥i¥Î,¥i¥Î,¤£¥i¿i,¬O,,0,0,5.00,5.00,30,30,1,1,10.00,10.00,0,0,,¦³¹Ï¤ù,,0,,0,,N06AB06,,,,,,,,,BOT,,°·«Oµ¹¥I,°·«Oµ¹¥I,SERTRALINE,N06AB06,AC48686151,§_,Liquid,ORALSOL,,,,,,,,,PH047,202303141657,626.00,751.00
LCET,20121108,99999999,¥i¥Î,Cetirizine 1mg/mL¡A 60mL oral solution,Cetirizine 1mg/mL¡A 60mL oral solution,Cetirizine,PO,HS,HIMM,IM-01-00,¤fªA,ML,Zyrtec,«D²Õ®M,,,¤@¯ë¥i¥Î,¬O,¤£¥i¥ÎÃÄ¥]¾÷,¥i¥Î,¤@¯ë,Á`¶q¶i¦ì,¾AÀ³¯g:¬°§Ü²ÕÂ´ÓiÃÄ¡A ¥Dªv»óª¢¡A ¹L±Ó©Ê»óª¢¡A ëC³Â¯l¡A »ó¶ëµ¥,,Indication:Allergic rhinitis¡A pruritus¡A urticaria.,,¥~ Æ[:µL¦â²GÅé¶ì½¦²~¸Ë,Appearance:Plastic bottle¡A colorless liquid.,©ü©ü±ýºÎ¡A ¤f°®¡A ­Gµh©Îäú¤ß¡A ÀYµh¡A Åé­«¼W¥[,Sleepy; dryness of mouth; stomach pain¡A or nausea; headache; weight gain,,¬Ò¥i¥Î,³Ó§J±Ó²G,Cetirizine 1mg/mL¡A 60mL oral,,,§_,¬O,,³¡¤À¤H¨Ï¥Î«á¥i¯à¤Þ°_¯h­Â¡A µtºÎªº²{¶H,,May cause fatigue¡A sleepiness.,,,,,¤@¯ë,¤@¯ë,Äµ »y:³¡¤À¤H¨Ï¥Î«á¥i¯à¤Þ°_¯h­Â¡BµtºÎªº²{¶H,LA ¥~Æ[¬Û¦ü,,0,0,§_,60.0,,§_,¬O,§_,³æ¤è,§_,¥i¥Î,¥i¥Î,¤£¥i¿i,¬O,,0,0,10.00,10.00,999,999,0,0,10.00,10.00,0.75,0.75,,¦³¹Ï¤ù,,0,,0,,R06AE07,,,,,,,,,BOT,,°·«Oµ¹¥I,°·«Oµ¹¥I,CETIRIZINE,R06AE07,AC44023151,§_,Liquid,ORALSOL,,,,,,,,,PH047,202303141657,28.10,37.00
LCH10,20150122,99999999,°±¥Î,Chloral hydrate 10%¡A 10mL,Chloral hydrate 10%¡A 10mL,Chloral hydrate,,ST,CNEU,CN-02-07,¤fªA,ML,Chlorohydrate,«D²Õ®M,°±¥Î,,¤@¯ë¥i¥Î,¬O,¤£¥i¥ÎÃÄ¥]¾÷,°·«O¤£µ¹¥I,¤@¯ë,Á`¶q¶i¦ì,¾AÀ³¯g:ÂíÀR§@¥Î,,Indication:Sedative & hypnotic,,¥~ Æ[:10mL¶ì½¦²~,Appearance:10mL Little bottle,¨BºA²§±`¡A·NÃÑ¼Ò½k¡AÀY·w¡A¶ÝºÎ¡A¯t·w,Abnormal gait¡A confusion¡A dizziness¡A drowsiness¡A vertigo,,¥u¥Î©óªù¶E¤Î¦í°|STAT,,Chloral hydrate 10%¡A 10mL,,,¬O,¬O,,½Ð¿í·ÓÂå®v«ü¥Ü¨Ï¥Î¡A ­Yµo¥ÍºÃ¦üÃÄª«¤£¨}¤ÏÀ³½Ð§iª¾Âå¥Í,,Follow doctor's advice. Check with doctor if you notice any side effects.,,½Ð¸m©óÄá¤ó 2-8 «×¦B½cÁ×¥ú§NÂÃ,Store in a refrigerator (2-8¢XC).,,¤@¯ë,¤@¯ë,Äµ »y:½Ð¿í·ÓÂå®v«ü¥Ü¨Ï¥Î¡A­Yµo¥ÍºÃ¦üÃÄª«¤£¨}¤ÏÀ³½Ð§iª¾Âå¥Í¡C,Äµ °ªÄµ°T,,0,0,§_,10.0,,§_,§_,§_,³æ¤è,§_,¥i¥Î,¥i¥Î,¤£¥i¿i,§_,,0,0,20.00,20.00,1,1,1,1,30.00,30.00,0,0,,¦³¹Ï¤ù,,0,,0,,N05CC01,,,,,0,,0,,BOT,,¤£µ¹¥I¶·¦Û¥I,¤£µ¹¥I¶·¦Û¥I,,,,§_,Liquid,ORALSOL,,,,,,,,,PH047,202303141657,0,20.00
LCHH10,20170105,99999999,°±¥Î,Chloral hydrate 10%¡A 30mL (±M®×»s³y),Chloral hydrate 10%¡A 30mL (±M®×»s³y),Chloral hydrate,,ST,CNEU,CN-02-07,¤fªA,ML,Chlorohydrate,«D²Õ®M,°±¥Î,,¤@¯ë¥i¥Î,¬O,¤£¥i¥ÎÃÄ¥]¾÷,°·«O¤£µ¹¥I,¤@¯ë,Á`¶q¶i¦ì,¾AÀ³¯g:ÂíÀR§@¥Î,,Indication:Sedative & hypnotic,,¥~ Æ[:30mL¤p²~,Appearance:30mL plastic bottle,¨BºA²§±`¡A·NÃÑ¼Ò½k¡AÀY·w¡A¶ÝºÎ¡A¯t·w,Abnormal gait¡A confusion¡A dizziness¡A drowsiness¡A vertigo,,¥u¥Î©óªù¶E¤Î¦í°|STAT,ÑÔ¼wChloral hydrate 10%¡A 30mL,Chloral hydrate 10%¡A 30mL,,,¬O,¬O,,½Ð¿í·ÓÂå®v«ü¥Ü¨Ï¥Î¡A ­Yµo¥ÍºÃ¦üÃÄª«¤£¨}¤ÏÀ³½Ð§iª¾Âå¥Í,,Follow doctor's advice. Check with doctor if you notice any side effects.,,Á×¥ú¡B±K«ÊÀx¦s©óÄá¤ó25«×¥H¤U¡AÁ×§K«Äµ£®³¨ú¡C,Storage: Protect from light¡A < 25¢XC. Keep out of reach of children.,105-3ÃÄ©e·|³q¹L¡A©e°UÑÔ¼wÃÄ¼t±M®×»s³y,¤@¯ë,¤@¯ë,Äµ »y:½Ð¿í·ÓÂå®v«ü¥Ü¨Ï¥Î¡A­Yµo¥ÍºÃ¦üÃÄª«¤£¨}¤ÏÀ³½Ð§iª¾Âå¥Í¡C,Äµ °ªÄµ°T,,0,0,§_,30.0,,¬O,§_,§_,³æ¤è,§_,°±¥Î,°±¥Î,¤£¥i¿i,¬O,,0,0,20.00,20.00,1,1,1,1,30.00,30.00,0.50,0.50,,¦³¹Ï¤ù,,0,,0,,N05CC01,,,,,0,,0,,BOT,,¤£µ¹¥I¶·¦Û¥I,¤£µ¹¥I¶·¦Û¥I,,,,§_,Liquid,ORALSOL,,,,,,,,,PH047,202303141657,0,151.00
LCLO,20200610,99999999,¥i¥Î,Clodrin 100mg/mL¡A 30mL oral solution,Clodrin 100mg/mL¡A 30mL oral solution,Chloral hydrate,PO,ASORDER,CNEU,CN-02-07,¤fªA,ML,Chlorohydrate,«D²Õ®M,,,¤@¯ë¥i¥Î,¬O,¤£¥i¥ÎÃÄ¥]¾÷,°·«O¤£µ¹¥I,¤@¯ë,Á`¶q¶i¦ì,¾AÀ³¯g:¨àµ£ÀË¬d«e¤§ÂíÀR,,Indication: sedation for the non-painful procedure for child,,¥~ Æ[:30mL¶ì½¦²~,Appearance:30mL plastic bottle,äú¤ß¡A¹Ã¦R¡A¸¡Âm¡AµÈ®ð,Nausea¡A vomiting¡A diarrhea¡A flatulence,,¥u¥Î©óªù¶E¤Î¦í°|STAT,"ÑÔ¼w" ¥i«ßÀR¤ºªA²G¾¯,Clodrin 100mg/mL¡A 30mL oral,,,¬O,¬O,,¥»«~¬°¤fªA¨Ï¥Î¡A½ÐÁ×§K¨zªùµ¹ÃÄ.,,This medicine is for oral use. Avoid anal administration.,,Àx¦s·Å«×: 25¢J¡A¶}«Ê«á30 ¤Ñ¥¼¨Ï¥Î§¹À³¥á±ó¡C,Storage at 25¢J.Should not be used longer than 30 days after opened.,2020Q2ÃÄ©e·s¶i,¤@¯ë,¤@¯ë,¥»«~¬°¤fªA¨Ï¥Î¡C½ÐÁ×§K¨zªùµ¹ÃÄ¡C,Äµ °ªÄµ°T,,0,0,§_,30.0,,§_,¬O,§_,³æ¤è,§_,°±¥Î,°±¥Î,¤£¥i¿i,¬O,,0,0,20.00,20.00,1,1,1,1,20.00,20.00,0,0,,¦³¹Ï¤ù,,0,,0,,N05CC01,,,,,0,,0,,BOT,,¤£µ¹¥I¶·¦Û¥I,¤£µ¹¥I¶·¦Û¥I,,,,§_,Liquid,ORALSOL,,,0,,0,mL,,,127269,202302271147,0,302.00
LCOFS,19960101,99999999,¥i¥Î,Cough mixture 120mL,Cough mixture 120mL,Platycodon Fluid Extract,PO,QID,ERSP,RE-05-02,¤fªA,ML,Cofsolin,«D²Õ®M,,,¤@¯ë¥i¥Î,¬O,¤£¥i¥ÎÃÄ¥]¾÷,,¤@¯ë,Á`¶q¶i¦ì,¾AÀ³¯g:Âí«y¡A ¤Æ·ð¤§¥Î,,Indication:Treatment of cough.,,¥~ Æ[:²`¦â²GÅé²~¸Ë¡A ¥Õ¦â¥~»\,Appearance:Plastic bottle¡A black liquid.,»~­¹¹L¶q½Ð¿Ô¸ßÂå®v,In case of accidental overdose¡A see professional assistance immediately.,,,Âí«y×¶·ð²G,Cough mixture 120mL,,,§_,¬O,,¬°Á×§KÃÄ®Ä¤£§¡¡A ¨Ï¥Î«e½Ð°È¥²¥R¤À·n¤Ã,,Shaking well before using.,,,,,¤@¯ë,¤@¯ë,Äµ »y:¬°Á×§KÃÄ®Ä¤£§¡¡A ¨Ï¥Î«e½Ð°È¥²¥R¤À·n¤Ã,,,,,§_,120.0,,§_,¬O,§_,³æ¤è,§_,¥i¥Î,¥i¥Î,¤£¥i¿i,¬O,,0,0,20.00,20.00,999,999,0,1,80.00,80.00,3.00,2.00,,¦³¹Ï¤ù,,0,,0,,R05CA92,,,,,,,,,BOT,§_,°·«Oµ¹¥I,°·«Oµ¹¥I,PLATYCODON,R05CA92,A030862157,§_,Liquid,ORALSOL,,,,,,,,,PH047,202303141657,23.00,30.00
LCUR,20150116,99999999,¥i¥Î,Curam Äa¯B²G 312.5mg/5mL¡A 60mL,Curam susp 312.5mg/5mL¡A 60mL,Amoxicillin + Clavulanic Acid,AC,TID,QANB,AI-01-01,¤fªA,ML,Augmentin,«D²Õ®M,¼t°Ó¯Ê³f,LAUG3,¤@¯ë¥i¥Î,¬O,¤£¥i¥ÎÃÄ¥]¾÷,¥i¥Î,¤@¯ë,Á`¶q¶i¦ì,¾AÀ³¯g:²Óµß©Ê·P¬V,,Indication: Antibiotic for infection.,,¥~ Æ[:¬Á¼þ²~¸Ë¡A¥Õ¦â¥~»\¡A ´Ä¦â²~¨­,Appearance: Dark glass container.,»´·L¸¡Âm¡A ÀYµh¡A ­Gµh¡A ¸¡µÈ¡A ´HÅ¸,Diarrhea (mild)¡A hedache¡A stomach pain¡A swelling of abdomen¡A chills.,,¬Ò¥i¥Î,¿Õ§Ö¹ç¤fªAÄa²G¥Î¯»¾¯,Curam suspension 312.5mg/5mL,,,,¬O,,½Ð¥H§N¶}¤ô½Õ¤Ã¦Ü²~¨­Àô¨è«×³B¡A¥[¤ô«áÀ³§NÂÃ¨Ã©ó¥Î«e·n¤Ã,,Add cold water into the bottle to ring mark. Shake well before using.,,°t»s¦nªºÄa¯B²G¥²¶·§NÂÃ(2-8¢J)¡A¨Ã¦b7¤é¤º¥Î§¹¡C,After dispensing¡A must be stored in the refrigerator (2-8¢J).,,¤@¯ë,¤@¯ë,Äµ »y:½Ð¥H§N¶}¤ô½Õ¤Ã¦Ü½bÀY¼Ð½u³B¡A¥[¤ô«áÀ³§NÂÃ¨Ã©ó¥Î«e·n¤Ã,,,0,0,§_,60.0,,§_,¬O,§_,½Æ¤è,§_,¥i¥Î,¥i¥Î,¤£¥i¿i,¬O,,0,0,10.00,10.00,7,7,0,1,30.00,30.00,2.20,1.10,,¦³¹Ï¤ù,,0,,0,,J01CR02,J01CA04,,,,3.75,g,1.00,g,BOT,§_,°·«Oµ¹¥I,°·«Oµ¹¥I,AMOXICILLIN 50MG/ML + CLAVULANIC ACID 12.5MG/ML,J01CR02,BC22931116,§_,Liquid,SYRUP,,,,,,,,,PH047,202403081054,70.00,88.00
LCYP,20120924,99999999,¥i¥Î,Cypromin solution 0.4mg/mL¡A 60mL,Cypromin solution 0.4mg/mL¡A 60mL,Cyproheptadine,PO,TID,HIMM,IM-01-00,¤fªA,ML,Periactin,«D²Õ®M,,,¤@¯ë¥i¥Î,¬O,¤£¥i¥ÎÃÄ¥]¾÷,,¤@¯ë,Á`¶q¶i¦ì,¾AÀ³¯g:¬°§Ü²ÕÂ´ÓiÃÄ¡Aªv¹L±Ó©Ê»óª¢¡BëC³Â¯l¡B»ó¶ë¡B¥i«P¶i­¹¼¤,,Indication:Symptomatic relief of allergic conditions,,¥~ Æ[:µL¦â²GÅé¶ì½¦²~¸Ë,Appearance:Plastic bottle¡A colorless liquid.,©ü©ü±ýºÎ¡A ¤f°®¡A ­Gµh©Îäú¤ß¡A ÀYµh¡A Åé­«¼W¥[,Sleepy¡A dryness of mouth¡A stomach pain¡A or nausea¡A headache¡A weight gain,,¬Ò¥i¥Î,§Æ´¶§Q±Ó²G,Cypromin soln 0.4mg/mL¡A 60mL,,,§_,¬O,,³¡¤À¤H¨Ï¥Î«á¥i¯à¤Þ°_¯h­Â¡BµtºÎªº²{¶H,,May cause fatigue¡A sleepiness.,,,,,¤@¯ë,¤@¯ë,Äµ »y:³¡¤À¤H¨Ï¥Î«á¥i¯à¤Þ°_¯h­Â¡BµtºÎªº²{¶H,LA ¥~Æ[¬Û¦ü,,0,0,§_,60.0,,§_,¬O,§_,³æ¤è,§_,¥i¥Î,¥i¥Î,¤£¥i¿i,¬O,,0,0,10.00,10.00,999,999,0,1,30.00,30.00,1.50,0.50,,¦³¹Ï¤ù,,0,,0,,R06AX02,,,,,,,,,BOT,,°·«Oµ¹¥I,°·«Oµ¹¥I,CYPROHEPTADINE,R06AX02,AC43588151,§_,Liquid,ORALSOL,,,,,,,,,PH006,202401311540,25.00,33.00
LDEP,19960101,99999999,¥i¥Î,Depakine oral solution 200mg/mL¡A 40mL,Depakine oral solution 200mg/mL¡A 40mL,Valproate Sodium,PO,TID,CNEU,CN-03-01,¤fªA,ML,Depakine,«D²Õ®M,,,¤@¯ë¥i¥Î,¬O,¤£¥i¥ÎÃÄ¥]¾÷,,¤@¯ë,Á`¶q¶i¦ì,¾AÀ³¯g:Åöíw¡A Ä¼¯f¡A ¹w¨¾Ä¼Æ{¯g¤Î±¡ºüÃ­©w,,Indication:Control seizure attacks¡A mood stabilizers.,,¥~ Æ[:²`½Å¦â¬Á¼þ²~¸Ë¡A ¥Õ¦â¥~»\¡A ¥Õ¦â¥~¶K¯È,Appearance:White box.,¤ë¸g¶g´Á§ïÅÜ¡A ¸¡Âm¡A ±¼¾v¡A ¤âµo§Ý¡A ¶ÝºÎ¡A Åé­«§ïÅÜ,Menstrual change; diarrhea; hair loss; tremor; somnolence¡A weight change,,,«Ò©ÞÅö¤fªA²G,Depakin soln 200mg/mL¡A 40mL,,,¬O,¬O,,ªAÃÄ«á¡A ½Ð¤p¤ß¶}¨®©Î¾Þ§@¦MÀI¾÷±ñ,¤ºªþ±M¥ÎÃÄºÞ¡A ½Ðµ¹ÃÄªÌ°È¥²¯d·N¥¿½T¨è«×³æ¦ì»P¨Ï¥Î¾¯¶q,Use caution in driving or operating machinery.,Note the administration's correct units and dose by special cartridge In package,½Ð»PÂåÀø¤H­û°Q½×¨|ÄÖ°ü¤kªºÃÄª«®Ä¯q»P­L¨àªº¼ÉÅS­·ÀI,Carefully assess benefits in women of childbearing age and fetal exposure risks.,,¤@¯ë,¤@¯ë,Äµ »y¡GªAÃÄ«á¡A½Ð¤p¤ß¶}¨®©Î¾Þ§@¦MÀI¾÷±ñ,,¤fªA²G,,,§_,40.0,,§_,¬O,§_,³æ¤è,§_,¥i¥Î,¥i¥Î,¤£¥i¿i,¬O,,1.00,1.00,6.00,6.00,999,999,0,1,30.00,30.00,0.75,0.40,,¦³¹Ï¤ù,,0,,0,,N03AG01,,,,,0.20,g,1.50,g,BOT,§_,°·«Oµ¹¥I,°·«Oµ¹¥I,VALPROIC ACID,N03AG01,BC14902145,§_,Liquid,ORALSOL,¦M®`¤G¯Å(¡I),,,,,,,,PH047,202305171801,165.00,198.00
LDIG,19960101,99999999,°±¥Î,Digosin ÔA¾¯ 0.05mg/mL,Digosin ÔA¾¯ 0.05mg/mL,Digoxin,PO,,CAVS,CV-01-01,¤fªA,ML,Digoxin,«D²Õ®M,°±¥Î,LCAR,¤@¯ë¥i¥Î,¬O,¤£¥i¥ÎÃÄ¥]¾÷,,¤@¯ë,Á`¶q¶i¦ì,¾AÀ³¯g:¤ßÅ¦¯e¯f¡A½ÐÁ×¥úÀx¦s,,,,,,,,,,,Digosin ÔA¾¯ 0.05mg/mL,,,§_,¬O,,,,,,,,,¤@¯ë,¤@¯ë,Äµ »y:½Ð¿í·ÓÂå®v«ü¥Ü¥ÎÃÄ¡A¤Å¦Û¦æ§ó§ï¾¯¶q©Î¥ÎÃÄ®É¶¡¡C,,,,,§_,1.0,,§_,§_,§_,³æ¤è,§_,°±¥Î,¥i¥Î,¤£¥i¿i,¬O,,1.00,1.00,999.00,999.00,999,999,1,1,0,0,0,0,,µL¹Ï¤ù,,0,,0,,,,,,,,,,,CC,§_,°·«Oµ¹¥I,°·«Oµ¹¥I,DIGOXIN,C01AA05,B019778199,§_,Liquid,ELIXIR,,,,,,,,,PH047,202303141658,0.90,3.00
LDUP,19960101,99999999,°±¥Î,Duphalac 300mL(667mg/mL) oral solution,Duphalac 300mL(667mg/mL) oral solution,Lactulose,PO,TID,ALIM,GI-03-00,¤fªA,ML,Duphalac,«D²Õ®M,°±¥Î,LDUP5,¤@¯ë¥i¥Î,§_,¤£¥i¥ÎÃÄ¥]¾÷,¥i¥Î,¤@¯ë,Á`¶q¶i¦ì,¾AÀ³¯g:ºC©Ê«K¯µ¡A ¨x©ü°g¡A ¨x¸£¯fÅÜ,,Indication:Constipation¡A hepatic coma¡A encephalopathy,,¥~ Æ[: ²H¶À¦â¼á²M²GÅé¡A300mL¶ì½¦²~,Appearance: Plastic bottle¡A light yellow liquid.,ÄY­«¸¡Âm,Severe diarrhea,,¬Ò¥i¥Î,¨È°ö§ù¤Æ²G,Duphalac 300mL(667mg/mL) ora,,,§_,¬O,,½Ð¨Ì·Ó«ü¥Ü´Á­­¤º¨Ï¥Î¡A «ØÄ³ÃÄ«~¶}«Ê¤@­Ó¤ë«á¤£À³¦A¥Î,,Follow doctor's advice. Use within one month after opening package.,,,,,¤@¯ë,¤@¯ë,Äµ »y:½Ð¨Ì·Ó«ü¥Ü´Á­­¤º¨Ï¥Î¡A«ØÄ³ÃÄ«~¶}«Ê¤@­Ó¤ë«á¤£À³¦A¥Î,,,,,§_,300.0,,§_,¬O,§_,³æ¤è,§_,¥i¥Î,¥i¥Î,¤£¥i¿i,¬O,,0,0,30.00,300.00,999,999,0,1,180.00,300.00,0,0,,¦³¹Ï¤ù,,0,,0,,A06AD11,,,,,,,,,BOT,§_,°·«Oµ¹¥I,°·«Oµ¹¥I,LACTULOSE,A06AD11,BC25302166,§_,Liquid,ORALSOL,,,,,,,,,PH006,202212150959,95.00,119.00
LDUP5,20201215,99999999,¥i¥Î,500mL DUPHALAC(667mg/mL) oral solution,Duphalac 500mL(667mg/mL) oral solution,Lactulose,PO,TID,ALIM,GI-03-00,¤fªA,ML,Duphalac,«D²Õ®M,,LDUP,¤@¯ë¥i¥Î,¬O,¤£¥i¥ÎÃÄ¥]¾÷,¥i¥Î,¤@¯ë,Á`¶q¶i¦ì,¾AÀ³¯g:ºC©Ê«K¯µ¡A ¨x©ü°g¡A ¨x¸£¯fÅÜ,,Indication:Constipation¡A hepatic coma¡A encephalopathy,,¥~ Æ[: ²H¶À¦â¼á²M²GÅé¡A500mL¶ì½¦²~,Appearance: 500mL plastic bottle¡A light yellow liquid.,ÄY­«¸¡Âm,Severe diarrhea,,¬Ò¥i¥Î,¨È°ö§ù¤Æ²G,Duphalac 500mL(667mg/mL),,,,¬O,,¥»«~¥]§t¨Å¿}¡A¥b¨Å¿}¡AªG¿}. ¤£­@¯f±w½Ð¤p¤ß¨Ï¥Î,,Contains galactose¡A lactose¡A and fructose.,Use with caution in intolerant patients.,½Ð¨Ì·Ó«ü¥Ü´Á­­¤º¨Ï¥Î¡A «ØÄ³ÃÄ«~¶}«Ê¤@­Ó¤ë«á¤£À³¦A¥Î,Follow doctor's advice. Use within one month after opening package.,2020.Q4ÃÄ©e·s¶i,¤@¯ë,¤@¯ë,Äµ »y:½Ð¨Ì·Ó«ü¥Ü´Á­­¤º¨Ï¥Î¡A«ØÄ³ÃÄ«~¶}«Ê¤@­Ó¤ë«á¤£À³¦A¥Î,,,0,0,§_,500.0,,§_,¬O,§_,³æ¤è,§_,¥i¥Î,¥i¥Î,¤£¥i¿i,¬O,,0,0,30.00,300.00,999,999,0,1,180.00,300.00,1.50,0.50,,¦³¹Ï¤ù,,0,,0,,A06AD11,,,,,0,,0,,BOT,,°·«Oµ¹¥I,°·«Oµ¹¥I,LACTULOSE,A06AD11,BC25302177,§_,Liquid,ORALSOL,,,0,,0,,,,PH047,202302231432,149.00,179.00
LEUF,20030623,99999999,°±¥Î,Eufan 2.5mg/mL¡A 120mL,Eufan 2.5mg/mL¡A 120mL,Dimemorfan Phosphate,PO,,ERSP,RE-05-02,¤fªA,ML,,«D²Õ®M,°±¥Î,,¤@¯ë¥i¥Î,¬O,¤£¥i¥ÎÃÄ¥]¾÷,¥i¥Î,¤@¯ë,Á`¶q¶i¦ì,¾AÀ³¯g:Âí«y,,,,,,,,,¬Ò¥i¥Î,Àu³ï·»²G,Eufan 2.5mg/mL¡A 120mL,,,§_,¬O,,,,,,,,,¤@¯ë,¤@¯ë,Äµ »y:½Ð¨Ì·Ó«ü¥Ü´Á­­¤º¨Ï¥Î¡A«ØÄ³ÃÄ«~¶}«Ê¤@­Ó¤ë«á¤£À³¦A¥Î,,,,,§_,120.0,,§_,§_,§_,³æ¤è,§_,¥i¥Î,¥i¥Î,¥i¿i,¬O,,1.00,1.00,20.00,20.00,99,99,1,1,0,0,0,0,,µL¹Ï¤ù,,0,,0,,,,,,,,,,,BOT,,°·«Oµ¹¥I,°·«Oµ¹¥I,DIMEMORFAN,R05DA11,AC44509157,§_,Liquid,ORALSOL,,,,,,,,,PH047,202303141658,39.00,51.00
LEXD,20231019,99999999,¥i¥Î,Exdila liquid 5mcg/mL¡A 60mL,Exdila liquid 5mcg/mL¡A 60mL,Procaterol,PO,BID,ERSP,RE-01-00,¤fªA,ML,Meptin,«D²Õ®M,°±¥Î,,¤@¯ë¥i¥Î,¬O,¤£¥i¥ÎÃÄ¥]¾÷,¥i¥Î,¤@¯ë,Á`¶q¶i¦ì,¾AÀ³¯g:¤ä®ðºÞ®ð³Ý¡BºC©Ê¤ä®ðºÞª¢¡B®ð¹D³¬¶ë¡C,,Indication: Asthma¡A chronic bronchitis¡A airway obstruction.,,¥~ Æ[: 60²@¤É¶ì½¦¤p²~,Appearance: 60-mL plastic bottle.,°¸¦³¤ß±ª¡B¤ß¸õ§Ö³t¡BÀYµh¡C,Occasional palpitations¡A tachycardia¡A headache.,,¬Ò¥i¥Î,³Ý¸Ñ²G 5·L¤½§J/²@¤É,Exdila liquid 5mcg/mL¡A 60mL,,,§_,¬O,,½Ð¿í·ÓÂå®v«ü¥Ü¥ÎÃÄ¡A¤Å¦Û¦æ§ó§ï¾¯¶q©Î¥ÎÃÄ®É¶¡¡C,±K«ÊÀx¦s©ó25¢J¥H¤UÁ×§K¶§¥úª½®g¡A¤£¶·§NÂÃ¡C,Follow doctor's orders for meds. Do not alter or stop without consultation.,Store below 25¢XC¡A avoid sunlight¡A no refrigeration.,¥Òª¬¸¢¾÷¯à¤®¶i¡B°ª¦åÀ£¡B¤ßÅ¦¯e¯f¡B¿}§¿¯f±wªÌ¡B¥¥°üÀ³ÂÔ·V¨Ï¥Î¡C,Caution for hyperthyroidism¡A hypertension¡A heart disease¡A diabetes & pregnancy.,202310 Meptin Liquid ¯Ê³f´À¥N,¤@¯ë,¤@¯ë,Äµ »y:½Ð¿í·ÓÂå®v«ü¥Ü¥ÎÃÄ¡A¤Å¦Û¦æ§ó§ï¾¯¶q©Î¥ÎÃÄ®É¶¡¡C,,,0,0,§_,60.0,,§_,¬O,§_,³æ¤è,§_,¥i¥Î,¥i¥Î,¤£¥i¿i,¬O,,0,0,10.00,10.00,999,999,0,1,20.00,20.00,0.80,0.40,,µL¹Ï¤ù,,0,,0,,R03CC08,,,,,5.00,mcg,100.00,mcg,BOT,,°·«Oµ¹¥I,°·«Oµ¹¥I,PROCATEROL,R03CC08,AB44482151,§_,Liquid,ORALSOL,,,0,,0,mL,,,PH047,202311131128,33.90,44.00
LFERH,19960101,99999999,¥i¥Î,Ferrum hausmann 50mg/20drops/mL¡A30mL,Ferrum hausmann 50mg/20drops/mL¡A30mL,Ferric Hydroxide Polymaltose Complex,PO,QD,NUTR,NU-01-00,¤fªA,ºw,Ferrum,«D²Õ®M,,,¤@¯ë¥i¥Î,¬O,¤£¥i¥ÎÃÄ¥]¾÷,,¤@¯ë,Á`¶q¶i¦ì,¾AÀ³¯g:¯ÊÅK©Ê³h¦å,,Indication:Treatment of Fe deficiency anemia,,¥~ Æ[:¬õ¥Õ¬Û¶¡¥~¥]¸Ë,Appearance:Red/white box,­Gµ±µh,Stomach pain or cramp,,¬Ò¥i¥Î,´IÅK¦nºw¾¯,Ferrum hausmann drops 30mL,,,§_,¬O,,½ÐÀx¦s©ó30¢J¥H¤U­ì¥]¸Ë«O¦s¡A¶}²~«á3­Ó¤ë¤º¨Ï¥Î§¹²¦.,¥i¥[¤JªG¥Ä¡B½­µæ¥Ä©Î¤û¥¤¤¤¤@°_ªA¥Î¡C,Stored in the original packaging below 30¢J.used within 3 months after opening.,Could be taken with fruit juice¡A vegetable juice¡A or milk.,·|³y¦¨ÃC¦â§ïÅÜ¡A¦ý¤£·|¼vÅTÀø®Ä,It will cause color changes¡A but not affect the efficacy.,,¤@¯ë,¤@¯ë,½ÐÀx¦s©ó30¢J¥H¤U­ì¥]¸Ë«O¦s¡A¶}²~«á3­Ó¤ë¤º¨Ï¥Î§¹²¦.¥i¥[¤JªG¥Ä¡B½­µæ¥Ä©Î¤û¥¤¤¤¤@°_ªA¥Î¡C,,,,,§_,600.0,,§_,¬O,§_,³æ¤è,§_,°±¥Î,°±¥Î,¤£¥i¿i,¬O,,1.00,1.00,120.00,120.00,999,999,0,1,120.00,120.00,0,0,,¦³¹Ï¤ù,,0,,0,,B03AB04,,,,,,,,,BOT,§_,¤£µ¹¥I¶·¦Û¥I,¤£µ¹¥I¶·¦Û¥I,,,,§_,AdministrableDrugForm,ORDROP,,,,,,,,,PH047,202303141658,0,600.00
LFUL,20180315,99999999,¥i¥Î,Fulisay oral solution 45mL (°·¶E±M¥Î),Fulisay oral solution 45mL (°·¶E±M¥Î),Sodium Phosphate,PO,,ALIM,GI-03-00,¤fªA,BOT,Phospho-Soda,«D²Õ®M,°±¥Î,,³æ¦ìÁ{±Ä,¬O,¥i¥ÎÃÄ¥]¾÷,°·«O¤£µ¹¥I,¤£¦LÃÄÅÒ,Á`¶q¶i¦ì,¾AÀ³¯g:½w¸Ñ«K¯µ©ÎÀË¬d«e¤§¸zÄé¬~,,Indication:Relief of occasional constipation.,,¥~ Æ[:²~¸Ë 45 mL ¼á²M³z©ú²G,Appearance:Plastic bottle¡A colorless liquid,¸¡µÈ¡B¸¡µh¡Bäú¤ß¡B¹Ã¦R,Bloating¡A abdominal pain¡A nausea¡A vomiting,,¥u¥Î©óªù¶E¤Î¦í°|STAT,´I§QÂm¤ºªA²G,Fulisay 45mL (°·¶E±M¥Î),,,,¬O,,½ÐªA¥Î«á¾¨¥i¯à¦h³Ü¤ô¡A ­Y¦³¥X¦å©Î¥¼±Æ«K½Ð§Y°±ÃÄ¨Ã¦^¶E,,Drink plenty of fluids while you are using the medicine.,,,,°·¶E¤¤¤ß³æ¦ìÁ{±Ä,¤@¯ë,¤@¯ë,Äµ »y:½ÐªA¥Î«á¾¨¥i¯à¦h³Ü¤ô¡A­Y¦³¥X¦å©Î¥¼±Æ«K½Ð§Y°±ÃÄ¨Ã¦^¶E,,,0,0,§_,1.0,,§_,¬O,§_,³æ¤è,§_,°±¥Î,°±¥Î,¤£¥i¿i,§_,,1.00,1.00,1.00,1.00,999,999,1,1,1.00,1.00,0,0,,¦³¹Ï¤ù,,0,,0,,A06AD17,,,,,0,,0,,BOT,§_,¤£µ¹¥I¶·¦Û¥I,¤£µ¹¥I¶·¦Û¥I,,,,§_,Liquid,ORALSOL,,,0,,0,,,,PH047,202303241537,0,180.00
LFUM,20180727,99999999,¥i¥Î,Fumide solution 10mg/mL¡A 120mL,Fumide solution 10mg/mL¡A 120mL,Furosemide,PO,,CAVS,CV-03-02,¤fªA,ML,Lasix,«D²Õ®M,Á{±ÄÃÄ¡A½Ð³qª¾ÃÄ§½¥~ÁÊ,,¥»°|Á{±Ä²M³æ,¬O,¤£¥i¥ÎÃÄ¥]¾÷,¥i¥Î,¤@¯ë,Á`¶q¶i¦ì,¾AÀ³¯g:§Q§¿©Ê­°¦åÀ£ÃÄ,,Indication:Treatment of hypertension¡A edema,,¥~ Æ[:Á×¥ú¥~²~¡A¥Õ¦â¥~»\,Appearance:Dark brown bottle.,¤f°® ¡A µø¤O¼Ò½k¡A ÀYµh¡A ­G¤£¾A,Dry mouth¡A blurred vision¡A headache¡A stomach cramps or pain,,¬Ò¥i¥Î,ºÖº¡¤ºªA²G¾¯10¤½µ·/¤½¼¼,Fumide solution 10mg/mL,,,¬O,¬O,,½ÐÁ×§K©ó±µªñ´N¹ì®ÉªA¥Î,,Taking the drug in the evening is not recommended.,,,,,¤@¯ë,¤@¯ë,Äµ »y:½ÐÁ×§K©ó±µªñ´N¹ì®ÉªA¥Î,,¤fªA²G,0,0,§_,120.0,,§_,¬O,§_,³æ¤è,§_,¥i¥Î,¥i¥Î,¤£¥i¿i,¬O,,0,0,60.00,60.00,999,999,1,1,60.00,60.00,0.60,0.60,,¦³¹Ï¤ù,,0,,0,,C03CA01,,,,,0,,0,,BOT,,°·«Oµ¹¥I,°·«Oµ¹¥I,FUROSEMIDE,C03CA01,AB44046157,,Liquid,ORALSOL,,,0,,0,mL,,,PH034,202212011549,194.00,233.00
LGAS0,19960101,99999999,°±¥Î,Gascon drop 20mg/mL,Gascon drop 20mg/mL,Simethicone,PO,,ALIM,GI-06-00,¤fªA,ML,Gascon,«D²Õ®M,°±¥Î¡A¥i¬dÃþ¦üÃÄ,,¤@¯ë¥i¥Î,¬O,¤£¥i¥ÎÃÄ¥]¾÷,,¤@¯ë,Á`¶q¶i¦ì,¾AÀ³¯g:­G¸zµÈ®ð,,,,,,,,,,,Gascon drop 20mg/mL,,,§_,¬O,,,,,,,,,¤@¯ë,¤@¯ë,Äµ »y:½Ð¿í·ÓÂå®v«ü¥Ü¨Ï¥Î¡A­Yµo¥ÍºÃ¦üÃÄª«¤£¨}¤ÏÀ³½Ð§iª¾Âå¥Í¡C,,,,,§_,1.0,,§_,§_,§_,³æ¤è,§_,¥i¥Î,¥i¥Î,¤£¥i¿i,¬O,,1.00,1.00,999.00,999.00,999,999,1,1,0,0,0,0,,µL¹Ï¤ù,,0,,0,,,,,,,,,,,CC,§_,¥Ó³ø¤£­p»ù,¥Ó³ø¤£­p»ù,,,,§_,AdministrableDrugForm,ORDROP,,,,,,,,,PH047,202303141658,0,6.00
LGASC,19960101,99999999,°±¥Î,Gascon drop 20mg/mL,Gascon drop 20mg/mL,Simethicone,PO,,ALIM,GI-06-00,¤fªA,ML,Gascon,«D²Õ®M,°±¥Î¡A¥i¬dÃþ¦üÃÄ,,¤@¯ë¥i¥Î,¬O,¤£¥i¥ÎÃÄ¥]¾÷,°·«O¤£µ¹¥I,¤@¯ë,Á`¶q¶i¦ì,¾AÀ³¯g:­G¸zµÈ®ð,,Indication:Relief of meteorism & abdominal flatulence.,,¥~ Æ[:¥Õ¦â¶ì½¦²~¸Ë¡A ¥Õ¦â¥~»\,,¤j¾¯¶q·|¤Þ°_¸z­G¤£¾A,GI complaints at high doses.,,¥u¥Î©óªù¶E¤Î¦í°|STAT,¥Ë´µ±d²G¾¯,Gascon drop 20mg/mL,,,§_,¬O,,:½Ð¨Ì·Ó«ü¥Ü´Á­­¤º¨Ï¥Î¡A «ØÄ³ÃÄ«~¶}«Ê¤@­Ó¤ë«á¤£À³¦A¥Î,,Follow doctor's advice. Use within one month after opening package.,,,,,¤@¯ë,¤@¯ë,Äµ »y:½Ð¨Ì·Ó«ü¥Ü´Á­­¤º¨Ï¥Î¡A«ØÄ³ÃÄ«~¶}«Ê¤@­Ó¤ë«á¤£À³¦A¥Î,,,,,§_,1.0,,§_,§_,§_,³æ¤è,§_,¥i¥Î,¥i¥Î,¤£¥i¿i,¬O,,1.00,1.00,5.00,5.00,99,99,1,1,0,0,0,0,,¦³¹Ï¤ù,,0,,0,,A03AX13,,,,,,,,,CC,§_,¤£µ¹¥I¶·¦Û¥I,¤£µ¹¥I¶·¦Û¥I,,,,§_,AdministrableDrugForm,ORDROP,,,,,,,,,PH047,202303141658,0,6.00
LGEL,19960101,99999999,°±¥Î,Gelfos 20gm/pk,Gelfos 20gm/pk,Colloidal Aluminum Phosphate,PO,,ALIM,GI-01-01,¤fªA,PK,Gelfos,«D²Õ®M,°±¥Î¡A¥i¬dÃþ¦üÃÄ,,¤@¯ë¥i¥Î,¬O,¤£¥i¥ÎÃÄ¥]¾÷,±ø¥ó¤Uµ¹¥I,¤@¯ë,Á`¶q¶i¦ì,¾AÀ³¯g:­G»Ä¹L¦h¡B­G©Î¤Q¤G«ü¸z¼ìºÅ,,,,,,,,,,¦N­GºÖ¾A¾®½¦,Gelfos 20gm/pk,,,§_,¬O,,,,,,,,,¤@¯ë,¤@¯ë,Äµ »y:½Ð¿í·ÓÂå®v«ü¥Ü¨Ï¥Î¡A­Yµo¥ÍºÃ¦üÃÄª«¤£¨}¤ÏÀ³½Ð§iª¾Âå¥Í¡C,,,,,§_,1.0,,§_,§_,§_,³æ¤è,§_,¥i¥Î,¥i¥Î,¤£¥i¿i,¬O,,1.00,1.00,999.00,999.00,999,999,1,1,0,0,0,0,,µL¹Ï¤ù,,0,,0,,,,,,,,,,,PK,§_,¤£µ¹¥I¶·¦Û¥I,¤£µ¹¥I¶·¦Û¥I,,,,§_,LiquidSolidSuspension,ORSUSP,,,,,,,,,PH047,202303141658,0,13.00
LHAL,19960101,99999999,°±¥Î,Haldol drops 2mg/mL¡A 15 mL,Haldol drops 2mg/mL¡A 15 mL,Haloperidol,PO,,CNEU,CN-02-01,¤fªA,ºw,Haldol,«D²Õ®M,°±¥Î,LHALD,¤@¯ë¥i¥Î,¬O,¤£¥i¥ÎÃÄ¥]¾÷,,¤@¯ë,Á`¶q¶i¦ì,¾AÀ³¯g:äú¤ß¹Ã¦R©Îºë¯«»ÙÃª¤§ªvÀø,,,,,,,,,,¦n«×²G,Haldol drops 2mg/mL¡A 15 mL,,,§_,¬O,,,,,,,,,¤@¯ë,¤@¯ë,Äµ »y: ½Ð¿íÂå®v«ü¥Ü«ö®É¥ÎÃÄ¡A¤Å¦Û¦æ§ïÅÜ¾¯¶q¡B¥Îªk©Î¥ô·N°±ÃÄ¡C,,,,,§_,300.0,,§_,§_,§_,³æ¤è,§_,¥i¥Î,¥i¥Î,¤£¥i¿i,¬O,,1.00,1.00,999.00,999.00,999,999,1,1,0,0,0,0,,µL¹Ï¤ù,,0,,0,,,,,,,,,,,BOT,§_,°·«Oµ¹¥I,°·«Oµ¹¥I,HALOPERIDOL,N05AD01,B019337135,§_,AdministrableDrugForm,ORDROP,,,,,,,,,PH047,202303141658,96.00,115.00
LHALD,20060701,99999999,°±¥Î,Haldomin 2mg/mL¡A 15mL oral solution,Haldomin 2mg/mL¡A 15mL oral solution,Haloperidol,PO,QD,CNEU,CN-02-01,¤fªA,ºw,Haldomin,«D²Õ®M,¼t°Ó¯Ê³f¡A¥i¬dÃþ¦üÃÄ,,³æ¦ìÁ{±Ä,¬O,¤£¥i¥ÎÃÄ¥]¾÷,,¤@¯ë,Á`¶q¶i¦ì,¾AÀ³¯g:äú¤ß¹Ã¦R©Îºë¯«»ÙÃª¤§ªvÀø,,Indication:Mania¡A psychotic disorders¡A nausea¡A vomiting.,,¥~ Æ[:¥Õ¦â²~¸Ë¡Aºñ¦â¥~»\,Appearance:White box.,§¤¥ß¤£¦w¡A °Ê§@¿ð½w¡A ¤âµo§Ý¡A ªí±¡²Hºz¡A §]Ã`§xÃø,Difficult speaking or swallowing; lack of facial expression; restlessness; hands,,¬Ò¥i¥Î,·Ð¼Ö¥­¤º¥Î²G,Haldomin oral soln 2mg/mL,,,¬O,¬O,,½Ð¿íÂå®v«ü¥Ü«ö®É¥ÎÃÄ¡A ¤Å¦Û¦æ§ïÅÜ¾¯¶q¡A ¥Îªk©Î¥ô·N°±ÃÄ,,Follow doctor's advice. Do not change your dose or schedule.,,1.¤Å¶¼°s¡C 2.¥ÎÃÄ«á¥i¯àµo¥ÍÀY·w¡C,1.Avoid alcohol. 2.May cause dizzy¡A get up slowly.,¤w©ó95¦~6¤ëDC¡A¼t°ÓÃØ°eºë¯«¬ì¨Ï¥Î 202401¹L´Á°h³fÃöÀÉ°±¥Î,¤@¯ë,¤@¯ë,Äµ »y: ½Ð¿íÂå®v«ü¥Ü«ö®É¥ÎÃÄ¡A¤Å¦Û¦æ§ïÅÜ¾¯¶q¡B¥Îªk©Î¥ô·N°±ÃÄ¡C,,,,,§_,300.0,,¬O,¬O,§_,³æ¤è,§_,°±¥Î,°±¥Î,¤£¥i¿i,¬O,,20.00,20.00,60.00,60.00,999,999,0,1,60.00,60.00,1.50,1.50,,¦³¹Ï¤ù,,0,,0,,N05AD01,,,,,,,,,BOT,,°·«Oµ¹¥I,°·«Oµ¹¥I,HALOPERIDOL,N05AD01,AC30383135,§_,Liquid,ORALSOL,,,,,,,,,PH047,202401110835,59.00,74.00
LIDO,20050909,99999999,°±¥Î,Idofen susp 20mg/mL¡A 60 mL,Idofen susp 20mg/mL¡A 60 mL,Ibuprofen,PO,,CNEU,CN-01-02,¤fªA,ML,Ibufen,«D²Õ®M,°±¥Î,LIDO1,¤@¯ë¥i¥Î,¬O,¤£¥i¥ÎÃÄ¥]¾÷,,¤@¯ë,Á`¶q¶i¦ì,¾AÀ³¯g:¬°¤îµh®øª¢¸Ñ¼ö¿}¼ß,,Indication:Relief of pain¡A inflammation & fever.,,¥~ Æ[:²`¦â²GÅé¶ì½¦²~¸Ë¡A¥Õ¦â¥~»\¡AÂÅ¦â¦r¼Ë,,,,,¬Ò¥i¥Î,µÎ§íµh¤fªAÄa²G,Idofen susp 20mg/mL¡A 60 mL,,,§_,¬O,,,,,,,,,¤@¯ë,¤@¯ë,Äµ »y:½Ð¿í·ÓÂå®v«ü¥Ü¨Ï¥Î¡A­Yµo¥ÍºÃ¦üÃÄª«¤£¨}¤ÏÀ³½Ð§iª¾Âå¥Í¡C,,,,,§_,60.0,,§_,§_,§_,³æ¤è,§_,¥i¥Î,¥i¥Î,¤£¥i¿i,¬O,,1.00,1.00,99.00,99.00,999,999,1,1,0,0,0,0,9.00,µL¹Ï¤ù,,0,,0,,,,,,,,,,,BOT,,°·«Oµ¹¥I,°·«Oµ¹¥I,IBUPROFEN,M01AE01,AB45438151,§_,LiquidSolidSuspension,ORSUSP,,,,,,,,,PH047,202303141658,25.00,33.00
LIDO1,20100401,99999999,¥i¥Î,Idofen 20mg/mL¡A 120mL suspension,Idofen 20mg/mL¡A 120mL suspension,Ibuprofen,PO,Q8HPRN,CNEU,CN-01-02,¤fªA,ML,Ibufen,«D²Õ®M,,,¤@¯ë¥i¥Î,¬O,¤£¥i¥ÎÃÄ¥]¾÷,¥i¥Î,¤@¯ë,Á`¶q¶i¦ì,¾AÀ³¯g:¬°¤îµh®øª¢¸Ñ¼ö¿}¼ß,,Indication:Relief of pain¡A inflammation & fever.,,¥~ Æ[:²`µµ¦â²GÅé¶ì½¦²~¸Ë¡A ¥Õ¦â¥~»\¡A ÂÅ¦â¦r¼Ë,Appearance:Plastic bottle¡A dark purple liquid.,¸z­G¾÷¯à»ÙÃª¡A ¤ô¸~¡A Åé²Gº¢¯d¡A ·w¯t¡A ÀYµh,GI disturbances¡A edema¡A fluid retention¡A dizziness¡A headache.,,¬Ò¥i¥Î,µÎ§íµh¤fªAÄa²G,Idofen susp 20mg/mL¡A 120mL,,,§_,¬O,,½Ð¿í·ÓÂå®v«ü¥Ü¨Ï¥Î¡A ­Yµo¥ÍºÃ¦üÃÄª«¤£¨}¤ÏÀ³½Ð§iª¾Âå¥Í,,Follow doctor's advice. Check with doctor if you notice any side effects.,,¦p¥ÎÃÄ«á¥X²{³ïµh¡B¤fµÄ/ÂH½¤¼ìÄê¡B¥Ö¯lµ¥¯gª¬¡A¥ß§Y°±ÃÄ¦^¶E,If signs of sore throat¡A mouth ulcers or skin rash occur¡A please consult doctor,,¤@¯ë,¤@¯ë,Äµ »y:½Ð¿í·ÓÂå®v«ü¥Ü¨Ï¥Î¡A­Yµo¥ÍºÃ¦üÃÄª«¤£¨}¤ÏÀ³½Ð§iª¾Âå¥Í¡C,,,,,§_,120.0,,§_,¬O,§_,³æ¤è,§_,¥i¥Î,¥i¥Î,¤£¥i¿i,¬O,,0,0,20.00,20.00,999,999,0,1,80.00,80.00,3.00,0.70,,¦³¹Ï¤ù,,0,,0,,M01AE01,,,,,,,,,BOT,,°·«Oµ¹¥I,°·«Oµ¹¥I,IBUPROFEN,M01AE01,AB45438157,§_,LiquidSolidSuspension,ORSUSP,,,,,,,,,PH047,202303141658,45.10,59.00
LKEF,19960101,99999999,°±¥Î,Keflor syr 25mg/mL¡A 60mL,Keflor syr 25mg/mL¡A 60mL,Cefaclor,PO,,QANB,AI-01-02,¤fªA,ML,Keflor,«D²Õ®M,°±¥Î,,¤@¯ë¥i¥Î,¬O,¤£¥i¥ÎÃÄ¥]¾÷,±ø¥ó¤Uµ¹¥I,¤@¯ë,Á`¶q¶i¦ì,¾AÀ³¯g:²Óµß©Ê·P¬V,,Indication:Antibiotic for infection.,,,,,,,,³Í´_¼Ö,Keflor syr 25mg/mL¡A 60mL,,,§_,¬O,,,,,,,,,¤@¯ë,¤@¯ë,Äµ »y:½Ð¥[¤J§N¶}¤ô·n¤Ã¦Ü60mL«á§NÂÃÀx¦s¡A¥B¨Ï¥Î«e½Ð¥ý·n¤Ã,,,,,§_,60.0,,§_,§_,§_,³æ¤è,§_,¥i¥Î,¥i¥Î,¤£¥i¿i,¬O,,1.00,1.00,999.00,999.00,999,999,1,1,0,0,0,0,,µL¹Ï¤ù,,0,,0,,J01DC04,,,,,,,,,BOT,§_,°·«Oµ¹¥I,°·«Oµ¹¥I,CEFACLOR,J01DC04,B023173110,§_,Liquid,SYRUP,,,,,,,,,PH047,202401261336,151.00,181.00
LKEP,20160728,99999999,¥i¥Î,Keppra solution 100mg/mL¡A 300mL,Keppra solution 100mg/mL¡A 300mL,Levetiracetam,PO,BID,CNEU,CN-03-01,¤fªA,ML,Keppra,«D²Õ®M,Á{±ÄÃÄ¡A½Ð³qª¾ÃÄ§½¥~ÁÊ,,¥»°|Á{±Ä²M³æ,¬O,¤£¥i¥ÎÃÄ¥]¾÷,¥i¥Î,¤@¯ë,Á`¶q¶i¦ì,¾AÀ³¯g:³æ¿W©Î»²§UªvÀø§½³¡Åöíwµo§@©Î¦Ù©âÅD©ÊÅöíwµo§@µ¥¡C,,Indication:Partial epilepsy monotherapy or adjuvant therapy,,¥~ Æ[:²`½Å¦â¬Á¼þ²~¸Ë¡A ¥Õ¦â¥~»\¡A ¥Õ¦â¥~¶K¯È,Appearance:Dark brown glass bottle.,¯h­ÂµL¤O¡A °·§Ñ¡A ¹B°Ê¥¢½Õ¡A ·w¯t¡A Å¸§Ý¡A ºë¯«¿E©ù,Asthenia/fatigue¡A amnesia¡A ataxia¡A dizziness¡A tremor¡A agitation,,¬Ò¥i¥Î,Àu¶¢¤ºªA²G¾¯,Keppra soln 100mg/mL¡A 300mL,,,¬O,¬O,,¥i¯à·|³y¦¨¶ÝºÎ©Î·w¯t¡A ¶}¨®©Î¾Þ§@¦MÀI¾÷¾¹½Ð¤p¤ß,³Æµù: Á×§K¬ðµM°±ÃÄ¡C§t¦³maltitol¡A±w¦³ªG¿}¤£­@¯g½Ð¤Å¨Ï¥Î¡C,May make you dizzy; use caution while driving or operating machinery.,Avoid abrupt withdrawal. Contains maltitol¡A avoid use in fructose malabsorption.,­Y¥X²{¬õ¯l¡Bµo¿N¡B²O¤Úµ²¸~µÈ¡Bµê®zÀ³°±ÃÄ¨Ã¥ß§Y´M¨DÂåÀø¨ó§U¡C,Discontinue for rash¡A fever¡A or swollen lymph nodes; seek medical help.,,¤@¯ë,¤@¯ë,Äµ »y:¥i¯à·|³y¦¨¶ÝºÎ©Î·w¯t¡A ¶}¨®©Î¾Þ§@¦MÀI¾÷¾¹½Ð¤p¤ß,,¤fªA²G,0,0,§_,300.0,,§_,¬O,§_,³æ¤è,§_,¥i¥Î,¥i¥Î,¤£¥i¿i,¬O,,1.00,1.00,15.00,15.00,999,999,0,0,30.00,30.00,0.60,0.30,,¦³¹Ï¤ù,,0,,0,,N03AX14,,,,,0,,0,,BOT,,°·«Oµ¹¥I,°·«Oµ¹¥I,LEVETIRACETAM,N03AX14,BC24651166,§_,Liquid,ORALSOL,,,,,,,,,PH047,202401231144,1414.00,1697.00
LKGLU,20190925,99999999,¥i¥Î,K-Glu oral solution 20mEq/15mL,K-Glu oral solution 20mEq/15mL,Potassium Gluconate,PC,QD,NUTR,NU-04-04,¤fªA,BOT,K-Glu ¤fªA²G,«D²Õ®M,,,¤@¯ë¥i¥Î,¬O,¤£¥i¥ÎÃÄ¥]¾÷,¥i¥Î,¤@¯ë,¦¸­p¶q¶i¦ì,¾AÀ³¯g:¤fªA¹[Â÷¤l¸É¥R¾¯,,Indication: Potassium supplement,,¥~ Æ[:¶ì½¦¦wÞÀ(amp)¡A ¯»µµ¦â¶K¯È,Appearance:plastic ampoules.,äú¤ß¡B­GµjÅË¡B¹Ã¦R,Nausea¡A stomach cramps¡A vomiting,,¬Ò¥i¥Î,¹[¸É¤fªA²G,K-Glu Oral Soln 20mEq/15mL,,,,¬O,,¤£±o¥Î©óª`®g.,,Not for injection.,,»P¶}¤ô©ÎªG¥Ä²V¦X«áªA¥Î.,Mixed with water or juice.,2019.Q3ÃÄ©e·s¶i,¤@¯ë,¤@¯ë,¤£±o¥Î©óª`®g.,,,0,0,§_,1.0,,§_,¬O,§_,³æ¤è,§_,¥i¥Î,¥i¥Î,¤£¥i¿i,¬O,,1.00,1.00,2.00,2.00,999,999,0,0,6.00,6.00,0,0,,¦³¹Ï¤ù,,0,,0,,A12BA05,,,,,0,,0,,BOT,,°·«Oµ¹¥I,°·«Oµ¹¥I,POTASSIUM GLUCONATE,A12BA05,AC58956135,,Liquid,ORALSOL,,,0,,0,,,,PH047,202401101424,14.50,19.00
LKI,19960101,99999999,°±¥Î,3% KI solution,3% KI solution,Potassium Iodide,PO,,ERSP,RE-05-01,¤fªA,ML,Iodine solution,«D²Õ®M,°±¥Î,,¤@¯ë¥i¥Î,¬O,¤£¥i¥ÎÃÄ¥]¾÷,,¤@¯ë,Á`¶q¶i¦ì,¾AÀ³¯g:¦ñ¦³¿@ÂH²G¤§ºC©ÊªÍ¯e,,Indication:Accompanied by thick mucus of chronic lung diseas,,,,,,,,,3% KI solution,,,§_,¬O,,,,,,,,,¤@¯ë,¤@¯ë,Äµ »y:½Ð¿í·ÓÂå®v«ü¥Ü¨Ï¥Î¡A­Yµo¥ÍºÃ¦üÃÄª«¤£¨}¤ÏÀ³½Ð§iª¾Âå¥Í¡C,,,,,§_,1.0,,§_,§_,§_,³æ¤è,§_,°±¥Î,¥i¥Î,¤£¥i¿i,¬O,,1.00,1.00,20.00,20.00,999,999,1,1,20.00,20.00,0,0,,µL¹Ï¤ù,,0,,0,,V03AB21,R05CA02,S01XA04,,,,,,,CC,§_,¤£µ¹¥I¶·¦Û¥I,¤£µ¹¥I¶·¦Û¥I,,,,§_,Liquid,ORALSOL,,,,,,,,,PH047,202303141716,0,3.00
LKID,20070626,99999999,¥i¥Î,Kidsolone solution 1mg/mL¡A 60mL,Kidsolone solution 1mg/mL¡A 60mL,Prednisolone,PO,TID,HM,HR-01-00,¤fªA,ML,prednisolone,«D²Õ®M,,,¤@¯ë¥i¥Î,¬O,¤£¥i¥ÎÃÄ¥]¾÷,¥i¥Î,¤@¯ë,Á`¶q¶i¦ì,¾AÀ³¯g:­·Àã©ÊÃö¸`ª¢¡A ®ð³Ý¡A ¼ìºÅ©Êµ²¸zª¢¡A ¹L±Ó©Ê¯e¯f,,Indication:Rheumatism¡A asthma¡A allergic skin disorder,,¥~ Æ[:©ú¬õ¾í¦â²GÅé²~¸Ë¡A ¥Õ¦â¥~»\¡A ¥Õ¦â¥~¶K¯È¡A ¶Â¦â¦r¼Ë,Appearance:Plastic bottle¡A light orange liquid.,­¹¼¤¼W¥[¡A ®ø¤Æ¤£¨}¡A §¤¥ß¤£¦w,Appetite more; indigestion; nervousness or restlessness,,¬Ò¥i¥Î,¥²º¸¥Í¤fªA²G,Kidsolone solution 1mg/mL¡A 6,,,§_,¬O,,½Ð¿í·ÓÂå®v«ü¥Ü¥ÎÃÄ¡A ¤Å¦Û¦æ§ó§ï¾¯¶q©Î¥ÎÃÄ®É¶¡,,Follow doctor's advice. Do not change your dose or schedule.,,,,,¤@¯ë,¤@¯ë,Äµ »y:½Ð¿í·ÓÂå®v«ü¥Ü¥ÎÃÄ¡A¤Å¦Û¦æ§ó§ï¾¯¶q©Î¥ÎÃÄ®É¶¡¡C,,,,,§_,60.0,,§_,¬O,§_,½Æ¤è,§_,¥i¥Î,¥i¥Î,¤£¥i¿i,¬O,,0,0,60.00,60.00,999,999,0,1,60.00,60.00,3.00,3.00,,¦³¹Ï¤ù,,0,,0,,H02AB06,,,,,,,,,BOT,,°·«Oµ¹¥I,°·«Oµ¹¥I,PREDNISOLONE PHOSPHATE SODIUM,H02AB06,AC46614151,§_,Liquid,ORALSOL,,,,,,,,,PH047,202303141659,48.50,63.00
LLAC3,20100401,99999999,°±¥Î,LACOLY soln 300mL(667mg/mL),LACOLY soln 300mL(667mg/mL),Lactulose,PO,TID,ALIM,GI-03-00,¤fªA,ML,Duphalac,«D²Õ®M,°±¥Î,LDUP,¤@¯ë¥i¥Î,¬O,¤£¥i¥ÎÃÄ¥]¾÷,¥i¥Î,¤@¯ë,Á`¶q¶i¦ì,¾AÀ³¯g:ºC©Ê«K¯µ¡A ¨x©ü°g¡A ¨x¸£¯fÅÜ,,Indication:Constipation¡A hepatic coma¡A encephalopathy,,¥~ Æ[:300mL´Ä¶Â¦â²~¸Ë²GÅé,Appearance:Plastic bottle¡A brown-black liquid.,ÄY­«¸¡Âm,Severe diarrhea,,¬Ò¥i¥Î,¼Ö¥iµg²G,LACOLY soln 300mL(667mg/mL),,,§_,¬O,,½Ð¨Ì·Ó«ü¥Ü´Á­­¤º¨Ï¥Î¡A «ØÄ³ÃÄ«~¶}«Ê¤@­Ó¤ë«á¤£À³¦A¥Î,,Follow doctor's advice. Use within one month after opening package.,,³Æµù: Ãh¥¥ªì´Á¥¼½T»{¯à§_¨Ï¥Î,,,¤@¯ë,¤@¯ë,Äµ »y:½Ð¨Ì·Ó«ü¥Ü´Á­­¤º¨Ï¥Î¡A«ØÄ³ÃÄ«~¶}«Ê¤@­Ó¤ë«á¤£À³¦A¥Î,SA «÷­µ¬Û¦ü,,,,§_,300.0,,§_,§_,§_,³æ¤è,§_,¥i¥Î,¥i¥Î,¤£¥i¿i,¬O,,0,0,30.00,30.00,999,999,1,1,180.00,180.00,0,0,,¦³¹Ï¤ù,,0,,0,,A06AD11,,,,,,,,,BOT,,°·«Oµ¹¥I,°·«Oµ¹¥I,LACTULOSE,A06AD11,AC49331166,§_,Liquid,ORALSOL,,,,,,,,,PH047,202303141659,105.00,126.00
LLAC6,20100401,99999999,°±¥Î,Lacoly soln 60mL(667mg/mL),Lacoly soln 60mL(667mg/mL),Lactulose,PO,TID,ALIM,GI-03-00,¤fªA,ML,Duphalac,«D²Õ®M,°±¥Î,LDUP,¤@¯ë¥i¥Î,¬O,¤£¥i¥ÎÃÄ¥]¾÷,¥i¥Î,¤@¯ë,Á`¶q¶i¦ì,¾AÀ³¯g:ºC©Ê«K¯µ¡A ¨x©ü°g¡A ¨x¸£¯fÅÜ,,Indication:Constipation¡A hepatic coma¡A encephalopathy,,¥~ Æ[:60mL´Ä¶Â¦â²~¸Ë²GÅé,Appearance:Plastic bottle¡A brown-black liquid.,ÄY­«¸¡Âm,Severe diarrhea,,¬Ò¥i¥Î,¼Ö¥iµg²G,Lacoly soln 60mL(667mg/mL),,,§_,¬O,,½Ð¨Ì·Ó«ü¥Ü´Á­­¤º¨Ï¥Î¡A «ØÄ³ÃÄ«~¶}«Ê¤@­Ó¤ë«á¤£À³¦A¥Î,,Follow doctor's advice. Use within one month after opening package.,,³Æµù: Ãh¥¥ªì´Á¥¼½T»{¯à§_¨Ï¥Î,,,¤@¯ë,¤@¯ë,Äµ »y:½Ð¨Ì·Ó«ü¥Ü´Á­­¤º¨Ï¥Î¡A«ØÄ³ÃÄ«~¶}«Ê¤@­Ó¤ë«á¤£À³¦A¥Î,SA «÷­µ¬Û¦ü,,,,§_,60.0,,§_,§_,§_,³æ¤è,§_,¥i¥Î,¥i¥Î,¤£¥i¿i,¬O,,0,0,30.00,30.00,999,999,1,1,60.00,60.00,0,0,,¦³¹Ï¤ù,,0,,0,,A06AD11,,,,,,,,,BOT,,°·«Oµ¹¥I,°·«Oµ¹¥I,LACTULOSE,A06AD11,AC49331151,§_,Liquid,ORALSOL,,,,,,,,,PH047,202303141659,25.00,33.00
LLACT,20180709,99999999,°±¥Î,Lactul syrup 666mg/mL¡A 300mL,Lactul syrup 666mg/mL¡A 300mL,Lactulose,PO,TID,ALIM,GI-03-00,¤fªA,ML,Duphalac,«D²Õ®M,°±¥Î,LDUP,¤@¯ë¥i¥Î,¬O,¤£¥i¥ÎÃÄ¥]¾÷,¥i¥Î,¤@¯ë,Á`¶q¶i¦ì,¾AÀ³¯g:ºC©Ê«K¯µ¡A ¨x©ü°g¡A ¨x¸£¯fÅÜ,,Indication:Constipation¡A hepatic coma¡A encephalopathy,,¥~ Æ[: ¶À¦â¼á²M²GÅé¡A300mL¶ì½¦²~,Appearance: Plastic bottle¡A yellow liquid.,ÄY­«¸¡Âm,Severe diarrhea,,¬Ò¥i¥Î,¼Ö¦h¿}¼ß666²@§J/²@¤É,Lactul syrup 666mg/mL¡A 300mL,,,,¬O,,½Ð¨Ì·Ó«ü¥Ü´Á­­¤º¨Ï¥Î¡A «ØÄ³ÃÄ«~¶}«Ê¤@­Ó¤ë«á¤£À³¦A¥Î,,Follow doctor's advice. Use within one month after opening package.,,,,2018.07 Duphalac soln 300mL ¯Ê³f¼È¥N,¤@¯ë,¤@¯ë,Äµ »y:½Ð¨Ì·Ó«ü¥Ü´Á­­¤º¨Ï¥Î¡A«ØÄ³ÃÄ«~¶}«Ê¤@­Ó¤ë«á¤£À³¦A¥Î,,,0,0,§_,300.0,,§_,§_,§_,³æ¤è,,°±¥Î,¥i¥Î,¤£¥i¿i,¬O,,0,0,45.00,300.00,999,999,0,1,180.00,300.00,0,0,,¦³¹Ï¤ù,,0,,0,,A06AD11,,,,,0,,0,,BOT,,°·«Oµ¹¥I,°·«Oµ¹¥I,LACTULOSE,A06AD11,AB39701166,,,,,,0,,0,,,,PH006,202005260812,105.00,126.00
LLUG,19960101,99999999,°±¥Î,Lugol's soln 10%,Lugol's soln 10%,Strong Iodine Solution,PO,,META,ME-04-00,¤fªA,ML,,«D²Õ®M,°±¥Î¡A¥i¬dÃþ¦üÃÄ,,¤@¯ë¥i¥Î,¬O,¤£¥i¥ÎÃÄ¥]¾÷,,¤@¯ë,Á`¶q¶i¦ì,¾AÀ³¯g:¥Òª¬¸¢¾÷¯à¤®¶i,,Indication:Hyperthyroidism,,,,,,,,,Lugol's soln 10%,,,§_,¬O,,,,,,,,,¤@¯ë,¤@¯ë,Äµ »y:½Ð¿í·ÓÂå®v«ü¥Ü¨Ï¥Î¡A­Yµo¥ÍºÃ¦üÃÄª«¤£¨}¤ÏÀ³½Ð§iª¾Âå¥Í¡C,,,,,¬O,1.0,,§_,§_,§_,³æ¤è,§_,¥i¥Î,¥i¥Î,¤£¥i¿i,¬O,,1.00,1.00,999.00,999.00,999,999,1,1,0,0,0,0,,µL¹Ï¤ù,,0,,0,,,,,,,,,,,CC,§_,¤£µ¹¥I¶·¦Û¥I,¤£µ¹¥I¶·¦Û¥I,,,,§_,Liquid,ORALSOL,,,,,,,,,PH047,202303141716,0,3.00
LLUG2,20180202,99999999,¥i¥Î,Lugol's soln 2%¡A 60mL (±M®×¶i¤f),Lugol's soln 2%¡A 60mL (±M®×¶i¤f),Iodine + Potassium Iodide,PO,STAT,META,ME-04-00,¤fªA,ML,Strong Iodine Solution,«D²Õ®M,°±¥Î,,±M®×¶i¤fÃÄ«~,¬O,¤£¥i¥ÎÃÄ¥]¾÷,°·«O¤£µ¹¥I,¤@¯ë,Á`¶q¶i¦ì,¾AÀ³¯g:¤ºµøÃè­¹¹DÅìª¬²Ó­MÀùÀË´ú¤Î­¹¹DÀù¤Á°£³N¤§¯f¨_Ãä½t¬É©w,¥Òª¬¸¢¸~¤Î³N«e·Ç³Æ¡A¥Òª¬¸¢¬r©Ê¦M¶H,Indication:Enhancing the detection of esophageal squamous,dysplasia and early squamous cell carcinoma¡A thyrotoxic crisis,¥~ Æ[:60mL¤p²~,Appearance: 60mL bottle,¯Ý¤fªº¨ëµh»P¨`¼ö·P¡Aäú¤ß¡AÂH²G©Ê¤ô¸~¡Aµê®z,Tingling sensation¡A nausea¡A myxedema¡A weakness,,¥u¥Î©óªù¶E¤Î¦í°|STAT,Lugol's soln 2%¡A 60mL (±M®×¶i¤f) ¸K·»²G,Lugol's soln 2%¡A 60mL,,,,¬O,,¥Ö½§¤ÏÀ³¡G¥i¯à¾É­PÚµ½Hµo§@©M/©Î¥Ö½§µoª¢¡C,,Skin reactions: May cause acne flare-ups and/or dermatitis.,,½Ð¥[¦b¤ô©ÎªG¥Ä¤¤µ}ÄÀ«áªA¥Î¡C,Oral: Dilute with water or juice.,[Rx_o]³B¤è¶°­nÅã¥Ü ½ÃºÖ³¡®Ö­ã±M®×¶i¤fÃÄ«~¡A¦p¦³»Ý¨D½Ð¬¢²Õªø©Î¥D¥ô,¤@¯ë,¤@¯ë,¥Ö½§¤ÏÀ³¡G¥i¯à¾É­PÚµ½Hµo§@©M/©Î¥Ö½§µoª¢¡C,,,0,0,§_,60.0,,¬O,¬O,¬O,½Æ¤è,,°±¥Î,°±¥Î,¤£¥i¿i,§_,,1.00,1.00,2.50,2.50,1,1,1,1,2.50,2.50,0,0,,¦³¹Ï¤ù,,0,,0,,D08AG03,V03AB21,,,,0,,0,,BOT,§_,¤£µ¹¥I¶·¦Û¥I,¤£µ¹¥I¶·¦Û¥I,,,,§_,Liquid,SOL,,,0,,0,,,,PH008,202202061206,0,1680.00
LMAC,19960101,99999999,°±¥Î,Mac safe susp 60mL,Mac safe susp 60mL,Ibuprofen,PO,,CNEU,CN-01-02,¤fªA,ML,Ibufen,«D²Õ®M,°±¥Î,LIDO1,¤w°±¥Î,¬O,¤£¥i¥ÎÃÄ¥]¾÷,,¤@¯ë,Á`¶q¶i¦ì,¾AÀ³¯g:¥Î©ó¸Ñ¼ö£¿Âíµh£¿®øª¢,,Indication:Relief of pain¡A inflammation & fever.,,,,,,,,,Mac safe susp 60mL,,,§_,¬O,,,,,,,,,¤@¯ë,¤@¯ë,,,,,,§_,60.0,,§_,§_,§_,³æ¤è,§_,¥i¥Î,¥i¥Î,¤£¥i¿i,¬O,,1.00,1.00,999.00,999.00,999,999,1,1,0,0,0,0,,µL¹Ï¤ù,,0,,0,,,,,,,,,,,BOT,§_,°·«Oµ¹¥I,°·«Oµ¹¥I,IBUPROFEN,M01AE01,A034222151,§_,LiquidSolidSuspension,ORSUSP,,,,,,,,,PH047,202303141659,100.00,145.00
LMAG,19960101,99999999,°±¥Î,Magvac solution 250mL,Magvac solution 250mL,Magnesium Citrate,PO,,ALIM,GI-03-00,¤fªA,BOT,Magvac,«D²Õ®M,°±¥Î,LPS45,¤w°±¥Î,¬O,¤£¥i¥ÎÃÄ¥]¾÷,,¤@¯ë,Á`¶q¶i¦ì,¾AÀ³¯g:¬°½wÂm¾¯,,Indication:Constipation,,,,,,,,,Magvac solution 250mL,,,§_,¬O,,,,,,,,,¤@¯ë,¤@¯ë,,,,,,§_,1.0,,§_,§_,§_,³æ¤è,§_,¥i¥Î,¥i¥Î,¤£¥i¿i,¬O,,1.00,1.00,999.00,999.00,999,999,1,1,0,0,0,0,,µL¹Ï¤ù,,0,,0,,,,,,,,,,,BOT,§_,°·«Oµ¹¥I,°·«Oµ¹¥I,CITRIC ACID 78.29MG/ML + MAGNESIUM CARBONATE 42.86MG/ML + POTASSIUM BICARBONATE 7.14MG/ML,A06AD10,A033998165,§_,Liquid,ORALSOL,,,,,,,,,PH047,202303141659,85.00,102.00
LMEG,20101026,99999999,¥i¥Î,Megest 40mg/mL¡A120mL suspension,Megest 40mg/mL¡A120mL suspension,Megestrol,PO,QD,HM,HR-03-03,¤fªA,ML,Megace,«D²Õ®M,,LMEG4,¤@¯ë¥i¥Î,¬O,¤£¥i¥ÎÃÄ¥]¾÷,¥i¥Î,¤@¯ë,Á`¶q¶i¦ì,¾AÀ³¯g:´c¯fÅé½è¤Þ°_ªºÅé­«©úÅã´î»´,,Indication:Treatment of anorexia.,,¥~ Æ[:¥Õ¦â¶ì½¦Åø¡A¥Õ¦â¥~¶K¯È,Appearance:White/orange box.,°ª¦åÀ£¡A¸¡Âm¡AµÈ®ð¡A®ø¤Æ¤£¨}¡Aäú¤ß¡A¹Ã¦R¡A¦å®ê§Î¦¨,Hypertension¡A Diarrhea¡A Flatulence¡A Indigestion¡A Nausea¡A Vomiting¡A Thrombosis,,¬Ò¥i¥Î,³Á®æ´µ¤fªAÄa²G¾¯,Megest suspension 40mg/mL,,,§_,¬O,,¥¥°ü©Î±NÃh¥¥¤§°ü¤kÁ×§K¨Ï¥Î,,Avoid during pregnancy.,,¨Ï¥Î«eÀ³±NÃÄ¤ô¾_·n§¡¤Ã¡C,Shake suspension well before use.,2022.06ÃÄ©e·|¦A¶i¥Î,¤@¯ë,¤@¯ë,Äµ »y:¥¥°ü©Î±NÃh¥¥¤§°ü¤kÁ×§K¨Ï¥Î,,,,,§_,120.0,,§_,¬O,§_,³æ¤è,§_,¥i¥Î,¥i¥Î,¤£¥i¿i,¬O,,1.00,1.00,10.00,10.00,99,99,7,1,40.00,40.00,0,0,,¦³¹Ï¤ù,,0,,0,,L02AB01,G03DB02,,,,,,,,BOT,,°·«Oµ¹¥I,°·«Oµ¹¥I,MEGESTROL,L02AB01,AB46991157,§_,LiquidSolidSuspension,ORSUSP,¦M®`¤G¯Å(¡I),,,,,,,,PH047,202303141716,608.00,730.00
LMEG4,20130619,99999999,°±¥Î,Megatus 40mg/mL¡A 120mL suspension,Megatus 40mg/mL¡A 120mL suspension,Megestrol,PO,QD,HM,HR-03-03,¤fªA,ML,Megace,«D²Õ®M,°±¥Î¡A¥i¬dÃþ¦üÃÄ,LMEG,¤@¯ë¥i¥Î,¬O,¤£¥i¥ÎÃÄ¥]¾÷,¥i¥Î,¤@¯ë,Á`¶q¶i¦ì,¾AÀ³¯g:´c¯fÅé½è¤Þ°_ªºÅé­«©úÅã´î»´,,Indication:Treatment of anorexia.,,¥~ Æ[:¥Õ¦â¶ì½¦Åø¡A¥Õ¦â¥~¶K¯È,Appearance:White/orange box.,¸¡µh¡A ¯Ýµh¡A ¤ô¸~¡A ¦å¿}¤É°ª¡A ¦å®ê®ê¶ë,Abdominal pain¡A chest pain¡A edema¡A hyperglycemia¡A thrombosis,,¬Ò¥i¥Î,¬ü¨Î¯S ¤fªAÄa²G¾¯ 40 ²@§J/²@¤É,Megatus susp 40mg/mL¡A 120mL,,,§_,¬O,,¥¥°ü©Î±NÃh¥¥¤§°ü¤kÁ×§K¨Ï¥Î,,Avoid during pregnancy.,,¨Ï¥Î«eÀ³±NÃÄ¤ô¾_·n§¡¤Ã¡C,Shake suspension well before use.,2022.06ÃÄ©e·|§R°£,¤@¯ë,¤@¯ë,Äµ »y:¥¥°ü©Î±NÃh¥¥¤§°ü¤kÁ×§K¨Ï¥Î,,,0,0,§_,120.0,,§_,¬O,§_,³æ¤è,§_,°±¥Î,¥i¥Î,¤£¥i¿i,¬O,,1.00,1.00,10.00,10.00,999,999,7,1,40.00,40.00,0,0,,¦³¹Ï¤ù,,0,,0,,L02AB01,,,,,,,,,BOT,,°·«Oµ¹¥I,°·«Oµ¹¥I,MEGESTROL,L02AB01,AC55267157,§_,LiquidSolidSuspension,ORSUSP,¦M®`¤G¯Å(¡I),,,,,,,,PH047,202303141659,608.00,730.00
LMEP6,19960101,99999999,¥i¥Î,Meptin liquid 5mcg/mL¡A 60mL,Meptin liquid 5mcg/mL¡A 60mL,Procaterol,PO,BID,ERSP,RE-01-00,¤fªA,ML,Meptin,«D²Õ®M,,LEXD,¤@¯ë¥i¥Î,¬O,¤£¥i¥ÎÃÄ¥]¾÷,,¤@¯ë,Á`¶q¶i¦ì,¾AÀ³¯g:¹w¨¾¤ÎªvÀø¤ä®ðºÞµjÅË,,Indication:Bronchial asthma¡A chronic bronchitis & pulmonary,,¥~ Æ[:60²@¤É¶ì½¦²~¸Ë,Appearance:Plastic bottle¡A colorless liquid.,°¸¦³¤ß±ª¡A Å¸§Ý,Infrequent palpitations & tremors.,,,·À³Ý²b²G,Meptin liquid 5mcg/mL¡A 60mL,,,§_,¬O,,½Ð¿í·ÓÂå®v«ü¥Ü¥ÎÃÄ¡A ¤Å¦Û¦æ§ó§ï¾¯¶q©Î¥ÎÃÄ®É¶¡,,Follow doctor's advice. Do not change your dose or schedule.,,,,,¤@¯ë,¤@¯ë,Äµ »y:½Ð¿í·ÓÂå®v«ü¥Ü¥ÎÃÄ¡A¤Å¦Û¦æ§ó§ï¾¯¶q©Î¥ÎÃÄ®É¶¡¡C,,¤fªA²G,,,§_,60.0,,§_,¬O,§_,³æ¤è,§_,¥i¥Î,¥i¥Î,¤£¥i¿i,¬O,,0,0,5.00,5.00,999,999,0,1,20.00,20.00,0.80,0.40,,¦³¹Ï¤ù,,0,,0,,R03CC08,,,,,,,,,BOT,§_,°·«Oµ¹¥I,°·«Oµ¹¥I,PROCATEROL,R03CC08,AB43122151,§_,Liquid,ORALSOL,,,,,,,,,PH008,202311061733,33.90,44.00
LMOR,20170727,99999999,°±¥Î,Morphine Sulfate 2mg/mL¡A 60mL,Morphine Sulfate 2mg/mL¡A 60mL,Morphine,PO,,CNEU,CN-01-01,¤fªA,ML,Morphine,«D²Õ®M,°±¥Î,,­Ó®×Á{±Ä,¬O,¤£¥i¥ÎÃÄ¥]¾÷,¥i¥Î,¤@¯ë,Á`¶q¶i¦ì,¾AÀ³¯g:­««×¯kµh¤§½w¸Ñ,,Indication:Opioid analgesic,,¥~ Æ[:60²@¤É¶ì½¦²~¸Ë¬õ¦âÃÄ¤ô,Appearance:60 mL plastic bottle¡A red liquid.,©I§l§í¨î¡A ¤ß«ß¤£¾ã¡A ¦åÀ£§ïÅÜ¡A §x­Â,Respiratory depression¡A arrhythmias¡A BP changes¡A drowsiness,,¬Ò¥i¥Î,²¸»Ä¶Ü°Ø¤fªA²G 2 ²@§J/²@¤É,Morphine Sulfate 2mg/mL,,,¬O,¬O,,¨ã¦¨Å}©Ê¡A ¤£¯à¶W¶q¨Ï¥Î¡A ¤@©w­n¨ÌÂå¥Í©Ò«ü¥Üªº¾¯¶qªA¥Î,,Follow doctor's advice. Do not change your dose or schedule.,,,,,¤@¯ë,¤@¯ÅºÞ¨î,Äµ »y:¨ã¦¨Å}©Ê¡A¤£¯à¶W¶q¨Ï¥Î¡A¤@©w­n¨ÌÂå¥Í©Ò«ü¥Üªº¾¯¶qªA¥Î,Äµ °ªÄµ°T,¤fªA²G,0,0,§_,60.0,,§_,§_,§_,³æ¤è,§_,°±¥Î,°±¥Î,¤£¥i¿i,¬O,,0,0,20.00,20.00,14,14,7,1,120.00,120.00,0.90,0.15,,¦³¹Ï¤ù,,0,,0,,N02AA01,,,,,0,,0,,BOT,,°·«Oµ¹¥I,°·«Oµ¹¥I,morphine,N02AA01,AC49758151,,Liquid,ORALSOL,,,,,,,,,PH047,202303141659,132.00,158.00
LMUS,20021212,99999999,°±¥Î,Musco soln 3mg/mL¡A 60mL,Musco soln 3mg/mL¡A 60mL,Ambroxol,PO,,ERSP,RE-05-01,¤fªA,ML,,«D²Õ®M,°±¥Î,LMUS2,¤@¯ë¥i¥Î,¬O,¤£¥i¥ÎÃÄ¥]¾÷,¥i¥Î,¤@¯ë,Á`¶q¶i¦ì,¾AÀ³¯g:¤Æ·ð¤§¥Î,,Indication:Expectorant,,,,¯h­Â¡B¤f´÷¡B¬y»ó¤ô¡B«K¯µ¡B±Æ§¿§xÃø¡B±µÄ²©Ê¥Ö½§ª¢,Fatigue¡A dry mouth¡A rhinorrhea¡A constipation¡A dysuria¡A and contact dermatitis,,¬Ò¥i¥Î,¬üµÎ«y,Musco soln 3mg/mL¡A 60mL,,,§_,¬O,,,,,,,,,¤@¯ë,¤@¯ë,Äµ »y:½Ð¿í·ÓÂå®v«ü¥Ü¨Ï¥Î¡A­Yµo¥ÍºÃ¦üÃÄª«¤£¨}¤ÏÀ³½Ð§iª¾Âå¥Í¡C,,,,,§_,60.0,,§_,§_,§_,³æ¤è,§_,°±¥Î,¥i¥Î,¤£¥i¿i,¬O,,1.00,1.00,10.00,10.00,99,99,1,1,0,0,0,0,,µL¹Ï¤ù,,0,,0,,,,,,,,,,,BOT,,°·«Oµ¹¥I,°·«Oµ¹¥I,AMBROXOL,R05CB06,AC41236151,§_,Liquid,ORALSOL,,,,,,,,,PH047,202303141716,25.00,31.00
LMUS1,20070901,99999999,°±¥Î,Musco soln 3mg/mL¡A 100mL,Musco soln 3mg/mL¡A 100mL,Ambroxol,PO,,ERSP,RE-05-01,¤fªA,ML,Mucosolvan,«D²Õ®M,°±¥Î,LMUS2,¤@¯ë¥i¥Î,¬O,¤£¥i¥ÎÃÄ¥]¾÷,¥i¥Î,¤@¯ë,Á`¶q¶i¦ì,¾AÀ³¯g:×¶·ð,,Indication:Expectorant,,¥~ Æ[:²Lºñ¦â²GÅé²~¸Ë¡A¥Õ¦â¥~»\¡AÂÅ¦â¦r¼Ë,Appearance:Plastic bottle¡A light green liquid.,,,,¬Ò¥i¥Î,¬üµÎ«y,Musco soln 3mg/mL¡A 100mL,,,§_,¬O,,,,,,,,,¤@¯ë,¤@¯ë,Äµ »y:½Ð¿í·ÓÂå®v«ü¥Ü¨Ï¥Î¡A­Yµo¥ÍºÃ¦üÃÄª«¤£¨}¤ÏÀ³½Ð§iª¾Âå¥Í¡C,,,,,§_,100.0,,§_,§_,§_,³æ¤è,§_,¥i¥Î,¥i¥Î,¤£¥i¿i,¬O,,1.00,1.00,10.00,10.00,99,99,1,1,0,0,0,0,,µL¹Ï¤ù,,0,,0,,,,,,,,,,,BOT,,°·«Oµ¹¥I,°·«Oµ¹¥I,AMBROXOL,R05CB06,AC41236155,§_,Liquid,ORALSOL,,,,,,,,,PH047,202303141659,25.00,31.00
LMUS2,20100325,99999999,¥i¥Î,Musco solution 3mg/mL¡A 120mL,Musco solution 3mg/mL¡A 120mL,Ambroxol,PO,TID,ERSP,RE-05-01,¤fªA,ML,Mucosolvan,«D²Õ®M,,,¤@¯ë¥i¥Î,¬O,¤£¥i¥ÎÃÄ¥]¾÷,¥i¥Î,¤@¯ë,Á`¶q¶i¦ì,¾AÀ³¯g:×¶·ð,,Indication:Expectorant,,¥~ Æ[:¶Àºñ¦â²GÅé²~¸Ë¡A ¥Õ¦â¥~»\¡A ÂÅ¦â¦r¼Ë,Appearance:Plastic bottle¡A light green liquid.,¯h­Â¡A ¤f´÷¡A ¬y»ó¤ô¡A «K¯µ¡A ±Æ§¿§xÃø¡A ±µÄ²©Ê¥Ö½§ª¢,Fatigue¡A dry mouth¡A rhinorrhea¡A constipation¡A dysuria¡A and contact dermatitis,,¬Ò¥i¥Î,¬üµÎ«y,Musco soln 3mg/mL¡A 120mL,,,§_,¬O,,½Ð¿í·ÓÂå®v«ü¥Ü¨Ï¥Î¡A ­Yµo¥ÍºÃ¦üÃÄª«¤£¨}¤ÏÀ³½Ð§iª¾Âå¥Í,,Follow doctor's advice. Check with doctor if you notice any side effects.,,,,,¤@¯ë,¤@¯ë,Äµ »y:½Ð¿í·ÓÂå®v«ü¥Ü¨Ï¥Î¡A­Yµo¥ÍºÃ¦üÃÄª«¤£¨}¤ÏÀ³½Ð§iª¾Âå¥Í¡C,,,,,§_,120.0,,§_,¬O,§_,³æ¤è,§_,¥i¥Î,¥i¥Î,¤£¥i¿i,¬O,,0,0,10.00,10.00,999,999,0,1,40.00,40.00,2.00,0.36,,¦³¹Ï¤ù,,0,,0,,R05CB06,,,,,,,,,BOT,,°·«Oµ¹¥I,°·«Oµ¹¥I,AMBROXOL,R05CB06,AB41236157,§_,Liquid,ORALSOL,,,,,,,,,PH047,202402121419,46.10,60.00
LMYC,19960101,99999999,¥i¥Î,Mycostatin 10¸U³æ¦ì/mL suspension,Mycostatin100000 Units/mL suspension,Nystatin,PO,QD,QANB,AI-02-00,¤fªA,ML,Mycostatin,«D²Õ®M,,ONYS,¤@¯ë¥i¥Î,¬O,¤£¥i¥ÎÃÄ¥]¾÷,,¤@¯ë,Á`¶q¶i¦ì,¾AÀ³¯g:¥Õ¦â©À¯]µß·P¬V,,Indication:Monilial infection of oral cavity¡A intestinal,,¥~ Æ[:²`½Å¦â¬Á¼þ²~¸Ë¡A ¥Õ¦â¥~»\¡A ¤g¶À¦â¥~¶K¯È,Appearance:Light brown box.,«K¯µ¡A ¸¡Âm¡A ÀY·w¡A ©ü©ü±ýºÎ¡A ÀYµh¡A äú¤ß¡A ¹Ã¦R,Constipation¡A diarrhea¡A dizziness¡A drowsiness¡A headache¡A nausea¡A vomiting,,,·ÀµßÆFÄa²G¥Î¯»¾¯10¸U³æ¦ì/²@¤É,Mycostatin susp 10¸U³æ¦ì/mL,,,§_,¬O,,½Ð¥ý¸Ô¾\¥]¸Ë²°¥~»¡©ú¡A ¨Ì«ü¥Ü¥[¤J23 ²@¤É§N¶}¤ô²V¦X§¡¤Ã«á¨Ï¥Î,,Add 23mL cold water into the bottle¡A shake well before using.,,,,,¤@¯ë,¤@¯ë,Äµ »y:½Ð¥ý¸Ô¾\¥]¸Ë²°¥~»¡©ú¡A ¨Ì«ü¥Ü¥[¤J§N¶}¤ô²V¦X§¡¤Ã«á¨Ï¥Î,,,,,§_,24.0,,§_,¬O,§_,³æ¤è,§_,°±¥Î,°±¥Î,¤£¥i¿i,¬O,,1.00,1.00,10.00,10.00,14,14,1,1,40.00,40.00,2.40,0.60,,¦³¹Ï¤ù,,0,,0,,A07AA02,,,,,2.40,MU,1.50,MU,BOT,§_,°·«Oµ¹¥I,°·«Oµ¹¥I,NYSTATIN,A07AA02,AC34904139,§_,LiquidSolidSuspension,ORSUSP,,,,,,,,,PH047,202309031118,98.00,123.00
LOPV,19960101,99999999,°±¥Î,¨F»«¬Ì­](§K¶O),Polio Sabin(Free),Poliovirus Vaccine,PO,ST,HIMM,IM-02-02,¤fªA,DOS,Polio,«D²Õ®M,°±¥Î¡A¥i¬dÃþ¦üÃÄ,,¤@¯ë¥i¥Î,¬O,¤£¥i¥ÎÃÄ¥]¾÷,,¦C¦Lªù¶EÃÄÅÒ,Á`¶q¶i¦ì,¾AÀ³¯g:¬°¨F»«¬Ì­],,Indication:Active immunization against poliomyelitis.,,,,,,,,,Polio Sabin(Free),OPV,,§_,¬O,,,,,,,,,,ª`®g,Äµ »y:ªA¥Î«á½ÐÄY¦u­Ó¤H½Ã¥Í¡A ¥H¨¾¨ä¥L±µÄ²ªÌ¨ü¨ì·P¬V,,,,,§_,1.0,,§_,§_,§_,³æ¤è,§_,¥i¥Î,¥i¥Î,¤£¥i¿i,¬O,,1.00,1.00,1.00,1.00,1,1,1,1,1.00,1.00,0,0,,¦³¹Ï¤ù,,0,,0,,,,,,,,,,,DOS,§_,°·«O¤£¥Ó³ø¤£­p»ù,°·«O¤£¥Ó³ø¤£­p»ù,,,,§_,AdministrableDrugForm,ORDROP,,,,,,,,,PH047,202303141716,0,0
LOPV0,20011217,99999999,°±¥Î,Polio Sabin (¦Û¶O),Polio Sabin (Private),Oral Poliovirus Vaccine,PO,10,HIMM,IM-02-02,¤fªA,DOS,Polio,«D²Õ®M,¼t°Ó¯Ê³f,,¤@¯ë¥i¥Î,¬O,¤£¥i¥ÎÃÄ¥]¾÷,,¤£¦LÃÄÅÒ,Á`¶q¶i¦ì,¾AÀ³¯g:¬°¨F»«¬Ì­]¡A¹w¨¾¤p¨à³Â·ô,,Indication:Active immunization against poliomyelitis.,,,,,,,¬Ò¥i¥Î,¨F»«¤fªA¬Ì­],Polio Sabin (Private),OPV,,§_,¬O,,,,,,,,,¤@¯ë,ª`®g,Äµ »y:ªA¥Î«á½ÐÄY¦u­Ó¤H½Ã¥Í¡A ¥H¨¾¨ä¥L±µÄ²ªÌ¨ü¨ì·P¬V,,,,,§_,1.0,,§_,§_,§_,³æ¤è,§_,¥i¥Î,¥i¥Î,¤£¥i¿i,¬O,,1.00,1.00,1.00,1.00,1,1,1,1,0,0,0,0,,¦³¹Ï¤ù,,0,,0,,,,,,,,,,,DOS,,¤£µ¹¥I¶·¦Û¥I,¤£µ¹¥I¶·¦Û¥I,,,,§_,AdministrableDrugForm,ORDROP,,,,,,,,,PH047,202303141659,0,180.00
LOSTA,20231027,99999999,¥i¥Î,Oseltamivir (¬F©²´£¨Ñ) 6mg/mL 60mL oral suspension,Oseltamivir (¬F©²´£¨Ñ) 6mg/mL 60mL oral suspension,Oseltamivir,PO,BID,QANB,AI-03-01,¤fªA,ML,¤½¶OOseltamivir ¤fªAÄa²G,«D²Õ®M,°±¥Î,,¤@¯ë¥i¥Î,¬O,¤£¥i¥ÎÃÄ¥]¾÷,­­¥Î,¤@¯ë,Á`¶q¶i¦ì,¾AÀ³¯g:¦¨¤H©M¨àµ£ªº¬y¦æ©Ê·P«_¤§ªvÀø»P¹w¨¾¡C,,Indication:Treatment and prevention of influenza.,,¥~ Æ[:´Ä¦â¬Á¼þ²~¤º§t¦â¯»¥½¡A¥Õ¦â»\¤l¡C,Appearance: Brown glass bottle with white powder¡A white cap.,¹Ã¦R¡Bäú¤ß¡B¯kµh¡BÀYµh¡C,Vomiting¡A nausea¡A pain¡A headache.,,¥u¥Î©óªù¶E¤Î¦í°|STAT,³t«g¬y¤fªAÄa²G¥Î¯»¾¯ (¬F©²´£¨Ñ),Oseltamivir (¬F©²´£¨Ñ) 6mg/mL,,,,¬O,,½Ð¿í«ü¥ÜªA§¹¾ã­ÓÀøµ{¡A­Yµo¥Í¥ÎÃÄ¤£¨}¤ÏÀ³½Ð§iª¾Âå¥Í¡C,¨Ï¥Î«e¶·¥[55²@¤É¤ô(«Ç·Å)°t»s¦¨¤fªAÄa¯B²G¡A¦A¨Ì«ü¥Ü·n¤Ã«áªA¥Î¡C,Complete treatment as directed; report side effects to your doctor.,Mix with 55mL water¡A and shake well before taking as directed.,½Õ°t«á¥i§NÂÃ(2-8¢J)«O¦s17¤Ñ©Î«Ç·Å(<25¢J)«O¦s10¤Ñ¡C,After mixing¡A store at 2-8¢XC for 17 days or at room temperature for 10 days.,202310 ·s¶iCDC¤½¶OÃÄª«,¤@¯ë,¤@¯ë,Äµ »y:½Ð¿í«ü¥ÜªA§¹¾ã­ÓÀøµ{¡A­Yµo¥Í¥ÎÃÄ¤£¨}¤ÏÀ³½Ð§iª¾Âå¥Í¡C,,,0,0,§_,60.0,,¬O,¬O,¬O,³æ¤è,§_,°±¥Î,°±¥Î,¤£¥i¿i,§_,,12.50,12.50,12.50,12.50,10,10,5,5,25.00,25.00,2.00,1.00,,¦³¹Ï¤ù,,0,,0,,J05AH02,,,,,6.00,,150.00,,BOT,,°·«O¤£¥Ó³ø¤£­p»ù,°·«O¤£¥Ó³ø¤£­p»ù,,,,§_,Liquid,ORALSOL,,,0,,0,mL,,,PH084,202403171620,0,0
LOSTAS,20230920,99999999,¥i¥Î,Oseltamivir Phosphate 6mg/mL¡A 60mL oral suspension,Oseltamivir Phosphate 6mg/mL¡A 60mL oral suspension,Oseltamivir,PO,BID,QANB,AI-03-01,¤fªA,ML,¦Û¶OOseltamivir ¤fªAÄa²G,«D²Õ®M,,,¤@¯ë¥i¥Î,¬O,¤£¥i¥ÎÃÄ¥]¾÷,°·«O¤£µ¹¥I,¤@¯ë,Á`¶q¶i¦ì,¾AÀ³¯g:¦¨¤H©M¨àµ£ªº¬y¦æ©Ê·P«_¤§ªvÀø»P¹w¨¾¡C,,Indication:Treatment and prevention of influenza.,,¥~ Æ[:´Ä¦â¬Á¼þ²~¤º§t¦â¯»¥½¡A¥Õ¦â»\¤l¡C,Appearance: Brown glass bottle with white powder¡A white cap.,¹Ã¦R¡Bäú¤ß¡B¯kµh¡BÀYµh¡C,Vomiting¡A nausea¡A pain¡A headache.,,¬Ò¥i¥Î,³t«g¬y¤fªAÄa²G¥Î¯»¾¯(¦Û¶O),Oseltamivir Phosphate 6mg/mL,,­­¦Û¶O,,¬O,,½Ð¿í«ü¥ÜªA§¹¾ã­ÓÀøµ{¡A­Yµo¥Í¥ÎÃÄ¤£¨}¤ÏÀ³½Ð§iª¾Âå¥Í¡C,¨Ï¥Î«e¶·¥[55²@¤É¤ô(«Ç·Å)°t»s¦¨¤fªAÄa¯B²G¡A¦A¨Ì«ü¥Ü·n¤Ã«áªA¥Î¡C,Complete treatment as directed; report side effects to your doctor.,Mix with 55mL water¡A and shake well before taking as directed.,½Õ°t«á¥i§NÂÃ(2-8¢J)«O¦s17¤Ñ©Î«Ç·Å(<25¢J)«O¦s10¤Ñ¡C,After mixing¡A store at 2-8¢XC for 17 days or at room temperature for 10 days.,2023Q3ÃÄ©e·s¶i,¤@¯ë,¤@¯ë,Äµ »y:½Ð¿í«ü¥ÜªA§¹¾ã­ÓÀøµ{¡A­Yµo¥Í¥ÎÃÄ¤£¨}¤ÏÀ³½Ð§iª¾Âå¥Í¡C,,,0,0,§_,60.0,,§_,¬O,§_,³æ¤è,§_,°±¥Î,°±¥Î,¤£¥i¿i,¬O,,12.50,12.50,12.50,12.50,10,10,5,5,25.00,25.00,2.00,1.00,,¦³¹Ï¤ù,,0,,0,,J05AH02,,,,,6.00,mg,150.00,mg,BOT,,¤£µ¹¥I¶·¦Û¥I,¤£µ¹¥I¶·¦Û¥I,,,,§_,Liquid,ORALSOL,,,0,,0,,,,PH047,202402230949,0,1400.00
LPEA,19960101,99999999,¥i¥Î,Peace syrup 60mL,Peace syrup 60mL,Triprolidine + Pseudoephedrine,PO,TID,HIMM,IM-01-00,¤fªA,ML,Actifed,«D²Õ®M,¼t°Ó¯Ê³f,,¤@¯ë¥i¥Î,¬O,¤£¥i¥ÎÃÄ¥]¾÷,,¤@¯ë,Á`¶q¶i¦ì,¾AÀ³¯g:¬°ºî¦X»óª¢ªvÀø¾¯¡A ½w¸Ñ¥´¼QÀ¡¡A ¬y»ó¤ô¡A »ó¶ëµ¥»óª¢¯gª¬,,Indication:Nasal congestion¡A allergic rhinitis.,,¥~ Æ[:¥Õ¦â²~¸Ë¡A ¥Õ¦â¥~»\,Appearance:White plastic bottle.,½Æµø¡A ·NÃÑ²V²c¡A ±Æ§¿§xÃø¡A ÀY·w¡A ¤f°®¡A ÀYµh¡A ¥Ö½§¬õ¯l,Blurred vision¡A confusion¡A difficult or painful urination¡A dizziness¡A dry mouth,,,»óºÖ¿}¼ß,Peace syr 60mL,,,§_,¬O,,¥»ÃÄ§ë»P«á¥i¯à¦³»´·L¿³¾Ä©ÎÂíÀR¤§²{¶Hµo¥Í,,Patient may experience an excited or sedation state.,,,,,¤@¯ë,¤@¯ë,Äµ »y:¥»ÃÄ§ë»P«á¥i¯à¦³»´·L¿³¾Ä©ÎÂíÀR¤§²{¶Hµo¥Í,,¤fªA²G,,,§_,60.0,,§_,¬O,§_,½Æ¤è,§_,¥i¥Î,¥i¥Î,¤£¥i¿i,¬O,,0,0,10.00,10.00,999,999,0,1,40.00,40.00,1.20,0.40,,¦³¹Ï¤ù,,0,,0,,R01BA52,R06AX07,R01BA02,,,,,,,BOT,§_,°·«Oµ¹¥I,°·«Oµ¹¥I,PSEUDOEPHEDRINE 6MG/ML + TRIPROLIDINE 250MCG/ML,R01BA52,AC27144151,§_,Liquid,SYRUP,,,,,,,,,PH070,202401102108,25.00,33.00
LPEC,19960101,99999999,°±¥Î,Pecolin 200/10 mg/mL¡A 120mL suspension,Pecolin 200/10 mg/mL¡A 120mL suspension,Kaolin + Pectin,AC,QIDPRN,ALIM,GI-02-00,¤fªA,ML,Kaopectin,«D²Õ®M,¼t°Ó¯Ê³f,,¤@¯ë¥i¥Î,¬O,¤£¥i¥ÎÃÄ¥]¾÷,°·«O¤£µ¹¥I,¤@¯ë,Á`¶q¶i¦ì,¾AÀ³¯g:¤îÂm¾¯,,Indication:Diarrhea.,,¥~ Æ[:¨Å¤g¦â²GÅé²~¸Ë¡A ¥Õ¦â¥~»\¡A ÂÅ¦â¦r¼Ë,Appearance:Plastic bottle¡A white suspension.,«K¯µ,constipation,,,°ª§JµgÄa¨Å²G,Pecolin 200/10 mg/mL¡A 120mL,,,§_,¬O,,½ÐªÅ¸¡ªA¥Î¡A ¥»ÃÄ»P¨ä¥LÃÄ«~¨ÖªA¦Ü¤Ö¶¡¹j3¤p®É,,Take this on an empty stomach.,Allow at least 3 hours with other medicines.,Äµ »y:¬°Á×§KÃÄ®Ä¤£§¡¡A ¨Ï¥Î«e½Ð°È¥²¥R¤À·n¤Ã,Precaution: Shaking well before using.,2016-4 ÃÄ©e·|¨MÄ³§R°£¡F2018.09ÃÄ©e¦A±Ò¥Î,¤@¯ë,¤@¯ë,Äµ »y:½ÐªÅ¸¡ªA¥Î¡A ¤Å»P¨ä¥LÃÄ«~¨ÖªA,,,,,§_,120.0,,§_,¬O,§_,½Æ¤è,§_,°±¥Î,°±¥Î,¤£¥i¿i,¬O,,10.00,10.00,30.00,30.00,999,999,0,1,120.00,120.00,2.00,0.50,,¦³¹Ï¤ù,,0,,0,,A07BC02,A07BC01,A07BC30,,,,,,,BOT,§_,¤£µ¹¥I¶·¦Û¥I,¤£µ¹¥I¶·¦Û¥I,,,,§_,LiquidSolidSuspension,ORSUSP,,,,,,,,,PH006,202002271421,0,69.00
LPHO,20031012,99999999,°±¥Î,Phospho-Soda 90mL,Phospho-Soda 90mL,Sodium Phosphate,PO,,ALIM,GI-03-00,¤fªA,BOT,Phospho-Soda,«D²Õ®M,°±¥Î,LPS45,¤@¯ë¥i¥Î,¬O,¤£¥i¥ÎÃÄ¥]¾÷,¥i¥Î,¤@¯ë,Á`¶q¶i¦ì,¾AÀ³¯g:½w¸Ñ«K¯µ©ÎÀË¬d«e¤§¸zÄé¬~,,Indication:Relief of occasional constipation.,,¥~ Æ[: ²~¸Ë 90 ml ¼á²M³z©ú²G,,äú¤ß¡B¹Ã¦R¡B¹ªµÈ·P,,,¬Ò¥i¥Î,Å@µÎ¹F¤fªA²G,Phospho-Soda 90mL,,,§_,¬O,,,,,,,,,¤@¯ë,¤@¯ë,Äµ »y:½ÐªA¥Î«á¾¨¥i¯à¦h³Ü¤ô¡A­Y¦³¥X¦å©Î¥¼±Æ«K½Ð§Y°±ÃÄ¨Ã¦^¶E,,,,,§_,1.0,,§_,§_,§_,½Æ¤è,§_,¥i¥Î,¥i¥Î,¤£¥i¿i,¬O,,1.00,1.00,1.00,1.00,99,99,1,1,0,0,0,0,0,µL¹Ï¤ù,,0,,0,,,,,,,,,,,BOT,,¤£µ¹¥I¶·¦Û¥I,¤£µ¹¥I¶·¦Û¥I,,,,§_,Liquid,ORALSOL,,,,,,,,,PH047,202303141716,0,380.00
LPIR,20161228,99999999,¥i¥Î,Piracetam soln 200mg/mL¡A 200mL,Piracetam soln 200mg/mL¡A 200mL,Piracetam,PO,QD,CNEU,CN-03-11,¤fªA,ML,Syntam,«D²Õ®M,Á{±ÄÃÄ¡A½Ð³qª¾ÃÄ§½¥~ÁÊ,,­Ó®×Á{±Ä,¬O,¤£¥i¥ÎÃÄ¥]¾÷,¥i¥Î,¤@¯ë,Á`¶q¶i¦ì,¾AÀ³¯g:¬°¸£¦åºÞ»ÙÃª§ïµ½¾¯,,Indication:Treatment of cerebral circulatory insufficiency.,,¥~ Æ[:¶À¥Õ¦â¬Û¶¡200²@¤É¶ì½¦²~,Appearance:200mL plastic bottle,¹B°Ê¾÷¯à¤®¶i¡A Åé­«¼W¥[¡A µJÄ¼,Hyperkinesia¡A weight gain¡A nervousness,,¬Ò¥i¥Î,¬£¥dµn¤ºªA²G¾¯,Piracetam 200mg/mL¡A 200mL,,,,¬O,,­Y¦P®É¨Ö¥Î§Ü¾®¦å¾¯warfarin¤§±wªÌ¡A ½Ð°È¥²§iª¾Âå®v,,Inform your doctor if you are taking warfarin.,,,,105-4 ÃÄ©e·|·s¶i,¤@¯ë,¤@¯ë,Äµ »y:­Y¦P®É¨Ö¥Î§Ü¾®¦å¾¯warfarin¤§±wªÌ¡A ½Ð°È¥²§iª¾Âå®v,,,0,0,§_,200.0,,§_,¬O,§_,³æ¤è,§_,¥i¥Î,¥i¥Î,¤£¥i¿i,¬O,,0,0,60.00,60.00,999,999,0,1,120.00,120.00,0,0,,¦³¹Ï¤ù,,0,,0,,N06BX03,,,,,0,,0,,BOT,,°·«Oµ¹¥I,°·«Oµ¹¥I,PIRACETAM,N06BX03,AB50206163,§_,Liquid,ORALSOL,,,,,,,,,PH034,202211141611,76.00,95.00
LPOL,20130916,99999999,°±¥Î,Poly Baby Multivitamin Drops 50mL,Poly Baby Multivitamin Drops 50mL,Multivitamin,PO,,NUTR,NU-02-00,¤fªA,ML,,«D²Õ®M,°±¥Î,,¤@¯ë¥i¥Î,¬O,¤£¥i¥ÎÃÄ¥]¾÷,°·«O¤£µ¹¥I,¤@¯ë,Á`¶q¶i¦ì,¾AÀ³¯g: ¦hºØºû¥L©R¯Ê¥F¯g,,Indication:Nutritional supplementary,,¥~ Æ[:50mL¾ï¦â³z©ú·»²G,Appearance: 50ml orange color solution,¹L±Ó¤ÏÀ³¡A·w¯t¡Aºû¥Í¯À¹L¶q,Allergic reactions¡A dizziness¡A hypervitaminosis,,¬Ò¥i¥Î,Ä_¨à¼ÖÀ¦¥®¨àºî¦Xºû¥L©Rºw¾¯,Poly Baby Multivitamin Drops,,,§_,¬O,,½Ð¿í·ÓÂå®v«ü¥Ü¨Ï¥Î¡A ­Yµo¥ÍºÃ¦üÃÄª«¤£¨}¤ÏÀ³½Ð§iª¾Âå¥Í,,,,³Æµù:½Ð¸m©ó«Ç·ÅÀx¦s,Store in a room temperature,,¤@¯ë,¤@¯ë,Äµ »y:½Ð¿í·ÓÂå®v«ü¥Ü¨Ï¥Î¡A­Yµo¥ÍºÃ¦üÃÄª«¤£¨}¤ÏÀ³½Ð§iª¾Âå¥Í¡C,,,0,0,§_,50.0,,§_,§_,§_,³æ¤è,§_,¥i¥Î,¥i¥Î,¤£¥i¿i,§_,,1.00,1.00,999.00,999.00,999,999,0,1,3.00,3.00,0,0,,¦³¹Ï¤ù,,0,,0,,A11GA01,A11CC05,A11DA01,A11HA03,B03BA01,,,,,BOT,§_,¤£µ¹¥I¶·¦Û¥I,¤£µ¹¥I¶·¦Û¥I,,,,§_,AdministrableDrugForm,ORDROP,,,,,,,,,PH047,202303141716,0,138.00
LPRE,19960101,99999999,°±¥Î,Prepulsid susp 1mg/mL¡A 100mL,Prepulsid susp 1mg/mL¡A 100mL,Cisapride,PO,,ALIM,GI-06-00,¤fªA,BOT,Prepulsid,«D²Õ®M,°±¥Î¡A¥i¬dÃþ¦üÃÄ,,¤@¯ë¥i¥Î,¬O,¤£¥i¥ÎÃÄ¥]¾÷,,¤@¯ë,Á`¶q¶i¦ì,¾AÀ³¯g:«P¶i¸z­G¹DÄ¯°Ê¡B½w¸Ñ­G­¹¹D°f¬y,,,,,,,,,,,Prepulsid susp 1mg/mL¡A 100mL,,,§_,¬O,,,,,,,,,¤@¯ë,¤@¯ë,Äµ »y:½ÐªÅ¸¡ªA¥Î¡A ¤Å»P¨ä¥LÃÄ«~¨ÖªA,,,,,§_,1.0,,§_,§_,§_,³æ¤è,§_,¥i¥Î,¥i¥Î,¤£¥i¿i,¬O,,1.00,1.00,999.00,999.00,999,999,1,1,0,0,0,0,,µL¹Ï¤ù,,0,,0,,,,,,,,,,,BOT,§_,°·«Oµ¹¥I,°·«Oµ¹¥I,CISAPRIDE,A03FA02,B018459155,§_,LiquidSolidSuspension,ORSUSP,,,,,,,,,PH047,202303141716,225.00,315.00
LPRE1,19960101,99999999,°±¥Î,Prepulsid susp 1mg/mL,Prepulsid susp 1mg/mL,Cisapride,PO,,ALIM,GI-06-00,¤fªA,ML,Prepulsid,«D²Õ®M,°±¥Î¡A¥i¬dÃþ¦üÃÄ,,¤@¯ë¥i¥Î,¬O,¤£¥i¥ÎÃÄ¥]¾÷,,¤@¯ë,Á`¶q¶i¦ì,¾AÀ³¯g:«P¶i¸z­G¹DÄ¯°Ê¡B½w¸Ñ­G­¹¹D°f¬y,,,,,,,,,,,Prepulsid susp 1mg/mL,,,§_,¬O,,,,,,,,,¤@¯ë,¤@¯ë,Äµ »y:½ÐªÅ¸¡ªA¥Î¡A ¤Å»P¨ä¥LÃÄ«~¨ÖªA,,,,,§_,1.0,,§_,§_,§_,³æ¤è,§_,°±¥Î,¥i¥Î,¤£¥i¿i,¬O,,1.00,1.00,999.00,999.00,999,999,1,1,0,0,0,0,,µL¹Ï¤ù,,0,,0,,,,,,,,,,,ML,§_,°·«Oµ¹¥I,°·«Oµ¹¥I,CISAPRIDE,A03FA02,B018459199,§_,LiquidSolidSuspension,ORSUSP,,,,,,,,,PH047,202303141717,2.23,3.00
LPS45,20061116,99999999,°±¥Î,Phospho-Soda 45mL,Phospho-Soda 45mL,Sodium Phosphate,PO,AS,ALIM,GI-03-00,¤fªA,BOT,Phospho-Soda,«D²Õ®M,°±¥Î,,¤@¯ë¥i¥Î,¬O,¤£¥i¥ÎÃÄ¥]¾÷,°·«O¤£µ¹¥I,¤@¯ë,Á`¶q¶i¦ì,¾AÀ³¯g:½w¸Ñ«K¯µ©ÎÀË¬d«e¤§¸zÄé¬~,,Indication:Relieve occasional constipation¡A bowel irrigation,,¥~ Æ[:²~¸Ë 45 mL ¼á²M³z©ú²G,Appearance:White/green box.,äú¤ß¡A ¹Ã¦R¡A ¹ªµÈ·P,Nausea¡A vomiting¡A bloating.,,¥u¥Î©óªù¶E¤Î¦í°|STAT,Å@µÎ¹F¤fªA²G,Phospho-Soda 45mL,,,§_,¬O,,½ÐªA¥Î«á¾¨¥i¯à¦h³Ü¤ô¡A ­Y¦³¥X¦å©Î¥¼±Æ«K½Ð§Y°±ÃÄ¨Ã¦^¶E,,Drink plenty of fluids while you are using the medicine.,,,,,¤@¯ë,¤@¯ë,Äµ »y:½ÐªA¥Î«á¾¨¥i¯à¦h³Ü¤ô¡A­Y¦³¥X¦å©Î¥¼±Æ«K½Ð§Y°±ÃÄ¨Ã¦^¶E,,,,,§_,1.0,,§_,§_,§_,½Æ¤è,§_,¥i¥Î,¥i¥Î,¤£¥i¿i,¬O,,1.00,1.00,2.00,2.00,999,999,1,1,2.00,2.00,0,0,,¦³¹Ï¤ù,,0,,0,,A06AD17,,,,,,,,,BOT,,¤£µ¹¥I¶·¦Û¥I,¤£µ¹¥I¶·¦Û¥I,,,,§_,Liquid,ORALSOL,,,,,,,,,PH047,202303230939,0,186.00
LPUS,20231222,99999999,¥i¥Î,Pushingon oral solution 2mg/mL¡A 60mL(±M®×»s³y),Pushingon oral solution 2mg/mL¡A 60mL(±M®×»s³y),Propranolol,PO,TIDAC,CAVS,CV-04-02,¤fªA,ML,See-Cheng Pushingon oral solution,«D²Õ®M,Á{±ÄÃÄ¡A½Ð³qª¾ÃÄ§½¥~ÁÊ,,­Ó®×Á{±Ä,¬O,¤£¥i¥ÎÃÄ¥]¾÷,°·«O¤£µ¹¥I,¤@¯ë,Á`¶q¶i¦ì,¾AÀ³¯g: ªvÀø¦åºÞ½F¡BÀR¯ß½F¡C,,Indication: Treats infantile hemangioma.,,¥~ Æ[: 60²@¤É²`¦â¬Á¼þ²~,Appearance: 60 mL dark glass bottle.,¦åÀ£°¾§C¡B¤ß¸õ®}½w¡C,Hypotension¡A bradycardia.,,¥u¥Î©óªù¶E¤Î¦í°|STAT,µL (±M®×»s³yÃÄª«),Pushingon oral solution (±M®×),,­­¦Û¶O,,¬O,,½Ð¿íÂå®v«ü¥Ü«ö®É¥ÎÃÄ¡A¤Å¦Û¦æ§ïÅÜ¾¯¶q¡B¥Îªk©Î¥ô·N°±ÃÄ¡C,ªAÃÄ«á­Y¥X²{¥ô¦ó¤£¾A¡B°Æ§@¥Î¡AÀ³¥D°Ê§iª¾Âå®v¡C,Follow prescribed instructions; do not self-adjust or stop medication.,Proactively inform doctor of any discomfort or side effects from medication.,¶}«Ê«á¦³®Ä´Á­­¡G§NÂÃ(2~8¢XC)¥i«O¦s¤@­Ó¤ë¡C,Shelf life after opening: 1 month refrigerated at 2-8¢XC.,202312 ¨à¬ìµL¥N½XÁ{±Ä¥Ó½Ð,¤@¯ë,¤@¯ë,Äµ »y: ½Ð¿íÂå®v«ü¥Ü«ö®É¥ÎÃÄ¡A¤Å¦Û¦æ§ïÅÜ¾¯¶q¡B¥Îªk©Î¥ô·N°±ÃÄ¡C,,,0,0,§_,60.0,,¬O,¬O,§_,³æ¤è,§_,°±¥Î,°±¥Î,¤£¥i¿i,§_,,0,0,10.00,10.00,99,99,0,0,30.00,30.00,2.00,2.00,,¦³¹Ï¤ù,,0,,0,1-3 mg/kg/day,C07AA05,,,,,2.00,mg,160.00,mg,BOT,,¤£µ¹¥I¶·¦Û¥I,¤£µ¹¥I¶·¦Û¥I,,,,§_,Liquid,ORALSOL,,,0,,0,,,,PH047,202401311509,0,960.00
LRIS,19960101,99999999,¥i¥Î,Risperdal solution 1mg/mL¡A 30mL,Risperdal solution 1mg/mL¡A 30mL,Risperidone,PO,QD,CNEU,CN-02-01,¤fªA,ML,Risperdal,«D²Õ®M,,,¤@¯ë¥i¥Î,¬O,¤£¥i¥ÎÃÄ¥]¾÷,,¤@¯ë,Á`¶q¶i¦ì,¾AÀ³¯g:«äÄ±¥¢½Õ¯g¡AÂù·¥©Ê¯e±w¤§Ä¼¯gµo§@,,Indication:Psychotic symptoms¡A mania,,¥~ Æ[:½Å¦â¬Á¼þ²~¸Ë¡A ¥Õ¦â¥~»\¡A ºñ¦â¦r¼Ë,Appearance:White/green/yellow box.,°Ê§@¿ð½w¡A §¤¥ß¤£¦w¡A µø¤O¼Ò½k¡A ¤ë¸g¶g´Á§ïÅÜ¡A ¤âµo§Ý,Slow movement; inability to sit still; blurred vision; menstrual changes.,,,²z«ä¥²§´²G¾¯,Risperdal soln 1mg/mL¡A 30mL,,,¬O,¬O,,¥ÎÃÄ«á¥i¯àµo¥ÍÀY·w¡A ¤Å¶¼°s,,Drink plenty of fluids while you are using the medicine.,,¥i¯à·|³y¦¨¶ÝºÎ©Î·w¯t¡A ¶}¨®©Î¾Þ§@¦MÀI¾÷¾¹½Ð¤p¤ß,May make you dizzy; use caution while driving or operating machinery,,¤@¯ë,¤@¯ë,Äµ »y¡G¥ÎÃÄ«á¥i¯àµo¥ÍÀY·w¡A¤Å¶¼°s,,,,,§_,30.0,,§_,¬O,§_,³æ¤è,§_,¥i¥Î,¥i¥Î,¤£¥i¿i,¬O,,1.00,1.00,4.00,4.00,999,999,0,1,16.00,16.00,0,0,,¦³¹Ï¤ù,,0,,0,,N05AX08,,,,,,,,,BOT,§_,°·«Oµ¹¥I,°·«Oµ¹¥I,RISPERIDONE,N05AX08,BC22094143,§_,Liquid,ORALSOL,,,,,,,,,PH047,202303141717,493.00,592.00
LRIV,20201224,99999999,¥i¥Î,Rivast 2mg/mL¡A 120mL solution,Rivast 2mg/mL¡A 120mL solution,Rivastigmine,PC,BID,CNEU,CN-03-10,¤fªA,ML,Exelon,«D²Õ®M,Á{±ÄÃÄ¡A½Ð³qª¾ÃÄ§½¥~ÁÊ,,­Ó®×Á{±Ä,¬O,¤£¥i¥ÎÃÄ¥]¾÷,¥i¥Î,¤@¯ë,Á`¶q¶i¦ì,¾AÀ³¯g:»´«×¦Ü¤¤«×ªü´þ®üÀq«¬¥¢´¼¯g¡C©¬ª÷´Ë¤ó¯g¬ÛÃöªº¥¢´¼¯g¡C,,Indication:Alzheimer dementia¡A Parkinson disease dementia.,,¥~ Æ[:´Ä¦â¬Á¼þ²~¸Ë,Appearance:Brown glass bottle.,äú¤ß¡A¹Ã¦R¡A¸¡Âm¡A­¹¼¤¤£®¶¡AÀY·w,Nausea¡A vomiting¡A Diarrhea¡A Loss of appetite¡A Dizziness,,¬Ò¥i¥Î,²z°Ò´£¤ºªA²G¾¯,Rivast 2mg/mL¡A 120mL solutio,,,,¬O,,¤ºªþ±M¥ÎÃÄºÞ¡A ½Ðµ¹ÃÄªÌ°È¥²¯d·N¥¿½T¨è«×³æ¦ì»P¨Ï¥Î¾¯¶q,,Note the administration's correct units and dose by special cartridge In package,,¦³¼ìºÅ¡B§¿¹Dªý¶ë¡B®ð³Ý¯e¯f¥v¡A¥»«~À³¤p¤ß¨Ï¥Î¡C,Use with caution in patients at risk of peptic ulcer¡Aurinary obstruction¡A asthma,2020.12­Ó®×Á{±Ä,¤@¯ë,¤@¯ë,¤ºªþ±M¥ÎÃÄºÞ¡A ½Ðµ¹ÃÄªÌ°È¥²¯d·N¥¿½T¨è«×³æ¦ì»P¨Ï¥Î¾¯¶q.,,,0,0,§_,120.0,,§_,¬O,§_,³æ¤è,§_,¥i¥Î,¥i¥Î,¤£¥i¿i,¬O,,0,0,3.00,3.00,999,999,28,28,6.00,6.00,0,0,,¦³¹Ï¤ù,,0,,0,,N06DA03,,,,,0,,0,,BOT,,°·«Oµ¹¥I,°·«Oµ¹¥I,RIVASTIGMINE,N06DA03,AC52566157,§_,Liquid,ORALSOL,,,0,,0,,,,PH034,202202281151,1147.00,1376.00
LROT2,20061228,99999999,¥i¥Î,Rotarix (gsk ½üª¬¯f¬r¬Ì­]) 1.5mL/dose,Rotarix 1.5mL/dose oral suspension,Human Rotavirus,PO,STAT,HIMM,IM-02-02,¤fªA,DOS,Rotarix,«D²Õ®M,,,¤@¯ë¥i¥Î,§_,¤£¥i¥ÎÃÄ¥]¾÷,°·«O¤£µ¹¥I,¤@¯ë,Á`¶q¶i¦ì,¾AÀ³¯g:¹w¨¾½üª¬¯f¬r©Ò¤Þ°_ªº¸z­Gª¢,,Indication:Prevention of gastroenteritis caused by rotavirus,,¥~ Æ[:²`ºñ¦â¬õ¦â¥Õ¦â¬Û¶¡¥~²°,Apperance:Dark green/white/red box,¸z­G¾÷¯à»ÙÃª¡A ¥Öª¢¡A ¬õ¼ö¡A ¦ÙµjÅË¡A µo¿N¡A ¯h­Â,GI disturbances¡A dermatitis¡A rash¡A muscle spasm¡A fever¡A fatigue.,,¬Ò¥i¥Î,Ã¹¯S«ß½üª¬¯f¬r¬Ì­]¤fªAÄa²G¾¯,Rotarix oral suspension 1.5m,2ROTA,,§_,¬O,,»â¨ú¬Ì­]«á¡A ½Ð¥ß§Y¦Üª`®g«Ç¨Ì«ü¥Ü¨Ï¥Î,,After receiving the vaccine¡A please go to the injection room immediately.,,³Æµù: ¦³«æ©ÊÄY­«µo¿N¡A ¹Ã¦R¡A ¸¡Âm¯gª¬À³©µ¿ð¬I¤©,Postpone vaccination in acute severe febrile illness¡A vomiting¡A diarrhea.,,¤@¯ë,ª`®g,Äµ »y:»â¨ú¬Ì­]«á¡A½Ð¥ß§Y¦Üª`®g«Ç¨Ì«ü¥Ü¨Ï¥Î¡C,SA «÷­µ¬Û¦ü,,,,§_,1.0,,§_,¬O,¬O,³æ¤è,§_,°±¥Î,°±¥Î,¤£¥i¿i,¬O,,1.00,1.00,1.00,1.00,2,2,1,1,1.00,1.00,0,0,,¦³¹Ï¤ù,,0,,0,,J07BH01,,,,,,,,,DOS,,¤£µ¹¥I¶·¦Û¥I,¤£µ¹¥I¶·¦Û¥I,,,,§_,LiquidSolidSuspension,ORSUSP,,,,,,,,,PH047,202303141717,0,2700.00
LROT3,20061228,99999999,¥i¥Î,RotaTeq (MSD ½üª¬¯f¬r¬Ì­]) 2mL/dose,RotaTeq (MSD) 2mL/dose,Human Rotavirus,PO,STAT,HIMM,IM-02-02,¤fªA,DOS,RotaTeq,«D²Õ®M,,,¤@¯ë¥i¥Î,¬O,¤£¥i¥ÎÃÄ¥]¾÷,°·«O¤£µ¹¥I,¤@¯ë,Á`¶q¶i¦ì,¾AÀ³¯g:½üª¬¯f¬r¤fªA¬Ì­],,Indication:Prevention of gastroenteritis caused by rotavirus,,¥~ Æ[:¥Õ¦â²`ºñ¦â²`ÂÅ¦â¦Ç¦â¬Û¶¡¥~¥]¸Ë,Apperance:White/dark green/dark blue grey box,¸¡Âm¡A ¹Ã¦R¡A ©ö«ã¡A µo¿N,Diarrhea¡A vomiting¡A irritability¡A fever.,,¬Ò¥i¥Î,½ü¹F°±½üª¬¯f¬r¬Ì­],RotaTeq (MSD) 2mL/dose,3ROTA,,§_,¬O,,»â¨ú¬Ì­]«á¡A ½Ð¥ß§Y¦Üª`®g«Ç¨Ì«ü¥Ü¨Ï¥Î,,After receiving the vaccine¡A please go to the injection room immediately.,,³Æµù: ¦³«æ©ÊÄY­«µo¿N¡A ¹Ã¦R¡A ¸¡Âm¯gª¬À³©µ¿ð¬I¤©,Postpone vaccination in acute severe febrile illness¡A vomiting¡A diarrhea.,,¤@¯ë,ª`®g,Äµ »y:»â¨ú¬Ì­]«á¡A½Ð¥ß§Y¦Üª`®g«Ç¨Ì«ü¥Ü¨Ï¥Î¡C,SA «÷­µ¬Û¦ü,,,,§_,1.0,,§_,¬O,¬O,³æ¤è,§_,°±¥Î,°±¥Î,¤£¥i¿i,¬O,,1.00,1.00,1.00,1.00,3,3,1,1,1.00,1.00,0,0,,¦³¹Ï¤ù,,0,,0,,J07BH01,,,,,,,,,TUB,,¤£µ¹¥I¶·¦Û¥I,¤£µ¹¥I¶·¦Û¥I,,,,§_,LiquidSolidSuspension,ORSUSP,,,,,,,,,PH047,202303141717,0,1700.00
LSCR,20161228,99999999,¥i¥Î,Scrat 1gm/10mL/pack suspension,Scrat 1gm/10mL/pack suspension,Sucralfate,AC,QID,ALIM,GI-01-01,¤fªA,PK,,«D²Õ®M,,,¤@¯ë¥i¥Î,¬O,¤£¥i¥ÎÃÄ¥]¾÷,¥i¥Î,¤@¯ë,¦¸­p¶q¶i¦ì,¾AÀ³¯g:­G°f¬y©Ê­¹¹D¯e¯f¤Î®ø¤Æ¹D¼ìºÅ,,Indication:Erosive esophagitis & gastroesophageal reflux,,¥~ Æ[:10²@¤É²G¾¯¥]¸Ë,Appearance:10mL suspension,«K¯µ,Constipation,,¬Ò¥i¥Î,«O­GÄa¨Å²G,Scrat 1gm/10mL/pack suspensi,,,,¬O,,½Ð©ó¶º«e30¤ÀÄÁªA¥Î,,Take this medication 30 mins before food.,,»P¨ä¥¦­GÃÄ¦PªA½Ð¶¡¹j30¤ÀÄÁ¥H¤W,Other antacids should not be taken within 30 mins before or after administration,,¤@¯ë,¤@¯ë,Äµ »y:½Ð©ó¶º«e30¤ÀÄÁªA¥Î¡A»P¨ä¥¦­GÃÄ¦PªA½Ð¶¡¹j30~60¤ÀÄÁ,,,0,0,§_,1.0,,§_,¬O,§_,³æ¤è,§_,¥i¥Î,¥i¥Î,¤£¥i¿i,¬O,,1.00,1.00,2.00,2.00,999,999,0,1,8.00,8.00,0,0,,¦³¹Ï¤ù,,0,,0,,A02BX02,,,,,0,,0,,PK,,°·«Oµ¹¥I,°·«Oµ¹¥I,SUCRALFATE,A02BX02,AC43945129,§_,LiquidSolidSuspension,ORSUSP,,,,,,,,,PH047,202303141717,15.10,20.00
LSEC,19960101,99999999,¥i¥Î,Secorine syrup 120mL,Secorine syrup 120mL,Chlorpheniramine + Guaifenesin + Methylephedrine,PO,QID,ERSP,RE-05-03,¤fªA,ML,Secorine,«D²Õ®M,,,¤@¯ë¥i¥Î,¬O,¤£¥i¥ÎÃÄ¥]¾÷,,¤@¯ë,Á`¶q¶i¦ì,¾AÀ³¯g:½w¸Ñ·P«_¤§¦UºØ¯gª¬,,Indication:Relief of cold symptoms,,¥~ Æ[:120 mL ¶ì½¦²~¸Ë¬õ¦âÃÄ¤ô,Appearance:Plastic bottle¡A red liquid.,©ü©ü±ýºÎ,sleepy,,,®§«y¹ç¿}¼ß,Secorine syrup 120mL,,,§_,¬O,,½Ð¿í·ÓÂå®v«ü¥Ü¨Ï¥Î¡A ­Yµo¥ÍºÃ¦üÃÄª«¤£¨}¤ÏÀ³½Ð§iª¾Âå¥Í,,Follow doctor's advice. Check with doctor if you notice any side effects.,,,,,¤@¯ë,¤@¯ë,Äµ »y:½Ð¿í·ÓÂå®v«ü¥Ü¨Ï¥Î¡A­Yµo¥ÍºÃ¦üÃÄª«¤£¨}¤ÏÀ³½Ð§iª¾Âå¥Í¡C,,,,,,120.0,,§_,¬O,§_,½Æ¤è,§_,¥i¥Î,¥i¥Î,¤£¥i¿i,¬O,,0,0,20.00,20.00,999,999,0,1,60.00,60.00,2.00,0.50,,¦³¹Ï¤ù,,0,,0,,R05CA09,R05CA10,R06AB04,,,,,,,BOT,§_,°·«Oµ¹¥I,°·«Oµ¹¥I,CHLORPHENIRAMINE 0.1MG/ML + METHYLEPHEDRINE 1MG/ML + GUAIFENESIN 5MG/ML,R05X,A040833157,§_,Liquid,SYRUP,,,,,,,,,PH047,202303141717,24.30,32.00
LSHO,19960101,99999999,°±¥Î,Showmin 0.4mg/mL¡A 60mL,Showmin 0.4mg/mL¡A 60mL,Cyproheptadine,PO,TID,HIMM,IM-01-00,¤fªA,ML,Periactin,«D²Õ®M,°±¥Î,LCYP,¤@¯ë¥i¥Î,¬O,¤£¥i¥ÎÃÄ¥]¾÷,,¤@¯ë,Á`¶q¶i¦ì,¾AÀ³¯g:¬°§Ü²ÕÂ´ÓiÃÄ¡Aªv¹L±Ó©Ê»óª¢¡BëC³Â¯l¡B»ó¶ë¡B¥i«P¶i­¹¼¤,,Indication:Symptomatic relief of allergic conditions,,¥~ Æ[:¶À¦â²GÅé²~¸Ë¡A ¥Õ¦â¥~»\¡A ¥Õ¦â¥~¶K¯È,Appearance:Plastic bottle¡A yellow liquid.,©ü©ü±ýºÎ¡A ¤f°®¡A ­Gµh©Îäú¤ß¡A ÀYµh¡A Åé­«¼W¥[,Sleepy; dryness of mouth; stomach pain¡A or nausea; headache; weight gain,,,©~Â§®ø±Ó¿}¼ß,Showmin 0.4mg/mL¡A 60mL,,,§_,¬O,,³¡¤À¤H¨Ï¥Î«á¥i¯à¤Þ°_¯h­Â¡A µtºÎªº²{¶H,,May cause fatigue¡A sleepiness.,,,,,¤@¯ë,¤@¯ë,Äµ »y:³¡¤À¤H¨Ï¥Î«á¥i¯à¤Þ°_¯h­Â¡BµtºÎªº²{¶H,,,,,§_,60.0,,§_,§_,§_,³æ¤è,§_,¥i¥Î,¥i¥Î,¤£¥i¿i,¬O,,1.00,1.00,10.00,10.00,999,999,0,1,30.00,30.00,0,0,,¦³¹Ï¤ù,,0,,0,,R06AX02,,,,,,,,,BOT,§_,°·«Oµ¹¥I,°·«Oµ¹¥I,CYPROHEPTADINE,R06AX02,A022433151,§_,Liquid,ORALSOL,,,,,,,,,PH047,202303141717,14.80,19.00
LSIM,20100121,99999999,¥i¥Î,(­­¸z­G¤¤¤ß)Simethicone 20mg/mL suspension,(­­¸z­G¤¤¤ß)Simethicone 20mg/mL suspension,Simethicone,PO,STAT,ALIM,GI-06-00,¤fªA,ML,(­­¸z­G¤¤¤ß)Simethicone susp 20mg/mL,«D²Õ®M,,,³æ¦ìÁ{±Ä,¬O,¤£¥i¥ÎÃÄ¥]¾÷,°·«O¤£µ¹¥I,¤@¯ë,Á`¶q¶i¦ì,¾AÀ³¯g:­G¸zµÈ®ð,,Indication:Relief of flatulence.,,,,,,,¥u¥Î©óªù¶E¤Î¦í°|STAT,­Gº¸±dÄa¯B²G,Simethicone susp 20mg/mL,,,§_,¬O,,25¢J¥H¤UÁ×¥ú¡Aºò³¬®e¾¹¤º«O¦s¡C,,,,,,ÀË¬d²Õ®M¥ÎÃÄ¡AÃÄ§½µL®w¦s¡A¸z­G¤¤¤ß¦VÃÄ®w³æ¦ì½Ð»â¡C,¤@¯ë,¤@¯ë,Äµ »y:½Ð¨Ì·Ó«ü¥Ü´Á­­¤º¨Ï¥Î¡A«ØÄ³ÃÄ«~¶}«Ê¤@­Ó¤ë«á¤£À³¦A¥Î,,,,,§_,1.0,,§_,¬O,§_,³æ¤è,§_,°±¥Î,°±¥Î,¤£¥i¿i,§_,,1.00,1.00,5.00,5.00,99,99,1,1,0,0,0,0,,¦³¹Ï¤ù,,0,,0,,,,,,,,,,,ML,,¤£µ¹¥I¶·¦Û¥I,¤£µ¹¥I¶·¦Û¥I,,,,§_,LiquidSolidSuspension,ORSUSP,,,,,,,,,PH047,202303141717,0,3.00
LSLI,20230322,99999999,¥i¥Î,SlipFeel 45mL Oral Laxative (°·¶E±M¥Î),SlipFeel 45mL Oral Laxative (°·¶E±M¥Î),Sodium Phosphate,PO,ASORDER,ALIM,GI-03-00,¤fªA,BOT,Phospho-Soda,«D²Õ®M,°±¥Î,,³æ¦ìÁ{±Ä,¬O,¤£¥i¥ÎÃÄ¥]¾÷,°·«O¤£µ¹¥I,¤@¯ë,Á`¶q¶i¦ì,¾AÀ³¯g:½w¸Ñ°¸µo©Ê«K¯µ¡B¤â³N«e¡BX¥ú©Î¤ºµøÃèÀË¬d«e¤§¸zÄé¬~,,Indication:Relieve constipation; bowel irrigation,,¥~ Æ[:45mL¥Õ¦â¶ì½¦²~¸Ë,Appearance:45mL white plastic bottle.,¹q¸Ñ½è¥¢¿Å¡B«æ©ÊÁC»ÄÆQµÇ¯f¡B¬õ¯l¡B·kÄo,Electrolyte imbalance¡A acute phosphate nephropathy¡A rash¡A and itching.,,¥u¥Î©óªù¶E,¥q¼ÖµÎ¤fªA²G,SlipFeel 45mL (°·¶E±M¥Î),,,,¬O,,¨C¦¸ªA¥Î¤£¥i¶W¹L45 mL¡AªAÃÄ«á½ÐºÉ¥i¯à¦h³Ü¤ô¡C,,Do not exceed 45 mL per dose and drink as much water as possible,,­YªAÃÄ«á6¤p®É¥¼±Æ«K¡B¥X²{²æ¤ô©Î¥X¦å¡A½Ð°±¥Î¨Ã¦^¶E¡C,Stop medication¡A if no bowel movement or dehydration after 6 hours of taking,2023.03 ³æ¦ìÁ{±Ä:°·¶E (ÃÄ§½µL®w¦s¡A°·¶E¦VÃÄ®w½Ð»â),¤@¯ë,¤@¯ë,Äµ »y:­YªAÃÄ«á6¤p®É¥¼±Æ«K¡B¥X²{²æ¤ô©Î¥X¦å¡A½Ð°±¥Î¨Ã¦^¶E¡C,,,0,0,§_,1.0,,§_,¬O,§_,³æ¤è,,°±¥Î,°±¥Î,¤£¥i¿i,§_,,1.00,1.00,1.00,1.00,999,999,1,1,2.00,2.00,0.02,0.02,,µL¹Ï¤ù,,0,,0,,A06AD17,,,,,0,g,50.00,g,BOT,,¤£µ¹¥I¶·¦Û¥I,¤£µ¹¥I¶·¦Û¥I,,,,§_,Liquid,ORALSOL,,,0,,0,,,,PH047,202303241533,0,126.00
LSOO,20240308,99999999,¥i¥Î,Soonmelt ¿}¼ß 31.25mg/mL¡A 100mL,Soonmelt syrup 31.25mg/mL¡A 100mL,Amoxicillin + Clavulanic Acid,PO,Q8H,QANB,AI-01-01,¤fªA,ML,Augmentin Syrup,«D²Õ®M,,,¤@¯ë¥i¥Î,¬O,¤£¥i¥ÎÃÄ¥]¾÷,±ø¥ó¤Uµ¹¥I,¤@¯ë,Á`¶q¶i¦ì,¾AÀ³¯g: ²Óµß©Ê·P¬Vµu´ÁªvÀø¡C,,Indication: Treat bacterial infections. (Antibiotic),,¥~ Æ[: ³z©ú¬Á¼þ²~,Appearance: Transparent glass container.,¸¡Âm¡B®ø¤Æ¤£¨}¡Bäú¤ß¡B¬õ¯l¡B¹L±Ó©Ê¤ÏÀ³¡C,Diarrhea¡A dyspepsia¡A nausea¡A rash¡A allergic reactions.,,¬Ò¥i¥Î,Âù¦XÅð¯À¿}¼ß¥Î¯»¾¯ 31.25¤½µ·/¤½¼¼,Soonmelt syrup 31.25mg/mL,,,,¬O,,½Ð¿í«ü¥ÜªA§¹¾ã­ÓÀøµ{¡A­Yµo¥Í¥ÎÃÄ¤£¨}¤ÏÀ³½Ð§iª¾Âå¥Í¡C,½Ð¥H§N¶}¤ô½Õ¤Ã¦Ü²~¨­¼Ð»x³B100²@¤É¡A¥[¤ô«áÀ³§NÂÃ¨Ã©ó¥Î«e·n¤Ã¡C,Complete treatment as directed; report side effects to your doctor.,Add cold water into the bottle to the mark "100". Shake well before each use.,°t»s¦nªºÄa¯B²G¥²¶·§NÂÃ(2-8¢J)¡A¨Ã¦b7¤é¤º¥Î§¹¡C,After dispensing¡A store in the refrigerator (2-8¢J) and discard after 7 days.,202403 Augmentin¿}¼ß¯Ê³f´À¥N,¤@¯ë,¤@¯ë,Äµ »y:½Ð¿í«ü¥ÜªA§¹¾ã­ÓÀøµ{¡A­Yµo¥Í¥ÎÃÄ¤£¨}¤ÏÀ³½Ð§iª¾Âå¥Í¡C,,¿}¼ß,0,0,§_,100.0,,§_,¬O,§_,½Æ¤è,§_,°±¥Î,°±¥Î,¤£¥i¿i,¬O,,0,0,20.00,20.00,7,7,0,0,60.00,60.00,1.60,0.53,,¦³¹Ï¤ù,,0,,0,,J01CR02,J01CA04,,,,25.00,mg,1500.00,mg,BOT,§_,°·«Oµ¹¥I,°·«Oµ¹¥I,AMOXICILLIN 25MG/ML + CLAVULANIC ACID 6.25MG/ML,J01CR02,AC44123114,§_,Liquid,SYRUP,,,0,,0,,,,PH047,202403251057,170.00,204.00
LSOR,20200915,99999999,¥i¥Î,®§«y²GSortuss Cough liquid 60mL,Sortuss Cough liquid 60mL,Dextromethorphan+Guaiacol Glycolate+Ipecac extract,PO,Q4H,ERSP,RE-05-03,¤fªA,ML,Sortuss (½Æ¤è²G¾¯),«D²Õ®M,,,,¬O,¤£¥i¥ÎÃÄ¥]¾÷,¥i¥Î,¤@¯ë,Á`¶q¶i¦ì,¾AÀ³¯g: Âí«y¡A×¶·ð,,Indication: Cough¡A expectorant,,¥~ Æ[: ¥Õ¦â¶ì½¦²~¡A¤W¦³¬õ¦â¼ÐÅÒ,Appearance:White plastic bottle with red label,¸z­G»ÙÃª¡A¯h³Ò,Gastrointestinal disorders¡A fatigue,,¬Ò¥i¥Î,®§«y²G,Sortuss Cough liquid 60mL,,,,¬O,,¤£±o¨ÖªA§t°sºë¶¼®Æ.,,Avoid alcoholic drinking.,,¨Ï¥Î«e½Ð¥ý®¶·n§¡¤Ã.,Shake well before use.,2020Q3ÃÄ©e·s¶i,¤@¯ë,¤@¯ë,Äµ »y¡G¥ÎÃÄ´Á¶¡À³Á×§K¶¼¥Î§t°sºë¶¼®Æ,,,0,0,§_,60.0,,§_,¬O,§_,½Æ¤è,§_,¥i¥Î,¥i¥Î,¤£¥i¿i,¬O,,0,0,20.00,20.00,999,999,0,1,80.00,80.00,6.00,1.00,,¦³¹Ï¤ù,,0,,0,,R05CA04,R05CA09,R05DA09,R05FA02,,0,,0,,BOT,§_,°·«Oµ¹¥I,°·«Oµ¹¥I,DEXTROMETHORPHAN 1MG/ML + GUAIFENESIN 10MG/ML + IPECAC 0.3MCL/ML,R05FA02,AC40706151,,Liquid,ORALSOL,,,0,,0,,,,PH006,202211111139,25.00,33.00
LSTR,20050317,99999999,¥i¥Î,Strolin liquid 0.5mg/mL¡A 60mL,Strolin liquid 0.5mg/mL¡A 60mL,Fenoterol,PO,TID,ERSP,RE-01-00,¤fªA,ML,Berotec,«D²Õ®M,,,¤@¯ë¥i¥Î,¬O,¤£¥i¥ÎÃÄ¥]¾÷,¥i¥Î,¤@¯ë,Á`¶q¶i¦ì,¾AÀ³¯g:¹w¨¾¤ÎªvÀø¤ä®ðºÞµjÅË,,Indication:Treatment of symptoms of reversible bronchospasm,,¥~ Æ[:60 mL ¥Õ¦â²~¸Ë,Appearance:Plastic bottle.,¦Ù¦×¾_Å¸¡A ¤ß·i§Ö³t¡A ·w¯t¡A ¤ß±ª¡A ÀYµh,Tremor of skeletal muscles¡A tachycardia¡A dizziness or headache.,,¬Ò¥i¥Î,¾A³Ý¹ç²G,Strolin liq 0.5mg/mL¡A 60mL,,,§_,¬O,,ªAÃÄ«á¥i¯à¼È¦³¤ß¸õ¥[³t¡A ¤£¦w¡A ¿³¾Ä¡A ¤f°®µ¥²{¶H,,May temporarily induce rapid heartbeat¡A anxiety¡A excitement¡A,dry mouth.,,,,¤@¯ë,¤@¯ë,Äµ »y:ªAÃÄ«á¥i¯à¼È¦³¤ß¸õ¥[³t¡B¤£¦w¡B¿³¾Ä¡B¤f°®µ¥²{¶H,LA ¥~Æ[¬Û¦ü,,,,§_,60.0,,§_,¬O,§_,³æ¤è,§_,¥i¥Î,¥i¥Î,¤£¥i¿i,¬O,,0,0,10.00,10.00,999,999,0,1,30.00,30.00,9.00,9.00,,¦³¹Ï¤ù,,0,,0,,R03CC04,,,,,,,,,BOT,§_,°·«Oµ¹¥I,°·«Oµ¹¥I,FENOTEROL,R03CC04,AC43189151,§_,Liquid,ORALSOL,,,,,,,,,PH047,202303141717,25.10,33.00
LSUL,20090526,99999999,¥i¥Î,Sulfacotrim 40/8mg/mL¡A 60mL suspension,Sulfacotrim 40/8mg/mL¡A 60mL suspension,Sulfamethoxazole + Trimethoprim,PO,BID,QANB,AI-01-09,¤fªA,ML,Baktar,«D²Õ®M,,,¤@¯ë¥i¥Î,¬O,¤£¥i¥ÎÃÄ¥]¾÷,¥i¥Î,¤@¯ë,Á`¶q¶i¦ì,¾AÀ³¯g:²Óµß©Ê·P¬V,,Indication:Antibiotic for infection.,,¥~ Æ[:60mL²~¸Ë,Appearance:Plastic bottle¡A yellow suspension.,¥ú±Ó·P¡A ¸¡Âm¡A ÀY·w¡A ­¹¼¤¯Ê¥F¡A äú¤ß©Îäú¦R¡A ¯h­Â,Increased sensitivity of skin to sunlight¡A diarrhea¡A dizziness¡A headache¡A loss o,,¬Ò¥i¥Î,¨Fªk§J¹çÄa²G¾¯,Sulfacotrim susp 60mL,,,§_,¬O,,¬°Á×§KÃÄ®Ä¤£§¡¡A ¨Ï¥Î«e½Ð°È¥²¥R¤À·n¤Ã,,Shaking well before using.,,,,,¤@¯ë,¤@¯ë,Äµ »y:¬°Á×§KÃÄ®Ä¤£§¡¡A ¨Ï¥Î«e½Ð°È¥²¥R¤À·n¤Ã,,,,,§_,60.0,,§_,¬O,§_,³æ¤è,§_,¥i¥Î,¥i¥Î,¤£¥i¿i,¬O,,0,0,20.00,20.00,28,28,0,0,40.00,40.00,4.00,1.00,,¦³¹Ï¤ù,,0,,0,,J01EE01,J01EA01,J01EC01,,,28.80,g,28.80,g,BOT,,°·«Oµ¹¥I,°·«Oµ¹¥I,SULFAMETHOXAZOLE 40MG/ML + TRIMETHOPRIM 8MG/ML,J01EE01,AC44321151,§_,LiquidSolidSuspension,ORSUSP,,,,,,,,,PH047,202303141717,150.00,180.00
LSUR,19960101,99999999,¥i¥Î,Survanta 25mg/mL¡A 8mL,Survanta 25mg/mL¡A 8mL,Beractant,INHL,STAT,ERSP,RE-06-00,¤fªA,BOT,Survanta,«D²Õ®M,,,¤@¯ë¥i¥Î,¬O,¤£¥i¥ÎÃÄ¥]¾÷,,¤@¯ë,Á`¶q¶i¦ì,¾AÀ³¯g:·s¥Í¨à©I§lµ~­¢¯g­Ô¸s,,Indication:Prevention & treatment of RDS in premature infan,,¥~ Æ[:¥Õ¦â¾ï¦â¥~²°,Appearance:White/Orange box.,Àþ¶¡¤ß·i®}½w¡A ®ñ¤£¹¡©M,Transient bradycardia. O2 desaturation,,¥u¥Î©óªù¶E¤Î¦í°|STAT,¦uªÍ¨Î®ðºÞ§l¤JÄa¯B²G,Survanta 25mg/mL¡A 8mL,,,§_,¬O,,¶J©ñ®É»Ý¸m©ó¦B½c§NÂÃ(Äá¤ó 2-8 «×),,Store in a refrigerator (2-8¢XC).,,,,,¤@¯ë,¤@¯ë,Äµ »y:½Ð¸m©óÄá¤ó 2-8 «×¦B½cÁ×¥ú§NÂÃ«O¦s¡C,,,,,§_,1.0,,§_,¬O,§_,½Æ¤è,§_,°±¥Î,°±¥Î,¤£¥i¿i,¬O,,1.00,1.00,2.00,2.00,999,999,1,1,2.00,2.00,4.00,1.00,,¦³¹Ï¤ù,,0,,0,,R07AA30,,,,,,,,,BOT,§_,°·«Oµ¹¥I,°·«Oµ¹¥I,PHOSPHOLIPID 25MG/ML + DISATURATED PHOSPHATIDYLCHOLINE 11.5MG/ML,R07AA30,BC19595426,§_,LiquidSolidSuspension,SUSP,,,,,,,,,PH047,202303141717,13787.00,16544.00
LSUT,20200915,99999999,¥i¥Î,Sutussi liquid 0.8mg/mL¡A 60mL,Sutussi liquid 0.8mg/mL¡A 60mL,Butamirate,PO,TID,ERSP,RE-05-04,¤fªA,ML,Sutussi (³æ¤è²G¾¯),«D²Õ®M,,,,¬O,¤£¥i¥ÎÃÄ¥]¾÷,¥i¥Î,¤@¯ë,Á`¶q¶i¦ì,¾AÀ³¯g:Âí«y. ·P«_¡A¤ä®ðºÞª¢¡A®ð³Ý©Ê¤ä®ðºÞª¢©Ò¤Þ°_¤§«y¹Â,,Indication:Antitussive. Cough caused by cold¡A,bronchitis¡A or asthmatic bronchitis.,¥~ Æ[: ¶ì½¦²~¡A¤W¦³¥Õ/¯»¬õ¦â¼ÐÅÒ,Appearance:Plastic bottle with white/red label,äú¤ß¡Aµo¯l¡A¸¡Âm¡A·w¯t,Nausea¡A rash¡A diarrhea¡A dizziness,,¬Ò¥i¥Î,°±«y³ß²G,Sutussi liquid 0.8mg/mL¡A60mL,,,,¬O,,³¡¤À¤H¨Ï¥Î«á¥i¯à¤Þ°_·w¯t¡A µtºÎªº²{¶H,Á×§K¶}¨®©Î¾Þ§@¾÷±ñ¡C,May cause dizziness and somnolence.,Avoid driving or operating machinery.,¥»«~§tªü´µ¤Ú²¢(Aspartame)½á§Î¾¯¡A­fà¬§¿±wªÌ¤£©y¨Ï¥Î,This product contains Aspartame. Avoid using for patients with phenylketonuria.,2020Q3ÃÄ©e·s¶i,¤@¯ë,¤@¯ë,Äµ »y:³¡¤À¤H¨Ï¥Î«á¥i¯à¤Þ°_¯h­Â¡BµtºÎªº²{¶H,,,0,0,§_,60.0,,§_,¬O,§_,³æ¤è,,¥i¥Î,¥i¥Î,¤£¥i¿i,¬O,,0,0,7.50,7.50,999,999,0,1,30.00,30.00,0,0,,¦³¹Ï¤ù,,0,,0,,R05DB13	,,,,,0,,0,,BOT,,°·«Oµ¹¥I,°·«Oµ¹¥I,BUTAMIRATE,R05DB13,AC43362151,§_,Liquid,ORALSOL,,,0,,0,,,,PH032,202109132018,25.00,33.00
LTRIL,20171012,99999999,¥i¥Î,Trileptal 60mg/mL¡A 100mL oral suspension,Trileptal 60mg/mL¡A 100mL oral suspension,Oxcarbazepine,PO,BID,CNEU,CN-03-01,¤fªA,ML,Trileptal,«D²Õ®M,Á{±ÄÃÄ¡A½Ð³qª¾ÃÄ§½¥~ÁÊ,,­Ó®×Á{±Ä,¬O,¤£¥i¥ÎÃÄ¥]¾÷,¥i¥Î,¤@¯ë,Á`¶q¶i¦ì,¾AÀ³¯g:¦¨¤H©Î¤j©ó¤@­Ó¤ë«Äµ£¤§ÅöíwªvÀø,,Indication:Partial seizures.,,¥~ Æ[:100²@¤É¦Ç¥Õ¦Ü²H¬õ´Ä¦âÃÄ¤ô,Appearance:Off-white to slightly reddish brown suspension.,§x­Â¡A ÀYµh¡A ·w¯t¡A ½Æµø¡A äú¤ß¡A ¹Ã¦R¡A ¯h­Â,Drowsiness¡A headache¡A dizziness¡A diplopia¡A nausea¡A vomiting¡A fatigue.,,¬Ò¥i¥Î,°£Åö¹F¤fªAÄa¯B²G,Trileptal susp 60mg/mL¡A100mL,,,¬O,¬O,,³¡¤À¤H¨Ï¥Î«á¥i¯à¤Þ°_¯h­Â¡A µtºÎªº²{¶H,,May cause fatigue¡A sleepiness.,,ªA¥Î¤fªAÄa¯B²G«e¡AÃÄ²~»Ý®Ì°Ê¨Ï¦¨¤À§¡¤Ã¡C,Before taking Trileptal oral suspension¡A the bottle should be shaken well.,,¤@¯ë,¤@¯ë,Äµ »y:³¡¤À¤H¨Ï¥Î«á¥i¯à¤Þ°_¯h­Â¡BµtºÎªº²{¶H,,¤fªA²G,0,0,§_,100.0,,§_,¬O,§_,³æ¤è,§_,¥i¥Î,¥i¥Î,¤£¥i¿i,¬O,,0,0,20.00,20.00,999,999,1,1,40.00,40.00,0.50,1.00,,¦³¹Ï¤ù,,0,,0,,N03AF02,,,,,0,,0,,BOT,§_,°·«Oµ¹¥I,°·«Oµ¹¥I,OXCARBAZEPINE,N03AF02,BC23538123,§_,Liquid,ORALSOL,¦M®`¤G¯Å(¡I),,,,,,,,PH047,202303141717,295.00,354.00
LTRIM,19960101,99999999,°±¥Î,Trimerin syr 60mL,Trimerin syr 60mL,Sulfamethoxazole + Trimethoprim,PO,,QANB,AI-01-09,¤fªA,ML,Baktar,«D²Õ®M,°±¥Î,LSUL,¤@¯ë¥i¥Î,¬O,¤£¥i¥ÎÃÄ¥]¾÷,,¤@¯ë,Á`¶q¶i¦ì,¾AÀ³¯g:²Óµß©Ê·P¬V,,Indication:Antibiotic for infection.,,¥~ Æ[:¶ì½¦²~¸Ë,,,,,,®õ§Q¬ü¹ç¿}¼ß,Trimerin syr 60mL,,,§_,¬O,,,,,,,,,¤@¯ë,¤@¯ë,Äµ »y:¬°Á×§KÃÄ®Ä¤£§¡¡A ¨Ï¥Î«e½Ð°È¥²¥R¤À·n¤Ã,,,,,§_,60.0,,§_,§_,§_,³æ¤è,§_,¥i¥Î,¥i¥Î,¤£¥i¿i,¬O,,1.00,1.00,99.00,99.00,999,999,1,1,0,0,0,0,,µL¹Ï¤ù,,0,,0,,J01EE01,,,,,,,,,BOT,§_,°·«Oµ¹¥I,°·«Oµ¹¥I,SULFAMETHOXAZOLE 40MG/ML + TRIMETHOPRIM 8MG/ML,J01EE01,A032528151,§_,Liquid,SYRUP,,,,,,,,,PH047,202303141717,25.30,32.00
LUCE,19960101,99999999,°±¥Î,Ucefa susp 25mg/mL¡A 60mL,Ucefa susp 25mg/mL¡A 60mL,Cefadroxil,PO,Q12H,QANB,AI-01-02,¤fªA,ML,Ucefa,«D²Õ®M,°±¥Î,,¤@¯ë¥i¥Î,¬O,¤£¥i¥ÎÃÄ¥]¾÷,,¤@¯ë,Á`¶q¶i¦ì,¾AÀ³¯g:²Óµß©Ê·P¬V,,Indication:Antibiotic for infection.,,¥~ Æ[:²H¬õ¦â¯»¸Ë²~¸Ë¡A ¥Õ¦â¥~»\¡A ©³³¡ÂÅ¦â¥~¶K¯È,Appearance:Plastic bottle¡A pink powder.,¸¡Âm¡A äú¤ß¡A ¹Ã¦R¡A ­G³¡¤£¾A,Diarrhea¡A nausea¡A vomiting¡A stomach cramps.,,,Àu§JÅð¯À,Ucefa susp 25mg/mL¡A 60mL,,,§_,¬O,,½Ð©ó¥[¤J§N¶}¤ô½Õ¤Ã¦Ü60mL«á§NÂÃÀx¦s¡A ¥B¨Ï¥Î«e½Ð¥ý·n¤Ã,,Add cold water and shake well to prepare a 60mL suspension before using.,,,,,¤@¯ë,¤@¯ë,Äµ »y:½Ð¥[¤J§N¶}¤ô·n¤Ã¦Ü60mL«á§NÂÃÀx¦s¡A¥B¨Ï¥Î«e½Ð¥ý·n¤Ã,,,,,§_,60.0,,§_,§_,§_,³æ¤è,§_,¥i¥Î,¥i¥Î,¤£¥i¿i,¬O,,0,0,15.00,15.00,30,7,1,1,60.00,60.00,0,0,,¦³¹Ï¤ù,,0,,0,,J01DB05,,,,,,,,,BOT,§_,°·«Oµ¹¥I,°·«Oµ¹¥I,CEFADROXIL,J01DB05,A026986110,§_,LiquidSolidSuspension,ORSUSP,,,,,,,,,PH047,202303141718,69.00,86.00
LULE,19960101,99999999,¥i¥Î,Ulexin 25mg/mL¡A 60mL suspension,Ulexin 25mg/mL¡A 60mL suspension,Cephalexin,PO,Q6H,QANB,AI-01-02,¤fªA,ML,Keflex,«D²Õ®M,,,¤@¯ë¥i¥Î,¬O,¤£¥i¥ÎÃÄ¥]¾÷,¥i¥Î,¤@¯ë,Á`¶q¶i¦ì,¾AÀ³¯g:²Óµß©Ê·P¬V,,Indication:Antibiotic for infection.,,¥~ Æ[:¸Ë¦³¯»¬õ¦â°®¯»¤§60mL¤p²~,Appearance:Plastic bottle¡A pink powder.,»´«×¸¡Âm¡A ¹L±Ó©Ê¤ÏÀ³,Diarrhea ( mild )¡Aanaphylaxis.,,,Àu¤OÅð¯À¤fªAÄa²G¥ÎÁû²É,Ulexin susp 25mg/mL¡A 60mL,,,§_,¬O,,½Ð©ó¥[¤J§N¶}¤ô½Õ¤Ã¦Ü60mL«á§NÂÃÀx¦s¡A ¥B¨Ï¥Î«e½Ð¥ý·n¤Ã,,Add cold water and shake well to prepare a 60mL suspension before using.,,,After dispensing¡A must be stored in the refrigerator.,2016¦~²Ä¤G¦¸ÃÄ©e·|·s¶i,¤@¯ë,¤@¯ë,Äµ »y:½Ð¥[¤J§N¶}¤ô·n¤Ã¦Ü60mL«á§NÂÃÀx¦s¡A¥B¨Ï¥Î«e½Ð¥ý·n¤Ã,,,,,§_,60.0,,§_,¬O,§_,³æ¤è,§_,¥i¥Î,¥i¥Î,¤£¥i¿i,¬O,,0,0,15.00,15.00,28,28,1,1,80.00,80.00,10.00,3.00,,¦³¹Ï¤ù,,0,,0,,J01DB01,,,,,1.50,g,2.00,g,BOT,§_,°·«Oµ¹¥I,°·«Oµ¹¥I,CEPHALEXIN,J01DB01,AC17280151,§_,LiquidSolidSuspension,ORSUSP,,,,,,,,,PH047,202402140707,124.00,149.00
LULO,19960101,99999999,°±¥Î,Ulosina(Erythromycin) susp 25mg/mL¡A 60mL,Ulosina(Erythromycin) susp 25mg/mL¡A 60mL,Erythromycin,PO,Q6H,QANB,AI-01-06,¤fªA,ML,Ilosone,«D²Õ®M,°±¥Î,,¤@¯ë¥i¥Î,¬O,¤£¥i¥ÎÃÄ¥]¾÷,,¤@¯ë,Á`¶q¶i¦ì,¾AÀ³¯g:²Óµß©Ê·P¬V,,Indication:Antibiotic for infection.,,¥~ Æ[:¸Ë¦³¾í¦â°®¯»¤§60mL¤p²~,Appearance:Plastic bottle¡A orange powder.,¸¡³¡¤£¾A¡A äú¤ß©Î¹Ã¦R,Abdominal discomfort¡A nausea or vomiting.,,,Àu¼ÖÅð¯À,Ulosina(Erythromycin) susp 2,,,§_,¬O,,½Ð©ó¥[¤J§N¶}¤ô½Õ¤Ã¦Ü60mL«á§NÂÃÀx¦s¡A ¥B¨Ï¥Î«e½Ð¥ý·n¤Ã,,Add cold water and shake well to prepare a 60mL suspension before using.,,,After dispensing¡A must be stored in the refrigerator.,,¤@¯ë,¤@¯ë,Äµ »y:½Ð¥[¤J§N¶}¤ô·n¤Ã¦Ü60mL«á§NÂÃÀx¦s¡A¥B¨Ï¥Î«e½Ð¥ý·n¤Ã,,,,,§_,60.0,,§_,§_,§_,³æ¤è,§_,°±¥Î,¥i¥Î,¤£¥i¿i,¬O,,0,0,15.00,15.00,7,7,0,1,80.00,80.00,2.00,1.00,,¦³¹Ï¤ù,,0,,0,,J01FA01,,,,,,,,,BOT,§_,¤£µ¹¥I¶·¦Û¥I,¤£µ¹¥I¶·¦Û¥I,,,,§_,LiquidSolidSuspension,ORSUSP,,,,,,,,,PH047,202303141718,0,47.00
LUPE,19960101,99999999,°±¥Î,U-Pedia 20mg/mL¡A 60mL,U-Pedia 20mg/mL¡A 60mL,Ibuprofen,PO,,CNEU,CN-01-02,¤fªA,ML,Mac Safe,«D²Õ®M,°±¥Î,LIDO1,¤@¯ë¥i¥Î,¬O,¤£¥i¥ÎÃÄ¥]¾÷,,¤@¯ë,Á`¶q¶i¦ì,¾AÀ³¯g:¬°¤îµh®øª¢¸Ñ¼ö¿}¼ß,,Indication:Relief of pain¡A inflammation & fever.,,,,,,,,Àu¦N ¤fªAÄa²G,U-Pedia 20mg/mL¡A 60mL,,,§_,¬O,,,,,,,,,¤@¯ë,¤@¯ë,Äµ »y:½Ð¿í·ÓÂå®v«ü¥Ü¨Ï¥Î¡A­Yµo¥ÍºÃ¦üÃÄª«¤£¨}¤ÏÀ³½Ð§iª¾Âå¥Í¡C,,,,,§_,60.0,,§_,§_,§_,³æ¤è,§_,¥i¥Î,¥i¥Î,¤£¥i¿i,¬O,,1.00,1.00,99.00,99.00,999,999,1,1,0,0,0,0,9.00,µL¹Ï¤ù,,0,,0,,,,,,,,,,,BOT,§_,¤£µ¹¥I¶·¦Û¥I,¤£µ¹¥I¶·¦Û¥I,,,,§_,Liquid,ORALSOL,,,,,,,,,PH047,202303141718,0,31.00
LWEM,20071224,99999999,¥i¥Î,Wempty 1mg/mL¡A 60mL suspension,Wempty 1mg/mL¡A 60mL suspension,Domperidone,AC15,TID,ALIM,GI-06-00,¤fªA,ML,DMP,«D²Õ®M,,,¤@¯ë¥i¥Î,¬O,¤£¥i¥ÎÃÄ¥]¾÷,¥i¥Î,¤@¯ë,Á`¶q¶i¦ì,¾AÀ³¯g:¥Dªv¸z­GÄ¯°Ê²§±`¤ÎµÈ®ð¡A ¨ã¤î¦R»P«P¶i®ø¤Æ§@¥Î,,Indication:Nausea¡A vomiting¡A dyspeptic symptoms.,,¥~ Æ[:²H¶À¦â²GÅé²~¸Ë¡A ¥Õ¦â¥~»\¡A ¥Õ¦â¥~¶K¯È¡A ©³³¡¬°µµ¦â,Appearance:Plastic bottle¡A light yellow suspension.,¤f°®¡A ÀYµh¡A ¥Ö½§Äo,Dry mouth¡A headache¡A itching of skin.,,¬Ò¥i¥Î,­G§QªÅÄa²G¾¯,Wempty susp 1mg/mL¡A 60mL,,,§_,¬O,,ªAÃÄ´Á¶¡¥X²{¤ß±ª¡AÀY·w¡AÅöíwµo§@¡A ½Ð°±ÃÄ¨Ã¥ß¨è¦^¶E,,Follow doctor's advice. Check with doctor if you notice any side effects.,,,,,¤@¯ë,¤@¯ë,Äµ »y:½Ð¿í·ÓÂå®v«ü¥Ü¨Ï¥Î¡A­Yµo¥ÍºÃ¦üÃÄª«¤£¨}¤ÏÀ³½Ð§iª¾Âå¥Í¡C,,,,,§_,60.0,,§_,¬O,§_,³æ¤è,§_,¥i¥Î,¥i¥Î,¤£¥i¿i,¬O,,0,0,10.00,10.00,999,999,0,1,30.00,30.00,0,0,,¦³¹Ï¤ù,,0,,0,,A03FA03,,,,,,,,,BOT,,°·«Oµ¹¥I,°·«Oµ¹¥I,DOMPERIDONE,A03FA03,AB46242151,§_,LiquidSolidSuspension,ORSUSP,,,,,,,,,PH034,202104171454,25.40,33.00
LWIL,20210915,99999999,¥i¥Î,Wilcon 20mg/mL¡A 60mL suspension,Wilcon 20mg/mL¡A 60mL suspension,Simethicone,PO,TID,ALIM,GI-06-00,¤fªA,ML,Gascon,«D²Õ®M,,,¤@¯ë¥i¥Î,¬O,¤£¥i¥ÎÃÄ¥]¾÷,°·«O¤£µ¹¥I,¤@¯ë,Á`¶q¶i¦ì,¾AÀ³¯g:¸Ñ°£µÈ®ð¡B½w¸Ñ®ðµÈ¬ÛÃö¯gª¬,,Indication:Antiflatulent for functional bowel disorders.,,¥~ Æ[:60mL¶ì½¦²~¸Ë,Appearance:60mL plastic bottle.,³n«K¡A©Ô¨{¤l¡A­G³¡¤£¾A,Loose stools¡A diarrhea¡A upset stomach,,¬Ò¥i¥Î,­Gº¸±dÄa¯B²G20²@§J/²@¤É,Wilcon 20mg/mL¡A 60mL suspens,,,,¬O,,¨Ï¥Î«e½Ð®¶·n§¡¤Ã,,Shake well before use.,,½Ð¿í·ÓÂå®v«ü¥Ü¨Ï¥Î¡A ­Yµo¥ÍºÃ¦üÃÄª«¤£¨}¤ÏÀ³½Ð§iª¾Âå¥Í,Follow doctor's advice. Check with doctor if you notice any side effects.,2021.Q3ÃÄ©e·s¶i,¤@¯ë,¤@¯ë,¨Ï¥Î«e½Ð®¶·n§¡¤Ã,,,0,0,§_,60.0,,§_,¬O,§_,³æ¤è,,°±¥Î,°±¥Î,¤£¥i¿i,¬O,,0,0,10.00,10.00,999,999,7,1,30.00,30.00,0.62,2.00,,¦³¹Ï¤ù,,0,,0,,A03AX13,,,,,0,,0,,BOT,,¤£µ¹¥I¶·¦Û¥I,¤£µ¹¥I¶·¦Û¥I,,,,,LiquidSolidSuspension,SUSP,,,0,,0,,,,PH034,202203311020,0,238.00
LXYLV,19960101,99999999,°±¥Î,Xylocaine viscous 2%¡A 100mL,Xylocaine viscous 2%¡A 100mL,Lidocaine,,,ZANE,CN-04-02,¤fªA,BOT,Xylocaine,«D²Õ®M,°±¥Î¡A¥i¬dÃþ¦üÃÄ,,¤@¯ë¥i¥Î,¬O,¤£¥i¥ÎÃÄ¥]¾÷,,¤@¯ë,Á`¶q¶i¦ì,¾AÀ³¯g:¬°§½³¡³Â¾K¾¯,,Indication:Local anaesth.,,¥~ Æ[:³z©ú¶ì½¦²~¸Ë¡AÂÅ¦â¥~»\¡A¥Õ¦â¥~¶K¯È,,§x­Â¡A µJ¼{¡A ¿³¾Ä¡A µø¤O¼Ò½k¡A äú¤ß,Drowsiness¡A anxiety¡A excitement¡A blurred vision¡A nausea,,,­W®§¼Ö¥d¦]ÂH²G,Xylocaine viscous 2%¡A 100mL,,,§_,¬O,,,,,,,,,¤@¯ë,¤@¯ë,Äµ »y:À³µø¨ä¦~ÄÖ¡BÅé­«¤Î¯gªp¤©¥H¾A·í¤§¾¯¶q¡A¨Ã¯d·NÆ[¹î,,,,,§_,1.0,,§_,§_,§_,³æ¤è,§_,¥i¥Î,¥i¥Î,¤£¥i¿i,¬O,,1.00,1.00,1.00,1.00,1,1,1,1,1.00,1.00,0,0,1.00,¦³¹Ï¤ù,,0,,0,,N01BB02,,,,,,,,,BOT,§_,¥Ó³ø¤£­p»ù,¥Ó³ø¤£­p»ù,,,,§_,Liquid,SOL,,,,,,,,,PH047,202303141718,0,264.00
LZIT,19960101,99999999,¥i¥Î,Zithromax 200mg/5mL suspension¡A 15mL,Zithromax 200mg/5mL suspension¡A 15mL,Azithromycin,PO,QD,QANB,AI-01-06,¤fªA,ML,Zithromax,«D²Õ®M,,LAZI,¤@¯ë¥i¥Î,¬O,¤£¥i¥ÎÃÄ¥]¾÷,,¤@¯ë,Á`¶q¶i¦ì,¾AÀ³¯g:²Óµß©Ê·P¬V,,Indication:Antibiotic for infection.,,¥~ Æ[:¶ì½¦²~¸Ë¡A ¥Õ¦â¥~»\¡A ¥Õ¦â²`ÂÅ¦â¬Û¶¡¥~¶K¯È¡A¦³ºñ¦â¤T¨¤§Î,Appearance:White/blue box.,äú¤ß¡A ¸¡³¡¤£¾A¡A ¹Ã¦R¡A µÈ®ð¡A ¸¡Âm¡A ¤ô«K,Nausea¡A abdominal discomfort¡A vomiting¡A flatulence¡A diarrhea & loose stools.,,¥u¥Î©óªù¶E¤Î¦í°|STAT,¤éµÎÄa²G¥Î¯»,Zithromax susp 200mg/5mL,,,§_,¬O,,½Ð¥ý¸Ô¾\¥]¸Ë²°¥~»¡©ú¡A ¥[¤J§N¶}¤ô9mL²V¦X§¡¤Ã«á¨Ï¥Î,,Add 9 mL cold water into the bottle¡A shake well before using.,,ª`·N¨Æ¶µ:¤£À³¾Õ¦Û°±ÃÄ¡A ¦p¥X²{¤ß±ª¡B¯Ýµhµ¥¤£¾A¯gª¬¡A ½Ð¦^¶E­ì³B¤èÂå®v¡C,Cautions: Call your doctor if you feel chest pain or a fast heartbeat.,,¤@¯ë,¤@¯ë,Äµ »y:¥[9mL§N¶}¤ô²V¦X«á¨Ï¥Î,,¤fªA²G,,,§_,15.0,,§_,¬O,§_,³æ¤è,§_,°±¥Î,°±¥Î,¤£¥i¿i,¬O,,0,0,10.00,10.00,3,5,3,3,15.00,15.00,0.80,0.80,,¦³¹Ï¤ù,,0,,0,,J01FA10,,,,,3.00,g,0.30,g,BOT,§_,°·«Oµ¹¥I,°·«Oµ¹¥I,AZITHROMYCIN,J01FA10,BC21830180,§_,LiquidSolidSuspension,ORSUSP,,,,,,,,,PH047,202403111551,216.00,259.00
LZYR,20021224,99999999,°±¥Î,Zyrtec soln 0.1%¡A 60mL,Zyrtec soln 0.1%¡A 60mL,Cetirizine,PO,HS,HIMM,IM-01-00,¤fªA,ML,Zyrtec,«D²Õ®M,°±¥Î,LCET,¤@¯ë¥i¥Î,¬O,¤£¥i¥ÎÃÄ¥]¾÷,¥i¥Î,¤@¯ë,Á`¶q¶i¦ì,¾AÀ³¯g:¬°§Ü²ÕÂ´ÓiÃÄ¡A ¥Dªv»óª¢¡A ¹L±Ó©Ê»óª¢¡A ëC³Â¯l¡A »ó¶ëµ¥,,Indication:Allergic rhinitis¡A pruritus¡A urticaria.,,¥~ Æ[:²`½Å¦â¥~²~¡A ¥Õ¦â¥~»\¡A ¥Õ¦â¥~¶K¯È¡A ¶Â¦â¦r¼Ë,Appearance:White box.,©ü©ü±ýºÎ¡A ¤f°®¡A ­Gµh©Îäú¤ß¡A ÀYµh¡A Åé­«¼W¥[,Sleepy; dryness of mouth; stomach pain¡A or nausea; headache; weight gain,,¬Ò¥i¥Î,ÅX¯S²§¤ºªA²G,Zyrtec soln 0.1%¡A 60mL,,,§_,¬O,,³¡¤À¤H¨Ï¥Î«á¥i¯à¤Þ°_¯h­Â¡A µtºÎªº²{¶H,,May cause fatigue¡A sleepiness.,,,,,¤@¯ë,¤@¯ë,Äµ »y:³¡¤À¤H¨Ï¥Î«á¥i¯à¤Þ°_¯h­Â¡BµtºÎªº²{¶H,,,,,§_,60.0,,§_,§_,§_,³æ¤è,§_,°±¥Î,¥i¥Î,¤£¥i¿i,¬O,,0,0,10.00,10.00,99,99,0,1,0,0,0,0,,¦³¹Ï¤ù,,0,,0,,R06AE07,,,,,,,,,BOT,,°·«Oµ¹¥I,°·«Oµ¹¥I,CETIRIZINE,R06AE07,B021839151,§_,Liquid,ORALSOL,,,,,,,,,PH047,202303141718,54.00,68.00
MS0330,19960101,99999999,°±¥Î,Alcohol 1mL °sºë,Alcohol 1mL,Alcohol,EXT,,ZOTH,,½Ã§÷,ML,,«D²Õ®M,°±¥Î,,¤@¯ë¥i¥Î,¬O,¤£¥i¥ÎÃÄ¥]¾÷,,¤@¯ë,Á`¶q¶i¦ì,¾AÀ³¯g:®ø¬r±þµß,,Indication:Sterilization,,,,,,,,,Alcohol 1mL,,,§_,¬O,,,,,,,,,¤@¯ë,¤@¯ë,,,,,,§_,1.0,,§_,§_,§_,³æ¤è,§_,¥i¥Î,¥i¥Î,¤£¥i¿i,¬O,,1.00,1.00,999.00,999.00,999,999,1,1,500.00,500.00,0,0,,µL¹Ï¤ù,,0,,0,,,,,,,,,,,ML,§_,¤£µ¹¥I¶·¦Û¥I,¤£µ¹¥I¶·¦Û¥I,,,,§_,Liquid,SOL,,,,,,,,,PH047,202303141718,0,0
MS2200,19960101,99999999,°±¥Î,3x12cm Silicone Gel Sheet¦w½§¾A¬Í²ªª¿½¦¤ù,3x12cm Silicone Gel Sheet¦w½§¾A¬Í²ªª¿½¦¤ù,,EXT,,ZOTH,MEDD,¥~¥Î,¤ù,,«D²Õ®M,°±¥Î¡A¥i¬dÃþ¦üÃÄ,,OTC,¬O,¤£¥i¥ÎÃÄ¥]¾÷,°·«O¤£µ¹¥I,¤@¯ë,Á`¶q¶i¦ì,¾AÀ³¯g:¾ã¥­²H¤Æ¬Í²ª,,Indication:Healing and weaking the scars,,,,,,,,,3x12cm Silicone Gel Sheet¦w½§¾A,,,§_,¬O,,,,,,,,,¤@¯ë,¤@¯ë,Äµ »y:½Ð¸m©ó«Äµ£µLªk¨ú±o¤§³B,,,,,§_,1.0,,§_,§_,§_,³æ¤è,§_,¥i¥Î,¥i¥Î,¤£¥i¿i,¬O,,1.00,1.00,999.00,999.00,999,999,1,1,0,0,0,0,,µL¹Ï¤ù,,0,,0,,,,,,,,,,,¤ù,,¤£µ¹¥I¶·¦Û¥I,¤£µ¹¥I¶·¦Û¥I,,,,§_,SolidDrugForm,PATCH,,,,,,,,,PH047,202303141718,0,950.00
MS2201,19960101,99999999,°±¥Î,4x15cm Silicone Gel Sheet¦w½§¾A¬Í²ªª¿½¦¤ù,4x15cm Silicone Gel Sheet¦w½§¾A¬Í²ªª¿½¦¤ù,,EXT,,ZOTH,MEDD,¥~¥Î,¤ù,,«D²Õ®M,°±¥Î¡A¥i¬dÃþ¦üÃÄ,,OTC,¬O,¤£¥i¥ÎÃÄ¥]¾÷,°·«O¤£µ¹¥I,¤@¯ë,Á`¶q¶i¦ì,¾AÀ³¯g:¾ã¥­²H¤Æ¬Í²ª,,Indication:Healing and weaking the scars.,,,,,,,,,4x15cm Silicone Gel Sheet¦w½§¾A,,,§_,¬O,,,,,,,,,¤@¯ë,¤@¯ë,Äµ »y:½Ð¸m©ó«Äµ£µLªk¨ú±o¤§³B,,,,,§_,1.0,,§_,§_,§_,³æ¤è,§_,¥i¥Î,¥i¥Î,¤£¥i¿i,¬O,,1.00,1.00,999.00,999.00,999,999,1,1,0,0,0,0,,µL¹Ï¤ù,,0,,0,,,,,,,,,,,¤ù,§_,¤£µ¹¥I¶·¦Û¥I,¤£µ¹¥I¶·¦Û¥I,,,,§_,SolidDrugForm,PATCH,,,,,,,,,PH047,202303141718,0,1500.00
MS2202,19960101,99999999,°±¥Î,4x12 Silk ª¿½¦¤ù,4x12 Silk (Silicone Dressing),,EXT,,ZOTH,MEDD,¥~¥Î,¤ù,,«D²Õ®M,°±¥Î¡A¥i¬dÃþ¦üÃÄ,,OTC,¬O,¤£¥i¥ÎÃÄ¥]¾÷,°·«O¤£µ¹¥I,¤@¯ë,Á`¶q¶i¦ì,¾AÀ³¯g:¾ã¥­²H¤Æ¬Í²ª,,Indication:Healing and weaking the scars.,,,,,,,,,4x12 Silk (Silicone Dressing,,,§_,¬O,,,,,,,,,¤@¯ë,¤@¯ë,,,,,,§_,1.0,,§_,§_,§_,³æ¤è,§_,¥i¥Î,¥i¥Î,¤£¥i¿i,¬O,,1.00,1.00,999.00,999.00,999,999,1,1,0,0,0,0,,µL¹Ï¤ù,,0,,0,,,,,,,,,,,¤ù,§_,¤£µ¹¥I¶·¦Û¥I,¤£µ¹¥I¶·¦Û¥I,,,,§_,SolidDrugForm,PATCH,,,,,,,,,PH047,202303141718,0,4200.00
MS2203,19960101,99999999,°±¥Î,4x18 Silk ª¿½¦¤ù,4x18 Silk (Silicone Dressing),,EXT,,ZOTH,MEDD,¥~¥Î,¤ù,,«D²Õ®M,°±¥Î,,OTC,¬O,¤£¥i¥ÎÃÄ¥]¾÷,°·«O¤£µ¹¥I,¤@¯ë,Á`¶q¶i¦ì,¾AÀ³¯g:¾ã¥­²H¤Æ¬Í²ª,,Indication:Healing and weaking the scars.,,,,,,,,,4x18 Silk (Silicone Dressin,,,§_,¬O,,,,,,,,,¤@¯ë,¤@¯ë,,,,,,§_,1.0,,§_,§_,§_,³æ¤è,§_,¥i¥Î,¥i¥Î,¤£¥i¿i,¬O,,1.00,1.00,999.00,999.00,999,999,1,1,0,0,0,0,,µL¹Ï¤ù,,0,,0,,,,,,,,,,,¤ù,§_,¤£µ¹¥I¶·¦Û¥I,¤£µ¹¥I¶·¦Û¥I,,,,§_,SolidDrugForm,PATCH,,,,,,,,,PH047,202303141718,0,4600.00
OABI,20150915,99999999,¥i¥Î,Abilify 5mg,Abilify 5mg,Aripiprazole,PO,QD,CNEU,CN-02-01,¤fªA,TAB,Abilify,«D²Õ®M,,,¤@¯ë¥i¥Î,¬O,¤£¥i¥ÎÃÄ¥]¾÷,±ø¥ó¤Uµ¹¥I,¤@¯ë,Á`¶q¶i¦ì,¾AÀ³¯g:«äÄ±¥¢½Õ¯g¡A Âù·¥©Ê¯e±w¤§Ä¼´Áµo§@¡A ­«Æ{¯g¤§»²§UªvÀø,¡A §´·ç¤ó¯g,Indication:Treatment of psychotic symptoms¡A,major depressive disorders¡A Tourette's disorder,¥~ Æ[:ÂÅ¦â²¤¾ò¶ê§Î¿õ¾¯¡A¦L¦³"A-007"¤Î"5",Appearance:Blue color elliptic tablet,«K¯µ¡A ·w¯t¡A ÀR§¤¤£¯à¡A µJ¼{¡A ¥¢¯v,Constipation¡A dizziness¡A akathisia¡A anxiety¡A insomnia¡A extrapyramidal disorder.,,¬Ò¥i¥Î,¤j¶ï¦w¥ß´_¿õ5²@§J,Abilify 5mg,,,¬O,¬O,,¥ÎÃÄ«á¥i¯àµo¥ÍÀY·w¡A ¤Å¶¼°s,,May induce dizziness or drowsiness.,Avoid drinking alcohol while taking medication.,,,104-3 ÃÄ©e·|³q¹L¶iÃÄ,¤@¯ë,¤@¯ë,Äµ »y¡G¥ÎÃÄ«á¥i¯àµo¥ÍÀY·w¡A¤Å¶¼°s,,,0,0,§_,1.0,,§_,¬O,§_,³æ¤è,§_,¥i¥Î,¥i¥Î,¥i¿i,¬O,,1.00,1.00,6.00,6.00,999,999,1,1,6.00,6.00,0.15,0.15,,¦³¹Ï¤ù,,0,,0,,N05AX12,,,,,0,,0,,TAB,§_,°·«Oµ¹¥I,°·«Oµ¹¥I,ARIPIPRAZOLE,N05AX12,BC24046100,§_,SolidDrugForm,ORTAB,,,,,,,,,PH047,202402140344,30.70,40.00
OACAL,20130901,99999999,°±¥Î,A-Cal 500mg,A-Cal 500mg,Calcium Carbonate,PO,,NUTR,NU-03-00,¤fªA,TAB,Calcium Carbonate,«D²Õ®M,°±¥Î,OCAL5,¤@¯ë¥i¥Î,¬O,¥i¥ÎÃÄ¥]¾÷,°·«O¤£µ¹¥I,¤@¯ë,Á`¶q¶i¦ì,¾AÀ³¯g: ¸É¥R¶t½è¡A½w¸Ñ­G³¡¤£¾A©Î¨`¼ö·P¡C,,Indication: Calcium supplement¡A antacid,,¥~ Æ[:¨Å¥Õ¦â¶ê«ó«¬¿õ¾¯,Appearance:Milk white round tablet,«K¯µ©Î¸¡Âm¡A°ª¦å¶t¡C,Constipation or diarrhea¡A hypercalcinemia,,,"º¿¬ì¶©"¨Î¥ß¶t¿õ,A-Cal,,,§_,¬O,,¥»«~¥iÄZ¸H«á§]ªA,,Chew thoroughly and swallow.,,,,,¤@¯ë,¤@¯ë,Äµ »y:¥»«~¥iÄZ¸H«á§]ªA,,,0,0,§_,1.0,,§_,§_,§_,³æ¤è,§_,°±¥Î,¥i¥Î,¥i¿i,¬O,,1.00,1.00,8.00,8.00,999,999,1,1,14.00,14.00,0.30,0.08,,¦³¹Ï¤ù,,0,,0,,A02AC01,,,,,,,,,TAB,§_,¤£µ¹¥I¶·¦Û¥I,¤£µ¹¥I¶·¦Û¥I,,,,§_,SolidDrugForm,ORTAB,,,,,,,,,PH047,202303141718,0,2.00
OACAM,20200215,99999999,°±¥Î,Acamprosate 333mg Delayed-Release(±M®×¶i¤f),Acamprosate 333mg Delayed-Release(±M®×¶i¤f),Acamprosate,PO,TID,ZADT,AD-02-00,¤fªA,TAB,Acamprosate(ªü§¢»Ä¶t),«D²Õ®M,°±¥Î,OAGT,±M®×¶i¤fÃÄ«~,¬O,¤£¥i¥ÎÃÄ¥]¾÷,°·«O¤£µ¹¥I,¤@¯ë,Á`¶q¶i¦ì,¾AÀ³¯g:°sÅ}§Ù°£,,Indication:Alcoholism¡A maintenance of abstinence,,¥~ Æ[:¥Õ¦â¶ê¿õ¡A¤W¦³435¼Ð°O,Appearance:White round tablet¡A marked with 435.,ÀYµh¡A¸¡Âm¡AµÈ®ð¡Aäú¤ß¡A¹Ã¦R,Headache¡A diarrhea¡A flatulence¡A nausea¡A vomiting,,¬Ò¥i¥Î,ªü§¢»Ä¶t½wÄÀ¿õ333²@§J(±M®×¶i¤f),Acamprosate 333mg Delayed-Re,,,,§_,,°õ¦æ»Ý­n±Mª`¤Oªº°Ê§@®É­n¤p¤ß¡A¨Ò¦p¾Þ§@¾÷±ñ©Î¾r¾p,,Be cautioned about performing tasks that require mental alertness,(eg¡A operating machinery or driving).,½Ð¤Å±N¦¹ÃÄ¿õ«r¸H¡AÀ£¸H¡A­é¥b©Î¿i¯»,Do not bite¡A crush¡A cut¡A or grind this tablet,202002±M®×¶i¤f¡A2022.06ÃÄ©e·|§R°£,¤@¯ë,¤@¯ë,Äµ »y:¥»«~¥i¯à·|­°§C±zªºª`·N¤O¡BÄµÄ±©Ê¤Î°Ê§@¨ó½Õ¯à¤O,,,0,0,§_,1.0,,¬O,¬O,§_,³æ¤è,§_,°±¥Î,°±¥Î,¤£¥i¿i,¬O,,1.00,1.00,1.00,1.00,999,999,28,28,3.00,3.00,0,0,,¦³¹Ï¤ù,,0,,0,,N07BB03,,,,,0,,0,,TAB,,¤£µ¹¥I¶·¦Û¥I,¤£µ¹¥I¶·¦Û¥I,,,,,SolidDrugForm,DRTAB,,,0,,0,,,,PH006,202208020951,0,33.00
OACC,19960101,99999999,°±¥Î,Accolate 20mg,Accolate 20mg,Zafirlukast,PO,BID,ERSP,RE-02-00,¤fªA,TAB,Accolate,«D²Õ®M,°±¥Î¡A¥i¬dÃþ¦üÃÄ,,¤@¯ë¥i¥Î,¬O,¤£¥i¥ÎÃÄ¥]¾÷,±ø¥ó¤Uµ¹¥I,¤@¯ë,Á`¶q¶i¦ì,¾AÀ³¯g:¥Dªv¤ä®ðºÞ­ý³Ý,,Indication:Treatment of asthma.,,¥~ Æ[:¥Õ¦â¶ê«ó§Î¿õ¾¯,,,,,,¶®¼Ö±o¿õ,Accolate 20mg,,,§_,¬O,,,,,,,,,¤@¯ë,¤@¯ë,Äµ »y:½Ð¸m©ó«Äµ£µLªk¨ú±o¤§³B,,,,,§_,1.0,,§_,§_,§_,³æ¤è,§_,°±¥Î,¥i¥Î,¤£¥i¿i,¬O,,1.00,1.00,1.00,1.00,60,60,30,30,0,0,0,0,,µL¹Ï¤ù,,0,,0,,,,,,,,,,,TAB,§_,°·«Oµ¹¥I,°·«Oµ¹¥I,ZAFIRLUKAST,R03DC01,B022398100,§_,SolidDrugForm,ORTAB,,,,,,,,,PH047,202303141719,22.30,28.00
OACC6,20160615,99999999,¥i¥Î,ACC 600mg µoªw¿õ,ACC 600mg µoªw¿õ,Acetylcysteine,PO,BID,ERSP,RE-05-01,¤fªA,TAB,Actein,«D²Õ®M,°±¥Î,OFLU6,¤@¯ë¥i¥Î,¬O,¤£¥i¥ÎÃÄ¥]¾÷,¥i¥Î,¤@¯ë,Á`¶q¶i¦ì,¾AÀ³¯g: ¤Æ·ð¡A´î¤Ö©I§l¹DÂH½¤¤ÀªcªºÂH¸Y©Ê¡C,Acetaminophen ¤¤¬r¤§¸Ñ¬r¾¯¤Î¨ä¥L¥Î³~¡C,Indication: Mucolytics¡A acetaminophen poisoning,,¥~ Æ[:¥Õ¦â¶ê«ó§Î¿õ¾¯¡A¤@­±¦L¦³ACC,Appearance: White round tablet¡A marking:ACC,­G¸z»ÙÃª¡Aäú¤ß©Î¹Ã¦R¡A¥Ö¯l¡A¹L±Ó¤ÏÀ³,Nausea or vomiting¡A skin rash¡A allergy,,¬Ò¥i¥Î,×¶·ð¹çµoªw¿õ600²@§J,ACC 600mg µoªw¿õ,,,,¬O,,ªA¥Î«e±N¦¹µoªw¿õ¸m¬Á¼þ®e¾¹¤¤¡A¥[¤Ö¶q¤ô(60-100mL)·»¸Ñ¡B²V¤Ã¡C,,Melt tablet in 60-100 mL of cold water and drink,,¥»ÃÄ§t¦³²¢¨ý¾¯(Saccharin Sodium)¡A¿}§¿¯f¤Î­fà¬§¿±w©y¼f·V¨Ï¥Î,The drug contain saccharin sodium¡A be careful using in DM and phenylketonurics.,105-2 ÃÄ©e·|·s¶i,¤@¯ë,¤@¯ë,ªA¥Î«e±N¦¹µoªw¿õ¸m¬Á¼þ®e¾¹¤¤¡A¥[¤Ö¶q¤ô(50-100 mL)·»¸Ñ¡B²V¤Ã¡C,,,0,0,§_,1.0,,§_,¬O,¬O,³æ¤è,§_,¥i¥Î,¥i¥Î,¤£¥i¿i,¬O,,1.00,1.00,2.00,2.00,999,999,1,1,4.00,4.00,0,0,,¦³¹Ï¤ù,,0,,0,,R05CB01,,,,,0,,0,,TAB,,°·«Oµ¹¥I,°·«Oµ¹¥I,ACETYLCYSTEINE,R05CB01,BC26082100,§_,SolidDrugForm,DISINTAB,,,,,,,,,PH047,202402121341,5.40,8.00
OACE,19960101,99999999,°±¥Î,Acertil 4mg,Acertil 4mg,Perindopril,PO,QDAC,CAVS,CV-07-00,¤fªA,TAB,Acertil,«D²Õ®M,°±¥Î,OACE5,¤@¯ë¥i¥Î,¬O,¤£¥i¥ÎÃÄ¥]¾÷,,¤@¯ë,Á`¶q¶i¦ì,¾AÀ³¯g:°ª¦åÀ£¡B¥R¦å©Ê¤ßÅ¦°IºÜ,,Indication: HTN¡A CHF.,,¥~ Æ[:²Hºñ¦âªø«¬¿õ¾¯¡A ¤@­±¦L¦³¹Ï®×,,,,,,¶®¬I¹F,Acertil,,,§_,¬O,,,,,,,,,¤@¯ë,¤@¯ë,Äµ »y:­Y¨Ï¥Î¥»ÃÄµo¥Í¤[«y¤£Â¡À³½Ð±ÐÂå®v,,,,,§_,1.0,,§_,§_,§_,³æ¤è,§_,¥i¥Î,¥i¥Î,¥i¿i,¬O,,1.00,1.00,4.00,4.00,999,999,1,1,0,0,0,0,,µL¹Ï¤ù,,0,,0,,,,,,,,,,,TAB,§_,°·«Oµ¹¥I,°·«Oµ¹¥I,PERINDOPRIL,C09AA04,B019238100,§_,SolidDrugForm,ORTAB,,,,,,,,,PH047,202303141719,15.10,19.00
OACE5,20080916,99999999,¥i¥Î,Acertil 5mg,Acertil 5mg,Perindopril,PO,QDAC,CAVS,CV-07-00,¤fªA,TAB,Acertil,«D²Õ®M,,,¤@¯ë¥i¥Î,¬O,¤£¥i¥ÎÃÄ¥]¾÷,¥i¥Î,¤@¯ë,Á`¶q¶i¦ì,¾AÀ³¯g:°ª¦åÀ£¡A ¥R¦å©Ê¤ßÅ¦°IºÜ,,Indication:HTN¡A CHF.,,¥~ Æ[:²Hºñ¦â8¦r«¬¿õ¾¯¡A ¤@­±¦L¦³¹Ï®×,Apperance:Light green figure 8 tablet,«ùÄò°®«y¡A ÀY·w¡A µo¿N¡A ¸¡Âm¡A ¨ýÄ±³à¥¢¡A äú¤ß,Persistent dry cough¡A Dizziness¡A light-headedness¡A or fainting¡A fever¡A diarrhea¡A,,¬Ò¥i¥Î,¶®¬I¹F5¤½µ·,Acertil,,,¬O,¬O,½Ã±Ð³æ¤T,µo¥Í¹L±Ó¤ÏÀ³¡A ©I§l§xÃø¡A Ãh¥¥©Î·Ç³ÆÃh¥¥¡A ½Ð¥ß§Y¦^¶E,,1.Allergic reaction¡A shortness of breath.,2.If you are or plan to be pregnant¡A inform your doctor.,­¹ª«¥æ¤¬§@¥Î: ªAÃÄ´Á¶¡À³Á×§K¹L¶qÄá¨ú¹[ÆQ (¦p: ¥NÆQ),Food interaction: Avoid over take potassium salt.,,¤@¯ë,¤@¯ë,Äµ»y¡Gµo¥Í¹L±Ó¤ÏÀ³¡B ©I§l§xÃø ¡BÃh¥¥©Î·Ç³ÆÃh¥¥¡A½Ð¥ß§Y¦^¶E¡C,­¹ ­¹ª«¥æ¤¬,,,,§_,1.0,,§_,¬O,§_,³æ¤è,§_,¥i¥Î,¥i¥Î,¥i¿i,¬O,,1.00,1.00,2.00,2.00,999,999,28,1,4.00,4.00,0,0,,¦³¹Ï¤ù,,0,,0,,C09AA04,,,,,,,,,TAB,,°·«Oµ¹¥I,°·«Oµ¹¥I,PERINDOPRIL,C09AA04,BC24725100,§_,SolidDrugForm,ORTAB,,,,,,,,,PH075,202202091510,5.50,8.00
OACEO,20040401,99999999,°±¥Î,ACEO 90mg,ACEO 90mg,Acemetacin,PO,QD,CNEU,CN-01-02,¤fªA,CAP,,«D²Õ®M,°±¥Î¡A¥i¬dÃþ¦üÃÄ,,¤@¯ë¥i¥Î,¬O,¤£¥i¥ÎÃÄ¥]¾÷,,¤@¯ë,Á`¶q¶i¦ì,¾AÀ³¯g:¬°¤îµh®øª¢ÃÄ,,Indication:Relief of pain¡A inflammation & fever.,,¥~ Æ[:¥Õ/¿B¶Àºñ¦âªø¶ê¬W§Îµw½¦Ån,,,,,¬Ò¥i¥Î,µh¥ß¦wªø®Ä½¦Ån,ACEO 90mg,,,§_,¬O,,,,,,,,,¤@¯ë,¤@¯ë,Äµ »y:¥i¯à·|³y¦¨¶ÝºÎ©Î·w¯t¡A ¶}¨®©Î¾Þ§@¦MÀI¾÷¾¹½Ð¤p¤ß,,,,,§_,1.0,,§_,§_,§_,³æ¤è,§_,¥i¥Î,¥i¥Î,¤£¥i¿i,¬O,,1.00,1.00,2.00,2.00,999,999,30,1,0,0,0,0,,µL¹Ï¤ù,,0,,0,,,,,,,,,,,CAP,,°·«Oµ¹¥I,°·«Oµ¹¥I,ACEMETACIN,M01AB11,A045267100,§_,SolidDrugForm,ORCAP,,,,,,,,,PH047,202303141719,8.50,11.00
OACET,20040914,99999999,¥i¥Î,Acetazolamide 250mg,Acetazolamide 250mg,Acetazolamide,PC,QID,CAVS,CV-03-05,¤fªA,TAB,Diamox,«D²Õ®M,,,¤@¯ë¥i¥Î,¬O,¥i¥ÎÃÄ¥]¾÷,¥i¥Î,¤@¯ë,Á`¶q¶i¦ì,¾AÀ³¯g:²´À£¹L°ª¡A¤ô¸~¡AÅöíwµ¥¯gª¬,,Indication:Management of glaucoma; edema¡A epilepsy.,,¥~ Æ[:¥Õ¦â¶ê«ó§Î¿õ¾¯¡A ¤@­±¦³ªá¯¾¡A ¤@­±¦³¤¤¥¡¨è²ª,Appearance:White round tablet,¥Ö½§·PÄ±²§±`¡A ­¹¼¤§í¨î¡A Å¥Ä±¨ýÄ±§ïÅÜ¡A ¸z­G¾÷¯à»ÙÃª,Paresthesia; loss of appetite; hearing dysfunction or tinnitus; taste alteration,,¬Ò¥i¥Î,"¤H¤H"¤AñQ°¸´áÓi¿õ,Acetazolamide,,,§_,¬O,,¥i¯à·|¼W¥[±j¤ßÃÄ(¦p Digoxin)ªº¬r©Ê¡A­Y¨Ö¥Î®É»Ý¯S§O¯d·N,,Report your doctor if you are taking digoxin.,,¹ïÁDÓiÃÄ¦³¹L±Ó¤ÏÀ³¤§±wªÌ¡A¹ï¥»ÃÄª«¥ç¥i¯àµo¥Í¹L±Ó¡C,If you have a sulfa (sulfonamide) allergy¡A talk with your doctor.,,¤@¯ë,¤@¯ë,Äµ »y:¥i¯à·|¼W¥[±j¤ßÃÄ(¦p Digoxin)ªº¬r©Ê¡A­Y¨Ö¥Î®É»Ý¯S§O¯d·N,,,,,§_,1.0,,§_,¬O,§_,³æ¤è,§_,¥i¥Î,¥i¥Î,¥i¿i,¬O,,1.00,1.00,4.00,4.00,999,999,1,1,8.00,8.00,0,0,,¦³¹Ï¤ù,,0,,0,,S01EC01,,,,,,,,,TAB,,°·«Oµ¹¥I,°·«Oµ¹¥I,ACETAZOLAMIDE,S01EC01,NC07548100,§_,SolidDrugForm,ORTAB,,,,,,,,,PH047,202303141719,1.50,3.00
OACH,20200915,99999999,¥i¥Î,Achelex 175/350mg,Achelex 175/350mg,Carisoprodol + Acetaminophen,PO,HS,CNEU,CN-03-02,¤fªA,TAB,Relax,«D²Õ®M,,,,¬O,¥i¥ÎÃÄ¥]¾÷,¥i¥Î,¤@¯ë,Á`¶q¶i¦ì,¾AÀ³¯g:¦Ù¦×ÃP¦¢¡A Âíµh¸Ñ¼ö§@¥Î,,Indication:Relief of painful musculoskeletal conditions,,¥~ Æ[:¾ï¦â¶ê§Î¿õ¾¯¡A¤W¦³SP175¼Ð¥Ü.,Appearance: Orange round tablet¡A SP175 marked.,§x­Â¡A ·w¯t¡A ¹B°Ê¥¢½Õ¡A ¥Ö¯l,Drowsiness¡A dizziness¡A ataxia¡A skin rash,,¬Ò¥i¥Î,¦¢µ¬©w¿õ,Achelex 175/350mg,,,¬O,¬O,,³¡¤À¤H¨Ï¥Î«á¥i¯à¤Þ°_¯h­Â¡A µtºÎªº²{¶H,,May cause fatigue¡A sleepiness.,,¤£±o¨ÖªA§t°sºë¶¼®Æ¡A¦]¬°¥i¯à³y¦¨¨x·l®`,Avoid alcohol while taking medication.,2020Q3ÃÄ©e·s¶i.,¤@¯ë,¤@¯ë,Äµ »y:³¡¤À¤H¨Ï¥Î«á¥i¯à¤Þ°_¯h­Â¡BµtºÎªº²{¶H,,,0,0,§_,1.0,,§_,¬O,§_,½Æ¤è,,¥i¥Î,¥i¥Î,¥i¿i,¬O,,1.00,1.00,1.00,1.00,999,999,1,1,8.00,8.00,0,0,,¦³¹Ï¤ù,,0,,0,,M03BA52,N02BE01,M03BA02,,,0,,0,,TAB,,°·«Oµ¹¥I,°·«Oµ¹¥I,ACETAMINOPHEN 350MG + CARISOPRODOL 175MG + CAFFEINE 0-32MG,M03BA52,AC57404100,§_,SolidDrugForm,ORTAB,,,0,,0,,,,PH022,202010061058,2.95,4.00
OACT,19960101,99999999,°±¥Î,Actein 100mg/pk Áû²É¾¯,Actein 100mg/pk Áû²É¾¯,Acetylcysteine,PO,QID,ERSP,RE-05-01,¤fªA,PK,Fluimucil,«D²Õ®M,°±¥Î,OFLUC,¤@¯ë¥i¥Î,¬O,¤£¥i¥ÎÃÄ¥]¾÷,,¤@¯ë,Á`¶q¶i¦ì,¾AÀ³¯g:¤Æ·ð¤Î¨ä¥L¥Î³~,,Indication:Mucolytics,,¥~ Æ[:¾ï¦â·L²ÓÁû²É¥]¸Ë,Appearance:Orange granules,¶ÝºÎ¡A µo¿N¡A äú¤ß©Î¹Ã¦R,Drowsiness¡A fever¡A nausea or vomiting,,¬Ò¥i¥Î,·R§J·ð,Actein,,,§_,¬O,,½Ð°t¦X¥R¤À¶}¤ôªA¥Î¡A ¨Ã¼W¥[¤ô¤ÀªºÄá¨ú,,Drink plenty of fluids while taking the medicine.,,,,,¤@¯ë,¤@¯ë,Äµ »y:½Ð°t¦X¥R¤À¶}¤ôªA¥Î¡A ¨Ã¼W¥[¤ô¤ÀªºÄá¨ú,,,,,§_,1.0,,§_,§_,§_,³æ¤è,§_,°±¥Î,¥i¥Î,¥i¿i,¬O,,1.00,1.00,2.00,2.00,999,999,1,1,70.00,70.00,0,0,,¦³¹Ï¤ù,,0,,0,,R05CB01,,,,,,,,,PK,§_,°·«Oµ¹¥I,°·«Oµ¹¥I,ACETYLCYSTEINE,R05CB01,A027177121,§_,SolidDrugForm,GRAN,,,,,,,,,PH047,202303141719,1.63,3.00
OACT3,20021212,99999999,¥i¥Î,Actos 30mg,Actos 30mg,Pioglitazone,PO,QD,META,ME-02-05,¤fªA,TAB,Actos,«D²Õ®M,,,¤@¯ë¥i¥Î,¬O,¤£¥i¥ÎÃÄ¥]¾÷,¥i¥Î,¤@¯ë,Á`¶q¶i¦ì,¾AÀ³¯g:¥Dªv²Ä¤G«¬¿}§¿¯f,,Indication:Type 2 diabetes,,¥~ Æ[:¥Õ¦â¶ê«ó§Î¿õ¾¯,Appearance:White round tablet,µø¤O¼Ò½k¡A ¯h­Â¡A «_§N¦½¡A äú¤ß¡A ÀYµh¡A ¦Ù¦×»Äµh,Blurred vision; tiredness; sweating; nausea; headache,,¬Ò¥i¥Î,·R§´¿}¿õ,Actos 30mg,,,§_,¬O,,ªø´Á§ë»PÀ³¯d·N¨x¥\¯àÅÜ¤Æ¡A ­YÅé­«ÆJ¼W©Î¤ô¸~À³½Ð±ÐÂå®v,,Notify your doctor if you experience sudden weight gain¡A edema.,,³Æµù: ªA¥Î«á¥X²{¦å§¿µ¥ºÃ¦ü»H¯ÖÀù¯gª¬®É¡A ½Ð¥ß¨è¦^¶E§iª¾Âå®v,Inform your doctor if you have signs of bladder cancer (hematuria).,,¤@¯ë,¤@¯ë,Äµ »y:ªø´Á§ë»PÀ³¯d·N¨x¥\¯àÅÜ¤Æ¡A­YÅé­«ÆJ¼W©Î¤ô¸~À³½Ð±ÐÂå®v,,,,,§_,1.0,,§_,¬O,§_,³æ¤è,§_,¥i¥Î,¥i¥Î,¥i¿i,¬O,,1.00,1.00,2.00,2.00,999,999,1,1,1.50,1.50,0,0,,¦³¹Ï¤ù,,0,,0,,A10BG03,,,,,,,,,TAB,,°·«Oµ¹¥I,°·«Oµ¹¥I,PIOGLITAZONE,A10BG03,BC23206100,§_,SolidDrugForm,ORTAB,,,,,,,,,PH047,202303141719,7.90,11.00
OACT40,20210125,99999999,¥i¥Î,Actein 100mg/2.5gm,Actein 100mg/2.5gm,Acetylcysteine,PO,QID,ERSP,RE-05-01,¤fªA,PK,Flucil,«D²Õ®M,,,¤@¯ë¥i¥Î,¬O,¤£¥i¥ÎÃÄ¥]¾÷,¥i¥Î,¤@¯ë,Á`¶q¶i¦ì,¾AÀ³¯g:¤Æ·ð(´î¤Ö©I§l¹DÖß½¤¤Àªcª«ªºÖß¸Y©Ê)¡C,,Indication:Mucolytics,,¥~ Æ[:¾ï¦â·L²ÓÁû²É,Appearance:Orange granules,§C¦åÀ£¡A äú¤ß¡A ¹Ã¦R¡A ¤ä®ðºÞ¦¬ÁY¡A ¥Ö½§µo¯l,Hypotension¡A nausea¡A vomiting¡A bronchospasm¡A skin rash.,,¬Ò¥i¥Î,·R§J·ðÁû²É,Actein 100mg/2.5gm,,,,¬O,,©y°t¦X¥R¤À¶}¤ôªA¥Î¡A ¨Ã¼W¥[¤ô¤ÀªºÄá¨ú¡C¤£±o»P§t°sºë¶¼®Æ¨Ö¥Î¡C,,Drink plenty of fluids while taking the medicine. Do not take with alcohol.,,¥»«~·¥©ö§lÀã¡A½Ð¶J¦s©ó25¢XC¥H¤U°®Àê³B©Ò¡C,Store this medication in a dry place below 25¢XC.,2021.01 [OFLUC]°Ó«~¦WÅÜ§ó,¤@¯ë,¤@¯ë,Äµ »y:½Ð°t¦X¥R¤À¶}¤ôªA¥Î¡A ¨Ã¼W¥[¤ô¤ÀªºÄá¨ú,,,0,0,§_,1.0,,§_,¬O,§_,³æ¤è,,¥i¥Î,¥i¥Î,¥i¿i,¬O,,1.00,1.00,2.00,2.00,999,999,1,1,70.00,70.00,2.80,1.40,,¦³¹Ï¤ù,,0,,0,,R05CB01,,,,,0,,0,,PK,,°·«Oµ¹¥I,°·«Oµ¹¥I,ACETYLCYSTEINE,R05CB01,A032323114,§_,SolidDrugForm,GRAN,,,0,,0,,,,PH047,202402121341,1.58,3.00
OACT6,20130320,99999999,°±¥Î,Actein 600mg µoªw¿õ,Actein 600mg µoªw¿õ,Acetylcysteine,PO,QD,ERSP,RE-05-01,¤fªA,TAB,Fluimucil,«D²Õ®M,°±¥Î,OACC6,¤@¯ë¥i¥Î,¬O,¤£¥i¥ÎÃÄ¥]¾÷,¥i¥Î,¤@¯ë,Á`¶q¶i¦ì,¾AÀ³¯g: ¤Æ·ð¡A´î¤Ö©I§l¹DÂH½¤¤ÀªcªºÂH¸Y©Ê¡C,Acetaminophen ¤¤¬r¤§¸Ñ¬r¾¯¤Î¨ä¥L¥Î³~¡C,Indication: Mucolytics¡A acetaminophen poisoning,,¥~ Æ[:¥Õ¦â ¶ê«ó§Î ¿õ¾¯¡A¤@­±¦L¦³SYN,Appearance: White round tablet,­G¸z»ÙÃª¡Aäú¤ß©Î¹Ã¦R¡A¥Ö¯l¡A¹L±Ó¤ÏÀ³,Nausea or vomiting¡A skin rash¡A allergy,,¬Ò¥i¥Î,·R§J·ðµoªw¿õ,Actein Effervescent,,,§_,¬O,,ªA¥Î«e±N¦¹µoªw¿õ¸m¬Á¼þ®e¾¹¤¤¡A¥[¤Ö¶q¤ô(50-100 mL)·»¸Ñ¡B²V¤Ã¡C,,Melt tablet in 50-100 mL of cold water and drink,,¥»ÃÄ«~§t²¢¨ý¾¯ªü´µ¤Ú²¢¡A¨u¨£¯e¯f­fà¬§¿±wªÌ¤£©y¨Ï¥Î¡C,This medication contain aspartame¡A phenylketonurics is contraindicated,105-2 ÃÄ©e·|§R°£,¤@¯ë,¤@¯ë,¥»ÃÄ«~§t²¢¨ý¾¯ªü´µ¤Ú²¢¡A­fà¬§¿±wªÌ¤£©y¨Ï¥Î¡C,,,0,0,§_,1.0,,§_,§_,§_,³æ¤è,§_,°±¥Î,¥i¥Î,¤£¥i¿i,¬O,,1.00,1.00,2.00,2.00,999,999,1,1,99.00,99.00,0,0,,¦³¹Ï¤ù,,0,,0,,R05CB01,,,,,,,,,TAB,,°·«Oµ¹¥I,°·«Oµ¹¥I,ACETYLCYSTEINE,R05CB01,AB45993100,§_,SolidDrugForm,DISINTAB,,,,,,,,,PH047,202303141719,5.40,8.00
OACTI,20030320,99999999,°±¥Î,Activelle,Activelle,Estradiol Hemihydrate + Norethisterone,PO,,HM,HR-03-04,¤fªA,TAB,,«D²Õ®M,°±¥Î¡A¥i¬dÃþ¦üÃÄ,,¤w°±¥Î,¬O,¤£¥i¥ÎÃÄ¥]¾÷,¥i¥Î,¤£¦LÃÄÅÒ,,¾AÀ³¯g:°±¸g¯g­Ô¸s²üº¸»X¤§¸É¥R,,Indication:Hormone replacement therapy for estrogen deficien,,,,,,,¥u¥Î©óªù¶E,,Activelle,,,§_,¬O,,,,,,,,,,¤@¯ë,,,,,,§_,1.0,,§_,§_,§_,³æ¤è,§_,¥i¥Î,¥i¥Î,¥i¿i,§_,,1.00,1.00,99.00,99.00,99,99,1,1,0,0,0,0,,µL¹Ï¤ù,,0,,0,,,,,,,,,,,TAB,,°·«Oµ¹¥I,°·«Oµ¹¥I,ESTRADIOL 1MG + NORETHINDRONE 500MCG,G03FA01,B022786100,§_,SolidDrugForm,ORTAB,,,,,,,,,PH047,202303141719,3.88,5.00
OACTN6,20221014,99999999,°±¥Î,Actein effervescent 600mg,Actein effervescent 600mg,Acetylcysteine,PO,BID,ERSP,RE-05-01,¤fªA,TAB,,«D²Õ®M,°±¥Î,,¤@¯ë¥i¥Î,¬O,¤£¥i¥ÎÃÄ¥]¾÷,¥i¥Î,¤@¯ë,Á`¶q¶i¦ì,,,,,,,,,,¬Ò¥i¥Î,,,,,,¬O,,,,,,,,,¤@¯ë,¤@¯ë,,,,0,0,§_,1.0,,§_,¬O,§_,³æ¤è,,¥i¥Î,¥i¥Î,¤£¥i¿i,¬O,,0,0,0,0,0,0,0,0,0,0,0,0,,µL¹Ï¤ù,,0,,0,,,,,,,0,,0,,TAB,,°·«Oµ¹¥I,°·«Oµ¹¥I,ACETYLCYSTEINE,R05CB01,AB45993100,,,,,,0,,0,,,,PH047,202303200859,5.40,8.00
OACZ,20210915,99999999,¥i¥Î,Acarizax 12 SQ-HDM (30 tablets/box),Acarizax 12 SQ-HDM (30 tablets/box),Der pte extract + Der far extract,SL,QD,HIMM,IM-01-00,¤fªA,TAB,Acarizax,«D²Õ®M,,,¤@¯ë¥i¥Î,¬O,¤£¥i¥ÎÃÄ¥]¾÷,°·«O¤£µ¹¥I,¤@¯ë,Á`¶q¶i¦ì,¾AÀ³¯g:12-65·³¦]¹Ð (¦äº¡) ¤Þ°_¤§¹L±Ó©Ê»óª¢,,Indication:House dust mite-induced allergic rhinitis,,¥~ Æ[:¥Õ¦â¶ê¿õ¡A¤W¦³¤­¨¤§Î¹Ï§Î¼Ð¥Ü.,Appearance:White round tablet¡A with a pentagon marked.,§½³¡¹L±Ó¤ÏÀ³¡BµoÄo¡B¥Ö¯l¡B³ïÄV²§ª«·P¡B¯h²Ö,Local allergic reactions¡A itching¡A rash¡A throat irritation¡A fatigue.,,¬Ò¥i¥Î,ªü§J¥ß¦Þ¤U¿õ12 SQ-HDM,Acarizax 12 SQ-HDM 30²É/²°,,,,¬O,,²Ä¤@¦¸¤fªA¾¯¶qÀ³¦bÂåÀø°|©Ò¤ºªA¥Î¨Ã¯d°|Æ[¹î¦Ü¤Ö¥b¤p®É¡C,­Y¤¤Â_ªvÀø¤Ñ¼Æ¶W¹L7¤Ñ¡A¦AªAÃÄ«eÀ³¥ý´NÂåµû¦ô¡C,Stay in medical institution for at least 30 minutes following the initial dose.,If stop treatment for more than 7 days¡A should consult a doctor before re-on.,¥´¶}¥]¸Ë¥ß§Y¥Î°®Àê¤â«ü±NÃÄ¿õ©ñ¤J¦Þ¤U¡AÁ×§K1¤ÀÄÁ¤º§]ªA¡A5¤ÀÄÁ¤º¤£¥i¶¼­¹,Read the instructions carefully before use.,2021.Q3ÃÄ©e·s¶i,¤@¯ë,¤@¯ë,²Ä¤@¦¸¤fªA¾¯¶qÀ³¦bÂåÀø°|©Ò¤ºªA¥Î¨Ã¯d°|Æ[¹î¦Ü¤Ö30¤ÀÄÁ¡C­Y¤¤Â_ªvÀø¤Ñ¼Æ¶W¹L7¤Ñ¡A¦AªAÃÄ«eÀ³¥ý´NÂåµû¦ô¡C,,,0,0,§_,30.0,,§_,¬O,§_,½Æ¤è,§_,°±¥Î,°±¥Î,¤£¥i¿i,¬O,,1.00,1.00,1.00,1.00,999,999,30,30,1.00,1.00,0,0,,¦³¹Ï¤ù,,0,,0,,V01AA03,,,,,0,,0,,BOX,,¤£µ¹¥I¶·¦Û¥I,¤£µ¹¥I¶·¦Û¥I,,,,,SolidDrugForm,SLTAB,,,0,,0,,,,PH047,202308100940,0,4800.00
OADA1,20040107,99999999,°±¥Î,Adalat 10mg,Adalat 10mg,Nifedipine,PO,PRN,CAVS,CV-05-00,¤fªA,CAP,Adalat,«D²Õ®M,°±¥Î,OALA,¤@¯ë¥i¥Î,¬O,¤£¥i¥ÎÃÄ¥]¾÷,,¤@¯ë,¦¸­p¶q¶i¦ì,¾AÀ³¯g:¯U¤ß¯g¡A °ª¦åÀ£,,Indication:Angina pectoris¡A hypertension.,,¥~ Æ[:¾ï¦â³n½¦Ån,Appearance:Orange soft capsule,¤ß¸õ¤£³W«h¡A ¥Ö½§¬õ¯l¡A ¤UªÏ¤ô¸~¡A ÀY·w¡A ÀYµh¡A äú¤ß,Irregular or fast¡A pounding heartbeat¡A skin rash¡A swelling of lower legs¡A dizzin,,¬Ò¥i¥Î,«a¹F®®,Adalat 10mg,,,¬O,¬O,½Ã±Ð³æ¤T,ªAÃÄ´Á¶¡Á×§K¦Y¸²µå¬c©Î¶¼¥Î¸²µå¬c¥Ä¡A¥H§K¼vÅTÃÄª«¥NÁÂ,,Avoid grapefruits or related products to prevent risk of interaction.,,­¹ª«¥æ¤¬§@¥Î: ªAÃÄ´Á¶¡Á×§K­¹¥Î¸²µå¬c¥Ä,Food interaction: Avoid grapefruit juice,,¤@¯ë,¤@¯ë,Äµ »y:ªAÃÄ´Á¶¡Á×§K¦Y¸²µå¬c©Î¶¼¥Î¸²µå¬c¥Ä¡A¥H§K¼vÅTÃÄª«¥NÁÂ,SA/­¹ «÷­µ/­¹ª«,,,,§_,1.0,,§_,§_,§_,³æ¤è,§_,°±¥Î,¥i¥Î,¤£¥i¿i,¬O,,1.00,1.00,6.00,6.00,999,999,1,1,18.00,18.00,0,0,,¦³¹Ï¤ù,,0,,0,,C08CA05,,,,,,,,,CAP,§_,°·«Oµ¹¥I,°·«Oµ¹¥I,NIFEDIPINE,C08CA05,B019855100,§_,SolidDrugForm,ORCAP,,,,,,,,,PH047,202303141719,2.14,3.00
OADA3,19960101,99999999,°±¥Î,Adalat OROS 30mg,Adalat OROS 30mg,Nifedipine,PO,QD,CAVS,CV-05-00,¤fªA,TAB,,«D²Õ®M,¼t°Ó¯Ê³f,ONIF,¤@¯ë¥i¥Î,¬O,¥i¥ÎÃÄ¥]¾÷,,¤@¯ë,Á`¶q¶i¦ì,¾AÀ³¯g:¯U¤ß¯g¡A °ª¦åÀ£,,Indication:Angina pectoris¡A hypertension.,,¥~ Æ[:²H¬õµµ¦â¶ê«ó§Î¿õ¾¯,Appearance:Light red purple round tablet,¤ß¸õ¤£³W«h¡A ¥Ö½§¬õ¯l¡A ¤UªÏ¤ô¸~¡A ÀY·w¡A ÀYµh¡A äú¤ß,Irregular or fast¡A pounding heartbeat¡A skin rash¡A swelling of lower legs¡A dizzin,,,«a¹F®®¼Ú¼Ö,Adalat OROS,,,¬O,§_,½Ã±Ð³æ¤T,ªAÃÄ´Á¶¡Á×§K¦Y¸²µå¬c©Î¶¼¥Î¸²µå¬c¥Ä¡A¥H§K¼vÅTÃÄª«¥NÁÂ,,Avoid grapefruits or related products to prevent risk of interaction.,,­¹ª«¥æ¤¬§@¥Î: ªAÃÄ´Á¶¡Á×§K­¹¥Î¸²µå¬c¥Ä,Food interaction:Avoid grapefruit juice,,¤@¯ë,¤@¯ë,Äµ »y:ªAÃÄ´Á¶¡Á×§K¦Y¸²µå¬c©Î¶¼¥Î¸²µå¬c¥Ä¡A¥H§K¼vÅTÃÄª«¥NÁÂ,­¹ ­¹ª«¥æ¤¬,,,,§_,1.0,,§_,§_,§_,³æ¤è,§_,°±¥Î,¥i¥Î,¤£¥i¿i,¬O,,1.00,1.00,4.00,4.00,999,999,1,1,4.00,4.00,0,0,,¦³¹Ï¤ù,,0,,0,,C08CA05,,,,,,,,,TAB,§_,°·«Oµ¹¥I,°·«Oµ¹¥I,NIFEDIPINE,C08CA05,BA22951100,§_,SolidDrugForm,ERTAB12,,,,,,,,,PH047,202303141719,5.10,7.00
OAFI,20140902,99999999,¥i¥Î,Afinitor 5mg,Afinitor 5mg,Everolimus,PO,QD,RACA,ON-08-07,¤fªA,TAB,Afinitor,«D²Õ®M,Á{±ÄÃÄ¡A½Ð³qª¾ÃÄ§½¥~ÁÊ,,¥»°|Á{±Ä²M³æ,¬O,¤£¥i¥ÎÃÄ¥]¾÷,±ø¥ó¤Uµ¹¥I,¤@¯ë,Á`¶q¶i¦ì,¾AÀ³¯g:¬°§Ü¸~½FÃÄ,,Indication:Cancer therapy.,,¥~ Æ[:¥Õ¦â¾ò¶ê§Î¿õ¾¯¡A¦L¦³NVR¡A 5,Appearance:white oblong tablet¡A markings : NVR¡A 5,¤fµÄª¢¡A·P¬V¡A¥Ö¯l¡A¯h³Ò¡A¸¡Âm¡A­¹¼¤´î°h¡A¦å¿}¤É°ª,Stomatitis¡A infections¡A rash¡A fatigue¡A diarrhea¡A decreased appetite¡A hyperglycem,,¬Ò¥i¥Î,Àù¥ñ§´,Afinitor 5mg,,,,¬O,,ªAÃÄ´Á¶¡Á×§K­¹¥Î¸²µå¬c¥Ä,¤£¥i©CÄZ©Î«r¸H¿õ¾¯¡C,Food interaction:Avoid grapefruit juice,Swallow whole¡A do not chew/crush.,­Y¦³·sªº©I§l¹D¯gª¬¥X²{©Î´c¤Æ(«y¹Â¡B¯Ýµh¡B©I§l«æ«P©Î«y¦å)¡A½Ð¥ß§Y§iª¾Âå¥Í,If you have any worsening respiratory symptoms¡A please notify your doctor,106-2ÃÄ©e·|³q¹LÁ{±Ä¡A¤£³]°ò¥»®w¦s¡A¨Ï¥Î«e¶ñ¼gÁ{±Ä³æ³qª¾³ÆÃÄ¡C,¤@¯ë,¤@¯ë,­Y¦³·sªº©I§l¹D¯gª¬¥X²{©Î´c¤Æ(«y¹Â¡B¯Ýµh¡B©I§l«æ«P©Î«y¦å)¡A½Ð¥ß§Y§iª¾Âå¥Í,,,0,0,§_,1.0,,§_,¬O,§_,³æ¤è,§_,¥i¥Î,¥i¥Î,¤£¥i¿i,¬O,,1.00,1.00,2.00,2.00,999,999,1,1,2.00,2.00,0,0,,¦³¹Ï¤ù,,0,,0,,L01EG02,L04AA18,,,,0,,0,,TAB,¬O,°·«Oµ¹¥I,°·«Oµ¹¥I,EVEROLIMUS,L01EG02,BC25165100,§_,SolidDrugForm,ORTAB,¦M®`¤@¯Å(¡I¡I),,,,,,,,PH047,202311090850,554.00,665.00
OAGT,20220622,99999999,¥i¥Î,Alglutol 333mg delayed-release,Alglutol 333mg delayed-release,Acamprosate,PO,TID,ZADT,AD-02-00,¤fªA,TAB,Acamprosate Calcium,«D²Õ®M,,,¤@¯ë¥i¥Î,¬O,¤£¥i¥ÎÃÄ¥]¾÷,°·«O¤£µ¹¥I,¤@¯ë,Á`¶q¶i¦ì,¾AÀ³¯g:°sºë¦¨Å}¤§»²§UªvÀø,,Indication:Alcoholism¡A maintenance of abstinence,,¥~ Æ[:¥Õ¦â¶ê¿õ¡A¤W¦³435¼Ð°O,Appearance:White round tablet¡A marked with 435.,¸¡Âm¡Aäú¤ß¡A¹Ã¦R¡A¼~Æ{¡AµJ¼{,Diarrhea¡A nausea¡A vomiting¡A depression¡A anxiety,,¬Ò¥i¥Î,§Ù°s§´333²@§J¸z·»¿õ,Alglutol 333 mg,,,,,,¥iÀHÀ\©Î¤£ÀHÀ\ªA¥Î¡A¦ý½Ð¨C¤é«ö®É³W«ßªA¥ÎÃÄª«¡C,,Could be taken with or without a meal¡A but on a regular schedule every day.,,½Ð¤Å±N¦¹ÃÄ¿õ«r¸H¡AÀ£¸H¡A­é¥b©Î¿i¯»,Do not bite¡A crush¡A cut¡A or grind this tablet,2022.Q2ÃÄ©e·s¼W,¤@¯ë,¤@¯ë,¥iÀHÀ\©Î¤£ÀHÀ\ªA¥Î¡A¦ý½Ð¨C¤é«ö®É³W«ßªA¥ÎÃÄª«¡C,,,0,0,§_,1.0,,§_,¬O,§_,³æ¤è,§_,°±¥Î,°±¥Î,¤£¥i¿i,¬O,,1.00,1.00,2.00,2.00,99,99,28,28,6.00,6.00,0,0,,¦³¹Ï¤ù,,0,,0,,N07BB03,,,,,0,,0,,TAB,§_,¤£µ¹¥I¶·¦Û¥I,¤£µ¹¥I¶·¦Û¥I,,,,§_,SolidDrugForm,DRTAB,,,0,,0,,,,PH047,202402121329,0,30.00
OAKI,19960101,99999999,°±¥Î,Akineton 2mg,Akineton 2mg,Biperiden,PO,,CNEU,CN-03-03,¤fªA,TAB,Akineton,«D²Õ®M,°±¥Î¡A¥i¬dÃþ¦üÃÄ,OBIP2,¤@¯ë¥i¥Î,¬O,¤£¥i¥ÎÃÄ¥]¾÷,,¤@¯ë,Á`¶q¶i¦ì,¾AÀ³¯g¡G©¬ª÷´Ë¤ó¯g,,Indication:Symptoms of Parkinson's disease,,¥~ Æ[:¥Õ¦â¶ê«ó§Î¿õ¾¯,Appearance:White round tablet,µø¤O¼Ò½k¡A «K¯µ¡A ¬y¦½´î¤Ö¡A ±Æ§¿¯kµh¡A ©ü©ü±ýºÎ¡A ¬È¥ú¡A äú¤ß,Blurred vision; constipation; sweat less; difficult urination; sleepy; sensitive,,,¦w©ö¯à¿õ,Akineton 2mg,,,§_,¬O,,ªAÃÄ«á¡A ½Ð¤Å¶}¨®©Î¾Þ§@¦MÀI¾÷±ñ; ¤Å¶¼°s,,Be careful driving or operating machinery. Avoid alcohol.,,³Æµù: ­Y¤f°®¯gª¬«ùÄò¶W¹L¨â¶g¡A ½Ð§iª¾Âå®v,May cause dry mouth¡A check with your doctor if symptoms persist more than 2 week,,¤@¯ë,¤@¯ë,Äµ »y:ªAÃÄ«á¡A½Ð¤Å¶}¨®©Î¾Þ§@¦MÀI¾÷±ñ¡F¤Å¶¼°s,,,,,§_,1.0,,§_,§_,§_,³æ¤è,§_,°±¥Î,¥i¥Î,¥i¿i,¬O,,1.00,1.00,2.00,2.00,999,999,1,1,0,0,0,0,,¦³¹Ï¤ù,,0,,0,,N04AA02,,,,,,,,,TAB,§_,°·«Oµ¹¥I,°·«Oµ¹¥I,BIPERIDEN,N04AA02,B023783100,§_,SolidDrugForm,ORTAB,,,,,,,,,PH047,202303141719,2.50,4.00
OAKI2,20150315,99999999,¥i¥Î,Akinfree 2mg,Akinfree 2mg,Biperiden,PO,TID,CNEU,CN-03-03,¤fªA,TAB,Akineton,«D²Õ®M,,,¤@¯ë¥i¥Î,¬O,¤£¥i¥ÎÃÄ¥]¾÷,¥i¥Î,¤@¯ë,Á`¶q¶i¦ì,¾AÀ³¯g:©¬ª÷´Ë¤ó¯g,,Indication:Parkinsonism,,¥~ Æ[:¥Õ¦â¶ê«ó§Î¿õ¾¯¡A¤@­±¦L"B35",Appearance:White round tablet,µø¤O¼Ò½k¡A «K¯µ¡A ¬y¦½´î¤Ö¡A ±Æ§¿¯kµh¡A ©ü©ü±ýºÎ¡A ¬È¥ú¡A äú¤ß,blurred vision; constipation; sweat less; difficult urination; sleepy,,¬Ò¥i¥Î,¦w¥Å´_¿õ2²@§J,Akinfree 2mg,,,,¬O,,­Y¤f°®¯gª¬«ùÄò¶W¹L¨â¶g¡A½Ð§iª¾Âå®v¡C,,May cause dry mouth¡A inform doctor if symptoms persist more than 2 weeks.,,³Æµù:¤Å¶¼°s¡CªAÃÄ«á¡A ½Ð¤p¤ß¶}¨®©Î¾Þ§@¦MÀI¾÷±ñ¡C,Avoid alcohol. Be careful driving or operating machines while on this medication,2015¦~²Ä¤@¦¸ÃÄ©e·|³q¹L·s¶i¨ú¥N,¤@¯ë,¤@¯ë,Äµ»y:­Y¤f°®¯gª¬«ùÄò¶W¹L¨â¶g¡A½Ð§iª¾Âå®v¡C,,,0,0,§_,1.0,,§_,¬O,§_,³æ¤è,§_,¥i¥Î,¥i¥Î,¥i¿i,¬O,,1.00,1.00,2.00,2.00,999,999,1,1,8.00,8.00,0,0,,¦³¹Ï¤ù,,0,,0,,N04AA02,,,,,0,,0,,TAB,,°·«Oµ¹¥I,°·«Oµ¹¥I,BIPERIDEN,N04AA02,AC470441G0,§_,SolidDrugForm,ORTAB,,,,,,,,,PH047,202303141719,2.00,3.00
OAKY,20200915,99999999,¥i¥Î,Akynzeo 300/0.5mg,Akynzeo 300/0.5mg,Netupitant + Palonosetron,PO,,CNEU,CN-03-08,¤fªA,CAP,Akynzeo,«D²Õ®M,,,,¬O,¤£¥i¥ÎÃÄ¥]¾÷,±ø¥ó¤Uµ¹¥I,¤@¯ë,Á`¶q¶i¦ì,¾AÀ³¯g:¹w¨¾¤Æ¾ÇªvÀøªºäú¤ß©Î¹Ã¦R,,Indication:Prophylaxis of Chemotherapy-induced nausea,and vomiting (Acute and delayed),¥~ Æ[:¬õ/¥Õ¦â½¦Ån¡A¤W¦³HE1¼Ð¥Ü,Appearance:Red/white capsule¡A HE1 marked.,®ø¤Æ¤£¨}¡A¯h¾Î¡A«K¯µ¡AÀYµh,Indigestion¡A fatigue¡A constipation¡A headache,,¥u¥Î©óªù¶E¤Î¦í°|STAT,¹Ã¥iµÎ½¦Ån,Akynzeo 300/0.5mg,,,,§_,,¦pªG¥¿¦b¨Ï¥Î¦å²M¯À¬ÛÃöÃÄª«¡A½Ð§iª¾±zªºÂå®v,,If you are using serotonin-related drugs¡A please inform your physician,,­Yµo¥Í¹L±Ó¯gª¬½Ð§iª¾Âå®v¡C,Tell your doctor if you have any signs of an allergic reaction.,2020Q3ÃÄ©e·s¶i,¤@¯ë,¤@¯ë,¦pªG¥¿¦b¨Ï¥Î¦å²M¯À¬ÛÃöÃÄª«¡A½Ð§iª¾±zªºÂå®v,,,0,0,§_,1.0,,§_,¬O,§_,½Æ¤è,§_,°±¥Î,°±¥Î,¤£¥i¿i,§_,,1.00,1.00,1.00,1.00,1,1,1,1,1.00,1.00,0,0,,¦³¹Ï¤ù,,0,,0,,A04AA55,A04AA05,,,,0,,0,,CAP,§_,°·«Oµ¹¥I,°·«Oµ¹¥I,PALONOSETRON 0.5 MG + NETUPITANT 300 MG,A04AA55,BC27233100,§_,SolidDrugForm,ORCAP,,,0,,0,,,,PH034,202203030926,1828.00,2194.00
OALA,20140617,99999999,¥i¥Î,Alat 10mg,Alat 10mg,Nifedipine,PO,ASORDER,CAVS,CV-05-00,¤fªA,CAP,Adalat,«D²Õ®M,,,¤@¯ë¥i¥Î,¬O,¤£¥i¥ÎÃÄ¥]¾÷,¥i¥Î,¤@¯ë,¦¸­p¶q¶i¦ì,¾AÀ³¯g:¯U¤ß¯g¡A °ª¦åÀ£,,Indication:Angina pectoris¡A hypertension,,¥~ Æ[:¾ï¦â½¦Ån,Appearance:Orange capsule,¤ß¸õ¤£³W«h¡A ¥Ö½§¬õ¯l¡A ¤UªÏ¤ô¸~¡A ÀY·w¡A ÀYµh,Irregular or fast¡A pounding heartbeat¡A skin rash¡A swelling of lower legs,,¬Ò¥i¥Î,¤ßºÖ,Alat 10mg,,,¬O,¬O,½Ã±Ð³æ¤T,ªAÃÄ´Á¶¡Á×§K¦Y¸²µå¬c©Î¶¼¥Î¸²µå¬c¥Ä¡A¥H§K¼vÅTÃÄª«¥NÁÂ,,Avoid grapefruits or related products to prevent risk of interaction.,,,,,¤@¯ë,¤@¯ë,Äµ »y:ªAÃÄ´Á¶¡Á×§K¦Y¸²µå¬c©Î¶¼¥Î¸²µå¬c¥Ä¡A¥H§K¼vÅTÃÄª«¥NÁÂ,­¹ ­¹ª«¥æ¤¬,,0,0,§_,1.0,,§_,¬O,§_,³æ¤è,§_,¥i¥Î,¥i¥Î,¤£¥i¿i,¬O,,1.00,1.00,6.00,6.00,999,999,1,1,18.00,18.00,0,0,,¦³¹Ï¤ù,,0,,0,,C08CA05,,,,,,,,,CAP,,°·«Oµ¹¥I,°·«Oµ¹¥I,NIFEDIPINE,C08CA05,AC328011G0,§_,SolidDrugForm,ORCAP,,,,,,,,,PH034,202202181733,2.00,3.00
OALDA,19960101,99999999,°±¥Î,Aldactone 25mg,Aldactone 25mg,Spironolactone,PO,,CAVS,CV-03-03,¤fªA,TAB,Aldactone,«D²Õ®M,°±¥Î,OSPI,¤@¯ë¥i¥Î,¬O,¥i¥ÎÃÄ¥]¾÷,,¤@¯ë,Á`¶q¶i¦ì,¾AÀ³¯g:¬°§Q§¿¾¯,,Diuretics,,¥~ Æ[:²H¶À¦â¶ê«ó§Î¿õ¾¯,Appearance:Light yellow round tablet,,,,,¦w¹F³q¿õ,Aldactone 25mg,,,§_,¬O,,,,,,,,,¤@¯ë,¤@¯ë,Äµ »y:½Ð¿í·ÓÂå®v«ü¥Ü¨Ï¥Î¡A­Yµo¥ÍºÃ¦üÃÄª«¤£¨}¤ÏÀ³½Ð§iª¾Âå¥Í¡C,,,,,§_,1.0,,§_,§_,§_,³æ¤è,§_,°±¥Î,¥i¥Î,¥i¿i,¬O,,1.00,1.00,12.00,12.00,999,999,1,1,0,0,0,0,,µL¹Ï¤ù,,0,,0,,,,,,,,,,,TAB,§_,°·«Oµ¹¥I,°·«Oµ¹¥I,SPIRONOLACTONE,C03DA01,B022610100,§_,SolidDrugForm,ORTAB,,,,,,,,,PH047,202303141720,2.14,3.00
OALDO,19960101,99999999,°±¥Î,Aldomet 250mg,Aldomet 250mg,Methyldopa,PO,,CAVS,CV-09-00,¤fªA,TAB,Aldomet,«D²Õ®M,°±¥Î,OMETH,¤@¯ë¥i¥Î,¬O,¤£¥i¥ÎÃÄ¥]¾÷,,¤@¯ë,Á`¶q¶i¦ì,¾AÀ³¯g:°ª¦åÀ£,,Indication:Hypertension,,¥~ Æ[:²H¶À¾í¦â¶ê«ó§Î¿õ¾¯,,,,,,·R¹D¬ü¿õ,Aldomet 250mg,,,§_,¬O,,,,,,,,,¤@¯ë,¤@¯ë,Äµ »y:½Ð¿í·ÓÂå®v«ü¥Ü¨Ï¥Î¡A­Yµo¥ÍºÃ¦üÃÄª«¤£¨}¤ÏÀ³½Ð§iª¾Âå¥Í¡C,,,,,§_,1.0,,§_,§_,§_,³æ¤è,§_,°±¥Î,¥i¥Î,¥i¿i,¬O,,1.00,1.00,12.00,12.00,999,999,1,1,0,0,0,0,,µL¹Ï¤ù,,0,,0,,,,,,,,,,,TAB,§_,°·«Oµ¹¥I,°·«Oµ¹¥I,METHYLDOPA,C02AB02,B019274100,§_,SolidDrugForm,ORTAB,,,,,,,,,PH047,202303141720,3.38,5.00
OALGI,20130526,99999999,¥i¥Î,Algitab chewable,Algitab chewable,Alginic Acid+Colloidal Al(OH)3+MgHCO3,PC,TID,ALIM,GI-01-01,¤fªA,TAB,Topaal,«D²Õ®M,,,¤@¯ë¥i¥Î,¬O,¤£¥i¥ÎÃÄ¥]¾÷,¥i¥Î,¤@¯ë,Á`¶q¶i¦ì,¾AÀ³¯g:°f¬y©Ê­¹¹Dª¢¡A ­G¨`¼ö¡A ­G¤Î¤Q¤G«ü¸z¼ìºÅ¡A ­G»Ä¹L¦h,,Indication:Gastro-oesophageal reflux¡A pyrosis¡A peptic ulcer,,¥~ Æ[:¥Õ¦â¶ê§Î¤jÃÄ¿õ,Appearance:White round tablet,«K¯µ¡A ¸¡Âm¡A äú¤ß¡A ¹Ã¦R¡A ¥´ÜÐ,Constipation¡A diarrhea¡A nausea¡A vomiting¡A snoring,,¬Ò¥i¥Î,¦ã­G°fªA©CÄZ¿õ,Algitab chewable,,,§_,¬O,,¥»«~À³ÄZ¸H«á§]ªA,,Chew thoroughly and swallow.,,½Ð¸m©ó«Äµ£µLªk¨ú±o¤§³B,Keep medicine out of reach of children.,102¦~²Ä¥|¦¸ÃÄ©e·|¨MÄ³§R°£¡A2019Q3ÃÄ©e·s¶i,¤@¯ë,¤@¯ë,Äµ »y:¥»«~¥iÄZ¸H«á§]ªA,,,0,0,§_,1.0,,§_,¬O,§_,½Æ¤è,§_,¥i¥Î,¥i¥Î,¥i¿i,¬O,,1.00,1.00,2.00,2.00,999,999,1,1,6.00,6.00,0,0,,¦³¹Ï¤ù,,0,,0,,A02BX13,A02AB01,A02AD01,A02AA01,,,,,,TAB,§_,°·«Oµ¹¥I,°·«Oµ¹¥I,ALUMINUM HYDROXIDE 30MG + MAGNESIUM CARBONATE 40MG + ALGINIC ACID 200MG,A02BX13,A031800100,§_,SolidDrugForm,CHEWTAB,,,,,,,,,PH006,201910280836,3.29,5.00
OALI,19960101,99999999,¥i¥Î,Alinamin-F 50mg,Alinamin-F 50mg,Thiaine Tetrahydrofurfuryl Disulfide + Riboflavin,PC,TID,NUTR,NU-02-00,¤fªA,TAB,Alinamin-F,«D²Õ®M,,,¤@¯ë¥i¥Î,¬O,¥i¥ÎÃÄ¥]¾÷,,¤@¯ë,Á`¶q¶i¦ì,¾AÀ³¯g:¯«¸gª¢¡A ºû¥Í¯ÀB1¯Ê¥F¡A ¯«¸gµh¡A ²´·ú¯h³Òµ¥,,Indication:Neuritis¡A vit B1 deficiency¡A neuralgia,,¥~ Æ[:©ú¶À¦â¶ê¥Y§Î¿õ¾¯,Appearance:Yellow round tablet,¤Ö¦³äú¤ß¡A ¹Ã¦R¡A ¹L±Ó¡A ÀYµh,Rarely¡A nausea¡A vomiting¡A hypersensitivity¡A headache .,,,¦X§Q¥L©RF50,Alinamin-F 50mg,,,§_,¬O,,ªA¥Î¥»ÃÄ­Y¤Þ°_§¿²GÅÜ¦â¡A ¬O¦]ÃÄ«~¥NÁÂ©Ò³y¦¨,,May discolor urine to bright yellow.,,,,Thiaine Tetrahydrofurfuryl Disulfide¡A Riboflavin(VIT B2),¤@¯ë,¤@¯ë,Äµ »y:ªA¥Î¥»ÃÄ­Y¤Þ°_§¿²GÅÜ¦â¡A¬O¦]ÃÄ«~¥NÁÂ©Ò³y¦¨,,,,,§_,1.0,,§_,¬O,§_,½Æ¤è,§_,¥i¥Î,¥i¥Î,¥i¿i,¬O,,1.00,1.00,1.00,3.00,999,999,1,1,8.00,8.00,0,0,,¦³¹Ï¤ù,,0,,0,,A11DA01,A11HA04,,,,,,,,TAB,§_,°·«Oµ¹¥I,°·«Oµ¹¥I,VITAMIN B1 50MG + VITAMIN B2 2-5MG,A11EA,NC040851G0,§_,SolidDrugForm,ORTAB,,,,,,,,,PH047,202303141720,2.00,3.00
OALK,19960101,99999999,°±¥Î,Alkeran(Melphalan) 2mg,Alkeran(Melphalan) 2mg,Melphalan,PO,,RACA,ON-01-01,¤fªA,TAB,Alkeran,«D²Õ®M,°±¥Î¡A¥i¬dÃþ¦üÃÄ,,¤w°±¥Î,¬O,¤£¥i¥ÎÃÄ¥]¾÷,,¤@¯ë,Á`¶q¶i¦ì,¾AÀ³¯g:¬°§Ü¸~½FÃÄ,,Indication:Cancer therapy.,,¥~ Æ[:¥Õ¦â¶ê«ó§Î¿õ¾¯,Appearance:White round tablet,,,,,«Â§J½F¿õ,Alkeran(Melphalan) 2mg,,,§_,¬O,,,,,,,,,¤@¯ë,¤@¯ë,,Äµ °ªÄµ°T,,,,§_,1.0,,§_,§_,§_,³æ¤è,§_,¥i¥Î,¥i¥Î,¤£¥i¿i,¬O,,1.00,1.00,999.00,999.00,999,999,1,1,0,0,0,0,,µL¹Ï¤ù,,0,,0,,,,,,,,,,,TAB,§_,°·«Oµ¹¥I,°·«Oµ¹¥I,MELPHALAN,L01AA03,BC09145100,§_,SolidDrugForm,ORTAB,,,,,,,,,PH047,202303141720,26.00,34.00
OALL6,20010713,99999999,¥i¥Î,Allegra 60mg,Allegra 60mg,Fexofenadine,PO,BID,HIMM,IM-01-00,¤fªA,TAB,Allegra,«D²Õ®M,,,¤@¯ë¥i¥Î,¬O,¥i¥ÎÃÄ¥]¾÷,¥i¥Î,¤@¯ë,Á`¶q¶i¦ì,¾AÀ³¯g:¹L±Ó©Ê¯gª¬: ¥]¬A»óª¢¡A ¥Ö½§¯lµ¥¬ÛÃö¯gª¬,,Indication:Seasonal allergic rhinitis,,¥~ Æ[:²H¬õ¾í¦â¾ò¶ê§Î¿õ¾¯,Appearance:Light red orange elliptic tablet,¤f¡B»ó¡B³ïÄV°®¡A ­Gµh©Îäú¤ß¡A ÀYµh,dryness of mouth¡A nose¡A or throat; stomach pain¡A or nausea; headache.,,¬Ò¥i¥Î,¦ã¨Ó¿õ,Allegra,,,§_,¬O,,ªAÃÄ´Á¶¡½ÐÁ×­¹¥Î¸²µå¬c¥Ä¡BÄ«ªG¥Ä¡B¬h¾í¥Ä¡C,,Avoid grapefruit juice¡A apple juice¡A and orange juice while taking this drug.,,¥»ÃÄÀ³»P¶}¤ô¨ÖªA¡C,Take the medication with plain water.,,¤@¯ë,¤@¯ë,ªAÃÄ´Á¶¡½ÐÁ×­¹¥Î¸²µå¬c¥Ä¡BÄ«ªG¥Ä¡B¬h¾í¥Ä¡C,,,,,§_,1.0,,§_,¬O,§_,³æ¤è,§_,¥i¥Î,¥i¥Î,¥i¿i,¬O,,1.00,1.00,1.00,2.00,999,999,1,1,6.00,6.00,0,0,,¦³¹Ï¤ù,,0,,0,,R06AX26,,,,,,,,,TAB,,°·«Oµ¹¥I,°·«Oµ¹¥I,FEXOFENADINE,R06AX26,BC230161G0,§_,SolidDrugForm,ORTAB,,,,,,,,,PH047,202305171219,2.00,3.00
OALM,19960101,99999999,°±¥Î,Almiral 100mg(Voren),Almiral 100mg(Voren),Diclofenac,PO,QD,CNEU,CN-01-02,¤fªA,TAB,Voltaren SR,«D²Õ®M,°±¥Î,ODIC1,¤@¯ë¥i¥Î,¬O,¥i¥ÎÃÄ¥]¾÷,,¤@¯ë,Á`¶q¶i¦ì,¾AÀ³¯g:¬°¤îµh®øª¢ÃÄ,,Indication:Relief of pain¡A inflammation & fever.,,,,,,,,,Almiral 100mg(Voren),,,§_,¬O,,,,,,,,,¤@¯ë,¤@¯ë,,,,,,§_,1.0,,§_,§_,§_,³æ¤è,§_,¥i¥Î,¥i¥Î,¤£¥i¿i,¬O,,1.00,1.00,999.00,999.00,999,999,1,1,0,0,0,0,,µL¹Ï¤ù,,0,,0,,,,,,,,,,,TAB,§_,°·«Oµ¹¥I,°·«Oµ¹¥I,DICLOFENAC,M01AB05,B016944100,§_,SolidDrugForm,ORTAB,,,,,,,,,PH047,202303141720,13.80,17.00
OALP,20181112,99999999,°±¥Î,Alprazolam 0.5mg,Alprazolam 0.5mg,Alprazolam,PO,HS,CNEU,CN-02-02,¤fªA,TAB,Xanax,«D²Õ®M,°±¥Î,OXAN,¤@¯ë¥i¥Î,¬O,¤£¥i¥ÎÃÄ¥]¾÷,¥i¥Î,¤@¯ë,Á`¶q¶i¦ì,¾AÀ³¯g:µJ¼{ª¬ºA¤Î¨ä¥L,,Indication:Relieve anxious symptoms,,¥~ Æ[:¯»¬õ¦â¾ò¶ê«¬ÃÄ¿õ¡A¦L¦³CCP¤ÎC60,Appearance:Pink elliptic tablet¡A marking: CCP and C60,¸}¨B²Â©å©Î¤£Ã­¡A ÀY·w¡A ©ü©ü±ýºÎ¡A ¤f¾¦¤£²M¡A ­¹¼¤§ïÅÜ,Clumsiness or unsteadiness; dizzy; sleepy; unclear speaking; appetite changes,,¬Ò¥i¥Î,¦w¨¹¿õ0.5²@§J,Alprazolam 0.5mg,,,¬O,¬O,½Ã±Ð³æ¥|,ªAÃÄ«á¡A ½Ð¤Å¶}¨®©Î¾Þ§@¦MÀI¾÷±ñ; ¤Å¶¼°s,,Be careful driving or operating machinery. Avoid alcohol.,,ªAÃÄ´Á¶¡Á×§K­¹¥Î¸²µå¬c¥Ä»P¶¼°s,Avoid grapefruit juice and alcohol.,2018.11 Xanax 0.5mg ¯Ê³f¼È¥N,¤@¯ë,¥|¯ÅºÞ¨î,Äµ »y:ªAÃÄ«á¡A½Ð¤Å¶}¨®©Î¾Þ§@¦MÀI¾÷±ñ¡F¤Å¶¼°s,­¹ ­¹ª«¥æ¤¬,,0,0,§_,1.0,,§_,¬O,§_,³æ¤è,,°±¥Î,¥i¥Î,¤£¥i¿i,¬O,,1.00,1.00,4.00,4.00,30,30,1,1,8.00,8.00,0,0,,¦³¹Ï¤ù,,0,,0,,N05BA12,,,,,0,,0,,TAB,,°·«Oµ¹¥I,°·«Oµ¹¥I,ALPRAZOLAM,N05BA12,AB577401G0,,SolidDrugForm,ORTAB,,,0,,0,mL,,,PH047,202303200902,2.00,3.00
OALU,19960101,99999999,¥i¥Î,Aluminum 324mg,Aluminum 324mg,Aluminum Hydroxide,PC,TID,ALIM,GI-01-01,¤fªA,TAB,Ulcerin-P,«D²Õ®M,,,¤@¯ë¥i¥Î,¬O,¤£¥i¥ÎÃÄ¥]¾÷,,¤@¯ë,Á`¶q¶i¦ì,¾AÀ³¯g:­°¦åÁC©Î­GÃÄ¤§¥Î,,Indication:As an antacid or phosphate-binding agent.,,¥~ Æ[:¥Õ¦â¶ê«ó«¬¿õ¾¯¡A ¤@­±¨è¦LJCP/K3¦r¼Ë,Appearance:White round tablet,«K¯µ,Constipation,,,²B®ñ¤Æ¾T,Aluminum,,,§_,¬O,,¥»«~¥iÄZ¸H«á§]ªA,,Chew thoroughly and swallow.,,³Æµù: µÇ¥\¯à»ÙÃªªÌ¤p¤ß¨Ï¥Î¨ÃºÊ´ú¦åÁC¿@«×,Should be used with caution in chronic renal impairment and monitor serum phosph,,¤@¯ë,¤@¯ë,Äµ »y:¥»«~¥iÄZ¸H«á§]ªA,,,,,§_,1.0,,§_,¬O,§_,³æ¤è,§_,°±¥Î,°±¥Î,¥i¿i,¬O,,1.00,1.00,6.00,6.00,999,999,1,1,15.00,12.00,0,0,,¦³¹Ï¤ù,,0,,0,,A02AB01,,,,,,,,,TAB,§_,¤£µ¹¥I¶·¦Û¥I,¤£µ¹¥I¶·¦Û¥I,,,,§_,SolidDrugForm,ORTAB,,,,,,,,,PH047,202401251533,0,2.00
OALUS,20051014,99999999,°±¥Î,Alusa 100mg,Alusa 100mg,Aldioxa,PO,TID,ALIM,GI-01-01,¤fªA,TAB,,«D²Õ®M,°±¥Î,,¤@¯ë¥i¥Î,¬O,¤£¥i¥ÎÃÄ¥]¾÷,¥i¥Î,¤@¯ë,Á`¶q¶i¦ì,¾AÀ³¯g:­G¡B¤Q¤G«ü¸z¼ìºÅ¡A «æ¡BºC©Ê­Gª¢,,Indication:Antacid,,¥~ Æ[:¤@­±¦LTw ALT¡A ¤@­±¦³¤¤¥¡¨è²ª,Appearance:White round tablet,«K¯µ,Constipation,,¬Ò¥i¥Î,¼Ö­G²n¿õ,Alusa,,,§_,¬O,,µÇ¯f¯f±wªø´Á¨Ï¥Î¡A ¥²»Ý©w´Á±µ¨ü¦å²GÂ÷¤l§t¶qºÊ´ú,,Monitor serum phosphate levels if long-term use this medicine.,,³Æµù: µÇ¥\¯à»ÙÃªªÌ¤p¤ß¨Ï¥Î¨ÃºÊ´ú¦åÁC¿@«×,Should be used with caution in chronic renal impairment and monitor serum phosph,107-1 ÃÄ©e·|§R°£¡C®e©öÅÜ¦â¡A102.08.30§ï¤â¥],¤@¯ë,¤@¯ë,Äµ »y¡GµÇ¯f¯f±wªø´Á¨Ï¥Î¡A¥²»Ý©w´Á±µ¨ü¦å²GÂ÷¤l§t¶qºÊ´ú,,,,,§_,1.0,,§_,§_,§_,³æ¤è,§_,¥i¥Î,¥i¥Î,¥i¿i,¬O,,1.00,1.00,2.00,2.00,999,999,0,1,9.00,9.00,0,0,,¦³¹Ï¤ù,,0,,0,,A02AB01,A02AB92,,,,,,,,TAB,,°·«Oµ¹¥I,°·«Oµ¹¥I,ALUMINUM DIHYDROXYALLANTOINATE (=ALDIOXA),A02AB92,BC160661G0,§_,SolidDrugForm,ORTAB,,,,,,,,,PH047,202303141720,2.00,3.00
OAMA,19960101,99999999,¥i¥Î,AmaRyl 2mg,AmaRyl 2mg,Glimepiride,AC15,QD,META,ME-02-01,¤fªA,TAB,Amaryl,«D²Õ®M,,,¤@¯ë¥i¥Î,¬O,¤£¥i¥ÎÃÄ¥]¾÷,¥i¥Î,¤@¯ë,Á`¶q¶i¦ì,¾AÀ³¯g:²Ä¤G«¬¿}§¿¯f,,Indication:Treatment of type 2 diadetes.,,¥~ Æ[:²Lºñ¦â¤£³W«h§Î¿õ¾¯,Appearance:Light green irregular tablet,§C¦å¿}¡A ¼È®É©ÊµøÄ±»ÙÃª¡A ¸z­G¾÷¯à»ÙÃª,Hypoglycemia¡A temporary visual impairment¡A GI disturbances.,,¬Ò¥i¥Î,º¿º¸¯Ø,AmaRyl 2mg,,,§_,§_,,¥i¯à·|¤Þ°_äú¤ß©Î¸z­G¤£¾Aªº²{¶H¡A ¨Ãª`·N¦å¿}ÅÜ¤Æ,,Nausea or upset stomach may occur¡A monitor blood glucose levels.,,ªAÃÄ´Á¶¡Á×§K¶¼°s (¥i¯à¼W¥[§C¦å¿}ªº¦MÀI)¡C,Avoid alcohol (may cause hypoglycemia).,2015¦~²Ä¥|¦¸ÃÄ©e·|³q¹L·s¶i,¤@¯ë,¤@¯ë,Äµ »y:¥i¯à·|¤Þ°_äú¤ß©Î¸z­G¤£¾Aªº²{¶H¡A¨Ãª`·N¦å¿}ÅÜ¤Æ,SA «÷­µ¬Û¦ü,,,,§_,1.0,,§_,¬O,§_,³æ¤è,§_,¥i¥Î,¥i¥Î,¤£¥i¿i,¬O,,1.00,1.00,4.00,4.00,999,999,1,1,4.00,4.00,0,0,,¦³¹Ï¤ù,,0,,0,,A10BB12,,,,,,,,,TAB,§_,°·«Oµ¹¥I,°·«Oµ¹¥I,GLIMEPIRIDE,A10BB12,BC226711G0,§_,SolidDrugForm,ORTAB,,,,,,,,,PH047,202303141720,2.00,3.00
OAMD,20030319,99999999,°±¥Î,A.M.D.,A.M.D.,Alum Hydroxide + Mag Hydroxide + Dimethylpolysilox,PO,,ALIM,GI-01-01,¤fªA,TAB,A.M.D.,«D²Õ®M,°±¥Î,OAMZ,¤@¯ë¥i¥Î,¬O,¤£¥i¥ÎÃÄ¥]¾÷,¥i¥Î,¤@¯ë,Á`¶q¶i¦ì,¾AÀ³¯g:¬°­GÃÄ,,Indication:Antacid,,¥~ Æ[:²Hºñ¡B¥Õ¦âÂù¼h¶ê§Î¿õ¾¯,,,,,¥u¥Î©óªù¶E¤Î¦í°|STAT,·R©i±o,A.M.D.,,,§_,¬O,,,,,,,,,¤@¯ë,¤@¯ë,Äµ »y:¥»«~¥iÄZ¸H«á§]ªA,,,,,§_,1.0,,§_,§_,§_,½Æ¤è,§_,°±¥Î,¥i¥Î,¥i¿i,¬O,,1.00,1.00,2.00,2.00,99,99,1,1,0,0,0,0,,µL¹Ï¤ù,,0,,0,,,,,,,,,,,TAB,,°·«Oµ¹¥I,°·«Oµ¹¥I,ALUMINUM HYDROXIDE 334MG + MAGNESIUM HYDROXIDE 166MG,A02AD01,A003739100,§_,SolidDrugForm,ORTAB,,,,,,,,,PH047,202303141720,1.62,3.00
OAMI,19960101,99999999,°±¥Î,Aminophylline 100mg,Aminophylline 100mg,Aminophylline,PO,TID,ERSP,RE-01-00,¤fªA,TAB,Aminophylline,«D²Õ®M,°±¥Î,,¤@¯ë¥i¥Î,¬O,¤£¥i¥ÎÃÄ¥]¾÷,,¤@¯ë,Á`¶q¶i¦ì,¾AÀ³¯g:¬°¤ä®ðºÞÂX±i¾¯,,Indication:Bronchial smooth muscle relaxant,,¥~ Æ[:¥Õ¦â¶ê¥Y§Î¿õ¾¯¡A ¦L¦³Y.P/109¦r¼Ë,Appearance:White round tablet,¤ß¨`¼ö¡A ¤ß¸õ¹L§Ö¡A ÀYµh¡A ±Æ§¿¼W¥[¡A µo§Ý¡A ºÎ¯v»ÙÃª,Heartburn¡A fast heartbeat¡A headache¡A increased urination¡A trembling¡A trouble in,,,®ò°ò«DªL¿õ,Aminophylline 100mg,,,§_,¬O,½Ã±Ð³æ¤­,½Ð¿í·ÓÂå®v«ü¥Ü¥ÎÃÄ¡A ¤Å¦Û¦æ§ó§ï¾¯¶q©Î¥ÎÃÄ®É¶¡,,Follow doctor's advice. Do not change your dose or schedule.,,­¹ª«¥æ¤¬§@¥Î: ªAÃÄ´Á¶¡Á×§K¶¼­¹§t©@°Ø¦]ªº¶¼®Æ©Î­¹ª«¡C,Food interaction: Avoid food or beverages containing caffeine.,,¤@¯ë,¤@¯ë,Äµ »y:½Ð¿í·ÓÂå®v«ü¥Ü¥ÎÃÄ¡A¤Å¦Û¦æ§ó§ï¾¯¶q©Î¥ÎÃÄ®É¶¡¡C,­¹ ­¹ª«¥æ¤¬,,,,§_,1.0,,¬O,§_,§_,³æ¤è,§_,°±¥Î,¥i¥Î,¥i¿i,¬O,,1.00,1.00,3.00,3.00,999,999,1,1,99.00,99.00,99.00,99.00,,¦³¹Ï¤ù,,0,,0,,R03DA05,,,,,,,,,TAB,§_,°·«Oµ¹¥I,°·«Oµ¹¥I,AMINOPHYLLINE,R03DA05,NC036331G0,§_,SolidDrugForm,ORTAB,,,,,,,,,PH047,202303141720,1.50,3.00
OAMIO,19960101,99999999,¥i¥Î,Cordarone 200mg,Cordarone 200mg,Amiodarone,PO,QD,CAVS,CV-01-02,¤fªA,TAB,Cordarone,«D²Õ®M,,,¤@¯ë¥i¥Î,¬O,¥i¥ÎÃÄ¥]¾÷,,¤@¯ë,Á`¶q¶i¦ì,¾AÀ³¯g:¤ß«ß¤£¾ã,,Indication:Antiarrhythmias,,¥~ Æ[:¥Õ¦â¶ê«ó§Î¿õ¾¯,Appearance:White round tablet,ÀY·w¡A ÀY­«¸}»´¡A ©ü³Ö¡A »´·Lµo¿N¡A ¤â«ü(¸}³k)³Â¤ì,Dizziness¡A lightheadedness¡A or fainting; fever (slight); numbness in fingers or,,,Å¦±o¼Ö¿õ,Cordarone,,,¬O,¬O,½Ã±Ð³æ¤T,¥ÎÃÄ´Á¶¡¡A Á×§Kª½±µÃnÅÎ¦b¶§¥ú¤U¡A ­Y¦³¤£¾A½Ð°±¤î¨Ï¥Î,,Avoid exposure to direct sunlight.,,­¹ª«¥æ¤¬§@¥Î: ªAÃÄ´Á¶¡Á×§K­¹¥Î¸²µå¬c¥Ä,Food interaction: Avoid grapefruit juice,,¤@¯ë,¤@¯ë,Äµ »y:¥ÎÃÄ´Á¶¡¡AÁ×§Kª½±µÃnÅÎ¦b¶§¥ú¤U¡A­Y¦³¤£¾A½Ð°±¤î¨Ï¥Î,­¹ ­¹ª«¥æ¤¬,¤fªAÃÄ,,,§_,1.0,,§_,¬O,§_,³æ¤è,§_,¥i¥Î,¥i¥Î,¤£¥i¿i,¬O,,1.00,1.00,8.00,8.00,999,999,1,1,16.00,16.00,0,0,,¦³¹Ï¤ù,,0,,0,,C01BD01,,,,,,,,,TAB,§_,°·«Oµ¹¥I,°·«Oµ¹¥I,AMIODARONE,C01BD01,BC14822100,§_,SolidDrugForm,ORTAB,,,,,,,,,PH047,202303141720,4.56,6.00
OAMIO2,20200909,99999999,°±¥Î,Amiorone 200mg,Amiorone 200mg,Amiodarone,PC,BID,CAVS,CV-01-02,¤fªA,TAB,Cordarone,«D²Õ®M,°±¥Î,,,¬O,¤£¥i¥ÎÃÄ¥]¾÷,¥i¥Î,¤@¯ë,Á`¶q¶i¦ì,¾AÀ³¯g:¤ß«ß¤£¾ã,,Indication:Antiarrhythmias,,¥~ Æ[:¥Õ¦â¶ê§Î¿õ¾¯¡A¤W¦³SINTONG¨è²ª,Appearance: white round tablets¡A SINTONG marked.,ÀY·w¡A ÀY­«¸}»´¡A ©ü³Ö¡A »´·Lµo¿N¡A ¤â«ü(¸}³k)³Â¤ì,Dizziness¡A lightheadedness¡A or fainting; fever (slight); numbness in fingers,,¬Ò¥i¥Î,¦ã¼Ú¶©¿õ200²@§J,Amiorone 200mg,,,¬O,¬O,½Ã±Ð³æ¤T,¥ÎÃÄ´Á¶¡¡A Á×§Kª½±µÃnÅÎ¦b¶§¥ú¤U¡A ­Y¦³¤£¾A½Ð°±ÃÄ¦^¶E,,Avoid exposure to direct sunlight.,If notice serious side effects¡A stop taking and see a doctor immediately.,­¹ª«¥æ¤¬§@¥Î: ªAÃÄ´Á¶¡Á×§K­¹¥Î¸²µå¬c¥Ä,Food interaction: Avoid grapefruit juice,,¤@¯ë,¤@¯ë,Äµ »y:¥ÎÃÄ´Á¶¡¡AÁ×§Kª½±µÃnÅÎ¦b¶§¥ú¤U¡A­Y¦³¤£¾A½Ð°±¤î¨Ï¥Î,­¹ ­¹ª«¥æ¤¬,,0,0,§_,1.0,,§_,,§_,³æ¤è,,¥i¥Î,¥i¥Î,¤£¥i¿i,¬O,,1.00,1.00,8.00,8.00,999,999,1,1,16.00,16.00,0,0,,¦³¹Ï¤ù,,0,,0,,C01BD01,,,,,0,,0,,TAB,§_,°·«Oµ¹¥I,°·«Oµ¹¥I,AMIODARONE,C01BD01,AB28041100,,,,,,0,,0,,,,PH032,202109051930,4.86,7.00
OAMIT,20200306,99999999,°±¥Î,Pinsaun 25mg,Pinsaun 25mg,Amitriptyline,PO,BID,CNEU,CN-02-03,¤fªA,TAB,Trynol,«D²Õ®M,°±¥Î,,¤@¯ë¥i¥Î,¬O,¤£¥i¥ÎÃÄ¥]¾÷,¥i¥Î,¤@¯ë,Á`¶q¶i¦ì,¾AÀ³¯g: ¼~Æ{¯g¡A ±j­¢¯g¤Î¨ä¥¦§@¥Îµ¥,,Indication: Depression¡A gastrointestinal disorder & others,,¥~ Æ[:¥Õ¦â¶ê¿õ,Appearance:white round tablet,ÀY·w¡A ©ü©ü±ýºÎ¡A ¤f°®¡A äú¤ß,Dizzy; sleepy; dry mouth; nausea,,¬Ò¥i¥Î,¥­Ä¼¿õ,Pinsaun 25mg,,,¬O,¬O,,ªAÃÄ«á¡A ¥i¯àµo¥Íµu¼È©Ê·w¯t; ¤Å¶¼°s,,May cause temporary dizziness. Avoid taking with alcohol.,,,,2020/03 Trynol 10mg ¯Ê³f´À¥N,¤@¯ë,¤@¯ë,Äµ »y¡GªAÃÄ«á¡A¥i¯àµo¥Íµu¼È©Ê·w¯t¡F¤Å¶¼°s,,µoªw¿õ,0,0,§_,1.0,,§_,¬O,§_,³æ¤è,§_,¥i¥Î,¥i¥Î,¥i¿i,¬O,,1.00,1.00,2.00,2.00,999,999,1,1,6.00,6.00,0.06,0.06,,¦³¹Ï¤ù,,0,,0,,N06AA09,,,,,0,,0,,TAB,§_,°·«Oµ¹¥I,°·«Oµ¹¥I,AMITRIPTYLINE,N06AA09,AC032911G0,§_,SolidDrugForm,ORTAB,,,0,,0,mL,,,PH034,202005050934,2.00,3.00
OAMIY,19960101,99999999,°±¥Î,Amiyu granules 2.5mg,Amiyu granules 2.5mg,Amino Acids + Histidine,PO,,NUTR,NU-04-01,¤fªA,PK,Amiyu,«D²Õ®M,°±¥Î,,¤w°±¥Î,¬O,¤£¥i¥ÎÃÄ¥]¾÷,±ø¥ó¤Uµ¹¥I,¤@¯ë,Á`¶q¶i¦ì,¾AÀ³¯g:ºC©ÊµÇ¤£¥þ®ÉÓi°ò»Ä¤§¸Éµ¹¾¯,,Indication:Nutritional support in renal insufficiency,,¥~ Æ[:Áû²É¥]¸Ë,Appearance:Granules,,,,,¦w©RÀu,Amiyu granules 2.5mg,,,§_,¬O,,,,,,,,,¤@¯ë,¤@¯ë,Äµ »y:§ë»P¥»¾¯®É¡AÀ³­¹¥Î§C³J¥Õ­¹«~,,,,,§_,1.0,,§_,§_,§_,³æ¤è,§_,¥i¥Î,¥i¥Î,¤£¥i¿i,¬O,,1.00,1.00,999.00,999.00,999,999,1,1,0,0,0,0,,µL¹Ï¤ù,,0,,0,,,,,,,,,,,PK,§_,°·«Oµ¹¥I,°·«Oµ¹¥I,AMINO ACIDS FOR RENAL,V06DD,A025449114,§_,SolidDrugForm,GRAN,,,,,,,,,PH047,202303141720,14.40,19.00
OAMIZ,20140617,99999999,¥i¥Î,AmiZide 50/5mg,AmiZide 50/5mg,Hydrochlorothiazide + Amiloride,PO,QD,CAVS,CV-03-06,¤fªA,TAB,Moduretic,«D²Õ®M,,,¤@¯ë¥i¥Î,¬O,¤£¥i¥ÎÃÄ¥]¾÷,,¤@¯ë,Á`¶q¶i¦ì,¾AÀ³¯g:¬°§Q§¿©Ê­°¦åÀ£¾¯,,Indication:Treatment of hypertension¡A edema,,¥~ Æ[:²H¾í¦â¶ê«¬¿õ¾¯¡A ¤@­±¦³¤¤¥¡¨è²ª¡A ¤@­±¦³¤T¨¤§Î¹Ï®×,Appearance:Light orange round tablet.,¤f°®¡A ©Ê¥\¯à»ÙÃª¡A «º¶Õ§ïÅÜ®É·|ÀY·w¡A ÀYµh¡A «K¯µ,Dry mouth¡A sexual problem¡A dizzy when getting up from a lying/sitting position,,¬Ò¥i¥Î,"¥Í¹F"¦w¥ßÀ£¿õ,AmiZide 50/5mg,,,,¬O,½Ã±Ð³æ¤T,«Äµ£¡A ¥¥°ü¤Î±Â¨Å°üÀ³Á×§K¨Ï¥Î¥»«~,,Avoid using this medicine in children¡A pregnant or breastfeeding women.,,­¹ª«¥æ¤¬§@¥Î: ªAÃÄ´Á¶¡À³Á×§K¹L¶qÄá¨ú¹[ÆQ(¦p:¥NÆQ),Food interaction:Avoid over take potassium salt.,,¤@¯ë,¤@¯ë,Äµ »y:«Äµ£¡B¥¥°ü¤Î±Â¨Å°üÀ³Á×§K¨Ï¥Î¥»«~,SA/­¹ «÷­µ/­¹ª«,,0,0,§_,1.0,,§_,¬O,§_,½Æ¤è,§_,¥i¥Î,¥i¥Î,¥i¿i,¬O,,1.00,1.00,2.00,2.00,999,999,1,1,4.00,4.00,0,0,,¦³¹Ï¤ù,,0,,0,,C03EA01,C03AA03,C03DB01,,,0,,0,,TAB,,°·«Oµ¹¥I,°·«Oµ¹¥I,AMILORIDE 5MG + HYDROCHLOROTHIAZIDE 50MG,C03EA01,AC293201G0,§_,SolidDrugForm,ORTAB,,,,,,,,,PH047,202303141720,2.00,3.00
OAMO2,19960101,99999999,¥i¥Î,Amoxicillin 250mg,Amoxicillin 250mg,Amoxicillin,PO,Q8H,QANB,AI-01-01,¤fªA,CAP,Amoxil,«D²Õ®M,,,¤@¯ë¥i¥Î,¬O,¥i¥ÎÃÄ¥]¾÷,,¤@¯ë,Á`¶q¶i¦ì,¾AÀ³¯g:²Óµß©Ê·P¬V,,Indication:Antibiotic for infection.,,¥~ Æ[:¬õ¾í/¥Õ¦â½¦Ån¡A ¦L¦³ CCP B21,Appearance:Red orange/white capsule,»´·L¸¡Âm¡A ÀYµh,Diarrhea (mild)¡A headache.,,,¦w»X¦èªL250,Amoxicillin 250mg,,,§_,¬O,,½Ð¿í«ü¥ÜªA§¹¾ã­ÓÀøµ{¡A ­Yµo¥Í¥ÎÃÄ¤£¨}¤ÏÀ³½Ð§iª¾Âå¥Í,,Follow doctor's advice. Check with doctor if you notice any side effects.,,,,,¤@¯ë,¤@¯ë,Äµ »y:½Ð¿í«ü¥ÜªA§¹¾ã­ÓÀøµ{¡A­Yµo¥Í¥ÎÃÄ¤£¨}¤ÏÀ³½Ð§iª¾Âå¥Í¡C,LA ¥~Æ[¬Û¦ü,,,,§_,1.0,,§_,¬O,§_,³æ¤è,§_,°±¥Î,°±¥Î,¥i¿i,¬O,,1.00,1.00,4.00,4.00,7,7,0,1,12.00,12.00,0.60,0.30,,¦³¹Ï¤ù,,0,,0,,J01CA04,,,,,0.25,g,1.00,g,CAP,§_,°·«Oµ¹¥I,°·«Oµ¹¥I,AMOXICILLIN,J01CA04,AC12051100,§_,SolidDrugForm,ORCAP,,,,,,,,,PH047,202402140206,1.50,3.00
OAMO5,19960101,99999999,°±¥Î,AMOXICILLIN 500mg,AMOXICILLIN 500mg,Amoxicillin,PO,Q8H,QANB,AI-01-01,¤fªA,CAP,Amoxil,«D²Õ®M,°±¥Î,OAMOX,¤@¯ë¥i¥Î,¬O,¤£¥i¥ÎÃÄ¥]¾÷,,¤@¯ë,Á`¶q¶i¦ì,¾AÀ³¯g:²Óµß©Ê·P¬V,,Indication:Antibiotic for infection.,,¥~ Æ[:ÂA¬õ/²H¶À¦â½¦Ån¡A ¦L¦³YSP AXC5,Appearance:Red/light yellow capsule,»´·L¸¡Âm¡A ÀYµh,Diarrhea (mild)¡A headache.,,,¦w²ö¦èªL500,AMOXICILLIN 500mg,,,§_,¬O,,½Ð¿í«ü¥ÜªA§¹¾ã­ÓÀøµ{¡A ­Yµo¥Í¥ÎÃÄ¤£¨}¤ÏÀ³½Ð§iª¾Âå¥Í,,Follow doctor's advice. Check with doctor if you notice any side effects.,,,,,¤@¯ë,¤@¯ë,Äµ »y:½Ð¿í«ü¥ÜªA§¹¾ã­ÓÀøµ{¡A­Yµo¥Í¥ÎÃÄ¤£¨}¤ÏÀ³½Ð§iª¾Âå¥Í¡C,SA «÷­µ¬Û¦ü,,,,§_,1.0,,§_,§_,§_,³æ¤è,§_,°±¥Î,°±¥Î,¥i¿i,¬O,,1.00,1.00,4.00,4.00,14,7,0,1,9.00,9.00,0.30,0.20,,¦³¹Ï¤ù,,0,,0,,J01CA04,,,,,0.50,g,1.00,g,CAP,§_,°·«Oµ¹¥I,°·«Oµ¹¥I,AMOXICILLIN,J01CA04,AC25866100,§_,SolidDrugForm,ORCAP,,,,,,,,,PH047,202303141721,1.50,3.00
OAMOX,20200318,99999999,¥i¥Î,AMOXICILLIN 500mg,AMOXICILLIN 500mg,Amoxicillin,PO,Q8H,QANB,AI-01-01,¤fªA,CAP,Amoxil,«D²Õ®M,,,¤@¯ë¥i¥Î,¬O,¥i¥ÎÃÄ¥]¾÷,¥i¥Î,¤@¯ë,Á`¶q¶i¦ì,¾AÀ³¯g:²Óµß©Ê·P¬V,,Indication:Antibiotic for infection.,,¥~ Æ[:¬õ¾í/¥Õ¦â½¦Ån¡A¤W¦³CCP/B32¼Ð°O,Appearance:Red orange/white capsule¡A CCP/B32 marked.,»´·L¸¡Âm¡A ÀYµh,Diarrhea (mild)¡A headache.,,¬Ò¥i¥Î,¦w»X¦èªL½¦Ån500²@§J,AMOXICILLIN 500mg,,,,¬O,,½Ð¿í«ü¥ÜªA§¹¾ã­ÓÀøµ{¡A ­Yµo¥Í¥ÎÃÄ¤£¨}¤ÏÀ³½Ð§iª¾Âå¥Í,,Follow doctor's advice. Check with doctor if you notice any side effects.,,,,2020/03[OAMO5]¯ÊÃÄ´À¥N,¤@¯ë,¤@¯ë,Äµ »y:½Ð¿í«ü¥ÜªA§¹¾ã­ÓÀøµ{¡A­Yµo¥Í¥ÎÃÄ¤£¨}¤ÏÀ³½Ð§iª¾Âå¥Í¡C,SA «÷­µ¬Û¦ü,,0,0,¬O,1.0,,§_,¬O,§_,³æ¤è,§_,°±¥Î,°±¥Î,¥i¿i,¬O,,1.00,1.00,4.00,4.00,14,7,0,1,9.00,9.00,0.30,0.20,,¦³¹Ï¤ù,,0,,0,,J01CA04,,,,,0.50,g,1.00,g,CAP,,°·«Oµ¹¥I,°·«Oµ¹¥I,AMOXICILLIN,J01CA04,AC24132100,§_,SolidDrugForm,ORCAP,,,0,,0,mL,,,PH047,202402140205,1.50,3.00
OAMP5,19960101,99999999,°±¥Î,Ampicillin 500mg(Pentrexyl),Ampicillin 500mg(Pentrexyl),Ampicillin,PO,,QANB,AI-01-01,¤fªA,CAP,Ampicillin,«D²Õ®M,°±¥Î,OAMO5,¤@¯ë¥i¥Î,¬O,¥i¥ÎÃÄ¥]¾÷,,¤@¯ë,Á`¶q¶i¦ì,¾AÀ³¯g:²Óµß©Ê·P¬V,,Indication:Antibiotic for infection.,,¥~ Æ[:²`¬õ/¤¤¦Ç¦âªø¶ê¬W§Îµw½¦Ån,,,,,,¦Æ§´Åð¯À,Ampicillin 500mg(Pentrexyl),,,§_,¬O,,,,,,,,,¤@¯ë,¤@¯ë,Äµ »y:½Ð¿í«ü¥ÜªA§¹¾ã­ÓÀøµ{¡A­Yµo¥Í¥ÎÃÄ¤£¨}¤ÏÀ³½Ð§iª¾Âå¥Í¡C,,,,,§_,1.0,,§_,§_,§_,³æ¤è,§_,°±¥Î,¥i¥Î,¥i¿i,¬O,,1.00,1.00,7.00,7.00,14,14,1,1,0,0,0,0,,µL¹Ï¤ù,,0,,0,,J01CA01,,,,,,,,,CAP,§_,°·«Oµ¹¥I,°·«Oµ¹¥I,AMPICILLIN,J01CA01,B018081100,§_,SolidDrugForm,ORCAP,,,,,,,,,PH047,202401261336,2.05,3.00
OAMT,20100628,99999999,¥i¥Î,AmTrel 5/10mg,AmTrel 5/10mg,Amlodipine + Benazepril,PO,QDPC,CAVS,CV-09-00,¤fªA,TAB,Amtrel,«D²Õ®M,,,¤@¯ë¥i¥Î,¬O,¤£¥i¥ÎÃÄ¥]¾÷,¥i¥Î,¤@¯ë,Á`¶q¶i¦ì,¾AÀ³¯g:°ª¦åÀ£,,Indication:Treatment of hypertension,,¥~ Æ[:¥Õ¦â¶ê«ó§Î¿õ¾¯¡A¤@­±¨è¤¤½u¦³tsh/CVI,Appearance:White round tablet,«y¹Â¡A ¤ô¸~¡A ÀYµh¡A ·w¯t,Cough¡A edema¡A headache¡A dizziness,,¬Ò¥i¥Î,¿ÕÀ£¿õ,AmTrel 5/10mg,,,¬O,¬O,½Ã±Ð³æ¤T,½Ð¿íÂå®v«ü¥Ü«ö®É¥ÎÃÄ¡A ¤Å¦Û¦æ§ïÅÜ¾¯¶q¡A ¥Îªk©Î¥ô·N°±ÃÄ,,Follow doctor's advice. Do not change your dose or schedule.,,­¹ª«¥æ¤¬§@¥Î: ªAÃÄ´Á¶¡Á×§K­¹¥Î¸²µå¬c¥Ä»P¹L¶qÄá¨ú¹[ÆQ (¦p: ¥NÆQ),Food interaction:Avoid grapefruit juice¡A avoid over take potassium salt.,,¤@¯ë,¤@¯ë,Äµ »y: ½Ð¿íÂå®v«ü¥Ü«ö®É¥ÎÃÄ¡A¤Å¦Û¦æ§ïÅÜ¾¯¶q¡B¥Îªk©Î¥ô·N°±ÃÄ¡C,SA/­¹ «÷­µ/­¹ª«,,,,§_,1.0,,§_,¬O,§_,½Æ¤è,§_,¥i¥Î,¥i¥Î,¥i¿i,¬O,,1.00,1.00,2.00,2.00,999,999,28,1,4.00,4.00,0,0,,¦³¹Ï¤ù,,0,,0,,C09AA07,C08CA01,,,,,,,,TAB,,°·«Oµ¹¥I,°·«Oµ¹¥I,BENAZEPRIL 10MG + AMLODIPINE 5MG,C09BB,AB46742100,§_,SolidDrugForm,ORTAB,,,,,,,,,PH075,202202091531,9.00,13.00
OAMZ,20051014,99999999,°±¥Î,A.M.Z,A.M.Z,Dihydroxyalumium allantoinate + Metamagnesium alum,PC,TID,ALIM,GI-01-01,¤fªA,TAB,Iwell,«D²Õ®M,°±¥Î,OIWE,¤@¯ë¥i¥Î,¬O,¤£¥i¥ÎÃÄ¥]¾÷,¥i¥Î,¤@¯ë,Á`¶q¶i¦ì,¾AÀ³¯g:­G»Ä¹L¦h¡A ­G¼ìºÅ¡A ¤Q¤G«ü¸z¼ìºÅ¡A «æ¡BºC©Ê­Gª¢,,Indication:Relief of gastric hyperacidity¡A gastric ulcer.,,¥~ Æ[:¯»¬õ¡B¥Õ¦â¶ê«ó§Î¿õ¾¯¡A ¤@­±¦L WINSTON 310,Appearance:Pink and white round tablet,«K¯µ©Î¸¡Âm,Constipation or diarrhea.,,¬Ò¥i¥Î,·R©iµÎ¿õ,A.M.Z,,,§_,¬O,,¥»«~¥iÄZ¸H«á§]ªA,,Chew thoroughly and swallow.,,,,,¤@¯ë,¤@¯ë,Äµ »y:¥»«~¥iÄZ¸H«á§]ªA,,,,,§_,1.0,,§_,§_,§_,½Æ¤è,§_,°±¥Î,¥i¥Î,¥i¿i,¬O,,1.00,1.00,2.00,2.00,999,999,1,1,9.00,9.00,0,0,,¦³¹Ï¤ù,,0,,0,,A02AD01,,,,,,,,,TAB,,°·«Oµ¹¥I,°·«Oµ¹¥I,ALUMINUM DIHYDROXYALLANTOINATE 50MG + ALUMINUM MAGNESIUM SILICATE 450MG,A02AD03,A0465871G0,§_,SolidDrugForm,ORTAB,,,,,,,,,PH047,202303141721,1.50,3.00
OAND,19960101,99999999,¥i¥Î,Androcur 50mg,Androcur 50mg,Cyproterone,PO,TID,RACA,ON-05-04,¤fªA,TAB,Androcur (§Ü¶¯©Ê¯À),«D²Õ®M,,,¤@¯ë¥i¥Î,¬O,¤£¥i¥ÎÃÄ¥]¾÷,,¤@¯ë,Á`¶q¶i¦ì,¾AÀ³¯g:¬°§Ü¶¯©Ê¯À»s¾¯,,Indication:Antiandrogen with progestogenic activity,,¥~ Æ[:¥Õ¦â¶ê«ó§Î¿õ¾¯¡A¤@­±¦³¤¤¥¡¨è²ª¡A ¤@­±¦LBV,Appearance:White round tablet,±¡ºü§ïÅÜ¡A §¤¥ß¤£¦w¡A ¨Å©ÐµÈµh¡A ¯h­Â¡A ¼é¬õ,Mood depression¡A restlessness¡A breast tenderness¡A fatigue¡A hot flushes.,,,¦w±o¥d¿õ,Androcur 50mg,,,§_,¬O,,¥X²{Å¥¤O¡Aµø¤O¡A°O¾Ð¤O¡A¶åÄ±§ïÅÜ¡AÅöíwµ¥¯«¸g¯gª¬,½Ð¥ß§Y¦^¶E,Hearing¡A vision¡A memory¡A smell changes¡A epilepsy and other neurological,symptoms¡A please return to the hospital immediately,¥»«~¥i¯à·|­°§C±zªºª`·N¤O¡BÄµÄ±©Ê¤Î°Ê§@¨ó½Õ¯à¤O,May cause dizziness¡A weakness¡A lack of coordination.,,¤@¯ë,¤@¯ë,¥X²{Å¥¤O¡Aµø¤O¡A°O¾Ð¤O¡A¶åÄ±§ïÅÜ¡AÅöíwµ¥¯«¸g¯gª¬¡A½Ð¥ß§Y¦^¶E,,,,,§_,1.0,,§_,¬O,§_,³æ¤è,§_,¥i¥Î,¥i¥Î,¤£¥i¿i,¬O,,1.00,1.00,2.00,2.00,999,999,1,1,9.00,9.00,0,0,,¦³¹Ï¤ù,,0,,0,,G03HA01,,,,,,,,,TAB,§_,°·«Oµ¹¥I,°·«Oµ¹¥I,CYPROTERONE,G03HA01,BC12554100,§_,SolidDrugForm,ORTAB,,,,,,,,,PH047,202303141721,25.50,33.00
OAND4,20050420,99999999,°±¥Î,Andriol 40mg,Andriol 40mg,Testosterone,PC,,HM,HR-03-01,¤fªA,CAP,,«D²Õ®M,°±¥Î,,¤w°±¥Î,¬O,¤£¥i¥ÎÃÄ¥]¾÷,°·«O¤£µ¹¥I,¤@¯ë,Á`¶q¶i¦ì,¾AÀ³¯g:¨k©Ê§ó¦~´Á»ÙÃª©Î¾÷¯à´î°h,,Indication:Androgen replacement therapy,,,,,,,¬Ò¥i¥Î,®¦½ç¯S½¦Ån,Andriol 40mg,,,§_,¬O,,,,,,,,,¤@¯ë,¤@¯ë,Äµ »y:¥»«~»Ý¸m©óÁ×¥ú³±²D°®Àê³B,,,,,§_,1.0,,§_,§_,§_,³æ¤è,§_,¥i¥Î,¥i¥Î,¤£¥i¿i,¬O,,1.00,1.00,4.00,4.00,999,999,1,1,0,0,0,0,,µL¹Ï¤ù,,0,,0,,G03BA03,,,,,,,,,CAP,,¤£µ¹¥I¶·¦Û¥I,¤£µ¹¥I¶·¦Û¥I,,,,§_,SolidDrugForm,ORCAP,,,,,,,,,PH047,202303141721,0,45.00
OANG,20070125,99999999,°±¥Î,Angeliq 28's/pk,Angeliq 28's/pk,Drospirenone + Estradiol,PO,QD,HM,HR-03-04,¤fªA,TAB,Angeliq,«D²Õ®M,°±¥Î¡A¥i¬dÃþ¦üÃÄ,,¤@¯ë¥i¥Î,§_,¤£¥i¥ÎÃÄ¥]¾÷,°·«O¤£µ¹¥I,¦C¦Lªù¶EÃÄÅÒ,Á`¶q¶i¦ì,¾AÀ³¯g: ¥Î©óªvÀø°±¸g¤@¦~¥H¤W°ü¤k¤§§ó¦~´Á¯g­Ô¸s,,Indication:Hormonal replacement therapy for menopause,,¥~ Æ[:²L¬õ¾í¦â¶ê«ó§Î¿õ¾¯¡A¤@­±¦³¤»¨¤«¬DL¦r¼Ë,Appearance:Light red orange round tablet,¨Å©ÐµÈµh,Breast tenderness,,¥u¥Î©óªù¶E,¦w¦NÄR,Angeliq 28's/pk,,,§_,¬O,,,,,,³Æµù¡G¥»«~¤£±o·í¦¨Á×¥¥ÃÄ¨Ï¥Î,Not for contraceptive drugs.,,¤@¯ë,¤@¯ë,Äµ »y:ªvÀø´Á¶¡­Yµo¥Í¦å®ê¯gª¬©ÎºÃ¦üª¬ªp®É¥²¶·¥ß§Y°±ÃÄ,,,,,§_,28.0,,§_,§_,§_,½Æ¤è,§_,°±¥Î,¥i¥Î,¤£¥i¿i,§_,,1.00,0,1.00,0,84,0,28,0,0,0,0,0,,¦³¹Ï¤ù,,0,,0,,,,,,,,,,,BOX,,¤£µ¹¥I¶·¦Û¥I,¤£µ¹¥I¶·¦Û¥I,,,,§_,SolidDrugForm,ORTAB,,,,,,,,,PH047,202303141721,0,1044.00
OANG0,20080312,99999999,°±¥Î,Angeliq 28's/pk (Á{§É¸ÕÅçÃÄ),Angeliq 28's/pk (Á{§É¸ÕÅçÃÄ),Drospirenone + Estradiol,PO,QD,HM,HR-03-04,¤fªA,TAB,Angeliq,«D²Õ®M,°±¥Î¡A¥i¬dÃþ¦üÃÄ,,¤@¯ë¥i¥Î,¬O,¤£¥i¥ÎÃÄ¥]¾÷,°·«O¤£µ¹¥I,¦C¦Lªù¶EÃÄÅÒ,Á`¶q¶i¦ì,¾AÀ³¯g: ¥Î©óªvÀø°±¸g¤@¦~¥H¤W°ü¤k¤§§ó¦~´Á¯g­Ô¸s,,Indication:Hormonal replacement therapy for menopause,,,,,,,¥u¥Î©óªù¶E,¦w¦NÄR,Angeliq 28's/pk (Á{§É¸ÕÅçÃÄ),,,§_,¬O,,,,,,,,,¤@¯ë,¤@¯ë,Äµ »y:ªvÀø´Á¶¡­Yµo¥Í¦å®ê¯gª¬©ÎºÃ¦üª¬ªp®É¥²¶·¥ß§Y°±ÃÄ,,,,,§_,28.0,,§_,§_,§_,³æ¤è,§_,¥i¥Î,¥i¥Î,¥i¿i,¬O,,1.00,0,1.00,0,84,0,28,0,0,0,0,0,,µL¹Ï¤ù,,0,,0,,,,,,,,,,,BOX,,¤£µ¹¥I¶·¦Û¥I,¤£µ¹¥I¶·¦Û¥I,,,,§_,SolidDrugForm,ORTAB,,,,,,,,,PH047,202303141721,0,185.00
OANL,20051212,99999999,°±¥Î,Anlorin 5's/pk,Anlorin 5's/pk,Lactobacillus + Bifidobacterium,PO,TID,ALIM,GI-04-00,¤fªA,CAP,Biofermin,«D²Õ®M,°±¥Î¡A¥i¬dÃþ¦üÃÄ,,¤@¯ë¥i¥Î,¬O,¤£¥i¥ÎÃÄ¥]¾÷,°·«O¤£µ¹¥I,¤@¯ë,Á`¶q¶i¦ì,¾AÀ³¯g:°ª³æ¦ì¬¡©Ê¨Å»Äµß¡A ¥Î©óªvÀø¸zª¢©Î®ø¤Æ¹D¤è­±¯e¯f,,Indication:Treatment of enterocolitis¡A digestive disorders,,¥~ Æ[:¬õ¶À¦â½¦Ån,Appearance:Red yellow capsule,«K¯µ©Î¸¡Âm,Constipation or diarrhea.,,,¦w¸z¨Î½¦Ån,Anlorin 5's/pk,,,§_,¬O,,¶J©ñ®É»Ý¸m©ó¦B½c§NÂÃ(Äá¤ó 2-8 «×),,Store in a refrigerator (2-8¢XC).,,³Æµù: Á×§K¥ú½u·Ó®g©M¼ö·½,Avoid for light and hot space.,,¤@¯ë,¤@¯ë,Äµ »y:½Ð¸m©óÄá¤ó 2-8 «×¦B½cÁ×¥ú§NÂÃ«O¦s¡C,,,,,§_,5.0,,§_,§_,§_,½Æ¤è,§_,°±¥Î,¥i¥Î,¤£¥i¿i,¬O,,1.00,1.00,2.00,2.00,999,999,1,1,20.00,20.00,0,0,,¦³¹Ï¤ù,,0,,0,,A07FA01,,,,,,,,,PK,§_,¤£µ¹¥I¶·¦Û¥I,¤£µ¹¥I¶·¦Û¥I,,,,§_,SolidDrugForm,ORCAP,,,,,,,,,PH047,202303141721,0,90.00
OANP,19960101,99999999,¥i¥Î,Anpo 10mg,Anpo 10mg,Ritodrine,PO,Q6H,SGU,UR-02-00,¤fªA,TAB,Yutopar,«D²Õ®M,,,¤@¯ë¥i¥Î,¬O,¤£¥i¥ÎÃÄ¥]¾÷,,¤@¯ë,Á`¶q¶i¦ì,¾AÀ³¯g:¹w¨¾¦­²£¡B¬y²£¡C,,Indication:Prevention of preterm labour,,¥~ Æ[:¥Õ¶ê«ó§Î¿õ¾¯,Appearance:White color round tablet,¤ß°Ê¹L³t¡Aäú¤ß¡A¹Ã¦R¡A§C¦åÀ£¡AªÍ¤ô¸~¡A§C¦å¹[,Tachycardia¡A nausea¡A vomiting¡A hypotension¡A pulmonary oedema¡A hypokalaemia,,,¦wÄ_¿õ10²@§J,Anpo 10mg,,,§_,¬O,,­Y¦³®cÁY©Î¯}¤ô¡A ½Ð¥ß§Y§iª¾Âå®v,,Inform doctor immediately if contractions begin again or ruptured,membranes occur.,,,104-3 ÃÄ©e·|¨ú¥NYutopar 10mg Tab,¤@¯ë,¤@¯ë,Äµ »y:­Y¦³®cÁY©Î¯}¤ô¡A½Ð¥ß§Y§iª¾Âå®v¡C,SA «÷­µ¬Û¦ü,,,,§_,1.0,,§_,¬O,§_,³æ¤è,§_,¥i¥Î,¥i¥Î,¥i¿i,¬O,,1.00,1.00,2.00,2.00,999,999,1,1,12.00,12.00,0,0,,¦³¹Ï¤ù,,0,,0,,G02CA01,,,,,,,,,TAB,§_,°·«Oµ¹¥I,°·«Oµ¹¥I,RITODRINE,G02CA01,AB37196100,§_,SolidDrugForm,ORTAB,,,,,,,,,PH047,202303141721,3.93,6.00
OANS,20091025,99999999,°±¥Î,Ansures ER 500mg,Ansures ER 500mg,Metformin,PC,BID,META,ME-02-02,¤fªA,TAB,Glucophage,«D²Õ®M,°±¥Î,OGLUC,¤@¯ë¥i¥Î,¬O,¤£¥i¥ÎÃÄ¥]¾÷,¥i¥Î,¤@¯ë,Á`¶q¶i¦ì,¾AÀ³¯g:¿}§¿¯f¡A ¤º¤Àªc¥NÁÂ»ÙÃª,,Indication:Type 2 diabetes mellitus.,,¥~ Æ[:¥Õ¦âªø¶ê¬W«¬¿õ¾¯¡A ¤@­±¦L"SG 500"¦r¼Ë,Appearance:White cylinder tablet,µL­¹¼¤¡A ¤f¤¤¦³ª÷ÄÝ¨ý¡A ±Æ®ð¡A ­Gµh¡A ¹Ã¦R¡A Åé­«´î»´¡A ¨Å»Ä¤¤¬r,Loss of appetite; metallic taste; passing gas; stomach pain; vomiting; weight lo,,¬Ò¥i¥Î,¦w¯Ø±Ó½wÄÀ¿õ,Ansures 500mg,,,§_,¬O,,¤£¥i¿i¯»! ªAÃÄ´Á¶¡¥i¯à·|¥X²{­¹¼¤­°§C¡A ¸z­G¤£¾Aµ¥²{¶H,,Swallow tablet whole. This medicine may cause stomach upset.,,ªAÃÄ´Á¶¡Á×§K¶¼°s (¥i¯à¼W¥[¨Å»Ä¤¤¬r©Î§C¦å¿}ªº¦MÀI)¡C,Avoid or limit ethanol (may cause hypoglycemia or lactic acidosis).,,¤@¯ë,¤@¯ë,Äµ »y: ¤£¥i¿i¯»¡I ªAÃÄ´Á¶¡¥i¯à·|¥X²{­¹¼¤­°§C¡A¸z­G¤£¾Aµ¥²{¶H,,,,,§_,1.0,,§_,§_,§_,³æ¤è,§_,°±¥Î,°±¥Î,¤£¥i¿i,¬O,,1.00,1.00,4.00,4.00,999,999,28,1,4.00,4.00,0,0,,¦³¹Ï¤ù,,0,,0,,A10BA02,,,,,,,,,TAB,,°·«Oµ¹¥I,°·«Oµ¹¥I,METFORMIN,A10BA02,AB475321G0,§_,SolidDrugForm,ERTAB12,,,,,,,,,PH047,202303141721,2.00,3.00
OANT,19960101,99999999,°±¥Î,Antisemin 4mg,Antisemin 4mg,Cyproheptadine,PO,TID,HIMM,IM-01-00,¤fªA,TAB,Periactin,«D²Õ®M,°±¥Î,OPIL,¤@¯ë¥i¥Î,¬O,¥i¥ÎÃÄ¥]¾÷,,¤@¯ë,Á`¶q¶i¦ì,¾AÀ³¯g:§Ü²ÕÂ´ÓiÃÄ;¥Dªv¹L±Ó©Ê»óª¢¡BëC³Â¯l¡B¹L±Ó©Ê¥Ö½§;»ó¶ëµ¥,,Indication:Antihistamines & antiallergics,,¥~ Æ[:¥Õ¦â¶ê«ó§Î¿õ¾¯¡A ¤@­±¦L018¡A ¤@­±¦L UL,Appearance:White round tablet,©ü©ü±ýºÎ¡A ¤f°®¡A ­Gµh©Îäú¤ß¡A ÀYµh¡A Åé­«¼W¥[,Sleepy; dryness of mouth; stomach pain¡A or nausea; headache; weight gain,,,¦w²M±Ó¿õ,Antisemin,,,¬O,¬O,,³¡¤À¤H¨Ï¥Î«á¥i¯à¤Þ°_¯h­Â¡BµtºÎªº²{¶H,,May cause fatigue¡A sleepiness.,,,,,¤@¯ë,¤@¯ë,Äµ »y:³¡¤À¤H¨Ï¥Î«á¥i¯à¤Þ°_¯h­Â¡BµtºÎªº²{¶H,,,,,§_,1.0,,§_,§_,§_,³æ¤è,§_,°±¥Î,¥i¥Î,¥i¿i,¬O,,1.00,1.00,1.00,1.00,999,999,1,1,9.00,9.00,0.20,0.10,,¦³¹Ï¤ù,,0,,0,,R06AX02,,,,,,,,,TAB,§_,°·«Oµ¹¥I,°·«Oµ¹¥I,CYPROHEPTADINE,R06AX02,AC16712100,§_,SolidDrugForm,ORTAB,,,,,,,,,PH047,202303141721,1.50,3.00
OANT6,20211003,99999999,¥i¥Î,Antilon 60mg,Antilon 60mg,Pyridostigmine,PO,BID,CNEU,CN-03-09,¤fªA,TAB,Mestinon,«D²Õ®M,,,¤@¯ë¥i¥Î,¬O,¤£¥i¥ÎÃÄ¥]¾÷,¥i¥Î,¤@¯ë,Á`¶q¶i¦ì,¾AÀ³¯g:¥Dªv­«¯g¦ÙµL¤O,,Indication:Treatment of myasthenia gravis,,¥~ Æ[:¾ï¦â¶ê¿õ¡A¤W¦³PR¼Ð¥Ü,Appearance:Orange round tablet¡A with PR marked.,¸¡Âm¡A ¸¡µ±µh¡A Ä¯°Ê¼W¥[¡A ³è²G¼W¥[,Diarrhea¡A abdominal cramps¡A increased peristalsis¡A increased salivation,,¬Ò¥i¥Î,¦Ù¥ß°·½¤¦ç¿õ,Antilon 60mg,,,,¬O,,­Y¦³®ð³Ý©ÎµjÅË©Ê®ðºÞª¢®É¡A À³¤p¤ß¨Ï¥Î¥»ÃÄ,,Use caution in patients with bronchial asthma,,½Ð¸m©ó«Äµ£¨ú¥Î¤£¨ì¤§³B¡C,Keep the medicine out of the reach of children.,2021.10 [OMES]½ÃºÖ³¡¥l¦^¤§´À¥NÃÄ,¤@¯ë,¤@¯ë,Äµ »y:­Y¦³®ð³Ý©ÎµjÅË©Ê®ðºÞª¢®É¡AÀ³¤p¤ß¨Ï¥Î¥»ÃÄ,,,0,0,§_,1.0,,§_,¬O,§_,³æ¤è,,¥i¥Î,¥i¥Î,¥i¿i,¬O,,1.00,1.00,8.00,8.00,999,999,28,1,25.00,25.00,0,0,,¦³¹Ï¤ù,,0,,0,,N07AA02,,,,,0,,0,,TAB,§_,°·«Oµ¹¥I,°·«Oµ¹¥I,PYRIDOSTIGMINE,N07AA02,AC48908100,,SolidDrugForm,ORTAB,,,0,,0,,,,PH047,202308161120,4.65,7.00
OANTA,20030623,99999999,°±¥Î,Antashin(·R§J­G·s) 400mg,Antashin(·R§J­G·s) 400mg,Magaldrate,PO,,ALIM,GI-01-01,¤fªA,TAB,,«D²Õ®M,°±¥Î¡A¥i¬dÃþ¦üÃÄ,,¤@¯ë¥i¥Î,¬O,¤£¥i¥ÎÃÄ¥]¾÷,¥i¥Î,¤@¯ë,Á`¶q¶i¦ì,¾AÀ³¯g:¬°­GÃÄ,,Indication:Antacid,,¥~ Æ[:²L¶À¦â¾ò¶ê§Î¿õ¾¯,,,,,¥u¥Î©óªù¶E¤Î¦í°|STAT,·R§J­G·s,Antashin(·R§J­G·s) 400mg,,,§_,¬O,,,,,,,,,¤@¯ë,¤@¯ë,Äµ »y:¥»«~¥iÄZ¸H«á§]ªA,,,,,§_,1.0,,§_,§_,§_,³æ¤è,§_,°±¥Î,¥i¥Î,¥i¿i,¬O,,1.00,1.00,2.00,2.00,999,99,1,1,0,0,0,0,,µL¹Ï¤ù,,0,,0,,,,,,,,,,,TAB,,°·«Oµ¹¥I,°·«Oµ¹¥I,MAGALDRATE,A02AD02,N006977100,§_,SolidDrugForm,ORTAB,,,,,,,,,PH047,202303141721,3.69,6.00
OANTI,20040804,99999999,¥i¥Î,Antibiophilus 250mg,Antibiophilus 250mg,Lactobacillus Casei,PC,TID,ALIM,GI-04-00,¤fªA,CAP,Biofermin,«D²Õ®M,,,¤@¯ë¥i¥Î,¬O,¥i¥ÎÃÄ¥]¾÷,°·«O¤£µ¹¥I,¤@¯ë,Á`¶q¶i¦ì,¾AÀ³¯g:½w¸Ñ»´«×¸¡Âm¡B¸¡µh¤Î«K¯µ¡B¾ã¸z(½Õ¾ã±Æ«K)¡B³n«K,,Indication:Treatment of enterocolitis¡A digestive disorders,,¥~ Æ[:·t¥Õ¦âªø¶ê¬W§Îµw½¦Ån,Appearance:Dark white hard capsule,«K¯µ©Î¸¡Âm,Constipation or diarrhea.,,¬Ò¥i¥Î,ªü¼w¤ñ½¦Ån,Antibiophilus,,,§_,¬O,,¥»«~»Ý¸m©óÁ×¥ú³±²D°®Àê³B,,Store at room temperature¡A away from heat¡A moisture¡A and direct light.,,,,,¤@¯ë,¤@¯ë,Äµ »y:¥»«~»Ý¸m©óÁ×¥ú³±²D°®Àê³B,,,,,¬O,1.0,,§_,¬O,§_,³æ¤è,§_,°±¥Î,°±¥Î,¥i¿i,¬O,,1.00,1.00,3.00,3.00,999,999,1,1,9.00,9.00,9.00,3.00,,¦³¹Ï¤ù,,0,,0,,A07FA01,,,,,,,,,CAP,§_,¤£µ¹¥I¶·¦Û¥I,¤£µ¹¥I¶·¦Û¥I,,,,§_,SolidDrugForm,ORCAP,,,,,,,,,PH047,202303141722,0,6.00
OAPA,20180315,99999999,°±¥Î,Apano 200mg (RU486),Apano 200mg (RU486),Mifepristone,PO,ST,HM,HR-04-00,¤fªA,TAB,RU486,«D²Õ®M,°±¥Î,,¤@¯ë°ª»ùÃÄ,¬O,¥i¥ÎÃÄ¥]¾÷,°·«O¤£µ¹¥I,¤@¯ë,Á`¶q¶i¦ì,¾AÀ³¯g:Ãh¥¥«e´Á(¤p©ó¤C¶g)¤l®c¤º¥¥¤§¤H¤u¬y²£¡C,,Indication:Termination of intrauterine pregnancy.,,¥~ Æ[:²H¶À¦â¶ê§Î¿õ¾¯¡A ¤@­±¦L¦³¤Q¦rÁû²ª¡A¥t¤@­±¦L¦³LO¤Î08,Appearance:Light yellow round tablet¡A marking: LO and 08,°ª¦åÀ£¡AÀYµh¡AÀY·w¡Aäú¤ß¡A­¹¼¤¤£¨Î,Hypertension¡A headache¡A dizziness¡A nausea¡A decreased appetite,,¥u¥Î©óªù¶E¤Î¦í°|STAT,«O¿Õ¿õ200¤½µ·,Apano 200mg,,,,¬O,,Äµ »y:»âÃÄ«á¡A½Ð°È¥²¦^¨ì¶E¶¡¡A¦b°ü²£¬ìÂå®v­±«eªA¥Î¡C,,Bring this medicine to clinic and take it before your doctor.,,³Æµù: ªAÃÄ´Á¶¡Á×§K¦Y¸²µå¬c©Î¶¼¥Î¸²µå¬c¥Ä¡A¥H§K¼vÅTÃÄª«¥NÁÂ,Avoid grapefruits or related products to prevent risk of interaction.,2018-01ÃÄ©e·s¶i,¤@¯ë,¥|¯ÅºÞ¨î,Äµ »y:ªAÃÄ´Á¶¡Á×§K¦Y¸²µå¬c©Î¶¼¥Î¸²µå¬c¥Ä¡A¥H§K¼vÅTÃÄª«¥NÁÂ,Äµ °ªÄµ°T,,0,0,§_,1.0,,¬O,¬O,¬O,³æ¤è,,°±¥Î,°±¥Î,¤£¥i¿i,§_,,1.00,1.00,3.00,3.00,1,1,1,1,3.00,3.00,0,0,,¦³¹Ï¤ù,,0,,0,,G03XB01,,,,,0,,0,,TAB,,¤£µ¹¥I¶·¦Û¥I,¤£µ¹¥I¶·¦Û¥I,,,,,SolidDrugForm,ORTAB,¦M®`¤G¯Å(¡I),,0,,0,,,³æ¦¸¿éª`,PH032,202103231848,0,1000.00
OAPR,20161228,99999999,°±¥Î,Aprovel 300mg,Aprovel 300mg,Irbesartan,PO,QD,CAVS,CV-08-00,¤fªA,TAB,Aprovel,«D²Õ®M,°±¥Î,,¤@¯ë¥i¥Î,¬O,¤£¥i¥ÎÃÄ¥]¾÷,¥i¥Î,¤@¯ë,Á`¶q¶i¦ì,¾AÀ³¯g:°ª¦åÀ£¤Î²Ä¤G«¬¿}§¿¯f±wªÌªº°ª¦åÀ£¤Î¿}§¿¯f©ÊµÇ¯fÅÜ,,Indication:Treatment of Hypertension¡A diabetic nephropathy,,¥~ Æ[:¥Õ¦â¾ò¶ê§Î¿õ¾¯¡A¦L¦³¤ß§Î¤Î2873,Appearance:White elliptic tablet¡A marking: 2873,ÀY·w¡Aäú¤ß¡A°ª¦å¹[¡Aª½¥ß©Ê§C¦åÀ£¡A¦Ù¦×°©Àf¯kµh¡A¯h­Â,Dizziness¡A nausea¡A hyperkalemia¡A orthostatic hypotension¡A musculoskeletal pain.,,¬Ò¥i¥Î,¦w´¶¿Õºû½¤¦ç¿õ300²@§J,Aprovel 300mg,,,¬O,¬O,½Ã±Ð³æ¤T,ªAÃÄ«á¡A ­Y¥X²{ÀY·w©Î¯h­Â½Ð¤Å¶}¨®©Î¾Þ§@¦MÀI¾÷±ñ,,Occasionally dizziness or weariness may occur.,Be careful driving or operating machinery.,­¹ª«¥æ¤¬§@¥Î: ªAÃÄ´Á¶¡À³Á×§K¹L¶qÄá¨ú¹[ÆQ(¦p:¥NÆQ),Food interaction:Avoid over take potassium salt.,105-04ÃÄ©e·|·s¶i¡A2018.12 ÃÄ©e·|§R°£,¤@¯ë,¤@¯ë,ªAÃÄ«á¡A ­Y¥X²{ÀY·w©Î¯h­Â½Ð¤Å¶}¨®©Î¾Þ§@¦MÀI¾÷±ñ,­¹ ­¹ª«¥æ¤¬,,0,0,§_,1.0,,§_,§_,§_,³æ¤è,§_,¥i¥Î,¥i¥Î,¥i¿i,¬O,,1.00,1.00,1.00,1.00,999,999,28,0,1.00,1.00,0,0,,¦³¹Ï¤ù,,0,,0,,C09CA04,,,,,0,,0,,TAB,,°·«Oµ¹¥I,°·«Oµ¹¥I,IRBESARTAN 300MG + HYDROCHLOROTHIAZIDE 0-25MG,C09CA04,BC22843100,§_,SolidDrugForm,ORTAB,,,,,,,,,PH047,202303141722,7.70,11.00
OAPR1,19960101,99999999,°±¥Î,Apresoline 10mg,Apresoline 10mg,Hydralazine,PO,QID,CAVS,CV-06-00,¤fªA,TAB,Apresoline,«D²Õ®M,°±¥Î,,¤@¯ë¥i¥Î,¬O,¥i¥ÎÃÄ¥]¾÷,,¤@¯ë,Á`¶q¶i¦ì,¾AÀ³¯g:°ª¦åÀ£¡A ¬°©PÃä¦åºÞÂX±i¾¯,,Indication:Hypertension,,¥~ Æ[:¤g¶À¦â¶ê¥Y§Î¿}¦ç¿õ,Appearance:Yellow round tablet,¥Ö½§Äo¡A Ãö¸`µh¡A ¦Ù¦×µh¡A ³ïÄVµh¡A µo¿N¡A ¤ô¸~,Skin rash or itching¡A joint pain¡A muscle pain¡A sore throat and fever¡A swelling.,,,ªü´¶¥ß¯À¹ç10,Apresoline 10mg,,,§_,¬O,,¥i¯à¦³®É·|Ä±±oÀY·w¡A ©ü¯t¡A ½ÐÁ×§K§Ö³tªº°Ê§@©Î«º¶ÕÅÜ¤Æ,,May cause dizziness or drowsiness. Take care to avoid sudden movement.,,,,102¦~²Ä¥|¦¸ÃÄ©e·|¨MÄ³§R°£,¤@¯ë,¤@¯ë,Äµ »y:¥i¯à¦³®É·|Ä±±oÀY·w¡B©ü¯t¡A½ÐÁ×§K§Ö³tªº°Ê§@©Î«º¶ÕÅÜ¤Æ,,,,,§_,1.0,,§_,§_,§_,³æ¤è,§_,¥i¥Î,¥i¥Î,¥i¿i,¬O,,1.00,1.00,3.00,3.00,999,999,1,1,40.00,40.00,0,0,,¦³¹Ï¤ù,,0,,0,,C02DB02,,,,,,,,,TAB,§_,°·«Oµ¹¥I,°·«Oµ¹¥I,HYDRALAZINE,C02DB02,A030879100,§_,SolidDrugForm,ORTAB,,,,,,,,,PH047,202303141722,1.50,3.00
OAPR2,20220720,99999999,¥i¥Î,Stable 25mg,Stable 25mg,Hydralazine,PO,QID,CAVS,CV-06-00,¤fªA,TAB,Apresoline,«D²Õ®M,,,¤@¯ë¥i¥Î,¬O,¤£¥i¥ÎÃÄ¥]¾÷,¥i¥Î,¤@¯ë,Á`¶q¶i¦ì,¾AÀ³¯g:°ª¦åÀ£,,Indication:Hypertension,,¥~ Æ[:ºñ¦â¶ê§ÎÃÄ¿õ¡A¤W¦³332¼Ð¥Ü,Appearance:Green round tablet¡A with 332 marked.,äú¤ß¡A¹Ã¦R¡A¸¡Âm¡AÀY·w¡A«ººA©Ê§C¦åÀ£,nausea¡A vomiting¡A diarrhea¡A dizziness¡A postural hypotension,,¬Ò¥i¥Î,¦å±o¥­¿õ25²@§J¡]¥è¤ö©Ô¤Ð¡^,Stable 25mg,,,¬O,¬O,,¥i¯à¦³®É·|Ä±±oÀY·w¡A ©ü¯t¡A,½ÐÁ×§K§Ö³tªº°Ê§@©Î«º¶ÕÅÜ¤Æ,To lower the chance of feeling dizzy or passing out¡A rise slowly,if you have been sitting or lying down.,,,2022.07¯Ê³f´À¥N,¤@¯ë,¤@¯ë,¥i¯à¦³®É·|Ä±±oÀY·w¡A ©ü¯t¡A ½ÐÁ×§K§Ö³tªº°Ê§@©Î«º¶ÕÅÜ¤Æ,,,0,0,§_,1.0,,§_,¬O,§_,³æ¤è,§_,¥i¥Î,¥i¥Î,¥i¿i,¬O,,1.00,1.00,4.00,4.00,999,999,1,1,16.00,16.00,0,0,,¦³¹Ï¤ù,,0,,0,,C02DB02,,,,,0,,0,,TAB,§_,°·«Oµ¹¥I,°·«Oµ¹¥I,HYDRALAZINE,C02DB02,AC315341G0,§_,SolidDrugForm,ORTAB,,,0,,0,,,,PH006,202207290719,2.00,3.00
OAPR5,19960101,99999999,°±¥Î,Apresoline 50mg,Apresoline 50mg,Hydralazine,PO,QID,CAVS,CV-06-00,¤fªA,TAB,Apresoline,«D²Õ®M,°±¥Î¡A¥i¬dÃþ¦üÃÄ,,¤@¯ë¥i¥Î,¬O,¥i¥ÎÃÄ¥]¾÷,,¤@¯ë,Á`¶q¶i¦ì,¾AÀ³¯g:°ª¦åÀ£¡A ¬°©PÃä¦åºÞÂX±i¾¯,,Indication:Hypertension,,¥~ Æ[:®ç¬õ¦â¶ê¥Y§Î¿}¦ç¿õ,Appearance:Red round tablet,¥Ö½§Äo¡A Ãö¸`µh¡A ¦Ù¦×µh¡A ³ïÄVµh¡A µo¿N¡A ¤ô¸~,Skin rash or itching¡A joint pain¡A muscle pain¡A sore throat and fever¡A swelling.,,,ªü´¶¥ß¯À¹ç50,APRESOLINE 50mg,,,§_,¬O,,¥i¯à¦³®É·|Ä±±oÀY·w¡A ©ü¯t¡A ½ÐÁ×§K§Ö³tªº°Ê§@©Î«º¶ÕÅÜ¤Æ,,May cause dizziness or drowsiness. Take care to avoid sudden movement.,,,,,¤@¯ë,¤@¯ë,Äµ »y:¥i¯à¦³®É·|Ä±±oÀY·w¡B©ü¯t¡A½ÐÁ×§K§Ö³tªº°Ê§@©Î«º¶ÕÅÜ¤Æ,,,,,§_,1.0,,§_,¬O,§_,³æ¤è,§_,¥i¥Î,¥i¥Î,¥i¿i,¬O,,1.00,1.00,2.00,2.00,999,999,1,1,8.00,8.00,0,0,,¦³¹Ï¤ù,,0,,0,,C02DB02,,,,,,,,,TAB,§_,°·«Oµ¹¥I,°·«Oµ¹¥I,HYDRALAZINE,C02DB02,AC30743100,§_,SolidDrugForm,ORTAB,,,,,,,,,PH006,202301301424,1.52,3.00
OARC,20070907,99999999,¥i¥Î,Arcoxia 60mg,Arcoxia 60mg,Etoricoxib,PO,QD,CNEU,CN-01-03,¤fªA,TAB,Arcoxia,«D²Õ®M,,,¤@¯ë¥i¥Î,¬O,¥i¥ÎÃÄ¥]¾÷,¥i¥Î,¤@¯ë,Á`¶q¶i¦ì,¾AÀ³¯g:§Üµoª¢¡A ¤îµh,,Indication:Relief of pain¡A inflammation.,,¥~ Æ[:²Lºñ¦â¤£³W«h§Î¿õ¾¯¡A ¤@­±¦L 200¡A ¤@­±¦L ARCOXIA 60,Appearance:Light green irregular tablet,¯h­ÂµL¤O¡A ¤UªÏ¤ô¸~¡A ®ø¤Æ¤£¨}¡A ¤ß¨`¼ö,Asthenia/fatigue¡A dizziness¡A lower extremity edema¡A dyspepsia¡A heartburn,,¬Ò¥i¥Î,¸U§J¾A¿õ,Arcoxia 60mg,,,§_,¬O,,¨Ï¥Î¥»ÃÄ­Y¦³³y¦¨­G¸z¤£¾A¡A¥i»P­¹ª«¨ÖªA¨Ã¦h¸É¥R¤ô,,If have stomach upset¡A take with meals and increase water intake.,,³Æµù: ¹ï©ó¦³¤ß¦åºÞ¯e¯f¤Î©PÃä°Ê¯ß¯e¯f±wªÌ¦³¼ç¦bªº¦M¾÷,Significant risk factors for CV events or peripheral arterial disease.,,¤@¯ë,¤@¯ë,Äµ »y:¨Ï¥Î¥»ÃÄ­Y¦³³y¦¨­G¸z¤£¾A¡A¥i»P­¹ª«¨ÖªA¨Ã¦h¸É¥R¤ô,,,,,§_,1.0,,§_,¬O,§_,³æ¤è,§_,¥i¥Î,¥i¥Î,¥i¿i,¬O,,1.00,1.00,2.00,2.00,999,999,0,1,2.00,2.00,0,0,,¦³¹Ï¤ù,,0,,0,,M01AH05,,,,,,,,,TAB,,°·«Oµ¹¥I,°·«Oµ¹¥I,ETORICOXIB,M01AH05,BC23983100,§_,SolidDrugForm,ORTAB,,,,,,,,,PH047,202303141722,3.23,5.00
OARH,20120326,99999999,°±¥Î,Arheuma 20²@§J,Arheuma 20mg,Leflunomide,PO,QD,HIMM,IM-04-00,¤fªA,TAB,,«D²Õ®M,°±¥Î,,¤@¯ë¥i¥Î,¬O,¤£¥i¥ÎÃÄ¥]¾÷,¥i¥Î,¤@¯ë,Á`¶q¶i¦ì,¾AÀ³¯g:¦¨¤HÃþ­·Àã©ÊÃö¸`ª¢,,Indication:Treatment of RA & psoriatic arthritis in adult.,,¥~ Æ[:¥Õ¦â¤T¨¤«¬¿õ¾¯¡A ¨è¦³LO2¦r¼Ë,Appearance:White Triangle Tablet,¦åÀ£¤W¤É¡A ¸z­G¾÷¯à»ÙÃª¡A ¹½­¹¡A ¤fµÄÂH½¤¯fÅÜ¡A Åé­«´î»´,Increase in BP; GI disturbances¡A anorexia¡A oral mucosal disorders¡A weight loss.,,¬Ò¥i¥Î,¶®§V³Â,Arheuma,,,§_,¬O,,Ãh¥¥¡A ±Â¨Åªº°ü¤k¤£¥i¨Ï¥Î¥»«~,,Not recommended during pregnancy or breastfeeding.,,,,,¤@¯ë,¤@¯ë,Äµ »y:Ãh¥¥¡B±Â¨Åªº°ü¤k¤£¥i¨Ï¥Î¥»«~,,,0,0,§_,1.0,,§_,§_,§_,³æ¤è,§_,¥i¥Î,¥i¥Î,¥i¿i,¬O,,1.00,0,5.00,5.00,999,999,1,1,10.00,10.00,0,0,,¦³¹Ï¤ù,,0,,0,,L04AA13,,,,,,,,,TAB,,°·«Oµ¹¥I,°·«Oµ¹¥I,LEFLUNOMIDE,L04AA13,AC45971100,§_,SolidDrugForm,ORTAB,,,,,,,,,PH047,202303141722,35.20,46.00
OARH1,20141215,99999999,¥i¥Î,Arheuma 10mg,Arheuma 10mg,Leflunomide,PO,QD,HIMM,IM-04-00,¤fªA,TAB,,«D²Õ®M,,,¤@¯ë¥i¥Î,¬O,¤£¥i¥ÎÃÄ¥]¾÷,¥i¥Î,¤@¯ë,Á`¶q¶i¦ì,¾AÀ³¯g:¦¨¤HÃþ­·Àã©ÊÃö¸`ª¢,,Indication:Treatment of RA & psoriatic arthritis in adult.,,¥~ Æ[:¥Õ¦â¶ê«¬¿õ¾¯¡A¦L¦³L0¤Î27,Appearance:White Triangle Tablet; marking: L0 and 27,¦åÀ£¤W¤É¡A ¸z­G¾÷¯à»ÙÃª¡A ¹½­¹¡A ¤fµÄÂH½¤¯fÅÜ¡A Åé­«´î»´,Increase in BP; GI disturbances¡A anorexia¡A oral mucosal disorders¡A weight loss.,,¬Ò¥i¥Î,¶®§V³Â ¿õ10²@§J,Arheuma,,,,¬O,,Ãh¥¥¡A ±Â¨Åªº°ü¤k¤£¥i¨Ï¥Î¥»«~,,Not recommended during pregnancy or breastfeeding.,,­Y¦³¨x·l¶Ë¤§¼x¥ü¡A¦p­¹¼¤¤£®¶¡B·kÄo¡B¶À¯n¡B½Å¦â§¿²G¡AÀ³¥ß§Y§iª¾³B¤èÂå®v¡C,Check with doctor if you signs of liver dysfunction(unusual fatigue¡Ajaundice¡Aetc,,¤@¯ë,¤@¯ë,Äµ »y:Ãh¥¥¡B±Â¨Åªº°ü¤k¤£¥i¨Ï¥Î¥»«~,,,0,0,§_,1.0,,§_,¬O,§_,³æ¤è,§_,¥i¥Î,¥i¥Î,¤£¥i¿i,¬O,,1.00,1.00,10.00,10.00,999,999,1,1,20.00,20.00,0,0,,¦³¹Ï¤ù,,0,,0,,L04AA13,,,,,0,,0,,TAB,,°·«Oµ¹¥I,°·«Oµ¹¥I,LEFLUNOMIDE,L04AA13,AC48558100,§_,SolidDrugForm,ORTAB,¦M®`¤G¯Å(¡I),,,,,,,,PH047,202303141722,23.50,31.00
OARI,19960101,99999999,¥i¥Î,Aricept 5mg,Aricept 5mg,Donepezil,PO,HS,CNEU,CN-03-10,¤fªA,TAB,Aricept,«D²Õ®M,°±¥Î¡A¥i¬dÃþ¦üÃÄ,,­­¥æ¥I½Õ¾¯,¬O,¤£¥i¥ÎÃÄ¥]¾÷,±ø¥ó¤Uµ¹¥I,¤£¦LÃÄÅÒ,Á`¶q¶i¦ì,¾AÀ³¯g:§ïµ½»{ª¾¤Î°O¾Ð¯gª¬,,Indication:Alzheimer's disease,,¥~ Æ[:¥Õ¦â¶ê«ó§Î¿õ¾¯,,,,,¥u¥Î©óªù¶E,·R¾ÐªY½¤¦ç¿õ,Aricept 5mg,,­­ªù¶E¥æ¥I½Õ¾¯¥Î,§_,¬O,,,,,,,,¥»ÃÄ­­ªù¶E¥æ¥I½Õ¾¯¥Î,¤@¯ë,¤@¯ë,Äµ »y:½Ð¿í·ÓÂå®v«ü¥Ü¥ÎÃÄ¡A¤Å¦Û¦æ§ó§ï¾¯¶q©Î¥ÎÃÄ®É¶¡¡C,,,,,§_,1.0,,¬O,¬O,¬O,³æ¤è,§_,¥i¥Î,¥i¥Î,¥i¿i,¬O,,1.00,0,2.00,0,999,0,1,0,0,0,0,0,,µL¹Ï¤ù,,0,,0,,N06DA02,,,,,,,,,TAB,¬O,°·«Oµ¹¥I,°·«Oµ¹¥I,DONEPEZIL,N06DA02,AC42556100,§_,SolidDrugForm,ORTAB,,,,,,,,,PH047,202303141722,55.00,69.00
OARI1,20070401,99999999,°±¥Î,Aricept 10mg,Aricept 10mg,Donepezil,PO,HS,CNEU,CN-03-10,¤fªA,TAB,Aricept,«D²Õ®M,°±¥Î,OARIE,¤@¯ë¥i¥Î,¬O,¤£¥i¥ÎÃÄ¥]¾÷,±ø¥ó¤Uµ¹¥I,¤@¯ë,Á`¶q¶i¦ì,¾AÀ³¯g:§ïµ½»{ª¾¤Î°O¾Ð¯gª¬¡Aªü´þ®üÀq¯g¡C,,Indication:Alzheimer's disease,,¥~ Æ[:¶ê§Î¶À¦â½¤¦ç¿õ¾¯¡A¤À§O¦L¦³10¤Îaricept,Appearance:Yellow round tablet,äú¤ß¡A ¸¡Âm¡A ¥¢¯v¡A ¹Ã¦R¡A ¦Ù¦×µjÅË¡A ¯h­ÂµL¤O,Nausea¡A diarrhea¡A insomnia¡A vomiting¡A muscle cramp¡A fatigue & anorexia.,,¬Ò¥i¥Î,·R¾ÐªY,Aricept 10mg,,,¬O,¬O,,½Ð¿í·ÓÂå®v«ü¥Ü¥ÎÃÄ¡A ¤Å¦Û¦æ§ó§ï¾¯¶q©Î¥ÎÃÄ®É¶¡,­Y¦³¤£©ú­ì¦]ªº¦Ù¦×µh¡A Ä²µh©ÎµL¤O¡A ¥B¨Ö¦³µo¿N®É¡A ½Ð¥ß¨è¦^¶E,Follow doctor's advice. Do not change your dose or schedule.,Notify your doctor if you have any unexplained muscle pain or tenderness.,³Æµù: ªAÃÄ«á¥i¯à·|¦³©I§l¤£¶¶¤Î±Æ§¿§xÃø±¡§Î,May cause difficult breathing and bladder outlet obstruction.,,¤@¯ë,¤@¯ë,Äµ »y:½Ð¿í·ÓÂå®v«ü¥Ü¥ÎÃÄ¡A¤Å¦Û¦æ§ó§ï¾¯¶q©Î¥ÎÃÄ®É¶¡¡C,,,,,§_,1.0,,§_,§_,§_,³æ¤è,§_,°±¥Î,¥i¥Î,¥i¿i,¬O,,1.00,1.00,1.00,1.00,999,999,28,1,1.00,1.00,0,0,,¦³¹Ï¤ù,,0,,0,,N06DA02,,,,,,,,,TAB,§_,°·«Oµ¹¥I,°·«Oµ¹¥I,DONEPEZIL,N06DA02,AC46989100,§_,SolidDrugForm,ORTAB,,,,,,,,,PH047,202303141722,53.00,66.00
OARIE,20191215,99999999,¥i¥Î,Aricept 10mg orodispersible,Aricept 10mg orodispersible,Donepezil,PO,HS,CNEU,CN-03-10,¤fªA,TAB,Aricept,«D²Õ®M,,,¤@¯ë¥i¥Î,¬O,¤£¥i¥ÎÃÄ¥]¾÷,±ø¥ó¤Uµ¹¥I,¤@¯ë,Á`¶q¶i¦ì,¾AÀ³¯g:ªü¯÷®üÀq¯g,,Indication: Alzheimer's disease,,¥~ Æ[:¶ê§Î¶À¦â½¤¦ç¿õ¾¯¡A¤À§O¦L¦³10¤Îaricept,Appearance:Yellow round tablet¡A 10 and aricept marked.,¥¢¯v¡Aäú¤ß¡A¸¡Âm¡A¹Ã¦R¡A¦Ù¦×µjÅË¡A¯h­ÂµL¤O,Insomnia¡A nausea¡A diarrhea¡A vomiting¡A muscle cramps¡A fatigue,,¬Ò¥i¥Î,·R¾ÐªY¤f±Y¿õ10²@§J,Aricept 10mg orodispersible,,,¬O,¬O,,½Ð¿í·ÓÂå®v«ü¥Ü¥ÎÃÄ¡A ¤Å¦Û¦æ§ó§ï¾¯¶q©Î¥ÎÃÄ®É¶¡,,Follow doctor's advice. Do not change your dose or schedule.,,ÃÄ¿õ¸m©ó¦ÞÀY¤W«Ý¨ä±Y´²«á¦A¥Î¤ô°tªA¡C,Put the tablet on the tongue¡A let it disintegrate and taking it with water.,2019.Q4ÃÄ©e·s¶i,¤@¯ë,¤@¯ë,Äµ »y:½Ð¿í·ÓÂå®v«ü¥Ü¥ÎÃÄ¡A¤Å¦Û¦æ§ó§ï¾¯¶q©Î¥ÎÃÄ®É¶¡¡C,,,0,0,§_,1.0,,§_,¬O,§_,³æ¤è,§_,¥i¥Î,¥i¥Î,¤£¥i¿i,¬O,,1.00,1.00,1.00,1.00,999,999,28,1,1.00,1.00,0,0,,¦³¹Ï¤ù,,0,,0,,N06DA02,,,,,0,,0,,TAB,,°·«Oµ¹¥I,°·«Oµ¹¥I,DONEPEZIL,N06DA02,BC27473100,,SolidDrugForm,ORTAB,,,0,,0,,,,PH075,202202091608,53.00,66.00
OARIM,19960101,99999999,¥i¥Î,Arimidex 1mg,Arimidex 1mg,Anastrozole,PO,QD,RACA,ON-05-05,¤fªA,TAB,Arimidex,«D²Õ®M,,,¤@¯ë¥i¥Î,¬O,¤£¥i¥ÎÃÄ¥]¾÷,±ø¥ó¤Uµ¹¥I,¤@¯ë,Á`¶q¶i¦ì,¾AÀ³¯g:§Ü¸~½FÃÄ,,Indication:Advanced breast cancer in post-memopausal women,,¥~ Æ[:¥Õ¦â¶ê«ó§Î¿õ¾¯,Appearance:White round tablet,¼ö¼é¬õ¡A µL¤O¡A Ãö¸`¯kµh¡A ÀYµh¡A äú¤ß,Hot flushes¡A asthenia¡A joint pain¡A headache¡A nausea.,,,¦w¬ü¹F¿õ,Arimidex,,,§_,¬O,,¥»«~¬°­«¯gªvÀøÃÄ¡A ½Ð¨Ì·ÓÂå®v«ü¥Ü¨Ï¥Î,,Take this medicine exactly as your doctor ordered.,,³Æµù: ¸T¥Î©ó°±¸g«e¡A Ãh¥¥°ü¤k¤Î¨àµ£,Avoid for premenopausal women; pregnancy & children.,,¤@¯ë,¤@¯ë,Äµ »y:¥»«~¬°­«¯gªvÀøÃÄª«¡A½Ð¨Ì·ÓÂå®v«ü¥Ü¨Ï¥Î¡C,,,,,§_,1.0,,§_,¬O,§_,³æ¤è,§_,¥i¥Î,¥i¥Î,¤£¥i¿i,¬O,,1.00,1.00,1.00,1.00,999,999,1,1,1.00,1.00,0,0,,¦³¹Ï¤ù,,0,,0,,L02BG03,,,,,,,,,TAB,§_,°·«Oµ¹¥I,°·«Oµ¹¥I,ANASTROZOLE,L02BG03,BC22282100,§_,SolidDrugForm,ORTAB,¦M®`¤G¯Å(¡I),,,,,,,,PH047,202402140217,40.00,52.00
OARO,20070401,99999999,¥i¥Î,Aromasin 25mg,Aromasin 25mg,Exemestane,PO,QD,RACA,ON-05-05,¤fªA,TAB,Aromasin,«D²Õ®M,,,¤@¯ë¥i¥Î,¬O,¤£¥i¥ÎÃÄ¥]¾÷,±ø¥ó¤Uµ¹¥I,¤@¯ë,Á`¶q¶i¦ì,¾AÀ³¯g:§Ü¸~½FÃÄ,,Indication:Advanced breast cancer in post-memopausal women,,¥~ Æ[:¦Ç¥Õ¦â¶ê§Î¿õ¾¯,Appearance:Gray round tablet,¹½­¹¡A ¥¢¯v¡A §íÆ{¡A ÀYµh¡A ·w¯t¡A ¼ö¼é¬õ,Anorexia¡A insomnia¡A depression¡A headache¡A dizziness¡A hot flushes,,¬Ò¥i¥Î,¿Õ°ÒÀù¯À,Aromasin 25mg,,,§_,¬O,,¥»«~¬°­«¯gªvÀøÃÄ¡A ½Ð¨Ì·ÓÂå®v«ü¥Ü¨Ï¥Î,,Take this medicine exactly as your doctor ordered.,,³Æµù: ¸T¥Î©ó°±¸g«e¡A Ãh¥¥°ü¤k,Avoid for premenopausal women and pregnancy .,,¤@¯ë,¤@¯ë,Äµ »y:¥»«~¬°­«¯gªvÀøÃÄª«¡A½Ð¨Ì·ÓÂå®v«ü¥Ü¨Ï¥Î¡C,,,,,§_,1.0,,§_,¬O,¬O,³æ¤è,§_,¥i¥Î,¥i¥Î,¤£¥i¿i,¬O,,1.00,1.00,1.00,1.00,999,999,28,1,3.00,3.00,0,0,,¦³¹Ï¤ù,,0,,0,,L02BG06,,,,,,,,,TAB,§_,°·«Oµ¹¥I,°·«Oµ¹¥I,EXEMESTANE,L02BG06,BC23097100,§_,SolidDrugForm,ORTAB,¦M®`¤G¯Å(¡I),,,,,,,,PH047,202303141722,44.20,57.00
OART2,19960101,99999999,°±¥Î,Artane 2mg,Artane 2mg,Trihexyphenidyl,PO,,CNEU,CN-03-03,¤fªA,TAB,Artane,«D²Õ®M,¼t°Ó¯Ê³f,OSWI,¤@¯ë¥i¥Î,¬O,¥i¥ÎÃÄ¥]¾÷,,¤@¯ë,Á`¶q¶i¦ì,¾AÀ³¯g:©¬ª÷´Ë¤ó¯g­Ô¸s,,Indication:Parkinsonism.,,¥~ Æ[:¥Õ¦â¶ê«ó§Î¿õ¾¯¡A ¤@­±¦³¤¤¥¡¨è²ª¡A ¤@­±¦LLederla,Appearance:White round tablet,«K¯µ¡A ¬y¦½´î¤Ö¡A ±Æ§¿¯kµh¡A ©ü©ü±ýºÎ¡A ¤f°®¡A ¬È¥ú¡A ¹Ã¦R,Constipation; sweat less; difficult urination; sleepy; dryness of mouth; sensiti,,,ªü¤¦,Artane 2mg,,,§_,¬O,,ªAÃÄ«á¡A ½Ð¤Å¶}¨®©Î¾Þ§@¦MÀI¾÷±ñ: ¤Å¶¼°s,,Be careful driving or operating machinery. Avoid alcohol.,,,,,¤@¯ë,¤@¯ë,Äµ »y:ªAÃÄ«á¡A½Ð¤Å¶}¨®©Î¾Þ§@¦MÀI¾÷±ñ¡F¤Å¶¼°s,,,,,§_,1.0,,§_,§_,§_,³æ¤è,§_,°±¥Î,¥i¥Î,¥i¿i,¬O,,1.00,1.00,2.00,2.00,999,999,1,1,0,0,0,0,,¦³¹Ï¤ù,,0,,0,,,,,,,,,,,TAB,§_,°·«Oµ¹¥I,°·«Oµ¹¥I,TRIHEXYPHENIDYL,N04AA01,N003947100,§_,SolidDrugForm,ORTAB,,,,,,,,,PH047,202303141722,1.50,3.00
OASA,19960101,99999999,°±¥Î,Asacol 400mg,Asacol 400mg,Mesalazine,PO,TID,ALIM,GI-09-00,¤fªA,TAB,Asacol,«D²Õ®M,°±¥Î,,¤@¯ë¥i¥Î,¬O,¤£¥i¥ÎÃÄ¥]¾÷,­­¥Î,¤@¯ë,Á`¶q¶i¦ì,¾AÀ³¯g:¥Dªv¼ìºÅ©Êµ²¸zª¢,,Indication:Treatment of colitis¡A Crohn's disease,,¥~ Æ[:¿j¬õ¦âªø¾ò¶ê§Î¸z·»¿õ,Appearance: Brick Red Rectangle Enteric-coated Tablet,äú¤ß¡A ¸¡Âm¡A ¸¡µh¡A ÀYµh,Nausea¡A diarrhea¡A abdominal pain¡A headache,,,ªü¸z§J¿õ,Asacol,,,§_,§_,,À³¾ã²É§]ªA¡A ¤Á¤Å«rÄZ©ÎÀ£¸H,,Swallow the tablet whole. Do not crush¡A break or chew.,,,,2014¦~²Ä¤G¦¸ÃÄ©e·|¨MÄ³§R°£,¤@¯ë,¤@¯ë,Äµ »y:À³¾ã²É§]ªA¡A¤Á¤Å«rÄZ©ÎÀ£¸H,SA «÷­µ¬Û¦ü,,,,§_,1.0,,§_,§_,§_,³æ¤è,§_,°±¥Î,¥i¥Î,¤£¥i¿i,¬O,,1.00,1.00,2.00,2.00,999,999,1,1,9.00,9.00,0,0,,¦³¹Ï¤ù,,0,,0,,A07EC02,,,,,,,,,TAB,§_,°·«Oµ¹¥I,°·«Oµ¹¥I,MESALAZINE,A07EC02,B023232100,§_,SolidDrugForm,ECTAB,,,,,,,,,PH047,202303141722,12.20,16.00
OASA8,20140616,99999999,°±¥Î,Asacol 800mg,Asacol 800mg,Mesalazine,PO,TID,ALIM,GI-09-00,¤fªA,TAB,Asacol,«D²Õ®M,°±¥Î¡A¥i¬dÃþ¦üÃÄ,,¤@¯ë¥i¥Î,¬O,¤£¥i¥ÎÃÄ¥]¾÷,±ø¥ó¤Uµ¹¥I,¤@¯ë,Á`¶q¶i¦ì,¾AÀ³¯g:¥Dªv¼ìºÅ©Êµ²¸zª¢,,Indication:Treatment of colitis¡A Crohn's disease,,¥~ Æ[:¿j¬õ¦âªø¾ò¶ê§Î¸z·»¿õ,Appearance: Brick Red Rectangle Enteric-coated Tablet,äú¤ß¡A ¸¡Âm¡A ¸¡µh¡A ÀYµh,Nausea¡A diarrhea¡A abdominal pain¡A headache,,¬Ò¥i¥Î,ªü¸z§J¿õ800²@§J,Asacol 800mg,,,,,,À³¾ã²É§]ªA¡A ¤Á¤Å«rÄZ©ÎÀ£¸H,,Swallow the tablet whole. Do not crush¡A break or chew.,,,,2014¦~²Ä¤G¦¸ÃÄ©e·|¶iÃÄ¡A2019Q1§R°£,¤@¯ë,¤@¯ë,Äµ »y:À³¾ã²É§]ªA¡A¤Á¤Å«rÄZ©ÎÀ£¸H,,,0,0,§_,1.0,,§_,§_,§_,³æ¤è,§_,¥i¥Î,¥i¥Î,¤£¥i¿i,¬O,,1.00,1.00,6.00,6.00,999,999,1,1,10.00,10.00,0,0,,¦³¹Ï¤ù,,0,,0,,A07EC02,,,,,0,,0,,TAB,,°·«Oµ¹¥I,°·«Oµ¹¥I,MESALAZINE,A07EC02,BC24611100,§_,SolidDrugForm,ECTAB,,,,,,,,,PH047,202303141722,21.90,28.00
OASP,20050916,99999999,¥i¥Î,Aspirin protect 100mg,Aspirin protect 100mg,Acetylsalicylic Acid,PO,QD,HEMT,HE-03-00,¤fªA,TAB,Aspirin,«D²Õ®M,,OBOK,¤@¯ë¥i¥Î,¬O,¤£¥i¥ÎÃÄ¥]¾÷,¥i¥Î,¤@¯ë,Á`¶q¶i¦ì,¾AÀ³¯g:¬°¸Ñ¼öÂíµhÃÄ¡A ¥i§í¨î¦å¤pªO¾®¶°§@¥Î¡A ¹w¨¾¤ß¦åºÞ®ê¶ë,,Indication:Prophylaxis of stroke & analgesic¡A antipyretic,,¥~ Æ[:¥Õ¦â¶ê¥Y§Î¿õ¾¯,Appearance:White round tablet,¤ß¨`¼ö©Î®ø¤Æ¤£¨},Heartburn or indigestion,,¬Ò¥i¥Î,ªü´µ¤ÇªL¸z·»¿õ,Aspirin 100mg,,,§_,§_,,Åú¨§¯g±wªÌ¤£±oªA¥Î¥»ÃÄ,,Avoid in patients with G6PD deficiency.,,³Æµù: ª`·N²§±`¥X¦å±¡§Î,Be aware of abnormal bleeding.,2016¦~²Ä¤@¦¸ÃÄ©e·|³q¹L¨Ï¥Î,¤@¯ë,¤@¯ë,Äµ »y:Åú¨§¯g±wªÌ¤£±oªA¥Î¥»ÃÄ,,,,,§_,1.0,,§_,¬O,§_,³æ¤è,§_,¥i¥Î,¥i¥Î,¤£¥i¿i,¬O,,1.00,1.00,3.00,3.00,999,999,1,1,6.00,6.00,1.00,0.25,,¦³¹Ï¤ù,,0,,0,,B01AC06,N02BA01,,,,,,,,TAB,,°·«Oµ¹¥I,°·«Oµ¹¥I,ACETYLSALICYLIC ACID,B01AC06,BC240251G0,§_,SolidDrugForm,ECTAB,,,,,,,,,PH047,202402121346,2.00,3.00
OASV,19960101,99999999,¥i¥Î,Asverin 20mg,Asverin 20mg,Tipepidine,PO,TID,ERSP,RE-05-04,¤fªA,TAB,Asverin,«D²Õ®M,°±¥Î,,¤@¯ë¥i¥Î,¬O,¥i¥ÎÃÄ¥]¾÷,,¤@¯ë,Á`¶q¶i¦ì,¾AÀ³¯g:¤î«y¡A ¤Æ·ð¾¯,,Indication:Relief of cough,,¥~ Æ[:²H¶À¦â¶ê«ó§Î¿õ¾¯¡A ¤@­±¦LTT 105,Appearance:Light yellow round tablet,ÀY·w¡A ¥¢¯v¡A ­G¸z¤£¾A¡A ¥Ö¯l¡A ¸¡µh¡A ­¹¼¤¤£®¶,Dizziness¡A insomnia¡A GI disturbances¡A rash¡A abdominal pain¡A loss of appetite,,,¦w¹Â¹ç¿õ,Asverin,,,§_,¬O,,§¿²G¥i¯àÅÜ¦¨¬õ¦â,,May discolor urine to red.,,­Y¥X²{¥ô¦ó°Æ§@¥Î¼x¶HÀ³¥ß§Y»PÂå®vÁpÃ´¡C,Check with doctor if you notice any side effects.,,¤@¯ë,¤@¯ë,Äµ »y:§¿²G¥i¯àÅÜ¦¨¬õ¦â,,,,,§_,1.0,,§_,¬O,§_,³æ¤è,§_,¥i¥Î,°±¥Î,¥i¿i,¬O,,1.00,1.00,1.00,1.00,999,999,1,1,8.00,8.00,0,0,,¦³¹Ï¤ù,,0,,0,,R05DB24,,,,,,,,,TAB,§_,°·«Oµ¹¥I,°·«Oµ¹¥I,TIPEPIDINE,R05DB24,A008907100,§_,SolidDrugForm,ORTAB,,,,,,,,,PH006,202311090904,0.77,2.00
OASZ,20230721,99999999,¥i¥Î,Asazipam 50mg,Asazipam 50mg,Azathioprine,PO,,HIMM,IM-04-00,¤fªA,TAB,Imuran,«D²Õ®M,°±¥Î,OIMU,¤@¯ë¥i¥Î,¬O,¤£¥i¥ÎÃÄ¥]¾÷,±ø¥ó¤Uµ¹¥I,¤@¯ë,Á`¶q¶i¦ì,¾AÀ³¯g:¬õ´³©Ê¯T½H¡BÃþ­··Ã©ÊÃö¸`ª¢¡B«æºC©Ê¥Õ¦å¯f¡C,,Indication:Treat SLE¡A RA¡A acute/chronic leukemia.,,¥~ Æ[:¶À¦â¶ê«ó§Î¿õ¾¯¡A¤@­±¨è"YSP 149",Appearance:Yellow round tablet debossed "YSP 149",¥i°f©Ê°©Åè§í¨î¡B³h¦å¡B¥Õ¦å²y´î¤Ö,Reversible bone marrow suppression¡A anemia¡A leukopenia.,,¬Ò¥i¥Î,¦w«ä¥­½¤¦ç¿õ50²@§J,Asazipam 50mg,,,,¬O,,¥X²{¥ô¦ó²§±`·ï«C¡B¥X¦å¡B·P¬V¯gª¬¡A½Ð¾¨³t»PÂå®vÁpµ¸¡C,,Contact doctor for any abnormal bruising¡A bleeding¡A or infection.,SLE (systemic lupus erythematosus)¡A RA (rheumatoid arthritis),ªvÀø®ÉÀ³Á×¥¥¡C,Contraception should be practiced during the treatment.,202307 [OIMU]¯Ê³f´À¥N,¤@¯ë,¤@¯ë,Äµ »y:¥X²{¥ô¦ó²§±`·ï«C©Î¥X¦å¡A·P¬V¯gª¬¡A½Ð¾¨³t»PÂå®vÁpµ¸,,,0,0,§_,1.0,,§_,¬O,§_,³æ¤è,§_,¥i¥Î,¥i¥Î,¤£¥i¿i,¬O,,1.00,1.00,6.00,6.00,999,999,1,1,9.00,9.00,0,0,,¦³¹Ï¤ù,,0,,0,,L04AX01,,,,,0.05,g,0.15,g,TAB,§_,°·«Oµ¹¥I,°·«Oµ¹¥I,AZATHIOPRINE,L04AX01,AC49283100,§_,SolidDrugForm,ORTAB,¦M®`¤@¯Å(¡I¡I),,0,,0,,,,PH006,202402230928,9.60,13.00
OATI5,19960101,99999999,¥i¥Î,Ativan 0.5mg,Ativan 0.5mg,Lorazepam,PO,HS,CNEU,CN-02-02,¤fªA,TAB,Ativan,«D²Õ®M,,OLOW,¤@¯ë¥i¥Î,¬O,¤£¥i¥ÎÃÄ¥]¾÷,,¤@¯ë,Á`¶q¶i¦ì,¾AÀ³¯g:µJ¼{ª¬ºA¡A ¥¢¯v,,Indication:Relieve anxious symptoms¡A help to sleep,,¥~ Æ[:²`ÂÅ¦â¶ê§ÎÃÄ¿õ,Appearance:Dark blue round tablet,¸}¨B²Â©å©Î¤£Ã­¡A ÀY·w¡A ©ü©ü±ýºÎ¡A ¤f¾¦¤£²M¡A ­¹¼¤§ïÅÜ,Clumsiness or unsteadiness; dizzy; sleepy; unclear speaking; appetite changes,,,¦w©w¤å,Ativan 0.5mg,,,¬O,¬O,½Ã±Ð³æ¥|,ªAÃÄ«á¡A ½Ð¤Å¶}¨®©Î¾Þ§@¦MÀI¾÷±ñ; ¤Å¶¼°s,,After taking the medication¡A do not drive or operate machinery. Avoid alcohol.,,­¹ª«¥æ¤¬§@¥Î: ªAÃÄ´Á¶¡Á×§K­¹¥Î¸²µå¬c¥Ä»P¶¼°s,Food interaction: Avoid grapefruit juice and alcohol.,,¤@¯ë,¥|¯ÅºÞ¨î,Äµ »y:ªAÃÄ«á¡A½Ð¤Å¶}¨®©Î¾Þ§@¦MÀI¾÷±ñ¡F¤Å¶¼°s,­¹ ­¹ª«¥æ¤¬,,,,§_,1.0,,§_,¬O,§_,³æ¤è,§_,¥i¥Î,¥i¥Î,¤£¥i¿i,¬O,,1.00,1.00,8.00,8.00,30,30,1,1,20.00,20.00,0,0,,¦³¹Ï¤ù,,0,,0,,N05BA06,,,,,,,,,TAB,§_,°·«Oµ¹¥I,°·«Oµ¹¥I,LORAZEPAM,N05BA06,BC187411G0,§_,SolidDrugForm,ORTAB,,,,,,,,,PH008,202308211406,2.00,3.00
OATM10,20221111,99999999,¥i¥Î,apo-Atomoxetine 10mg,apo-Atomoxetine 10mg,Atomoxetine,PO,QD,CNEU,CN-02-08,¤fªA,CAP,Strattera,«D²Õ®M,°±¥Î,,¤@¯ë¥i¥Î,¬O,¤£¥i¥ÎÃÄ¥]¾÷,±ø¥ó¤Uµ¹¥I,¤@¯ë,Á`¶q¶i¦ì,¾AÀ³¯g:ª`·N¤O¯Ê·l¡A¹L°Ê¯g,,Indication:Attention deficit hyperactivity disorder,,¥~ Æ[:¥Õ¦â½¦Ån¡A¤W¦³APO¤ÎAM10¼Ð¥Ü,Appearance:White capsule with APO¡A AM10 marked.,äú¤ß¡A ¹Ã¦R¡A ¯h­Â¡A ­¹¼¤´î°h¡A ¸¡µh,Nausea¡A vomiting¡A fatigue¡A decreased appetite¡A abdominal pain,,¥u¥Î©óªù¶E,¦w«O«ä©w½¦Ån10²@§J,apo-Atomoxetine 10mg,,,,,½Ã±Ð³æ¥|,¯U¨¤©Ê«C¥ú²´ªº¯f±w¤£«ØÄ³¨Ï¥Î,,Not recommended for patients with narrow angle glaucoma,,¤£À³¥´¶}ÃÄª«½¦Ån¶·¾ãÁûªA¥Î¡CªAÃÄ´Á¶¡Á×§K¶¼­¹§t©@°Ø¦]ªº¶¼®Æ©Î­¹ª«¡C,Capsules should not be opened.Avoid food or beverages containing caffeine.,202211 [OSTR1] ¯ÊÃÄ´À¥N,¤@¯ë,¤@¯ë,¯U¨¤©Ê«C¥ú²´ªº¯f±w¤£«ØÄ³¨Ï¥Î,SA/­¹ «÷­µ/­¹ª«,,0,0,§_,1.0,,§_,¬O,§_,³æ¤è,§_,¥i¥Î,¥i¥Î,¤£¥i¿i,¬O,,1.00,1.00,1.00,1.00,999,999,28,1,1.00,1.00,0,0,,¦³¹Ï¤ù,,0,,0,,N06BA09,,,,,0,,0,,CAP,§_,°·«Oµ¹¥I,°·«Oµ¹¥I,ATOMOXETINE,N06BA09,BC26194100,,SolidDrugForm,ORCAP,,,0,,0,,,,PH047,202402140413,50.00,65.00
OATM25,20210915,99999999,¥i¥Î,apo-ATOMOXETINE 25mg,apo-ATOMOXETINE 25mg,Atomoxetine,PO,QD,CNEU,CN-02-08,¤fªA,CAP,Strattera,«D²Õ®M,,,¤@¯ë¥i¥Î,¬O,¤£¥i¥ÎÃÄ¥]¾÷,±ø¥ó¤Uµ¹¥I,¤@¯ë,Á`¶q¶i¦ì,¾AÀ³¯g:ª`·N¤O¯Ê·l¡A¹L°Ê¯g,,Indication:Attention deficit hyperactivity disorder(ADHD),,¥~ Æ[:ÂÅ¦â/¥Õ¦â½¦Ån¡A¤W¦³APO¡A AM25¼Ð°O.,Appearance:Blue/white capsule with APO¡A AM25 marked.,äú¤ß¡A ¹Ã¦R¡A ¯h­Â¡A ­¹¼¤´î°h¡A ¸¡µh,Nausea¡A vomiting¡A fatigue¡A decreased appetite¡A abdominal pain,,¥u¥Î©óªù¶E,¦w«O«ä©w½¦Ån25²@§J,apo-ATOMOXETINE 25mg,,,,§_,½Ã±Ð³æ¥|,¯U¨¤©Ê«C¥ú²´ªº¯f±w¤£«ØÄ³¨Ï¥Î,,Not recommended for patients with narrow angle glaucoma,,¤£À³¥´¶}ÃÄª«½¦Ån¶·¾ãÁûªA¥Î¡CªAÃÄ´Á¶¡Á×§K¶¼­¹§t©@°Ø¦]ªº¶¼®Æ©Î­¹ª«¡C,Capsules should not be opened.Avoid food or beverages containing caffeine.,2021Q3ÃÄ©e·s¶i,¤@¯ë,¤@¯ë,¯U¨¤©Ê«C¥ú²´ªº¯f±w¤£«ØÄ³¨Ï¥Î,SA/­¹ «÷­µ/­¹ª«,,0,0,§_,1.0,,§_,¬O,§_,³æ¤è,,¥i¥Î,¥i¥Î,¤£¥i¿i,¬O,,1.00,1.00,1.00,1.00,999,999,28,1,1.00,1.00,0,0,,¦³¹Ï¤ù,,0,,0,,N06BA09,,,,,0,,0,,CAP,,°·«Oµ¹¥I,°·«Oµ¹¥I,ATOMOXETINE,N06BA09,BC26193100,§_,SolidDrugForm,ORCAP,,,0,,0,,,,PH047,202402140412,50.00,65.00
OATM40,20220921,99999999,¥i¥Î,40mg APO-ATOMOXETINE,APO-ATOMOXETINE 40mg,Atomoxetine,PO,QD,CNEU,CN-02-08,¤fªA,CAP,Strattera,«D²Õ®M,,,¤@¯ë¥i¥Î,¬O,¤£¥i¥ÎÃÄ¥]¾÷,±ø¥ó¤Uµ¹¥I,¤@¯ë,Á`¶q¶i¦ì,¾AÀ³¯g:ª`·N¤O¯Ê·l¡A¹L°Ê¯g,,Indication:Attention deficit hyperactivity disorder(ADHD),,¥~ Æ[:ÂÅ¦â½¦Ån¡A¤W¦³APO¡A AM40¼Ð°O.,Appearance:Blue capsule with APO¡A AM40 marked.,äú¤ß¡A ¹Ã¦R¡A ¯h­Â¡A ­¹¼¤´î°h¡A ¸¡µh,Nausea¡A vomiting¡A fatigue¡A decreased appetite¡A abdominal pain,,¥u¥Î©óªù¶E,¦w«O«ä©w½¦Ån40²@§J,40mg APO-ATOMOXETINE,,,,,½Ã±Ð³æ¥|,¯U¨¤©Ê«C¥ú²´ªº¯f±w¤£«ØÄ³¨Ï¥Î,,Not recommended for patients with narrow angle glaucoma,,¤£À³¥´¶}ÃÄª«½¦Ån¶·¾ãÁûªA¥Î¡CªAÃÄ´Á¶¡Á×§K¶¼­¹§t©@°Ø¦]ªº¶¼®Æ©Î­¹ª«¡C,Capsules should not be opened.Avoid food or beverages containing caffeine.,2022Q3ÃÄ©e·s¶i,¤@¯ë,¤@¯ë,¯U¨¤©Ê«C¥ú²´ªº¯f±w¤£«ØÄ³¨Ï¥Î,SA/­¹ «÷­µ/­¹ª«,,0,0,§_,1.0,,§_,¬O,§_,³æ¤è,,¥i¥Î,¥i¥Î,¤£¥i¿i,¬O,,1.00,1.00,1.00,1.00,999,999,28,1,2.00,2.00,0,0,,¦³¹Ï¤ù,,0,,0,,N06BA09,,,,,0,,0,,CAP,,°·«Oµ¹¥I,°·«Oµ¹¥I,ATOMOXETINE,N06BA09,BC26196100,,SolidDrugForm,ORCAP,,,0,,0,,,,PH047,202402140413,50.00,65.00
OATMX,20200610,99999999,¥i¥Î,APO-Atomoxetine 18mg,APO-Atomoxetine 18mg,Atomoxetine,PO,QD,CNEU,CN-02-08,¤fªA,CAP,Strattera,«D²Õ®M,,,¤@¯ë¥i¥Î,¬O,¤£¥i¥ÎÃÄ¥]¾÷,±ø¥ó¤Uµ¹¥I,¤@¯ë,Á`¶q¶i¦ì,¾AÀ³¯g:ª`·N¤O¯Ê·l¡A¹L°Ê¯g,,Indication:Attention deficit hyperactivity disorder(ADHD),,¥~ Æ[:¶À¦â/¥Õ¦â½¦Ån¡A¤W¦³APO¡A AM18¼Ð°O.,Appearance:Yellow/white capsule with APO¡A AM18 marked.,äú¤ß¡A ¹Ã¦R¡A ¯h­Â¡A ­¹¼¤´î°h¡A ¸¡µh,Nausea¡A vomiting¡A fatigue¡A decreased appetite¡A abdominal pain,,¥u¥Î©óªù¶E,¦w«O«ä©w½¦Ån18²@§J,apo-Atomoxetine 18mg,,,§_,§_,½Ã±Ð³æ¥|,¯U¨¤©Ê«C¥ú²´ªº¯f±w¤£«ØÄ³¨Ï¥Î,,Not recommended for patients with narrow angle glaucoma,,¤£À³¥´¶}ÃÄª«½¦Ån¶·¾ãÁûªA¥Î¡CªAÃÄ´Á¶¡Á×§K¶¼­¹§t©@°Ø¦]ªº¶¼®Æ©Î­¹ª«¡C,Capsules should not be opened.Avoid food or beverages containing caffeine.,2020Q2ÃÄ©e·s¶i,¤@¯ë,¤@¯ë,¯U¨¤©Ê«C¥ú²´ªº¯f±w¤£«ØÄ³¨Ï¥Î,SA/­¹ «÷­µ/­¹ª«,,0,0,§_,1.0,,§_,¬O,§_,³æ¤è,§_,¥i¥Î,¥i¥Î,¤£¥i¿i,¬O,,1.00,1.00,1.00,1.00,999,999,28,1,1.00,1.00,0,0,,¦³¹Ï¤ù,,0,,0,,N06BA09,,,,,0,,0,,CAP,,°·«Oµ¹¥I,°·«Oµ¹¥I,ATOMOXETINE,N06BA09,BC26195100,§_,SolidDrugForm,ORCAP,,,0,,0,,,,PH047,202402140412,50.00,65.00
OATO,19960101,99999999,°±¥Î,Atock 40 mcg,Atock 40 mcg,Formoterol,PO,,ERSP,RE-01-00,¤fªA,TAB,Atock,«D²Õ®M,°±¥Î,,¤@¯ë¥i¥Î,¬O,¥i¥ÎÃÄ¥]¾÷,,¤@¯ë,Á`¶q¶i¦ì,¾AÀ³¯g:¬°¤ä®ðºÞÂX±i¾¯,,Indication:Alleviation of various symptoms,,,,,,,,,Atock 40 mcg,,,§_,¬O,,,,,,,,,¤@¯ë,¤@¯ë,,,,,,§_,1.0,,§_,§_,§_,³æ¤è,§_,¥i¥Î,¥i¥Î,¥i¿i,¬O,,1.00,1.00,999.00,999.00,999,999,1,1,0,0,0,0,,µL¹Ï¤ù,,0,,0,,,,,,,,,,,TAB,§_,°·«Oµ¹¥I,°·«Oµ¹¥I,FORMOTEROL,R03CC,B019931100,§_,SolidDrugForm,ORTAB,,,,,,,,,PH047,202303141723,7.00,9.00
OATOZ,20220921,99999999,¥i¥Î,Atozet 10/20mg,Atozet 10/20mg,Ezetimibe + Atorvastatin,PO,QD,CAVS,CV-12-00,¤fªA,TAB,,«D²Õ®M,,,¤@¯ë¥i¥Î,¬O,¤£¥i¥ÎÃÄ¥]¾÷,±ø¥ó¤Uµ¹¥I,¤@¯ë,Á`¶q¶i¦ì,¾AÀ³¯g:­°¦å¯×ÃÄª«,,Indication:Treatment of hyperlipidemia,,¥~ Æ[:¥Õ¦â¾ò¶ê§Î¿õ¾¯¡A¤@­±¦³333,Appearance:White round tablet¡A with 333 marked.,µÈ®ð¡A ¦Ùµh¡A ÀYµh¡A ¸¡µh¡A ¸¡Âm¡A ¯h­Â,Flatulence¡A myalgia¡A headache¡A abdominal pain¡A diarrhea¡A fatigue,,¬Ò¥i¥Î,Àu®õ¯×½¤¦ç¿õ10/20 ²@§J,Atozet 10/20mg,,,,,,­Y¦³¤£©ú­ì¦]ªº¦Ù¦×µh¡A Ä²µh©ÎµL¤O¡A ¥B¨Ö¦³µo¿N®É¡A ½Ð¥ß¨è¦^¶E,¦³¨Ï¥ÎHIV§Ü¯f¬r¥ÎÃÄ½Ð¥D°Ê§iª¾Âå®v,Notify your doctor if you have any unexplained muscle pain or tenderness.,Tell your doctor you are taking this medicine If medicine for HIV is needed.,ªAÃÄ´Á¶¡Á×§K­¹¥Î¸²µå¬c¥Ä»P¬õÄT²£«~.¥»ÃÄ»Ý¾ãÁû§]ªA.,Avoid grapefruit juice and red yeast rice. Swallow the whole tablet.,2022Q3ÃÄ©e·s¶i,¤@¯ë,¤@¯ë,Äµ »y:­Y¦³¤£©ú­ì¦]ªº¦Ù¦×µh¡BÄ²µh©ÎµL¤O¡A¥B¨Ö¦³µo¿N®É¡A½Ð¥ß¨è¦^¶E,­¹ ­¹ª«¥æ¤¬,,0,0,§_,1.0,,§_,¬O,§_,½Æ¤è,§_,¥i¥Î,¥i¥Î,¤£¥i¿i,¬O,,1.00,1.00,2.00,2.00,999,999,28,28,2.00,2.00,0,0,,¦³¹Ï¤ù,,0,,0,,C10BA05,C10AA05,C10AX09,,,0,,0,,TAB,,°·«Oµ¹¥I,°·«Oµ¹¥I,ATORVASTATIN 20 MG + EZETIMIBE 10 MG,C10BA05,BC27283100,§_,SolidDrugForm,ORTAB,,,0,,0,,,,PH047,202309111209,16.70,22.00
OATR,20020131,99999999,°±¥Î,Atropine 1mg (Tromine),Atropine 1mg (Tromine),Atropine,PO,,ALIM,GI-05-00,¤fªA,TAB,Atropine,«D²Õ®M,°±¥Î¡A¥i¬dÃþ¦üÃÄ,,¤w°±¥Î,¬O,¤£¥i¥ÎÃÄ¥]¾÷,¥i¥Î,¤@¯ë,Á`¶q¶i¦ì,¾AÀ³¯g:­Gµh¡B«ÕªùµjÅË©Î¤ß«ß¤£¾ãµ¥¯gª¬,,Indication:Gastric hyperacidity¡A gastralgia¡A abdominal pain,,¥~ Æ[:¥Õ¦â¶ê§Î¿õ¾¯¡A¤@­±¤¤¶¡¦³¨è²ª,,,,,¬Ò¥i¥Î,ªü¦«¥­,Atropine 1mg (Tromine),,,§_,¬O,,,,,,,,,¤@¯ë,¤@¯ë,,,,,,§_,1.0,,§_,§_,§_,³æ¤è,§_,¥i¥Î,¥i¥Î,¥i¿i,¬O,,1.00,1.00,99.00,99.00,99,99,1,1,0,0,0,0,,µL¹Ï¤ù,,0,,0,,,,,,,,,,,TAB,§_,°·«Oµ¹¥I,°·«Oµ¹¥I,ATROPINE,A03BB02,N003660100,§_,SolidDrugForm,ORTAB,,,,,,,,,PH047,202303141723,0.18,2.00
OAUG,19960101,99999999,°±¥Î,Augmentin 375mg,Augmentin 375mg,Amoxicillin + Clavulanic Acid,PO,,QANB,AI-01-01,¤fªA,TAB,Augmentin,«D²Õ®M,°±¥Î,OAUG1,¤@¯ë¥i¥Î,¬O,¤£¥i¥ÎÃÄ¥]¾÷,±ø¥ó¤Uµ¹¥I,¤@¯ë,Á`¶q¶i¦ì,¾AÀ³¯g:²Óµß©Ê·P¬V,,Indication:Antibiotic for infection.,,¥~ Æ[:¥Õ¦â¾ò¶ê§Î¿õ¾¯,,,,,,¦w·Àµß¿õ,Augmentin 375mg,,,§_,¬O,,,,,,,,,¤@¯ë,¤@¯ë,Äµ »y:ªA¥Î¥»ÃÄ­Y¤Þ°_§¿²GÅÜ¦â¡A¬O¦]ÃÄ«~¥NÁÂ©Ò³y¦¨,,,,,§_,1.0,,§_,§_,§_,³æ¤è,§_,°±¥Î,¥i¥Î,¥i¿i,¬O,,1.00,1.00,2.00,2.00,10,10,1,1,0,0,0,0,,µL¹Ï¤ù,,0,,0,,J01CR02,J01CA04,,,,,,,,TAB,§_,°·«Oµ¹¥I,°·«Oµ¹¥I,AMOXICILLIN 250MG + CLAVULANIC ACID 125MG,J01CR02,B018155100,§_,SolidDrugForm,ORTAB,,,,,,,,,PH047,202401261335,20.10,25.00
OAUG1,20040401,99999999,¥i¥Î,AUGMENTIN 1gm,Augmentin 1gm,Amoxicillin + Clavulanic Acid,WM,Q12H,QANB,AI-01-01,¤fªA,TAB,Augmentin,«D²Õ®M,°±¥Î,OCUR,¤@¯ë¥i¥Î,¬O,¤£¥i¥ÎÃÄ¥]¾÷,¥i¥Î,¤@¯ë,Á`¶q¶i¦ì,¾AÀ³¯g:²Óµß©Ê·P¬V,,Indication:Antibiotic for infection.,,¥~ Æ[:¥Õ¦â¾ò¶ê§Î¿õ¾¯¡A¤@­±¦³¤¤¥¡¨è²ª¥[AC¡A¤@­±¦³AC,Appearance:White elliptic tablet,»´·L¸¡Âm¡A ÀYµh¡A ­Gµh¡A ¸¡µÈ ¡A ´HÅ¸,Diarrhea (mild)¡A hedache¡A stomach pain¡A swelling of abdomen¡A chills.,,¬Ò¥i¥Î,¦w·Àµß¿õ,Augmentin,,,§_,¬O,,½Ð¿í«ü¥ÜªA§¹¾ã­ÓÀøµ{¡A ­Yµo¥Í¥ÎÃÄ¤£¨}¤ÏÀ³½Ð§iª¾Âå¥Í,,Follow doctor's advice. Check with doctor if you notice any side effects.,,,,,¤@¯ë,¤@¯ë,Äµ »y:½Ð¿í«ü¥ÜªA§¹¾ã­ÓÀøµ{¡A­Yµo¥Í¥ÎÃÄ¤£¨}¤ÏÀ³½Ð§iª¾Âå¥Í¡C,,,,,§_,1.0,,¬O,§_,§_,½Æ¤è,§_,°±¥Î,°±¥Î,¥i¿i,¬O,,1.00,1.00,2.00,2.00,14,7,7,7,4.00,4.00,0.09,0.05,,¦³¹Ï¤ù,,0,,0,,J01CR02,J01CA04,,,,1.00,g,1.00,g,TAB,,°·«Oµ¹¥I,°·«Oµ¹¥I,AMOXICILLIN 875MG + CLAVULANIC ACID 125MG,J01CR02,BC22612100,§_,SolidDrugForm,ORTAB,,,,,,,,,PH047,202402140701,7.50,11.00
OAUR,19960101,99999999,°±¥Î,Aurorix 150mg,Aurorix 150mg,Moclobemide,PO,,CNEU,CN-02-06,¤fªA,TAB,Aurorix,«D²Õ®M,°±¥Î¡A¥i¬dÃþ¦üÃÄ,,­­¥æ¥I½Õ¾¯,¬O,¤£¥i¥ÎÃÄ¥]¾÷,,¤£¦LÃÄÅÒ,Á`¶q¶i¦ì,¾AÀ³¯g:¬°§Ü¼~Æ{¾¯¡A½w¸ÑªÀ¥æ¬ÈÄß,,Indication:Treatment of depression.,,¥~ Æ[:²L¶À¦â¾ò¶ê§Î¿õ¾¯,,,,,¥u¥Î©óªù¶E,¼ÚÁ¢«ä¿õ,Aurorix 150mg,,­­ªù¶E¥æ¥I½Õ¾¯¥Î,§_,¬O,,,,,,,,2016¦~²Ä¤G¦¸ÃÄ©e¨MÄ³ °±¤î¥æ¥I½Õ¾¯¡C,¤@¯ë,¤@¯ë,Äµ»y¡G¤Å¶¼°s©M©@°Ø¦]¶¼®Æ¡A¥H¤Î´I§t¹TÓi­¹ª«,,,,,§_,1.0,,¬O,§_,§_,³æ¤è,§_,¥i¥Î,¥i¥Î,¥i¿i,¬O,,1.00,0,4.00,0,999,0,1,0,4.00,0,0,0,,µL¹Ï¤ù,,0,,0,,N06AG02,,,,,,,,,TAB,§_,°·«Oµ¹¥I,°·«Oµ¹¥I,MOCLOBEMIDE,N06AG02,B019040100,§_,SolidDrugForm,ORTAB,,,,,,,,,PH047,202303141723,11.00,14.00
OAVA,20020228,99999999,°±¥Î,Avandia F.C. 4mg,Avandia F.C. 4mg,Rosiglitazone,PO,,META,ME-02-05,¤fªA,TAB,Avandia,«D²Õ®M,°±¥Î¡A¥i¬dÃþ¦üÃÄ,,¤@¯ë¥i¥Î,¬O,¤£¥i¥ÎÃÄ¥]¾÷,¥i¥Î,¤@¯ë,Á`¶q¶i¦ì,¾AÀ³¯g:²Ä¤G«¬¿}§¿¯f,,Indication:Treatment of type 2 diabetes,,¥~ Æ[:²H¬õ¦â¤­Ãä§Î¿õ¾¯,Appearance:Light red pentagon tablet,,,,¬Ò¥i¥Î,±ë«Ò¶®¿õ,Avandia F.C. 4mg,,,§_,¬O,,,,,,,,,¤@¯ë,¤@¯ë,Äµ »y:ªø´Á§ë»PÀ³¯d·N¨x¥\¯àÅÜ¤Æ¡A­YÅé­«ÆJ¼W©Î¤ô¸~À³½Ð±ÐÂå®v,,,,,§_,1.0,,§_,§_,§_,³æ¤è,§_,¥i¥Î,¥i¥Î,¥i¿i,¬O,,1.00,1.00,2.00,2.00,99,99,1,1,0,0,0,0,,¦³¹Ï¤ù,,0,,0,,,,,,,,,,,TAB,§_,°·«Oµ¹¥I,°·«Oµ¹¥I,ROSIGLITAZONE,A10BG02,B024780100,§_,SolidDrugForm,ORTAB,,,,,,,,,PH047,202303141723,33.40,42.00
OAVA2,20070118,99999999,°±¥Î,AvandaMet 2mg/500mg,Avandamet 2mg/500mg,Rosiglitazone + Metformin,WM,,META,ME-02-09,¤fªA,TAB,Avandamet,«D²Õ®M,°±¥Î¡A¥i¬dÃþ¦üÃÄ,,¤w°±¥Î,¬O,¤£¥i¥ÎÃÄ¥]¾÷,¥i¥Î,¤@¯ë,Á`¶q¶i¦ì,¾AÀ³¯g:²Ä¤G«¬¿}§¿¯f,,Indication:Treatment of type 2 diabetes,,¥~ Æ[:¤@­±¦Lgsk¡A ¤@­±¦L 2/500,Appearance:Pink elliptic tablet,¤ô¸~¡B³h¦å¡B¸z­G¯gª¬,Edema¡A anemia¡A GI symptoms,,¬Ò¥i¥Î,±ë«Ò¬ü½¤¦ç¿õ,Avandamet 2mg/500mg,,,§_,¬O,,,,,,³Æµù¡G¤£«ØÄ³¥Î©ó¦³¤ß°IºÜ©Î«æ©Ê«aª¬°Ê¯ß¯f¯g±wªÌ¨Ï¥Î,Not recommended in patients with symptomatic heart failure or experiencing acute,,¤@¯ë,¤@¯ë,Äµ »y:ªø´Á§ë»PÀ³¯d·N¨x¥\¯àÅÜ¤Æ¡A­YÅé­«ÆJ¼W©Î¤ô¸~À³½Ð±ÐÂå®v,,,,,§_,1.0,,§_,§_,§_,½Æ¤è,§_,°±¥Î,¥i¥Î,¤£¥i¿i,¬O,,1.00,1.00,8.00,8.00,60,30,1,1,0,0,0,0,,¦³¹Ï¤ù,,0,,0,,,,,,,,,,,TAB,,°·«Oµ¹¥I,°·«Oµ¹¥I,ROSIGLITAZONE 2MG + METFORMIN 500MG,A10BD03,B024459100,§_,SolidDrugForm,ORTAB,,,,,,,,,PH047,202303141723,17.20,22.00
OAVE,20211215,99999999,¥i¥Î,Avelox 400mg,Avelox 400mg,Moxifloxacin,PO,QD,QANB,AI-01-08,¤fªA,TAB,Avelox,«D²Õ®M,,,¤@¯ë¥i¥Î,¬O,¤£¥i¥ÎÃÄ¥]¾÷,±ø¥ó¤Uµ¹¥I,¤@¯ë,Á`¶q¶i¦ì,¾AÀ³¯g:²Óµß©Ê·P¬V,,Indication:Antibiotic for infection.,,¥~ Æ[:²H¬õ¦âªø¶ê¬W§Î¿õ¾¯¡A ¦³BAYER/M400¨è²ª,Appearance:Light red tablet¡A with BAYER/M400 marked.,äú¤ß¡A¹Ã¦R¡A¸¡Âm¡AÀYµh¡A·w¯t,Nausea¡A vomiting¡A diarrhea¡A headache¡A dizziness,,¬Ò¥i¥Î,«Â¬¥³t½¤¦ç¿õ400²@§J,Avelox 400mg,,,,§_,,¤Å»PÅKÆQ¡B¶t¤ù¡B¨î»Ä¾¯¡B§t©@°Ø¦]¤Î¨Å»s«~ªº­¹ª«¨ÖªA,­«¯g¦ÙµL¤O±wªÌ¤£«ØÄ³¨Ï¥Î,Avoid taking with Ferrous¡A Calcium or caffeine and dairy foods.,It is not recommended for patients with myasthenia gravis,­Y¥Î©óG6PD¯Ê¥¢±wªÌ¡AÀ³¯S§OºÊ´ú¥i¯à¥X²{·»¦å¡C,Hemolytic reactions may occur in G6PD deficiency patients.,2021Q4ÃÄ©e·s¶i,¤@¯ë,¤@¯ë,Äµ »y:½Ð¤Å©MÅKÆQ©Î¨î»Ä¾¯¤@°_ªA¥Î¡C,,¤fªAÃÄ,0,0,§_,1.0,,§_,¬O,§_,³æ¤è,,°±¥Î,,¤£¥i¿i,¬O,,1.00,1.00,2.00,2.00,14,14,7,7,2.00,2.00,0,0,,¦³¹Ï¤ù,,0,,0,,J01MA14,,,,,0,,0,,TAB,,°·«Oµ¹¥I,°·«Oµ¹¥I,MOXIFLOXACIN,J01MA14,BC23223100,,SolidDrugForm,ORTAB,,,0,,0,,,,PH006,202308101247,72.00,90.00
OAVE4,20091026,99999999,°±¥Î,Avelox 400mg (¬F©²´£¨Ñ),Avelox 400mg (¬F©²´£¨Ñ),Moxifloxacin,PO,HS,QANB,AI-01-08,¤fªA,TAB,Avelox,«D²Õ®M,°±¥Î,,¤w°±¥Î,¬O,¤£¥i¥ÎÃÄ¥]¾÷,°·«O¤£µ¹¥I,¤@¯ë,Á`¶q¶i¦ì,¾AÀ³¯g:²Óµß©Ê·P¬V,,Indication:Antibiotic for infection.,,¥~ Æ[:²H¯»¬õ¦âªø¾ò¶ê§Î¿õ¡A¤@­±¦³"BAYER"¡A¤@­±¦³"M400"¦r¼Ë,,,,,¬Ò¥i¥Î,«Â¬¥³t,Avelox 400mg (¬F©²´£¨Ñ),,,§_,¬O,,,,,,,,,¤@¯ë,¤@¯ë,Äµ »y:­Y¥X²{²§±`ªº¦Ù¸x¯kµh©Î¤ßÅ¦¤£µÎªA¡A½Ð°±ÃÄ¦^¶E,,,,,§_,1.0,,§_,§_,§_,³æ¤è,§_,°±¥Î,¥i¥Î,¤£¥i¿i,¬O,,1.00,1.00,1.00,1.00,30,30,1,1,0,0,0,0,,¦³¹Ï¤ù,,0,,0,,,,,,,,,,,TAB,§_,°·«O¤£¥Ó³ø¤£­p»ù,°·«O¤£¥Ó³ø¤£­p»ù,,,,§_,SolidDrugForm,ORTAB,,,,,,,,,PH047,202401261228,0,0
OAVO,20081229,99999999,°±¥Î,Avodart 0.5mg,Avodart 0.5mg,Dutasteride,PO,QD,SGU,UR-04-00,¤fªA,CAP,Avodart,«D²Õ®M,°±¥Î,,¤@¯ë¥i¥Î,¬O,¤£¥i¥ÎÃÄ¥]¾÷,¥i¥Î,¤@¯ë,Á`¶q¶i¦ì,¾AÀ³¯g: ÄáÅ@¸¢ªÎ¤j,,Indication:Treatment of symptomatic BPH in men,,¥~ Æ[:·t¶À¦âªø¾ò¶ê§Î³n½¦Ån¡A ¦L¦³GX CE2,Appearance:Dark yellow elliptic soft capsule,¼vÅT©Ê¥\¯à¡A ©Ê¼¤¡A ¨k©Ê¤k¨Å¯g,Impotence¡A decreased libido¡A ejaculation disorder¡A gynecomastia.,,¬Ò¥i¥Î,¾A§¿³q³n½¦Ån,Avodart 0.5mg,,,§_,§_,,¥»«~½Ð¤Å¥Î©ó¤k©Ê¤Î¨àµ£,,Do not administer to women or children.,,,,2014¦~²Ä¤G¦¸ÃÄ©e·|¨MÄ³§R°£,¤@¯ë,¤@¯ë,Äµ »y:¥»«~½Ð¤Å¥Î©ó¤k©Ê¤Î¨àµ£,,,,,§_,1.0,,§_,§_,§_,³æ¤è,§_,¥i¥Î,¥i¥Î,¤£¥i¿i,¬O,,1.00,1.00,1.00,1.00,999,999,1,1,2.00,2.00,0,0,,¦³¹Ï¤ù,,0,,0,,G04CB02,,,,,,,,,CAP,,°·«Oµ¹¥I,°·«Oµ¹¥I,DUTASTERIDE,G04CB02,BC23952100,§_,SolidDrugForm,ORCAP,,,,,,,,,PH047,202303141723,15.50,20.00
OAZI,20200121,99999999,¥i¥Î,Aziciin 250mg,Aziciin 250mg,Azithromycin,PO,QD,QANB,AI-01-06,¤fªA,TAB,Zithromax,«D²Õ®M,,OZIT,¤@¯ë¥i¥Î,¬O,¤£¥i¥ÎÃÄ¥]¾÷,±ø¥ó¤Uµ¹¥I,¤@¯ë,Á`¶q¶i¦ì,¾AÀ³¯g:²Óµß©Ê·P¬V,,Indication:Antibiotic for infection,,¥~ Æ[:¥Õ¦âªø¾ò¶ê¬W§Î¿õ¾¯¡A ¤@­±¦LCCP¡A ¤@­±¦L226,Appearance:White elliptic tablet marked CCP/226,äú¤ß¡A ¸¡³¡¤£¾A¡A ¹Ã¦R¡A µÈ®ð¡A ¸¡Âm¡A ¤ô«K,Nausea¡A abdominal discomfort¡A vomiting¡A flatulence¡A diarrhea & loose stools.,,¬Ò¥i¥Î,ËÈµÎªä¨È½¤¦ç¿õ250²@§J,Aziciin 250mg,,,,¬O,,½Ð¿í«ü¥ÜªA§¹¾ã­ÓÀøµ{¡A ­Yµo¥Í¥ÎÃÄ¤£¨}¤ÏÀ³½Ð§iª¾Âå¥Í,,Follow doctor's advice. Check with doctor if you notice any side effects.,,ª`·N¨Æ¶µ:¤£À³¾Õ¦Û°±ÃÄ¡A ¦p¥X²{¤ß±ª¡B¯Ýµhµ¥¤£¾A¯gª¬¡A ½Ð¦^¶E­ì³B¤èÂå®v,Cautions: Call your doctor if you feel chest pain or a fast heartbeat.,2020.01 Zithromax¯Ê³f´À¥N; 202303 [OZIT]¯Ê³f´À¥N,¤@¯ë,¤@¯ë,Äµ »y:½Ð¿í«ü¥ÜªA§¹¾ã­ÓÀøµ{¡A­Yµo¥Í¥ÎÃÄ¤£¨}¤ÏÀ³½Ð§iª¾Âå¥Í¡C,,,0,0,§_,1.0,,§_,¬O,§_,³æ¤è,§_,°±¥Î,°±¥Î,¤£¥i¿i,¬O,,2.00,2.00,4.00,4.00,3,5,3,1,8.00,8.00,0.05,0.05,,¦³¹Ï¤ù,,0,,0,,J01FA10,,,,,0.25,g,0.30,g,TAB,§_,°·«Oµ¹¥I,°·«Oµ¹¥I,AZITHROMYCIN,J01FA10,AC58949100,,SolidDrugForm,ORTAB,,,0,,0,,,,PH047,202402140421,17.50,23.00
OAZO,20040516,99999999,°±¥Î,Azol 250mg,Azol 250mg,Acetazolamide,PO,,CAVS,UR-04-00,¤fªA,TAB,Diamox,«D²Õ®M,°±¥Î,,¤@¯ë¥i¥Î,¬O,¥i¥ÎÃÄ¥]¾÷,¥i¥Î,¤@¯ë,Á`¶q¶i¦ì,¾AÀ³¯g:«C¥ú²´¡B¯B¸~µ¥¯gª¬,,Indication:Edema¡A open angle glaucoma.,,,,,,,¬Ò¥i¥Î,,Azol 250mg,,,§_,¬O,,,,,,,,,¤@¯ë,¤@¯ë,Äµ »y:¥i¯à·|¼W¥[±j¤ßÃÄ(¦p Digoxin)ªº¬r©Ê¡A­Y¨Ö¥Î®É»Ý¯S§O¯d·N,,,,,§_,1.0,,§_,§_,§_,³æ¤è,§_,¥i¥Î,¥i¥Î,¥i¿i,¬O,,1.00,1.00,999.00,999.00,999,999,1,1,0,0,0,0,,µL¹Ï¤ù,,0,,0,,,,,,,,,,,,,,,,,,§_,SolidDrugForm,ORTAB,,,,,,,,,PH047,202303141723,0,0
OBAC5,20080101,99999999,¥i¥Î,Baclospas 5mg,Baclospas 5mg,Baclofen,PC,TID,CNEU,CN-03-02,¤fªA,TAB,Baclofen,«D²Õ®M,,,¤@¯ë¥i¥Î,¬O,¥i¥ÎÃÄ¥]¾÷,¥i¥Î,¤@¯ë,Á`¶q¶i¦ì,¾AÀ³¯g: ¦]¯e¯f©Î·l¶Ë¤Þ°_ªº¦Ù¦×µjÅË,,Indication:Treatment of painful spasticity.,,¥~ Æ[:¥Õ¦â¶ê«ó§Î¿õ¾¯¡A ¤@­±¦LEX 5,Appearance:White round tablet,·NÃÑ²V²c¡A ÀY·w¡A ¶ÝºÎ¡A äú¤ß¡A ¦Ù¦×µL¤O,Confusion; dizzy; sleepy; nausea; muscle weakness,,¬Ò¥i¥Î,¾X§JÄn¿õ,Baclospas,,,¬O,¬O,,³¡¤À¤H¨Ï¥Î«á¥i¯à¤Þ°_¯h­Â¡A µtºÎªº²{¶H,,May cause fatigue¡A sleepiness.,,,,,¤@¯ë,¤@¯ë,Äµ »y:³¡¤À¤H¨Ï¥Î«á¥i¯à¤Þ°_¯h­Â¡BµtºÎªº²{¶H,,,,,§_,1.0,,§_,¬O,§_,³æ¤è,§_,¥i¥Î,¥i¥Î,¥i¿i,¬O,,1.00,1.00,6.00,6.00,999,999,1,1,16.00,16.00,0,0,,¦³¹Ï¤ù,,0,,0,,M03BX01,,,,,,,,,TAB,,°·«Oµ¹¥I,°·«Oµ¹¥I,BACLOFEN,M03BX01,AC45591100,§_,SolidDrugForm,ORTAB,,,,,,,,,PH047,202402140424,1.50,3.00
OBACC,19960101,99999999,°±¥Î,Baccidal 100mg,Baccidal 100mg,Norfloxacin,PO,,QANB,AI-01-08,¤fªA,TAB,Baccidal,«D²Õ®M,°±¥Î,,¤@¯ë¥i¥Î,¬O,¥i¥ÎÃÄ¥]¾÷,,¤@¯ë,Á`¶q¶i¦ì,¾AÀ³¯g:²Óµß©Ê·P¬V,,Indication:Antibiotic for infection.,,,,,,,,,Baccidal 100mg,,,§_,¬O,,,,,,,,,¤@¯ë,¤@¯ë,Äµ »y:½Ð¿í«ü¥ÜªA§¹¾ã­ÓÀøµ{¡A­Yµo¥Í¥ÎÃÄ¤£¨}¤ÏÀ³½Ð§iª¾Âå¥Í¡C,,,,,§_,1.0,,§_,§_,§_,³æ¤è,§_,¥i¥Î,¥i¥Î,¥i¿i,¬O,,1.00,1.00,4.00,4.00,14,14,1,1,0,0,0,0,,µL¹Ï¤ù,,0,,0,,J01MA06,,,,,,,,,TAB,§_,°·«Oµ¹¥I,°·«Oµ¹¥I,NORFLOXACIN,J01MA06,A029510100,§_,SolidDrugForm,ORTAB,,,,,,,,,PH047,202401261330,7.60,10.00
OBACL,19960101,99999999,°±¥Î,Baclon 10mg,Baclon 10mg,Baclofen,PO,,CNEU,CN-03-02,¤fªA,TAB,Baclofen,«D²Õ®M,°±¥Î,OBAC5,¤@¯ë¥i¥Î,¬O,¤£¥i¥ÎÃÄ¥]¾÷,,¤@¯ë,Á`¶q¶i¦ì,¾AÀ³¯g:¬°¦Ù¦×ÃP¦¢¾¯,,Indication:Muscle relaxants,,¥~ Æ[:¥Õ¦â¶ê«ó§Î¿õ¾¯,,,,,,¨©¶©ªâ¿õ,Baclon 10mg,,,§_,¬O,,,,,,,,,¤@¯ë,¤@¯ë,Äµ »y:³¡¤À¤H¨Ï¥Î«á¥i¯à¤Þ°_¯h­Â¡BµtºÎªº²{¶H,,,,,§_,1.0,,§_,§_,§_,³æ¤è,§_,°±¥Î,¥i¥Î,¥i¿i,¬O,,1.00,1.00,8.00,8.00,999,999,1,1,0,0,0,0,,µL¹Ï¤ù,,0,,0,,,,,,,,,,,TAB,§_,°·«Oµ¹¥I,°·«Oµ¹¥I,BACLOFEN,M03BX01,B019346100,§_,SolidDrugForm,ORTAB,,,,,,,,,PH047,202303141724,2.62,4.00
OBAE,19960101,99999999,°±¥Î,Baesukang 500mcg,Baesukang 500mcg,Methylcobalamin,PO,BID,CNEU,CN-03-11,¤fªA,CAP,Vitamin B12,«D²Õ®M,°±¥Î,OMAI,¤@¯ë¥i¥Î,¬O,¥i¥ÎÃÄ¥]¾÷,,¤@¯ë,Á`¶q¶i¦ì,¾AÀ³¯g:¥½µy©Ê¯«¸g»ÙÃª,,Indication:Treatment of peripheral neuropathy,,¥~ Æ[:·t¬õ»P²L¯»¦â½¦Ån,Appearance:Dark red and Light pink capsule,¸z­G¾÷¯à»ÙÃª¡A ­¹¼¤´î°h¡A äú¤ß¡A ¸¡Âm,GI dysfunction¡A loss of appetite¡A nausea¡A diarrhea,,,¦ÊµÎ±d,Baesukang,,,§_,¬O,,½Ð¿í·ÓÂå®v«ü¥Ü¨Ï¥Î¡A ­Yµo¥ÍºÃ¦üÃÄª«¤£¨}¤ÏÀ³½Ð§iª¾Âå¥Í,,Follow doctor's advice. Check with doctor if you notice any side effects.,,³Æµù: »Paspirin¨Ö¥Î·|´î¤ÖÃÄª«§l¦¬,Decreased GI tract absorption with aspirin.,,¤@¯ë,¤@¯ë,Äµ »y:½Ð¿í·ÓÂå®v«ü¥Ü¨Ï¥Î¡A­Yµo¥ÍºÃ¦üÃÄª«¤£¨}¤ÏÀ³½Ð§iª¾Âå¥Í¡C,,,,,§_,1.0,,§_,§_,§_,³æ¤è,§_,¥i¥Î,¥i¥Î,¥i¿i,¬O,,1.00,1.00,2.00,2.00,999,999,1,1,8.00,8.00,0,0,,¦³¹Ï¤ù,,0,,0,,B03BA05,,,,,,,,,CAP,§_,°·«Oµ¹¥I,°·«Oµ¹¥I,VITAMIN B12 (=MECOBALAMIN),B03BA05,AC29759100,§_,SolidDrugForm,ORCAP,,,,,,,,,PH047,202303141724,1.55,3.00
OBAK,19960101,99999999,°±¥Î,Baktar(Trimerin) 400 / 80,Baktar(Trimerin) 400 / 80,Sulfamethoxazole + Trimethoprim,PO,,QANB,AI-01-09,¤fªA,TAB,Bactrim,«D²Õ®M,°±¥Î,OCHE,¤@¯ë¥i¥Î,¬O,¤£¥i¥ÎÃÄ¥]¾÷,,¤@¯ë,Á`¶q¶i¦ì,¾AÀ³¯g:²Óµß©Ê·P¬V¡AÄÝÁDÓiÃþÃÄª«,,Indication:Antibiotic for infection.,,¥~ Æ[:¥Õ¦âªø¶ê¬W§Î¿õ¾¯,,,,,,®õ§Q¬ü¹ç¿õ,Baktar(Trimerin) 400 / 80,,,§_,¬O,,,,,,,,,¤@¯ë,¤@¯ë,Äµ »y:ªAÃÄ´Á¶¡½Ð¦h¸É¥R¤ô¤À¡A¨Ã¨Ì«ü¥ÜªA§¹¾ã­ÓÀøµ{,,,,,§_,1.0,,§_,§_,§_,³æ¤è,§_,°±¥Î,¥i¥Î,¥i¿i,¬O,,1.00,1.00,4.00,4.00,28,28,1,1,0,0,0,0,,µL¹Ï¤ù,,0,,0,,J01EE01,,,,,,,,,TAB,§_,°·«Oµ¹¥I,°·«Oµ¹¥I,SULFAMETHOXAZOLE 400MG + TRIMETHOPRIM 80MG,J01EE01,A032535100,§_,SolidDrugForm,ORTAB,,,,,,,,,PH047,202401261331,1.00,2.00
OBAL,19960101,99999999,°±¥Î,Baluna 350mg,Baluna 350mg,NaAl(OH)2CO3,PO,,ALIM,GI-01-01,¤fªA,TAB,Baluna,«D²Õ®M,°±¥Î¡A¥i¬dÃþ¦üÃÄ,,¤@¯ë¥i¥Î,¬O,¤£¥i¥ÎÃÄ¥]¾÷,,¤@¯ë,Á`¶q¶i¦ì,¾AÀ³¯g:¬°­GÃÄ,,Indication:Antacid,,¥~ Æ[:¥Õ¦â¶ê«ó§Î¿õ¾¯,,,,,¥u¥Î©óªù¶E¤Î¦í°|STAT,ªv¦¼­G¿õ,Baluna 350mg,,,§_,¬O,,,,,,,,,¤@¯ë,¤@¯ë,Äµ »y:¥»«~¥iÄZ¸H«á§]ªA,,,,,§_,1.0,,§_,§_,§_,³æ¤è,§_,¥i¥Î,¥i¥Î,¥i¿i,¬O,,1.00,1.00,2.00,2.00,999,999,1,1,0,0,0,0,,µL¹Ï¤ù,,0,,0,,,,,,,,,,,TAB,§_,°·«Oµ¹¥I,°·«Oµ¹¥I,DIHYDROXYALUMINUM SODIUM CARBONATE,A02AB04,A027477100,§_,SolidDrugForm,ORTAB,,,,,,,,,PH047,202303141724,2.19,3.00
OBAM,19960101,99999999,°±¥Î,Bambec 10mg,Bambec 10mg,Bambuterol,PO,HS,ERSP,RE-01-00,¤fªA,TAB,Bambec,«D²Õ®M,°±¥Î,,¤@¯ë¥i¥Î,¬O,¥i¥ÎÃÄ¥]¾÷,,¤@¯ë,Á`¶q¶i¦ì,¾AÀ³¯g:¹w¨¾¤ÎªvÀø¤ä®ðºÞµjÅË,,Indication:Treatment of bronchial asthma¡A chronic bronchitis,,¥~ Æ[:¥Õ¦âªø¬W§Î¿õ¾¯(A / BM)¦L°O,Appearance:White elliptic tablet,§¤¥ß¤£¦w¡A ¯«¸g½è¡A Å¸§Ý¡A ¤ß¸õ¥[§Ö¡A Áy¼é¬õ,Restlessness; nervousness; tremors,,,À°ªÍ§J¿õ,Bambec 10mg,,,§_,¬O,,¿}§¿¯f±wªìªA¥»ÃÄ®É¡A À³ª`·N¦å¿}±±¨î,,Diabetes patients should monitor blood sugar when starting use this drug.,,,,,¤@¯ë,¤@¯ë,Äµ »y:¿}§¿¯f±wªìªA¥»ÃÄ®É¡AÀ³ª`·N¦å¿}±±¨î,,,,,§_,1.0,,§_,§_,§_,³æ¤è,§_,°±¥Î,¥i¥Î,¥i¿i,¬O,,1.00,1.00,2.00,2.00,999,999,1,1,4.00,4.00,0,0,,¦³¹Ï¤ù,,0,,0,,R03CC12,,,,,,,,,TAB,§_,°·«Oµ¹¥I,°·«Oµ¹¥I,BAMBUTEROL,R03CC12,B020058100,§_,SolidDrugForm,ORTAB,,,,,,,,,PH047,202303141724,4.28,6.00
OBAR,20061127,99999999,¥i¥Î,Baraclude 0.5mg,Baraclude 0.5mg,Entecavir,AC,QDAC,QANB,AI-03-03,¤fªA,TAB,Baraclude,«D²Õ®M,,OBECA,¤@¯ë¥i¥Î,¬O,¤£¥i¥ÎÃÄ¥]¾÷,¥i¥Î,¤@¯ë,Á`¶q¶i¦ì,¾AÀ³¯g:B«¬¨xª¢,,Indication:Chronic hepatitis B virus infection in adults,,¥~ Æ[:¥Õ¦â¤T¨¤§Î¿õ¾¯¡A ¤@­±¦L 1611¡A ¤@­±¦LBMS,Appearance:White triangle tablet,¸¡Âm¡A ®ø¤Æ¤£¨}¡A äú¤ß¹Ã¦R¡A ¯h­Â¡A ÀYµh¡A ·w¯t,Diarrhea¡A dyspepsia¡A nausea¡A vomiting¡A fatigue¡A headache¡A dizziness,,¬Ò¥i¥Î,¨©¼Ö§J½¤¦ç¿õ0.5²@§J,Baraclude,,,§_,¬O,,¥»ÃÄµLªk­°§C¨xª¢¯f¬r¶Ç¬Vµ¹¨ä¥L¤Hªº¾÷·|,,This medicine will not prevent the spread of hepatitis B to another person.,,³Æµù: ¶¡Â_ªvÀø·|³y¦¨B«¬¨xª¢¯gª¬«æ©Ê´c¤Æ,Severe acute exacerbations of hepatitis B if treatment is discontinued.,,¤@¯ë,¤@¯ë,Äµ »y:¥»ÃÄµLªk­°§C¨xª¢¯f¬r¶Ç¬Vµ¹¨ä¥L¤Hªº¾÷·|,SA «÷­µ¬Û¦ü,,,,§_,1.0,,§_,¬O,§_,³æ¤è,§_,¥i¥Î,¥i¥Î,¥i¿i,¬O,,1.00,1.00,2.00,2.00,999,999,1,1,4.00,4.00,0,0,,¦³¹Ï¤ù,,0,,0,,J05AF10,,,,,0.50,mg,0.50,mg,TAB,,°·«Oµ¹¥I,°·«Oµ¹¥I,ENTECAVIR ¤@¯ë¿õ¾¯½¦Ån¾¯,J05AF10,BA24469100,§_,SolidDrugForm,ORTAB,¦M®`¤G¯Å(¡I),,,,,,,,PH047,202402140538,91.00,114.00
OBAR1,20141215,99999999,¥i¥Î,1mg BARACLUDE,1mg BARACLUDE,Entecavir,AC,QDAC,QANB,AI-03-03,¤fªA,TAB,Baraclude,«D²Õ®M,,,¤@¯ë¥i¥Î,¬O,¤£¥i¥ÎÃÄ¥]¾÷,¥i¥Î,¤@¯ë,Á`¶q¶i¦ì,¾AÀ³¯g:B«¬¨xª¢,,Indication:Chronic hepatitis B virus infection in adults,,¥~ Æ[:¯»¬õ¦â¤T¨¤§Î¿õ¾¯¡A ¤@­±¦L 1612¡A ¤@­±¦LBMS,Appearance:Pink color triangle tablet¡A marking: BMS and 1612,¸¡Âm¡A ®ø¤Æ¤£¨}¡A äú¤ß¹Ã¦R¡A ¯h­Â¡A ÀYµh¡A ·w¯t,Diarrhea¡A dyspepsia¡A nausea¡A vomiting¡A fatigue¡A headache¡A dizziness,,¬Ò¥i¥Î,¨©¼Ö§J½¤¦ç¿õ1²@§J,Baraclude 1mg,,,,¬O,,¥»ÃÄµLªk­°§C¨xª¢¯f¬r¶Ç¬Vµ¹¨ä¥L¤Hªº¾÷·|,,This medicine will not prevent the spread of hepatitis B to another person.,,³Æµù: ¶¡Â_ªvÀø·|³y¦¨B«¬¨xª¢¯gª¬«æ©Ê´c¤Æ,Severe acute exacerbations of hepatitis B if treatment is discontinued.,,¤@¯ë,¤@¯ë,Äµ »y:¥»ÃÄµLªk­°§C¨xª¢¯f¬r¶Ç¬Vµ¹¨ä¥L¤Hªº¾÷·|,SA «÷­µ¬Û¦ü,,0,0,§_,1.0,,§_,¬O,§_,³æ¤è,§_,¥i¥Î,¥i¥Î,¥i¿i,¬O,,1.00,1.00,1.00,1.00,200,200,1,1,1.00,1.00,0,0,,¦³¹Ï¤ù,,0,,0,,J05AF10,,,,,1.00,mg,0.50,mg,TAB,,°·«Oµ¹¥I,°·«Oµ¹¥I,ENTECAVIR ¤@¯ë¿õ¾¯½¦Ån¾¯,J05AF10,BA24468100,§_,SolidDrugForm,ORTAB,¦M®`¤G¯Å(¡I),,,,,,,,PH047,202402140537,130.00,144.00
OBAS,20020203,99999999,°±¥Î,Based 5mg,Based 5mg,Methimazole,PO,QDAC,META,ME-04-00,¤fªA,TAB,Tapazole,«D²Õ®M,°±¥Î,OLICA,¤@¯ë¥i¥Î,¬O,¥i¥ÎÃÄ¥]¾÷,¥i¥Î,¤@¯ë,Á`¶q¶i¦ì,¾AÀ³¯g:¥Òª¬¸¢¾÷¯à¤®¶i,,Indication:Antithyroid agent,,¥~ Æ[:¥Õ¦â¶ê«ó§Î¿õ¾¯¡A¤@­±¦L¦³CR050,Appearance:White round tablet,µo¿N¡A ¥Ö½§¬õ¯l©ÎÄo¡A Áû²É©Ê¥Õ¦å²y´î¤Ö¡A ¥Õ¦å²y´î¤Ö,Fever; skin rash or itching;agranulocytosis; leukopenia,,¬Ò¥i¥Î,©Þ¦Û¥­¿õ,Based 5mg,,,§_,¬O,,½Ð¿í·ÓÂå®v«ü¥Ü¨Ï¥Î¡A ­Yµo¥ÍºÃ¦üÃÄª«¤£¨}¤ÏÀ³½Ð§iª¾Âå¥Í,,Follow doctor's advice. Check with doctor if you notice any side effects.,,³Æµù: Ãh¥¥»P±Â¨Å°ü¤k¤£©y¨Ï¥Î,Avoid in pregnancy¡A lactation.,,¤@¯ë,¤@¯ë,Äµ »y:½Ð¿í·ÓÂå®v«ü¥Ü¨Ï¥Î¡A­Yµo¥ÍºÃ¦üÃÄª«¤£¨}¤ÏÀ³½Ð§iª¾Âå¥Í¡C,LA ¥~Æ[¬Û¦ü,,,,§_,1.0,,§_,§_,§_,³æ¤è,§_,°±¥Î,¥i¥Î,¥i¿i,¬O,,1.00,1.00,4.00,4.00,999,999,1,1,16.00,16.00,0,0,,¦³¹Ï¤ù,,0,,0,,H03BB02,,,,,,,,,TAB,,°·«Oµ¹¥I,°·«Oµ¹¥I,METHIMAZOLE,H03BB02,A008757100,§_,SolidDrugForm,ORTAB,,,,,,,,,PH047,202303141724,0.75,2.00
OBCO,20021112,99999999,°±¥Î,Betacom(B complex) ­­¦Û¶O,Betacom(B complex) ­­¦Û¶O,Vitamin B complex,PC,QD,NUTR,NU-02-00,¤fªA,TAB,Vit. B complex,«D²Õ®M,°±¥Î,OVBC,¤@¯ë¥i¥Î,¬O,¥i¥ÎÃÄ¥]¾÷,¥i¥Î,¤@¯ë,Á`¶q¶i¦ì,¾AÀ³¯g:ºû¥Í¯ÀB¸s¯Ê¥F¸É¥R,,Indication:Treatment of vit B complex deficiencies,,¥~ Æ[:¾ï¬õ¦â¶ê§Î¿}¦ç¿õ (ª½®|8mm),Appearance:Orange red round tablet,¤j¾¯¶q·|¤Þ°_¸z­G¤£¾A,GI complaints at high doses.,,¬Ò¥i¥Î,°ö¥L±d¿}¦ç¿õ,Betacom(B complex) ­­¦Û¶O,,,§_,¬O,,ªA¥Î¥»ÃÄ­Y¤Þ°_§¿²GÅÜ¦â¡A ¬O¦]ÃÄ«~¥NÁÂ©Ò³y¦¨,,May discolor urine to bright yellow.,,,,,¤@¯ë,¤@¯ë,Äµ »y:ªA¥Î¥»ÃÄ­Y¤Þ°_§¿²GÅÜ¦â¡A¬O¦]ÃÄ«~¥NÁÂ©Ò³y¦¨,,,,,§_,1.0,,§_,§_,§_,³æ¤è,§_,¥i¥Î,¥i¥Î,¥i¿i,¬O,,1.00,1.00,2.00,2.00,999,999,1,1,6.00,6.00,0,0,,¦³¹Ï¤ù,,0,,0,,B03BA01,B03BB01,A11HA02,A11DA01,A11HA04,,,,,TAB,§_,¤£µ¹¥I¶·¦Û¥I,¤£µ¹¥I¶·¦Û¥I,THIAMINE HCL (=THIAMINE CHLORIDE HYDROCHLORIDE),A11EA,A039704100,§_,SolidDrugForm,ORTAB,,,,,,,,,PH047,202303141724,0.12,2.00
OBEC,19960101,99999999,°±¥Î,Becantex S.C. 30mg,Becantex S.C. 30mg,Sodium Dibunate,PO,TID,ERSP,RE-05-02,¤fªA,TAB,Becantex,«D²Õ®M,°±¥Î,,¤@¯ë¥i¥Î,¬O,¥i¥ÎÃÄ¥]¾÷,,¤@¯ë,Á`¶q¶i¦ì,¾AÀ³¯g:¤î«y§@¥Î,,Indication:Cough suppressant.,,¥~ Æ[:ÂA¾í¬õ¦â¶ê¥Y§Î¿õ¾¯¡A ¤@­±¦LCH 36,Appearance:Orange round tablet,¸z­G¤£¾A,GI discomfort,,,¥²«y°±¿}¦ç¿õ,Becantex S.C. 30mg,,,§_,¬O,,½Ð¿í·ÓÂå®v«ü¥Ü¨Ï¥Î¡A ­Yµo¥ÍºÃ¦üÃÄª«¤£¨}¤ÏÀ³½Ð§iª¾Âå¥Í,,Follow doctor's advice. Check with doctor if you notice any side effects.,,,,,¤@¯ë,¤@¯ë,Äµ »y:½Ð¿í·ÓÂå®v«ü¥Ü¨Ï¥Î¡A­Yµo¥ÍºÃ¦üÃÄª«¤£¨}¤ÏÀ³½Ð§iª¾Âå¥Í¡C,,,,,§_,1.0,,¬O,§_,§_,³æ¤è,§_,¥i¥Î,¥i¥Î,¥i¿i,¬O,,1.00,1.00,1.00,1.00,999,999,1,1,8.00,8.00,0.27,0.07,,¦³¹Ï¤ù,,0,,0,,R05DB16,,,,,,,,,TAB,§_,°·«Oµ¹¥I,°·«Oµ¹¥I,SODIUM DIBUNATE,R05DB16,AC35817100,§_,SolidDrugForm,ORTAB,,,,,,,,,PH047,202303141724,1.50,3.00
OBECA,20141215,99999999,°±¥Î,Becavir 0.5mg,Becavir 0.5mg,Entecavir,AC,QDAC,QANB,AI-03-03,¤fªA,TAB,Baraclude,«D²Õ®M,°±¥Î,OBAR,¤@¯ë¥i¥Î,¬O,¤£¥i¥ÎÃÄ¥]¾÷,¥i¥Î,¤@¯ë,Á`¶q¶i¦ì,¾AÀ³¯g:B«¬¨xª¢,,Indication:Chronic hepatitis B virus infection in adults,,¥~ Æ[:¥Õ¦â¤T¨¤§Î¿õ¾¯,Appearance:White triangle tablet,¸¡Âm¡A ®ø¤Æ¤£¨}¡A äú¤ß¹Ã¦R¡A ¯h­Â¡A ÀYµh¡A ·w¯t,Diarrhea¡A dyspepsia¡A nausea¡A vomiting¡A fatigue¡A headache¡A dizziness,,¬Ò¥i¥Î,¨©¥ÌªY½¤¦ç¿õ0.5²@§J,Becavir 0.5mg,,,,¬O,,¥»ÃÄµLªk­°§C¨xª¢¯f¬r¶Ç¬Vµ¹¨ä¥L¤Hªº¾÷·|,,This medicine will not prevent the spread of hepatitis B to another person.,,³Æµù: ¶¡Â_ªvÀø·|³y¦¨B«¬¨xª¢¯gª¬«æ©Ê´c¤Æ,Severe acute exacerbations of hepatitis B if treatment is discontinued.,,¤@¯ë,¤@¯ë,Äµ »y:¥»ÃÄµLªk­°§C¨xª¢¯f¬r¶Ç¬Vµ¹¨ä¥L¤Hªº¾÷·|,,,0,0,§_,1.0,,§_,§_,§_,³æ¤è,§_,°±¥Î,¥i¥Î,¥i¿i,¬O,,1.00,1.00,2.00,2.00,999,999,1,1,4.00,4.00,0,0,,¦³¹Ï¤ù,,0,,0,,J05AF10,,,,,0.50,mg,0.50,mg,TAB,,°·«Oµ¹¥I,°·«Oµ¹¥I,ENTECAVIR ¤@¯ë¿õ¾¯½¦Ån¾¯,J05AF10,AA57786100,§_,SolidDrugForm,ORTAB,,,,,,,,,PH047,202303141724,92.00,115.00
OBEL,20171215,99999999,°±¥Î,Belviq 10mg 60's/box,Belviq 10mg 60's/box,Lorcaserin,PO,BID,META,ME-05-00,¤fªA,TAB,Belviq,«D²Õ®M,°±¥Î,,¤@¯ë¥i¥Î,¬O,¤£¥i¥ÎÃÄ¥]¾÷,°·«O¤£µ¹¥I,¤@¯ë,Á`¶q¶i¦ì,¾AÀ³¯g:¦¨¤HBMI¹L°ªªÌ©ó¶¼­¹©M¹B°Ê±±¨î«á¤§Åé­«»²§UºÞ²z,,Indication:Obesity or overweight with related comorbidity,,¥~ Æ[:ÂÅ¦â¶ê§Î¿õ¾¯¡A ¦L¦³A¡A 10,Appearance:Blue round tablet¡A marking:A¡A 10,ÀYµh¡A§C¦å¿}¡A­Iµh¡A¤W©I§l¹D·P¬V,Headache¡A hypoglycemia¡A back pain¡A upper respiratory tract infection,,¬Ò¥i¥Î,¨KÄR´@½¤¦ç¿õ10²@§J,Belviq 10mg¡A 60's/box,,,,¬O,,Ãh¥¥ªÌ¸T¥Î¡C¤£«ØÄ³¨Ö¥Î¨ä¥L¦å²M¯À§@¥ÎÃÄª«¡C,,Contraindications:pregnancy. Don't use concomitantly with serotonergic drugs.,,¨k©Ê­Yµo¥Í³±²ô«k°_®É¶¡¶W¹L4¤p®É¡A½Ð¥ß§Y°±ÃÄ¨Ãºò«æ±ÏÂå¡C,Call doctor right away: Men has a painful erection or with erections >4 hours.,,¤@¯ë,¤@¯ë,Äµ »y:Ãh¥¥¡B±Â¨Åªº°ü¤k¤£¥i¨Ï¥Î¥»«~,,,0,0,§_,60.0,,§_,§_,§_,³æ¤è,§_,¥i¥Î,¥i¥Î,¤£¥i¿i,¬O,,1.00,1.00,1.00,1.00,84,84,1,1,2.00,2.00,0.01,0.01,0,¦³¹Ï¤ù,,0,,0,,A08AA11,,,,,0,,0,,BOX,§_,¤£µ¹¥I¶·¦Û¥I,¤£µ¹¥I¶·¦Û¥I,,,,,SolidDrugForm,ORTAB,,,,,,,,,PH047,202303141724,0,3600.00
OBEL1,20171215,99999999,°±¥Î,Belviq 10mg F.C. Tab 60's/box,Belviq 10mg F.C. Tab 60's/box,Lorcaserin,PO,BID,META,ME-05-00,¤fªA,TAB,Belviq,«D²Õ®M,°±¥Î,,,¬O,¤£¥i¥ÎÃÄ¥]¾÷,°·«O¤£µ¹¥I,¤@¯ë,Á`¶q¶i¦ì,,,,,,,,,,¬Ò¥i¥Î,,,,,,,,,,,,,,202002¦]À³Belviq³æÁû°h¶OÃÄÀÉ,¤@¯ë,¤@¯ë,,,,0,0,§_,1.0,,§_,,§_,³æ¤è,,°±¥Î,°±¥Î,¤£¥i¿i,§_,,1.00,10.00,1.00,1.00,999,999,999,999,2.00,2.00,0,0,,µL¹Ï¤ù,,0,,0,,,,,,,0,,0,,TAB,§_,¤£µ¹¥I¶·¦Û¥I,¤£µ¹¥I¶·¦Û¥I,,,,,,,,,0,,0,mL,,,PH006,202006150831,0,60.00
OBENS,20020526,99999999,°±¥Î,Bensau 100mg,Bensau 100mg,Benzonatate,PO,TID,ERSP,RE-05-02,¤fªA,CAP,Bensau,«D²Õ®M,°±¥Î,OZCO,¤@¯ë¥i¥Î,¬O,¥i¥ÎÃÄ¥]¾÷,¥i¥Î,¤@¯ë,Á`¶q¶i¦ì,¾AÀ³¯g:¤î«y§@¥Î,,Indication:Cough suppressant,,¥~ Æ[:²L¶À¦â¥b³z©ú²y«¬½¦Ån,Appearance:Light yellow capsule,²´·ú¨`¼ö·P¡A «K¯µ¡A ÀY·w¡A ¶ÝºÎ¡A ÀYµh¡A ¥Ö½§Äo¡A »ó¶ë,Burning sensation in the eyes¡A constipation¡A dizzy¡A sleepy¡A headache¡A itching¡A s,,¬Ò¥i¥Î,«b«y±o³n½¦Ån,Bensau 100mg,,,§_,§_,,À³¾ã²É§]ªA¡A ¤Á¤Å«rÄZ©ÎÀ£¸H,,Swallow the tablet whole. Do not crush¡A break or chew.,,,,,¤@¯ë,¤@¯ë,Äµ »y:À³¾ã²É§]ªA¡A¤Á¤Å«rÄZ©ÎÀ£¸H,,,,,§_,1.0,,§_,§_,§_,³æ¤è,§_,°±¥Î,¥i¥Î,¤£¥i¿i,¬O,,1.00,1.00,1.00,1.00,999,999,1,1,8.00,8.00,0,0,,¦³¹Ï¤ù,,0,,0,,R05DB01,,,,,,,,,CAP,,°·«Oµ¹¥I,°·«Oµ¹¥I,BENZONATATE,R05DB01,A042435100,§_,SolidDrugForm,ORTAB,,,,,,,,,PH047,202303141724,1.61,3.00
OBENT,20220724,99999999,¥i¥Î,Bentyl 10mg,Bentyl 10mg,Dicyclomine,PO,TID,ALIM,GI-05-00,¤fªA,TAB,,«D²Õ®M,°±¥Î,,­­¥æ¥I½Õ¾¯,¬O,¤£¥i¥ÎÃÄ¥]¾÷,¥i¥Î,¤@¯ë,Á`¶q¶i¦ì,¾AÀ³¯g:¦ñ¦³¥­·Æ¦ÙµjÅË¤§½Ñ¯e±w,,Indication:Diseases associated with smooth muscle spasm,,¥~ Æ[:¥Õ¦â¶ê¿õ¡A¤W¦³10¼Ð°O,Appearance:White round tablet¡A with "10" marked.,¤f´÷¡A«K¯µ¡Aäú¤ß¡A¹Ã¦R¡A¯t·w,xerostomia¡A constipation¡A nausea¡A vomiting¡A dizziness,,¥u¥Î©óªù¶E,«Kªvº¸¿õ10²@§J,Bentyl 10mg,,­­ªù¶E¥æ¥I½Õ¾¯¥Î,¬O,¬O,,¥»«~¥i¯à·|­°§C±zªºª`·N¤O¡BÄµÄ±©Ê¤Î°Ê§@¨ó½Õ¯à¤O,,May cause dizziness¡A weakness¡A lack of coordination,,«C¥ú²´±wªÌ»Ý¤p¤ß¨Ï¥Î,Use with caution in glaucoma patients.,[Rx_o]¥æ¥I½Õ¾¯³B¤è¶°­nÅã¥Ü¡A2022.07¤º¬ì¾G³Ó°¶Âå®v¥Ó½Ð¥æ¥I½Õ¾¯,¤@¯ë,¤@¯ë,Äµ »y:¥ÎÃÄ«á¥i¯à·|¦³ºÎ·N¡Bª`·N¤O¤£¶°¤¤¡B¤Ï®g¯à¤O­°§Cµ¥²{¶H,,,0,0,§_,1.0,,§_,¬O,§_,³æ¤è,,°±¥Î,°±¥Î,¥i¿i,¬O,,1.00,1.00,2.00,2.00,99,99,1,1,8.00,8.00,0,0,,¦³¹Ï¤ù,,0,,0,,A03AA07,,,,,0,,0,,TAB,,°·«Oµ¹¥I,°·«Oµ¹¥I,DICYCLOMINE,A03AA07,AC09792100,§_,SolidDrugForm,ORTAB,,,0,,0,,,,PH047,202401151807,0,0
OBER,19960101,99999999,°±¥Î,Berotec (Fenoterol) 2.5mg,Berotec (Fenoterol) 2.5mg,Fenoterol,PO,,ERSP,RE-01-00,¤fªA,TAB,Berotec,«D²Õ®M,°±¥Î,,¤@¯ë¥i¥Î,¬O,¥i¥ÎÃÄ¥]¾÷,,¤@¯ë,Á`¶q¶i¦ì,¾AÀ³¯g:¹w¨¾¤ÎªvÀø¤ä®ðºÞµjÅË,,Indication:Treatment of bronchospasm¡A bronchitis,,¥~ Æ[:¥Õ¦â¶ê«ó§Î¿õ¾¯,,,,,,³Æ³Ò³Ý¿õ,Berotec (Fenoterol) 2.5mg,,,§_,¬O,,,,,,,,,¤@¯ë,¤@¯ë,Äµ »y:ªAÃÄ«á¥i¯à¼È¦³¤ß¸õ¥[³t¡B¤£¦w¡B¿³¾Ä¡B¤f°®µ¥²{¶H,,,,,§_,1.0,,§_,§_,§_,³æ¤è,§_,°±¥Î,¥i¥Î,¥i¿i,¬O,,1.00,1.00,2.00,2.00,999,999,1,1,0,0,0,0,,µL¹Ï¤ù,,0,,0,,,,,,,,,,,TAB,§_,°·«Oµ¹¥I,°·«Oµ¹¥I,FENOTEROL,R03CC04,A028501100,§_,SolidDrugForm,ORTAB,,,,,,,,,PH047,202303141725,1.50,3.00
OBET,19960101,99999999,°±¥Î,Betaserc 8mg,Betaserc 8mg,Betahistine,PO,,CNEU,CN-03-08,¤fªA,TAB,Betaserc,«D²Õ®M,°±¥Î,,¤@¯ë¥i¥Î,¬O,¤£¥i¥ÎÃÄ¥]¾÷,,¤@¯ë,Á`¶q¶i¦ì,¾AÀ³¯g:¥Dªv¯t·w¡BÅ¥¤O»ÙÃªµ¥,,Indication:Meniere's disease & Meniere-like syndrome,,¥~ Æ[:¥Õ¦â¶ê§ÎÃÄ¿õ,,,,,,¦Õ±dºÖ¿õ,Betaserc 8mg,,,§_,¬O,,,,,,,,,¤@¯ë,¤@¯ë,Äµ »y:¨Ï¥Î¥»ÃÄ­Y¦³³y¦¨­G¸z¤£¾A¡A¥i»P­¹ª«¨ÖªA¨Ã¦h¸É¥R¤ô,,,,,§_,1.0,,§_,§_,§_,³æ¤è,§_,¥i¥Î,¥i¥Î,¥i¿i,¬O,,1.00,1.00,999.00,999.00,999,999,1,1,0,0,0,0,,µL¹Ï¤ù,,0,,0,,,,,,,,,,,TAB,§_,°·«Oµ¹¥I,°·«Oµ¹¥I,BETAHISTINE,N07CA01,B004970100,§_,SolidDrugForm,ORTAB,,,,,,,,,PH047,202303141725,2.27,3.00
OBET1,20031008,99999999,°±¥Î,Betaserc 16mg,Betaserc 16mg,Betahistine,PO,BID,CNEU,CN-03-08,¤fªA,TAB,Betaserc,«D²Õ®M,°±¥Î¡A¥i¬dÃþ¦üÃÄ,ONIL2,¤@¯ë¥i¥Î,¬O,¤£¥i¥ÎÃÄ¥]¾÷,¥i¥Î,¤@¯ë,Á`¶q¶i¦ì,¾AÀ³¯g:ªvÀø¯t·w¡BÅ¥¤O»ÙÃª,,Indication:Meniere's disease & Meniere-like syndrome,,¥~ Æ[:¥Õ¦â¶ê§Î¿õ¾¯¡A¤@­±¦³267¨è²ª¡A¤@­±¨èS,,,,,¬Ò¥i¥Î,¦Õ±dºÖ¿õ,Betaserc 16mg,,,§_,¬O,,,,,,,,,¤@¯ë,¤@¯ë,Äµ »y:¨Ï¥Î¥»ÃÄ­Y¦³³y¦¨­G¸z¤£¾A¡A¥i»P­¹ª«¨ÖªA¨Ã¦h¸É¥R¤ô,,,,,§_,1.0,,§_,§_,¬O,³æ¤è,§_,°±¥Î,¥i¥Î,¥i¿i,¬O,,1.00,1.00,1.00,1.00,99,99,1,1,0,0,0,0,,µL¹Ï¤ù,,0,,0,,,,,,,,,,,TAB,,°·«Oµ¹¥I,°·«Oµ¹¥I,BETAHISTINE,N07CA01,B023041100,§_,SolidDrugForm,ORTAB,,,,,,,,,PH047,202303141725,3.76,5.00
OBET2,20150920,99999999,°±¥Î,Betmiga 25mg prolonged-release,Betmiga 25mg prolonged-release,Mirabegron,PO,QD,SGU,UR-04-00,¤fªA,TAB,Betmiga,«D²Õ®M,°±¥Î¡A¥i¬dÃþ¦üÃÄ,,¤@¯ë¥i¥Î,¬O,¤£¥i¥ÎÃÄ¥]¾÷,±ø¥ó¤Uµ¹¥I,¤@¯ë,Á`¶q¶i¦ì,¾AÀ³¯g:ªvÀø¦ñ¦³«æ§¿¡BÀW§¿©M/©Î«æ­¢©Ê§¿¥¢¸T¯gª¬ªº»H¯Ö¹L°Ê¯g¡C,,Indication:Treatment of overactive bladder.,,¥~ Æ[:½Å¦â¾ò¶ê§Î¿õ¾¯¡A¤@­±¦³325,Appearance:Brown color elliptic tablet¡A marking:325,°ª¦åÀ£¡A¤ß°Ê¹L³t¡AÀYµh¡AÀY·w¡A­Iµh¡A»ó«|ª¢,Hypertension¡A tachycardia¡A headache¡A dizziness¡A back pain¡A nasopharyngitis,,¬Ò¥i¥Î,¨©©Z§Q«ùÄò©ÊÃÄ®Ä¿õ25²@§J,Betmiga 25mg prolonged-relea,,,¬O,,,¥»ÃÄ·|¤É°ª¦åÀ£¡A»Ý©w´Á¶q´ú¦åÀ£¡A¯S§O¬O°ª¦åÀ£±wªÌ¡C,,Dose-related increases in blood pressure¡A monitor blood pressure closely.,,ªA¥Î®ÉÀ³¥H¤ô¾ã²É§]ªA¡A¤£¥iÄZ¸H¡B¤Á³Î©ÎÀ£¸H¡C,Swallow the tablet whole with water; do not chew¡A divide¡A or crush.,104¦~²Ä¤T¦¸ÃÄ©e·|·s¶iÃÄ«~¡C2021.09.01ÃÄ©e·|§R°£,¤@¯ë,¤@¯ë,¥»ÃÄ·|¤É°ª¦åÀ£¡A»Ý©w´Á¶q´ú¦åÀ£¡A¯S§O¬O°ª¦åÀ£±wªÌ¡C,,,0,0,§_,1.0,,§_,§_,§_,³æ¤è,§_,¥i¥Î,¥i¥Î,¤£¥i¿i,¬O,,1.00,1.00,2.00,2.00,999,999,1,1,2.00,2.00,0,0,,¦³¹Ï¤ù,,0,,0,,G04BD12,,,,,0,,0,,TAB,,°·«Oµ¹¥I,°·«Oµ¹¥I,MIRABEGRON,G04BD12,BC26217100,§_,SolidDrugForm,ERTAB,,,,,,,,,PH047,202303141725,20.50,27.00
OBET5,20210915,99999999,¥i¥Î,Betmiga 50mg prolonged-release,Betmiga 50mg prolonged-release,Mirabegron,PO,HS,SGU,UR-04-00,¤fªA,TAB,Betmiga,«D²Õ®M,,,¤@¯ë¥i¥Î,¬O,¤£¥i¥ÎÃÄ¥]¾÷,±ø¥ó¤Uµ¹¥I,¤@¯ë,Á`¶q¶i¦ì,¾AÀ³¯g:ªvÀø¦ñ¦³«æ§¿¡BÀW§¿©M/©Î«æ­¢©Ê§¿¥¢¸T¯gª¬ªº»H¯Ö¹L°Ê¯g¡C,,Indication:Treatment of overactive bladder.,,¥~ Æ[:¾ò¶ê§Î¶À¦â½¤¦ç¡A¤@­±¦³355,Appearance:Yellow color elliptic tablet¡A marking:355,°ª¦åÀ£¡A¤ß°Ê¹L³t¡AÀYµh¡AÀY·w¡A­Iµh¡A»ó«|ª¢,Hypertension¡A tachycardia¡A headache¡A dizziness¡A back pain¡A nasopharyngitis,,¬Ò¥i¥Î,¨©©Z§Q«ùÄò©ÊÃÄ®Ä¿õ50²@§J,Betmiga 50mg prolonged-relea,,,,§_,,¥»ÃÄ·|¤É°ª¦åÀ£¡A»Ý©w´Á¶q´ú¦åÀ£¡A¯S§O¬O°ª¦åÀ£±wªÌ¡C,,Dose-related increases in blood pressure¡A monitor blood pressure closely.,,ªA¥Î®ÉÀ³¥H¤ô¾ã²É§]ªA¡A¤£¥iÄZ¸H¡B¤Á³Î©ÎÀ£¸H¡C,Swallow the tablet whole with water; do not chew¡A divide¡A or crush.,2021Q3ÃÄ©e·s¼W,¤@¯ë,¤@¯ë,¥»ÃÄ·|¤É°ª¦åÀ£¡A»Ý©w´Á¶q´ú¦åÀ£¡A¯S§O¬O°ª¦åÀ£±wªÌ¡C,,,0,0,§_,1.0,,§_,¬O,§_,³æ¤è,,¥i¥Î,¥i¥Î,¤£¥i¿i,¬O,,1.00,1.00,1.00,1.00,999,999,1,1,1.00,1.00,0,0,,¦³¹Ï¤ù,,0,,0,,G04BD12,,,,,0,,0,,TAB,§_,°·«Oµ¹¥I,°·«Oµ¹¥I,MIRABEGRON,G04BD12,BC26216100,,SolidDrugForm,ORTAB,,,0,,0,,,,PH006,202401300954,20.50,27.00
OBIN,20170615,99999999,¥i¥Î,Binosto effervescent 70mg,Binosto effervescent 70mg,Alendronate,AC,QW,META,ME-06-00,¤fªA,TAB,Fosamax,«D²Õ®M,,,¤@¯ë¥i¥Î,¬O,¤£¥i¥ÎÃÄ¥]¾÷,±ø¥ó¤Uµ¹¥I,¤@¯ë,Á`¶q¶i¦ì,¾AÀ³¯g:°©½è²¨ÃP¯g,,Indication:Treatment of osteoporosis,,¥~ Æ[: ¥Õ¦â¶ê§Î¿õ¾¯,Appearance:White round Tablet,¸¡µh¡A ÃE°©Ãö¸`Ãa¦º¡A «D¨å«¬ªÑ°©°©§é,Abdominal pain¡A jaw osteonecrosis¡A atypical femur fractures.,,¬Ò¥i¥Î,°©±K§´µoªw¿õ,Binosto effervescent 70mg,,,,¬O,,½Ð¦b¦­±áªÅ¸¡¶¼¥Î ¡AªAÃÄ«á¥b¤p®É½Ð¤Å½ö¤U¡C,¨C¦¸ªAÃÄ¶¡¹j¤£¥i¤Ö©ó7¤é,Take drug on an empty stomach. Do not lie down for 30 minutes after taking,The interval between each dose should not be less than 7 days,¤@Áûµoªw¿õ¶·¥H120mL±`·Å¥Õ¶}¤ô°t»s¦¨·»²G¡A µoªw°±¤î«á¡A¦AÅÍ©Õ10¬íÄÁ«á¶¼ºÉ¡C,Melt tablet in 120 mL of cold water and drink.,2017¦~²Ä¤G¦¸ÃÄ©e·|·s¶iÃÄ«~,¤@¯ë,¤@¯ë,½Ð¦b¦­±áªÅ¸¡¶¼¥Î ¡AªAÃÄ«á¥b¤p®É½Ð¤Å½ö¤U¡C,,,0,0,§_,1.0,,§_,¬O,¬O,³æ¤è,§_,¥i¥Î,¥i¥Î,¤£¥i¿i,¬O,,1.00,1.00,1.00,1.00,999,999,28,1,1.00,1.00,0,0,,¦³¹Ï¤ù,,0,,0,,M05BA04,,,,,0,,0,,TAB,,°·«Oµ¹¥I,°·«Oµ¹¥I,ALENDRONATE 70 MG¡ÏVITAMIN D 0-5600IU,M05BA04,BC26565100,§_,SolidDrugForm,TAB,,,,,,,,,PH047,202402121407,138.00,166.00
OBIN2,20120121,99999999,°±¥Î,Binin-U 2mg,Binin-U 2mg,Haloperidol,PO,,CNEU,CN-02-01,¤fªA,TAB,Haldol,«D²Õ®M,°±¥Î,,¤@¯ë¥i¥Î,¬O,¤£¥i¥ÎÃÄ¥]¾÷,¥i¥Î,¤@¯ë,Á`¶q¶i¦ì,¾AÀ³¯g: Ä¼¯g¡Aäú¤ß¡A¹Ã¦R¡A§ðÀ»©Ê»P¯}Ãa©Êªº¦æ¬°»ÙÃª¡A»RÁÐ¯g¡C,,Indication: Antipsychotic agent.,,¥~ Æ[:¯»¬õ¦â¶ê«ó§Î¿õ¾¯¡A³æ­±¨è¦L¡A¦L¦³SWISS»P2,Appearance: pink color round tablet,§¤¥ß¤£¦w¡A °Ê§@¿ð½w¡A ¤âµo§Ý¡A ªí±¡²Hºz¡A §]Ã`§xÃø,Difficult speaking or swallowing; lack of facial expression; restlessness,,¬Ò¥i¥Î,©ö¹çÀu¿õ2¤½µ·,Binin-U,,,¬O,¬O,,1.¤Å¶¼°s¡C 2.¥ÎÃÄ«á¥i¯àµo¥ÍÀY·w¡C,,1.Avoid alcohol. 2.May cause dizzy¡A get up slowly.,,¦³¤Úª÷´Ë¤ó¯g¤ÎÄY­«¤ß¦åºÞ¯e¯fªÌ­n¤p¤ß¨Ï¥Î. ¥»ÃÄ·|­°§Cµo§@ìH­È¤Î²£¥ÍÀ@Åé¥~¯gª¬,Be careful if you have parkinson's disease¡A severe CV disorders¡A seizures.,2021Q1ÃÄ©e·|§R°£,¤@¯ë,¤@¯ë,Äµ »y: ½Ð¿íÂå®v«ü¥Ü«ö®É¥ÎÃÄ¡A¤Å¦Û¦æ§ïÅÜ¾¯¶q¡B¥Îªk©Î¥ô·N°±ÃÄ¡C,,,0,0,§_,1.0,,§_,§_,§_,³æ¤è,§_,¥i¥Î,¥i¥Î,¥i¿i,¬O,,1.00,1.00,10.00,10.00,999,999,1,1,15.00,15.00,0,0,,¦³¹Ï¤ù,,0,,0,,N05AD01,,,,,,,,,TAB,§_,°·«Oµ¹¥I,°·«Oµ¹¥I,HALOPERIDOL,N05AD01,AC20420100,§_,SolidDrugForm,ORTAB,,,,,,,,,PH047,202303141725,1.50,3.00
OBIO,20031013,99999999,°±¥Î,Biogen,Biogen,Biodiastase + Vitamin B complex,PO,,ALIM,GI-04-00,¤fªA,TAB,,«D²Õ®M,°±¥Î,OBIOT,¤@¯ë¥i¥Î,¬O,¤£¥i¥ÎÃÄ¥]¾÷,¥i¥Î,¤@¯ë,Á`¶q¶i¦ì,¾AÀ³¯g:ªvÀø®ø¤Æ¤£¨}©Î®ø¤Æ»ÙÃª,,Indication:Aid digestion.,,¥~ Æ[:·t¥Õ¦â¶ê§Î¿õ¾¯,Appearance:White round tablet,¹L±Ó©Ê¤ÏÀ³,Hypersensitivity reaction,,¬Ò¥i¥Î,«Oº¸°·,Biogen,,,§_,¬O,,¥»«~»Ý¸m©óÁ×¥ú³±²D°®Àê³B,,Store at room temperature¡A away from heat¡A moisture¡A and direct light.,,,,,¤@¯ë,¤@¯ë,Äµ »y:¥»«~»Ý¸m©óÁ×¥ú³±²D°®Àê³B,,,,,§_,1.0,,§_,§_,§_,½Æ¤è,§_,°±¥Î,¥i¥Î,¥i¿i,¬O,,1.00,1.00,2.00,2.00,99,99,1,1,0,0,0,0,,¦³¹Ï¤ù,,0,,0,,A09AA02,,,,,,,,,TAB,,¤£µ¹¥I¶·¦Û¥I,¤£µ¹¥I¶·¦Û¥I,,,,§_,SolidDrugForm,ORTAB,,,,,,,,,PH047,202303141725,0,3.00
OBIO3,20150315,99999999,¥i¥Î,Bio-Cal plus 450mg/330IU,Bio-Cal plus 450mg/330IU,Calcium + Cholecalciferol,PC,BID,NUTR,NU-03-00,¤fªA,TAB,Bio-Cal plus,«D²Õ®M,,,¤@¯ë¥i¥Î,¬O,¤£¥i¥ÎÃÄ¥]¾÷,°·«O¤£µ¹¥I,¤@¯ë,Á`¶q¶i¦ì,¾AÀ³¯g:¹w¨¾¶t½è»Pºû¥Í¯ÀD¯Ê¥F¯g¡A¦p°©½è²¨ÃP¯g,,Indication:Calcium and Vitamin D supplements,,¥~ Æ[:²L¾ï¦â¾ò¶ê§Î¿õ,Appearance:Light orange elliptic tablet,°ª¦å¶t¡A «K¯µ,Hypercalcemia¡A constipation.,,¬Ò¥i¥Î,´þ°©¥[±j©CÄZ¿õ,Bio-Cal plus chewable,,,,¬O,,¥»«~¥iÄZ¸H«á§]ªA,,Chew thoroughly and swallow.,,³Æµù: µÇ¥\¯à¤£¥þªÌ¤p¤ß¨Ï¥Î,Should be used with caution in renal dysfunction.,2016¦~²Ä¤@¦¸ÃÄ©e·|³q¹L,¤@¯ë,¤@¯ë,Äµ »y:¥»«~¥iÄZ¸H«á§]ªA,,,0,0,§_,1.0,,§_,¬O,§_,½Æ¤è,§_,°±¥Î,°±¥Î,¥i¿i,¬O,,1.00,1.00,2.00,2.00,999,999,1,1,6.00,6.00,0,0,,¦³¹Ï¤ù,,0,,0,,A12AA01,A11CC05,,,,0,,0,,TAB,,¤£µ¹¥I¶·¦Û¥I,¤£µ¹¥I¶·¦Û¥I,,,,§_,SolidDrugForm,CHEWTAB,,,,,,,,,PH047,202303141725,0,9.00
OBIOC,19960101,99999999,°±¥Î,Bio-Cal chewable,Bio-Cal chewable,Tricalcium phosphate + Cholecalciferol,PO,BID,NUTR,NU-03-00,¤fªA,TAB,Bio-Cal,«D²Õ®M,°±¥Î,OBIO3,¤@¯ë¥i¥Î,¬O,¤£¥i¥ÎÃÄ¥]¾÷,°·«O¤£µ¹¥I,¤@¯ë,Á`¶q¶i¦ì,¾AÀ³¯g:¸É¥R¶t½è,,Indication:Calcium and Vitamin D supplements,,¥~ Æ[:¥Õ¦âªø§ÎÃÄ¿õ,Appearance:White rectangle tablet,°ª¦å¶t¡A «K¯µ,Hypercalcemia¡A constipation.,,,´þ°©©CÄZ¿õ,Bio-Cal chewable,,,§_,¬O,,¥»«~¥iÄZ¸H«á§]ªA,,Chew thoroughly and swallow.,,³Æµù: µÇ¥\¯à¤£¥þªÌ¤p¤ß¨Ï¥Î,Should be used with caution in renal dysfunction.,2015¦~²Ä¤@¦¸ÃÄ©e·|³q¹L§R°£,¤@¯ë,¤@¯ë,Äµ »y:¥»«~¥iÄZ¸H«á§]ªA,,,,,§_,1.0,,§_,§_,§_,½Æ¤è,§_,¥i¥Î,¥i¥Î,¥i¿i,¬O,,1.00,1.00,2.00,2.00,999,999,1,1,8.00,8.00,0,0,,¦³¹Ï¤ù,,0,,0,,A11CC05,A12AA01,,,,,,,,TAB,§_,¤£µ¹¥I¶·¦Û¥I,¤£µ¹¥I¶·¦Û¥I,,,,§_,SolidDrugForm,CHEWTAB,,,,,,,,,PH047,202303141725,0,4.00
OBIOF,19960101,99999999,°±¥Î,Biofermin,Biofermin,Lactobacillus Acidophilus,PO,,ALIM,GI-04-00,¤fªA,TAB,Biofermin,«D²Õ®M,°±¥Î¡A¥i¬dÃþ¦üÃÄ,,¤@¯ë¥i¥Î,¬O,¥i¥ÎÃÄ¥]¾÷,,¤@¯ë,Á`¶q¶i¦ì,¾AÀ³¯g:¼È®É½w¸Ñ»´«×¸¡µh¡B¸¡Âm,,Indication:Digestant¡A antidiarrhea.,,¥~ Æ[:¥Õ¦â¶ê«ó§Î¿õ¾¯,Appearance:White round tablet,,,,,ªí­¸»ï¿õ,Biofermin,,,§_,¬O,,,,,,,,,¤@¯ë,¤@¯ë,,,,,,§_,1.0,,§_,§_,§_,³æ¤è,§_,°±¥Î,¥i¥Î,¥i¿i,¬O,,1.00,1.00,999.00,999.00,999,999,1,1,0,0,0,0,,µL¹Ï¤ù,,0,,0,,,,,,,,,,,TAB,§_,°·«Oµ¹¥I,°·«Oµ¹¥I,LACTIC ACID BACTERIA 0.09MG + GLYCOBACTERIA 0.06MG + CALCIUM CARBONATE 24.79MG,A07FA51,B010090100,§_,SolidDrugForm,ORTAB,,,,,,,,,PH047,202303141725,0.30,2.00
OBIOP,20220921,99999999,¥i¥Î,Biofermin-R 6mg/1gm Powder,Biofermin-R 6mg/1gm Powder,Antibiotics-resistant Lactic Acid Bacteriae,PC,TID,ALIM,GI-04-00,¤fªA,PK,Biofermin-R,«D²Õ®M,,,¤@¯ë¥i¥Î,¬O,¤£¥i¥ÎÃÄ¥]¾÷,°·«O¤£µ¹¥I,¤@¯ë,Á`¶q¶i¦ì,¾AÀ³¯g:¸z¹DµßÂO²§±`©Ò¤Þ°_ªº¸¡³¡¯gª¬,,Indication:Symptoms caused by abnormal enteric microflora,,¥~ Æ[:¾Tºä³U¸Ë¥Õ¦â¯»¥½¡C(µy¨ã²¢¨ý),Appearance:White powder in pack. (slightly sweet taste),ÃÄ«~¥é³æ¥¼°O¸ü°Æ§@¥Î¡C,No side effects are listed in the package insert.,,¬Ò¥i¥Î,ªí­¸»ï-¼Ö´²,Biofermin-R 6mg/1gm Powder,,,,¬O,,»PAminophylline©ÎIsoniazid²V¦X®É¡A·|¨Ï¥»ÃÄ«~ÅÜ¦â,À³Á×§K»P¤W­z¨âºØ¦¨¥÷¤§ÃÄ«~²V¦X¡C,Avoid mixing with Aminophylline or Isoniazid to discoloration of this medicine.,,«Ç·Å«O¦s¡AÁ×§KÀã®ð¡CÃÄ«~°Æ§@¥Î½Ð¿Ô¸ß³B¤èÂå®v¡C,Store at room temperature¡A away from moisture. Consult doctor about side effects,2022Q3ÃÄ©e·s¶i,¤@¯ë,¤@¯ë,»PAminophylline©ÎIsoniazid²V¦X®É¡A·|¨Ï¥»ÃÄ«~ÅÜ¦â¡AÀ³Á×§K»P¤W­z¨âºØ¦¨¥÷¤§ÃÄ«~²V¦X¡C,,,0,0,,1.0,,§_,¬O,§_,³æ¤è,§_,°±¥Î,°±¥Î,¥i¿i,¬O,,1.00,1.00,2.00,2.00,999,999,7,7,6.00,6.00,0,0,,¦³¹Ï¤ù,,0,,0,,A07FA01,,,,,0,,0,,PK,,¤£µ¹¥I¶·¦Û¥I,¤£µ¹¥I¶·¦Û¥I,,,,§_,SolidDrugForm,POWD,,,0,,0,,,,PH047,202310091454,0,25.00
OBIOT,19960101,99999999,°±¥Î,Biotase,Biotase,Biodiastase + Lipase + Newlase,PC,TID,ALIM,GI-04-00,¤fªA,TAB,Biotase,«D²Õ®M,°±¥Î,,¤@¯ë¥i¥Î,¬O,¤£¥i¥ÎÃÄ¥]¾÷,¥i¥Î,¤@¯ë,Á`¶q¶i¦ì,¾AÀ³¯g:À°§U®ø¤Æ,,Indication:Help digestion,,¥~ Æ[:²H¤g¦â¶ê§ÎÃÄ¿õ,Appearance:Light Brown Round Tablet,°ª¾¯¶q¤U¥i¯à¤Þ°_äú¤ß¡B¸¡³¡¯kµh©Î¤Uµg,High dose may cause nausea¡A abdomen pain or diarrhea,,,§®¤Æ¿õ,Biotase,,,§_,¬O,,­Yµo¥ÍÄY­«¹L±Ó©Îµo¯lµ¥¤£¾A¯gª¬¡AÀ³§Y°±ÃÄ¨Ã½Ð±ÐÂå®v,,Report to doctor¡A if any severe hypersensitivity or skin rash occur.,,,,104-3 ÃÄ©e·|§R°£,¤@¯ë,¤@¯ë,Äµ »y: ­Yµo¥ÍÄY­«¹L±Ó©Îµo¯lµ¥¤£¾A¯gª¬¡AÀ³§Y°±ÃÄ¨Ã½Ð±ÐÂå®v,,,,,§_,1.0,,§_,§_,§_,³æ¤è,§_,¥i¥Î,¥i¥Î,¥i¿i,¬O,,1.00,1.00,3.00,3.00,999,999,1,1,9.00,9.00,0,0,,¦³¹Ï¤ù,,0,,0,,A09AA02,A09AA01,,,,,,,,TAB,§_,°·«Oµ¹¥I,°·«Oµ¹¥I,BIODIASTASE 30MG + LIPASE 5MG + NEWLASE 10MG,A09AA02,A012876100,§_,SolidDrugForm,ORTAB,,,,,,,,,PH047,202303141725,0.57,2.00
OBIP2,20111124,99999999,°±¥Î,Bipiden 2mg,Bipiden 2mg,Biperiden,PO,TID,CNEU,CN-03-03,¤fªA,TAB,Akineton,«D²Õ®M,°±¥Î,OAKI2,¤@¯ë¥i¥Î,¬O,¤£¥i¥ÎÃÄ¥]¾÷,¥i¥Î,¤@¯ë,Á`¶q¶i¦ì,¾AÀ³¯g:©¬ª÷´Ë¤ó¯g,,Indication:Parkinsonism,,¥~ Æ[:¥Õ¦â¶ê«ó§Î¿õ¾¯¡A¤@­±¦L"B35",Appearance:White round tablet,µø¤O¼Ò½k¡A «K¯µ¡A ¬y¦½´î¤Ö¡A ±Æ§¿¯kµh¡A ©ü©ü±ýºÎ¡A ¬È¥ú¡A äú¤ß,blurred vision; constipation; sweat less; difficult urination; sleepy,,¬Ò¥i¥Î,¦Ê¤ñ°±¿õ,Bipiden,,,§_,¬O,,­Y¤f°®¯gª¬«ùÄò¶W¹L¨â¶g¡A½Ð§iª¾Âå®v¡C,,May cause dry mouth¡A inform doctor if symptoms persist more than 2 weeks.,,³Æµù:¤Å¶¼°s¡CªAÃÄ«á¡A ½Ð¤p¤ß¶}¨®©Î¾Þ§@¦MÀI¾÷±ñ¡C,Avoid alcohol. Be careful driving or operating machines while on this medication,2015¦~²Ä¤@¦¸ÃÄ©e·|³q¹L§R°£,¤@¯ë,¤@¯ë,Äµ»y:­Y¤f°®¯gª¬«ùÄò¶W¹L¨â¶g¡A½Ð§iª¾Âå®v¡C,,,0,0,§_,1.0,,§_,§_,§_,³æ¤è,§_,°±¥Î,¥i¥Î,¥i¿i,¬O,,1.00,1.00,2.00,2.00,999,999,1,1,8.00,8.00,0,0,,¦³¹Ï¤ù,,0,,0,,N04AA02,,,,,,,,,TAB,,¤£µ¹¥I¶·¦Û¥I,¤£µ¹¥I¶·¦Û¥I,,,,§_,SolidDrugForm,ORTAB,,,,,,,,,PH047,202303141725,0,3.00
OBISC,20201211,99999999,°±¥Î,Bisacodyl E.C. 5mg ¯µ§Jªº¸z·»¿õ,Bisacodyl E.C. 5mg,Bisacodyl,PO,HS,ALIM,GI-03-00,¤fªA,TAB,Dulcolax,«D²Õ®M,°±¥Î,OJOH,¤@¯ë¥i¥Î,¬O,¤£¥i¥ÎÃÄ¥]¾÷,¥i¥Î,¤@¯ë,Á`¶q¶i¦ì,¾AÀ³¯g:¼È®É½w¸Ñ«K¯µ¡A¶EÂ_¤Î¤â³N«e²M¸z¡C,,Indication:Treatment of constipation.,,¥~ Æ[:¶À¦â¶ê§Î¸z·»¿}¦ç¿õ,Appearance:Yellow round tablet,¸¡³¡µ±µh¡Aäú¤ß¡A¯t·w¡A¹Ã¦R¡A¥Ö½§¬õ¯l,Abdominal cramps¡A nausea¡A vertigo¡A vomiting¡A skin rash,,¬Ò¥i¥Î,¯µ§Jªº¸z·»¿}¦ç¿õ5²@§J,Bisacodyl E.C. 5mg,,,§_,§_,,À³¾ã²É§]ªA¡A ¤Á¤Å«rÄZ©ÎÀ£¸H,,Swallow the tablet whole. Do not crush¡A break or chew.,,,,109.12 Johnlax 5mg¯ÊÃÄ¨ú¥N,¤@¯ë,¤@¯ë,Äµ »y:À³¾ã²É§]ªA¡A¤Á¤Å«rÄZ©ÎÀ£¸H,,¤fªAÃÄ,0,0,§_,1.0,,§_,¬O,§_,³æ¤è,,°±¥Î,¥i¥Î,¤£¥i¿i,¬O,,1.00,1.00,6.00,6.00,999,999,0,0,6.00,6.00,0,0,,¦³¹Ï¤ù,,0,,0,,A06AB02,,,,,0,,0,,TAB,,°·«Oµ¹¥I,°·«Oµ¹¥I,BISACODYL,A06AB02,AC189491G0,,SolidDrugForm,ECTAB,,,0,,0,,,,PH006,202105201323,2.00,3.00
OBLA,19960101,99999999,°±¥Î,Bladderon 200mg,Bladderon 200mg,Flavoxate,PO,TID,SGU,UR-05-00,¤fªA,TAB,Bladderon,«D²Õ®M,°±¥Î¡A¥i¬dÃþ¦üÃÄ,,¤@¯ë¥i¥Î,¬O,¥i¥ÎÃÄ¥]¾÷,±ø¥ó¤Uµ¹¥I,¤@¯ë,Á`¶q¶i¦ì,¾AÀ³¯g:¬°±Æ§¿¾÷¯à§ïµ½¾¯,,Urinary tract antispasmodic,,¥~ Æ[:¥Õ¦â¶ê«ó§Î¿õ¾¯,,,,,,¥¬©Ô¹F­Û½¤¦ç¿õ,Bladderon 200mg,,,§_,¬O,,,,,,,,,¤@¯ë,¤@¯ë,Äµ »y:½Ð¿í·ÓÂå®v«ü¥Ü¨Ï¥Î¡A­Yµo¥ÍºÃ¦üÃÄª«¤£¨}¤ÏÀ³½Ð§iª¾Âå¥Í¡C,,,,,§_,1.0,,§_,§_,§_,³æ¤è,§_,°±¥Î,¥i¥Î,¥i¿i,¬O,,1.00,1.00,1.00,1.00,999,999,1,1,0,0,0,0,,µL¹Ï¤ù,,0,,0,,,,,,,,,,,TAB,§_,°·«Oµ¹¥I,°·«Oµ¹¥I,FLAVOXATE,G04BD02,B010742100,§_,SolidDrugForm,ORTAB,,,,,,,,,PH047,202303141725,9.40,12.00
OBLO,20030623,99999999,¥i¥Î,Blopress 8mg,Blopress 8mg,Candesartan,PO,QD,CAVS,CV-08-00,¤fªA,TAB,Blopress,«D²Õ®M,,OCAND8,¤@¯ë¥i¥Î,¬O,¥i¥ÎÃÄ¥]¾÷,¥i¥Î,¤@¯ë,Á`¶q¶i¦ì,¾AÀ³¯g:¤ßÅ¦¯f¡A ¤ß°IºÜ¡A °ª¦åÀ£,,Indication:Hypertension¡A heart failure & heart disease.,,¥~ Æ[:²H¯»¦â¶ê§Î¿õ¾¯¡A Âù­±¤¤¥¡¨è²ª,Appearance:Light pink round tablet,·w¯t¡A ÀYµh¡A ©I§l¹D·P¬V¡A §C¦åÀ£¡A °ª¦å¹[,Dizziness/vertigo¡A headache¡A respiratory tract infection¡A hypotension¡A hyperkale,,¬Ò¥i¥Î,³Õ¯ßµÎ,Blopress 8mg,,,¬O,¬O,½Ã±Ð³æ¤T,½Ð¿í·ÓÂå®v«ü¥Ü¥ÎÃÄ¡A ¤Å¦Û¦æ§ó§ï¾¯¶q©Î¥ÎÃÄ®É¶¡,,Follow doctor's advice. Do not change your dose or schedule.,,­¹ª«¥æ¤¬§@¥Î: ªAÃÄ´Á¶¡À³Á×§K¹L¶qÄá¨ú¹[ÆQ(¦p:¥NÆQ),Food interaction:Avoid over take potassium salt.,,¤@¯ë,¤@¯ë,Äµ »y:½Ð¿í·ÓÂå®v«ü¥Ü¥ÎÃÄ¡A¤Å¦Û¦æ§ó§ï¾¯¶q©Î¥ÎÃÄ®É¶¡¡C,­¹ ­¹ª«¥æ¤¬,,,,§_,1.0,,§_,¬O,§_,³æ¤è,§_,¥i¥Î,¥i¥Î,¥i¿i,¬O,,1.00,1.00,4.00,4.00,999,999,1,1,4.00,4.00,0,0,,¦³¹Ï¤ù,,0,,0,,C09CA06,,,,,,,,,TAB,§_,°·«Oµ¹¥I,°·«Oµ¹¥I,CANDESARTAN 8MG + HYDROCHLOROTHIAZIDE 0-12.5MG,C09CA06,BC23128100,§_,SolidDrugForm,ORTAB,,,,,,,,,PH047,202303070939,6.20,9.00
OBMZ,20230209,99999999,¥i¥Î,Bromazin 3mg,Bromazin 3mg,Bromazepam,PO,TID,CNEU,CN-02-02,¤fªA,TAB,Lexotan,«D²Õ®M,°±¥Î,OLEX3,¤@¯ë¥i¥Î,¬O,¤£¥i¥ÎÃÄ¥]¾÷,¥i¥Î,¤@¯ë,Á`¶q¶i¦ì,¾AÀ³¯g:µJ¼{ª¬ºA¡A ¨ã¦Ù¦×ÃP¦¢§@¥Î,,Indication: Anxiety status.,,¥~ Æ[:¯»¬õ¦â¶ê«ó§Î¿õ¾¯¡A¤@­±¨è¦³JCP 3¦r¼Ë,Appearance:Pink Round Tablet marked with JCP 3,«äºÎ¡B¯t·w¡BÀYµh¡B¤f´÷¡Bäú¤ß¡B«K¯µ¡B¯h³Ò¡B¦Ù¦×ºò±i´î§C,Somnolence¡A dizziness¡A headache¡A ataxia¡A nausea¡A constipation¡A fatigue,,¬Ò¥i¥Î,¦ÈÀR¿õ,Bromazin 3mg,,,¬O,¬O,½Ã±Ð³æ¥|,ªAÃÄ«á¡A ½Ð¤Å¶}¨®©Î¾Þ§@¦MÀI¾÷±ñ; ¤Å¶¼°s,,Be careful driving or operating machinery. Avoid alcohol.,,­¹ª«¥æ¤¬§@¥Î: ªAÃÄ´Á¶¡Á×§K­¹¥Î¸²µå¬c¥Ä»P¶¼°s,Food interaction: Avoid grapefruit juice and alcohol.,,¤@¯ë,¥|¯ÅºÞ¨î,Äµ »y:ªAÃÄ«á¡A½Ð¤Å¶}¨®©Î¾Þ§@¦MÀI¾÷±ñ¡F¤Å¶¼°s,­¹ ­¹ª«¥æ¤¬,,0,0,§_,1.0,,§_,¬O,§_,³æ¤è,§_,¥i¥Î,¥i¥Î,¤£¥i¿i,¬O,,1.00,1.00,4.00,4.00,30,30,1,1,12.00,12.00,0,0,,¦³¹Ï¤ù,,0,,0,,N05BA08,,,,,3.00,mg,10.00,mg,TAB,,°·«Oµ¹¥I,°·«Oµ¹¥I,BROMAZEPAM,N05BA08,AC260801G0,§_,SolidDrugForm,ORTAB,,,0,,0,,,,PH008,202302100956,2.00,3.00
OBNG,20230227,99999999,¥i¥Î,BNG-1 3gm/pack¡A 84pack/²°,BNG-1 3gm/pack¡A 84pack/²°,·íÂk¡A¶ÀÍÁ¡A¬õ¯Ï¡A¤ÑªÇ¶À¡A¤H°Ñ¡A®ã­J¡A¶À³s¡A¥Ì¯ó,PO,TIDAC,HEMT,HE-07-00,¤fªA,PK,¾i¸£´²,«D²Õ®M,°±¥Î,,¤@¯ë¥i¥Î,¬O,¤£¥i¥ÎÃÄ¥]¾÷,°·«O¤£µ¹¥I,¤@¯ë,Á`¶q¶i¦ì,¾AÀ³¯g:»²§U§ïµ½20-65·³¯Ê¦å©Ê¸£¤¤­·±wªÌ¤é±`¥Í¬¡¦Û²z¯à¤O,,Indication:Adjuvant therapy for adults with ischemic stroke,,¥~ Æ[:3§J´²¾¯¾Tºä¥]¸Ë,Appearance:3-gram aluminum foil sachet,«K¯¦¡B¸¡µh¡B¸¡Âm¡C,Constipation¡A abdominal pain¡A diarrhea.,,¥u¥Î©óªù¶E¤Î¦í°|STAT,"¸£±o¥Í"¾i¸£´²,BNG-1 3gm/pack,,­­¦Û¶O,§_,¬O,,½Ð©ó¶º«e¤@¤p®É©Î¶º«á¨â¤p®É¥H·Å¶}¤ôªA¥Î¡C,¥»«~»Pªü´µ¤ÇÆF¨âªÌÀ³¹j¶}¦Ü¤Ö¤@¤p®ÉªA¥Î¡C,Take this medication 1 hour before or 2 hours after meals.,BNG-1 and aspirin should be taken at least one hour apart.,³sÄò¨Ï¥Î¤j©ó4¶g¤§®ÄªG©|¥¼ÃÒ¹ê¡A¨Ö¥Î¨ä¥LÃÄª«»Ý¥ÑÂå®v«ü¥Ü¡C,Effectiveness >4 weeks unproven. Consult doctor before using with other drugs.,202302:­Ó®×Á{±Ä 2023Q2ÃÄ©eÂà±`³Æ,¤@¯ë,¤@¯ë,Äµ »y:½Ð¸m©ó«Äµ£µLªk¨ú±o¤§³B,,,0,0,§_,84.0,,§_,¬O,¬O,½Æ¤è,§_,°±¥Î,°±¥Î,¥i¿i,§_,,1.00,1.00,1.00,1.00,28,28,1,1,3.00,3.00,0.01,0.01,,¦³¹Ï¤ù,,0,,0,,,,,,,0,,0,,²°,§_,¤£µ¹¥I¶·¦Û¥I,¤£µ¹¥I¶·¦Û¥I,,,,§_,SolidDrugForm,POWD,,,0,,0,,,,PH008,202401021150,0,32400.00
OBNGP,20231220,99999999,¥i¥Î,BNG-1 powder 3gm/pack,BNG-1 powder 3gm/pack,·íÂk¡A¶ÀÍÁ¡A¬õ¯Ï¡A¤ÑªÇ¶À¡A¤H°Ñ¡A®ã­J¡A¶À³s¡A¥Ì¯ó,PO,TIDAC,HEMT,HE-07-00,¤fªA,PK,¾i¸£´²,«D²Õ®M,,,¤@¯ë¥i¥Î,¬O,¤£¥i¥ÎÃÄ¥]¾÷,°·«O¤£µ¹¥I,¤@¯ë,Á`¶q¶i¦ì,¾AÀ³¯g:»²§U§ïµ½20-65·³¯Ê¦å©Ê¸£¤¤­·±wªÌ¤é±`¥Í¬¡¦Û²z¯à¤O,,Indication:Adjuvant therapy for adults with ischemic stroke,,¥~ Æ[:3§J´²¾¯¾Tºä¥]¸Ë,Appearance:3-gram aluminum foil sachet,«K¯¦¡B¸¡µh¡B¸¡Âm¡C,Constipation¡A abdominal pain¡A diarrhea.,,¬Ò¥i¥Î,"¸£±o¥Í"¾i¸£´²,BNG-1 powder 3gm/pack,,­­¦Û¶O,,¬O,,½Ð©ó¶º«e¤@¤p®É©Î¶º«á¨â¤p®É¥H·Å¶}¤ôªA¥Î¡C,¥»«~»Pªü´µ¤ÇÆF¨âªÌÀ³¹j¶}¦Ü¤Ö¤@¤p®ÉªA¥Î¡C,Take this medication 1 hour before or 2 hours after meals.,BNG-1 and aspirin should be taken at least one hour apart.,³sÄò¨Ï¥Î¤j©ó4¶g¤§®ÄªG©|¥¼ÃÒ¹ê¡A¨Ö¥Î¨ä¥LÃÄª«»Ý¥ÑÂå®v«ü¥Ü¡C,Effectiveness >4 weeks unproven. Consult doctor before using with other drugs.,202312 ­p»ù³æ¦ì¥Ñ²°(OBNG)§ï¬°¥](OBNGP),¤@¯ë,¤@¯ë,Äµ »y:½Ð¸m©ó«Äµ£µLªk¨ú±o¤§³B,,,0,0,§_,1.0,,§_,¬O,¬O,½Æ¤è,§_,°±¥Î,°±¥Î,¤£¥i¿i,¬O,,1.00,1.00,1.00,1.00,28,28,1,1,3.00,3.00,0,0,,¦³¹Ï¤ù,,0,,0,,,,,,,0,,0,,PK,,¤£µ¹¥I¶·¦Û¥I,¤£µ¹¥I¶·¦Û¥I,,,,§_,SolidDrugForm,POWD,,,0,,0,,,,PH047,202403111149,0,386.00
OBOK,19960101,99999999,¥i¥Î,Bokey 100mg,Bokey 100mg,Acetylsalicylic Acid,PO,QD,HEMT,HE-03-00,¤fªA,CAP,Aspirin,«D²Õ®M,,,¤@¯ë¥i¥Î,¬O,¥i¥ÎÃÄ¥]¾÷,,¤@¯ë,Á`¶q¶i¦ì,¾AÀ³¯g:¬°¸Ñ¼öÂíµhÃÄ¡A ¥i§í¨î¦å¤pªO¾®¶°(¹w¨¾¤ß¦åºÞªý¶ë),,Indication:Prophylaxis of stroke & analgesic¡A antipyretic,,¥~ Æ[:ÂA¾í/³z©ú¦âªø¶ê¬W§Îµw½¦Ån,Appearance:Orange/clear hard capsule,¤ß¨`¼ö©Î®ø¤Æ¤£¨},Heartburn or indigestion,,,§B°ò¸z·»½¦Ån,Bokey,,,§_,¬O,,Åú¨§¯g±wªÌ¤£±oªA¥Î¥»ÃÄ,,Avoid in patients with G6PD deficiency.,,³Æµù: ª`·N¥X¦å²§±`±¡§Î,Attention abnormal bleeding.,,¤@¯ë,¤@¯ë,Äµ »y:Åú¨§¯g±wªÌ¤£±oªA¥Î¥»ÃÄ,,,,,§_,1.0,,§_,¬O,§_,³æ¤è,§_,¥i¥Î,¥i¥Î,¥i¿i,¬O,,1.00,1.00,3.00,3.00,999,999,1,1,6.00,6.00,1.00,0.25,,¦³¹Ï¤ù,,0,,0,,B01AC06,N02BA01,,,,,,,,CAP,§_,°·«Oµ¹¥I,°·«Oµ¹¥I,ACETYLSALICYLIC ACID,B01AC06,AC373441G0,§_,SolidDrugForm,ENTCAP,,,,,,,,,PH047,202402121347,2.00,3.00
OBON,19960101,99999999,°±¥Î,Bonamine 25mg,Bonamine 25mg,Meclizine,PO,,CNEU,CN-03-08,¤fªA,TAB,Bonamine,«D²Õ®M,°±¥Î,OMEC,¤@¯ë¥i¥Î,¬O,¤£¥i¥ÎÃÄ¥]¾÷,,¤@¯ë,Á`¶q¶i¦ì,¾AÀ³¯g:äú¤ß¡B¹Ã¦R¡B·w¯tµ¥,,Treatment of nausea¡A vomiting and dizziness,,¥~ Æ[:¥Õ¦â¶ê«ó§Î¿õ¾¯,,,,,,«O­@·w¤ù,Bonamine 25mg,,,§_,¬O,,,,,,,,,¤@¯ë,¤@¯ë,Äµ »y:³¡¤À¤H¨Ï¥Î«á¥i¯à¤Þ°_¯h­Â¡BµtºÎªº²{¶H,,,,,§_,1.0,,§_,§_,§_,³æ¤è,§_,°±¥Î,¥i¥Î,¥i¿i,¬O,,1.00,1.00,4.00,4.00,999,999,1,1,0,0,0,0,,µL¹Ï¤ù,,0,,0,,,,,,,,,,,TAB,§_,°·«Oµ¹¥I,°·«Oµ¹¥I,MECLIZINE,R06AE05,N003340100,§_,SolidDrugForm,ORTAB,,,,,,,,,PH047,202303141726,0,2.00
OBONE,19960101,99999999,°±¥Î,Bonefos 400mg,Bonefos 400mg,Clodronate,PO,TIDAC,META,ME-06-00,¤fªA,CAP,Bonefos,«D²Õ®M,Á{±ÄÃÄ¡A½Ð³qª¾ÃÄ§½¥~ÁÊ,,­Ó®×Á{±Ä,¬O,¤£¥i¥ÎÃÄ¥]¾÷,±ø¥ó¤Uµ¹¥I,¤@¯ë,Á`¶q¶i¦ì,¾AÀ³¯g:´c©Ê¸~½F¤Þ°_¤§°ª¦å¶t©Î°©·»¸Ñ,,Indication:Inhibit osteoclast-mediated bone resorption,,¥~ Æ[:²H¶À¾í¦âªø¶ê¬W§Îµw½¦Ån,Appearance:Light yellow cylinder hard capsule,»´·Lªº¸z­G¨ë¿E¡A §C¦å¶t,Mild GI irritation¡A hypocalcemia,,,°©´_µÎ½¦Ån,Bonefos 400mg,,,§_,§_,,½ÐÁ×§K»P¤¤©M­G»Ä¥ÎªºÃÄ(¤@¯ë­GÃÄ)¨ÖªA¡A ¥H½T«OÀø®Ä,,Avoid taking with antacid.,,³Æµù: ºû«ù¾A¶qªº¤ô¤ÀÄá¨ú,Maintain adequate fluid intake,ÃÄ©e·|¤Ö¼Æ­Ó®×Á{±Ä (101-2),¤@¯ë,¤@¯ë,Äµ »y:½ÐÁ×§K»P¤¤©M­G»Ä¥ÎªºÃÄ (¤@¯ë­GÃÄ) ¨ÖªA¡A¥H½T«OÀø®Ä,,,,,§_,1.0,,§_,¬O,§_,³æ¤è,§_,¥i¥Î,¥i¥Î,¤£¥i¿i,¬O,,1.00,1.00,2.00,2.00,999,999,1,1,8.00,8.00,0,0,,¦³¹Ï¤ù,,0,,0,,M05BA02,,,,,,,,,CAP,§_,°·«Oµ¹¥I,°·«Oµ¹¥I,DISODIUM CLODRONATE,M05BA02,BC21808100,§_,SolidDrugForm,ORCAP,,,,,,,,,PH047,202303141726,29.60,38.00
OBOW,20160915,99999999,¥i¥Î,Bowklean powder 16.2gm¡A 2pk/box,Bowklean powder 16.2gm¡A 2pk/box,Picosulfate + MgO + Citric acid,PO,,ALIM,GI-03-00,¤fªA,PK,Prepopik,«D²Õ®M,,,¤@¯ë¥i¥Î,¬O,¤£¥i¥ÎÃÄ¥]¾÷,°·«O¤£µ¹¥I,¤@¯ë,Á`¶q¶i¦ì,¾AÀ³¯g:¬°¦¨¤H¸z¹DÀË¬d¡A ¤â³N«e²b¸z¥ÎÃÄ,,Indication:Osmotic laxative agent.,,¥~ Æ[:16.2§J¯»¾¯¥]¸Ë,Appearance:16.2gm powder,ÀYµh¡Aäú¤ß¡A¹Ã¦R¡A¸¡µh¡A ¤Ö¦³ª½¸z¨ë¿E,Headache¡A nausea¡A vomiting¡A abdominal pain¡A rarely rectal irritation.,,¬Ò¥i¥Î,«O¥i²b´²¾¯,Bowklean Powder 16.2gm,,,,¬O,,¨C¥]¯»¶·¥H150mL§N¤ô°t»s¦¨·»²G¡A ÅÍ©Õ5¤ÀÄÁ·»¸Ñ«á¡A ¤fªA§ë¤©¡A ¨Ã¶¼¥Î¨¬¶q¬y½è²GÅé¡C,¤£¥iª½±µ§]ªA¯»¾¯,Mix each package with 150mL cold water and stir for 5 minutes before taking.,Do not take the powder directly.,Á×§K¤@¤p®É¤º»P¨ä¥L¤fªAÃÄ¨Ö¥Î,Co-administration of oral medication within 1 hr may be flushed out.,105¦~9¤ëÃÄ©e·s¶i,¤@¯ë,¤@¯ë,¨C¥]¶·¥H150mL±`·Å§N¤ô°t»s¦¨·»²G¡A ÅÍ©Õ5¤ÀÄÁ·»¸Ñ«á¡A ¤fªA§ë¤©¡A ¨Ã¶¼¥Î¨¬¶q¬y½è²GÅé¡C,,,0,0,§_,2.0,,§_,¬O,§_,½Æ¤è,§_,°±¥Î,°±¥Î,¤£¥i¿i,¬O,,1.00,1.00,2.00,2.00,1,1,1,1,4.00,4.00,0,0,,¦³¹Ï¤ù,,0,,0,,A06AB08,A06AD02,A09AB04,,,0,,0,,BOX,,¤£µ¹¥I¶·¦Û¥I,¤£µ¹¥I¶·¦Û¥I,,,,§_,SolidDrugForm,POWD,,,,,,,,,PH008,202311071414,0,580.00
OBRI,20131216,99999999,¥i¥Î,Brilinta 90mg,Brilinta 90mg,Ticagrelor,PO,BID,HEMT,HE-03-00,¤fªA,TAB,Brilinta,«D²Õ®M,,,¤@¯ë¥i¥Î,¬O,¥i¥ÎÃÄ¥]¾÷,,¤@¯ë,Á`¶q¶i¦ì,¾AÀ³¯g:¥i§í¨î¦å¤pªO¾®¶°§@¥Î¡A ¹w¨¾¤ß¦åºÞ®ê¶ë,,Indication:Prevention of atherothrombotic events,,¥~ Æ[: ¶ê§ÎÂù¥Y¶À¦â¿õ¾¯¡A¦L¦³90 T,Appearance:Yellow round tablet¡A marking: 90 T.,©I§l§xÃø¡A »ó¥X¦å¡A ­G¸z¹D¥X¦å,Dyspnoea¡A epistaxis¡A GI haemorrhage¡A,,¬Ò¥i¥Î,¦ÊµL¾®,Brilinta 90mg,,,§_,¬O,,¥X²{¥ô¦ó²§±`·ï«C©Î¥X¦å¡A¶Ë¤f¤£©ö¤î¦å¡A½Ð¾¨³t»PÂå®vÁpµ¸,,Report any signs of unusual bruising or bleeding to doctor immediately.,,,,102¦~²Ä¥|¦¸ÃÄ©e·|·s¶i,¤@¯ë,¤@¯ë,Äµ »y: ¥X²{¥ô¦ó²§±`·ï«C©Î¥X¦å¡A¶Ë¤f¤£©ö¤î¦å¡A½Ð¾¨³t»PÂå®vÁpµ¸,SA «÷­µ¬Û¦ü,,0,0,§_,1.0,,§_,¬O,§_,³æ¤è,§_,¥i¥Î,¥i¥Î,¥i¿i,¬O,,1.00,1.00,2.00,2.00,999,999,1,1,2.00,2.00,0,0,,¦³¹Ï¤ù,,0,,0,,B01AC24,,,,,,,,,TAB,,°·«Oµ¹¥I,°·«Oµ¹¥I,TICAGRELOR,B01AC24,BC25691100,§_,SolidDrugForm,ORTAB,,,,,,,,,PH047,202303141726,27.80,36.00
OBRI2,19960101,99999999,°±¥Î,Bricanyl 2.5mg,Bricanyl 2.5mg,Terbutaline,PO,,ERSP,RE-01-00,¤fªA,TAB,Bricanyl,«D²Õ®M,°±¥Î,OMEP,¤@¯ë¥i¥Î,¬O,¥i¥ÎÃÄ¥]¾÷,,¤@¯ë,Á`¶q¶i¦ì,¾AÀ³¯g:¹w¨¾¤ÎªvÀø¤ä®ðºÞµjÅË,,Bronchial asthma¡A bronchitis¡A emphysema.,,¥~ Æ[¥Õ¦â¶ê§Î¿õ¾¯¡A¤@­±¤¤¶¡¦³¨è²ª¨Ã¦³A¤ÎTP¨è¦L¡A¤@­±¦³2.5¨è¦L,,,,,,,Bricanyl 2.5mg,,,§_,¬O,,,,,,,,,¤@¯ë,¤@¯ë,Äµ »y:½ÐÁ×§K»P¤¤©M­G»Ä¥ÎªºÃÄ (¤@¯ë­GÃÄ) ¨ÖªA¡A¥H½T«OÀø®Ä,,,,,§_,1.0,,§_,§_,§_,³æ¤è,§_,¥i¥Î,¥i¥Î,¥i¿i,¬O,,1.00,1.00,999.00,999.00,999,999,1,1,0,0,0,0,,µL¹Ï¤ù,,0,,0,,,,,,,,,,,TAB,§_,°·«Oµ¹¥I,°·«Oµ¹¥I,TERBUTALINE,R03CC03,B017209100,§_,SolidDrugForm,ORTAB,,,,,,,,,PH047,202303141726,1.00,3.00
OBRIN,20190620,99999999,¥i¥Î,BrinteLLIX 10mg(±Ó¯S«ä),BrinteLLIX 10mg,Vortioxetine,PO,QD,CNEU,CN-02-05,¤fªA,TAB,Brintellix,«D²Õ®M,¼t°Ó¯Ê³f,,¤@¯ë¥i¥Î,¬O,¤£¥i¥ÎÃÄ¥]¾÷,±ø¥ó¤Uµ¹¥I,¤@¯ë,Á`¶q¶i¦ì,¾AÀ³¯g:¦¨¤HÆ{¯g,,Indication:Treatment of major depressive disorder,,¥~ Æ[:²H¶À¦â§ö¤¯§Î¿õ¾¯¡A¼Ð°OTL 10.,Appearance:Light yellow almond shaped tablets¡A marked TL 10.,äú¤ß¡A·w¯t¡A¸z­G¹D»ÙÃª,Nausea¡A dizziness¡A Gastrointestinal disorder,,¬Ò¥i¥Î,±Ó¯S«ä½¤¦ç¿õ,BrinteLLIX 10mg,,,,¬O,,­Y¥X²{¥ô¦ó°Æ§@¥Î¼x¶HÀ³¥ß§Y»PÂå®vÁpÃ´¡C,,Check with doctor if you notice any side effects.,,­¹ª«¥æ¤¬§@¥Î: ªAÃÄ´Á¶¡Á×§K¶¼°s,Food interaction:Avoid alcohol.,2019Q2ÃÄ©e·s¶i,¤@¯ë,¤@¯ë,,SA «÷­µ¬Û¦ü,,0,0,§_,1.0,,§_,¬O,§_,³æ¤è,§_,¥i¥Î,¥i¥Î,¥i¿i,¬O,,1.00,1.00,2.00,2.00,999,999,1,1,2.00,2.00,0,0,,¦³¹Ï¤ù,,0,,0,,N06AX26,,,,,0,,0,,TAB,§_,°·«Oµ¹¥I,°·«Oµ¹¥I,VORTIOXETINE,N06AX26,BC26996100,,SolidDrugForm,ORTAB,,,0,,0,mL,,,PH006,202312071325,33.20,43.00
OBRO,20160915,99999999,¥i¥Î,Broen-C 20000IU/20mg,Broen-C 20000IU/20mg,Bromelain + L-Cysteine,PO,TID,CNEU,CN-03-12,¤fªA,TAB,Pineapple enzyme,«D²Õ®M,,,¤@¯ë¥i¥Î,¬O,¥i¥ÎÃÄ¥]¾÷,¥i¥Î,¤@¯ë,Á`¶q¶i¦ì,¾AÀ³¯g:½w¸ÑÆ{¿n¡B¸~µÈ¡A¨ã·»·ð¡B¤ÆÁw§@¥Î¡C,,Indication:Relieves congestion¡A swelling; mucus/pus removal.,,¥~ Æ[:·t¶À¦â¶ê¥Y§Î¿õ¾¯¡A¤@­±¦LC¡A¤@­±¦LNK,Appearance: Dark yellow round tablet,­G¸z¤£¾A¡B¸¡Âm¡Bäú¤ß¡B¹Ã¦R¡B¬õ´³¡B·kÄo¡C,Upset stomach¡A diarrhea¡A nausea¡A vomiting¡A erythema¡A pruritus.,,¬Ò¥i¥Î,¼³ª¢³ß¸z·»¿õ,Broen-C 20000IU/20mg,,,,§_,,®ø¤Æ¾¹©x¼ìºÅ¡B­««×¨xµÇ¥\¯à¤£¥þ¡B¾®¦å²§±`ªÌ¤£¥i¨Ï¥Î¥»¾¯,,Avoid use in digestive tract ulcers¡A severe liver or kidney,impairment¡A blood coagulation disorders,³Æµù:À³¾ã²É§]ªA¡A¤Á¤Å«rÄZ©ÎÀ£¸H¡C¹ï»ñ±ù¹L±ÓªÌ¸T¥Î¡C,Swallow the tablet whole. Notify your doctor if you are allergic to pineapple.,,¤@¯ë,¤@¯ë,Äµ »y:À³¾ã²É§]ªA¡A¤Á¤Å«rÄZ©ÎÀ£¸H¡C¹ï»ñ±ù¹L±ÓªÌ¸T¥Î¡C,,,0,0,§_,1.0,,§_,¬O,§_,½Æ¤è,§_,¥i¥Î,°±¥Î,¤£¥i¿i,¬O,,1.00,1.00,2.00,2.00,999,999,1,1,6.00,6.00,0,0,,¦³¹Ï¤ù,,0,,0,,B06AA11,M09AB03,,,,0,,0,,TAB,,°·«Oµ¹¥I,°·«Oµ¹¥I,BROMELAIN 20KIU + CYSTEINE 20MG,M09AB,AC39239100,§_,SolidDrugForm,ECTAB,,,,,,,,,PH047,202310091433,4.14,6.00
OBRVA,20210915,99999999,¥i¥Î,Briviact 100mg,Briviact 100mg,Brivaracetam,PO,QD,CNEU,CN-03-01,¤fªA,TAB,Briviact,«D²Õ®M,,,¤@¯ë¥i¥Î,¬O,¤£¥i¥ÎÃÄ¥]¾÷,±ø¥ó¤Uµ¹¥I,¤@¯ë,Á`¶q¶i¦ì,¾AÀ³¯g:ªvÀø4·³¥H¤W§½³¡Åöíwµo§@,,Indication:Adjunct in partial seizures for 4 years older.,,¥~ Æ[:¦Çºñ¦â¾ò¶ê§Î¿õ¾¯¡A ¼Ð¥Üu100,Appearance:Grey green elliptic tablet¡A with u100 marked.,¶ÝºÎ¡BÂíÀR¡B·w¯t¡B¯h­Â¡Bäú¤ß¡B¹Ã¦R,Drowsiness¡A sedation¡A dizziness¡A fatigue¡A nausea¡A vomiting,,¬Ò¥i¥Î,¥²ªvÅö½¤¦ç¿õ100²@§J,Briviact 100mg,,,¬O,¬O,,½Ð¨Ì·ÓÂå®v«ü¥ÜªAÃÄ. Á×§K¬ðµM°±ÃÄ,,Follow doctor's advice. Do not stop using this medicine suddenly.,,¥i¯à·|³y¦¨¶ÝºÎ©Î·w¯t¡A ¶}¨®©Î¾Þ§@¦MÀI¾÷¾¹½Ð¤p¤ß,May make you dizzy; use caution while driving or operating machinery.,2021Q3ÃÄ©e·s¶i,¤@¯ë,¤@¯ë,½Ð¨Ì·ÓÂå®v«ü¥ÜªAÃÄ. Á×§K¬ðµM°±ÃÄ,,,0,0,§_,1.0,,§_,¬O,§_,³æ¤è,§_,¥i¥Î,¥i¥Î,¤£¥i¿i,¬O,,1.00,1.00,2.00,2.00,999,999,28,7,2.00,2.00,0.05,0.05,,¦³¹Ï¤ù,,0,,0,,N03AX23,,,,,0,,0,,TAB,,°·«Oµ¹¥I,°·«Oµ¹¥I,BRIVARACETAM,N03AX23,BC27717100,§_,SolidDrugForm,ORTAB,,,0,,0,,,,PH047,202402140701,46.40,60.00
OBUS,19960101,99999999,°±¥Î,Buscopan 10mg,Buscopan 10mg,Hyoscin-Butylbromide,PO,,ALIM,GI-05-00,¤fªA,TAB,Buscopan,«D²Õ®M,°±¥Î,OBUW,¤@¯ë¥i¥Î,¬O,¥i¥ÎÃÄ¥]¾÷,,¤@¯ë,Á`¶q¶i¦ì,¾AÀ³¯g:¥Dªv¥­·Æ¦ÙµjÅË,,Gastric and duodenal ulcer¡A intestinal colic¡A cholelithic co,,¥~ Æ[:¥Õ¦â¶ê§Î¿}¦ç¿õ,,,,,,,Buscopan 10mg,,,§_,¬O,,,,,,,,,¤@¯ë,¤@¯ë,,,,,,§_,1.0,,§_,§_,§_,³æ¤è,§_,¥i¥Î,¥i¥Î,¥i¿i,¬O,,1.00,1.00,999.00,999.00,999,999,1,1,0,0,0,0,,µL¹Ï¤ù,,0,,0,,,,,,,,,,,TAB,§_,°·«Oµ¹¥I,°·«Oµ¹¥I,BUTYLSCOPOLAMINE,A03BB01,A028452100,§_,SolidDrugForm,ORTAB,,,,,,,,,PH047,202303141726,1.42,3.00
OBUSR,20141230,99999999,¥i¥Î,Busron 10mg,Busron 10mg,Buspirone,PO,BID,CNEU,CN-02-02,¤fªA,TAB,Buspar (§ÜµJ¼{ÃÄª«),«D²Õ®M,,,¤@¯ë¥i¥Î,¬O,¤£¥i¥ÎÃÄ¥]¾÷,¥i¥Î,¤@¯ë,Á`¶q¶i¦ì,¾AÀ³¯g:µJ¼{ª¬ºA,,Indication:Treatment of anxiety,,¥~ Æ[:¥Õ¦â¶ê«ó«¬¿õ¾¯¡A¤@­±¦³¨è²ª,Appearance:White round tablet,ÀY·w¡A ÀYµh,Dizziness¡A headache,,¬Ò¥i¥Î,¦Ê¨Æ¶©¿õ,Busron 10mg,,,,¬O,,¤Å¶}¨®©Î¾Þ§@¦MÀI¾÷±ñ; ¤Å¶¼°s©Î¸²µå¬c¥Ä,,Caution in driving or using machinery¡A avoid alcohol or grapefruit juice.,,,,2015¦~²Ä¤@¦¸ÃÄ©e·|³q¹L·s¶i,¤@¯ë,¤@¯ë,Äµ »y¡G¤Å¶}¨®©Î¾Þ§@¦MÀI¾÷±ñ¡F¤Å¶¼°s©Î¸²µå¬c¥Ä,,,0,0,§_,1.0,,§_,¬O,§_,³æ¤è,§_,¥i¥Î,¥i¥Î,¥i¿i,¬O,,1.00,1.00,2.00,2.00,999,999,1,1,6.00,6.00,0,0,,¦³¹Ï¤ù,,0,,0,,N05BE01,,,,,0,,0,,TAB,§_,°·«Oµ¹¥I,°·«Oµ¹¥I,BUSPIRONE,N05BE01,AC41445100,§_,SolidDrugForm,ORTAB,,,,,,,,,PH047,202303141726,2.66,4.00
OBUW,20030626,99999999,°±¥Î,Buwecon 0.125mg,Buwecon 0.125mg,Hyoscyamine,PO,TID,ALIM,GI-05-00,¤fªA,TAB,Buscopan,«D²Õ®M,°±¥Î,ONUS,¤@¯ë¥i¥Î,¬O,¤£¥i¥ÎÃÄ¥]¾÷,¥i¥Î,¤@¯ë,Á`¶q¶i¦ì,¾AÀ³¯g:¥Dªv¥­·Æ¦ÙµjÅË¡A ­G¸zµjÅË,,Indication:Antispasmodics of smooth muscle,,¥~ Æ[:¥Õ¦â¶ê«ó§Î¿õ¾¯¡A ¤@­±¦L45 (½Ð­é¨úÃÄ¿õ¡A¤ÅÀ£¥X),Appearance:White round tablet,¤f°®¡A §¿²Gº¢¯d¡A ½Æµø¡A ¤ß±ª,Dry mouth¡A urinary hesitancy & retention¡A blurred vision¡A tachycardia,,¬Ò¥i¥Î,Á~«O½ç±d¿õ,Buwecon 0.125mg,,,§_,¬O,,¥»«~¥i¯à·|­°§C±zªºª`·N¤O¡BÄµÄ±©Ê¤Î°Ê§@¨ó½Õ¯à¤O,,May cause dizziness¡A weakness¡A lack of coordination.,,,,,¤@¯ë,¤@¯ë,Äµ »y:¥»«~¥i¯à·|­°§C±zªºª`·N¤O¡BÄµÄ±©Ê¤Î°Ê§@¨ó½Õ¯à¤O,,,,,§_,1.0,,§_,§_,§_,³æ¤è,§_,°±¥Î,°±¥Î,¥i¿i,¬O,,1.00,1.00,2.00,2.00,999,999,0,1,12.00,12.00,0.30,0.10,,¦³¹Ï¤ù,,0,,0,,A03BA03,,,,,,,,,TAB,§_,°·«Oµ¹¥I,°·«Oµ¹¥I,HYOSCYAMINE,A03BA03,AC44317100,§_,SolidDrugForm,ORTAB,,,,,,,,,PH006,201809300934,1.75,3.00
OCACO3,19960101,99999999,°±¥Î,Ca. Carbonate 500mg,Ca. Carbonate 500mg,Calcium Carbonate,PO,,NUTR,NU-03-00,¤fªA,TAB,Calcium Carbonate,«D²Õ®M,°±¥Î,OACAL,¤@¯ë¥i¥Î,¬O,¤£¥i¥ÎÃÄ¥]¾÷,°·«O¤£µ¹¥I,¤@¯ë,Á`¶q¶i¦ì,¾AÀ³¯g: ¸É¥R¶t½è¡A½w¸Ñ­G³¡¤£¾A©Î¨`¼ö·P¡C,,Indication: Calcium supplement¡A antacid,,¥~ Æ[:²H¶À¦â¶ê«ó§Î¿õ¾¯¡A ¨â­±¦LCOSAI,Appearance:Light yellow round tablet,«K¯µ©Î¸¡Âm¡A°ª¦å¶t¡C,Constipation or diarrhea¡A hypercalcinemia,,,"¤«¥Ð"ºÒ»Ä¶t¿õ,Ca. Carbonate 500mg,,,§_,¬O,,¥»«~¥iÄZ¸H«á§]ªA,,Chew thoroughly and swallow.,,,,2013¦~²Ä¤T¦¸ÃÄ©e·|¨MÄ³§R°£,¤@¯ë,¤@¯ë,Äµ »y:¥»«~¥iÄZ¸H«á§]ªA,,,,,§_,1.0,,§_,§_,§_,³æ¤è,§_,¥i¥Î,¥i¥Î,¥i¿i,¬O,,1.00,1.00,8.00,8.00,999,999,1,1,14.00,14.00,0.30,0.08,,¦³¹Ï¤ù,,0,,0,,A02AC01,,,,,,,,,TAB,§_,¤£µ¹¥I¶·¦Û¥I,¤£µ¹¥I¶·¦Û¥I,,,,§_,SolidDrugForm,ORTAB,,,,,,,,,PH047,202303141726,0,2.00
OCAD,20180917,99999999,¥i¥Î,Caduet 5/20mg,Caduet 5/20mg,Amlodipine + Atorvastatin,PO,QD,CAVS,CV-13-00,¤fªA,TAB,Caduet,«D²Õ®M,,,¤@¯ë¥i¥Î,¬O,¤£¥i¥ÎÃÄ¥]¾÷,±ø¥ó¤Uµ¹¥I,¤@¯ë,Á`¶q¶i¦ì,¾AÀ³¯g:ªvÀø°ª¦åÀ£©Î¤ßµ±µhªí²{¤§«a¤ß¯f¡A¨Ö¦³°ª¦å¯×¯e¯f¡A,­°§C¤ß¦åºÞ´c¤Æ­·ÀI,Indication:Hypertension or angina and hyperlipidaemia.,,¥~ Æ[:¥Õ¦â¾ò¶ê§Î¿õ¾¯¡A¤@­±¦L¦³CDT¡A 052¡F¤@­±pfizer,Appearance:White elliptic tablet¡A marking: CDT¡A 052,¸}½ï¸~µÈ¡A ¸¡³¡¯kµh¡A ÀYµh¡A ÀY·w¡A ¤ß±ª¡A äú¤ß¡A ¤U­Iµh,Swelling of ankles or feet¡A abdominal pain¡A headache¡A dizziness¡A lower back pain,,¬Ò¥i¥Î,¯×¯ßÀu5²@§J/20²@§J,Caduet 5/20mg,,,,¬O,,­Y¦³¤£©ú­ì¦]ªº¦Ù¦×µh¡A Ä²µh©ÎµL¤O¡A ¥B¨Ö¦³µo¿N®É¡A ½Ð¥ß¨è¦^¶E,,Notify your doctor if you have any unexplained muscle pain or tenderness.,,­¹ª«¥æ¤¬§@¥Î: ªAÃÄ´Á¶¡Á×§K­¹¥Î¸²µå¬c¥Ä»P¬õÄT²£«~,Food interaction:Avoid grapefruit juice and red yeast rice.,2018.09 ÃÄ©e·|·s¶i,¤@¯ë,¤@¯ë,Äµ »y:­Y¦³¤£©ú­ì¦]ªº¦Ù¦×µh¡BÄ²µh©ÎµL¤O¡A¥B¨Ö¦³µo¿N®É¡A½Ð¥ß¨è¦^¶E,­¹ ­¹ª«¥æ¤¬,,0,0,§_,1.0,,§_,¬O,§_,½Æ¤è,,¥i¥Î,¥i¥Î,¥i¿i,¬O,,1.00,1.00,2.00,2.00,999,999,28,1,2.00,2.00,0,0,,¦³¹Ï¤ù,,0,,0,,C08CA01,C10AA05,C10BX03,,,0,,0,,TAB,,°·«Oµ¹¥I,°·«Oµ¹¥I,ATORVASTATIN 20 MG + AMLODIPINE 5 MG,C10BX03,BC24392100,,SolidDrugForm,ORTAB,,,0,,0,mL,,,PH071,202202241501,10.90,14.00
OCAF,19960101,99999999,°±¥Î,Cafergot 1/100mg,Cafergot 1/100mg,Ergotamine tartrate + Caffeine,PO,,CNEU,CN-03-07,¤fªA,TAB,Cafergot,«D²Õ®M,°±¥Î¡A¥i¬dÃþ¦üÃÄ,,­­¥æ¥I½Õ¾¯,¬O,¤£¥i¥ÎÃÄ¥]¾÷,,¤£¦LÃÄÅÒ,Á`¶q¶i¦ì,¾AÀ³¯g:¥Dªv°¾ÀYµh,,Indication: treatment of migraine.,,¥~ Æ[:²L¶À¦â¶ê«ó§Î¿õ¾¯¡A¤@­±¦³¤¤¥¡¨è²ª¥[XL,Appearance:Light yellow round tablet,,,,,¥[«D¸¯¿õ,Cafergot 1/100mg,,­­ªù¶E¥æ¥I½Õ¾¯¥Î,§_,¬O,,,,,,,,2016¦~²Ä¤G¦¸ÃÄ©e¨MÄ³ °±¤î¥æ¥I½Õ¾¯¡C,¤@¯ë,¤@¯ë,Äµ »y:¥²­n®É¡A¨C¥b¤p®É1²É¡C¨C¦¸µo§@³Ì¦h6²É¡A¨C¶g³Ì¦h10²É,,,,,§_,1.0,,§_,§_,§_,³æ¤è,§_,¥i¥Î,¥i¥Î,¥i¿i,¬O,,1.00,1.00,3.00,3.00,999,999,1,1,6.00,6.00,0,0,,¦³¹Ï¤ù,,0,,0,,N02CA52,N02CA02,N06BC01,,,,,,,TAB,§_,°·«Oµ¹¥I,°·«Oµ¹¥I,ERGOTAMINE 1MG + CAFFEINE 100MG,N02CA52,B013092100,§_,SolidDrugForm,ORTAB,,,,,,,,,PH047,202303141726,1.34,3.00
OCAL,20021210,99999999,°±¥Î,Caltrate chewable 28's,Caltrate chewable 28's,Calcium Carbonate + Vit D3,PO,QD,NUTR,NU-03-00,¤fªA,TAB,Caltrate,«D²Õ®M,°±¥Î,,¤@¯ë¥i¥Î,¬O,¤£¥i¥ÎÃÄ¥]¾÷,°·«O¤£µ¹¥I,¤@¯ë,Á`¶q¶i¦ì,¾AÀ³¯g:¸É¥R¶t½è,,Indication: calcium supplements.,,¥~ Æ[:²H¬õ¾í¦âªø¤è§Î¿õ¾¯,Appearance:Light red rectangle tablet,äú¤ß¡A ¹Ã¦R,Nausea; vomiting,,¥u¥Î©óªù¶E¤Î¦í°|STAT,®¼¥ß¶t¤ù,Caltrate chewable 28's,,,§_,¬O,,¥»«~¥iÄZ¸H«á§]ªA,,Chew thoroughly and swallow.,,,,,¤@¯ë,¤@¯ë,Äµ »y:¥»«~¥iÄZ¸H«á§]ªA,,,,,§_,28.0,,§_,§_,§_,½Æ¤è,§_,¥i¥Î,¥i¥Î,¥i¿i,§_,,1.00,1.00,2.00,2.00,999,999,28,28,8.00,8.00,0,0,,¦³¹Ï¤ù,,0,,0,,A11CC05,A12AA01,,,,,,,,BOT,§_,¤£µ¹¥I¶·¦Û¥I,¤£µ¹¥I¶·¦Û¥I,,,,§_,SolidDrugForm,CHEWTAB,,,,,,,,,PH047,202303141726,0,164.00
OCAL5,20160808,99999999,¥i¥Î,Calcium Carbonate 500mg,Calcium Carbonate 500mg,Calcium Carbonate,PO,,NUTR,NU-03-00,¤fªA,TAB,Calcium Carbonate,«D²Õ®M,,,¤@¯ë¥i¥Î,¬O,¥i¥ÎÃÄ¥]¾÷,°·«O¤£µ¹¥I,¤@¯ë,Á`¶q¶i¦ì,¾AÀ³¯g: ¸É¥R¶t½è¡A½w¸Ñ­G³¡¤£¾A©Î¨`¼ö·P¡C,,Indication: Calcium supplement¡A antacid,,¥~ Æ[:¶À¦â¶ê«¬¿õ¾¯,Appearance:Yellow round tablet,«K¯µ©Î¸¡Âm¡A°ª¦å¶t,Constipation or diarrhea¡A hypercalcinemia,,¬Ò¥i¥Î,ºÒ»Ä¶t¿õ500¤½µ·,Calcium Carbonate 500mg,,,,¬O,,¥»«~¥iÄZ¸H«á§]ªA,,Chew thoroughly and swallow.,,,,,¤@¯ë,¤@¯ë,Äµ »y:¥»«~¥iÄZ¸H«á§]ªA,,,0,0,§_,1.0,,§_,¬O,§_,³æ¤è,§_,°±¥Î,°±¥Î,¥i¿i,¬O,,1.00,1.00,8.00,8.00,999,999,1,1,14.00,14.00,0.30,0.08,,¦³¹Ï¤ù,,0,,0,,A02AC01,,,,,0,,0,,TAB,,¤£µ¹¥I¶·¦Û¥I,¤£µ¹¥I¶·¦Û¥I,,,,,SolidDrugForm,ORTAB,,,,,,,,,PH047,202312100924,0,2.00
OCAL9,20120906,99999999,°±¥Î,Callate 950mg,Callate 950mg,Calcium Citrate,PO,QD,NUTR,NU-03-00,¤fªA,TAB,,«D²Õ®M,°±¥Î,OCALW,¤@¯ë¥i¥Î,¬O,¤£¥i¥ÎÃÄ¥]¾÷,¥i¥Î,¤@¯ë,Á`¶q¶i¦ì,¾AÀ³¯g:¶t½è¸É¥R¾¯¤ÎµÇ©Êµo¨|¤£¥þ¯g¤§½w¸Ñ,,Indication:Ca supplement¡A renal osteodystrophy.,,¥~ Æ[:¥Õ¦â¾ò¶ê§Î¿õ¾¯¡A ¦L¦³YSP21¦r¼Ë,Appearance:White elliptic tablet,­Gµh¡A äú¤ß¡A ¹Ã¦R¡A ¥´ÜÐ¡A «K¯¦¡A ¤f°®¡A ­¹¼¤¤£®¶,Nausea¡Avomiting¡A stomach pain¡A belching¡A constipation¡A dry mouth,,¬Ò¥i¥Î,¶t®®,Callate 950mg,,,§_,¬O,,½Ð¿í·ÓÂå®v«ü¥Ü¨Ï¥Î¡A­Yµo¥Í¹L±Ó²{¶H½Ð»PÂå®vÁpµ¸,,Follow doctor's advice. Check with doctor if you notice any,allergic symptoms.,,,,¤@¯ë,¤@¯ë,Äµ »y:½Ð¿í·ÓÂå®v«ü¥Ü¨Ï¥Î¡A­Yµo¥Í¹L±Ó²{¶H½Ð»PÂå®vÁpµ¸,,,0,0,§_,1.0,,§_,§_,§_,³æ¤è,§_,°±¥Î,¥i¥Î,¥i¿i,¬O,,1.00,1.00,2.00,2.00,999,999,1,1,8.00,8.00,0,0,,¦³¹Ï¤ù,,0,,0,,A12AA13,,,,,,,,,TAB,,¤£µ¹¥I¶·¦Û¥I,¤£µ¹¥I¶·¦Û¥I,,,,§_,SolidDrugForm,CAP,,,,,,,,,PH047,202303141727,0,3.00
OCALW,20150420,99999999,°±¥Î,Calwell chewable 950mg,Calwell chewable 950mg,Calcium Citrate,PO,,NUTR,NU-03-00,¤fªA,TAB,,«D²Õ®M,°±¥Î,,¤@¯ë¥i¥Î,¬O,¤£¥i¥ÎÃÄ¥]¾÷,¥i¥Î,¤@¯ë,Á`¶q¶i¦ì,¾AÀ³¯g:¶t½è¸É¥R¾¯¤ÎµÇ©Ê°©µo¨|¤£¥þ¯g¤§½w¸Ñ,,Indication:Ca supplement¡A renal osteodystrophy.,,¥~ Æ[:¥Õ¦â¾ò¶ê§Î¿õ¾¯,Appearance:White elliptic tablet,­Gµh¡A äú¤ß¡A ¹Ã¦R¡A ¥´ÜÐ¡A «K¯¦¡A ¤f°®¡A ­¹¼¤¤£®¶,Nausea¡Avomiting¡A stomach pain¡A belching¡A constipation¡A dry mouth,,¬Ò¥i¥Î,"º¿¬ì¶©"¨Î¯q¶t©CÄZ¿õ,Calwell chewable 950mg,,,,¬O,,§tªü´µ¤Ú²¢¡A­fà¬§¿¯g±wªÌ¤£©y¨Ï¥Î¡C,,Containing Aspartame¡A not recommended for phenylketonuria.,,¥»«~À³ÄZ¸H«á§]ªA¡C,Precaution: Chew thoroughly and swallow.,,¤@¯ë,¤@¯ë,Äµ »y:¥»«~¥iÄZ¸H«á§]ªA,,,0,0,§_,1.0,,¬O,§_,§_,³æ¤è,§_,°±¥Î,°±¥Î,¥i¿i,¬O,,1.00,1.00,2.00,2.00,999,999,1,1,8.00,8.00,0,0,,¦³¹Ï¤ù,,0,,0,,A12AA09,,,,,0,,0,,TAB,§_,¤£µ¹¥I¶·¦Û¥I,¤£µ¹¥I¶·¦Û¥I,CALCIUM CITRATE,A12AA09,AC56784100,§_,SolidDrugForm,CHEWTAB,,,,,,,,,PH047,202303141727,0,3.00
OCAN,20190620,99999999,¥i¥Î,Canaglu 100mg,Canaglu 100mg,Canagliflozin,PO,QD,META,ME-02-08,¤fªA,TAB,Canaglu,«D²Õ®M,,,,¬O,¤£¥i¥ÎÃÄ¥]¾÷,±ø¥ó¤Uµ¹¥I,¤@¯ë,Á`¶q¶i¦ì,¾AÀ³¯g:²Ä¤G«¬¿}§¿¯f¥ÎÃÄ¤Î¿}§¿¯fµÇ¯fÅÜ,,Indication:type 2 diabetes and diabetic nephropathy.,,¥~ Æ[:¶À¦â¶ê§Î½¤¦ç¿õ,Appearance:Yellow round tablet,§C¦å¿}¡A¥Í´Þ¾¹·P¬V¡Aªc§¿¹D·P¬V¡A­I³¡¯kµh¡A¦h§¿¡A§C¦åÀ£,Hypoglycemia¡A genital or urinary tract infect¡A back pain¡A polyuria¡A hypotension.,,¬Ò¥i¥Î,¥i®³¿}½¤¦ç¿õ100²@§J,Canaglu 100mg,,,,¬O,,­Y¥Í´Þ¾¹ªþªñ¦³À£µh¡Bµo¬õ¡B¸~µÈ¥B¦ñÀHµo¿N©Î§¿¸ô·P¬V¯gª¬¡A½Ð¥ß§Y¦^¶E¡C,Á×§K°Æ§@¥Îµo¥Í¡A½Ð¾A¶q¸É¥R¤ô¤À¡C,Monitor for signs and symptoms of Urinary tract infection and treat as needed.,Drinking plenty of water to prevent side effects.,±wªÌ§¿²G¸²µå¿}´ú¸Õ·|§e¶§©Ê¡C,Taking Canaglu will test positive for glucose in their urine.,2019.06ÃÄ©e·s¶i,¤@¯ë,¤@¯ë,­Y¥Í´Þ¾¹ªþªñ¦³À£µh¡Bµo¬õ¡B¸~µÈ¥B¦ñÀHµo¿N©Î§¿¸ô·P¬V¯gª¬¡A½Ð¥ß§Y¦^¶E¡C,,,0,0,§_,1.0,,¬O,¬O,§_,³æ¤è,§_,¥i¥Î,¥i¥Î,¥i¿i,¬O,,1.00,1.00,1.00,1.00,999,999,28,1,1.00,1.00,0,0,,¦³¹Ï¤ù,,0,,0,,A10BK02,,,,,0,,0,,TAB,,°·«Oµ¹¥I,°·«Oµ¹¥I,CANAGLIFLOZIN,A10BK02,BC26950100,¬O,SolidDrugForm,ORTAB,,,0,,0,,,,PH034,202208081121,27.30,35.00
OCAND8,20201106,99999999,°±¥Î,Candis 8mg,Candis 8mg,Candesartan,PO,QD,CAVS,CV-08-00,¤fªA,TAB,Blopress,«D²Õ®M,°±¥Î,OBLO,¤@¯ë¥i¥Î,¬O,¤£¥i¥ÎÃÄ¥]¾÷,¥i¥Î,¤@¯ë,Á`¶q¶i¦ì,¾AÀ³¯g:¤ßÅ¦¯f¡A ¤ß°IºÜ¡A °ª¦åÀ£,,Indication:Hypertension¡A heart failure & heart disease.,,¥~ Æ[:²H¯»¦â¶ê§Î¿õ¾¯¡A ¤@­±¦³SYN¨è²ª,Appearance:Light pink round tablet with SYN marked.,·w¯t¡A ÀYµh¡A ©I§l¹D·P¬V¡A §C¦åÀ£¡A °ª¦å¹[,Dizziness/vertigo¡A headache¡A respiratory tract infection¡A hypotension¡A hyperkale,,¬Ò¥i¥Î,±d¥²µÎ¿õ8²@§J,Candis 8mg,,,¬O,¬O,,½Ð¿í·ÓÂå®v«ü¥Ü¥ÎÃÄ¡A ¤Å¦Û¦æ§ó§ï¾¯¶q©Î¥ÎÃÄ®É¶¡,,Follow doctor's advice. Do not change your dose or schedule.,,­¹ª«¥æ¤¬§@¥Î: ªAÃÄ´Á¶¡À³Á×§K¹L¶qÄá¨ú¹[ÆQ(¦p:¥NÆQ),Food interaction:Avoid over take potassium salt.,2020.11 [OBLO]¯ÊÃÄ´À¥N,¤@¯ë,¤@¯ë,Äµ »y:½Ð¿í·ÓÂå®v«ü¥Ü¥ÎÃÄ¡A¤Å¦Û¦æ§ó§ï¾¯¶q©Î¥ÎÃÄ®É¶¡¡C,­¹ ­¹ª«¥æ¤¬,,0,0,§_,1.0,,§_,§_,¬O,³æ¤è,,°±¥Î,¥i¥Î,¥i¿i,¬O,,1.00,1.00,2.00,2.00,999,999,1,1,8.00,8.00,0,0,,¦³¹Ï¤ù,,0,,0,,C09CA06,,,,,0,,0,,TAB,,°·«Oµ¹¥I,°·«Oµ¹¥I,CANDESARTAN 8MG + HYDROCHLOROTHIAZIDE 0-12.5MG,C09CA06,AA58268100,§_,SolidDrugForm,ORTAB,,,0,,0,,,,PH006,202106091010,6.20,9.00
OCAP,19960101,99999999,°±¥Î,Caphos 667mg,Caphos 667mg,Calcium Acetate,PO,,NUTR,NU-03-00,¤fªA,TAB,Caphos,«D²Õ®M,°±¥Î,OPRO6,¤@¯ë¥i¥Î,¬O,¥i¥ÎÃÄ¥]¾÷,±ø¥ó¤Uµ¹¥I,¤@¯ë,Á`¶q¶i¦ì,¾AÀ³¯g: µÇ°IºÜ¥½´Á¤§°ªÁC»ÄÆQ¦å¯g¡C,,Indication: Control of hyperphosphatemia in end stage renal,failure.,¥~ Æ[:¥Õ¦âªø§ÎÃÄ¿õ¡A¤@­±¦LLO¡A¤@­±¨è²ª¦L¦³019,Appearance: White rectangle tablet,°ª¶t¦å¯g¡Bäú¤ß¡B«K¯¦¡B¹L±Ó¡C,Hypercalemia¡A nausea¡A constipation¡A allergy reaction,,¬Ò¥i¥Î,¶tÁ{¿õ667¤½µ·(¾L»Ä¶t),Caphos 667mg,,,§_,¬O,,¥»«~¥iÄZ¸H«á§]ªA,,Chew thoroughly and swallow.,,,,¬~µÇ«Ç±M¥Î,¤@¯ë,¤@¯ë,Äµ »y:¥»«~¥iÄZ¸H«á§]ªA,,,,,§_,1.0,,§_,§_,§_,³æ¤è,§_,¥i¥Î,¥i¥Î,¥i¿i,¬O,,1.00,1.00,4.00,4.00,999,999,1,1,12.00,12.00,0,0,,¦³¹Ï¤ù,,0,,0,,A12AA12,,,,,,,,,TAB,§_,°·«Oµ¹¥I,°·«Oµ¹¥I,CALCIUM ACETATE,V03AE07,AC37520100,§_,SolidDrugForm,ORTAB,,,,,,,,,PH047,202303141727,1.58,3.00
OCAP5,20180315,99999999,¥i¥Î,Calveda 500mg,Calveda 500mg,Capecitabine,PC,BID,RACA,ON-02-01,¤fªA,TAB,Xeloda,«D²Õ®M,,,¤@¯ë¥i¥Î,¬O,¤£¥i¥ÎÃÄ¥]¾÷,±ø¥ó¤Uµ¹¥I,¤@¯ë,Á`¶q¶i¦ì,¾AÀ³¯g:¬°§Ü¸~½FÃÄ¡AªvÀø¨ÅÀù¡BÂà²¾©Êµ²¸zª½¸zÀù¡B­GÀù,,Indication: Cancer therapy.,,¥~ Æ[:®ç¬õ¦â¾ò¶ê§Î¿õ¾¯¡A ¤@­±¦L 500,Appearance:Peach elliptic tablet¡A marking:500,¸z­G¤£¾A¡A ¤â¨¬¯g¡A ¯h­Â¡A µL¤O¡A ¹½­¹,GI disturbances¡A hand-foot syndrome¡A fatigue¡A asthenia¡A anorexia.,,¬Ò¥i¥Î,¦ãµ²¹F½¤¦ç¿õ500²@§J,Calveda 500mg,,,,¬O,,¥»«~¬°­«¯gªvÀøÃÄ¡A ½Ð¨Ì·ÓÂå®v«ü¥Ü¨Ï¥Î,,Take this medicine exactly as your doctor ordered.,,,,2018-1 ÃÄ©e·|·s¶i,¤@¯ë,¤@¯ë,Äµ »y:¥»«~¬°­«¯gªvÀøÃÄª«¡A½Ð¨Ì·ÓÂå®v«ü¥Ü¨Ï¥Î¡C,Äµ °ªÄµ°T,,0,0,§_,1.0,,§_,¬O,§_,³æ¤è,,¥i¥Î,¥i¥Î,¤£¥i¿i,¬O,,1.00,1.00,4.00,4.00,999,999,1,1,8.00,8.00,0,0,,¦³¹Ï¤ù,,0,,0,,L01BC06,,,,,0,,0,,TAB,,°·«Oµ¹¥I,°·«Oµ¹¥I,CAPECITABINE,L01BC06,BC26914100,,SolidDrugForm,ORTAB,¦M®`¤@¯Å(¡I¡I),,0,,0,,,³æ¦¸¿éª`,PH047,202309181454,80.00,100.00
OCAPA,20201215,99999999,¥i¥Î,Capain 30mg,Capain 30mg,Nefopam,PC,TID,CNEU,CN-01-05,¤fªA,TAB,Capain,«D²Õ®M,,,¤@¯ë¥i¥Î,¬O,¥i¥ÎÃÄ¥]¾÷,¥i¥Î,¤@¯ë,Á`¶q¶i¦ì,¾AÀ³¯g: Âíµh,,Indication: Relief of pain,,¥~ Æ[:²H¶À¦â¶ê§Î¿õ¾¯¡A¤W¦³C¼Ð¥Ü,Appearance:Light yellow round tablet¡A with C marked.,äú¤ß¡AÀY·w¡A­ÂºÎ¡A¤f°®¡A,Nausea¡A dizziness¡A drowsiness¡A dry mouth¡A,,¬Ò¥i¥Î,µh©w½¤¦ç¿õ30²@§J,Capain 30mg film coated,,,,¬O,,«C¥ú²´¡A§¿º¢¯d¡A¨xµÇ¥\¯à»ÙÃª±wªÌ»ÝÂÔ·V¨Ï¥Î,,Used with caution in patients with glaucoma¡A urine retention¡A and liver or,kidney dysfunction.,¤ß¦Ù±ð¶ë±wªÌ¸T¤î¨Ï¥Î,Avoid in patients with myocardial infarction.,2020.Q4ÃÄ©e·s¶i,¤@¯ë,¤@¯ë,«C¥ú²´¡A§¿º¢¯d¡A¨xµÇ¥\¯à»ÙÃª±wªÌ»ÝÂÔ·V¨Ï¥Î.,,,0,0,§_,1.0,,§_,¬O,§_,³æ¤è,,¥i¥Î,¥i¥Î,¥i¿i,¬O,,1.00,1.00,2.00,2.00,999,999,7,7,6.00,6.00,0,0,,¦³¹Ï¤ù,,0,,0,,N02BG06,,,,,0,,0,,TAB,,°·«Oµ¹¥I,°·«Oµ¹¥I,NEFOPAM,N02BG06,AC26272100,,SolidDrugForm,ORTAB,,,0,,0,,,,PH032,202104140939,2.56,4.00
OCAR,19960101,99999999,¥i¥Î,Carbomix 61.5gm,Carbomix 61.5gm,Activated Charcoal,PO,STAT,ZADT,AD-01-00,¤fªA,BOT,Activated Charcoal,«D²Õ®M,,,¤@¯ë¥i¥Î,¬O,¤£¥i¥ÎÃÄ¥]¾÷,,¤@¯ë,Á`¶q¶i¦ì,¾AÀ³¯g:¬°¬¡©ÊºÒ¡A ¸Ñ¬r¤§¥Î,,Indication: GI adsorbent,,¥~ Æ[:¥Õ¦â¶ì½¦²~¡A¥Õ¦â»\¤l¡A¥Õ¦â¥~¶K¯ÈÂÅ¦â¦r¼Ë,Appearance:White bot,¸¡Âm©Î«K¯µ,Diarrhea or constipation.,,,»\©Ù·À,Carbomix 61.5gm,,,§_,¬O,,½Ð°t¦X¥R¤À¶}¤ôªA¥Î¡A ¨Ã¼W¥[¤ô¤ÀªºÄá¨ú,,Drink plenty of fluids while taking the medicine.,,³Æµù: ªA¥Î¥»«~¥i¯à³y¦¨¶Â«K,May cause black stools,,¤@¯ë,¤@¯ë,Äµ »y:½Ð°t¦X¥R¤À¶}¤ôªA¥Î¡A ¨Ã¼W¥[¤ô¤ÀªºÄá¨ú,,,,,§_,1.0,,§_,¬O,§_,³æ¤è,§_,¥i¥Î,¥i¥Î,¥i¿i,¬O,,1.00,1.00,2.00,2.00,999,999,1,1,4.00,4.00,0,0,,¦³¹Ï¤ù,,0,,0,,A07BA01,,,,,,,,,BOT,§_,°·«Oµ¹¥I,°·«Oµ¹¥I,CHARCOAL,A07BA01,B0215491CC,§_,SolidDrugForm,POWD,,,,,,,,,PH047,202402121350,404.00,485.00
OCAR1,20230315,99999999,¥i¥Î,Pronolol 10mg,Pronolol 10mg,Propranolol,PC,BID,CAVS,CV-04-02,¤fªA,TAB,Inderal,«D²Õ®M,,,¤@¯ë¥i¥Î,¬O,¤£¥i¥ÎÃÄ¥]¾÷,¥i¥Î,¤@¯ë,Á`¶q¶i¦ì,¾AÀ³¯g:½w¸Ñ¤ßµ±µh¡A °¾ÀYµh¡A ¤ß«ß¤£¾ã¤Î¨ä¥L¤ß¦åºÞ¬ÛÃö¯e¯f,,Indication:Angina¡A arrhythmias¡A hypertension and migraine.,,¥~ Æ[:²Lµµ¦â¶ê«ó§Î¿õ¾¯¡A¤@­±¨è²ªU|L,Appearance:Light purple round tablet with U|L imprint.,¤ß¸õ´îºC¡B¯t·w¡BºÎ·N¡B¯h­Â¡B¤ß±¡ªq³à¡B¤â¸}¦B§N¡B©I§l§xÃø,Slow heartbeat¡A dizziness¡A fatigue¡A cold hands and feet¡A difficulty breathing.,,¬Ò¥i¥Î,¤ß«ß¾ã¿õ10²@§J,Pronolol 10mg,,,¬O,¬O,,­Y¦³®ð³Ý©ÎµjÅË©Ê®ðºÞª¢®É¡A À³¤p¤ß¨Ï¥Î¥»ÃÄ,,Use with caution in asthma or spasmodic bronchitis.,,¥ÎÃÄ´Á¶¡¡A¾r¾p¤Î°õ¦æÆF±Ó¤ÏÀ³¤u§@®É¶·¤p¤ß¡C,Be careful driving or operating machinery while taking this medication.,2023.03 [OIND1]¯Ê³f´À¥N,¤@¯ë,¤@¯ë,Äµ »y:­Y¦³®ð³Ý©ÎµjÅË©Ê®ðºÞª¢®É¡AÀ³¤p¤ß¨Ï¥Î¥»ÃÄ,,,0,0,§_,1.0,,§_,¬O,§_,³æ¤è,,¥i¥Î,¥i¥Î,¥i¿i,¬O,,1.00,1.00,8.00,8.00,999,999,1,1,64.00,64.00,1.60,0.40,,¦³¹Ï¤ù,,0,,0,,C07AA05,,,,,0.01,g,0.16,g,TAB,,°·«Oµ¹¥I,°·«Oµ¹¥I,PROPRANOLOL,C07AA05,AB182511G0,,SolidDrugForm,ORTAB,,,0,,0,,,,PH047,202401151850,2.00,3.00
OCAR2,19960101,99999999,°±¥Î,Carbomix 2gm/pk,Carbomix 2gm/pk,Activated Charcoal,PO,,ZADT,AD-01-00,¤fªA,PK,Activated charcoal,«D²Õ®M,°±¥Î¡A¥i¬dÃþ¦üÃÄ,,¤@¯ë¥i¥Î,¬O,¤£¥i¥ÎÃÄ¥]¾÷,,¤@¯ë,Á`¶q¶i¦ì,¾AÀ³¯g:¬°¬¡©ÊºÒ¡A¥Î¥H´ú¶q¸zÄ¯°Ê®É¶¡,,Indication: measure the time of gastrointestinal motion,,¥~ Æ[:¶Â¦â¯»¥½,,,,,,»\©Ù·À,Carbomix 2gm/pk,,,§_,¬O,,,,,,,,,¤@¯ë,¤@¯ë,Äµ »y:½Ð¿í·ÓÂå®v«ü¥Ü¡A ¥H¤ô100CC²V¦X«áªA¤U,,,,,§_,1.0,,§_,§_,§_,³æ¤è,§_,¥i¥Î,¥i¥Î,¥i¿i,¬O,,1.00,1.00,1.00,1.00,999,999,1,1,0,0,0,0,,µL¹Ï¤ù,,0,,0,,,,,,,,,,,PK,§_,¤£µ¹¥I¶·¦Û¥I,¤£µ¹¥I¶·¦Û¥I,,,,§_,SolidDrugForm,POWD,,,,,,,,,PH047,202303141727,0,25.00
OCAR4,20051007,99999999,°±¥Î,Carry 4mg,Carry 4mg,Metergoline,PO,TIDAC,HM,HR-02-00,¤fªA,TAB,Liserdol,«D²Õ®M,°±¥Î,,¤@¯ë¥i¥Î,¬O,¤£¥i¥ÎÃÄ¥]¾÷,±ø¥ó¤Uµ¹¥I,¤@¯ë,Á`¶q¶i¦ì,¾AÀ³¯g:°ªªc¨Å¯À¯g,,Indication:Treatment of hyperprolactinemia.,,¥~ Æ[:¥Õ¦â¶ê§Î¿õ¾¯¡A ¤@­±¦³HC,Appearance:White round tablet,äú¤ß¡A ¹Ã¦R¡A ¥¢¯v¡A ·w¯t¡A µJ¼{,Nausea; vomiting¡A insomnia¡A dizziness¡A anxiety,,¬Ò¥i¥Î,§J¨Ó½¤¦ç¿õ,Carry 4mg,,,§_,¬O,,ªAÃÄ´Á¶¡¥i¯à¼È¦³äú¤ß¡A ¹Ã¦R¡A ¥¢¯v¡A ¶ÝºÎ¡A µJ¼{©Î·w¯t²{¶H,,May cause nausea¡A vomitting¡A insomnia¡A sleepiness¡A anxiety¡A or dizziness.,,³Æµù: Á×§K­÷¨Å,Avoid for breastfeeding.,104-3 ÃÄ©e·|§ï¥HDostinex 0.5mg´À¥N,¤@¯ë,¤@¯ë,Äµ »y:ªAÃÄ´Á¶¡¥i¯à¼È¦³äú¤ß¡B¹Ã¦R¡B¥¢¯v¡B¶ÝºÎ¡BµJ¼{©Î·w¯t²{¶H,,,,,§_,1.0,,§_,§_,§_,³æ¤è,§_,¥i¥Î,¥i¥Î,¥i¿i,¬O,,1.00,1.00,2.00,2.00,999,999,1,1,9.00,9.00,0,0,,¦³¹Ï¤ù,,0,,0,,G02CB05,,,,,,,,,TAB,,°·«Oµ¹¥I,°·«Oµ¹¥I,METERGOLINE,G02CB05,A044600100,§_,SolidDrugForm,ORTAB,,,,,,,,,PH047,202303141727,31.50,41.00
OCAR90,20140929,99999999,°±¥Î,Cardizem Retard 90mg,Cardizem Retard 90mg,Diltiazem,PO,QD,CAVS,CV-05-00,¤fªA,TAB,Diltelan,«D²Õ®M,°±¥Î,,¤@¯ë¥i¥Î,¬O,¥i¥ÎÃÄ¥]¾÷,¥i¥Î,¤@¯ë,Á`¶q¶i¦ì,¾AÀ³¯g:¥Dªv°ª¦åÀ£¡A ¤ßµ±µh¡A ¤ß«ß¤£¾ã,,Indication:Angina pectoris¡A hypertension¡A arrhythmias.,,¥~ Æ[:¥Õ¦â¶ê§Î¿õ¾¯,Appearance:White round tablet,©I§l§xÃø¡A «y¹Â¡A ¥Ö½§¬õ¯l¡A ¸~µÈ¡A «K¯µ¡A ¯h­Â,Breathing difficulty¡A coughing¡A skin rash¡A slow heartbeat¡A swelling.,,¬Ò¥i¥Î,³Í«Ò¤ß®}©ñ¿õ90¤½µ·,Cardizem Retard 90mg,,,¬O,,½Ã±Ð³æ¤T,ªAÃÄ´Á¶¡Á×§K¦Y¸²µå¬c©Î¶¼¥Î¸²µå¬c¥Ä¡A ¥H§K¼vÅTÃÄª«¥NÁÂ,¥»ÃÄ¥~´ß¤£·»¡A·|§¹¾ãªº¥Ñ¸z­G¹D±Æ¥X¡C,Avoid grapefruits or related products to prevent risk of interaction.,,­¹ª«¥æ¤¬§@¥Î: ªAÃÄ´Á¶¡Á×§K­¹¥Î¸²µå¬c¥Ä,Food interaction:Avoid grapefruit juice,,¤@¯ë,¤@¯ë,Äµ »y:ªAÃÄ´Á¶¡Á×§K¦Y¸²µå¬c©Î¶¼¥Î¸²µå¬c¥Ä¡A¥H§K¼vÅTÃÄª«¥NÁÂ,,,0,0,§_,1.0,,§_,§_,§_,³æ¤è,§_,¥i¥Î,¥i¥Î,¤£¥i¿i,¬O,,1.00,1.00,4.00,4.00,999,999,1,1,4.00,4.00,0,0,,¦³¹Ï¤ù,,0,,0,,C08DB01,,,,,0,,0,,TAB,,°·«Oµ¹¥I,°·«Oµ¹¥I,DILTIAZEM,C08DB01,BC19885100,§_,SolidDrugForm,ERCAP12,,,,,,,,,PH047,202303141727,5.70,8.00
OCARD,20060622,99999999,°±¥Î,Cardol 160mg,Cardol 160mg,Sotalol,PO,BIDAC,CAVS,CV-04-02,¤fªA,TAB,,«D²Õ®M,°±¥Î,,¤@¯ë¥i¥Î,¬O,¤£¥i¥ÎÃÄ¥]¾÷,¥i¥Î,¤@¯ë,Á`¶q¶i¦ì,¾AÀ³¯g:°ª¦åÀ£¡A ¯U¤ß¯g¡A ¤ß«ß¤£¾ã,,Indication:Treatment of hypertension¡A angina¡A arrhythmias,,¥~ Æ[:¥Õ¦â¶ê«ó«¬¿õ¾¯¡A ¤@­±¨è¤¤½u¤ÎSL 160¡A ¤@­±¦L¹Ï®×,Appearance:White round tablet,¯h­Â¡A ¤ß·i®}½w¡A ©I§l§xÃø¡A µL¤O¡A ·w¯t,Fatigue¡A bradycardia¡A dyspnoea¡A asthenia¡A dizziness,,¬Ò¥i¥Î,¤ß±oªv,Cardol 160mg,,,¬O,¬O,,½Ð¿í·ÓÂå®v«ü¥Ü¨Ï¥Î¡A ­Yµo¥ÍºÃ¦üÃÄª«¤£¨}¤ÏÀ³½Ð§iª¾Âå¥Í,,Follow doctor's advice. Check with doctor if you notice any side effects.,,³Æµù: Á×§K¬ðµM°±ÃÄ,Avoid abrupt withdrawal,,¤@¯ë,¤@¯ë,Äµ »y:½Ð¿í·ÓÂå®v«ü¥Ü¨Ï¥Î¡A­Yµo¥ÍºÃ¦üÃÄª«¤£¨}¤ÏÀ³½Ð§iª¾Âå¥Í¡C,,,,,§_,1.0,,¬O,§_,§_,³æ¤è,§_,¥i¥Î,¥i¥Î,¥i¿i,¬O,,1.00,1.00,1.00,1.00,999,999,28,1,8.00,8.00,0,0,,¦³¹Ï¤ù,,0,,0,,C07AA07,,,,,,,,,TAB,,°·«Oµ¹¥I,°·«Oµ¹¥I,SOTALOL,C07AA07,BC20238100,§_,SolidDrugForm,ORTAB,,,,,,,,,PH047,202303141727,8.20,11.00
OCARD4,20160819,99999999,¥i¥Î,Cardolol 40mg,Cardolol 40mg,Propranolol,PC,,CAVS,CV-04-02,¤fªA,TAB,Propranolol,«D²Õ®M,°±¥Î,,­­¥æ¥I½Õ¾¯,¬O,¤£¥i¥ÎÃÄ¥]¾÷,¥i¥Î,¤@¯ë,Á`¶q¶i¦ì,¾AÀ³¯g:¥i½w¸Ñ¤ßµ±µh¡A °¾ÀYµh¡A ¤ß«ß¤£¾ã¤Î¨ä¥L¤ß¦åºÞ¬ÛÃö¯e¯f,,Indication:Angina¡A arrhythmias¡A hypertension and migraine.,,¥~ Æ[:²L¬õµµ¦â¶ê«ó§Î¿õ¾¯¡A¦L¦³309,Appearance: Light magenta round tablet (mark: 309),©I§l§xÃø¡A ¤â¸}¦B§N¡A ¤ß±¡Æ{¨ò¡A ¤ß¸õ´îºC¡A ©Ê¥\¯à»ÙÃª,Wheezing¡Acold hands and feet¡A mental depression¡A shortness of breath¡A slow heart,,¥u¥Î©óªù¶E,¤ß±d¼Ö¿õ40¤½µ·,Cardolol 40mg,,­­ªù¶E¥æ¥I½Õ¾¯¥Î,¬O,¬O,,­Y¦³®ð³Ý©ÎµjÅË©Ê®ðºÞª¢®É¡A À³¤p¤ß¨Ï¥Î¥»ÃÄ,,Should not use this medicine if patient has asthma that is not well-controlled.,,,,¥»ÃÄ­­ªù¶E¥æ¥I½Õ¾¯¥Î¡A105-2ÃÄ©e·|§d¨å¨|Âå®v¥Ó½Ð,¤@¯ë,¤@¯ë,Äµ »y:­Y¦³®ð³Ý©ÎµjÅË©Ê®ðºÞª¢®É¡AÀ³¤p¤ß¨Ï¥Î¥»ÃÄ,,,0,0,§_,1.0,,§_,§_,§_,³æ¤è,§_,¥i¥Î,¥i¥Î,¥i¿i,§_,,1.00,1.00,8.00,8.00,28,28,1,1,16.00,16.00,0.35,0.08,,¦³¹Ï¤ù,,0,,0,,C07AA05,,,,,0,,0,,TAB,,°·«Oµ¹¥I,°·«Oµ¹¥I,PROPRANOLOL,C07AA05,AC19875100,§_,SolidDrugForm,ORTAB,,,,,,,,,PH047,202303141727,1.50,3.00
OCAS,20020110,99999999,¥i¥Î,Casodex 50mg,Casodex 50mg,Bicalutamide,PO,QD,RACA,ON-05-04,¤fªA,TAB,Casodex,«D²Õ®M,,,¤@¯ë¥i¥Î,¬O,¤£¥i¥ÎÃÄ¥]¾÷,±ø¥ó¤Uµ¹¥I,¤@¯ë,Á`¶q¶i¦ì,¾AÀ³¯g:ÄáÅ@¸¢Àù,,Indication:Treatment of prostate cancer.,,¥~ Æ[:¥Õ¦â¶ê«ó§Î¿õ¾¯¡A¤@­±¨ècdx50¡A ¤@­±¦L¹Ï®×,Appearance:White round tablet,¼ö¼é¬õ¡A ·kÄo¡A ¸¡Âm¡A äú¤ß¡A ¹Ã¦R¡A µL¤O¡A ¥Ö½§°®Àê¡A ¨Å©ÐµÈµh,Hot flushes¡A pruritus¡A diarrhea¡A nausea¡A vomiting¡A asthenia¡A dry skin¡A breast te,,¬Ò¥i¥Î,¥iÄ¬¦h¿õ,Casodex 50mg,,,§_,¬O,,¥»«~½Ð¤Å¥Î©ó¤k©Ê¤Î¨àµ£,,Do not administer to women or children.,,,,,¤@¯ë,¤@¯ë,Äµ »y:¥»«~½Ð¤Å¥Î©ó¤k©Ê¤Î¨àµ£,,,,,§_,1.0,,§_,¬O,¬O,³æ¤è,§_,¥i¥Î,¥i¥Î,¤£¥i¿i,¬O,,1.00,1.00,1.00,1.00,999,999,1,1,6.00,6.00,0,0,,¦³¹Ï¤ù,,0,,0,,L02BB03,,,,,,,,,TAB,,°·«Oµ¹¥I,°·«Oµ¹¥I,BICALUTAMIDE,L02BB03,BC22803100,§_,SolidDrugForm,ORTAB,¦M®`¤G¯Å(¡I),,,,,,,,PH047,202303141727,64.00,80.00
OCAT,19960101,99999999,¥i¥Î,CataPRES 75mcg,CataPRES 75mcg,Clonidine,PO,TID,CAVS,CV-09-00,¤fªA,TAB,Catapres,«D²Õ®M,,,³æ¦ìÁ{±Ä,¬O,¤£¥i¥ÎÃÄ¥]¾÷,,¤@¯ë,Á`¶q¶i¦ì,¾AÀ³¯g:°ª¦åÀ£¡A ¤Î¨ä¥L§@¥Î,,Indication:Lowering blood pressure.,,¥~ Æ[:¥Õ¦â¶ê«ó§Î¿õ¾¯¡A¤@­±¨è¤¤½u¤Î1C¡A ¤@­±¦L¹Ï®×,Appearance:White round tablet,¤f°®¡A ÂíÀR,Dry mouth¡A sedation.,,,­°«O¾A¿õ,CataPRES 75mcg,,,¬O,¬O,,¥i¯à·|³y¦¨¶ÝºÎ©Î·w¯t¡A ¶}¨®©Î¾Þ§@¦MÀI¾÷¾¹½Ð¤p¤ß,,May make you dizzy; use caution while driving or operating machinery.,,³Æµù: Á×§K¬ðµM°±ÃÄ,Avoid abrupt withdrawal.,96-2ÃÄ©e·|§R°£¡A§ïµÇÅ¦¬ì¡B¤º¬ìÁ{±Ä,¤@¯ë,¤@¯ë,Äµ »y:¥i¯à·|³y¦¨¶ÝºÎ©Î·w¯t¡A ¶}¨®©Î¾Þ§@¦MÀI¾÷¾¹½Ð¤p¤ß,SA «÷­µ¬Û¦ü,,,,§_,1.0,,¬O,¬O,§_,³æ¤è,§_,¥i¥Î,¥i¥Î,¥i¿i,¬O,,1.00,1.00,4.00,4.00,999,999,1,1,32.00,32.00,0.33,0.33,,¦³¹Ï¤ù,,0,,0,,C02AC01,,,,,,,,,TAB,§_,°·«Oµ¹¥I,°·«Oµ¹¥I,CLONIDINE,C02AC01,BC25391100,§_,SolidDrugForm,ORTAB,,,,,,,,,PH047,202402221728,1.81,3.00
OCAT2,20051212,99999999,¥i¥Î,Cataflam 25mg,Cataflam 25mg,Diclofenac,PC,TID,CNEU,CN-01-02,¤fªA,TAB,Voren,«D²Õ®M,,,¤@¯ë¥i¥Î,¬O,¥i¥ÎÃÄ¥]¾÷,¥i¥Î,¤@¯ë,Á`¶q¶i¦ì,¾AÀ³¯g:¨ã¸Ñ¼ö¡A Âíµh¡A ®øª¢§@¥Î,,Indication:Relief of pain¡A inflammation & fever.,,¥~ Æ[:²H¬õ¾í¦â¶ê§Î¿õ¾¯,Appearance:Light Red Orange Round Tablet,¥Ö½§¬õ¯l,Skin rash,,¬Ò¥i¥Î,§J¥LªA¹ç,Cataflam 25mg,,,§_,¬O,,­Yµo¥Í³ïµh¡B¤fµÄ/ÂH½¤¼ìÄê¡BÄY­«¹L±Ó©Îµo¯lµ¥¤£¾A¯gª¬¡A À³§Y°±ÃÄ¨Ã½Ð±ÐÂå®v,,Report to doctor¡A if any sore throat¡A mouth ulcers or skin rash occur.,,³Æµù: ±µ¨ü¥ô¦ó¤â³N©Î©Þ¤ú«e¡A ½Ð§iª¾Âå®v¥¿¦bªA¥Î¥»ÃÄ,Inform if you are taking this medication prior to any surgery (including dental),,¤@¯ë,¤@¯ë,Äµ »y: ­Yµo¥ÍÄY­«¹L±Ó©Îµo¯lµ¥¤£¾A¯gª¬¡AÀ³§Y°±ÃÄ¨Ã½Ð±ÐÂå®v,SA «÷­µ¬Û¦ü,,,,§_,1.0,,§_,¬O,§_,³æ¤è,§_,¥i¥Î,¥i¥Î,¥i¿i,¬O,,1.00,1.00,2.00,2.00,999,999,0,1,8.00,8.00,0.12,0.06,,¦³¹Ï¤ù,,0,,0,,M01AB05,,,,,,,,,TAB,§_,°·«Oµ¹¥I,°·«Oµ¹¥I,DICLOFENAC,M01AB05,BC201571G0,§_,SolidDrugForm,ORTAB,,,,,,,,,PH065,202401281129,2.00,3.00
OCAT4,20090330,99999999,¥i¥Î,Catilon 40mg,Catilon 40mg,Otilonium,AC,TID,ALIM,GI-05-00,¤fªA,TAB,Catilon,«D²Õ®M,,OFLAT,¤@¯ë¥i¥Î,¬O,¤£¥i¥ÎÃÄ¥]¾÷,¥i¥Î,¤@¯ë,Á`¶q¶i¦ì,¾AÀ³¯g:¸zÄ¼©Î¸¡µh¯gª¬¤§½w¸Ñ,,Indication:Treatment of functional bowel disorders.,,¥~ Æ[:¥Õ¦â¶ê§Î¿õ¾¯,Appearance:White round tablet,¤W¸¡³¡¯kµh¡A ·w¯t¡A ÀYµh,Upper abdominal pain¡A dizziness & headache.,,¬Ò¥i¥Î,¸z¥²¹ç¿õ,Catilon 40mg,,,§_,¬O,,«C¥ú²´©ÎÄáÅ@¸¢ªÎ¤jªÌ¶·¤p¤ß¨Ï¥Î,,Caution use in patients with glaucoma or prostatic hypertrophy.,,,,,¤@¯ë,¤@¯ë,Äµ »y: «C¥ú²´©ÎÄáÅ@¸¢ªÎ¤jªÌ¶·¤p¤ß¨Ï¥Î,,,,,§_,1.0,,§_,§_,§_,³æ¤è,§_,¥i¥Î,¥i¥Î,¥i¿i,¬O,,1.00,1.00,1.00,1.00,999,999,1,1,6.00,6.00,0,0,,¦³¹Ï¤ù,,0,,0,,A03AB06,,,,,,,,,TAB,,°·«Oµ¹¥I,°·«Oµ¹¥I,OTILONIUM BROMIDE,A03AB06,AC49193100,§_,SolidDrugForm,ORTAB,,,,,,,,,PH047,202401151812,2.63,4.00
OCATI,20060321,99999999,°±¥Î,Catin 950mg,Catin 950mg,Calcium Citrate,PO,,NUTR,NU-03-00,¤fªA,TAB,Calcium Citrate,«D²Õ®M,°±¥Î,OCEN,¤@¯ë¥i¥Î,¬O,¤£¥i¥ÎÃÄ¥]¾÷,¥i¥Î,¤@¯ë,Á`¶q¶i¦ì,¾AÀ³¯g:¸É¥R¶t½è,,Indication:Calcium supplement,,¥~ Æ[:¥Õ¦â¶ê«ó§Î¿õ¾¯¡A ¤@­±¦LAI¡A ¤@­±¦L¦³HUASHIN,Appearance:White round tablet,,,,¬Ò¥i¥Î,¶t®¼,Catin 950mg,,,§_,¬O,,¥»«~¥iÄZ¸H«á§]ªA,,Chew thoroughly and swallow.,,,,,¤@¯ë,¤@¯ë,Äµ »y:¥»«~¥iÄZ¸H«á§]ªA,,,,,§_,1.0,,§_,§_,§_,³æ¤è,§_,°±¥Î,¥i¥Î,¥i¿i,¬O,,1.00,1.00,2.00,2.00,999,999,1,1,0,0,0,0,,¦³¹Ï¤ù,,0,,0,,,,,,,,,,,TAB,,°·«Oµ¹¥I,°·«Oµ¹¥I,CALCIUM CITRATE,A12AA09,A043014100,§_,SolidDrugForm,CHEWTAB,,,,,,,,,PH047,202303141727,2.78,4.00
OCEF1,19960101,99999999,°±¥Î,Cefspan 100mg,Cefspan 100mg,Cefixime,PO,Q12H,QANB,AI-01-02,¤fªA,CAP,Cefspan,«D²Õ®M,°±¥Î,,¤@¯ë¥i¥Î,¬O,¤£¥i¥ÎÃÄ¥]¾÷,¥i¥Î,¤@¯ë,Á`¶q¶i¦ì,¾AÀ³¯g:²Óµß©Ê·P¬V,,Indication:Antibiotic for infection.,,¥~ Æ[:²L¶À¾íªø¶ê¬W§Îµw½¦Ån¡A¦L¦³"319"¦r¼Ë,Appearance:Light yellow hard capsule,¸¡Âm¡A äú¤ß¡A ­G³¡¤£¾A,Diarrhea¡A headache¡A stomach cramps,,,³t´_¾A±d½¦Ån,Cefspan 100mg,,,§_,¬O,,½Ð¿í«ü¥ÜªA§¹¾ã­ÓÀøµ{¡A ­Yµo¥Í¥ÎÃÄ¤£¨}¤ÏÀ³½Ð§iª¾Âå¥Í,,Follow doctor's advice. Check with doctor if you notice any side effects.,,³Æµù: ½Ð§iª¾Âå®v±z¬O§_¹ï«CÅð¯À©ÎÀYÌUµß¯ÀÃÄª«¹L±Ó,Tell your doctor if you have an allergy to penicillins or cephalosporins.,105-4 ÃÄ©e·|¨MÄ³§R°£,¤@¯ë,¤@¯ë,Äµ »y:½Ð¿í«ü¥ÜªA§¹¾ã­ÓÀøµ{¡A­Yµo¥Í¥ÎÃÄ¤£¨}¤ÏÀ³½Ð§iª¾Âå¥Í¡C,,,,,§_,1.0,,§_,§_,§_,³æ¤è,§_,°±¥Î,°±¥Î,¥i¿i,¬O,,1.00,1.00,2.00,2.00,28,14,0,1,8.00,8.00,0.10,0.10,,¦³¹Ï¤ù,,0,,0,,J01DD08,,,,,,,,,CAP,§_,°·«Oµ¹¥I,°·«Oµ¹¥I,CEFIXIME,J01DD08,AC33225100,§_,SolidDrugForm,ORCAP,,,,,,,,,PH047,202303141727,5.40,8.00
OCEF5,19960101,99999999,°±¥Î,Cefspan 50mg,Cefspan 50mg,Cefixime,PO,,QANB,AI-01-02,¤fªA,PK,Cefspan,«D²Õ®M,°±¥Î,OCEF1,¤@¯ë¥i¥Î,¬O,¤£¥i¥ÎÃÄ¥]¾÷,,¤@¯ë,Á`¶q¶i¦ì,¾AÀ³¯g:²Óµß©Ê·P¬V,,Antibacterial agent,,¥~ Æ[:¾ï¦â²ÓÁû²É,,,,,,³t´_¾A±d,Cefspan 50mg,,,§_,¬O,,,,,,,,,¤@¯ë,¤@¯ë,Äµ »y:½Ð¿í«ü¥ÜªA§¹¾ã­ÓÀøµ{¡A­Yµo¥Í¥ÎÃÄ¤£¨}¤ÏÀ³½Ð§iª¾Âå¥Í¡C,,,,,§_,1.0,,§_,§_,§_,³æ¤è,§_,°±¥Î,¥i¥Î,¥i¿i,¬O,,1.00,1.00,16.00,16.00,14,14,1,1,0,0,0,0,,µL¹Ï¤ù,,0,,0,,J01DD08,,,,,,,,,PK,§_,°·«Oµ¹¥I,°·«Oµ¹¥I,CEFIXIME,J01DD08,B018325109,§_,SolidDrugForm,GRAN,,,,,,,,,PH047,202401261320,19.50,24.00
OCEFA,20140910,99999999,¥i¥Î,½çºÖ±o­×Cefadroxil 500mg,Cefadroxil 500mg,Cefadroxil,PO,BID,QANB,AI-01-02,¤fªA,CAP,Ucefa,«D²Õ®M,,,¤@¯ë¥i¥Î,¬O,¥i¥ÎÃÄ¥]¾÷,¥i¥Î,¤@¯ë,Á`¶q¶i¦ì,¾AÀ³¯g:²Óµß©Ê·P¬V,,Indication:Antimicrobial agent,,¥~ Æ[:ÂA¾í¦âªø¶ê¬W«¬½¦Ån¡A ¦L¦³ST ¤Î008,Appearance:Orange cylinder capsule¡A marking: ST and 008,¸¡Âm¡A äú¤ß¡A ­G³¡¤£¾A,Diarrhea¡A nausea¡A stomach cramps,,¬Ò¥i¥Î,½çºÖ±o­×½¦Ån500²@§J,Cefadroxil 500mg,,,,¬O,,½Ð¿í«ü¥ÜªA§¹¾ã­ÓÀøµ{¡A ­Yµo¥Í¥ÎÃÄ¤£¨}¤ÏÀ³½Ð§iª¾Âå¥Í,,Follow doctor's advice. Check with doctor if you notice any side effects.,,,,,¤@¯ë,¤@¯ë,Äµ »y:½Ð¿í«ü¥ÜªA§¹¾ã­ÓÀøµ{¡A­Yµo¥Í¥ÎÃÄ¤£¨}¤ÏÀ³½Ð§iª¾Âå¥Í¡C,,,0,0,§_,1.0,,§_,¬O,§_,³æ¤è,§_,°±¥Î,°±¥Î,¥i¿i,¬O,,1.00,1.00,4.00,4.00,14,14,0,1,8.00,8.00,0.16,0.16,,¦³¹Ï¤ù,,0,,0,,J01DB05,,,,,0.50,g,2.00,g,CAP,§_,°·«Oµ¹¥I,°·«Oµ¹¥I,CEFADROXIL,J01DB05,AC25659100,§_,SolidDrugForm,ORCAP,,,,,,,,,PH032,202403191527,2.10,3.00
OCEL,19960101,99999999,°±¥Î,Celance 0.05mg,Celance 0.05mg,Pergolide,PO,BID,CNEU,CN-03-04,¤fªA,TAB,Celance,«D²Õ®M,°±¥Î¡A¥i¬dÃþ¦üÃÄ,,¤@¯ë¥i¥Î,¬O,¤£¥i¥ÎÃÄ¥]¾÷,,¤@¯ë,Á`¶q¶i¦ì,¾AÀ³¯g:±±¨î¶g´Á©ÊªÏÅéÅ¸°Ê¡A ¸£¯«¸g¿E¯À½Õ¾ãµ¥,,Indication:Adjunctive therapy of Parkinson's disease,,¥~ Æ[:²H¶À¾í¦âªø¤è§Î¿õ¾¯¡A ¤@­±¦L CELANCE 0.05 mg¡A ¤@­±¦L¹Ï,Appearance:Light yellow rectangle tablet,µJ¼{¡A ±Æ§¿§xÃø¡A ÀW§¿¡A «æ§¿¡A ¤ÛÄ±¡A ¨­Åé¤£¦Û¥D¹B°Ê,Anxiety; difficult or painful urination; frequent urge urinating; hallucinations,,,¨ó¨}¦æ¿õ,Celance 0.05mg,,,§_,¬O,,³¡¤À¤H¨Ï¥Î«á¥i¯à¤Þ°_¯h­Â¡A µtºÎªº²{¶H,,May cause fatigue¡A sleepiness.,,,,,¤@¯ë,¤@¯ë,Äµ »y:³¡¤À¤H¨Ï¥Î«á¥i¯à¤Þ°_¯h­Â¡BµtºÎªº²{¶H,,,,,§_,1.0,,§_,§_,§_,³æ¤è,§_,¥i¥Î,¥i¥Î,¥i¿i,¬O,,1.00,1.00,10.00,10.00,999,999,1,1,0,0,0,0,,¦³¹Ï¤ù,,0,,0,,N04BC02,,,,,,,,,TAB,§_,°·«Oµ¹¥I,°·«Oµ¹¥I,PERGOLIDE,N04BC02,B019551100,§_,SolidDrugForm,ORTAB,,,,,,,,,PH047,202303141728,12.10,15.00
OCEL2,20020523,99999999,¥i¥Î,Celebrex 200mg,Celebrex 200mg,Celecoxib,PO,QD,CNEU,CN-01-03,¤fªA,CAP,Celebrex,«D²Õ®M,,,¤@¯ë¥i¥Î,¬O,¥i¥ÎÃÄ¥]¾÷,±ø¥ó¤Uµ¹¥I,¤@¯ë,Á`¶q¶i¦ì,¾AÀ³¯g:°©Ãö¸`ª¢¡A Ãþ­·Àã©ÊÃö¸`ª¢¡A «æ©Ê¯kµhªvÀø,,Indication:Relief of the signs & symptoms of osteoarthritis,& RA. Management of acute pain.,¥~ Æ[:¥Õ¦â½¦Ån¡A¤W¦³7767¤Î200ªº¤Ï¥Õ¼Ð¥Ü¦r¼Ë,Appearance:White capsule with yellow line,«y¹Â¡Bµo¿N¡B¥Ö½§¬õ¯l¡B¥´¼QÀ¡¡B³ïÄVµh¡BÁy©Î¥|ªÏ¯B¸~,Cough¡A fever¡A skin rash¡A sneezing¡A sore throat¡A swelling of face/hands/legs,,¬Ò¥i¥Î,§Æ¼Ö¸¶,Celebrex 200mg,,,§_,¬O,,¦³­G¼ìºÅ¯f¥v½Ð¥ý§iª¾Âå¥Í¨Ã©ó¶º«áªA¥Î,¤ß¦åºÞ°ª­·ÀI¯f±w½ÐÂÔ·V¨Ï¥Î,Notify your doctor if you have stomach ulcer.,Please use caution when patients with high cardiovascular risk,³Æµù: ±µ¨ü¥ô¦ó¤â³N©Î©Þ¤ú«e¡A ½Ð§iª¾Âå®v¥¿¦bªA¥Î¥»ÃÄ,Inform if you are taking this medication prior to any surgery (including dental),,¤@¯ë,¤@¯ë,Äµ »y:¦³­G¼ìºÅ¯f¥v½Ð¥ý§iª¾Âå¥Í¨Ã©ó¶º«áªA¥Î¡C,,,,,§_,1.0,,§_,¬O,§_,³æ¤è,§_,¥i¥Î,¥i¥Î,¥i¿i,¬O,,1.00,1.00,2.00,2.00,999,999,0,1,2.00,2.00,0,0,,¦³¹Ï¤ù,,0,,0,,M01AH01,,,,,,,,,CAP,,°·«Oµ¹¥I,°·«Oµ¹¥I,CELECOXIB,M01AH01,BC23177100,§_,SolidDrugForm,ORCAP,,,,,,,,,PH047,202308101023,4.31,6.00
OCELA,20040910,99999999,°±¥Î,CELANCE 0.25mg,CELANCE 0.25mg,Pergolide,PO,,CNEU,CN-03-04,¤fªA,TAB,Celance,«D²Õ®M,°±¥Î¡A¥i¬dÃþ¦üÃÄ,,­­¥æ¥I½Õ¾¯,¬O,¤£¥i¥ÎÃÄ¥]¾÷,,¤£¦LÃÄÅÒ,Á`¶q¶i¦ì,¾AÀ³¯g:±±¨î¶g´Á©ÊªÏÅéÅ¸°Ê¡B¸£¯«¸g¿E¯À½Õ¾ãµ¥,,Adjunctive therapy of Parkinson's disease,,,,,,,¥u¥Î©óªù¶E,¨ó¨}¦æ¿õ,CELANCE 0.25mg,,­­ªù¶E¥æ¥I½Õ¾¯¥Î,§_,¬O,,,,,,,,2016¦~²Ä¤G¦¸ÃÄ©e¨MÄ³ °±¤î¥æ¥I½Õ¾¯¡C,¤@¯ë,¤@¯ë,Äµ »y:³¡¤À¤H¨Ï¥Î«á¥i¯à¤Þ°_¯h­Â¡BµtºÎªº²{¶H,,,,,§_,1.0,,¬O,§_,§_,³æ¤è,§_,°±¥Î,¥i¥Î,¥i¿i,¬O,,1.00,0,1.00,0,999,0,1,0,20.00,20.00,0,0,,µL¹Ï¤ù,,0,,0,,N04BC02,,,,,,,,,TAB,§_,°·«Oµ¹¥I,°·«Oµ¹¥I,PERGOLIDE,N04BC02,B019552100,§_,SolidDrugForm,ORTAB,,,,,,,,,PH047,202303141728,21.30,27.00
OCELL,20171130,99999999,¥i¥Î,Cellcept 250mg,Cellcept 250mg,Mycophenolate mofetil,AC,BID,HIMM,IM-04-00,¤fªA,CAP,Cellcept,«D²Õ®M,Á{±ÄÃÄ¡A½Ð³qª¾ÃÄ§½¥~ÁÊ,,¥»°|Á{±Ä²M³æ,¬O,¤£¥i¥ÎÃÄ¥]¾÷,¥i¥Î,¤@¯ë,Á`¶q¶i¦ì,¾AÀ³¯g:»PÃþ©T¾J¡Bcyclosporin¨Ö¥Î¡A¹w¨¾©Î½w¸Ñ²¾´Ó¤§¾¹©x±Æ¥¸,,Indication:Prophylaxis of organ rejection in patients,receiving allogeneic transplants¡A used with cyclosporin and corticosteroids,¥~ Æ[:ÂÅ/¾í¦âªø¶ê¬W§Îµw½¦Ån,Appearance:Blue/Orange hard capsule,°ª¦åÀ£¡A¸¡Âm¡A¥¢¯v¡A¹Ã¦R¡AÚµ½H¡A¥Õ¦å²y´î¤Ö¯g¡A±Ñ¦å¯g¡A·P¬V,Hypertension¡A diarrhoea¡Ainsomnia¡A vomiting¡A acne¡A leucopenia¡A sepsis¡A infections,,¬Ò¥i¥Î,¤s³ß¦h½¦Ån250²@§J,Cellcept 250mg,,,,§_,,À³¾ã²É§]ªA¡A ¤Á¤Å«rÄZ¡BÀ£¸H©Î¥´¶}½¦Ån¡C,,Swallow whole¡A do not chew/crush/open.,,Ãh¥¥¡A ±Â¨Åªº°ü¤k¤£¥i¨Ï¥Î¥»«~,Not recommended during pregnancy or breastfeeding.,,¤@¯ë,¤@¯ë,À³¾ã²É§]ªA¡A ¤Á¤Å«rÄZ©ÎÀ£¸H,,,0,0,§_,1.0,,§_,¬O,§_,³æ¤è,§_,¥i¥Î,¥i¥Î,¤£¥i¿i,¬O,,1.00,1.00,12.00,12.00,999,999,1,99,12.00,12.00,0,0,,¦³¹Ï¤ù,,0,,0,,L04AA06,,,,,0,,0,,CAP,§_,°·«Oµ¹¥I,°·«Oµ¹¥I,MYCOPHENOLATE MOFETIL,L04AA06,BC21757100,§_,SolidDrugForm,CAP,¦M®`¤G¯Å(¡I),,,,,,,,PH047,202303141728,39.50,51.00
OCEN,20091220,99999999,°±¥Î,Cenca 950mg,Cenca 950mg,Calcium Citrate,PO,QD,NUTR,NU-03-00,¤fªA,TAB,Catin,«D²Õ®M,°±¥Î,OCAL9,¤@¯ë¥i¥Î,¬O,¤£¥i¥ÎÃÄ¥]¾÷,¥i¥Î,¤@¯ë,Á`¶q¶i¦ì,¾AÀ³¯g:¶t½è¸É¥R¾¯¤ÎµÇ©Êµo¨|¤£¥þ¯g¤§½w¸Ñ,,Indication:Calcium supplement,,¥~ Æ[:²H¬õ¾í¦â¶ê¥Y§Î¿õ¾¯¡A ¦L¦³"UL"¤Î"071"¦r¼Ë,Appearance:Light orange round tablet,­Gµh¡A äú¤ß¡A ¹Ã¦R¡A ¥´ÜÐ¡A «K¯¦¡A ¤f°®¡A ­¹¼¤¤£®¶,Nausea;vomiting; stomach pain; belching; constipation; dry mouth; loss of appeti,,¬Ò¥i¥Î,¸t¶t¿õ ¡]ÂfÂc»Ä¶t¡^,Cenca 950mg,,,§_,¬O,,¥»«~¥iÄZ¸H«á§]ªA,,Chew thoroughly and swallow.,,,,,¤@¯ë,¤@¯ë,Äµ »y:¥»«~¥iÄZ¸H«á§]ªA,,,,,§_,1.0,,§_,§_,§_,³æ¤è,§_,°±¥Î,¥i¥Î,¥i¿i,¬O,,1.00,1.00,2.00,2.00,999,999,1,1,6.00,6.00,0,0,,¦³¹Ï¤ù,,0,,0,,A12AA09,,,,,,,,,TAB,,°·«Oµ¹¥I,°·«Oµ¹¥I,CALCIUM CITRATE,A12AA09,A031495100,§_,SolidDrugForm,CHEWTAB,,,,,,,,,PH047,202303141728,1.93,3.00
OCEP,19960101,99999999,°±¥Î,Cephadol 25mg,Cephadol 25mg,Diphenidol,PO,,CNEU,CN-03-08,¤fªA,TAB,OCEP,«D²Õ®M,°±¥Î,ODIP,¤@¯ë¥i¥Î,¬O,¥i¥ÎÃÄ¥]¾÷,,¤@¯ë,Á`¶q¶i¦ì,¾AÀ³¯g:¬°§Ü¯t·w¾¯¡A¥­¿Å»ÙÃªªvÀø¾¯,,Peripheral (labyrinthine) vertigo¡A Meniere's disease¡A middle,,,,,,,,,Cephadol 25mg,,,§_,¬O,,,,,,,,,¤@¯ë,¤@¯ë,,,,,,§_,1.0,,§_,§_,§_,³æ¤è,§_,¥i¥Î,¥i¥Î,¥i¿i,¬O,,1.00,1.00,999.00,999.00,999,999,1,1,0,0,0,0,,µL¹Ï¤ù,,0,,0,,,,,,,,,,,TAB,§_,°·«Oµ¹¥I,°·«Oµ¹¥I,DIPHENIDOL,N07CA,B002990100,§_,SolidDrugForm,ORTAB,,,,,,,,,PH047,202303141728,2.79,4.00
OCEPH,20120326,99999999,¥i¥Î,Cephalexin 250mg,Cephalexin 250mg,Cephalexin,PO,Q6H,QANB,AI-01-02,¤fªA,CAP,Keflex,«D²Õ®M,,,¤@¯ë¥i¥Î,¬O,¥i¥ÎÃÄ¥]¾÷,¥i¥Î,¤@¯ë,Á`¶q¶i¦ì,¾AÀ³¯g:²Óµß©Ê·P¬V,,Indication:Antibiotic for infection.,,¥~ Æ[:²`ºñ/¥Õ¦âªø¶ê¬W§Îµw½¦Ån¡A ¦L¦³ST006¦r¼Ë,Appearance:Green/white cylinder hard capsule,»´«×¸¡Âm¡A ¹L±Ó©Ê¤ÏÀ³,Diarrhea ( mild )¡Aanaphylaxis.,,¬Ò¥i¥Î,«H«OªY,Cephalexin 250mg,,,§_,¬O,,½Ð¿í«ü¥ÜªA§¹¾ã­ÓÀøµ{¡A ­Yµo¥Í¥ÎÃÄ¤£¨}¤ÏÀ³½Ð§iª¾Âå¥Í,,Follow doctor's advice. Check with doctor if you notice any side effects.,,,,,¤@¯ë,¤@¯ë,Äµ »y:½Ð¿í«ü¥ÜªA§¹¾ã­ÓÀøµ{¡A­Yµo¥Í¥ÎÃÄ¤£¨}¤ÏÀ³½Ð§iª¾Âå¥Í¡C,,,0,0,§_,1.0,,§_,¬O,§_,³æ¤è,§_,¥i¥Î,¥i¥Î,¥i¿i,¬O,,1.00,1.00,2.00,3.00,28,7,0,1,16.00,16.00,0.40,0.20,0,¦³¹Ï¤ù,,0,,0,,J01DB01,,,,,0.25,g,2.00,g,CAP,,°·«Oµ¹¥I,°·«Oµ¹¥I,CEPHALEXIN,J01DB01,AC067471G0,§_,SolidDrugForm,ORCAP,,,,,,,,,PH047,202403211020,2.00,3.00
OCEPO,19960101,99999999,¥i¥Î,Ceporin 25mg,Ceporin 25mg,Captopril,PO,TIDAC,CAVS,CV-07-00,¤fªA,TAB,Capoten,«D²Õ®M,,,¤@¯ë¥i¥Î,¬O,¥i¥ÎÃÄ¥]¾÷,,¤@¯ë,Á`¶q¶i¦ì,¾AÀ³¯g:¥Dªv°ª¦åÀ£¡A ¤ßÅ¦°IºÜ,,Indication: Hypertension¡A congestive heart failure,,¥~ Æ[:¥Õ¦â¥¿¤è§Î¿õ¾¯¡A¤@­±¨è¤Q¦r¡A ¤@­±ST CP25,Appearance:White square tablet,«ùÄò°®«y¡A ÀY·w¡A ¥Ö½§Äo©Î¬õ¯l ¡A µo¿N¡A ¸¡Âm¡A ­¹¼¤®t¡A äú¤ß¡A ¯h­Â,Cough (dry¡A persistent)¡A dizziness¡A skin rash with or without itching¡A fever.,,,¦å¼Ö¥­¿õ,Ceporin 25mg,,,¬O,¬O,½Ã±Ð³æ¤T,­Y¨Ï¥Î¥»ÃÄµo¥Í¤[«y¤£Â¡À³½Ð±ÐÂå®v,,Inform your doctor if you experience cough (dry¡A persistent).,,­¹ª«¥æ¤¬§@¥Î: ªAÃÄ´Á¶¡À³Á×§K¹L¶qÄá¨ú¹[ÆQ(¦p:¥NÆQ),Food interaction:Avoid over take potassium salt.,,¤@¯ë,¤@¯ë,Äµ »y:­Y¨Ï¥Î¥»ÃÄµo¥Í¤[«y¤£Â¡À³½Ð±ÐÂå®v,­¹ ­¹ª«¥æ¤¬,,,,§_,1.0,,§_,¬O,§_,³æ¤è,§_,¥i¥Î,¥i¥Î,¥i¿i,¬O,,1.00,1.00,2.00,2.00,999,999,1,1,18.00,18.00,0,0,,¦³¹Ï¤ù,,0,,0,,C09AA01,,,,,,,,,TAB,§_,°·«Oµ¹¥I,°·«Oµ¹¥I,CAPTOPRIL,C09AA01,AC322751G0,§_,SolidDrugForm,ORTAB,,,,,,,,,PH071,202202241500,2.00,3.00
OCER,19960101,99999999,¥i¥Î,Cero 250mg,Cero 250mg,Cefaclor,PO,Q8H,QANB,AI-01-02,¤fªA,CAP,Keflor,«D²Õ®M,,,¤@¯ë¥i¥Î,¬O,¥i¥ÎÃÄ¥]¾÷,±ø¥ó¤Uµ¹¥I,¤@¯ë,Á`¶q¶i¦ì,¾AÀ³¯g:²Óµß©Ê·P¬V,,Indication:Antibiotic for infection.,,¥~ Æ[:ÂAÂÅµµ/¥Õ¦âªø¶ê¬W§Îµw½¦Ån,Appearance:Purple/white hard capsule,¸¡Âm¡A äú¤ß¡A ­G³¡¤£¾A,Diarrhea¡A headache ¡A stomach cramps.,,,½çºÖ½¦Ån,Cero 250mg,,,§_,¬O,,½Ð¿í«ü¥ÜªA§¹¾ã­ÓÀøµ{¡A ­Yµo¥Í¥ÎÃÄ¤£¨}¤ÏÀ³½Ð§iª¾Âå¥Í,,Follow doctor's advice. Check with doctor if you notice any side effects.,,,,,¤@¯ë,¤@¯ë,Äµ »y:½Ð¿í«ü¥ÜªA§¹¾ã­ÓÀøµ{¡A­Yµo¥Í¥ÎÃÄ¤£¨}¤ÏÀ³½Ð§iª¾Âå¥Í¡C,,,,,§_,1.0,,§_,¬O,§_,³æ¤è,§_,°±¥Î,°±¥Î,¥i¿i,¬O,,1.00,1.00,2.00,2.00,21,14,0,1,9.00,9.00,0.40,0.10,,¦³¹Ï¤ù,,0,,0,,J01DC04,,,,,0.25,g,1.00,g,CAP,§_,°·«Oµ¹¥I,°·«Oµ¹¥I,CEFACLOR,J01DC04,AB36082100,§_,SolidDrugForm,ORCAP,,,,,,,,,PH047,202303141728,4.21,6.00
OCER4,20130201,99999999,¥i¥Î,Ceretal S.C. 400mg,Ceretal S.C. 400mg,Pentoxifylline,PC,BID,CAVS,CV-11-00,¤fªA,TAB,Trental,«D²Õ®M,,,¤@¯ë¥i¥Î,¬O,¤£¥i¥ÎÃÄ¥]¾÷,¥i¥Î,¤@¯ë,Á`¶q¶i¦ì,¾AÀ³¯g: ¥½±é¦åºÞ´`Àô»ÙÃª,,Indication: Treatment of peripheral vascular disease,,¥~ Æ[: ²Lµµ¬õ¦â¾ò¶ê§Î¿õ¾¯,Appearance: Light purple elliptic tablet,ÀY·w¡A ÀYµh¡A äú¤ß©Î¹Ã¦R,Dizzy; headache; nausea or vomiting,,¬Ò¥i¥Î,¦å§Q«ùÄò©Ê¿}¦ç¿õ,Ceretal S.C. 400mg,,,¬O,§_,,½Ð¿í·ÓÂå®v«ü¥Ü¨Ï¥Î¡A ­Yµo¥ÍºÃ¦üÃÄª«¤£¨}¤ÏÀ³½Ð§iª¾Âå¥Í,¥»ÃÄ«~À³¦ñµÛ²GÅé¾ã²É§]ªA¡A©ÎÀHÀ\ªA¥Î¥H´î¤Ö¸z­G¤£¾A¡C,Follow doctor's advice. Check with doctor if you notice any side effects.,Swallow tablets whole. Take your medicine with meals to avoid stomach upset.,,,,¤@¯ë,¤@¯ë,Äµ »y:½Ð¿í·ÓÂå®v«ü¥Ü¨Ï¥Î¡A­Yµo¥ÍºÃ¦üÃÄª«¤£¨}¤ÏÀ³½Ð§iª¾Âå¥Í¡C,,,0,0,§_,1.0,,§_,¬O,§_,³æ¤è,§_,¥i¥Î,¥i¥Î,¤£¥i¿i,¬O,,1.00,1.00,1.00,1.00,999,999,1,1,6.00,6.00,0,0,,¦³¹Ï¤ù,,0,,0,,C04AD03,,,,,,,,,TAB,,°·«Oµ¹¥I,°·«Oµ¹¥I,PENTOXIFYLLINE,C04AD03,AC341571G0,§_,SolidDrugForm,ERTAB,,,,,,,,,PH014,202306301140,2.00,3.00
OCEX,20190901,99999999,¥i¥Î,CEXime 100mg,CEXime 100mg,Cefixime,PC,BID,QANB,AI-01-02,¤fªA,CAP,Cefspan,«D²Õ®M,,,¤@¯ë¥i¥Î,¬O,¤£¥i¥ÎÃÄ¥]¾÷,¥i¥Î,¤@¯ë,Á`¶q¶i¦ì,¾AÀ³¯g:²Óµß©Ê·P¬V,,Indication:Antimicrobial agent,,¥~ Æ[:¶À¦â½¦Ån¡A¦L¦³ST 089¤Î100mg,Appearance: Yellow capsule¡A marked ST 089 and 100mg,¸¡Âm¡A¸¡µh¡Aäú¤ß¡A®ø¤Æ¤£¨}¡AµÈ®ð¡A¥Ö¯l,Diarrhea¡A abdominal pain¡A nausea¡A dyspepsia¡A flatulence¡A skin rash,,¬Ò¥i¥Î,½ç«H½¦Ån,CEXime 100mg,,,,¬O,,½Ð¿í«ü¥ÜªA§¹¾ã­ÓÀøµ{¡A ­Yµo¥Í¥ÎÃÄ¤£¨}¤ÏÀ³½Ð§iª¾Âå¥Í,,Follow doctor's advice. Check with doctor if you notice any side effects.,,³Æµù: ½Ð§iª¾Âå®v±z¬O§_¹ï«CÅð¯À©ÎÀYÌUµß¯ÀÃÄª«¹L±Ó,Tell your doctor if you have an allergy to penicillins or cephalosporins.,2019/09 Seftem¯Ê³f¨ú¥N,¤@¯ë,¤@¯ë,Äµ »y:½Ð¿í«ü¥ÜªA§¹¾ã­ÓÀøµ{¡A­Yµo¥Í¥ÎÃÄ¤£¨}¤ÏÀ³½Ð§iª¾Âå¥Í¡C,SA «÷­µ¬Û¦ü,,0,0,§_,1.0,,§_,¬O,§_,³æ¤è,,°±¥Î,°±¥Î,¥i¿i,¬O,,1.00,1.00,2.00,2.00,14,14,0,1,8.00,8.00,0.12,0.12,,¦³¹Ï¤ù,,0,,0,,J01DD08,,,,,0.10,g,0.40,g,CAP,,°·«Oµ¹¥I,°·«Oµ¹¥I,CEFIXIME,J01DD08,AC48892100,,SolidDrugForm,ORCAP,,,0,,0,,,,PH047,202303131718,4.17,6.00
OCHA1,20071224,99999999,°±¥Î,CHAMPIX 1mg,CHAMPIX 1mg,Varenicline,PC,BID,ZADT,AD-02-00,¤fªA,TAB,Champix,«D²Õ®M,¼t°Ó¯Ê³f,,¤@¯ë¥i¥Î,¬O,¤£¥i¥ÎÃÄ¥]¾÷,,¦C¦Lªù¶EÃÄÅÒ,Á`¶q¶i¦ì,¾AÀ³¯g:§ÙµÒ»²§U¾¯,,Indication:Smoking cessation agent,,¥~ Æ[:ÂÅ¦âªø¶ê¬W«¬¿õ¾¯¡A ¤@­±¦Lpfizer¡A ¤@­±¦LCHX1,Appearance:Blue cylinder tablet,äú¤ß¡A ºÎ¯v»ÙÃª¡A «K¯µ¡A µÈ®ð¡A ÀYµh. ¤Ö¨£: ¤ßµ±µh¡A ¤ß«ß¤£¾ã¡A ¤ß·i®}½w,Nausea¡A sleep disturbance¡A constipation¡A flatulence¡Aheadache.Rare:angina.,,¥u¥Î©óªù¶E,§Ù¥²¾A½¤¦ç¿õ,CHAMPIX 1mg,,,§_,¬O,,­¹ª«¥æ¤¬§@¥Î: ªAÃÄ´Á¶¡½Ð¤Å¶¼°s,,Food interaction: Avoid alcohol.,,ªAÃÄ´Á¶¡­Yµo¥ÍÅöíw¡AÀ³¥ß§Y°±ÃÄ¨Ã´NÂå¡C,If you have a seizure while taking Champix should discontinue therapy.,,¤@¯ë,¤@¯ë,Äµ »y: ½Ð¿íÂå®v«ü¥Ü«ö®É¥ÎÃÄ¡A¤Å¦Û¦æ§ïÅÜ¾¯¶q¡B¥Îªk©Î¥ô·N°±ÃÄ¡C,SA «÷­µ¬Û¦ü,,,,§_,1.0,,¬O,¬O,§_,³æ¤è,§_,¥i¥Î,¥i¥Î,¥i¿i,¬O,,1.00,1.00,1.00,1.00,999,999,1,1,2.00,2.00,0,0,,¦³¹Ï¤ù,,0,,0,,N07BA03,,,,,,,,,TAB,,°·«Oµ¹¥I,°·«Oµ¹¥I,,,B024648100,§_,SolidDrugForm,ORTAB,,,,,,,,,PH047,202303141728,60.00,75.00
OCHA5,20071224,99999999,°±¥Î,Champix 0.5mg,Champix 0.5mg,Varenicline,PC,,ZADT,AD-02-00,¤fªA,TAB,Champix,«D²Õ®M,¼t°Ó¯Ê³f,,¤@¯ë¥i¥Î,¬O,¤£¥i¥ÎÃÄ¥]¾÷,,¦C¦Lªù¶EÃÄÅÒ,Á`¶q¶i¦ì,¾AÀ³¯g:§ÙµÒ»²§U¾¯,,Indication:Smoking cessation agent.,,¥~ Æ[:¥Õ¦âªø¶ê¬W«¬¿õ¾¯¡A ¤@­±¦Lpfizer¡A ¤@­±¦LCHX 0.5,Appearance:White cylinder tablet,äú¤ß¡A ºÎ¯v»ÙÃª¡A «K¯µ¡A µÈ®ð¡A ÀYµh. ¤Ö¨£: ¤ßµ±µh¡A ¤ß«ß¤£¾ã¡A ¤ß·i®}½w,Nausea¡A sleep disturbance¡A constipation¡A flatulence¡Aheadache.Rare:angina.,,¥u¥Î©óªù¶E,§Ù¥²¾A½¤¦ç¿õ,Champix 0.5mg,,,§_,¬O,,­¹ª«¥æ¤¬§@¥Î: ªAÃÄ´Á¶¡½Ð¤Å¶¼°s,,Food interaction: Avoid alcohol.,,¦b¨Ï¥Î¥»ÃÄ´Á¶¡­Yµo¥ÍÅöíw¡AÀ³¥ß§Y°±ÃÄ¨Ã´NÂå¡C,If you have a seizure while taking Chantix should discontinue therapy.,,¤@¯ë,¤@¯ë,Äµ »y: ½Ð¿íÂå®v«ü¥Ü«ö®É¥ÎÃÄ¡A¤Å¦Û¦æ§ïÅÜ¾¯¶q¡B¥Îªk©Î¥ô·N°±ÃÄ¡C,SA «÷­µ¬Û¦ü,,,,§_,1.0,,¬O,¬O,§_,³æ¤è,§_,¥i¥Î,¥i¥Î,¥i¿i,¬O,,1.00,1.00,1.00,1.00,999,999,7,1,2.00,2.00,0,0,,¦³¹Ï¤ù,,0,,0,,N07BA03,,,,,,,,,TAB,,°·«Oµ¹¥I,°·«Oµ¹¥I,,,B024649100,§_,SolidDrugForm,ORTAB,,,,,,,,,PH047,202303141728,60.00,75.00
OCHAL,20141224,99999999,°±¥Î,Chalian powder 5g/pk,Chalian powder 5g/pk,Calcium polystyrene sulfonate,PO,QD,ZADT,AD-02-00,¤fªA,PK,Kayexalate,«D²Õ®M,°±¥Î,,¤@¯ë¥i¥Î,¬O,¤£¥i¥ÎÃÄ¥]¾÷,,¤@¯ë,Á`¶q¶i¦ì,¾AÀ³¯g:°ª¦å¹[,,Indication:Treatment of hyperkalemia.,,¥~ Æ[:¨C¥]5§J²L¶À¦â¯»¾¯,Appearance:Buff-colored powder¡A 5gm/pack,­G¨ë¿E¡A ¹½­¹¡A äú¤ß¡A ¹Ã¦R¡A «K¯µ,Gastric irritation¡A anorexia¡A nausea¡A vomiting¡A constipation,,¬Ò¥i¥Î,¹[§Q¦w¯»,Chalian powder,,,,,,¥i²V¦X¤Ö³\¶¼¤ô¡A ¤Å»PªG¥Ä²V¦X¨ÖªA,,Mix with a little water . Do not mix with fruit juice.,,³Æµù: ¤£«ØÄ³»P¨î»Ä¾¯©Î±j¤ß¾¯¨ÖªA,Do not combine with antacids¡A digitalis.,2015¦~²Ä¤@¦¸ÃÄ©e·|³q¹L·s¶i¨ú¥N,¤@¯ë,¤@¯ë,Äµ »y:¥i²V¦X¤Ö³\¶¼¤ô¡A¤Å»PªG¥Ä²V¦X¨ÖªA,,,0,0,§_,1.0,,§_,§_,§_,³æ¤è,§_,¥i¥Î,¥i¥Î,¥i¿i,¬O,,1.00,1.00,12.00,12.00,999,999,1,1,20.00,20.00,2.40,0.20,,¦³¹Ï¤ù,,0,,0,,V03AE01,,,,,0,,0,,¥],§_,°·«Oµ¹¥I,°·«Oµ¹¥I,POLYSTYRENE SULFONATE,V03AE01,AC49388121,§_,,,,,,,,,,,PH047,202303141729,9.50,13.00
OCHE,20090525,99999999,°±¥Î,Chemix (Baktar) 400/80mg,Chemix (Baktar) 400/80mg,Sulfamethoxazole + Trimethoprim,PO,BID,QANB,AI-01-09,¤fªA,TAB,Baktar,«D²Õ®M,°±¥Î,OMORC,¤@¯ë¥i¥Î,¬O,¥i¥ÎÃÄ¥]¾÷,¥i¥Î,¤@¯ë,Á`¶q¶i¦ì,¾AÀ³¯g: ÁDÓiÃþÃÄª«¡AªvÀø²Óµß©Ê·P¬V,,Indication: sulfa drug¡A treatment of infection.,,¥~ Æ[:¥Õ¦âÀ£¼Ò¿õ¾¯¦³YUNG SHIN¨è¦r,Appearance:White round tablet,¥ú±Ó·P¡A ¸¡Âm¡A ÀY·w¡A ­¹¼¤¯Ê¥F¡A äú¤ß©Îäú¦R¡A ¯h­Â,Increased sensitivity of skin to sunlight¡A diarrhea¡A dizziness¡A headache.,,¬Ò¥i¥Î,«gµß¿õ,Chemix (Baktar) 400/80mg,,,§_,¬O,,ªAÃÄ´Á¶¡½Ð¦h¸É¥R¤ô¤À¡A ¨Ã¨Ì«ü¥ÜªA§¹¾ã­ÓÀøµ{,,Follow doctor's advice¡A drink plenty of fluids.,,,,,¤@¯ë,¤@¯ë,Äµ »y:ªAÃÄ´Á¶¡½Ð¦h¸É¥R¤ô¤À¡A¨Ã¨Ì«ü¥ÜªA§¹¾ã­ÓÀøµ{,,,,,§_,1.0,,§_,¬O,§_,³æ¤è,§_,°±¥Î,°±¥Î,¥i¿i,¬O,,1.00,1.00,4.00,4.00,28,7,0,1,25.00,25.00,0.40,0.10,,¦³¹Ï¤ù,,0,,0,,J01EE01,J01EA01,J01EC01,,,0.48,g,0.96,g,TAB,,°·«Oµ¹¥I,°·«Oµ¹¥I,SULFAMETHOXAZOLE 400MG + TRIMETHOPRIM 80MG,J01EE01,AC08855100,§_,SolidDrugForm,ORTAB,,,,,,,,,PH047,202303141729,1.50,3.00
OCHEY,20220615,99999999,¥i¥Î,Chemo young 4mL/bottle (14bottles/box),Chemo young 4mL/bottle (14bottles/box),Soybean and probiotics fermentation product,AC,BID,RACA,ON-06-00,¤fªA,BOT,Chemo young,«D²Õ®M,,,¤@¯ë¥i¥Î,¬O,¤£¥i¥ÎÃÄ¥]¾÷,°·«O¤£µ¹¥I,¤@¯ë,¦¸­p¶q¶i¦ì,¾AÀ³¯g:§ïµ½¤Æ¾ÇÃÄª«ªvÀø¤§Àù¯g¯f±wªº¯h³Ò¤Î­¹¼¤¤£®¶¡C,,Indication:Ameliorating fatigue/appetite loss (chemotherapy),,¥~ Æ[:¥Õ¦â²°¸Ë¡A¤º§t14²~4mL¬Á¼þ²~,Appearance:14 of 4mL glass bottles in a white box.,«K¯¦¡A ¸¡Âm,constipation¡A diarrhea.,,¬Ò¥i¥Î,¤ÆÀøºy¤ºªA²G,Chemo young 4mL/bottle,,,,¬O,,¦]¥»«~¸gºë±K¿@ÁY¡A²~¤f©Î²~©³²£¥Í©Tª¬µ²´¹¬°¦ÛµM²{¶H,¡A½Ð¨ú¥X¥H·Å¤ô¨Rªw¶¼¥Î,To produce crystals at the mouth or bottom of the bottle is natural.,Please take the crystals out and drink it with warm water,¨C²~4²@¤É¡A¥H100²@¤É·Å¶}¤ôµ}ÄÀ«áªÅ¸¡ªA¥Î¡C,4mL/bottle¡A on an empty stomach after diluting in 100mL of warm water.,2022Q2ÃÄ©e·s¶i,¤@¯ë,¤@¯ë,¦]¥»«~¸gºë±K¿@ÁY¡A²~¤f©Î²~©³²£¥Í©Tª¬µ²´¹¬°¦ÛµM²{¶H¡A½Ð¨ú¥X¥H·Å¤ô¨Rªw¶¼¥Î,,,0,0,§_,14.0,,§_,¬O,§_,½Æ¤è,§_,°±¥Î,°±¥Î,¤£¥i¿i,¬O,,1.00,1.00,1.00,1.00,99,99,7,7,2.00,2.00,0,0,,¦³¹Ï¤ù,,0,,0,,V03bbbb,,,,,0,,0,,BOX,,¤£µ¹¥I¶·¦Û¥I,¤£µ¹¥I¶·¦Û¥I,,,,,Liquid,SOL,,,0,,0,,,,PH047,202403211749,0,3500.00
OCHL5,20100205,99999999,¥i¥Î,Chlordiazepoxide 5mg,Chlordiazepoxide 5mg,Chlordiazepoxide,PO,TID,CNEU,CN-02-02,¤fªA,TAB,Librium,«D²Õ®M,,,¤@¯ë¥i¥Î,¬O,¤£¥i¥ÎÃÄ¥]¾÷,¥i¥Î,¤@¯ë,Á`¶q¶i¦ì,¾AÀ³¯g:µJ¼{ª¬ºA¡A «æ©Ê°sºë§ÙÂ_¯g­Ô¸s¤Î¨ä¥L§@¥Î,,Relieve anxious and alcohol withdrawal symptoms,,¥~ Æ[:ÂÅ¦â¶ê§Î¿}¦ç¿õ,Appearance:Blue round tablet,ÀY·w¡A ©ü©ü±ýºÎ,Dizzy¡A sleepy,,¬Ò¥i¥Î,¤j¯q¿}¦ç¿õ,Chlordiazepoxide 5mg,,,¬O,¬O,½Ã±Ð³æ¥|,ªAÃÄ«á¡A ½Ð¤Å¶}¨®©Î¾Þ§@¦MÀI¾÷±ñ; ¤Å¶¼°s,,Be careful driving or operating machinery. Avoid alcohol.,,­¹ª«¥æ¤¬§@¥Î: ªAÃÄ´Á¶¡Á×§K­¹¥Î¸²µå¬c¥Ä»P¶¼°s,Food interaction: Avoid grapefruit juice and alcohol.,,¤@¯ë,¥|¯ÅºÞ¨î,Äµ »y:ªAÃÄ«á¡A½Ð¤Å¶}¨®©Î¾Þ§@¦MÀI¾÷±ñ¡F¤Å¶¼°s,­¹ ­¹ª«¥æ¤¬,,,,§_,1.0,,§_,¬O,§_,³æ¤è,§_,¥i¥Î,¥i¥Î,¤£¥i¿i,¬O,,1.00,1.00,2.00,2.00,30,30,1,1,20.00,20.00,0,0,,¦³¹Ï¤ù,,0,,0,,N05BA02,,,,,,,,,TAB,,°·«Oµ¹¥I,°·«Oµ¹¥I,CHLORDIAZEPOXIDE,N05BA02,NC01503100,§_,SolidDrugForm,ORTAB,,,,,,,,,PH047,202303131949,1.50,3.00
OCHOP,20220724,99999999,¥i¥Î,Choles powder 4gm/Pack,Choles powder 4gm/Pack,Cholestyramine,PO,BID,CAVS,CV-12-00,¤fªA,PK,Questran,«D²Õ®M,Á{±ÄÃÄ¡A½Ð³qª¾ÃÄ§½¥~ÁÊ,,­Ó®×Á{±Ä,¬O,¤£¥i¥ÎÃÄ¥]¾÷,¥i¥Î,¤@¯ë,Á`¶q¶i¦ì,¾AÀ³¯g:°ªÁx©T¾J¦å¯g¡AÁx¹D»ÙÃª¬ÛÃö·kÄo¯g¤Î¸¡Âm.,,Indication:Hypercholesterolemia. Pruritus/Diarrhea,,¥~ Æ[:¥Õ¦â¯»¾¯¡A¾Tºä³U¸Ë,Appearance: White powder¡A aluminum foil package.,«K¯µ¡A®ø¤Æ¤£¨}¡A¸¡³¡¤£¾A,Constipation¡A indigestion¡A abdominal discomfort,,¬Ò¥i¥Î,¥i§QµÎ´²,Choles powder 4gm/Pack,,,,¬O,,¥»ÃÄ·|»P¨ä¥LÃÄª«µ²¦X¦Ó­°§C¨ä¥LÃÄª«ÃÄ®Ä¡A,½ÐªA¥Î§¹¨ä¥LÃÄª««á1¤p®É¦AªA¥Î¥»ÃÄ¡C,Cholestyramine may change the way many other medicines work.,Take other medicines 1 hour before you take Choles powder.,¨C¥]ªw¤ô120-180mL«áªA¥Î¡A¤£¥iª½±µ§]ªA¯»¾¯¡C,Each pack mix in 120-160mL water and drink it. Avoid taking the powder.,2022.07¾G³Ó°¶Âå®v­Ó®×Á{±Ä,¤@¯ë,¤@¯ë,¥»ÃÄ·|»P¨ä¥LÃÄª«µ²¦X¦Ó­°§C¨ä¥LÃÄª«ÃÄ®Ä¡A½ÐªA¥Î§¹¨ä¥LÃÄª««á1¤p®É¦AªA¥Î¥»ÃÄ¡C,,,0,0,§_,1.0,,§_,¬O,§_,³æ¤è,,¥i¥Î,¥i¥Î,¥i¿i,¬O,,1.00,1.00,6.00,6.00,999,999,28,28,6.00,6.00,0,0,,¦³¹Ï¤ù,,0,,0,,C10AC01,,,,,0,,0,,¥],,°·«Oµ¹¥I,°·«Oµ¹¥I,CHOLESTYRAMINE,C10AC01,AC35424127,§_,SolidDrugForm,POWD,,,0,,0,,,,PH047,202401101549,15.40,20.00
OCIA,20040114,99999999,°±¥Î,Cialis 20mg 4's/box,Cialis 20mg 4's/box,Tadalafil,PO,,SGU,UR-03-00,¤fªA,TAB,Cialis,«D²Õ®M,°±¥Î¡A¥i¬dÃþ¦üÃÄ,,¤@¯ë¥i¥Î,¬O,¤£¥i¥ÎÃÄ¥]¾÷,°·«O¤£µ¹¥I,¤@¯ë,Á`¶q¶i¦ì,¾AÀ³¯g:¥Î©ó«k°_¥\¯à»ÙÃª,,Treatment of erectile dysfunction,,¥~ Æ[:¶À¦â§ö¤¯§Î¿õ¾¯,Appearance: Yellow almond shaped tablet,ÀYµh¡B¸z­G¤£¾A¡B­Iµh¡B¦Ù¦×µh¡B«y¹Â¡BÁy¼é¬õ,Headache¡A dyspepsia¡A back pain¡A myalgia¡A cough¡A flushing,,¥u¥Î©óªù¶E¤Î¦í°|STAT,µR§Q¤h,Cialis 20mg 4's/box,,,§_,¬O,,¥»ÃÄ«~¤£¥i»Pµv»ÄÆQÃþ¨Ö¥Î¡A¥i¯à³y¦¨ÄY­«§C¦åÀ£¡C,­Yµo¥Í«ùÄò«k°_¶W¹L4¤p®É¡AÀ³¥ß§Y´M¨DÂåÀø¨ó§U¡C,Avoid concomitant use of nitrates with drug as severe hypotension may result.,Seek emergency treatment for prolonged erections (longer than 4 hours),­Y¥X²{¬ðµMªºµø¤O»ÙÃª©ÎÅ¥¤O¯Ê·l¡AÀ³¥ß§Y»PÂå®vÁpµ¸¡CÁ×§K»P¸²µå¬c¥Ä¡B°sºë¨ÃªA,Report immediately¡A if sudden loss of vision or hearing occur. Avoid grapefruit,,¤@¯ë,¤@¯ë,Äµ »y:¥»ÃÄ«~¤£¥i»Pµv»ÄÆQÃþ¨Ö¥Î,,,,,§_,4.0,,§_,§_,§_,³æ¤è,§_,°±¥Î,¥i¥Î,¤£¥i¿i,§_,,1.00,1.00,1.00,1.00,60,60,30,30,0,0,0,0,,µL¹Ï¤ù,,0,,0,,G04BE08,,,,,,,,,BOX,,¤£µ¹¥I¶·¦Û¥I,¤£µ¹¥I¶·¦Û¥I,,,,§_,SolidDrugForm,ORTAB,,,,,,,,,PH047,202303141729,0,1780.00
OCIA5,20130320,99999999,¥i¥Î,Cialis 5mg (28 tablets/box),Cialis 5mg (28 tablets/box),Tadalafil,PO,QD,SGU,UR-03-00,¤fªA,TAB,Cialis,«D²Õ®M,,,¤@¯ë¥i¥Î,¬O,¥i¥ÎÃÄ¥]¾÷,°·«O¤£µ¹¥I,¤@¯ë,Á`¶q¶i¦ì,¾AÀ³¯g: «k°_¥\¯à»ÙÃª¡A «e¦C¸¢ªÎ¤j¯g©Ò¦ñÀHªº¤Uªc§¿¹D¯gª¬,,Indications: erectile dysfunction¡A the symptoms of BPH,,¥~ Æ[:²H¶À¦â§ö¤¯§Î¿õ¾¯,Appearance: Light yellow almond shaped tablet,ÀYµh¡B¸z­G¤£¾A¡B­Iµh¡B¦Ù¦×µh¡B«y¹Â¡BÁy¼é¬õ,Headache¡A dyspepsia¡A back pain¡A myalgia¡A cough¡A flushing,,¥u¥Î©óªù¶E¤Î¦í°|STAT,µR§Q¤h½¤¦ç¿õ5²@§J,Cialis 5mg (28 tablets/box),,,§_,§_,,¥»ÃÄ«~¤£¥i»Pµv»ÄÆQÃþ¨Ö¥Î¡A¥i¯à³y¦¨ÄY­«§C¦åÀ£¡C,­Yµo¥Í«ùÄò«k°_¶W¹L4¤p®É¡AÀ³¥ß§Y´M¨DÂåÀø¨ó§U¡C,Avoid concomitant use of nitrates with drug as severe hypotension may result.,Seek emergency treatment for prolonged erections (longer than 4 hours),­Y¥X²{¬ðµMªºµø¤O»ÙÃª©ÎÅ¥¤O¯Ê·l¡AÀ³¥ß§Y»PÂå®vÁpµ¸¡CÁ×§K»P¸²µå¬c¥Ä¡B°sºë¨ÃªA,Report immediately¡A if sudden loss of vision or hearing occur. Avoid grapefruit,,¤@¯ë,¤@¯ë,Äµ »y:¥»ÃÄ«~¤£¥i»Pµv»ÄÆQÃþ¨Ö¥Î,,,0,0,§_,28.0,,§_,¬O,§_,³æ¤è,§_,°±¥Î,°±¥Î,¤£¥i¿i,¬O,,1.00,1.00,4.00,4.00,999,999,28,1,8.00,8.00,0,0,,¦³¹Ï¤ù,,0,,0,,G04BE08,,,,,,,,,BOX,,¤£µ¹¥I¶·¦Û¥I,¤£µ¹¥I¶·¦Û¥I,,,,§_,SolidDrugForm,ORTAB,,,,,,,,,PH047,202303141729,0,3500.00
OCINO,20170525,99999999,¥i¥Î,Cinolone F.C. 250mg,Cinolone F.C. 250mg,Ciprofloxacin,PO,BIDAC,QANB,AI-01-08,¤fªA,TAB,Ciproxin,«D²Õ®M,,OCIPR,¤@¯ë¥i¥Î,¬O,¥i¥ÎÃÄ¥]¾÷,±ø¥ó¤Uµ¹¥I,¤@¯ë,Á`¶q¶i¦ì,¾AÀ³¯g:²Óµß©Ê·P¬V,,Indication:Antibiotic for infection.,,¥~ Æ[:¥Õ¦â¶ê«ó§Î¿õ¾¯¡A¦L¦³ST¡A131,Appearance:White round tablet,äú¤ß¡A ¸¡Âm¡A ¹Ã¦R¡A ®ø¤Æ¤£¨},Nausea¡A diarrhea¡A vomiting¡A dyspepsia.,,¬Ò¥i¥Î,«H¿Õ¶©½¤¦ç¿õ250²@§J,Cinolone F.C. 250mg,,,,¬O,½Ã±Ð³æ¤­,½Ð©ó¶º«e¤@¤p®É©Î¶º«á¨â¤p®ÉªA¥Î,­«¯g¦ÙµL¤O±wªÌ¤£«ØÄ³¨Ï¥Î,Take this medication 1 hour before or 2 hours after food.,It is not recommended for patients with myasthenia gravis,¤Å»PÅKÆQ¡B¶t¤ù¡B¨î»Ä¾¯¡B§t©@°Ø¦]¤Î¨Å»s«~ªº­¹ª«¨ÖªA,Avoid taking with Ferrous¡A Calcium or caffeine and dairy foods.,2017/05 Ciproxin tab 250mg ¯Ê³f¼È¥N,¤@¯ë,¤@¯ë,Äµ »y: ½Ð©ó¶º«e¤@¤p®É©Î¶º«á¨â¤p®ÉªA¥Î¡A¤Å»P¤@¯ë­GÃÄ¦PªA¡C,­¹ ­¹ª«¥æ¤¬,,0,0,§_,1.0,,§_,¬O,§_,³æ¤è,§_,°±¥Î,°±¥Î,¥i¿i,¬O,,1.00,1.00,3.00,3.00,14,14,0,1,9.00,9.00,0.20,0.10,,¦³¹Ï¤ù,,0,,0,,J01MA02,,,,,0.25,g,1.00,g,TAB,,°·«Oµ¹¥I,°·«Oµ¹¥I,CIPROFLOXACIN,J01MA02,AC38747100,§_,SolidDrugForm,ORTAB,,,,,,,,,PH065,202308011025,4.32,6.00
OCIP,19960101,99999999,°±¥Î,Cipram 20mg,Cipram 20mg,Citalopram,PO,QD,CNEU,CN-02-04,¤fªA,TAB,Cipram,«D²Õ®M,°±¥Î¡A¥i¬dÃþ¦üÃÄ,,¤@¯ë¥i¥Î,¬O,¤£¥i¥ÎÃÄ¥]¾÷,±ø¥ó¤Uµ¹¥I,¤@¯ë,Á`¶q¶i¦ì,¾AÀ³¯g:¥Dªv¼~Æ{,,Treatment of depression¡A panic disorders,,¥~ Æ[:¥Õ¦â¾ò¶ê§Î¿õ¾¯,,,,,¥u¥Î©óªù¶E,µÎ¼~½¤¦ç¿õ,Cipram 20mg,,,§_,¬O,,,,,,,,,¤@¯ë,¤@¯ë,Äµ »y:¥»ÃÄ«~¤£¥i»Pµv»ÄÆQÃþ¨Ö¥Î,,,,,§_,1.0,,§_,§_,§_,³æ¤è,§_,°±¥Î,¥i¥Î,¥i¿i,¬O,,1.00,1.00,3.00,3.00,999,999,1,1,0,0,0,0,,µL¹Ï¤ù,,0,,0,,N06AB04,,,,,,,,,TAB,§_,°·«Oµ¹¥I,°·«Oµ¹¥I,CITALOPRAM,N06AB04,B020862100,§_,SolidDrugForm,ORTAB,,,,,,,,,PH047,202303141729,19.70,25.00
OCIPR,19960101,99999999,°±¥Î,Ciproxin tab 250mg,Ciproxin tab 250mg,Ciprofloxacin,PO,BIDAC,QANB,AI-01-08,¤fªA,TAB,Ciproxin,«D²Õ®M,°±¥Î,OCINO,¤@¯ë¥i¥Î,¬O,¤£¥i¥ÎÃÄ¥]¾÷,,¤@¯ë,Á`¶q¶i¦ì,¾AÀ³¯g:²Óµß©Ê·P¬V,,Indication:Antibiotic for infection.,,¥~ Æ[:¥Õ¦â¶ê«ó§Î¿õ¾¯¡A¤@­±¨è¤¤½u¤ÎCIP250¡A ¤@­±BAYER,Appearance:White round tablet,äú¤ß¡A ¸¡Âm¡A ¹Ã¦R¡A ®ø¤Æ¤£¨},Nausea¡A diarrhea¡A vomiting¡A dyspepsia.,,,³t³Õ·s½¤¦ç¿õ,Ciproxin tab 250mg,,,§_,¬O,½Ã±Ð³æ¤­,½Ð©ó¶º«e¤@¤p®É©Î¶º«á¨â¤p®ÉªA¥Î,,Take this medication 1 hour before or 2 hours after food.,,¤Å»PÅKÆQ¡B¶t¤ù¡B¨î»Ä¾¯¡B§t©@°Ø¦]¤Î¨Å»s«~ªº­¹ª«¨ÖªA,Avoid taking with Ferrous¡A Calcium or caffeine and dairy foods.,,¤@¯ë,¤@¯ë,Äµ »y: ½Ð©ó¶º«e¤@¤p®É©Î¶º«á¨â¤p®ÉªA¥Î¡A¤Å»P¤@¯ë­GÃÄ¦PªA¡C,­¹ ­¹ª«¥æ¤¬,¤fªAÃÄ,,,§_,1.0,,§_,§_,§_,³æ¤è,§_,°±¥Î,¥i¥Î,¥i¿i,¬O,,1.00,1.00,3.00,3.00,28,14,0,1,9.00,9.00,0.20,0.10,,¦³¹Ï¤ù,,0,,0,,J01MA02,,,,,0.25,g,1.00,g,TAB,§_,°·«Oµ¹¥I,°·«Oµ¹¥I,CIPROFLOXACIN,J01MA02,BB17692100,§_,SolidDrugForm,ORTAB,,,,,,,,,PH047,202303141729,5.10,7.00
OCIS,20031012,99999999,°±¥Î,Cisdyne 250mg,Cisdyne 250mg,Carbocysteine,PO,,ERSP,RE-05-01,¤fªA,TAB,,«D²Õ®M,°±¥Î,,¤@¯ë¥i¥Î,¬O,¥i¥ÎÃÄ¥]¾÷,¥i¥Î,¤@¯ë,Á`¶q¶i¦ì,¾AÀ³¯g:¤Æ·ð¾¯,,Mucolytics,,¥~ Æ[:¥Õ¦â¶ê«ó§Î¿õ¾¯,,,,,¬Ò¥i¥Î,®§·ð¿õ,Cisdyne 250mg,,,§_,¬O,,,,,,,,,¤@¯ë,¤@¯ë,Äµ »y: ­Yµo¥ÍÄY­«¹L±Ó©Îµo¯lµ¥¤£¾A¯gª¬¡AÀ³§Y°±ÃÄ¨Ã½Ð±ÐÂå®v,,,,,§_,1.0,,§_,§_,§_,³æ¤è,§_,¥i¥Î,¥i¥Î,¥i¿i,¬O,,1.00,1.00,2.00,2.00,99,99,1,1,0,0,0,0,,µL¹Ï¤ù,,0,,0,,,,,,,,,,,TAB,,°·«Oµ¹¥I,°·«Oµ¹¥I,CARBOCYSTEINE,R05CB03,B020459100,§_,SolidDrugForm,ORTAB,,,,,,,,,PH047,202303141729,2.36,4.00
OCIZO,20200306,99999999,°±¥Î,Cirzodone 50mg §ö½w§´¿õ,Cirzodone 50mg,Trazodone,PO,BID,CNEU,CN-02-06,¤fªA,TAB,Mesyrel,«D²Õ®M,°±¥Î,OTRAZ,¤@¯ë¥i¥Î,¬O,¤£¥i¥ÎÃÄ¥]¾÷,¥i¥Î,¤@¯ë,Á`¶q¶i¦ì,¾AÀ³¯g:¦UºØ«¬ºA¤§§íÆ{¯g¤Î¨ä¥L¥Î³~,,Indication:Treat mental depressive symptoms,,¥~ Æ[:²H¾ï¦â¶ê¿õ¡A¤W¦³SP 371¼Ð°O.,Appearance:Light orange round tablets¡A SP 371 marked.,ÀY·w¡A ©ü©ü±ýºÎ¡A ¤f°®¡A ±Æ§¿§xÃø,Dizzy;sleepy; dry mouth; difficult urinating.,,¬Ò¥i¥Î,§ö½w§´¿õ50¤½µ·,Cirzodone 50mg,,,¬O,¬O,,ªAÃÄ«á¡A ¥i¯àµo¥Íµu¼È©Ê·w¯t; ¤Å¶¼°s,,May cause temporary dizziness. Avoid taking with alcohol.,,,,2020/03 Mesyrel ¯Ê³f´À¥N,¤@¯ë,¤@¯ë,Äµ »y¡GªAÃÄ«á¡A¥i¯àµo¥Íµu¼È©Ê·w¯t¡F¤Å¶¼°s,,,0,0,§_,1.0,,§_,¬O,§_,³æ¤è,,°±¥Î,°±¥Î,¥i¿i,¬O,,1.00,1.00,4.00,4.00,999,999,1,1,12.00,12.00,0,0,,¦³¹Ï¤ù,,0,,0,,N06AX05,,,,,0,,0,,TAB,,°·«Oµ¹¥I,°·«Oµ¹¥I,TRAZODONE,N06AX05,AC414991G0,,SolidDrugForm,ORTAB,,,0,,0,,,,PH006,202104141106,2.00,3.00
OCLAR,19960101,99999999,°±¥Î,Clarinase 5/120mg,Clarinase 5/120mg,Loratadine + Pseudoephedrine,PO,BID,HIMM,IM-01-00,¤fªA,TAB,Clarinase,«D²Õ®M,°±¥Î,OFIN,¤@¯ë¥i¥Î,¬O,¥i¥ÎÃÄ¥]¾÷,,¤@¯ë,Á`¶q¶i¦ì,¾AÀ³¯g:½w¸Ñ¹L±Ó©Ê»óª¢¤Î·P«_¯gª¬¡A »ó¶ë¡A ¥Ö½§¹L±Ó¯g,,Indication:Relief of symptoms of seasonal allergic rhinitis,,¥~ Æ[:¥Õ¦â¶ê§Î¿}¦ç¿õ,Appearance:White round tablet,,,,,±d·ç´µ,Clarinase 5/120mg,,,§_,¬O,,,,,,,,,¤@¯ë,¤@¯ë,Äµ »y:À³¾ã²É§]ªA¡A¤Á¤Å«rÄZ©ÎÀ£¸H,,,,,§_,1.0,,§_,§_,§_,½Æ¤è,§_,°±¥Î,¥i¥Î,¤£¥i¿i,¬O,,1.00,1.00,1.00,1.00,999,999,1,1,0,0,0,0,,µL¹Ï¤ù,,0,,0,,,,,,,,,,,TAB,§_,°·«Oµ¹¥I,°·«Oµ¹¥I,PSEUDOEPHEDRINE 120MG + LORATADINE 5MG,R01BA52,B020392100,§_,SolidDrugForm,ORTAB,,,,,,,,,PH047,202303141729,4.74,6.00
OCLE,19960101,99999999,°±¥Î,Cleocin 150mg,Cleocin 150mg,Clindamycin,PO,,QANB,AI-01-07,¤fªA,CAP,Cleocin,«D²Õ®M,°±¥Î,OLIN,¤@¯ë¥i¥Î,¬O,¥i¥ÎÃÄ¥]¾÷,,¤@¯ë,Á`¶q¶i¦ì,¾AÀ³¯g:²Óµß©Ê·P¬V,,Antimicrobial agent,,¥~ Æ[:²`¬õµµ/ÂAµµ¦âªø¶ê¬W§Îµw½¦Ån,,,,,,ÄR¼Ú¨³½¦Ån,Cleocin 150mg,,,§_,¬O,,,,,,,,,¤@¯ë,¤@¯ë,Äµ »y:½Ð¿í«ü¥ÜªA§¹¾ã­ÓÀøµ{¡A­Yµo¥Í¥ÎÃÄ¤£¨}¤ÏÀ³½Ð§iª¾Âå¥Í¡C,,,,,§_,1.0,,§_,§_,§_,³æ¤è,§_,¥i¥Î,¥i¥Î,¥i¿i,¬O,,1.00,1.00,3.00,3.00,14,14,1,1,0,0,0,0,,µL¹Ï¤ù,,0,,0,,J01FF01,,,,,,,,,CAP,§_,°·«Oµ¹¥I,°·«Oµ¹¥I,CLINDAMYCIN,J01FF01,B020724100,§_,SolidDrugForm,ORCAP,,,,,,,,,PH047,202401261322,3.58,5.00
OCLIM,19960101,99999999,°±¥Î,Climen 21 tab/pk,Climen 21 tab/pk,Estradiol Valerate + Cyproterone Acetate,PO,QD,HM,HR-03-04,¤fªA,TAB,Climen,«D²Õ®M,°±¥Î¡A¥i¬dÃþ¦üÃÄ,,¤@¯ë¥i¥Î,¬O,¤£¥i¥ÎÃÄ¥]¾÷,,¤@¯ë,Á`¶q¶i¦ì,¾AÀ³¯g:§ó¦~´Á«á¤§¶Pº¸»X¸É¥R,,Hormonal replacement therapy in climacteric complaints,,¥~ Æ[:¾Tºä¤ù¸Ë,,,,,¥u¥Î©óªù¶E¤Î¦í°|STAT,¥iÄR¦w,Climen 21 tab/pk,,,§_,¬O,,,,,,,,,¤@¯ë,¤@¯ë,Äµ »y:½Ð¿í«ü¥ÜªA§¹¾ã­ÓÀøµ{¡A­Yµo¥Í¥ÎÃÄ¤£¨}¤ÏÀ³½Ð§iª¾Âå¥Í¡C,,,,,§_,21.0,,§_,§_,§_,½Æ¤è,§_,°±¥Î,¥i¥Î,¥i¿i,§_,,1.00,1.00,1.00,1.00,21,21,21,21,0,0,0,0,,µL¹Ï¤ù,,0,,0,,,,,,,,,,,TAB,§_,°·«Oµ¹¥I,°·«Oµ¹¥I,CYPROTERONE 1MG + ESTRADIOL VALERATE 4MG,G03HB01,B022443100,§_,SolidDrugForm,ORTAB,,,,,,,,,PH047,202303141729,6.40,8.00
OCLIN,20050916,99999999,°±¥Î,Clincin 150mg,Clincin 150mg,Clindamycin,PO,,QANB,AI-01-07,¤fªA,CAP,Cleocin,«D²Õ®M,°±¥Î,OLIN,¤@¯ë¥i¥Î,¬O,¥i¥ÎÃÄ¥]¾÷,,¤@¯ë,Á`¶q¶i¦ì,¾AÀ³¯g:²Óµß©Ê·P¬V,,Indication:Antibiotic for infection.,,¥~ Æ[:²`¬õµµ/ÂAµµ¦âªø¶ê¬W§Îµw½¦Ån¡A ¦L¦³NKP 282,Appearance:Purple/red hard capsule,»´«×¸¡Âm¡A äú¤ß¤Î¹Ã¦R¡A ­Gµh¡A ¨zªù©Î¥Í´Þ¾¹©P³ò·kÄo,Diarrhea(mild)¡A nausea and vomiting¡A stomach pain¡A itching of rectal or genital,,¬Ò¥i¥Î,§J¤OªY½¦Ån,Clincin 150mg,,,§_,¬O,,¨Ï¥Î¥»ÃÄ­Y¦³³y¦¨­G¸z¤£¾A¡A ¥i»P­¹ª«¨ÖªA¨Ã¦h¸É¥R¤ô,¤À,If have stomach upset¡A take with meals and increase water intake.,,,,,¤@¯ë,¤@¯ë,Äµ »y:¨Ï¥Î¥»ÃÄ­Y¦³³y¦¨­G¸z¤£¾A¡A¥i»P­¹ª«¨ÖªA¨Ã¦h¸É¥R¤ô,,,,,§_,1.0,,§_,§_,§_,³æ¤è,§_,¥i¥Î,¥i¥Î,¤£¥i¿i,¬O,,1.00,1.00,3.00,3.00,14,14,1,1,0,0,0,0,,¦³¹Ï¤ù,,0,,0,,J01FF01,,,,,,,,,CAP,,°·«Oµ¹¥I,°·«Oµ¹¥I,CLINDAMYCIN,J01FF01,AC32065100,§_,SolidDrugForm,ORCAP,,,,,,,,,PH047,202401261322,1.50,3.00
OCLO,19960101,99999999,°±¥Î,Clomid 50mg,Clomid 50mg,Clomiphene,PO,,HM,HR-03-03,¤fªA,CAP,Clomid,«D²Õ®M,°±¥Î,OCLOM,¤@¯ë¥i¥Î,¬O,¥i¥ÎÃÄ¥]¾÷,,¤@¯ë,Á`¶q¶i¦ì,¾AÀ³¯g:«P¶i±Æ§Z,,,,,,,,,,,Clomid 50mg,,,§_,¬O,,,,,,,,,¤@¯ë,¤@¯ë,,,,,,§_,1.0,,§_,§_,§_,³æ¤è,§_,¥i¥Î,¥i¥Î,¥i¿i,¬O,,1.00,1.00,999.00,999.00,999,999,1,1,0,0,0,0,,µL¹Ï¤ù,,0,,0,,,,,,,,,,,CAP,§_,°·«Oµ¹¥I,°·«Oµ¹¥I,CLOMIPHENE,G03GB02,N006717100,§_,SolidDrugForm,ORCAP,,,,,,,,,PH047,202303141729,5.36,7.00
OCLO2,19960101,99999999,°±¥Î,Clopran 25mg,Clopran 25mg,Clomipramine,PO,,CNEU,CN-02-03,¤fªA,TAB,Clopran,«D²Õ®M,°±¥Î¡A¥i¬dÃþ¦üÃÄ,,¤w°±¥Î,¬O,¤£¥i¥ÎÃÄ¥]¾÷,,¤@¯ë,Á`¶q¶i¦ì,¾AÀ³¯g¡G¼~Æ{¯g¡B±j­¢¯g,,Indication:Depressive¡A obsessive-compulsive symptoms,,¥~ Æ[:¥Õ¦â¶ê§ÎÃÄ¿õ,Appearance:White round tablet,,,,,¥i¥²¦w½¤¦ç¿õ,Clopran 25mg,,,§_,¬O,,,,,,,,,¤@¯ë,¤@¯ë,Äµ »y¡GªAÃÄ«á¡A¥i¯àµo¥Íµu¼È©Ê·w¯t¡F¤Å¶¼°s,,,,,§_,1.0,,§_,§_,§_,³æ¤è,§_,°±¥Î,¥i¥Î,¥i¿i,¬O,,1.00,1.00,10.00,10.00,999,999,1,1,0,0,0,0,,¦³¹Ï¤ù,,0,,0,,N06AA04,,,,,,,,,TAB,§_,°·«Oµ¹¥I,°·«Oµ¹¥I,CLOMIPRAMINE,N06AA04,A040544100,§_,SolidDrugForm,ORTAB,,,,,,,,,PH047,202303141729,2.77,4.00
OCLOM,19960101,99999999,¥i¥Î,Clomiphene 50mg,Clomiphene 50mg,Clomiphene,PO,QD,HM,HR-02-00,¤fªA,TAB,Clomid,«D²Õ®M,,,¤@¯ë¥i¥Î,¬O,¤£¥i¥ÎÃÄ¥]¾÷,,¤@¯ë,Á`¶q¶i¦ì,¾AÀ³¯g:«P¶i±Æ§Z,,Indication:Ovulation stimulants.,,¥~ Æ[:²H¶À¦â¶ê«ó§Î¿õ¾¯¡A¤@­±¦L¤T­Ó­fÀô(¤»¨¤§Î)¹Ï®×,Appearance:Light yellow round tablet,Áy¼é¬õ,Hot flashes,,,³ß§³¿õ,Clomiphene 50mg,,,§_,¬O,,°¸¦³Ãúµøµ¥µøÄ±¯gª¬¥X²{¡A À³Á×§K¶}¨®©Î¾Þ§@¦MÀI¾÷±ñ,,May cause blurred vision¡A be careful driving or operating machinery.,,,,,¤@¯ë,¤@¯ë,Äµ »y:°¸¦³Ãúµøµ¥µøÄ±¯gª¬¥X²{¡AÀ³Á×§K¶}¨®©Î¾Þ§@¦MÀI¾÷±ñ,,,,,§_,1.0,,§_,¬O,§_,³æ¤è,§_,¥i¥Î,¥i¥Î,¥i¿i,¬O,,1.00,1.00,2.00,2.00,90,90,5,1,8.00,8.00,0,0,,¦³¹Ï¤ù,,0,,0,,G03GB02,,,,,,,,,TAB,§_,°·«Oµ¹¥I,°·«Oµ¹¥I,CLOMIPHENE,G03GB02,AC27338100,§_,SolidDrugForm,ORTAB,¦M®`¤G¯Å(¡I),,,,,,,,PH009,202401161029,3.87,6.00
OCLON,20210407,99999999,°±¥Î,Clonopam 0.5mg,Clonopam 0.5mg,Clonazepam,PO,QD,CNEU,CN-03-01,¤fªA,TAB,Rivotril,«D²Õ®M,°±¥Î,ORIV5,¤@¯ë¥i¥Î,¬O,¥i¥ÎÃÄ¥]¾÷,¥i¥Î,¤@¯ë,Á`¶q¶i¦ì,¾AÀ³¯g:´î»´µJ¼{¡A §U¯v¡A Åöíw¤Î¨ä¥L§@¥Î,,Indication:Control seizures¡A help to sleep¡A relieve anxiety,,¥~ Æ[:²H¬õ¾í¦â¶ê¿õ¡A¤W¦³SK 0.5¼Ð°O,Appearance:red orang round tablet¡A with SK and 0.5 marked,ÀY·w¡A ©ü©ü±ýºÎ,Dizzy¡A sleepy,,¬Ò¥i¥Î,§Jíw¥­¿õ0.5²@§J,Clonopam 0.5mg,,,¬O,¬O,½Ã±Ð³æ¥|,ªAÃÄ«á¡A ½Ð¤Å¶}¨®©Î¾Þ§@¦MÀI¾÷±ñ; ¤Å¶¼°s,,Be careful driving or operating machinery. Avoid alcohol.,,­¹ª«¥æ¤¬§@¥Î: ªAÃÄ´Á¶¡Á×§K­¹¥Î¸²µå¬c¥Ä»P¶¼°s,Food interaction: Avoid grapefruit juice and alcohol.,2021.04 [ORIV5]¯Ê³f´À¥N,¤@¯ë,¥|¯ÅºÞ¨î,Äµ »y:ªAÃÄ«á¡A½Ð¤Å¶}¨®©Î¾Þ§@¦MÀI¾÷±ñ¡F¤Å¶¼°s,­¹ ­¹ª«¥æ¤¬,,0,0,§_,1.0,,§_,¬O,§_,³æ¤è,,°±¥Î,¥i¥Î,¤£¥i¿i,¬O,,1.00,1.00,8.00,8.00,30,30,1,1,40.00,40.00,0,0,,¦³¹Ï¤ù,,0,,0,,N03AE01,,,,,0,,0,,TAB,,°·«Oµ¹¥I,°·«Oµ¹¥I,CLONAZEPAM,N03AE01,AC453421G0,,SolidDrugForm,ORTAB,¦M®`¤G¯Å(¡I),,0,,0,,,,PH006,202208021003,2.00,3.00
OCLOP,19960101,99999999,°±¥Î,Clopine 100mg,Clopine 100mg,Clozapine,PO,BID,CNEU,CN-02-01,¤fªA,TAB,Clopine,«D²Õ®M,°±¥Î,OMEZ,¤@¯ë¥i¥Î,¬O,¤£¥i¥ÎÃÄ¥]¾÷,­­¥Î,¤@¯ë,Á`¶q¶i¦ì,¾AÀ³¯g:«äÄ±¥¢½Õ¯g,,Indication:Treat psychotic symptoms,,¥~ Æ[:²H¶À¦â¶ê«ó§Î¿õ¾¯¡A¤@­±¨è¤¤½u¤ÎZE¡A ¤@­±SWISS,Appearance:Light yellow round tablet,³è²G¤Àªc¹L¦h,Hypersalivation,,,§J¼{¥­¿õ,Clopine 100mg,,,¬O,¬O,,ªAÃÄ«á¡A ½Ð¤Å¶}¨®©Î¾Þ§@¦MÀI¾÷±ñ; ¤Å¶¼°s,,Be careful driving or operating machinery. Avoid alcohol.,,,,,¤@¯ë,¤@¯ë,Äµ »y:ªAÃÄ«á¡A½Ð¤Å¶}¨®©Î¾Þ§@¦MÀI¾÷±ñ¡F¤Å¶¼°s,,,,,§_,1.0,,§_,§_,§_,³æ¤è,§_,¥i¥Î,¥i¥Î,¥i¿i,¬O,,1.00,1.00,4.00,4.00,999,999,1,1,9.00,9.00,0,0,,¦³¹Ï¤ù,,0,,0,,N05AH02,,,,,,,,,TAB,§_,¤£µ¹¥I¶·¦Û¥I,¤£µ¹¥I¶·¦Û¥I,,,,§_,SolidDrugForm,ORTAB,,,,,,,,,PH047,202303141730,0,10.00
OCLOPD,20180615,99999999,¥i¥Î,Clopidogrel 75mg,Clopidogrel 75mg,Clopidogrel,PO,QD,HEMT,HE-03-00,¤fªA,TAB,Plavix,«D²Õ®M,,,¤@¯ë¥i¥Î,¬O,¥i¥ÎÃÄ¥]¾÷,±ø¥ó¤Uµ¹¥I,¤@¯ë,Á`¶q¶i¦ì,¾AÀ³¯g:¹w¨¾¤ÎªvÀøµ°ª¬°Ê¯ß®ê¶ë¤Î¦å®ê®ê¶ë¨Æ¥ó,,Indication:Reduction of atherosclerotic vascular disease,,¥~ Æ[:¯»¬õ¦â¶ê§Î¿õ¾¯¡A¦L¦³SZ/75,Appearance:Pink round tablet¡A marking:SZ/75,¥X¦å¡A ¥Ö½§·kÄo,Bleeding¡A pruritus.,,¬Ò¥i¥Î,µÎ®ê¹ç ¡§¤s¼w¤h¡¨ ½¤¦ç¿õ75²@§J,Clopidogrel 75mg film coated,,,,¬O,,¥X²{¥ô¦ó²§±`·ï«C©Î¥X¦å¡A¶Ë¤f¤£©ö¤î¦å¡A½Ð¾¨³t»PÂå®vÁpµ¸,,Report any signs of unusual bruising or bleeding to doctor immediately.,,­¹ª«¥æ¤¬§@¥Î: ªAÃÄ´Á¶¡Á×§K­¹¥Î¸²µå¬c¥Ä,Food interaction:Avoid grapefruit juice,2018-Q2 ÃÄ©e·|·s¶i,¤@¯ë,¤@¯ë,Äµ »y: ¥X²{¥ô¦ó²§±`·ï«C©Î¥X¦å¡A¶Ë¤f¤£©ö¤î¦å¡A½Ð¾¨³t»PÂå®vÁpµ¸,,,0,0,§_,1.0,,§_,¬O,§_,³æ¤è,§_,¥i¥Î,¥i¥Î,¥i¿i,¬O,,1.00,1.00,8.00,8.00,999,999,1,1,8.00,8.00,0,0,,¦³¹Ï¤ù,,0,,0,,B01AC04,,,,,0,,0,,TAB,,°·«Oµ¹¥I,°·«Oµ¹¥I,CLOPIDOGREL 75MG + ACETYLSALICYLIC ACID 0-100MG,B01AC04,BC25114100,¬O,SolidDrugForm,ORTAB,,,0,,0,mL,,,PH071,202202241459,31.90,41.00
OCLOX,20060919,99999999,°±¥Î,Cloxacillin 250 mg,Cloxacillin 250 mg,Cloxacillin,PO,,QANB,AI-01-01,¤fªA,CAP,Cloxacillin,«D²Õ®M,°±¥Î,OZIE,¤@¯ë¥i¥Î,¬O,¥i¥ÎÃÄ¥]¾÷,¥i¥Î,¤@¯ë,Á`¶q¶i¦ì,¾AÀ³¯g:²Óµß©Ê·P¬V,,Indication:Antibiotic for infection.,,¥~ Æ[: ¬õ/¥Õ¦âµw½¦Ån,Appearance:Red/white hard capsule,,,,¬Ò¥i¥Î,§J¨F¦èªL½¦Ån,Cloxacillin 250 mg,,,§_,¬O,,,,,,,,,¤@¯ë,¤@¯ë,Äµ »y:½Ð¿í«ü¥ÜªA§¹¾ã­ÓÀøµ{¡A­Yµo¥Í¥ÎÃÄ¤£¨}¤ÏÀ³½Ð§iª¾Âå¥Í¡C,,,,,§_,1.0,,§_,§_,§_,³æ¤è,§_,°±¥Î,¥i¥Î,¥i¿i,¬O,,1.00,1.00,6.00,6.00,14,999,1,1,0,0,0,0,,¦³¹Ï¤ù,,0,,0,,J01CF02,,,,,,,,,CAP,,°·«Oµ¹¥I,°·«Oµ¹¥I,CLOXACILLIN,J01CF02,A019756100,§_,SolidDrugForm,ORCAP,,,,,,,,,PH047,202401261323,1.50,3.00
OCOC,19960101,99999999,°±¥Î,Cocaine HCl Powder,Cocaine HCl Powder,Cocaine,IV,,ZANE,CN-04-02,¤fªA,GM,Cocaine,«D²Õ®M,°±¥Î,,¤w°±¥Î,¬O,¤£¥i¥ÎÃÄ¥]¾÷,,¤@¯ë,Á`¶q¶i¦ì,¾AÀ³¯g:¬°§½³¡³Â¾K¾¯,,Local anesthetic,,,,,,,,,Cocaine HCl Powder,,,§_,¬O,,,,,,,,,¤@¯ë,¤@¯ÅºÞ¨î,Äµ »y:½Ð¿í·ÓÂå®v«ü¥Ü¥ÎÃÄ¡A¤Å¦Û¦æ§ó§ï¾¯¶q©Î¥ÎÃÄ®É¶¡¡C,,,,,§_,1.0,,§_,§_,§_,³æ¤è,§_,¥i¥Î,¥i¥Î,¥i¿i,¬O,,1.00,1.00,999.00,999.00,999,999,1,1,0,0,0,0,,µL¹Ï¤ù,,0,,0,,,,,,,,,,,GM,§_,¤£µ¹¥I¶·¦Û¥I,¤£µ¹¥I¶·¦Û¥I,,,,§_,SolidDrugForm,POWD,,,,,,,,,PH047,202303141730,0,200.00
OCOD,20070626,99999999,¥i¥Î,Co-Diovan 80/12.5mg,Co-Diovan 80/12.5mg,Valsartan + Hydrochlorothiazide,PO,QD,CAVS,CV-09-00,¤fªA,TAB,Co-Diovan,«D²Õ®M,,,¤@¯ë¥i¥Î,¬O,¥i¥ÎÃÄ¥]¾÷,¥i¥Î,¤@¯ë,Á`¶q¶i¦ì,¾AÀ³¯g:°ª¦åÀ£,,Indication:Hypertension.,,¥~ Æ[:²H¾ï¦â¾ò¶ê§Î¿õ¾¯¡A¤@­±¦LHGH¡A¤@­±¦LCG,Appearance:Light orange elliptic tablet,¸¡µh¡A ­Iµh¡A ­¹¼¤§ïÅÜ¡A Ãþ¦ü·P«_¯gª¬¡A ¸¡Âm¡A ¤f°®,Abdominal pain¡A back pain¡A changes in appetite¡A cold-like symptoms.,,¬Ò¥i¥Î,¥i±o¦wÃ­,Co-Diovan 80/12.5mg,,,§_,¬O,,½Ð¿í·ÓÂå®v«ü¥Ü¨Ï¥Î¡A ­Yµo¥ÍºÃ¦üÃÄª«¤£¨}¤ÏÀ³½Ð§iª¾Âå¥Í,,Follow doctor's advice. Check with doctor if you notice any side effects.,,,,,¤@¯ë,¤@¯ë,Äµ »y:½Ð¿í·ÓÂå®v«ü¥Ü¨Ï¥Î¡A­Yµo¥ÍºÃ¦üÃÄª«¤£¨}¤ÏÀ³½Ð§iª¾Âå¥Í¡C,,,,,§_,1.0,,§_,¬O,§_,½Æ¤è,§_,¥i¥Î,¥i¥Î,¤£¥i¿i,¬O,,1.00,1.00,2.00,2.00,999,999,1,1,4.00,4.00,0,0,,¦³¹Ï¤ù,,0,,0,,C09DA03,C03AA03,C09CA03,,,,,,,TAB,,°·«Oµ¹¥I,°·«Oµ¹¥I,VALSARTAN 80MG + HYDROCHLOROTHIAZIDE 0-12.5MG,C09DA03,BC23109100,§_,SolidDrugForm,ORTAB,,,,,,,,,PH047,202401101607,5.30,7.00
OCODI,19960101,99999999,¥i¥Î,Codeine 30mg,Codeine 30mg,Codeine,PO,TID,CNEU,CN-01-01,¤fªA,TAB,Codeine,«D²Õ®M,,,¤@¯ë¥i¥Î,¬O,¤£¥i¥ÎÃÄ¥]¾÷,,¤@¯ë,¤£¶i¦ì,¾AÀ³¯g:¨ãÂíµh¤î«y§@¥Î,,Indication:Relief of pain¡A suppress cough.,,¥~ Æ[:¥Õ¦â¶ê«ó§Î¿õ¾¯¡A¤@­±¦³¤¤¥¡¨è²ª¡A ¤@­±¦LC30,Appearance:White round tablet,©I§l§í¨î¡A §x­Â¡A µøÄ±§ïÅÜ¡A ¬y¦½¡A «K¯µ,Respiratory depression¡A drowsiness¡A visual disturbances¡A sweating¡A constipation,,¥u¥Î©óªù¶E¤Î¦í°|STAT,¥i«Ý¦]¿õ,Codeine 30mg,,,¬O,¬O,,³¡¤À¤H¨Ï¥Î«á¥i¯à¤Þ°_¯h­Â¡A µtºÎªº²{¶H,,May cause fatigue¡A sleepiness.,,²§±`·QºÎ¡B·NÃÑ¤£²M¡B©I§l§xÃø©Î©I§lÂø­µµ¥¡A¦p¥X²{¤W­z¯gª¬À³¥ß§Y°±ÃÄ¦^¶E,If you have confusion¡A difficulty breathing should discontinue therapy.,,¤@¯ë,¤G¯ÅºÞ¨î,Äµ »y:³¡¤À¤H¨Ï¥Î«á¥i¯à¤Þ°_¯h­Â¡BµtºÎªº²{¶H,Äµ °ªÄµ°T,,,,§_,1.0,,§_,¬O,§_,³æ¤è,§_,°±¥Î,°±¥Î,¤£¥i¿i,§_,,1.00,1.00,4.00,2.00,14,7,1,1,12.00,12.00,0,0,,¦³¹Ï¤ù,,0,,0,,R05DA04,,,,,,,,,TAB,§_,°·«Oµ¹¥I,°·«Oµ¹¥I,CODEINE PHOSPHATE,R05DA04,AC05865100,§_,SolidDrugForm,ORTAB,,,,,,,,,PH047,202402140532,5.00,7.00
OCODIBAD,19960101,99999999,¥i¥Î,Codeine 30mg ´Ý¾l¾PÀì,Codeine 30mg ´Ý¾l¾PÀì,Codeine,PO,,CNEU,CN-01-01,¤fªA,TAB,Codeine,«D²Õ®M,,,¤@¯ë¥i¥Î,¬O,¤£¥i¥ÎÃÄ¥]¾÷,,¤£¦LÃÄÅÒ,¤£¶i¦ì,¾AÀ³¯g:¨ãÂíµh¤î«y§@¥Î,,,,¥~ Æ[:¥Õ¦â¶ê§Î¿õ¾¯,,,,,¥u¥Î©óªù¶E¤Î¦í°|STAT,,Codeine 30mg ´Ý¾l¾PÀì,,,§_,¬O,,,,,,,,[Rx_x]ºÞÃÄ¥á±ó½X¡A³B¤è¶°¤£Åã¥Ü,¤@¯ë,¤G¯ÅºÞ¨î,³Â¾KÃÄ«~ªº¥á±ó½X,,,,,§_,1.0,,§_,¬O,§_,³æ¤è,§_,°±¥Î,°±¥Î,¤£¥i¿i,§_,,1.00,1.00,999.00,999.00,999,999,1,1,1.00,1.00,0,0,,µL¹Ï¤ù,,0,,0,,,,,,,,,,,TAB,§_,°·«O¤£¥Ó³ø¤£­p»ù,°·«O¤£¥Ó³ø¤£­p»ù,CODEINE PHOSPHATE,R05DA04,AC05865100,§_,SolidDrugForm,ORTAB,,,,,,,,,PH047,202401261000,3.20,5.00
OCOF1,20131216,99999999,¥i¥Î,Cofarin 1mg,Cofarin 1mg,Warfarin,PO,QD,HEMT,HE-02-00,¤fªA,TAB,Coumadin,«D²Õ®M,,,¤@¯ë¥i¥Î,¬O,¤£¥i¥ÎÃÄ¥]¾÷,¥i¥Î,¤@¯ë,Á`¶q¶i¦ì,¾AÀ³¯g:¬°§Ü¾®¦å¾¯,,Indication:Anticoagulant,,¥~ Æ[: ¯»¬õ¦â¶ê«ó©Ê¿õ¾¯¡A ¤À§O¦L"GP" ¤Î"278",Appearance: Pink color round tablet,±¼¾v¡A ¥Ö¯l¡A ¥X¦å©Ê¥Ö½§Ãa¦º,Alopecia¡A skin rashes of various kinds¡A hemorrhagic skin necrosis.,,¬Ò¥i¥Î,¥i¤Æ¾®,Cofarin 1mg,,,§_,¬O,½Ã±Ð³æ¤G,¥X²{¥ô¦ó²§±`·ï«C©Î¥X¦å¡A¶Ë¤f¤£©ö¤î¦å¡A½Ð¾¨³t»PÂå®vÁpµ¸,,Report any signs of unusual bruising or bleeding to doctor immediately.,,­¹ª«¥æ¤¬§@¥Î: ¥ÎÃÄ´Á¶¡ªººû¥Í¯ÀKÄá¨ú¶qÀ³«O«ù©T©w. ½Ð¿Ô¸ßÂåÀø±M·~¤H­û,Food interaction: Keep vitamin K intake similar from day to day.,102¦~²Ä¥|¦¸ÃÄ©e·|·s¶i,¤@¯ë,¤@¯ë,Äµ »y: ¥X²{¥ô¦ó²§±`·ï«C©Î¥X¦å¡A¶Ë¤f¤£©ö¤î¦å¡A½Ð¾¨³t»PÂå®vÁpµ¸,Äµ/­¹ °ªÄµ/­¹ª«,,0,0,§_,1.0,,§_,¬O,§_,³æ¤è,§_,¥i¥Î,¥i¥Î,¤£¥i¿i,¬O,,1.00,1.00,5.00,5.00,999,999,1,1,10.00,10.00,0.50,0.50,,¦³¹Ï¤ù,,0,,0,,B01AA03,,,,,,,,,TAB,,°·«Oµ¹¥I,°·«Oµ¹¥I,WARFARIN,B01AA03,AC43862100,§_,SolidDrugForm,ORTAB,¦M®`¤G¯Å(¡I),,,,,,,,PH047,202303141730,3.60,5.00
OCOF5,20131216,99999999,¥i¥Î,COFARIN 5mg,COFARIN 5mg,Warfarin,PO,QD,HEMT,HE-02-00,¤fªA,TAB,Coumadin,«D²Õ®M,,,¤@¯ë¥i¥Î,¬O,¤£¥i¥ÎÃÄ¥]¾÷,¥i¥Î,¤@¯ë,Á`¶q¶i¦ì,¾AÀ³¯g:¬°§Ü¾®¦å¾¯,,Indication:Anticoagulant,,¥~ Æ[: ¾ï¦â¶ê«ó©Ê¿õ¾¯¡A ¤À§O¦L"GP" ¤Î"183",Appearance: Orange color round tablet,±¼¾v¡A ¥Ö¯l¡A ¥X¦å©Ê¥Ö½§Ãa¦º,Alopecia¡A skin rashes of various kinds¡A hemorrhagic skin necrosis.,,¬Ò¥i¥Î,¥i¤Æ¾®,COFARIN 5mg,,,§_,¬O,½Ã±Ð³æ¤G,¥X²{¥ô¦ó²§±`·ï«C©Î¥X¦å¡A ¶Ë¤f¤£©ö¤î¦å¡A ½Ð¾¨³t»PÂå®vÁpµ¸,,Report any signs of unusual bruising or bleeding to doctor immediately.,,­¹ª«¥æ¤¬§@¥Î: ¥ÎÃÄ´Á¶¡ªººû¥Í¯ÀKÄá¨ú¶qÀ³«O«ù©T©w. ½Ð¿Ô¸ßÂåÀø±M·~¤H­û,Food interaction: Keep vitamin K intake similar from day to day.,102¦~²Ä¥|¦¸ÃÄ©e·|·s¶i,¤@¯ë,¤@¯ë,Äµ »y: ¥X²{¥ô¦ó²§±`·ï«C©Î¥X¦å¡A¶Ë¤f¤£©ö¤î¦å¡A½Ð¾¨³t»PÂå®vÁpµ¸,Äµ/­¹ °ªÄµ/­¹ª«,,0,0,§_,1.0,,§_,¬O,§_,³æ¤è,§_,¥i¥Î,¥i¥Î,¤£¥i¿i,¬O,,1.00,1.00,2.00,2.00,999,999,1,1,6.00,6.00,0.10,0.10,,¦³¹Ï¤ù,,0,,0,,B01AA03,,,,,,,,,TAB,,°·«Oµ¹¥I,°·«Oµ¹¥I,WARFARIN,B01AA03,AC55271100,§_,SolidDrugForm,ORTAB,¦M®`¤G¯Å(¡I),,,,,,,,PH047,202303141730,4.98,7.00
OCOLC,19960101,99999999,¥i¥Î,Colchicine 0.5mg,Colchicine 0.5mg,Colchicine,PO,QD,CNEU,CN-01-04,¤fªA,TAB,Colchicine,«D²Õ®M,,,¤@¯ë¥i¥Î,¬O,¥i¥ÎÃÄ¥]¾÷,,¤@¯ë,Á`¶q¶i¦ì,¾AÀ³¯g:«æ©Êµh­·,,Indication:Treatment of acute gout.,,¥~ Æ[:²H«C¦â¶ê«ó§Î¿õ¾¯¡A ¤@­±¤¤¥¡¨è²ª¡A ªá¯¾¡A ¤Î592,Appearance:Light blue round tablet,µL­¹¼¤¡A ±¼¾v¡A äú¤ß¡A ¹Ã¦R¡A ¸¡³¡¤£¾A¡A ¸¡Âm¡A ¹L±Ó¤ÏÀ³,Anorexia; hair loss; abdominal discomfort; nausea; vomiting; diarrhea;allerge,,,¥i¼Ö³ß©w¿õ,Colchicine 0.5mg,,,§_,¬O,½Ã±Ð³æ¥|,­Y¦³¸¡Âm±¡ªp½Ð°±ÃÄ,,Discontinue this medication and inform your doctor if diarrhea occur.,,­¹ª«¥æ¤¬§@¥Î: ªAÃÄ´Á¶¡Á×§K­¹¥Î¸²µå¬c¥Ä»P¬õÄT²£«~,Food interaction:Avoid grapefruit juice and red yeast rice.,,¤@¯ë,¤@¯ë,Äµ »y:­Y¦³¸¡Âm±¡ªp½Ð°±ÃÄ,­¹ ­¹ª«¥æ¤¬,,,,§_,1.0,,§_,¬O,§_,³æ¤è,§_,¥i¥Î,¥i¥Î,¥i¿i,¬O,,1.00,1.00,4.00,4.00,999,999,1,1,9.00,9.00,0,0,,¦³¹Ï¤ù,,0,,0,,M04AC01,,,,,,,,,TAB,§_,°·«Oµ¹¥I,°·«Oµ¹¥I,COLCHICINE,M04AC01,AC303961G0,§_,SolidDrugForm,ORTAB,¦M®`¤G¯Å(¡I),,,,,,,,PH047,202303141730,2.00,3.00
OCOM,20030319,99999999,°±¥Î,Combizym,Combizym,Lipase + Protease + Amylase,WM,,ALIM,GI-04-00,¤fªA,TAB,,«D²Õ®M,°±¥Î¡A¥i¬dÃþ¦üÃÄ,,¤@¯ë¥i¥Î,¬O,¤£¥i¥ÎÃÄ¥]¾÷,¥i¥Î,¤@¯ë,Á`¶q¶i¦ì,¾AÀ³¯g:À°§U®ø¤Æ,,Treatment of digestive complaints,,¥~ Æ[:¾Tºä¥]¸Ë¡A¥Õ¦â¶ê²y§Î¿õ¾¯¡C,,,,,¬Ò¥i¥Î,±d©¼¨­¿õ,Combizym,,,§_,¬O,,,,,,,,,¤@¯ë,¤@¯ë,,,,,,§_,1.0,,§_,§_,§_,½Æ¤è,§_,°±¥Î,¥i¥Î,¥i¿i,¬O,,1.00,1.00,2.00,2.00,99,99,1,1,0,0,0,0,,µL¹Ï¤ù,,0,,0,,,,,,,,,,,TAB,,°·«Oµ¹¥I,°·«Oµ¹¥I,ENZYME 120MG + PANCREATIN 220MG,A09AA02,B014461100,§_,SolidDrugForm,ORTAB,,,,,,,,,PH047,202303141730,3.10,4.00
OCOMB,19960101,99999999,°±¥Î,Combeplex S.C. Tab,Combeplex S.C. Tab,Vitamin B Complex,PO,QD,NUTR,NU-02-00,¤fªA,TAB,B-Complex,«D²Õ®M,°±¥Î,OBCO,¤@¯ë¥i¥Î,¬O,¥i¥ÎÃÄ¥]¾÷,,¤@¯ë,Á`¶q¶i¦ì,¾AÀ³¯g:¸É¥Rºû¥L©RB¸s,,,,¥~ Æ[:¶À¦â¶ê§Î¿}¦ç¿õ,,,,,,,Combeplex S.C. Tab,,,§_,¬O,,,,,,,,,¤@¯ë,¤@¯ë,,,,,,§_,1.0,,§_,§_,§_,³æ¤è,§_,¥i¥Î,¥i¥Î,¥i¿i,¬O,,1.00,1.00,999.00,999.00,999,999,1,1,0,0,0,0,,µL¹Ï¤ù,,0,,0,,,,,,,,,,,TAB,§_,°·«Oµ¹¥I,°·«Oµ¹¥I,THIAMINE HCL (=THIAMINE CHLORIDE HYDROCHLORIDE),A11EA,N002060100,§_,SolidDrugForm,ORTAB,,,,,,,,,PH047,202303141730,0.32,2.00
OCOMP,20121227,99999999,¥i¥Î,Compesolon 5mg,Compesolon 5mg,Prednisolone,PC,,HM,HR-01-00,¤fªA,TAB,Prednisolone,«D²Õ®M,,,¤@¯ë¥i¥Î,¬O,¥i¥ÎÃÄ¥]¾÷,¥i¥Î,¤@¯ë,Á`¶q¶i¦ì,¾AÀ³¯g:®ð³Ý¡A Ãö¸`ª¢¡A ¹L±Ó©Ê¯e¯fµ¥,,Indication:Treatment of asthma¡A allergy¡A rheumatic disease,,¥~ Æ[: ¥Õ¦â¶ê§Î¿õ¾¯¡A¨è¦³PLt¤Îc/c,Appearance: White round tablet¡A marking: PLt and c/c,­¹¼¤¼W¥[¡A ®ø¤Æ¤£¨}¡A ¯«¸g½è©Î§¤¥ß¤£¦w,Appetite more; indigestion; nervousness or restlessness,,¬Ò¥i¥Î,±d³tÀs¿õ,Compesolon 5mg,,,§_,¬O,,½Ð¿í·ÓÂå®v«ü¥Ü¥ÎÃÄ¡A ¤Å¦Û¦æ§ó§ï¾¯¶q©Î¥ÎÃÄ®É¶¡,,Follow doctor's advice. Do not change your dose or schedule.,,,,,¤@¯ë,¤@¯ë,Äµ »y:½Ð¿í·ÓÂå®v«ü¥Ü¥ÎÃÄ¡A¤Å¦Û¦æ§ó§ï¾¯¶q©Î¥ÎÃÄ®É¶¡¡C,LA ¥~Æ[¬Û¦ü,,0,0,§_,1.0,,§_,¬O,§_,³æ¤è,§_,¥i¥Î,¥i¥Î,¥i¿i,¬O,,1.00,1.00,14.00,14.00,999,999,1,1,24.00,24.00,0.80,0.80,,¦³¹Ï¤ù,,0,,0,,H02AB06,,,,,,,,,TAB,,°·«Oµ¹¥I,°·«Oµ¹¥I,PREDNISOLONE,H02AB06,AC316761G0,§_,SolidDrugForm,ORTAB,,,,,,,,,PH047,202311281403,2.00,3.00
OCOMT,20130916,99999999,¥i¥Î,Comtan 200mg,Comtan 200mg,Entacapone,PO,,CNEU,CN-03-05,¤fªA,TAB,,«D²Õ®M,°±¥Î,,¤@¯ë¥i¥Î,¬O,¤£¥i¥ÎÃÄ¥]¾÷,¥i¥Î,¤@¯ë,Á`¶q¶i¦ì,¾AÀ³¯g:©¬ª÷´Ë¯f¤H¨Ö¥Îlevodopa»²§UÀøªk,,Indication:Parkinson's disease as an adjunct to levodopa,,¥~ Æ[:¾í½Å¦â§Z§ÎÂù¥Y½¤¦ç¿õ¡A ¤@­±¨è¦³Comtan¦r¼Ë,Appearance:Orange/Brown oval round tablet,¹B°Ê§xÃø¡Bäú¤ß¤Î¾ï¦â§¿²G,Dyskinesias¡BNausea¡B discolor urine to orange,,¬Ò¥i¥Î,¿Õ±d°±,Comtan 200mg,,,§_,¬O,,­Y¦³¤£©ú­ì¦]ªº¦Ù¦×µh¡A Ä²µh©ÎµL¤O¡A ½Ð¥ß¨è¦^¶E,,Notify your doctor if you have any unexplained muscle pain or tenderness.,,,,,¤@¯ë,¤@¯ë,Äµ »y:½Ð¸m©ó«Äµ£µLªk¨ú±o¤§³B,,,0,0,§_,1.0,,§_,¬O,§_,³æ¤è,§_,¥i¥Î,¥i¥Î,¥i¿i,¬O,,1.00,1.00,10.00,10.00,999,999,1,1,10.00,10.00,0,0,,¦³¹Ï¤ù,,0,,0,,N04BX02,,,,,,,,,TAB,,°·«Oµ¹¥I,°·«Oµ¹¥I,ENTACAPONE,N04BX02,BC23248100,§_,SolidDrugForm,ORTAB,,,,,,,,,PH009,202403111030,16.40,21.00
OCON,19960101,99999999,¥i¥Î,CONCOR 5mg,CONCOR 5mg,Bisoprolol,PO,QD,CAVS,CV-04-02,¤fªA,TAB,Concor,«D²Õ®M,,,¤@¯ë¥i¥Î,¬O,¥i¥ÎÃÄ¥]¾÷,,¤@¯ë,Á`¶q¶i¦ì,¾AÀ³¯g:¥Dªv¤ß«ß¤£¾ã¡A °ª¦åÀ£¡A «a¤ß¯g;¤ß°IºÜ¡A ¥i½w¸Ñ¤ßµ±µh,,Indication:Treatment of angina pectoris¡A hypertension,,¥~ Æ[:²L¶À¦â¤ß§ÎÃÄ¿õ,Appearance:Light yellow heart tablet,©I§l§xÃø¡A ¤â¸}¦B§N¡A ¤ß±¡Æ{¨ò¡A ©I§lµu«P¡A ¤ß¸õÅÜºC,Breathing difficulty and/or wheezing¡A cold hands and feet¡A mental depression.,,,±dªÖ5²@§J,CONCOR 5mg,,,¬O,¬O,,½Ð¿íÂå®v«ü¥Ü«ö®É¥ÎÃÄ¡A ¤Å¦Û¦æ§ïÅÜ¾¯¶q¡A ¥Îªk©Î¥ô·N°±ÃÄ,,Follow doctor's advice. Do not change your dose or schedule.,,,,,¤@¯ë,¤@¯ë,Äµ »y: ½Ð¿íÂå®v«ü¥Ü«ö®É¥ÎÃÄ¡A¤Å¦Û¦æ§ïÅÜ¾¯¶q¡B¥Îªk©Î¥ô·N°±ÃÄ¡C,SA «÷­µ¬Û¦ü,,,,§_,1.0,,§_,¬O,§_,³æ¤è,§_,¥i¥Î,¥i¥Î,¥i¿i,¬O,,1.00,1.00,4.00,4.00,999,999,28,1,4.00,4.00,0,0,,¦³¹Ï¤ù,,0,,0,,C07AB07,,,,,,,,,TAB,§_,°·«Oµ¹¥I,°·«Oµ¹¥I,BISOPROLOL,C07AB07,BC171251G0,§_,SolidDrugForm,ORTAB,,,,,,,,,PH047,202401101611,2.00,3.00
OCON1,20071224,99999999,¥i¥Î,Concor 1.25mg±dªÖ¿õ,Concor 1.25mg±dªÖ¿õ,Bisoprolol,PO,QD,CAVS,CV-04-02,¤fªA,TAB,Concor,«D²Õ®M,,,¤@¯ë¥i¥Î,¬O,¤£¥i¥ÎÃÄ¥]¾÷,¥i¥Î,¤@¯ë,Á`¶q¶i¦ì,¾AÀ³¯g:¥Dªv¤ß«ß¤£¾ã¡A °ª¦åÀ£¡A «a¤ß¯g¡A ¤ß°IºÜ;¥i½w¸Ñ¤ßµ±µh,,Indication:Treatment of angina pectoris¡A hypertension,,¥~ Æ[:¥Õ¦â¶ê§Î¿õ,Appearance:White round tablet,©I§l§xÃø¡A ¤â¸}¦B§N¡A ¤ß±¡Æ{¨ò¡A ©I§lµu«P¡A ¤ß¸õÅÜºC.,Breathing difficulty and/or wheezing¡A cold hands and feet¡A mental depression.,,¬Ò¥i¥Î,±dªÖ1.25²@§J,Concor 1.25mg,,,¬O,¬O,,½Ð¿íÂå®v«ü¥Ü«ö®É¥ÎÃÄ¡A ¤Å¦Û¦æ§ïÅÜ¾¯¶q¡A ¥Îªk©Î¥ô·N°±ÃÄ,,Follow doctor's advice. Do not change your dose or schedule.,,,,,¤@¯ë,¤@¯ë,Äµ »y: ½Ð¿íÂå®v«ü¥Ü«ö®É¥ÎÃÄ¡A¤Å¦Û¦æ§ïÅÜ¾¯¶q¡B¥Îªk©Î¥ô·N°±ÃÄ¡C,SA «÷­µ¬Û¦ü,,,,§_,1.0,,§_,¬O,§_,³æ¤è,§_,¥i¥Î,¥i¥Î,¥i¿i,¬O,,1.00,1.00,4.00,4.00,999,999,28,1,4.00,4.00,0,0,,¦³¹Ï¤ù,,0,,0,,C07AB07,,,,,,,,,TAB,,°·«Oµ¹¥I,°·«Oµ¹¥I,BISOPROLOL,C07AB07,BC24039100,§_,SolidDrugForm,ORTAB,,,,,,,,,PH047,202401101613,2.01,3.00
OCON2,20140905,99999999,¥i¥Î,Concerta ER 27mg,Concerta ER 27mg,Methylphenidate,PO,QD,CNEU,CN-02-08,¤fªA,TAB,Concerta,«D²Õ®M,,,¤@¯ë¥i¥Î,¬O,¤£¥i¥ÎÃÄ¥]¾÷,,¤@¯ë,Á`¶q¶i¦ì,¾AÀ³¯g:ªvÀøª`·N¤O¤£¨¬¹L°Ê¯g,,Indication:Attention deficit hyperactivity disorder,,¥~ Æ[:¦Ç¦âªø¶ê¬W§Î¿õ¾¯¡A ¦L¦³ alza 27,Appearance:Gray Cylinder Extended-release Tablet,ÀYµh¡A Åé­«´î»´¡A ­¹¼¤¤£®¶¡C¤ß¸õ¹L§Ö¡A ¦åÀ£¼W¥[¡C,Headache¡A weight loss¡A anorexia. Heartbeat or blood pressure increase.,,¥u¥Î©óªù¶E¤Î¦í°|STAT,±M«ä¹Fªø®Ä¿õ,Concerta ER tablet 27mg,,,,§_,,1.À³¾ã²É§]ªA¡A ¤Á¤Å«rÄZ©ÎÀ£¸H,2.ªAÃÄ«á¡A½Ð¤Å¶}¨®©Î¾Þ§@¦MÀI¾÷±ñ 3.¥¼¸gÂå®v«ü¥Ü¤Å°±ÃÄ,1.Swallow the tablet whole. Do not crush¡A break or chew. 2.No driving or,operating machines 3.do not suddenly stop taking without asking your doctor,,,,¤@¯ë,¤T¯ÅºÞ¨î,Äµ »y:À³¾ã²É§]ªA¡A¤Á¤Å«rÄZ©ÎÀ£¸H,SA «÷­µ¬Û¦ü,,0,0,§_,1.0,,§_,¬O,§_,³æ¤è,§_,¥i¥Î,¥i¥Î,¤£¥i¿i,¬O,,1.00,1.00,2.00,2.00,30,30,28,28,4.00,4.00,0,0,,¦³¹Ï¤ù,,0,,0,,N06BA04,,,,,0,,0,,TAB,,°·«Oµ¹¥I,°·«Oµ¹¥I,METHYLPHENIDATE,N06BA04,BC23999100,§_,SolidDrugForm,ERTAB,,,,,,,,,PH047,202303141731,42.30,55.00
OCON3,20041027,99999999,¥i¥Î,CONCERTA 36mg,CONCERTA 36mg,Methylphenidate,PO,QD,CNEU,CN-02-08,¤fªA,TAB,CONCERTA,«D²Õ®M,,,¤@¯ë¥i¥Î,¬O,¤£¥i¥ÎÃÄ¥]¾÷,,¤@¯ë,Á`¶q¶i¦ì,¾AÀ³¯g:ªvÀøª`·N¤O¤£¨¬¹L°Ê¯g,,Indication:Attention deficit hyperactivity disorder,,¥~ Æ[:¥Õ¦âªø¶ê¬W§Î¿õ¾¯¡A ¦L¦³ alza 36,Appearance:White Cylinder Extended-release Tablet,ÀYµh¡A Åé­«´î»´¡A ­¹¼¤¤£®¶¡C¤ß¸õ¹L§Ö¡A ¦åÀ£¼W¥[¡C,Headache¡A weight loss¡A anorexia. Heartbeat or blood pressure increase.,,¥u¥Î©óªù¶E¤Î¦í°|STAT,±M«ä¹Fªø®Ä¿õ 36²@§J,CONCERTA 36mg,,,§_,§_,,1.À³¾ã²É§]ªA¡A ¤Á¤Å«rÄZ©ÎÀ£¸H,2.ªAÃÄ«á¡A½Ð¤Å¶}¨®©Î¾Þ§@¦MÀI¾÷±ñ 3.¥¼¸gÂå®v«ü¥Ü¤Å°±ÃÄ,1.Swallow the tablet whole. Do not crush¡A break or chew. 2.No driving or,operating machines 3.do not suddenly stop taking without asking your doctor,,,,¤@¯ë,¤T¯ÅºÞ¨î,Äµ »y:À³¾ã²É§]ªA¡A¤Á¤Å«rÄZ©ÎÀ£¸H,SA «÷­µ¬Û¦ü,,,,§_,1.0,,§_,¬O,§_,³æ¤è,§_,¥i¥Î,¥i¥Î,¤£¥i¿i,§_,,1.00,1.00,2.00,2.00,30,30,28,28,4.00,4.00,0,0,,¦³¹Ï¤ù,,0,,0,,N06BA04,,,,,,,,,TAB,,°·«Oµ¹¥I,°·«Oµ¹¥I,METHYLPHENIDATE,N06BA04,BC23880100,§_,SolidDrugForm,ERTAB12,,,,,,,,,PH047,202303141731,49.20,64.00
OCONC,20031117,99999999,°±¥Î,Concerta 18mg,Concerta 18mg,Methylphenidate,PO,QD,CNEU,CN-02-08,¤fªA,TAB,,«D²Õ®M,°±¥Î,,¤@¯ë¥i¥Î,¬O,¤£¥i¥ÎÃÄ¥]¾÷,¥i¥Î,¤@¯ë,Á`¶q¶i¦ì,¾AÀ³¯g:ªvÀøª`·N¤O¤£¨¬¹L°Ê¯g,,Indication:Attention deficit hyperactivity disorder.,,¥~ Æ[:¶À¦âªø¶ê¬W§Î¿õ¾¯¡A ¦L¦³alza 18,Appearance:Yellow Cylinder Extended-release Tablet,ÀYµh¡A Åé­«´î»´¡A ­¹¼¤¤£®¶¡C¤ß¸õ¹L§Ö¡A ¦åÀ£¼W¥[¡C,Headache¡A weight loss¡A anorexia. Heartbeat or blood pressure increase.,,¥u¥Î©óªù¶E¤Î¦í°|STAT,±M«ä¹F 18,Concerta 18mg,,,§_,§_,,1.À³¾ã²É§]ªA¡A ¤Á¤Å«rÄZ©ÎÀ£¸H,2.ªAÃÄ«á¡A½Ð¤Å¶}¨®©Î¾Þ§@¦MÀI¾÷±ñ 3.¥¼¸gÂå®v«ü¥Ü¤Å°±ÃÄ,1.Swallow the tablet whole. Do not crush¡A break or chew. 2.No driving or,operating machines 3.do not suddenly stop taking without asking your doctor,,,,¤@¯ë,¤T¯ÅºÞ¨î,Äµ »y:À³¾ã²É§]ªA¡A¤Á¤Å«rÄZ©ÎÀ£¸H,SA «÷­µ¬Û¦ü,,,,§_,1.0,,§_,§_,§_,³æ¤è,§_,¥i¥Î,¥i¥Î,¤£¥i¿i,¬O,,1.00,1.00,3.00,3.00,30,30,30,30,8.00,8.00,0,0,,¦³¹Ï¤ù,,0,,0,,N06BA04,,,,,,,,,TAB,§_,°·«Oµ¹¥I,°·«Oµ¹¥I,METHYLPHENIDATE,N06BA04,BC23731100,§_,SolidDrugForm,ERTAB12,,,,,,,,,PH047,202303141731,29.90,39.00
OCONI,20190925,99999999,¥i¥Î,Coniel 4mg,Coniel 4mg,Benidipine,PO,QD,CAVS,CV-05-00,¤fªA,TAB,Coniel,«D²Õ®M,,,¤@¯ë¥i¥Î,¬O,¤£¥i¥ÎÃÄ¥]¾÷,¥i¥Î,¤@¯ë,Á`¶q¶i¦ì,¾AÀ³¯g:°ª¦åÀ£,,Indication:Hypertension,,¥~ Æ[:²H¶À¦â¶ê¿õ¡A¤@­±¦³SYN¼Ð°O¡A¤@­±CNL¤Î4,Appearance:Yellow round tablet with SYN /CNL 4 marked.,¤ß¸õ¹L³t¡AÁy¼é¬õ¡AÀYµh,Tachycardia¡A flushing¡A headache,,¬Ò¥i¥Î,±d§Aº¸4²@§J,Coniel 4mg,,,¬O,¬O,,½Ð¿íÂå®v«ü¥Ü«ö®É¥ÎÃÄ¡A ¤Å¦Û¦æ§ïÅÜ¾¯¶q¡A ¥Îªk©Î¥ô·N°±ÃÄ,,Follow doctor's advice. Do not change your dose or schedule.,,­¹ª«¥æ¤¬§@¥Î: ªAÃÄ´Á¶¡Á×§K­¹¥Î¸²µå¬c¥Ä,Food interaction:Avoid grapefruit juice,2019.Q4ÃÄ©e·s¶i,¤@¯ë,¤@¯ë,Äµ »y:½Ð¿í«ü¥ÜªA§¹¾ã­ÓÀøµ{¡A­Yµo¥Í¥ÎÃÄ¤£¨}¤ÏÀ³½Ð§iª¾Âå¥Í¡C,,,0,0,§_,1.0,,§_,¬O,§_,³æ¤è,§_,¥i¥Î,¥i¥Î,¥i¿i,¬O,,1.00,1.00,2.00,2.00,999,999,28,28,2.00,2.00,0,0,,¦³¹Ï¤ù,,0,,0,,C08CA15,,,,,0,,0,,TAB,,°·«Oµ¹¥I,°·«Oµ¹¥I,BENIDIPINE,C08CA15,AC56633100,,SolidDrugForm,ORTAB,,,0,,0,,,,PH047,202401101617,3.22,5.00
OCONQ,20040108,99999999,°±¥Î,Conquer 100mg,Conquer 100mg,Mebendazole,PO,BID,QANP,AI-04-00,¤fªA,TAB,Vermox,«D²Õ®M,°±¥Î,,¤@¯ë¥i¥Î,¬O,¤£¥i¥ÎÃÄ¥]¾÷,¥i¥Î,¤@¯ë,Á`¶q¶i¦ì,¾AÀ³¯g:ÅX°£Ã@ÂÎ¡A µîÂÎ¡A ÂÌÂÎ¤Î¹_ÂÎ,,Indication:Anthelmintic agent.,,¥~ Æ[:²L¬õ¾í¦â¶ê«ó§Î¿õ¾¯¡A ¤@­±¨èSSS¡A ¤@­±YY,Appearance:Light orange round tablet,Àþ¶¡¸¡µh¡A ¸¡Âm¡A ÀYµh¡A ¦Õ»ï¡A ³Â¤ì¡A µo¼ö¡A ·w¯t,Transient abdominal pain¡A diarrhea¡A headache¡A tinnitus¡A numbness¡A fever.,,¬Ò¥i¥Î,¯i§J¿õ,Conquer 100mg,,,§_,¬O,,½Ð¿í«ü¥ÜªA§¹¾ã­ÓÀøµ{¡A ­Yµo¥Í¥ÎÃÄ¤£¨}¤ÏÀ³½Ð§iª¾Âå¥Í,,Follow doctor's advice. Check with doctor if you notice any side effects.,,,,,¤@¯ë,¤@¯ë,Äµ »y:½Ð¿í«ü¥ÜªA§¹¾ã­ÓÀøµ{¡A­Yµo¥Í¥ÎÃÄ¤£¨}¤ÏÀ³½Ð§iª¾Âå¥Í¡C,,,,,§_,1.0,,§_,¬O,§_,³æ¤è,§_,¥i¥Î,¥i¥Î,¥i¿i,¬O,,1.00,1.00,2.00,2.00,999,999,1,1,9.00,9.00,0,0,,¦³¹Ï¤ù,,0,,0,,P02CA01,,,,,0.10,g,0.20,g,TAB,§_,°·«Oµ¹¥I,°·«Oµ¹¥I,MEBENDAZOLE,P02CA01,AC116441G0,§_,SolidDrugForm,ORTAB,,,,,,,,,PH047,202303141731,2.00,3.00
OCONS,20130320,99999999,°±¥Î,Conslife 2/20/10mg,Conslife 2/20/10mg,Bisacodyl + DSS + Sennoside,PO,HS,ALIM,GI-03-00,¤fªA,TAB,,«D²Õ®M,°±¥Î,OJOH,¤@¯ë¥i¥Î,¬O,¥i¥ÎÃÄ¥]¾÷,¥i¥Î,¤@¯ë,Á`¶q¶i¦ì,¾AÀ³¯g: «K¯µ¤Î½w©M«K¯µ©Ò¦ñ¥Í¤§¤U¦C½Ñ¯gª¬¡G,¸¡³¡¿±º¡¡B¸z¤º²§±`µo»Ã¡B­¹¼¤¤£®¶,Indication: Constipation,,¥~ Æ[: ÂÅ¦â¶ê§Î¿}¦ç¿õ,Appearance: Blue round tablet,¸¡µh¡B¹L±Ó¡Aªø´Á¨Ï¥Î¥i¯à³y¦¨¹q¸Ñ½è¤£¥­¿Å¡C,Diarrhea¡A abdominal pain¡A discomfor or cramping¡A allergy¡A electrolye imbalance.,,¬Ò¥i¥Î,¯µºÖ¿}¦ç¿õ,Conslife 2/20/10mg,,,§_,§_,,¥»ÃÄ¶·¾ã²É§]ªA¡A¤£¥i«r¸H¡A¥BªAÃÄ«e¡B«á¤@¤p®É¤£±o¨Ï¥Î»s»Ä¾¯©Î¤û¥¤¡C,,Swallow the tablet whole. Do not crush. Avoid taking with milk or antacid.,,¥»ÃÄ¥i¯à¨Ï§¿²G§e¶À¡B´Ä¡B¯»¬õ©Îµµ¬õ¦â¡C,This medication may cause your urine to turn yellow¡A brown¡A pink or red in color,104-3 ÃÄ©e·|§ï¥HJohnlax 5mg´À¥N,¤@¯ë,¤@¯ë,¥»ÃÄ¶·¾ã²É§]ªA¡A¤£¥i«r¸H¡A¥BªAÃÄ«e¡B«á¤@¤p®É¤£±o¨Ï¥Î»s»Ä¾¯©Î¤û¥¤¡C,,,0,0,§_,1.0,,§_,§_,§_,½Æ¤è,§_,°±¥Î,¥i¥Î,¤£¥i¿i,¬O,,1.00,1.00,4.00,3.00,35,999,1,1,10.00,10.00,0,0,,¦³¹Ï¤ù,,0,,0,,A06AB02,A06AB06,A06AA02,A06AB20,,,,,,TAB,§_,°·«Oµ¹¥I,°·«Oµ¹¥I,BISACODYL 2MG + SENNOSIDE 10MG + DIOCTYL SODIUM SULFOSUCCINATE 20MG,A06AB20,AC323721G0,§_,SolidDrugForm,ORTAB,,,,,,,,,PH047,202303141731,2.00,3.00
OCONT,20221223,99999999,¥i¥Î,Contrave 8/90mg extended-release,Contrave 8/90mg extended-release,Naltrexone + Bupropion,PO,BID,META,ME-05-00,¤fªA,TAB,Contrave,«D²Õ®M,,,¤@¯ë¥i¥Î,¬O,¤£¥i¥ÎÃÄ¥]¾÷,°·«O¤£µ¹¥I,¤@¯ë,Á`¶q¶i¦ì,¾AÀ³¯g:¦¨¤HÅé­«±±¨î,,Indication:weight management in adults,,¥~ Æ[:ÂÅ¦â¶ê§ÎÃÄ¿õ¡A¤W¦³NB-890¼Ð¥Ü,Appearance:Blue round tablet¡A with NB-890 marked.,äú¤ß¡B«K¯µ¡BÀYµh¡B¹Ã¦R¡BÀY·w¡B¥¢¯v¡B¤f°®¡B¸¡Âm,nausea¡Aconstipation¡Aheadache¡Avomiting¡Adizziness¡Ainsomnia¡Adry mouth¡Adiarrhea,,¥u¥Î©óªù¶E¤Î¦í°|STAT,±dÅÖªÜ«ùÄò©ÊÄÀ©ñ¿õ,Contrave 8/90 mg,,,,,,¥»ÃÄÀ³¾ãÁû§]ªA¡A¤Å­é¥b¡B©CÄZ©ÎÀ£¸H¡C,¤£¥i·f°t°ª¯×À\ÂI¨Ö¥Î,Swallow the tablet whole¡A don't crush or chew.,avoiding coadministration with high-fat meal.,ªñ¨â¶g¦³¨Ï¥ÎÃþ¾~¤ù¤îµhÃÄ©Î§ÜÆ{ÃÄª«½Ð¥D°Ê§iª¾Âå®v¡C,Inform your doctor if antidepressant and opioid analgesics are used in 14 days.,2022Q4ÃÄ©e·s¶i,¤@¯ë,¤@¯ë,¥»ÃÄÀ³¾ãÁû§]ªA¡A¤Å­é¥b¡B©CÄZ©ÎÀ£¸H¡C,,,0,0,§_,1.0,,§_,¬O,§_,½Æ¤è,,°±¥Î,°±¥Î,¤£¥i¿i,§_,,1.00,1.00,2.00,2.00,999,999,7,7,4.00,4.00,0,0,,¦³¹Ï¤ù,,0,,0,,A08AA62,N07BB04,N05BE01,,,0,mcg,0,mcg,TAB,,¤£µ¹¥I¶·¦Û¥I,¤£µ¹¥I¶·¦Û¥I,,,,§_,SolidDrugForm,ERECTAB,,,0,,0,,,,PH047,202302170950,0,38.00
OCOP,20181212,99999999,¥i¥Î,CoPlavix 75/100mg,CoPlavix 75/100mg,Clopidogrel + Acetylsalicylic acid,PO,QDPC,HEMT,HE-03-00,¤fªA,TAB,CoPlavix,«D²Õ®M,,,¤@¯ë¥i¥Î,¬O,¥i¥ÎÃÄ¥]¾÷,±ø¥ó¤Uµ¹¥I,¤@¯ë,Á`¶q¶i¦ì,¾AÀ³¯g:¹w¨¾¤ÎªvÀøµ°ª¬°Ê¯ß®ê¶ë¤Î¦å®ê®ê¶ë¨Æ¥ó,,Indication:Reduction of atherosclerotic vascular disease,,¥~ Æ[:²H¯»¬õ¦â¾ò¶ê§Î¿õ¾¯¡A¦L¦³C75¤ÎA100,Appearance:Light pink elliptic tablet¡A marking: C75 and A100,®ø¤Æ¤£¨}¡A¸¡µh¡A¸¡Âm¡A¥X¦å¡A»ó¥X¦å,Dyspepsia¡A abdominal pain¡A diarrhea; bleeding; epistaxis,,¬Ò¥i¥Î,¥i«O®ê³q½¤¦ç¿õ75²@§J/100²@§J,CoPlavix 75/100mg,,,,¬O,,¥X²{¥ô¦ó²§±`·ï«C©Î¥X¦å¡A¶Ë¤f¤£©ö¤î¦å¡A½Ð¾¨³t»PÂå®vÁpµ¸,Åú¨§¯g±wªÌ¤£±oªA¥Î¥»ÃÄ,Report any signs of unusual bruising or bleeding to doctor immediately.,Avoid in patients with G6PD deficiency.,1. ­¹ª«¥æ¤¬§@¥Î: ªAÃÄ´Á¶¡Á×§K­¹¥Î¸²µå¬c¥Ä¡C2.¥»ÃÄ§t¦³¨Å¿}¡C,1. Food interaction:Avoid grapefruit juice. 2.Coplavix contain lactose.,2018.12ÃÄ©e·s¶i,¤@¯ë,¤@¯ë,Äµ »y: ¥X²{¥ô¦ó²§±`·ï«C©Î¥X¦å¡A¶Ë¤f¤£©ö¤î¦å¡A½Ð¾¨³t»PÂå®vÁpµ¸,­¹ ­¹ª«¥æ¤¬,,0,0,§_,1.0,,§_,¬O,§_,½Æ¤è,§_,¥i¥Î,¥i¥Î,¥i¿i,¬O,,1.00,1.00,1.00,1.00,999,999,1,1,1.00,1.00,0,0,,¦³¹Ï¤ù,,0,,0,,B01AC04,B01AC06,B01AC30,,,0,,0,,TAB,§_,°·«Oµ¹¥I,°·«Oµ¹¥I,CLOPIDOGREL 75MG + ACETYLSALICYLIC ACID 0-100MG,B01AC30,BC25326100,§_,SolidDrugForm,ORTAB,,,0,,0,,,,PH034,202204141656,31.90,41.00
OCOR,19960101,99999999,°±¥Î,Cortisone acetate 25mg,Cortisone acetate 25mg,Cortisone,PO,,HM,HR-01-00,¤fªA,TAB,Cortone,«D²Õ®M,°±¥Î¡A¥i¬dÃþ¦üÃÄ,,¤@¯ë¥i¥Î,¬O,¤£¥i¥ÎÃÄ¥]¾÷,,¤@¯ë,Á`¶q¶i¦ì,¾AÀ³¯g:®ð³Ý¡BÃö¸`ª¢¡B¹L±Ó©Ê¯e¯fµ¥,,,,,,,,,,,Cortisone acetate 25mg,,,§_,¬O,,,,,,,,,¤@¯ë,¤@¯ë,,,,,,§_,1.0,,§_,§_,§_,³æ¤è,§_,¥i¥Î,¥i¥Î,¥i¿i,¬O,,1.00,1.00,999.00,999.00,999,999,1,1,0,0,0,0,,µL¹Ï¤ù,,0,,0,,H02AB10,,,,,,,,,TAB,§_,¤£µ¹¥I¶·¦Û¥I,¤£µ¹¥I¶·¦Û¥I,CORTISONE,H02AB10,N009857100,§_,SolidDrugForm,ORTAB,,,,,,,,,PH047,202303141731,3.43,6.00
OCOR5,20150901,99999999,¥i¥Î,Coralan 5mg,Coralan 5mg,Ivabradine,WM,BID,CAVS,CV-01-04,¤fªA,TAB,Corlanor,«D²Õ®M,Á{±ÄÃÄ¡A½Ð³qª¾ÃÄ§½¥~ÁÊ,,­Ó®×Á{±Ä,¬O,¤£¥i¥ÎÃÄ¥]¾÷,±ø¥ó¤Uµ¹¥I,¤@¯ë,Á`¶q¶i¦ì,¾AÀ³¯g:ªvÀøºC©Ê¤ß°IºÜ,,Indication:Treatment of heart failure,,¥~ Æ[:²L¾í¦â¾ò¶ê§Î¿õ¡A¤@­±¦L¦³"5",Appearance:Light orange color elliptic tablet¡A,¤ß°Ê¹L½w¡A°ª¦åÀ£¡A¤Ûµø¡A¤ß©ÐÅ¸°Ê,Bradycardia¡A hypertension¡A phosphene¡A atrial fibrillation ,,¬Ò¥i¥Î,±d¥ß¨Ó ½¤¦ç¿õ5²@§J,Coralan 5mg,,,,¬O,,¦p¦³µøÄ±²§±`¡A©Î¤ß¸õ³t²v§C©ó50¦¸/¤ÀÄÁ¡A½Ð§iª¾Âå®v,,Check with doctor if you have visual deteriorates or heart rate <50 beats/min,,­¹ª«¥æ¤¬§@¥Î: ªAÃÄ´Á¶¡Á×§K­¹¥Î¸²µå¬c¥Ä,Food interaction: Avoid grapefruit juice,,¤@¯ë,¤@¯ë,¦p¦³µøÄ±²§±`¡A©Î¤ß¸õ³t²v§C©ó50¦¸/¤ÀÄÁ¡A½Ð§iª¾Âå®v,,,0,0,§_,1.0,,§_,§_,§_,³æ¤è,§_,¥i¥Î,¥i¥Î,¥i¿i,¬O,,1.00,1.00,2.00,2.00,99,99,99,99,3.00,3.00,0,0,,¦³¹Ï¤ù,,0,,0,,C01EB17,,,,,0,,0,,TAB,§_,°·«Oµ¹¥I,°·«Oµ¹¥I,Ivabradine,C01EB17,BC26097100,§_,SolidDrugForm,ORTAB,¦M®`¤G¯Å(¡I),,,,,,,,PH047,202401101621,23.40,30.00
OCOT,20111122,99999999,°±¥Î,Cotazym 20/20/90mg,Cotazym 20/20/90mg,Dextromethorphan+Lysozyme+K Cresolsulfonate,PO,TID,ERSP,RE-05-03,¤fªA,CAP,Medicon-A,«D²Õ®M,°±¥Î,OMEDA,¤@¯ë¥i¥Î,¬O,¥i¥ÎÃÄ¥]¾÷,¥i¥Î,¤@¯ë,Á`¶q¶i¦ì,¾AÀ³¯g:¤î«y¡A ¤Æ·ðÃÄ,,Indication:Antitussive agent,,¥~ Æ[:·t¬õ/½Å¦âªø¶ê¬W§Îµw½¦Ån,Appearance:Dark red/brown cylinder hard capsule,«K¯µ¡A ÀYµh¡A ÀY·w¡A ¶ÝºÎ¡A äú¤ß¡A ¹Ã¦R¡A ­Gµh,Constipation¡A headache¡A dizziness¡A drowsiness¡A nausea¡A vomiting¡A stomach pain,,¬Ò¥i¥Î,«yª¢²b,Cotazym 20/20/90mg,,,§_,¬O,,½Ð¿í·ÓÂå®v«ü¥Ü¨Ï¥Î¡A ­Yµo¥ÍºÃ¦üÃÄª«¤£¨}¤ÏÀ³½Ð§iª¾Âå¥Í,,Follow doctor's advice. Check with doctor if you notice any side effects.,,,,2016¦~²Ä¤@¦¸ÃÄ©e·|§R°£,¤@¯ë,¤@¯ë,Äµ »y:½Ð¿í·ÓÂå®v«ü¥Ü¨Ï¥Î¡A­Yµo¥ÍºÃ¦üÃÄª«¤£¨}¤ÏÀ³½Ð§iª¾Âå¥Í¡C,,,0,0,,1.0,,§_,§_,§_,½Æ¤è,§_,°±¥Î,¥i¥Î,¥i¿i,¬O,,1.00,1.00,2.00,2.00,999,999,1,1,6.00,6.00,0.15,0.05,,¦³¹Ï¤ù,,0,,0,,R05FA02,J05AX02,R05DA09,,,,,,,CAP,,°·«Oµ¹¥I,°·«Oµ¹¥I,DEXTROMETHORPHAN 20MG + POTASSIUM CRESOLSULFONATE 90MG + LYSOZYME 20MG,R05FA02,AC33962100,§_,SolidDrugForm,ORCAP,,,,,,,,,PH047,202303141731,1.50,3.00
OCOU1,20040201,99999999,°±¥Î,Coumadin 1mg,Coumadin 1mg,Warfarin,PO,,HEMT,HE-02-00,¤fªA,TAB,,«D²Õ®M,°±¥Î¡A¥i¬dÃþ¦üÃÄ,,¤@¯ë¥i¥Î,¬O,¥i¥ÎÃÄ¥]¾÷,¥i¥Î,¤@¯ë,Á`¶q¶i¦ì,¾AÀ³¯g:¬°§Ü¾®¦å¾¯,,Anticoagulant,,¥~ Æ[:²L¬õ¦â¶ê«ó§Î¿õ¾¯¡A¤@­±¨èCOUMADIN 1,,,,,¥u¥Î©óªù¶E¤Î¦í°|STAT,¥iÁÚ¤B¿õ- 1,Coumadin 1mg,,,§_,¬O,,,,,,,,,¤@¯ë,¤@¯ë,Äµ »y: ¥X²{¥ô¦ó²§±`·ï«C©Î¥X¦å¡A¶Ë¤f¤£©ö¤î¦å¡A½Ð¾¨³t»PÂå®vÁpµ¸,Äµ °ªÄµ°T,,,,§_,1.0,,§_,§_,§_,³æ¤è,§_,°±¥Î,¥i¥Î,¥i¿i,¬O,,1.00,1.00,10.00,10.00,999,999,1,1,0,0,0,0,,µL¹Ï¤ù,,0,,0,,,,,,,,,,,TAB,,°·«Oµ¹¥I,°·«Oµ¹¥I,WARFARIN,B01AA03,B020354100,§_,SolidDrugForm,ORTAB,,,,,,,,,PH047,202303141731,2.66,4.00
OCOU2,20060208,99999999,°±¥Î,Coumadin 2.5mg,Coumadin 2.5mg,Warfarin,PO,,HEMT,HE-02-00,¤fªA,TAB,Coumadin,«D²Õ®M,°±¥Î¡A¥i¬dÃþ¦üÃÄ,,¤w°±¥Î,¬O,¤£¥i¥ÎÃÄ¥]¾÷,¥i¥Î,¤@¯ë,Á`¶q¶i¦ì,¾AÀ³¯g:¬°§Ü¾®¦å¾¯,,Anticoagulant,,¥~ Æ[:²H«C¦â¶ê«ó§Î¿õ¾¯¡A ¤@­±¨èCOUMADIN 2 1/2,,,,,¥u¥Î©óªù¶E¤Î¦í°|STAT,¥iÁÚ¤B¿õ- 2.5,Coumadin 2.5mg,,,§_,¬O,,,,,,,,,¤@¯ë,¤@¯ë,Äµ »y: ¥X²{¥ô¦ó²§±`·ï«C©Î¥X¦å¡A¶Ë¤f¤£©ö¤î¦å¡A½Ð¾¨³t»PÂå®vÁpµ¸,Äµ °ªÄµ°T,,,,§_,1.0,,§_,§_,§_,³æ¤è,§_,°±¥Î,¥i¥Î,¥i¿i,¬O,,1.00,1.00,4.00,4.00,999,999,1,1,0,0,0,0,,µL¹Ï¤ù,,0,,0,,,,,,,,,,,TAB,,°·«Oµ¹¥I,°·«Oµ¹¥I,WARFARIN,B01AA03,B020346100,§_,SolidDrugForm,ORTAB,,,,,,,,,PH047,202303141731,3.44,5.00
OCOUG,19960101,99999999,°±¥Î,Coughxin 8mg,Coughxin 8mg,Bromhexine,PO,,ERSP,RE-05-01,¤fªA,TAB,Bisolvon,«D²Õ®M,°±¥Î,,¤@¯ë¥i¥Î,¬O,¥i¥ÎÃÄ¥]¾÷,,¤@¯ë,Á`¶q¶i¦ì,¾AÀ³¯g:¬°¤Æ·ð¾¯,,Mucolytic agent.,,¥~ Æ[:¶À¦â¶ê§ÎÃÄ¿õ,,,,,,,Coughxin 8mg,,,§_,¬O,,,,,,,,,¤@¯ë,¤@¯ë,,,,,,§_,1.0,,§_,§_,§_,³æ¤è,§_,¥i¥Î,¥i¥Î,¥i¿i,¬O,,1.00,1.00,999.00,999.00,999,999,1,1,0,0,0,0,,µL¹Ï¤ù,,0,,0,,,,,,,,,,,TAB,§_,°·«Oµ¹¥I,°·«Oµ¹¥I,BROMHEXINE,R05CB02,A017302100,§_,SolidDrugForm,ORTAB,,,,,,,,,PH047,202303141731,0.25,2.00
OCOUM,19960101,99999999,°±¥Î,Coumadin 5 MG,Coumadin 5 MG,Warfarin,PO,,HEMT,HE-02-00,¤fªA,TAB,Coumadin,«D²Õ®M,°±¥Î,OORF5,¤w°±¥Î,¬O,¤£¥i¥ÎÃÄ¥]¾÷,¥i¥Î,¤@¯ë,Á`¶q¶i¦ì,¾AÀ³¯g:¬°§Ü¾®¦å¾¯,,Anticoagulant,,¥~ Æ[:²L¯»¾ï¦â¶ê§ÎÃÄ¿õ¡A¤@­±¨èCOUMADIN 5,,,,,,¥iÁÚ¤B¿õ- 5,Coumadin 5 MG,,,§_,¬O,,,,,,,,,¤@¯ë,¤@¯ë,Äµ »y: ¥X²{¥ô¦ó²§±`·ï«C©Î¥X¦å¡A¶Ë¤f¤£©ö¤î¦å¡A½Ð¾¨³t»PÂå®vÁpµ¸,Äµ °ªÄµ°T,,,,§_,1.0,,§_,§_,§_,³æ¤è,§_,°±¥Î,¥i¥Î,¥i¿i,¬O,,1.00,1.00,2.00,2.00,999,999,1,1,0,0,0,0,,µL¹Ï¤ù,,0,,0,,,,,,,,,,,TAB,§_,°·«Oµ¹¥I,°·«Oµ¹¥I,WARFARIN,B01AA03,B020516100,§_,SolidDrugForm,ORTAB,,,,,,,,,PH047,202303141731,6.10,8.00
OCOV,19960101,99999999,°±¥Î,Covina 28tab/pk,Covina 28tab/pk,Estradiol + Norethisterone,PO,QD,HM,HR-03-04,¤fªA,TAB,Kliogest,«D²Õ®M,°±¥Î¡A¥i¬dÃþ¦üÃÄ,,¤@¯ë¥i¥Î,¬O,¤£¥i¥ÎÃÄ¥]¾÷,,¤@¯ë,Á`¶q¶i¦ì,¾AÀ³¯g:¬°²üº¸»X¸É¥R¾¯,,Hormones replacement,,¥~ Æ[:¥Õ¦â¶ê§Î¿õ¾¯,,,,,,,Covina 28tab/pk,,,§_,¬O,,,,,,,,,¤@¯ë,¤@¯ë,Äµ »y: ¥X²{¥ô¦ó²§±`·ï«C©Î¥X¦å¡A¶Ë¤f¤£©ö¤î¦å¡A½Ð¾¨³t»PÂå®vÁpµ¸,,,,,§_,28.0,,§_,§_,§_,½Æ¤è,§_,¥i¥Î,¥i¥Î,¥i¿i,¬O,,1.00,1.00,1.00,1.00,999,999,28,28,0,0,0,0,,µL¹Ï¤ù,,0,,0,,,,,,,,,,,TAB,§_,°·«Oµ¹¥I,°·«Oµ¹¥I,ESTRADIOL 2MG + NORETHINDRONE 1MG,G03FA01,A042026100,§_,SolidDrugForm,ORTAB,,,,,,,,,PH047,202303141731,7.80,10.00
OCOV7,20131223,99999999,°±¥Î,Covaxin 70mg,Covaxin 70mg,Alendronate,PO,QW,META,ME-06-00,¤fªA,TAB,Fosamax,«D²Õ®M,°±¥Î,OFOSP,¤@¯ë¥i¥Î,¬O,¤£¥i¥ÎÃÄ¥]¾÷,±ø¥ó¤Uµ¹¥I,¤@¯ë,Á`¶q¶i¦ì,¾AÀ³¯g:¥Dªv°©½è²¨ÃP¯g,,Indication:Treatment of osteoporosis,,¥~ Æ[: ¥Õ¦â¾ò¶ê§Î¿õ¾¯,Appearance:White Elliptic Tablet,¸¡µh¡A ÃE°©Ãö¸`Ãa¦º¡A «D¨å«¬ªÑ°©°©§é,Abdominal pain¡A jaw osteonecrosis¡A atypical femur fractures.,,¬Ò¥i¥Î,¥i°©µØ¿õ,Covaxin,,,§_,§_,½Ã±Ð³æ¤@,½Ð¦b¦­±áªÅ¸¡®É»P¤j¶q¶}¤ô¨ÖªA ¡AªAÃÄ«á¥b¤p®É½Ð¤Å½ö¤U¡C¶·¾ã²É§]ªA¡C,,Take whole Tab on an empty stomach. Do not lie down for 30 minutes after taking,,,,102¦~²Ä¥|¦¸ÃÄ©e·|·s¶iÃÄ«~,¤@¯ë,¤@¯ë,Äµ »y:½Ð¦b¦­±áªÅ¸¡®É»P¤j¶q¶}¤ô¨ÖªA ¡AªAÃÄ«á¥b¤p®É½Ð¤Å½ö¤U¡C¶·¾ã²É§]ªA¡C,,,0,0,§_,1.0,,§_,§_,¬O,³æ¤è,§_,°±¥Î,¥i¥Î,¤£¥i¿i,¬O,,1.00,0,1.00,1.00,999,999,1,1,1.00,1.00,0,0,,¦³¹Ï¤ù,,0,,0,,M05BA04,,,,,,,,,TAB,§_,°·«Oµ¹¥I,°·«Oµ¹¥I,ALENDRONATE 70 MG¡ÏVITAMIN D 0-5600IU,M05BA04,AC49787100,§_,SolidDrugForm,ORTAB,,,,,,,,,PH047,202303141732,152.00,182.00
OCOX,20190701,99999999,¥i¥Î,Coxine 20mg,Coxine 20mg,Isosorbide 5-Mononitrate,PO,BID,CAVS,CV-02-00,¤fªA,TAB,Ismo,«D²Õ®M,,,¤@¯ë¥i¥Î,¬O,¤£¥i¥ÎÃÄ¥]¾÷,¥i¥Î,¤@¯ë,Á`¶q¶i¦ì,¾AÀ³¯g:¥D­n¹w¨¾¯U¤ß¯g¤§µo§@,,Indication:Prophylaxis of angina pectoris.,,¥~ Æ[:¥Õ¦â¶ê«ó§Î¿õ¾¯¡A COXINE¡A20¤ÎSY¨è²ª,Appearance:White round tablet¡ACOXINE¡A20¡A and SY marked.,¥Ñª×«º©Î§¤«º°_¥ß®É·|ÀY·w¡A ¤ß¸õÅÜ§Ö¡A Áy¼é¬õ¡A äú¤ß,Dizziness or lightheadedness¡A especially when getting up from a lying or sitting,,¬Ò¥i¥Î,«aªY¿õ,Coxine 20mg,,,¬O,¬O,,¬°µv»ÄÆQÃþÃÄ«~¡A ½ÐÁ×§K»P¦åºÞÂX±i¾¯(¦p«Â¦Ó­è)¨Ö¥Î,,Do not take with vasodilators (eg. Viagra).,,,,2019.07 Ismo 20mg¯Ê³f¼È¥N,¤@¯ë,¤@¯ë,Äµ »y:¬°µv»ÄÆQÃþÃÄ«~¡A½ÐÁ×§K»P¦åºÞÂX±i¾¯¡]¦p«Â¦Ó­è¡^¨Ö¥Î,SA «÷­µ¬Û¦ü,,0,0,§_,1.0,,§_,¬O,§_,³æ¤è,§_,¥i¥Î,¥i¥Î,¥i¿i,¬O,,1.00,1.00,2.00,2.00,999,999,28,1,6.00,6.00,0,0,,¦³¹Ï¤ù,,0,,0,,C01DA14,,,,,0,,0,,TAB,,°·«Oµ¹¥I,°·«Oµ¹¥I,ISOSORBIDE 5-MONONITRATE,C01DA14,AC433641G0,§_,SolidDrugForm,ORTAB,,,0,,0,,,,PH047,202401101623,2.00,3.00
OCOZ,19960101,99999999,°±¥Î,Cozaar 50mg,Cozaar 50mg,Losartan,PO,QD,CAVS,CV-08-00,¤fªA,TAB,Cozaar,«D²Õ®M,°±¥Î,ODIO,¤@¯ë¥i¥Î,¬O,¤£¥i¥ÎÃÄ¥]¾÷,,¤£¦LÃÄÅÒ,Á`¶q¶i¦ì,¾AÀ³¯g:¤ßÅ¦¯f¡B°ª¦åÀ£,,Treatment of hypertension & heart disease,,¥~ Æ[:¥Õ¦â¾ò¶ê§Î¿õ¾¯,,,,,,¥i®®±z½¤¦ç¿õ,Cozaar 50mg,,,§_,¬O,,,,,,,,,¤@¯ë,¤@¯ë,Äµ »y:½Ð¿í·ÓÂå®v«ü¥Ü¥ÎÃÄ¡A¤Å¦Û¦æ§ó§ï¾¯¶q©Î¥ÎÃÄ®É¶¡¡C,,,,,§_,1.0,,§_,§_,§_,³æ¤è,§_,°±¥Î,¥i¥Î,¤£¥i¿i,¬O,,1.00,1.00,2.00,2.00,999,999,1,1,0,0,0,0,,µL¹Ï¤ù,,0,,0,,C09CA01,,,,,,,,,TAB,§_,°·«Oµ¹¥I,°·«Oµ¹¥I,LOSARTAN 50MG + HYDROCHLOROTHIAZIDE 0-12.5MG,C09CA01,B021914100,§_,SolidDrugForm,ORTAB,,,,,,,,,PH047,202303141732,14.20,18.00
OCRA,19960101,99999999,°±¥Î,Cravit F.C. 100mg,Cravit F.C. 100mg,Levofloxacin,PO,QDAC,QANB,AI-01-08,¤fªA,TAB,Cravit,«D²Õ®M,°±¥Î,OCRA5,¤@¯ë¥i¥Î,¬O,¤£¥i¥ÎÃÄ¥]¾÷,,¤@¯ë,Á`¶q¶i¦ì,¾AÀ³¯g:²Óµß©Ê·P¬V,,Antimicrobial agent,,¥~ Æ[:¥Õ¦â¶ê¥Y§Î¿õ¾¯,,,,,¥u¥Î©óªù¶E,¥i¼Ö¥²§´¿õ,Cravit F.C. 100mg,,,§_,¬O,½Ã±Ð³æ¤­,,,,,,,,¤@¯ë,¤@¯ë,Äµ »y: ½Ð©ó¶º«e¤@¤p®É©Î¶º«á¨â¤p®ÉªA¥Î¡A¤Å»P¤@¯ë­GÃÄ¦PªA¡C,­¹ ­¹ª«¥æ¤¬,,,,§_,1.0,,§_,§_,§_,³æ¤è,§_,°±¥Î,¥i¥Î,¥i¿i,¬O,,1.00,1.00,5.00,5.00,999,999,1,1,0,0,0,0,,µL¹Ï¤ù,,0,,0,,J01MA12,,,,,,,,,TAB,§_,°·«Oµ¹¥I,°·«Oµ¹¥I,LEVOFLOXACIN,J01MA12,A044373100,§_,SolidDrugForm,ORTAB,,,,,,,,,PH047,202401261327,24.50,31.00
OCRA5,20051212,99999999,¥i¥Î,Cravit F.C. 500mg,Cravit F.C. 500mg,Levofloxacin,PO,QDAC,QANB,AI-01-08,¤fªA,TAB,Cravit,«D²Õ®M,,,¤@¯ë¥i¥Î,¬O,¤£¥i¥ÎÃÄ¥]¾÷,±ø¥ó¤Uµ¹¥I,¤@¯ë,Á`¶q¶i¦ì,¾AÀ³¯g:²Óµß©Ê·P¬V,,Indication:Antibiotic for infection.,,¥~ Æ[:²H¬õ¦â¾ò¶ê§Î¿õ¾¯¡A ¨â­±¦³¤¤¥¡¨è²ª,Appearance:Light red elliptic tablet,¸¡³¡¤£¾A¡A ©ü©ü±ýºÎ¡A ºÎ¯v»ÙÃª,Abdominal discomfort¡A drowsiness¡A trouble in sleeping.,,,¥i¼Ö¥²§´½¤¦ç¿õ500²@§J,Cravit FC 500mg,,,§_,¬O,½Ã±Ð³æ¤­,¤Å»PÅKÆQ¡B¶t¤ù¡B¨î»Ä¾¯¡B§t©@°Ø¦]¤Î¨Å»s«~ªº­¹ª«¨ÖªA,­«¯g¦ÙµL¤O±wªÌ¤£«ØÄ³¨Ï¥Î¡C,Avoid taking with Ferrous¡A Calcium or caffeine and dairy foods.,It is not recommended for patients with myasthenia gravis,­Y¥Î©óG6PD¯Ê¥¢±wªÌ¡AÀ³¯S§OºÊ´ú¥i¯à¥X²{·»¦å¡C,Hemolytic reactions may occur in G6PD deficiency patients.,,¤@¯ë,¤@¯ë,Äµ »y:½Ð¤Å©MÅKÆQ©Î¨î»Ä¾¯¤@°_ªA¥Î¡C,­¹ ­¹ª«¥æ¤¬,¤fªAÃÄ,,,§_,1.0,,§_,¬O,§_,³æ¤è,§_,°±¥Î,°±¥Î,¤£¥i¿i,¬O,,1.00,1.00,1.50,1.50,28,14,0,1,4.00,4.00,0.04,0.03,,¦³¹Ï¤ù,,0,,0,,J01MA12,,,,,0.50,g,0.50,g,TAB,,°·«Oµ¹¥I,°·«Oµ¹¥I,LEVOFLOXACIN,J01MA12,AB47516100,§_,SolidDrugForm,ORTAB,,,,,,,,,PH006,202402271215,16.90,22.00
OCRAS,20091025,99999999,°±¥Î,Crashtone Granules 5gm,Crashtone Granules 5gm,Potassium Citrate Monohydrate + Citric Acid,PC,QD,SGU,UR-05-00,¤fªA,PK,DeStone,«D²Õ®M,°±¥Î,OKCIT,¤@¯ë¥i¥Î,¬O,¤£¥i¥ÎÃÄ¥]¾÷,¥i¥Î,¤@¯ë,Á`¶q¶i¦ì,¾AÀ³¯g:ÆP¤Æ¾¯¡A ¥Î©ó§¿¹Dµ²¥Û¡A µÇ¤pºÞ©Ê»Ä¬r¯g,,Indication:Renal tubular acidosis with calculi.,,¥~ Æ[:5 ¤½§J¯»¾¯¥]¸Ë,Appearance:5gm powder,¦]°ª¦å¹[¯g¤Þ°_µL¤O¡A ·w¯t,Asthenia¡A dizziness.,,¬Ò¥i¥Î,¡§¬£¹y¡¨²b¥ÛÁû²É,Crashtone Granules 5gm,,,§_,¬O,,¨C¥]½Ð¥H180 CC¥H¤W§N¶}¤ô©ÎªG¥Ä½Õ¤Ã«á¦AªA¥Î,,Mix thoroughly with at least 180 ml cold water or juice before taking.,,,,,¤@¯ë,¤@¯ë,Äµ »y:¨C¥]½Ð¥H180 CC¥H¤W§N¶}¤ô©ÎªG¥Ä½Õ¤Ã«á¦AªA¥Î,,,,,§_,1.0,,§_,§_,§_,½Æ¤è,§_,°±¥Î,¥i¥Î,¤£¥i¿i,¬O,,1.00,1.00,2.00,2.00,999,999,1,1,4.00,4.00,0,0,,¦³¹Ï¤ù,,0,,0,,A12BA02,A09AB04,,,,,,,,PK,,°·«Oµ¹¥I,°·«Oµ¹¥I,CITRIC ACID 200MG/GM + POTASSIUM CITRATE 660MG/GM,G04BC,A049218121,§_,SolidDrugForm,GRAN,,,,,,,,,PH047,202303141732,8.70,12.00
OCRE,20051212,99999999,¥i¥Î,Crestor 10mg,Crestor 10mg,Rosuvastatin,PO,QD,CAVS,CV-12-00,¤fªA,TAB,Crestor,«D²Õ®M,,,¤@¯ë¥i¥Î,¬O,¤£¥i¥ÎÃÄ¥]¾÷,¥i¥Î,¤@¯ë,Á`¶q¶i¦ì,¾AÀ³¯g:°ª¦å¯×,,Indication:Treatment of hyperlipidemia.,,¥~ Æ[:²H¬õ¦â¶ê«ó§Î¿õ¾¯¡A ¤@­±¦LZD4522¤Î10,Appearance:Light red round tablet,ÀYµh¡A ¦Ùµh¡A µL¤O¡A äú¤ß,Headache¡A myalgia¡A abdominal pain¡A asthenia¡A nausea.,,¬Ò¥i¥Î,«a¯×§´½¤¦ç¿õ,Crestor 10mg,,,§_,¬O,½Ã±Ð³æ¤T,­Y¦³¤£©ú­ì¦]ªº¦Ù¦×µh¡A Ä²µh©ÎµL¤O¡A ¥B¨Ö¦³µo¿N®É¡A ½Ð¥ß¨è¦^¶E,¦³¨Ï¥ÎHIV§Ü¯f¬r¥ÎÃÄ½Ð¥D°Ê§iª¾Âå®v,Notify your doctor if you have any unexplained muscle pain or tenderness.,,­¹ª«¥æ¤¬§@¥Î: ªAÃÄ´Á¶¡Á×§K­¹¥Î¸²µå¬c¥Ä»P¬õÄT²£«~,Food interaction:Avoid grapefruit juice and red yeast rice.,,¤@¯ë,¤@¯ë,Äµ »y:­Y¦³¤£©ú­ì¦]ªº¦Ù¦×µh¡BÄ²µh©ÎµL¤O¡A¥B¨Ö¦³µo¿N®É¡A½Ð¥ß¨è¦^¶E,­¹ ­¹ª«¥æ¤¬,,,,§_,1.0,,§_,¬O,§_,³æ¤è,§_,¥i¥Î,¥i¥Î,¥i¿i,¬O,,1.00,1.00,2.00,2.00,999,999,1,1,4.00,4.00,0,0,,¦³¹Ï¤ù,,0,,0,,C10AA07,,,,,,,,,TAB,§_,°·«Oµ¹¥I,°·«Oµ¹¥I,ROSUVASTATIN,C10AA07,BC24131100,§_,SolidDrugForm,ORTAB,,,,,,,,,PH047,202401101630,11.50,15.00
OCRET,20231220,99999999,¥i¥Î,Cretrol 10/20mg,Cretrol 10/20mg,Ezetimibe + Rosuvastatin,PO,QD,CAVS,CV-12-00,¤fªA,TAB,Roszet,«D²Õ®M,,,¤@¯ë¥i¥Î,¬O,¤£¥i¥ÎÃÄ¥]¾÷,±ø¥ó¤Uµ¹¥I,¤@¯ë,Á`¶q¶i¦ì,¾AÀ³¯g: °ªÁx©T¾J¦å¯g¡C,,Indication: Primary Hypercholesterolemia.,,¥~ Æ[: ¥Õ¦â¦Ü¦Ç¥Õ¦â¶ê§ÎÁ¡µÛ¦ç¿õ,Appearance: White to grayish-white round film-coated tablet.,¦Ù¦×µh¡BÃö¸`µh¡B¸¡Âm¡BÀYµh¡B¯h³Ò¡C,Myalgia¡A arthralgia¡A diarrhea¡A headache¡A fatigue.,,¬Ò¥i¥Î,¯×·ç§´¿õ10/20²@§J,Cretrol 10/20mg,,,,¬O,,¨Ï¥Î´Á¶¡­Y¦³¯h­Â©Îµo¿N¨Ã¦ñÀH¦Ùµh©ÎµL¤O¡AÀ³¥ß§Y´NÂå¡C,¥Ø«eÃh¥¥©Î¥¿¦b­÷¨ÅªÌ¸T¥Î¡C,If fatigue/fever with muscle issues arise during use¡A seek prompt medical help.,Contraindicated during pregnancy or breastfeeding.,­¹ª«¥æ¤¬§@¥Î: ªAÃÄ´Á¶¡Á×§K­¹¥Î¸²µå¬c¥Ä»P¬õÄT²£«~¡C,Food interaction: Avoid grapefruit juice and red yeast rice products during use.,2023Q4 ÃÄ©e·s¶i,¤@¯ë,¤@¯ë,Äµ »y:­Y¦³¤£©ú­ì¦]ªº¦Ù¦×µh¡BÄ²µh©ÎµL¤O¡A¥B¨Ö¦³µo¿N®É¡A½Ð¥ß¨è¦^¶E,,,0,0,§_,1.0,,§_,¬O,§_,½Æ¤è,,¥i¥Î,¥i¥Î,¥i¿i,¬O,,1.00,1.00,1.00,1.00,999,999,28,28,1.00,1.00,0,0,,¦³¹Ï¤ù,,0,,0,,C10BA06,C10AX09,C10AA07,,,0,,0,,TAB,,°·«Oµ¹¥I,°·«Oµ¹¥I,ROSUVASTATIN 10-20 MG + EZETIMIBE 10 MG,C10BA06,BC28182100,,SolidDrugForm,ORTAB,,,0,,0,,,,PH047,202401081838,13.40,17.00
OCTC1,20120327,99999999,°±¥Î,®a­p1¸¹¤fªAÁ×¥¥ÃÄ(28's),®a­p1¸¹¤fªAÁ×¥¥ÃÄ(28's),Levonorgestrel+Ethinyl Estradiol 0.15/0.03mg,PO,QD,HM,CT-01-00,¤fªA,TAB,,«D²Õ®M,°±¥Î,,¤@¯ë¥i¥Î,¬O,¤£¥i¥ÎÃÄ¥]¾÷,°·«O¤£µ¹¥I,¤@¯ë,Á`¶q¶i¦ì,¾AÀ³¯g:Á×¥¥ÃÄ,,Indication:Contraceptive,,¥~ Æ[:28Áû¤ù¸Ë¡A6Áû´Ä¦â¿õ¡A5Áû¥Õ¦â¿õ¡A10Áû¶À¦â¿õ¡A7Áû¥Õ¦â¤jÃÄ¿õ,Appearance: 28's pack¡ABrown-6¡A White-5¡A Yellow-10¡A White-7,ÀYµh¡A ¤Ï­G¡A ³±¹DÂIª¬¥X¦å,Headache¡A GI upsets¡A bleeding.,,¬Ò¥i¥Î,®a®x­pµe1¸¹¤fªAÁ×¥¥ÃÄ,®a­p1¸¹¤fªAÁ×¥¥ÃÄ(28's),,,§_,¬O,,½Ð¿í·ÓÂå®v«ü¥Ü¨Ï¥Î¡A ­Yµo¥ÍºÃ¦üÃÄª«¤£¨}¤ÏÀ³½Ð§iª¾Âå¥Í,,Follow doctor's advice. Check with doctor if you notice any side effects.,,¦³¦åºÞ®ê¶ë¡A ¨Å©Ð¸~½F¯e¯f¡A ¥¥°ü¸T¥Î,,,¤@¯ë,¤@¯ë,Äµ »y:½Ð¿í·ÓÂå®v«ü¥Ü¨Ï¥Î¡A­Yµo¥ÍºÃ¦üÃÄª«¤£¨}¤ÏÀ³½Ð§iª¾Âå¥Í¡C,,,0,0,§_,28.0,,§_,§_,§_,½Æ¤è,§_,°±¥Î,¥i¥Î,¥i¿i,¬O,,1.00,1.00,1.00,1.00,999,999,28,28,2.00,2.00,0,0,,¦³¹Ï¤ù,,0,,0,,G03CA01,G03AB03,G03AC03,,,,,,,PK,,¤£µ¹¥I¶·¦Û¥I,¤£µ¹¥I¶·¦Û¥I,,,,§_,SolidDrugForm,ORTAB,,,,,,,,,PH047,202303141732,0,40.00
OCUR,20140617,99999999,¥i¥Î,Curam 1000mg,Curam 1000mg,Amoxicillin + Clavulanic Acid,WM,Q12H,QANB,AI-01-01,¤fªA,TAB,Augmentin,«D²Õ®M,,OAUG1,¤@¯ë¥i¥Î,¬O,¤£¥i¥ÎÃÄ¥]¾÷,¥i¥Î,¤@¯ë,Á`¶q¶i¦ì,¾AÀ³¯g:²Óµß©Ê·P¬V,,Indication:Antibiotic for infection.,,¥~ Æ[:¥Õ¦â¾ò¶ê§Î¿õ¾¯,Appearance:White elliptic tablet,»´·L¸¡Âm¡A ÀYµh¡A ­Gµh¡A ¸¡µÈ ¡A ´HÅ¸,Diarrhea (mild)¡A hedache¡A stomach pain¡A swelling of abdomen¡A chills.,,¬Ò¥i¥Î,¿Õ§Ö¹ç½¤¦ç¿õ,Curam 1000mg,,,,¬O,,½Ð¿í«ü¥ÜªA§¹¾ã­ÓÀøµ{¡A ­Yµo¥Í¥ÎÃÄ¤£¨}¤ÏÀ³½Ð§iª¾Âå¥Í,,Follow doctor's advice. Check with doctor if you notice any side effects.,,,,,¤@¯ë,¤@¯ë,Äµ »y:½Ð¿í«ü¥ÜªA§¹¾ã­ÓÀøµ{¡A­Yµo¥Í¥ÎÃÄ¤£¨}¤ÏÀ³½Ð§iª¾Âå¥Í¡C,,,0,0,§_,1.0,,§_,¬O,§_,½Æ¤è,§_,°±¥Î,°±¥Î,¥i¿i,¬O,,1.00,1.00,2.00,2.00,14,14,7,7,4.00,4.00,0,0,,¦³¹Ï¤ù,,0,,0,,J01CR02,J01CA04,,,,1.00,g,2.00,g,TAB,,°·«Oµ¹¥I,°·«Oµ¹¥I,AMOXICILLIN 875MG + CLAVULANIC ACID 125MG,J01CR02,BB24808100,§_,SolidDrugForm,ORTAB,,,,,,,,,PH047,202402140657,7.50,11.00
OCYM,20060903,99999999,¥i¥Î,Cymbalta 30mg,Cymbalta 30mg,Duloxetine,PO,BID,CNEU,CN-02-05,¤fªA,CAP,Cymbalta,«D²Õ®M,,,¤@¯ë¥i¥Î,¬O,¤£¥i¥ÎÃÄ¥]¾÷,¥i¥Î,¤@¯ë,Á`¶q¶i¦ì,¾AÀ³¯g:­«Æ{¯g¡A ¿}§¿¯f¶gÃä¯«¸gµh¡A ¼sªx©ÊµJ¼{¯g,,Indication:Depression¡A diabetic peripheral neuropathic pain¡A,Generalized anxiety disorder,¥~ Æ[:ÂÅ¥Õ¦âµw½¦Ån¡A ¦L¦³9543¤Î30mg,Appearance:Blue/white hard capsule,äú¤ß¡A ¤f°®¡A «K¯µ¡A ¸¡Âm¡A ­°§C­¹¼¤¡A ¯h­Â,Nausea¡A dry mouth¡A constipation¡A diarrhea¡A decreased appetite¡A fatigue¡A,,¬Ò¥i¥Î,¤d¼~¸Ñ,Cymbalta 30mg,,,¬O,¬O,½Ã±Ð³æ¥|,ªAÃÄ«á¡A ¥i¯àµo¥Íµu¼È©Ê·w¯t¡A «C¥ú²´±wªÌ¤p¤ß¨Ï¥Î,,May cause temporary dizziness. Carefully use in patients with glaucoma.,,­¹ª«¥æ¤¬§@¥Î: ªAÃÄ´Á¶¡Á×§K¶¼°s,Food interaction:Avoid alcohol.,,¤@¯ë,¤@¯ë,Äµ »y:ªAÃÄ«á¡A¥i¯àµo¥Íµu¼È©Ê·w¯t¡F«C¥ú²´±wªÌ¸T¥Î,­¹ ­¹ª«¥æ¤¬,,,,§_,1.0,,§_,¬O,§_,³æ¤è,§_,¥i¥Î,¥i¥Î,¤£¥i¿i,¬O,,1.00,1.00,2.00,2.00,999,999,1,1,8.00,8.00,0,0,,¦³¹Ï¤ù,,0,,0,,N06AX21,,,,,,,,,CAP,§_,°·«Oµ¹¥I,°·«Oµ¹¥I,DULOXETINE,N06AX21,BC24240100,§_,SolidDrugForm,ORCAP,,,,,,,,,PH047,202303141732,14.30,19.00
OCYT,19960101,99999999,¥i¥Î,Cytotec 200mcg,Cytotec 200mcg,Misoprostol,PO,ASORDER,ALIM,GI-01-04,¤fªA,TAB,Cytotec,«D²Õ®M,,,¤@¯ë¥i¥Î,¬O,¤£¥i¥ÎÃÄ¥]¾÷,±ø¥ó¤Uµ¹¥I,¤@¯ë,Á`¶q¶i¦ì,¾AÀ³¯g:ªvÀø­G¤Î¤Q¤G«ü¸z¼ìºÅ¡A «P¶i¤l®c¦¬ÁY,,Indication:Gastric ulcer¡A termination of pregnancy,,¥~ Æ[:¥Õ¦â¤»Ãä§Î¿õ¾¯¡A ¨âÃä¦³¨è²ª(¹º½u)¡A¤@­±¨èSEARLE 1461,Appearance:White hexagon tablet,¸¡Âm¡A ¸¡µh¡A µÈ®ð¡A ¸g¦å¹L¦h¡A ³±¹D¥X¦å,Diarrhea¡A abdominal pain¡A flatulence¡A menorrhagia¡A vag bleeding,,,³ß§J¼ì¿õ,Cytotec 200mcg,,,§_,¬O,,°£Âå®v«ü¥Ü¥~¡A ¥¥°ü¸T¤î¨Ï¥Î¥»ÃÄ«~,,Follow doctor's advice. Avoid during pregnancy.,,,,,¤@¯ë,¤@¯ë,Äµ »y:°£Âå®v«ü¥Ü¥~¡A¥¥°ü¸T¤î¨Ï¥Î¥»ÃÄ«~,,,,,§_,1.0,,§_,¬O,§_,³æ¤è,§_,¥i¥Î,¥i¥Î,¥i¿i,¬O,,1.00,1.00,4.00,4.00,4,4,1,1,10.00,10.00,0,0,,¦³¹Ï¤ù,,0,,0,,A02BB01,,,,,,,,,TAB,§_,°·«Oµ¹¥I,°·«Oµ¹¥I,MISOPROSTOL,A02BB01,BC20674100,§_,SolidDrugForm,ORTAB,¦M®`¤G¯Å(¡I),,,,,,,,PH047,202401151815,9.10,13.00
ODAI,19960101,99999999,°±¥Î,Dail 80mg,Dail 80mg,Gliclazide,AC15,,META,ME-02-01,¤fªA,TAB,Dail,«D²Õ®M,°±¥Î,OGLI8,¤@¯ë¥i¥Î,¬O,¥i¥ÎÃÄ¥]¾÷,¥i¥Î,¤@¯ë,Á`¶q¶i¦ì,¾AÀ³¯g:¬°­°¦å¿}ÃÄ¡A©y¶º«e15¤ÀÄÁªA¥Î,,Treatment of type 2 diabetes,,¥~ Æ[:¥Õ¦â¶ê«ó§Î¿õ¾¯¡A¤@­±¦³¤Q¦r¨è²ª¡A¤@­±¦LSTN018,Appearance:White Round Tablet,,,,,¥N¯Ø¿õ,Dail 80mg,,,§_,¬O,,,,,,,,,¤@¯ë,¤@¯ë,Äµ »y:½Ð¨Ì·ÓÂå®v«ü¥ÜªA¥Î¡AªAÃÄ´Á¶¡½Ð«ö®É¶iÀ\¡A¨Ãª`·N¦å¿}ÅÜ¤Æ,,,,,§_,1.0,,§_,§_,§_,³æ¤è,§_,°±¥Î,¥i¥Î,¥i¿i,¬O,,1.00,1.00,4.00,4.00,999,999,1,1,0,0,0,0,,µL¹Ï¤ù,,0,,0,,,,,,,,,,,TAB,§_,°·«Oµ¹¥I,°·«Oµ¹¥I,GLICLAZIDE,A10BB09,A034350100,§_,SolidDrugForm,ORTAB,,,,,,,,,PH047,202303141732,1.86,3.00
ODAK,20160615,99999999,¥i¥Î,Daklinza 60mg,Daklinza 60mg,Daclatasvir,PO,QD,QANB,AI-03-04,¤fªA,TAB,Daklinza,«D²Õ®M,Á{±ÄÃÄ¡A½Ð³qª¾ÃÄ§½¥~ÁÊ,,ÃÄ©e·|Á{±Ä,¬O,¤£¥i¥ÎÃÄ¥]¾÷,±ø¥ó¤Uµ¹¥I,¤@¯ë,Á`¶q¶i¦ì,¾AÀ³¯g:C«¬¨xª¢,,Indication:Chronic hepatitis C virus infection in adults,,¥~ Æ[:²Hºñ¦â¤­¨¤§Î¿õ¾¯¡A ¤@­±¦LBMS¡A ¤@­±¦L215,Appearance:Light green pentagonal tab¡A marking: BMS and 215,¯h³Ò¡AÀYµh¡Aäú¤ß¡A³h¦å,Fatigue¡A headache¡A nausea¡A anemia,,¥u¥Î©óªù¶E¤Î¦í°|STAT,©Z§J¤z½¤¦ç¿õ60²@§J,Daklinza 60mg,,­­¦Û¶O,,¬O,,­Y¥X²{¥ô¦ó°Æ§@¥Î¼x¶HÀ³¥ß§Y»PÂå®vÁpÃ´¡C,(¨x¥\¯à²§±`: ²§±`¯h­Â¡B¥Ö½§ÅÜ¶À¡B§¿²GÅÜ²`¡BÁT«KÅÜ¥Õ),Check with doctor if you notice any side effects.,(Signs of liver dysfunction: unusual fatigue¡A jaundice¡A dark urine or pale stool,ªAÃÄ´Á¶¡»PªAÃÄªvÀøµ²§ô«á5©P¤º½ÐÁ×¥¥,Use of effective contraception should be continued for 5 weeks after completion.,,¤@¯ë,¤@¯ë,­Y¥X²{¨x¥\¯à²§±`°Æ§@¥Î( ²§±`¯h­Â¡B¥Ö½§ÅÜ¶À¡B§¿²GÅÜ²`¡BÁT«KÅÜ¥Õ)À³¥ß§Y»PÂå®vÁpÃ´¡C,,,0,0,§_,1.0,,§_,¬O,§_,³æ¤è,§_,°±¥Î,¥i¥Î,¥i¿i,¬O,,1.00,1.00,1.00,1.00,168,168,28,1,1.00,1.00,0,0,,¦³¹Ï¤ù,,0,,0,,J05AX14,J05AP07,,,,60.00,mg,60.00,mg,TAB,,°·«Oµ¹¥I,°·«Oµ¹¥I,DACLATASVIR,J05AP07,BC26662100,§_,SolidDrugForm,ORTAB,,,,,,,,,PH047,202403131625,1190.00,1428.00
ODAL3,20050619,99999999,°±¥Î,Dalmadorm 30mg,Dalmadorm 30mg,Flurazepam,PO,,CNEU,CN-02-02,¤fªA,CAP,,«D²Õ®M,°±¥Î¡A¥i¬dÃþ¦üÃÄ,,¤@¯ë¥i¥Î,¬O,¥i¥ÎÃÄ¥]¾÷,¥i¥Î,¤@¯ë,Á`¶q¶i¦ì,,,,,,,,,,¥u¥Î©óªù¶E,,Dalmadorm 30mg,,,§_,¬O,,,,,,,,,¤@¯ë,¤@¯ë,,,,,,§_,1.0,,§_,§_,§_,³æ¤è,§_,¥i¥Î,¥i¥Î,¥i¿i,¬O,,1.00,1.00,999.00,999.00,999,999,1,1,0,0,0,0,,µL¹Ï¤ù,,0,,0,,,,,,,,,,,CAP,§_,°·«Oµ¹¥I,°·«Oµ¹¥I,FLURAZEPAM,N05CD01,A036677100,§_,SolidDrugForm,ORCAP,,,,,,,,,PH047,202303141732,6.20,0
ODALP,20140905,99999999,°±¥Î,Dalpam 30mg,Dalpam 30mg,Flurazepam,PO,HS,CNEU,CN-02-02,¤fªA,CAP,Dalmane,«D²Õ®M,°±¥Î,OSYN3,¤w°±¥Î,¬O,¤£¥i¥ÎÃÄ¥]¾÷,,¤@¯ë,Á`¶q¶i¦ì,¾AÀ³¯g:¥¢¯v,,Indication:Treatment of insomnia.,,¥~ Æ[:¶Â/¦Ç¦â½¦Ån¡A¦L¦³DALPAM¤Î30,Appearance:Black/Gray color capsule¡A marking:DALPAM and 30,ÀY·w¡A¶ÝºÎ¡A°O¾Ð»ÙÃª¡A¨¥»y¤£²M,dizziness¡A drowsiness¡A memory impairment¡A slurred speech,,¬Ò¥i¥Î,¹F¯v¦ñ½¦Ån30²@§J,Dalpam 30mg,,,¬O,¬O,,ªAÃÄ«á¡A ½Ð¤Å¶}¨®©Î¾Þ§@¦MÀI¾÷±ñ; ¤Å¶¼°s,,Be careful driving or operating machinery. Avoid alcohol.,,,,2015¦~²Ä¤@¦¸ÃÄ©e·|³q¹L§R°£,¤@¯ë,¥|¯ÅºÞ¨î,Äµ »y:ªAÃÄ«á¡A½Ð¤Å¶}¨®©Î¾Þ§@¦MÀI¾÷±ñ¡F¤Å¶¼°s,­¹ ­¹ª«¥æ¤¬,,0,0,§_,1.0,,¬O,§_,§_,³æ¤è,§_,°±¥Î,¥i¥Î,¥i¿i,¬O,,1.00,1.00,1.00,1.00,30,30,1,1,1.00,1.00,0,0,,¦³¹Ï¤ù,,0,,0,,N05CD01,,,,,0,,0,,CAP,,¤£µ¹¥I¶·¦Û¥I,¤£µ¹¥I¶·¦Û¥I,,,,§_,,,,,,,,,,,PH047,202303141732,0,5.00
ODAM,20080320,99999999,¥i¥Î,Dampurine 25mg,Dampurine 25mg,Bethanechol Chloride,AC,TID,SGU,UR-05-00,¤fªA,TAB,Urecholine,«D²Õ®M,,OWEC,¤@¯ë¥i¥Î,¬O,¥i¥ÎÃÄ¥]¾÷,¥i¥Î,¤@¯ë,Á`¶q¶i¦ì,¾AÀ³¯g:¥Dªv³Â·ô©Ê¸zªý¶ë¡A §¿³¬¯g¡A ­G¦¢½wµ¥,,Indication:Treatment of urinary retention.,,¥~ Æ[:¶À¦â¶ê«ó«¬¿õ¾¯¡A¤@­±¨è¤¤½u¤ÎPM 001,Appearance:Yellow round tablet,¸¡³¡µjÅË¡A ¸¡Âm¡A ¯t·w¡A ªc¨Å¹L¦h¡A Àû¤ÕÁY¤p¡A ¥Ö½§¼é¬õ¡A §¿«æ,Abdominal cramps¡A diarrhea; dizziness; excessive lacrimation¡A miosis¡A flushing.,,¬Ò¥i¥Î,µÎ¸Ñ¿õ,Dampurine 25mg,,,§_,¬O,,¦]¥i¯à¤Þ°_ÀY·w¡A ªAÃÄ´Á¶¡¡A ¶}¨®©Î¾Þ§@¦MÀI¾÷±ñ½Ð¤p¤ß,¶º«áªAÃÄ©ö¥X²{äú¤ß¹Ã¦Rªº°Æ§@¥Î,Be careful driving or operating machinery while taking this medication.,,³Æµù: ­Yµo¥Í¥ô¦ó°Æ§@¥Î½Ð§iª¾Âå®v,If you have problems with side effects¡A talk with your doctor.,,¤@¯ë,¤@¯ë,Äµ »y:¦]¥i¯à¤Þ°_ÀY·w¡AªAÃÄ´Á¶¡¡A¶}¨®©Î¾Þ§@¦MÀI¾÷±ñ½Ð¤p¤ß¡C,,,,,¬O,1.0,,§_,¬O,§_,³æ¤è,§_,¥i¥Î,¥i¥Î,¥i¿i,¬O,,1.00,1.00,2.00,2.00,999,999,1,1,16.00,16.00,0,0,,¦³¹Ï¤ù,,0,,0,,N07AB02,,,,,25.00,mg,45.00,mg,TAB,,°·«Oµ¹¥I,°·«Oµ¹¥I,BETHANECHOL,N07AB02,AC44365100,§_,SolidDrugForm,ORTAB,,,,,,,,,PH006,202309271250,1.63,3.00
ODANZ,19960101,99999999,°±¥Î,Danzen 5mg,Danzen 5mg,Serratiopeptidase,PO,,CNEU,CN-03-12,¤fªA,TAB,Danzen,«D²Õ®M,°±¥Î,OENZ,¤@¯ë¥i¥Î,¬O,¤£¥i¥ÎÃÄ¥]¾÷,,¤@¯ë,Á`¶q¶i¦ì,¾AÀ³¯g:®øª¢¡B®ø¸~¤§¥Î,,Anti-inflammatory enzyme,,¥~ Æ[:²L¾ï¦â¶ê§ÎÃÄ¿õ,,,,,,¹F¥ý,Danzen 5mg,,,§_,¬O,,,,,,,,,¤@¯ë,¤@¯ë,Äµ »y:½ÐÁ×§K»P¤¤©M­G»Ä¥ÎªºÃÄ (¤@¯ë­GÃÄ) ¨ÖªA¡A¥H½T«OÀø®Ä,,,,,§_,1.0,,§_,§_,§_,³æ¤è,§_,¥i¥Î,¥i¥Î,¤£¥i¿i,¬O,,1.00,1.00,2.00,2.00,999,999,1,1,0,0,0,0,,µL¹Ï¤ù,,0,,0,,,,,,,,,,,TAB,§_,°·«Oµ¹¥I,°·«Oµ¹¥I,SERRAPEPTASE,B06AA91,A001001100,§_,SolidDrugForm,ECTAB,,,,,,,,,PH047,202303141733,1.00,2.00
ODAR,19960101,99999999,°±¥Î,Darobb 80mg,Darob 80mg,Sotalol,PO,,CAVS,CV-04-02,¤fªA,TAB,,«D²Õ®M,°±¥Î,,¤@¯ë¥i¥Î,¬O,¤£¥i¥ÎÃÄ¥]¾÷,,¤@¯ë,Á`¶q¶i¦ì,¾AÀ³¯g:¤ß«ß¤£¾ã,,,,,,,,,,,Darob 80mg,,,§_,¬O,,,,,,,,,¤@¯ë,¤@¯ë,,,,,,§_,1.0,,§_,§_,§_,³æ¤è,§_,¥i¥Î,¥i¥Î,¥i¿i,¬O,,1.00,1.00,999.00,999.00,999,999,1,1,0,0,0,0,,µL¹Ï¤ù,,0,,0,,,,,,,,,,,TAB,§_,°·«Oµ¹¥I,°·«Oµ¹¥I,SOTALOL,C07AA07,B021756100,§_,SolidDrugForm,ORTAB,,,,,,,,,PH047,202303141733,6.40,10.00
ODCA,20211215,99999999,¥i¥Î,DailyCare Actibest (Vitamin B1¡A B2¡A B6¡A B12),DailyCare Actibest (Vitamin B1¡A B2¡A B6¡A B12),Thiamine¡A Riboflavin¡A Pyridoxine¡A Cyanocobalamin,PO,QD,NUTR,NU-02-00,¤fªA,TAB,B complex,«D²Õ®M,,,¤@¯ë¥i¥Î,¬O,¤£¥i¥ÎÃÄ¥]¾÷,¥i¥Î,¤@¯ë,Á`¶q¶i¦ì,¾AÀ³¯g:ºû¥Í¯ÀB1¡A B2¡A B6¡A B12¯Ê¥F¸É¥R,,Indication:Treatment of vit B1¡A B2¡A B6¡A B12 deficiencies,,¥~ Æ[:¶À¦â¶ê§Î¿}¦ç¿õ,Appearance:Yellow round tablet,¤j¾¯¶q·|¤Þ°_¸z­G¤£¾A,Upset stomach at high doses.,,¬Ò¥i¥Î,¨K¦h¬¡§ö¥²¿}¦ç¿õ,DailyCare Actibest (Vitamin,,,,¬O,,ªA¥Î¥»ÃÄ­Y¤Þ°_§¿²GÅÜ¦â¡A ¬O¦]ÃÄ«~¥NÁÂ©Ò³y¦¨,,May discolor urine to bright yellow.,,½ÐÀx¦s©ó«Äµ£µLªk¨ú±oªº¦ì¸m¡C,Keep the drug out of the reach of children.,2021Q4ÃÄ©e·|·s¶i,¤@¯ë,¤@¯ë,Äµ »y:ªA¥Î¥»ÃÄ­Y¤Þ°_§¿²GÅÜ¦â¡A¬O¦]ÃÄ«~¥NÁÂ©Ò³y¦¨,,,0,0,§_,1.0,,§_,¬O,§_,½Æ¤è,,¥i¥Î,¥i¥Î,¥i¿i,¬O,,1.00,1.00,2.00,2.00,999,999,1,1,3.00,3.00,0,0,,¦³¹Ï¤ù,,0,,0,,A11DA01,A11HA04,A11HA02,B03BA01,,0,,0,,TAB,§_,°·«Oµ¹¥I,°·«Oµ¹¥I,VITAMIN B1 50MG + VITAMIN B2 5MG + VITAMIN B6 5MG + VITAMIN B12 10MCG,A11EA,NC049281G0,,SolidDrugForm,ORTAB,,,0,,0,,,,PH047,202304131602,2.00,3.00
ODDA,19960101,99999999,°±¥Î,Minirin (DDAVP) 0.1mg,Minirin (DDAVP) 0.1mg,Desmopressin,PO,QD,HM,HR-04-00,¤fªA,TAB,DDAVP,«D²Õ®M,°±¥Î,,¤@¯ë¥i¥Î,¬O,¤£¥i¥ÎÃÄ¥]¾÷,±ø¥ó¤Uµ¹¥I,¤@¯ë,Á`¶q¶i¦ì,¾AÀ³¯g:¥Dªv§¿±Y¯g¡A ©]§¿¯g,,Indication:Treatment of nocturnal enuresis¡A insipidus,,¥~ Æ[:¥Õ¦â¾ò¶ê§Î¿õ¾¯¡A ¤@­±¦L0.1¡A ¤@­±¦³¤¤¥¡¨è²ª,Appearance:White round tablet,¸¡µh¡A ÀYµh¡A »ó¥R¦å,Abdominal pain¡A headache¡A nasal congestion,,,°g§A¹ç¿õ,Minirin (DDAVP) 0.1mg,,,§_,¬O,,ªAÃÄ´Á¶¡À³­­¨î¤ô¤ÀªºÄá¨ú,,Decrease the amount of fluids you drink while taking this medicine.,,,,105-4 ÃÄ©e·|¨MÄ³§R°£,¤@¯ë,¤@¯ë,Äµ »y:ªAÃÄ´Á¶¡À³­­¨î¤ô¤ÀªºÄá¨ú,,¤fªAÃÄ,,,§_,1.0,,§_,§_,§_,³æ¤è,§_,¥i¥Î,¥i¥Î,¥i¿i,¬O,,1.00,1.00,6.00,6.00,999,999,1,1,12.00,12.00,0,0,,¦³¹Ï¤ù,,0,,0,,H01BA02,,,,,,,,,TAB,§_,°·«Oµ¹¥I,°·«Oµ¹¥I,DESMOPRESSIN,H01BA02,BC20826100,§_,SolidDrugForm,ORTAB,,,,,,,,,PH047,202303141733,36.60,48.00
ODEA,19960101,99999999,°±¥Î,Deanxit 0.5/10mg,Deanxit 0.5/10mg,Flupentixol + Melitracen,PO,BID,CNEU,CN-02-06,¤fªA,TAB,Deanxit,«D²Õ®M,°±¥Î,OMOC,¤@¯ë¥i¥Î,¬O,¤£¥i¥ÎÃÄ¥]¾÷,,¤@¯ë,Á`¶q¶i¦ì,¾AÀ³¯g:µJ¼{¯g¡A ¼~Æ{¯g,,Indication:Treat mental depressive and anxious symptoms,,¥~ Æ[:®ç¬õ¦â¶ê§Î¿}¦ç¿õ,Appearance:Brick red round tablet,§]Ã`§xÃø¡A ¦Ù¦×µjÅË¡A ¤âµo§Ý¡A «K¯µ¡A ¤f°®¡A ±Æ§¿§xÃø,Difficult swallowing; muscle spasms; shaking of hands ; constipation; dry mouth.,,,±o¦wºü½¤¦ç¿õ,Deanxit 0.5/10mg,,,§_,¬O,,ªAÃÄ«á¡A ¥i¯àµo¥Íµu¼È©Ê·w¯t; ¤Å¶¼°s,,May cause temporary dizziness. Avoid taking with alcohol.,,,,,¤@¯ë,¤@¯ë,Äµ »y¡GªAÃÄ«á¡A¥i¯àµo¥Íµu¼È©Ê·w¯t¡F¤Å¶¼°s,,,,,§_,1.0,,§_,§_,§_,½Æ¤è,§_,¥i¥Î,¥i¥Î,¥i¿i,¬O,,1.00,1.00,2.00,2.00,999,999,1,1,9.00,9.00,0,0,,¦³¹Ï¤ù,,0,,0,,N06CA02,N06AA14,N05AF01,,,,,,,TAB,§_,°·«Oµ¹¥I,°·«Oµ¹¥I,FLUPENTIXOL 500MCG + MELITRACEN 10MG,N06CA02,BC11315100,§_,SolidDrugForm,ORTAB,,,,,,,,,PH047,202303141733,2.15,3.00
ODEC,19960101,99999999,°±¥Î,Decaris 50mg,Decaris 50mg,Levamisole,PC,QD,QANP,AI-04-00,¤fªA,TAB,Decaris,«D²Õ®M,°±¥Î,,¤@¯ë¥i¥Î,¬O,¥i¥ÎÃÄ¥]¾÷,,¤@¯ë,Á`¶q¶i¦ì,¾AÀ³¯g:µîÂÎ¤Î¹_ÂÎ¯g©Î¥Î©ó¼W±j§K¬Ì¤O,,Indication:Anthelmintic and immunomodulating agent.,,¥~ Æ[:¥Õ¦â¶ê«ó§Î¿õ¾¯¡A ¤@­±¦LL 50¡A ¤@­±¦LJANSSEN,Appearance:White round tablet,ÀYµh¡A¯t·w¡A ¤ß±ª¡A ¸z­G¾÷¯à»ÙÃª,Headache¡A vertigo¡A palpitation & GI disturbances.,,,±o¥i§Q¿õ,Decaris 50mg,,,§_,¬O,,ªA¥Î¦¹ÃÄ®É¡A °£«D±zªº¥DªvÂå®v«ü¥Ü¡A §_«h¤£¥i¥´¹w¨¾°w¡A ¬Ì­],,Do not receive vaccines contain live virus strains during treatment.,,,,102¦~²Ä¥|¦¸ÃÄ©e·|¨MÄ³§R°£,¤@¯ë,¤@¯ë,Äµ »y:ªA¥Î¦¹ÃÄ®É¡A°£«D±zªº¥DªvÂå®v«ü¥Ü¡A§_«h¤£¥i¥´¹w¨¾°w¡B¬Ì­],,,,,§_,1.0,,§_,§_,§_,³æ¤è,§_,¥i¥Î,¥i¥Î,¥i¿i,¬O,,1.00,1.00,1.00,1.00,999,999,1,1,18.00,18.00,0,0,,¦³¹Ï¤ù,,0,,0,,P02CE01,,,,,,,,,TAB,§_,°·«Oµ¹¥I,°·«Oµ¹¥I,LEVAMISOLE,P02CE01,BC05827100,§_,SolidDrugForm,ORTAB,,,,,,,,,PH047,202303141733,8.70,12.00
ODEF,20040401,99999999,°±¥Î,Defense 300mg,Defense 300mg,Cimetidine,PC,QID,ALIM,GI-01-03,¤fªA,TAB,Tagamet,«D²Õ®M,°±¥Î,,¤@¯ë¥i¥Î,¬O,¥i¥ÎÃÄ¥]¾÷,¥i¥Î,¤@¯ë,Á`¶q¶i¦ì,¾AÀ³¯g:­G©Î¤Q¤G«ü¸z¼ìºÅ¡B°f¬y©Ê­¹¹Dª¢,,Indication:Gastric ulcer¡A gastroesophageal reflux,,¥~ Æ[:®ç¬õ¦â¶ê§Î¿õ¾¯,Appearance:Pink round tablet,«K¯µ¡A ©Ê¥\¯à­°§C¡A ¸¡Âm,Constipation¡A decreased sexual ability¡A diarrhea,,¬Ò¥i¥Î,×¶¼ì¿õ,Defense 300mg,,,§_,¬O,,­Y¦P®É¨Ö¥Î§Ü¾®¦å¾¯warfarin¤§±wªÌ¡A ½Ð°È¥²§iª¾Âå®v,,Inform your doctor if you are taking warfarin.,,,,,¤@¯ë,¤@¯ë,Äµ »y:­Y¦P®É¨Ö¥Î§Ü¾®¦å¾¯warfarin¤§±wªÌ¡A ½Ð°È¥²§iª¾Âå®v,,,,,§_,1.0,,§_,§_,§_,³æ¤è,§_,¥i¥Î,¥i¥Î,¥i¿i,¬O,,1.00,1.00,2.00,2.00,999,999,1,1,9.00,9.00,0,0,,¦³¹Ï¤ù,,0,,0,,A02BA01,,,,,,,,,TAB,,°·«Oµ¹¥I,°·«Oµ¹¥I,CIMETIDINE,A02BA01,AC228361G0,§_,SolidDrugForm,ORTAB,,,,,,,,,PH047,202303141733,2.00,3.00
ODEL,20021111,99999999,¥i¥Î,Delamin 2mg,Delamin 2mg,Dexchlorpheniramine,PO,TID,HIMM,IM-01-00,¤fªA,TAB,Polaramine,«D²Õ®M,,,¤@¯ë¥i¥Î,¬O,¥i¥ÎÃÄ¥]¾÷,¥i¥Î,¤@¯ë,Á`¶q¶i¦ì,¾AÀ³¯g:½w¸Ñ¹L±Ó©Ê¯gª¬;»ó¶ë,,Indication:Treatment of allergic reaction.,,¥~ Æ[:¯»¬õ¦â¤T¨¤§Î¿õ¾¯¡A ¤@­±¦L¦³¤¤¥¡¨è²ª,Appearance:Pink triangle tablet,©ü©ü±ýºÎ¡A ¤f°®¡A ­Gµh©Îäú¤ß¡A ÀYµh¡A Åé­«¼W¥[,Sleepy; dryness of mouth; stomach pain¡A or nausea; headache; weight gain,,¬Ò¥i¥Î,¤O§J±Ó,Delamin 2mg,,,¬O,¬O,,³¡¤À¤H¨Ï¥Î«á¥i¯à¤Þ°_¯h­Â¡A µtºÎªº²{¶H,,May cause fatigue¡A sleepiness.,,,,,¤@¯ë,¤@¯ë,Äµ »y:³¡¤À¤H¨Ï¥Î«á¥i¯à¤Þ°_¯h­Â¡BµtºÎªº²{¶H,,,,,§_,1.0,,§_,¬O,§_,³æ¤è,§_,¥i¥Î,¥i¥Î,¥i¿i,¬O,,1.00,1.00,1.00,1.00,999,999,1,1,9.00,9.00,0.15,0.08,,¦³¹Ï¤ù,,0,,0,,R06AB02,,,,,,,,,TAB,§_,°·«Oµ¹¥I,°·«Oµ¹¥I,DEXCHLORPHENIRAMINE,R06AB02,A026559100,§_,SolidDrugForm,ORTAB,,,,,,,,,PH047,202303141733,0.27,2.00
ODEN,20060620,99999999,°±¥Î,Denosin 5mg,Denosin 5mg,Desloratadine,PO,QD,HIMM,IM-01-00,¤fªA,TAB,Denosin,«D²Õ®M,°±¥Î,,¤@¯ë¥i¥Î,¬O,¤£¥i¥ÎÃÄ¥]¾÷,¥i¥Î,¤@¯ë,Á`¶q¶i¦ì,¾AÀ³¯g:¬°§Ü²ÕÂ´ÓiÃÄ¡A¥Dªv»óª¢¡A¹L±Ó©Ê»óª¢¡AëC³Â¯l¡A»ó¶ëµ¥,,Indication:Treatment of allergic conditions.,,¥~ Æ[:¥Õ¦â¶ê§ÎÃÄ¿õ¡A ¤@­±¦L 33¡A ¤@­±¦LLO,Appearance:White round tablet,ÀYµh¡A·ÐÄ¼¤£¦w¡A¸¡Âm¡A¤W©I§l¹D·P¬V¡A«y¹Â,Headache¡A irritability¡A diarrhea¡A upper respiratory tract infection¡A cough,,¬Ò¥i¥Î,°±±Ó ½¤¦ç¿õ,Denosin 5mg,,,§_,¬O,,¥ÎÃÄ´Á¶¡À³Á×§K¶¼¥Î§t°sºë¶¼®Æ,,Avoid alcohol while taking medication.,,,,,¤@¯ë,¤@¯ë,Äµ »y¡G¥ÎÃÄ´Á¶¡À³Á×§K¶¼¥Î§t°sºë¶¼®Æ,,,,,§_,1.0,,§_,§_,§_,³æ¤è,§_,°±¥Î,°±¥Î,¥i¿i,¬O,,1.00,1.00,2.00,2.00,999,999,1,1,4.00,4.00,0,0,,¦³¹Ï¤ù,,0,,0,,R06AX27,,,,,,,,,TAB,§_,°·«Oµ¹¥I,°·«Oµ¹¥I,DESLORATADINE,R06AX27,AC45972100,§_,SolidDrugForm,ORTAB,,,,,,,,,PH047,202303141733,2.19,3.00
ODEP2,19960101,99999999,¥i¥Î,Depakine 200mg,Depakine 200mg,Valproate Sodium,PC,BID,CNEU,CN-03-01,¤fªA,TAB,Depakine,«D²Õ®M,,,¤@¯ë¥i¥Î,¬O,¤£¥i¥ÎÃÄ¥]¾÷,,¤@¯ë,Á`¶q¶i¦ì,¾AÀ³¯g:Åöíw¡A Ä¼¯f¡A ¹w¨¾Ä¼Æ{¯g¤Î±¡ºüÃ­©w,,Indication:Control seizure attacks¡A mood stabilizers.,,¥~ Æ[:¥Õ¦â¶ê§Î¸z·»¿õ,Appearance:White round tablet,¤ë¸g¶g´Á§ïÅÜ¡A ¸¡Âm¡A ±¼¾v¡A ¤âµo§Ý¡A ¶ÝºÎ¡A Åé­«§ïÅÜ,Menstrual change; diarrhea; hair loss; tremor; somnolence¡A weight change,,,«Ò©ÞÅö¸z·»¿õ 200 ²@§J,Depakine 200mg,,,¬O,§_,,¾ã²É§]ªA¡A ¤ÅÄZ¸H; ªAÃÄ«á¡A ½Ð¤p¤ß¶}¨®©Î¾Þ§@¦MÀI¾÷±ñ,,Swallow whole¡A do not chew. Be careful driving or operating machines.,,½Ð»PÂåÀø¤H­û°Q½×¨|ÄÖ°ü¤kªºÃÄª«®Ä¯q»P­L¨àªº¼ÉÅS­·ÀI,Carefully assess benefits in women of childbearing age and fetal exposure risks.,,¤@¯ë,¤@¯ë,Äµ »y¡G¾ã²É§]ªA¡A¤ÅÄZ¸H¡FªAÃÄ«á¡A½Ð¤p¤ß¶}¨®©Î¾Þ§@¦MÀI¾÷±ñ,SA «÷­µ¬Û¦ü,¤fªAÃÄ,,,§_,1.0,,§_,¬O,§_,³æ¤è,§_,¥i¥Î,¥i¥Î,¤£¥i¿i,¬O,,1.00,1.00,3.00,3.00,999,999,1,1,30.00,30.00,0,0,,¦³¹Ï¤ù,,0,,0,,N03AG01,,,,,0.20,g,1.50,g,TAB,§_,°·«Oµ¹¥I,°·«Oµ¹¥I,VALPROIC ACID,N03AG01,BC14899100,§_,SolidDrugForm,ECTAB,¦M®`¤G¯Å(¡I),,,,,,,,PH047,202305241705,2.75,4.00
ODEP5,19960101,99999999,¥i¥Î,DEPAKINE 500mg,DEPAKINE 500mg,Valproate Sodium,PC,BID,CNEU,CN-03-01,¤fªA,TAB,Depakine,«D²Õ®M,,,¤@¯ë¥i¥Î,¬O,¤£¥i¥ÎÃÄ¥]¾÷,,¤@¯ë,Á`¶q¶i¦ì,¾AÀ³¯g:Åöíw¡A Ä¼¯f¡A ¹w¨¾Ä¼Æ{¯g¤Î±¡ºüÃ­©w,,Indication:Control seizure attack¡A mania¡A mood stabilizers,,¥~ Æ[:¥Õ¦âªø¤è§ÎÃÄ¿õ¡A¨â­±¨è¤¤½u,Appearance:White rectangle tablet,¤ë¸g¶g´Á§ïÅÜ¡A ¸¡Âm¡A ±¼¾v¡A ¤âµo§Ý¡A ¶ÝºÎ¡A Åé­«§ïÅÜ,Menstrual change; diarrhea; hair loss; tremor; somnolence¡A weight change,,,«Ò©ÞÅö«ùÄò©ÊÃÄ®Ä½¤¦ç¿õ 500 ²@§J,DEPAKINE 500mg,,,¬O,§_,,¾ã²É§]ªA¡A ¤ÅÄZ¸H; ªAÃÄ«á¡A ½Ð¤p¤ß¶}¨®©Î¾Þ§@¦MÀI¾÷±ñ,,Swallow whole¡A do not chew. Be careful driving or operating machines,,½Ð»PÂåÀø¤H­û°Q½×¨|ÄÖ°ü¤kªºÃÄª«®Ä¯q»P­L¨àªº¼ÉÅS­·ÀI,Carefully assess benefits in women of childbearing age and fetal exposure risks.,,¤@¯ë,¤@¯ë,Äµ »y¡G¾ã²É§]ªA¡A¤ÅÄZ¸H¡FªAÃÄ«á¡A½Ð¤p¤ß¶}¨®©Î¾Þ§@¦MÀI¾÷±ñ,SA «÷­µ¬Û¦ü,¤fªAÃÄ,,,§_,1.0,,§_,¬O,§_,³æ¤è,§_,¥i¥Î,¥i¥Î,¤£¥i¿i,¬O,,1.00,1.00,2.00,2.00,999,999,1,1,12.00,12.00,0,0,,¦³¹Ï¤ù,,0,,0,,N03AG01,,,,,0.50,g,1.50,g,TAB,§_,°·«Oµ¹¥I,°·«Oµ¹¥I,VALPROIC ACID,N03AG01,BC22008100,§_,SolidDrugForm,ERTAB12,¦M®`¤G¯Å(¡I),,,,,,,,PH047,202303161420,5.90,8.00
ODEPY,20200318,99999999,¥i¥Î,Depyretin 500mg,Depyretin 500mg,Acetaminophen,PC,,CNEU,CN-01-05,¤fªA,TAB,Panadol,«D²Õ®M,,,¤@¯ë¥i¥Î,¬O,¥i¥ÎÃÄ¥]¾÷,¥i¥Î,¤@¯ë,Á`¶q¶i¦ì,¾AÀ³¯g:°h¿N¡A ¤îµh§@¥Î,,Indication:Relief of pain or fever,,¥~ Æ[:¶À¦â¾ò¶ê§Î¿õ¾¯¡AVPC/867 867¼Ð°O,Appearance:Yellow elliptic tablet¡A VPC/867 867 marked.,äú¤ß¡A ¹Ã¦R,Nausea; vomiting,,¬Ò¥i¥Î,±o¦Ê§Q¹ç¿õ500²@§J,Depyretin 500mg,,,,¬O,,¥ÎÃÄ´Á¶¡À³Á×§K¶¼¥Î§t°sºë¶¼®Æ,,Avoid alcohol while taking medication.,,,,2020/03[OFUCO]¯Ê³f´À¥N,¤@¯ë,¤@¯ë,Äµ »y¡G¥ÎÃÄ´Á¶¡À³Á×§K¶¼¥Î§t°sºë¶¼®Æ,,,0,0,§_,1.0,,§_,¬O,§_,³æ¤è,,¥i¥Î,¥i¥Î,¤£¥i¿i,¬O,,1.00,1.00,2.00,2.00,999,999,0,1,8.00,8.00,0.20,0.04,,¦³¹Ï¤ù,,0,,0,,N02BE01,,,,,0,,0,,TAB,,°·«Oµ¹¥I,°·«Oµ¹¥I,ACETAMINOPHEN,N02BE01,A020707100,,SolidDrugForm,ORTAB,,,0,,0,,,,PH073,202403121046,0.41,2.00
ODES,20050317,99999999,°±¥Î,Destone 540mg (5mEq),Destone 540mg (5mEq),Potassium Citrate,PO,,SGU,UR-05-00,¤fªA,TAB,DeStone,«D²Õ®M,°±¥Î,OCRAS,¤@¯ë¥i¥Î,¬O,¤£¥i¥ÎÃÄ¥]¾÷,¥i¥Î,¤@¯ë,Á`¶q¶i¦ì,¾AÀ³¯g:µÇ¥Û¯f,,,,¥~ Æ[:¥Õ¦â¶ê«ó§Î¿õ¾¯¡A ¤@­±¦LNK¡A ¤@­±¦LK5,Appearance:White Round Tablet,,,,¬Ò¥i¥Î,¥h¥Û¹ç¿õ,Destone 540mg (5mEq),,,§_,¬O,,,,,,,,,¤@¯ë,¤@¯ë,Äµ »y¡G¾ã²É§]ªA¡A¤ÅÄZ¸H¡FªAÃÄ«á¡A½Ð¤p¤ß¶}¨®©Î¾Þ§@¦MÀI¾÷±ñ,,,,,§_,1.0,,§_,§_,§_,³æ¤è,§_,°±¥Î,¥i¥Î,¥i¿i,¬O,,1.00,1.00,4.00,4.00,999,999,1,1,0,0,0,0,,µL¹Ï¤ù,,0,,0,,,,,,,,,,,TAB,,°·«Oµ¹¥I,°·«Oµ¹¥I,POTASSIUM CITRATE,G04BC,AC41577100,§_,SolidDrugForm,ORTAB,,,,,,,,,PH047,202303141733,4.93,6.00
ODET,20020110,99999999,¥i¥Î,Detrusitol 2mg,Detrusitol 2mg,Tolterodine,PO,,SGU,UR-04-00,¤fªA,TAB,Detrusitol,«D²Õ®M,,,¤@¯ë¥i¥Î,¬O,¤£¥i¥ÎÃÄ¥]¾÷,±ø¥ó¤Uµ¹¥I,¤@¯ë,Á`¶q¶i¦ì,¾AÀ³¯g:ªvÀø¦ñ¦³«æ§¿¡BÀW§¿©Î«æ­¢©Ê§¿¥¢¸T¯gª¬ªº»H¯Ö¹L°Ê¯g¡C,,Indication:Overactive bladder with urge incontinence,,¥~ Æ[:¥Õ¦â¶ê«ó§Î¿õ¾¯¡A¤W¦³DT¼Ð¥Ü.,Appearance:White round tablet¡A with DT marked.,µøÄ±¤£¥¿±`¡A ¤f°®¡A ®ø¤Æ¤£¨}¡A´î¤Ö²\²G¤Àªc,Abnormal vision¡A dry mouth¡A dyspepsia¡A reduce secretion of tears,,¬Ò¥i¥Î,±oµÎ§´¿õ2²@§J,Detrusitol 2mg,,,¬O,¬O,,¦p»Ý¨Ï¥Î§Ü¥Í¯À½Ð§i¶DÂå®v¥¿¦b¨Ï¥Î¥»ÃÄ,À³Á×§K¶}¨®¡B¾Þ§@¾÷±ñ,Tell your doctor you are taking this medicine If antibiotics are needed.,Avoid doing anything that could be dangerous( ex. driving).,Á×§K¥Î©ó§¿²Gº¢¯d¤Î¥¼±±¨îªº¯U¨¤«C¥ú²´±wªÌ,Avoid using for urinary retention¡A uncontrolled narrow angle glaucoma.,2022Q3ÃÄ©e·|·s¶i¡A¤p¨à¬ì¤p¾¯¶q»Ý¨D,¤@¯ë,¤@¯ë,¦p»Ý¨Ï¥Î§Ü¥Í¯À½Ð§i¶DÂå®v¥¿¦b¨Ï¥Î¥»ÃÄ.À³Á×§K¶}¨®¡A¾Þ§@¾÷±ñ.,,,,,§_,1.0,,§_,¬O,§_,³æ¤è,§_,¥i¥Î,¥i¥Î,¥i¿i,¬O,,1.00,1.00,1.00,1.00,99,99,1,1,2.00,2.00,0.20,0.20,,¦³¹Ï¤ù,,0,,0,,G04BD07,,,,,,,,,TAB,,°·«Oµ¹¥I,°·«Oµ¹¥I,TOLTERODINE,G04BD07,BC22783100,§_,SolidDrugForm,ORTAB,,,,,,,,,PH047,202309081652,6.80,10.00
ODET4,20050317,99999999,¥i¥Î,DETRUSITOL SR 4mg prolonged-release,DETRUSITOL SR 4mg prolonged-release,Tolterodine,PO,QD,SGU,UR-04-00,¤fªA,CAP,Detrusitol,«D²Õ®M,,,¤@¯ë¥i¥Î,¬O,¤£¥i¥ÎÃÄ¥]¾÷,±ø¥ó¤Uµ¹¥I,¤@¯ë,Á`¶q¶i¦ì,¾AÀ³¯g:»H¯Ö¹L°Ê¯g,,Indication:Overactive bladder with urge incontinence,,¥~ Æ[:ÂÅ¦âªø¶ê¬W§Îµw½¦Ån¡A ¦L¦³4¤Î¤H§Î,Appearance:Blue hard capsule,µøÄ±¤£¥¿±`¡A ¤f°®¡A ®ø¤Æ¤£¨}¡A´î¤Ö²\²G¤Àªc,Abnormal vision¡A dry mouth¡A dyspepsia¡A reduce secretion of tears,,¬Ò¥i¥Î,±oµÎ§´«ùÄò½¦Ån,DETRUSITOL SR 4mg,,,¬O,§_,,¤£¥i»P¸²µå¬c¥Ä©Î¬õÅð¯À¨ÖªA,À³Á×§K¶}¨®¡B¾Þ§@¾÷±ñ,Avoid grapefruit juice or erythromycin.,1. Avoid doing anything that could be dangerous( ex. driving).,Á×§K¥Î©ó§¿²Gº¢¯d¤Î¥¼±±¨îªº¯U¨¤«C¥ú²´±wªÌ,Avoid using for urinary retention¡A uncontrolled narrow angle glaucoma.,,¤@¯ë,¤@¯ë,Äµ »y:¤£¥i»P¸²µå¬c¥Ä©Î¬õÅð¯À¨ÖªA,,,,,§_,1.0,,§_,¬O,§_,³æ¤è,§_,¥i¥Î,¥i¥Î,¤£¥i¿i,¬O,,1.00,1.00,1.00,1.00,999,999,1,1,2.00,2.00,0,0,,¦³¹Ï¤ù,,0,,0,,G04BD07,,,,,,,,,CAP,,°·«Oµ¹¥I,°·«Oµ¹¥I,TOLTERODINE,G04BD07,BC23568100,§_,SolidDrugForm,ERCAP12,,,,,,,,,PH047,202303141733,22.00,29.00
ODEU,19960101,99999999,°±¥Î,Deuron 50mg,Deuron 50mg,Benzbromarone,PO,QD,CNEU,CN-01-04,¤fªA,TAB,Urinorm,«D²Õ®M,°±¥Î,OGOU,¤@¯ë¥i¥Î,¬O,¥i¥ÎÃÄ¥]¾÷,,¤@¯ë,Á`¶q¶i¦ì,¾AÀ³¯g:¬°­°§¿»Ä¾¯,,Treatment of hyperuricemia & gout,,¥~ Æ[:¥Õ¦â¶ê«ó§Î¿õ¾¯¡A ¦LDU,Appearance:White Round Tablet,,,,,ªv­·µh¿õ,Deuron 50mg,,,§_,¬O,,,,,,,,,¤@¯ë,¤@¯ë,Äµ »y:ªø´Á§ë»PÀ³¯d·N¨xÅ¦¥\¯àÅÜ¤Æ¡A¤Å¶¼°s¡C,,,,,§_,1.0,,§_,§_,§_,³æ¤è,§_,°±¥Î,¥i¥Î,¥i¿i,¬O,,1.00,1.00,4.00,4.00,999,999,30,1,0,0,0,0,,µL¹Ï¤ù,,0,,0,,,,,,,,,,,TAB,§_,°·«Oµ¹¥I,°·«Oµ¹¥I,BENZBROMARONE,M04AB03,A029805100,§_,SolidDrugForm,ORTAB,,,,,,,,,PH047,202303141733,1.90,3.00
ODEX,19960101,99999999,°±¥Î,Dexicone 40mg,Dexicone 40mg,Simethicone,PC,QID,ALIM,GI-06-00,¤fªA,TAB,Gascon,«D²Õ®M,°±¥Î,OKAS4,¤@¯ë¥i¥Î,¬O,¥i¥ÎÃÄ¥]¾÷,¥i¥Î,¤@¯ë,Á`¶q¶i¦ì,¾AÀ³¯g:¥Dªv­G¸zµÈ®ð,,Indication:Antiflatulent for functional bowel disorders.,,¥~ Æ[:¥Õ¦âÂù¥Y¶ê§ÎÃÄ¿õ,Appearance:White round tablet,¤j¾¯¶q·|¤Þ°_¸z­G¤£¾A,GI complaints at high doses.,,,®ð³q,Dexicone 40mg,,,§_,¬O,,½Ð¿í·ÓÂå®v«ü¥Ü¨Ï¥Î¡A ­Yµo¥ÍºÃ¦üÃÄª«¤£¨}¤ÏÀ³½Ð§iª¾Âå¥Í,,Follow doctor's advice. Check with doctor if you notice any side effects.,,,,,¤@¯ë,¤@¯ë,Äµ »y:½Ð¿í·ÓÂå®v«ü¥Ü¨Ï¥Î¡A­Yµo¥ÍºÃ¦üÃÄª«¤£¨}¤ÏÀ³½Ð§iª¾Âå¥Í¡C,,,,,§_,1.0,,§_,§_,§_,³æ¤è,§_,¥i¥Î,¥i¥Î,¥i¿i,¬O,,1.00,1.00,2.00,2.00,999,999,0,1,36.00,36.00,0.31,0.07,,¦³¹Ï¤ù,,0,,0,,A03AX13,,,,,,,,,TAB,§_,°·«Oµ¹¥I,°·«Oµ¹¥I,DIMETHICONE,A03AX13,N000181100,§_,SolidDrugForm,ORTAB,,,,,,,,,PH047,202303141734,0.29,2.00
ODEXA,20040901,99999999,°±¥Î,Dexamethasone 0.5mg,Dexamethasone 0.5mg,Dexamethasone,PO,,HM,HR-01-00,¤fªA,TAB,Dexamethasone,«D²Õ®M,°±¥Î,,¤@¯ë¥i¥Î,¬O,¥i¥ÎÃÄ¥]¾÷,¥i¥Î,¤@¯ë,Á`¶q¶i¦ì,¾AÀ³¯g:®ð³Ý¡BÃö¸`ª¢¡B¹L±Ó©Ê¯e¯fµ¥,,Treatment of asthma¡A arthritis¡A allergic disorders,,¥~Æ[¡G¯»¬õ¦âª½®|5mm¶ê«¬¿õ¾¯¡A¼Ð°OW/202,Appearance:Pink Round Tablet,,,,¬Ò¥i¥Î,ªº«b¬ü«bªQ,Dexamethasone 0.5mg,,,§_,¬O,,,,,,,,,¤@¯ë,¤@¯ë,Äµ »y:½Ð¿í·ÓÂå®v«ü¥Ü¥ÎÃÄ¡A¤Å¦Û¦æ§ó§ï¾¯¶q©Î¥ÎÃÄ®É¶¡¡C,,,,,§_,1.0,,§_,§_,§_,³æ¤è,§_,¥i¥Î,¥i¥Î,¥i¿i,¬O,,1.00,1.00,16.00,16.00,999,999,1,1,0,0,0,0,,µL¹Ï¤ù,,0,,0,,H02AB02,,,,,,,,,TAB,,°·«Oµ¹¥I,°·«Oµ¹¥I,DEXAMETHASONE,H02AB02,A014183100,§_,SolidDrugForm,ORTAB,,,,,,,,,PH047,202303141734,0.60,2.00
ODEXI,20140317,99999999,¥i¥Î,Dexilant delay-release 60mg,Dexilant delay-release 60mg,Dexlansoprazole,PO,QD,ALIM,GI-01-02,¤fªA,CAP,Dexilant,«D²Õ®M,,,¤@¯ë¥i¥Î,¬O,¤£¥i¥ÎÃÄ¥]¾÷,±ø¥ó¤Uµ¹¥I,¤@¯ë,Á`¶q¶i¦ì,¾AÀ³¯g:ªvÀø°f¬y©Ê­¹¹Dª¢¡C,,Indication:Treatment of reflux esophagitis.,,¥~ Æ[:ÂÅªø¶ê¬W§Îµw½¦Ån¡A¦L¦³TAP©M60ªº¦r¼Ë¡C,Appearance:Blue hard capsule,¸¡Âm¡A¸¡µh¡Aäú¤ß¡A¤W©I§l¹D·P¬V¡A¹Ã¦R©MµÈ®ð,Diarrhea¡A abdominal pain¡A nausea¡A upper resp tract infection¡A vomiting¡A flatule,,¬Ò¥i¥Î,±o³ß­G³q ½wÄÀ½¦Ån,Dexilant 60mg,,,§_,¬O,,¥i¯à°©§é¡A¦³¯gª¬©ÎµL¯gª¬ªº§CÁâ¦å¯g¡C,,May bone fracture¡A symptomatic or asymptomatic hypomagnesemia.,,ªAÃÄ´Á¶¡­Y¥X²{ÄY­«¤ôÂm¡B¸¡µh©Îµo¿Nµ¥±¡§Î¡AÀ³¾¨³t¦^¶E´NÂå¡C,,,¤@¯ë,¤@¯ë,Äµ »y:À³¾ã²É§]ªA¡A¤Á¤Å«rÄZ©ÎÀ£¸H,,,0,0,§_,1.0,,§_,¬O,§_,³æ¤è,§_,¥i¥Î,¥i¥Î,¤£¥i¿i,¬O,,1.00,1.00,5.00,5.00,999,999,7,1,5.00,5.00,0,0,,¦³¹Ï¤ù,,0,,0,,A02BC06,,,,,,,,,CAP,,°·«Oµ¹¥I,°·«Oµ¹¥I,DEXLANSOPRAZOLE,A02BC06,BC25887100,§_,SolidDrugForm,ERCAP24,,,,,,,,,PH047,202305121108,9.70,14.00
ODIA,20140304,99999999,°±¥Î,Diazepam 2mg,Diazepam 2mg,Diazepam,PO,BID,CNEU,CN-02-02,¤fªA,TAB,Valium,«D²Õ®M,°±¥Î,ODIA2,¤@¯ë¥i¥Î,¬O,¤£¥i¥ÎÃÄ¥]¾÷,¥i¥Î,¤@¯ë,Á`¶q¶i¦ì,¾AÀ³¯g:µJ¼{ª¬ºA¡A ¥¢¯v¡A ¦Ù¦×µjÅË¡A À°§U¤º¦Õ´`Àô¤Î¨ä¥L,,Indication:Relieve anxious¡A relax muscle.,,¥~ Æ[:ÂÅ¦â¶ê§Î¿õ¾¯¡A ¾Tºä¤ù¸Ë,Appearance:Blue color round tablet,¸}¨B²Â©å©Î¤£Ã­¡A ÀY·w¡A ©ü©ü±ýºÎ¡A ¤f¾¦¤£²M¡A ­¹¼¤§ïÅÜ,Clumsiness or unsteadiness; dizzy; sleepy; unclear speaking; appetite changes,,¬Ò¥i¥Î,·ÐÀR,Diazepam,,,¬O,¬O,,ªAÃÄ«á¡A ½Ð¤Å¶}¨®©Î¾Þ§@¦MÀI¾÷±ñ; ¤Å¶¼°s,,Be careful driving or operating machinery. Avoid alcohol.,,­¹ª«¥æ¤¬§@¥Î: ªAÃÄ´Á¶¡Á×§K­¹¥Î¸²µå¬c¥Ä»P¶¼°s,Food interaction: Avoid grapefruit juice and alcohol.,2015¦~²Ä¤@¦¸ÃÄ©e·|³q¹L§R°£,¤@¯ë,¥|¯ÅºÞ¨î,Äµ »y:ªAÃÄ«á¡A½Ð¤Å¶}¨®©Î¾Þ§@¦MÀI¾÷±ñ¡F¤Å¶¼°s,­¹ ­¹ª«¥æ¤¬,,0,0,§_,1.0,,§_,§_,§_,³æ¤è,§_,°±¥Î,¥i¥Î,¥i¿i,¬O,,1.00,1.00,5.00,5.00,30,30,1,1,30.00,30.00,0,0,,¦³¹Ï¤ù,,0,,0,,N05BA01,,,,,,,,,TAB,§_,°·«Oµ¹¥I,°·«Oµ¹¥I,DIAZEPAM,N05BA01,AC305071G0,§_,SolidDrugForm,ORTAB,,,,,,,,,PH047,202303141734,2.00,3.00
ODIA2,20150211,99999999,¥i¥Î,·í¥ß¥­Diapin 2mg,Diapin 2mg,Diazepam,PO,HS,CNEU,CN-02-02,¤fªA,TAB,Valium,«D²Õ®M,,,¤@¯ë¥i¥Î,¬O,¤£¥i¥ÎÃÄ¥]¾÷,¥i¥Î,¤@¯ë,Á`¶q¶i¦ì,¾AÀ³¯g:µJ¼{ª¬ºA¡A ¥¢¯v¡A ¦Ù¦×µjÅË,,Indication:Relieve anxious¡A relax muscle.,,¥~ Æ[:¥Õ¦â¶ê§Î¿õ¾¯,Appearance:white color round tablet,¸}¨B²Â©å©Î¤£Ã­¡A ÀY·w¡A ©ü©ü±ýºÎ¡A ¤f¾¦¤£²M¡A ­¹¼¤§ïÅÜ,Clumsiness or unsteadiness; dizzy; sleepy; unclear speaking; appetite changes,,¬Ò¥i¥Î,·í¥ß¥­¿õ,Diapin 2mg,,,¬O,¬O,,ªAÃÄ«á¡A ½Ð¤Å¶}¨®©Î¾Þ§@¦MÀI¾÷±ñ; ¤Å¶¼°s,,Be careful driving or operating machinery. Avoid alcohol.,,­¹ª«¥æ¤¬§@¥Î: ªAÃÄ´Á¶¡Á×§K­¹¥Î¸²µå¬c¥Ä»P¶¼°s,Food interaction: Avoid grapefruit juice and alcohol.,2015¦~²Ä¤@¦¸ÃÄ©e·|³q¹L·s¶i¨ú¥N,¤@¯ë,¥|¯ÅºÞ¨î,Äµ »y:ªAÃÄ«á¡A½Ð¤Å¶}¨®©Î¾Þ§@¦MÀI¾÷±ñ¡F¤Å¶¼°s,LA/­¹ ¥~Æ[/­¹ª«,,0,0,§_,1.0,,§_,¬O,§_,³æ¤è,§_,¥i¥Î,¥i¥Î,¤£¥i¿i,¬O,,1.00,1.00,5.00,5.00,30,30,1,1,30.00,30.00,0.50,0.20,,¦³¹Ï¤ù,,0,,0,,N05BA01,,,,,0,,0,,TAB,§_,°·«Oµ¹¥I,°·«Oµ¹¥I,DIAZEPAM,N05BA01,AC000591G0,§_,SolidDrugForm,ORTAB,,,,,,,,,PH047,202401151853,2.00,3.00
ODIA3,20030623,99999999,°±¥Î,Diamicron MR 30mg,Diamicron MR 30mg,Gliclazide,AC15,QD,META,ME-02-01,¤fªA,TAB,Diamicron,«D²Õ®M,°±¥Î,OGLI3,¤@¯ë¥i¥Î,¬O,¤£¥i¥ÎÃÄ¥]¾÷,¥i¥Î,¤@¯ë,Á`¶q¶i¦ì,¾AÀ³¯g:²Ä¤G«¬¿}§¿¯f,,Indication:Treatment of type 2 diabetes,,¥~ Æ[:¥Õ¦âªø¾ò¶ê§ÎÃÄ¿õ¡A ¤@­±¦L¦³DIA 30¨è²ª,Appearance:White Elliptic Tablet,§C¦å¿}¯gª¬(µø¤O¼Ò½k¡B«_§N¦½¡B½§¦â»a¥Õ¡B¶ÝºÎ)¡A Åé­«²§±`¼W¥[,Low blood sugar (blurred vision¡A cold sweats¡A cool pale skin¡A sleepy); unusual w,,¬Ò¥i¥Î,©§»e§JÀs,Diamicron MR 30mg,,,§_,¬O,,¥i¯à¤Þ°_§C¦å¿}¯gª¬(µø¤O¼Ò½k¡B«_§N¦½)¡A Åé­«²§±`¼W¥[,,May cause low blood sugar (blurred vision¡A cold sweats); unusual weight gain,,Avoid ethanol (may cause hypoglycemia).,ªAÃÄ´Á¶¡Á×§K¶¼°s (¥i¯à¼W¥[§C¦å¿}ªº¦MÀI)¡C,,¤@¯ë,¤@¯ë,Äµ »y:¥i¯à¤Þ°_§C¦å¿}¯gª¬(µø¤O¼Ò½k¡B«_§N¦½)¡AÅé­«²§±`¼W¥[,,,,,§_,1.0,,§_,§_,§_,³æ¤è,§_,¥i¥Î,¥i¥Î,¤£¥i¿i,¬O,,1.00,1.00,4.00,4.00,999,99,1,1,0,0,0,0,,¦³¹Ï¤ù,,0,,0,,A10BB09,,,,,,,,,TAB,,°·«Oµ¹¥I,°·«Oµ¹¥I,GLICLAZIDE,A10BB09,BB23503100,§_,SolidDrugForm,ERTAB12,,,,,,,,,PH047,202303141734,2.34,4.00
ODIA6,20110314,99999999,°±¥Î,DIAMICRON MR 60mg,DIAMICRON MR 60mg,Gliclazide,AC15,QD,META,ME-02-01,¤fªA,TAB,Diamicron,«D²Õ®M,°±¥Î¡A¥i¬dÃþ¦üÃÄ,,¤@¯ë¥i¥Î,¬O,¤£¥i¥ÎÃÄ¥]¾÷,¥i¥Î,¤@¯ë,Á`¶q¶i¦ì,¾AÀ³¯g:²Ä¤G«¬¿}§¿¯f,,Indication:Treatment of type 2 diabetes,,¥~ Æ[:¥Õ¦âªø¾ò¶ê§ÎÃÄ¿õ¡A¤@­±¦L¦³DIA 60¨è²ª,Appearance:White Elliptic Tablet,§C¦å¿}¯gª¬(µø¤O¼Ò½k¡B«_§N¦½¡B½§¦â»a¥Õ¡B¶ÝºÎ)¡AÅé­«²§±`¼W¥[,Low blood sugar (blurred vision¡A cold sweats¡A cool pale skin¡A sleepy); unusual w,,¬Ò¥i¥Î,©§»e§JÀs,DIAMICRON MR 60mg,,,§_,¬O,,,,,,,,,¤@¯ë,¤@¯ë,Äµ »y:¥i¯à¤Þ°_§C¦å¿}¯gª¬(µø¤O¼Ò½k¡B«_§N¦½)¡AÅé­«²§±`¼W¥[,,,,,§_,1.0,,§_,§_,§_,³æ¤è,§_,°±¥Î,¥i¥Î,¤£¥i¿i,¬O,,1.00,1.00,2.00,2.00,99,99,1,1,0,0,0,0,,¦³¹Ï¤ù,,0,,0,,,,,,,,,,,TAB,,°·«Oµ¹¥I,°·«Oµ¹¥I,GLICLAZIDE,A10BB09,BB25266100,§_,SolidDrugForm,ERTAB,,,,,,,,,PH047,202303141734,2.91,4.00
ODIAM,19960101,99999999,°±¥Î,Diamox 250mg,Diamox 250mg,Acetazolamide,PO,,CAVS,CV-03-05,¤fªA,TAB,Diamox,«D²Õ®M,°±¥Î,OACET,¤@¯ë¥i¥Î,¬O,¥i¥ÎÃÄ¥]¾÷,,¤@¯ë,Á`¶q¶i¦ì,¾AÀ³¯g:²´À£¹L°ª¡B«C¥ú²´µ¥¯gª¬,,Indication: Edema¡A open angle glaucoma.,,¥~ Æ[:¥Õ¦â¶ê«ó§Î¿õ¾¯,Appearance:White Round Tablet,,,,,¤¦¤ì´µ¤ù,Diamox 250mg,,,§_,¬O,,,,,,,,,¤@¯ë,¤@¯ë,Äµ »y:¥i¯à·|¼W¥[±j¤ßÃÄ(¦p Digoxin)ªº¬r©Ê¡A­Y¨Ö¥Î®É»Ý¯S§O¯d·N,,,,,§_,1.0,,§_,§_,§_,³æ¤è,§_,¥i¥Î,¥i¥Î,¥i¿i,¬O,,1.00,1.00,999.00,999.00,999,999,1,1,0,0,0,0,,µL¹Ï¤ù,,0,,0,,,,,,,,,,,TAB,§_,°·«Oµ¹¥I,°·«Oµ¹¥I,ACETAZOLAMIDE,S01EC01,N003608100,§_,SolidDrugForm,ORTAB,,,,,,,,,PH047,202303141734,3.58,5.00
ODIAN,19960101,99999999,¥i¥Î,Diane 35 (21 tablets/box),Diane 35 (21 tablets/box),Cyproterone Acetate + Ethinylestradiol,PO,QD,HM,CT-01-00,¤fªA,TAB,Diane 35,«D²Õ®M,,,¤@¯ë¥i¥Î,¬O,¤£¥i¥ÎÃÄ¥]¾÷,,¤@¯ë,Á`¶q¶i¦ì,¾AÀ³¯g:¥D­n¥Î©óÁ×¥¥¤Î­°§C¶¯©Ê¯À,,Indication:Androgen-related diseases in women¡A contraceptive,,¥~ Æ[:¾Tºä¥]¸Ë,Appearance:Light yellow round tablet,äú¤ß¡A ¸¡µh¡A Åé­«¼W¥[¡A ÀYµh¡A §íÆ{¡A ¨Å©ÐµÈµh,Nausea¡A abdominal pain; weight increased; headache; depressed mood¡A breast tende,,¥u¥Î©óªù¶E¤Î¦í°|STAT,ÂLÄR¦w,Diane 35 (21 tablets/box),,,§_,¬O,,ÃÄ«~¨Ï¥Î´Á¶¡¥i¯à¼È¦³äú¤ß¡A ¹Ã¦R©Î·w¯t²{¶H,,May cause nausea¡A vomiting or dizziness temporarily .,,³Æµù: ¤Å¥Î©ó¥¼ª¾­ì¦]ªº³±¹D¥X¦å¡A ¤wª¾©Î·Ç³ÆÃh¥¥°ü¤k,Undiagnosed vag bleeding. Known or suspected pregnancy.,,¤@¯ë,¤@¯ë,Äµ »y:ÃÄ«~¨Ï¥Î´Á¶¡¥i¯à¼È¦³äú¤ß¡B¹Ã¦R©Î·w¯t²{¶H,,,,,§_,21.0,,§_,¬O,§_,½Æ¤è,§_,¥i¥Î,¥i¥Î,¤£¥i¿i,§_,,1.00,1.00,1.00,1.00,999,999,21,21,3.00,3.00,0,0,,¦³¹Ï¤ù,,0,,0,,G03HB01,G03CA01,G03HA01,,,,,,,TAB,§_,°·«Oµ¹¥I,°·«Oµ¹¥I,CYPROTERONE 2MG + ESTRADIOL 35MCG,G03HB01,BC22877100,§_,SolidDrugForm,ORTAB,¦M®`¤@¯Å(¡I¡I),,,,,,,,PH047,202303141734,6.90,10.00
ODIBO,20181025,99999999,¥i¥Î,Dibose 100mg,Dibose 100mg,Acarbose,WM,TID,META,ME-02-04,¤fªA,TAB,Glucobay,«D²Õ®M,,,¤@¯ë¥i¥Î,¬O,¤£¥i¥ÎÃÄ¥]¾÷,±ø¥ó¤Uµ¹¥I,¤@¯ë,Á`¶q¶i¦ì,¾AÀ³¯g:«D¯Ø®q¯À¨Ì¿à«¬¿}§¿¯f¤§ªvÀø¡C,,Indication:Treatment of type 2 diabetes mellitus.,,¥~ Æ[:¶À¦â¾ò¶ê§Î¿õ¾¯¡A ¦L¦³411,Appearance:Yellow elliptic tablet; Markings:411,¸¡µh©Î­Gµh¡A ­G¸zµÈ®ð¡A ¸¡Âm¡A ëC³Â¯l,Abdominal or stomach pain; bloated stomach or gas; diarrhea;urticaria,,¬Ò¥i¥Î,§J¦å¿}½¤¦ç¿õ,Dibose 100mg,,,,¬O,,ªAÃÄ´Á¶¡¥i¯à·|¦³¸¡µh¡A ¸¡Âm©Î¸¡µÈªº²{¶H,,May cause abdominal pain¡A diarrhea and flatulence.,,¥ÎÀ\®É»P«e¼Æ¤f­¹ª«¤@°_«r¸H§]¤U,Administer with the first bite of each main meal.,2018.10¤ë¼È®É´À¥NGlucobay 100mg,¤@¯ë,¤@¯ë,Äµ»y: ªAÃÄ´Á¶¡¥i¯à·|¦³¸¡µh¡B¸¡Âm©Î¸¡µÈªº²{¶H,,,0,0,§_,1.0,,§_,¬O,§_,³æ¤è,§_,¥i¥Î,¥i¥Î,¥i¿i,¬O,,1.00,1.00,2.00,2.00,999,999,1,1,6.00,6.00,0,0,,¦³¹Ï¤ù,,0,,0,,A10BF01,,,,,0,,0,,TAB,§_,°·«Oµ¹¥I,°·«Oµ¹¥I,ACARBOSE,A10BF01,AC48855100,§_,SolidDrugForm,ORTAB,,,0,,0,mL,,,PH047,202402121333,4.32,6.00
ODIC1,20011122,99999999,¥i¥Î,Diclofenac 100mg S.R. F.C.,Diclofenac 100mg S.R. F.C.,Diclofenac,PC,QD,CNEU,CN-01-02,¤fªA,TAB,Voren,«D²Õ®M,,,¤@¯ë¥i¥Î,¬O,¥i¥ÎÃÄ¥]¾÷,¥i¥Î,¤@¯ë,Á`¶q¶i¦ì,¾AÀ³¯g:¨ã¸Ñ¼ö¡A Âíµh¡A ®øª¢§@¥Î,,Indication:Relief of pain¡A inflammation & fever.,,¥~ Æ[:²H¬õ¦â¶ê«ó§Î¿õ¾¯,Appearance:Pink round tablet,¥Ö½§¬õ¯l,Skin rash,,¬Ò¥i¥Î,¹F¬¥ªx«ùÄò¿õ,Diclofenac 100mg,,,§_,§_,,­Yµo¥Í³ïµh¡B¤fµÄ/ÂH½¤¼ìÄê¡BÄY­«¹L±Ó©Îµo¯lµ¥¤£¾A¯gª¬¡A À³§Y°±ÃÄ¨Ã½Ð±ÐÂå®v,,Report to doctor¡A if any sore throat¡A mouth ulcers or skin rash occur.,,³Æµù: ±µ¨ü¥ô¦ó¤â³N©Î©Þ¤ú«e¡A ½Ð§iª¾Âå®v¥¿¦bªA¥Î¥»ÃÄ,Inform if you are taking this medication prior to any surgery (including dental),,¤@¯ë,¤@¯ë,Äµ »y: ­Yµo¥ÍÄY­«¹L±Ó©Îµo¯lµ¥¤£¾A¯gª¬¡AÀ³§Y°±ÃÄ¨Ã½Ð±ÐÂå®v,,,,,§_,1.0,,§_,¬O,§_,³æ¤è,§_,¥i¥Î,¥i¥Î,¤£¥i¿i,¬O,,1.00,1.00,1.00,1.00,999,999,0,1,2.00,2.00,0.03,0.03,,¦³¹Ï¤ù,,0,,0,,M01AB05,,,,,,,,,TAB,§_,°·«Oµ¹¥I,°·«Oµ¹¥I,DICLOFENAC,M01AB05,AB43837100,§_,SolidDrugForm,ERTAB12,,,,,,,,,PH047,202401151857,2.13,3.00
ODIF,19960101,99999999,¥i¥Î,Diflucan 150mg,Diflucan 150mg,Fluconazole,PO,QD,QANB,AI-02-00,¤fªA,CAP,Diflucan,«D²Õ®M,,,¤@¯ë¥i¥Î,¬O,¤£¥i¥ÎÃÄ¥]¾÷,±ø¥ó¤Uµ¹¥I,¤@¯ë,Á`¶q¶i¦ì,¾AÀ³¯g:Åðµß·P¬V,,Indication:Antifungal agent.,,¥~ Æ[:ÂÅ¦âªø¶ê¬W§Îµw½¦Ån,Appearance:Blue cylinder hard capsule,äú¤ß¡A ¸¡µh. ¸¡Âm,Nausea¡A abdominal pain¡A diarrhea.,,,®õ´_ªÖ½¦Ån,Diflucan 150mg,,,§_,¬O,,­Yµo¥ÍÄY­«¹L±Ó©Îµo¯lµ¥¤£¾A¯gª¬¡A À³§Y°±ÃÄ¨Ã½Ð±ÐÂå®v,,Report to doctor¡A if any severe hypersensitivity or skin rash occur.,,³Æµù: ­Y¯gª¬¼Æ¤é¤º¥¼§ïµ½©Î§óÄY­«¡A ½Ð§iª¾Âå®v,If your symptoms do not improve within a few days¡A or become worse¡A tell doctor,,¤@¯ë,¤@¯ë,Äµ »y: ­Yµo¥ÍÄY­«¹L±Ó©Îµo¯lµ¥¤£¾A¯gª¬¡AÀ³§Y°±ÃÄ¨Ã½Ð±ÐÂå®v,,¤fªAÃÄ,,,§_,1.0,,§_,¬O,§_,³æ¤è,§_,¥i¥Î,¥i¥Î,¥i¿i,¬O,,1.00,1.00,3.00,3.00,28,7,1,1,8.00,8.00,0.08,0.08,,¦³¹Ï¤ù,,0,,0,,J02AC01,,,,,0.15,g,0.20,g,CAP,§_,°·«Oµ¹¥I,°·«Oµ¹¥I,FLUCONAZOLE,J02AC01,BC21676100,§_,SolidDrugForm,ORCAP,¦M®`¤G¯Å(¡I),,,,,,,,PH047,202402150508,50.00,65.00
ODIF5,20151215,99999999,°±¥Î,Diflucan 50mg,Diflucan 50mg,Fluconazole,PO,,QANB,AI-02-00,¤fªA,CAP,Diflucan,«D²Õ®M,°±¥Î,,¤@¯ë¥i¥Î,¬O,¤£¥i¥ÎÃÄ¥]¾÷,±ø¥ó¤Uµ¹¥I,¤@¯ë,Á`¶q¶i¦ì,¾AÀ³¯g:Åðµß·P¬V,,Indication:Antifungal agent.,,¥~ Æ[:¥Õ¦âªø¶ê¬W§Îµw½¦Ån,Appearance:White cylinder hard capsule,äú¤ß¡A ¸¡µh. ¸¡Âm,Nausea¡A abdominal pain¡A diarrhea.,,¬Ò¥i¥Î,®õ´_ªÖ½¦Ån,Diflucan 50mg,,,,¬O,,­Yµo¥ÍÄY­«¹L±Ó©Îµo¯lµ¥¤£¾A¯gª¬¡A À³§Y°±ÃÄ¨Ã½Ð±ÐÂå®v,,Report to doctor¡A if any severe hypersensitivity or skin rash occur.,,³Æµù: ­Y¯gª¬¼Æ¤é¤º¥¼§ïµ½©Î§óÄY­«¡A ½Ð§iª¾Âå®v,If your symptoms do not improve within a few days¡A or become worse¡A tell doctor,,¤@¯ë,¤@¯ë,Äµ »y: ­Yµo¥ÍÄY­«¹L±Ó©Îµo¯lµ¥¤£¾A¯gª¬¡AÀ³§Y°±ÃÄ¨Ã½Ð±ÐÂå®v,,,0,0,§_,1.0,,¬O,§_,§_,³æ¤è,§_,°±¥Î,¥i¥Î,¥i¿i,¬O,,1.00,1.00,8.00,8.00,28,10,1,1,24.00,24.00,0,0,,¦³¹Ï¤ù,,0,,0,,J02AC01,,,,,0,,0,,CAP,,°·«Oµ¹¥I,°·«Oµ¹¥I,FLUCONAZOLE,J02AC01,BC21779100,§_,SolidDrugForm,ORCAP,,,,,,,,,PH047,202303141734,23.50,31.00
ODIG,19960101,99999999,¥i¥Î,Digoxin 0.25mg,Digoxin 0.25mg,Digoxin,PO,QD,CAVS,CV-01-01,¤fªA,TAB,Lanoxin,«D²Õ®M,,ODIG2,¤@¯ë¥i¥Î,¬O,¤£¥i¥ÎÃÄ¥]¾÷,,¤@¯ë,Á`¶q¶i¦ì,¾AÀ³¯g:ªvÀø¤ßÅ¦°IºÜ¡A ¤ß¸õ¤£³W«ß,,Indication:Positive inotropic agent on the heart.,,¥~ Æ[:¥Õ¦â¶ê«ó§Î¿õ¾¯¡A ¤@­±¦LD025,Appearance:White round tablet,µø¤O¼Ò½k©Î¶Àµø¡A ÀY·w¡A äú¤ß¡A ¹Ã¦R¡A ¤ß¸õ¤£³W«h,Blurred or yellow vision¡A dizziness¡A feeling of not caring¡A nausea¡A vomiting.,,,¶©§Ú¤ß¿õ,Digoxin 0.25mg,,,¬O,¬O,½Ã±Ð³æ¤T,½Ð¿í·ÓÂå®v«ü¥Ü¥ÎÃÄ¡A ¤Å¦Û¦æ§ó§ï¾¯¶q©Î¥ÎÃÄ®É¶¡,,Follow doctor's advice. Do not change your dose or schedule.,,³Æµù: ¥»ÃÄ¥i¯à»P¨ä¥LÃÄ«~©Î­¹«~¦³¬Û¤¬¼vÅT¡A ½Ð¯Á¨ú«ü¾É³æ±i,Potential interaction with medication or nutritional supplements¡A ask for doctor,,¤@¯ë,¤@¯ë,Äµ »y:½Ð¿í·ÓÂå®v«ü¥Ü¥ÎÃÄ¡A¤Å¦Û¦æ§ó§ï¾¯¶q©Î¥ÎÃÄ®É¶¡¡C,­¹ ­¹ª«¥æ¤¬,,,,§_,1.0,,§_,¬O,§_,³æ¤è,§_,¥i¥Î,¥i¥Î,¥i¿i,¬O,,1.00,1.00,2.00,2.00,999,999,1,1,4.00,4.00,0.08,0.08,,¦³¹Ï¤ù,,0,,0,,C01AA05,,,,,,,,,TAB,§_,°·«Oµ¹¥I,°·«Oµ¹¥I,DIGOXIN,C01AA05,BC09554100,§_,SolidDrugForm,ORTAB,,,,,,,,,PH047,202401101634,1.75,3.00
ODIG2,20200311,99999999,°±¥Î,Digosin 0.25mg (±M®×¶i¤f),Digosin 0.25mg (±M®×¶i¤f),Digoxin,PO,QD,CAVS,CV-01-01,¤fªA,TAB,Lanoxin,«D²Õ®M,°±¥Î,ODIG,±M®×¶i¤fÃÄ«~,¬O,¤£¥i¥ÎÃÄ¥]¾÷,,¤@¯ë,Á`¶q¶i¦ì,¾AÀ³¯g:ªv¤ßÅ¦°IºÜ¡A ¤ß¸õ¤£³W«ß,,Indication:Positive inotropic agent on the heart.,,¥~ Æ[:¥Õ¦â¶ê«ó§Î¿õ¾¯¡A ¤W¦³+¤ÎDG¼Ð°O.,Appearance:White round tablets¡A + and DG merked.,µø¤O¼Ò½k©Î¶Àµø¡A ÀY·w¡A äú¤ß¡A ¹Ã¦R¡A ¤ß¸õ¤£³W«h,Blurred or yellow vision¡A dizziness¡A feeling of not caring¡A nausea¡A vomiting.,,,µL (±M®×¶i¤fÃÄª«),Digosin 0.25mg (±M®×¶i¤f),,,,¬O,,½Ð¿í·ÓÂå®v«ü¥Ü¥ÎÃÄ¡A ¤Å¦Û¦æ§ó§ï¾¯¶q©Î¥ÎÃÄ®É¶¡,,Follow doctor's advice. Do not change your dose or schedule.,,³Æµù: ¥»ÃÄ¥i¯à»P¨ä¥LÃÄ«~©Î­¹«~¦³¬Û¤¬¼vÅT¡A ½Ð¯Á¨ú«ü¾É³æ±i,Potential interaction with medication or nutritional supplements¡A ask for doctor,2020/03Digoxin¯ÊÃÄ¬F©²Á{®É±M®×¶i¤f,,¤@¯ë,Äµ »y:½Ð¿í·ÓÂå®v«ü¥Ü¥ÎÃÄ¡A¤Å¦Û¦æ§ó§ï¾¯¶q©Î¥ÎÃÄ®É¶¡¡C,­¹ ­¹ª«¥æ¤¬,,0,0,,1.0,,¬O,¬O,§_,³æ¤è,§_,°±¥Î,°±¥Î,¥i¿i,¬O,,1.00,1.00,2.00,2.00,999,999,1,1,4.00,4.00,0.08,0.08,,¦³¹Ï¤ù,,0,,0,,C01AA05,,,,,0,,0,,TAB,,°·«Oµ¹¥I,°·«Oµ¹¥I,DIGOXIN,C01AA05,X000194100,§_,SolidDrugForm,ORTAB,,,0,,0,,,,PH032,202109051931,2.29,3.00
ODIL,19960101,99999999,¥i¥Î,Dilantin 100mg,Dilantin 100mg,Phenytoin,PC,TID,CNEU,CN-03-01,¤fªA,CAP,Dilantin,«D²Õ®M,,,¤@¯ë¥i¥Î,¬O,¥i¥ÎÃÄ¥]¾÷,,¤@¯ë,Á`¶q¶i¦ì,¾AÀ³¯g:¥DªvÅöíw¡A ¤T¤e¯«¸gµh¤Î¨ä¥L¯«¸gµh,,Indication:Antiepileptic agent.,,¥~ Æ[:ÂA¬õ¾í/¥Õ¦âªø¶ê¬W§Îµw½¦Ån,Appearance:Red/white hard capsule,¤úÅiªÎ«p¡A ¸}¨B¤£Ã­¡A ·NÃÑ²V²c¡A ²´²yÅ¸°Ê¡A ¤f¾¦¤£²M,Gum swelling; clumsiness ; confusion; uncontrolled eye rolling;unclear speaking,,,Åö¯à°±½¦Ån,Dilantin 100mg,,,¬O,¬O,,½Ð¿í·ÓÂå®v«ü¥Ü¥ÎÃÄ¡A ¤Å¦Û¦æ§ó§ï¾¯¶q©Î¥ÎÃÄ®É¶¡,,Follow doctor's advice. Do not change your dose or schedule.,,¦p¥ÎÃÄ«á¥X²{³ïµh¡B¤fµÄÂH½¤¼ìÄê¡B¥Ö¯l¡B¦åºÞ©Ê¦å¸~µ¥¯gª¬¡A¥ß§Y°±ÃÄ¦^¶E,If sore throat¡A mouth ulcers¡A skin rash¡A or angioedema¡A please consult doctor,,¤@¯ë,¤@¯ë,Äµ »y:½Ð¿í·ÓÂå®v«ü¥Ü¥ÎÃÄ¡A¤Å¦Û¦æ§ó§ï¾¯¶q©Î¥ÎÃÄ®É¶¡¡C,LA ¥~Æ[¬Û¦ü,,,,§_,1.0,,§_,¬O,§_,³æ¤è,§_,¥i¥Î,¥i¥Î,¥i¿i,¬O,,1.00,1.00,4.00,4.00,999,999,1,1,9.00,9.00,0,0,,¦³¹Ï¤ù,,0,,0,,N03AB02,,,,,,,,,CAP,§_,°·«Oµ¹¥I,°·«Oµ¹¥I,PHENYTOIN,N03AB02,NC00817100,§_,SolidDrugForm,ORCAP,¦M®`¤G¯Å(¡I),,,,,,,,PH047,202401151902,1.50,3.00
ODIL2,20200311,99999999,¥i¥Î,DilTELAN 120mg,DilTELAN 120mg,Diltiazem,PO,QD,CAVS,CV-05-00,¤fªA,CAP,Diltelan,«D²Õ®M,,,¤@¯ë¥i¥Î,¬O,¤£¥i¥ÎÃÄ¥]¾÷,¥i¥Î,¤@¯ë,Á`¶q¶i¦ì,¾AÀ³¯g:°ª¦åÀ£,,Indication:Hypertension,,¥~ Æ[:¥Õ¦â½¦Ån¡A¤W¦³120¼Ð°O,Appearance:White capsule¡A 120 marked.,¤ß¸õÅÜºC¡A¤ô¸~¡Aäú¤ß¡AÀYµh¡A¬õ¯l,Bradycardia¡A edema¡A nausea¡A headache¡A rash,,¬Ò¥i¥Î,¹Fº¸¯à«ùÄò©Ê½¦Ån120²@§J,DilTELAN 120mg,,,¬O,§_,,ªAÃÄ´Á¶¡Á×§K¦Y¸²µå¬c©Î¶¼¥Î¸²µå¬c¥Ä¡A ¥H§K¼vÅTÃÄª«¥NÁÂ,,Avoid grapefruits or related products to prevent risk of interaction.,,¾ã²É§]ªA¡A½Ð¤Å©CÄZ,Swallow the capsule whole¡A do not chew,,¤@¯ë,¤@¯ë,Äµ »y:ªAÃÄ´Á¶¡Á×§K¦Y¸²µå¬c©Î¶¼¥Î¸²µå¬c¥Ä¡A¥H§K¼vÅTÃÄª«¥NÁÂ,,,0,0,§_,1.0,,§_,¬O,§_,³æ¤è,§_,¥i¥Î,¥i¥Î,¤£¥i¿i,¬O,,1.00,1.00,4.00,4.00,999,999,28,28,4.00,4.00,0,0,,¦³¹Ï¤ù,,0,,0,,C08DB01,,,,,0,,0,,CAP,,°·«Oµ¹¥I,°·«Oµ¹¥I,DILTIAZEM,C08DB01,AC48128100,§_,SolidDrugForm,ORCAP,,,0,,0,,,,PH047,202401101642,5.60,8.00
ODIL9,19960101,99999999,°±¥Î,Diltelan 90mg,Diltelan 90mg,Diltiazem,PO,QD,CAVS,CV-05-00,¤fªA,CAP,Diltelan,«D²Õ®M,°±¥Î,OCAR90,¤@¯ë¥i¥Î,¬O,¤£¥i¥ÎÃÄ¥]¾÷,,¤@¯ë,Á`¶q¶i¦ì,¾AÀ³¯g:¥Dªv°ª¦åÀ£¡A ¤ßµ±µh¡A ¤ß«ß¤£¾ã,,Indication:Angina pectoris¡A hypertension¡A arrhythmias.,,¥~ Æ[:¥Õ¦âªø¶ê¬W§Îµw½¦Ån¡A ¦³90¤Î¹Ï®×,Appearance:White hard capsule,©I§l§xÃø¡A «y¹Â¡A ¥Ö½§¬õ¯l¡A ¸~µÈ¡A «K¯µ¡A ¯h­Â,Breathing difficulty¡A coughing¡A skin rash¡A slow heartbeat¡A swelling.,,,¹Fº¸¯à«ùÄò©Ê½¦Ån,DilteLAN 90mg,,,¬O,§_,½Ã±Ð³æ¤T,ªAÃÄ´Á¶¡Á×§K¦Y¸²µå¬c©Î¶¼¥Î¸²µå¬c¥Ä¡A ¥H§K¼vÅTÃÄª«¥NÁÂ,,Avoid grapefruits or related products to prevent risk of interaction.,,­¹ª«¥æ¤¬§@¥Î: ªAÃÄ´Á¶¡Á×§K­¹¥Î¸²µå¬c¥Ä,Food interaction:Avoid grapefruit juice,,¤@¯ë,¤@¯ë,Äµ »y:ªAÃÄ´Á¶¡Á×§K¦Y¸²µå¬c©Î¶¼¥Î¸²µå¬c¥Ä¡A¥H§K¼vÅTÃÄª«¥NÁÂ,,,,,§_,1.0,,§_,§_,§_,³æ¤è,§_,°±¥Î,¥i¥Î,¤£¥i¿i,¬O,,1.00,1.00,4.00,4.00,999,999,1,1,8.00,8.00,0,0,,¦³¹Ï¤ù,,0,,0,,C08DB01,,,,,,,,,CAP,§_,°·«Oµ¹¥I,°·«Oµ¹¥I,DILTIAZEM,C08DB01,AC48127100,§_,SolidDrugForm,ERCAP12,,,,,,,,,PH047,202303141735,5.80,8.00
ODILA,19960101,99999999,¥i¥Î,Dilatrend 25mg,Dilatrend 25mg,Carvedilol,PO,QD,CAVS,CV-04-02,¤fªA,TAB,Dilatrend,«D²Õ®M,,OSYNT,¤@¯ë¥i¥Î,¬O,¤£¥i¥ÎÃÄ¥]¾÷,,¤@¯ë,Á`¶q¶i¦ì,¾AÀ³¯g:¥Dªv°ª¦åÀ£¡A Æ{¦å©Ê¤ß°IºÜ,,Indication:Hypertention¡A congestive heart failure.,,¥~ Æ[:¥Õ¦â¶ê«ó§Î¿õ¾¯¡A¦³B¡AM¤ÎD¡A5¼Ð¥Ü,Appearance:White round tablet¡A with B¡AM and D¡A5 marked.,¹L±Ó¡A ÀY·w¡A ©I§l§xÃø¡A ¤ß¸õÅÜºC¡A ¤ô¸~¡A Åé­«¼W¥[,Allergy¡A chest pain¡A dizziness¡A shortness of breath¡A slow heartbeat¡A edema,,,¹F§Q¥þ¿õ,Dilatrend 25mg,,,¬O,¬O,,½Ð¿í·ÓÂå®v«ü¥Ü¥ÎÃÄ¡A ¤Å¦Û¦æ§ó§ï¾¯¶q©Î¥ÎÃÄ®É¶¡,,Follow doctor's advice. Do not change your dose or schedule.,,ªAÃÄ´Á¶¡½ÐÁ×§K°sºë©Î¸²µå¬c¥Ä,Avoid combination alcohol or grapefruit juice while taking this medicine,,¤@¯ë,¤@¯ë,Äµ »y:½Ð¿í·ÓÂå®v«ü¥Ü¥ÎÃÄ¡A¤Å¦Û¦æ§ó§ï¾¯¶q©Î¥ÎÃÄ®É¶¡¡C,,,,,§_,1.0,,§_,¬O,§_,³æ¤è,§_,¥i¥Î,¥i¥Î,¥i¿i,¬O,,1.00,1.00,2.00,2.00,999,999,1,1,6.00,6.00,0,0,,¦³¹Ï¤ù,,0,,0,,C07AG02,,,,,,,,,TAB,§_,°·«Oµ¹¥I,°·«Oµ¹¥I,CARVEDILOL,C07AG02,BC20452100,§_,SolidDrugForm,ORTAB,,,,,,,,,PH047,202401120955,3.19,5.00
ODIM,19960101,99999999,°±¥Î,Dimetriose 2.5mg¡A 8's/box,Dimetriose 2.5mg¡A 8's/box,Gestrinone,PO,BIW,HM,HR-04-00,¤fªA,CAP,Dimetriose,«D²Õ®M,°±¥Î,OGES,¤@¯ë¥i¥Î,¬O,¤£¥i¥ÎÃÄ¥]¾÷,,¤@¯ë,Á`¶q¶i¦ì,¾AÀ³¯g:¥Dªv¤l®c¤º½¤²§¦ì,,Treatment of endometriosis.,,¥~ Æ[:¾Tºä¥]¸Ë,,,,,¥u¥Î©óªù¶E¤Î¦í°|STAT,ÂL¬ü²¬,Dimetriose 2.5mg¡A 8's/box,,,§_,¬O,,,,,,,,,¤@¯ë,¤@¯ë,Äµ »y: ¥»«~¬°¥~¥ÎÃÄ«~¡A½Ð§½³¡¨Ï¥Î¡A¤Å±µÄ²²´·ú©Î»~ªA¡C,,,,,§_,1.0,,§_,§_,¬O,³æ¤è,§_,°±¥Î,¥i¥Î,¤£¥i¿i,§_,,1.00,1.00,1.00,1.00,999,999,28,1,0,0,0,0,,µL¹Ï¤ù,,0,,0,,,,,,,,,,,CAP,§_,°·«Oµ¹¥I,°·«Oµ¹¥I,GESTRINONE,G03XA02,B021526100,§_,SolidDrugForm,ORCAP,,,,,,,,,PH047,202303141735,278.00,334.00
ODIMR,20061231,99999999,°±¥Î,Dimotil Repe-Tab 5/212mg,Dimotil Repe-Tab 5/212mg,Metoclopramide + Pancreatin,PC,TID,ALIM,GI-06-00,¤fªA,TAB,Dimotil Repe-Tab,«D²Õ®M,°±¥Î,,¤@¯ë¥i¥Î,¬O,¤£¥i¥ÎÃÄ¥]¾÷,¥i¥Î,¤@¯ë,Á`¶q¶i¦ì,¾AÀ³¯g:®ø¤Æ¾÷¯à²§±`,,Indication:Digestive disorder.,,¥~ Æ[:¥Õ¦â¶ê¥Y§Î¿õ¾¯,Appearance:White round tablet,°¸¦³À@Åé¥~¯gª¬¡A °Ê§@¿ð½w¡A ªc¨Å¿E¯À¤W¤É¡A ÂíÀR,Rarely¡A extrapyramidal reactions¡A tardive dyskinesia¡A raised serum prolactin lev,,¬Ò¥i¥Î,¥ß®ø¼Ö¿õ,Dimotil Repe-Tab 5/212mg,,,§_,§_,,³¡¤À¤H¨Ï¥Î«á¥i¯à¤Þ°_¯h­Â¡A µtºÎªº²{¶H,,May cause fatigue¡A sleepiness.,,,,2018.12 ÃÄ©e·|§R°£,¤@¯ë,¤@¯ë,Äµ »y:³¡¤À¤H¨Ï¥Î«á¥i¯à¤Þ°_¯h­Â¡BµtºÎªº²{¶H,,,,,§_,1.0,,§_,§_,§_,½Æ¤è,§_,¥i¥Î,¥i¥Î,¤£¥i¿i,¬O,,1.00,1.00,2.00,2.00,999,999,1,1,8.00,8.00,0.16,0.04,,¦³¹Ï¤ù,,0,,0,,A03FA01,A09AA01,,,,,,,,TAB,,°·«Oµ¹¥I,°·«Oµ¹¥I,METOCLOPRAMIDE 5MG + PANCREATIN 212.5MG,A03FA01,AC46351100,§_,SolidDrugForm,ORTAB,,,,,,,,,PH047,202303141735,2.01,3.00
ODIO,20050317,99999999,¥i¥Î,Diovan 80mg,Diovan 80mg,Valsartan,PO,QD,CAVS,CV-08-00,¤fªA,TAB,,«D²Õ®M,,,¤@¯ë¥i¥Î,¬O,¥i¥ÎÃÄ¥]¾÷,,¤@¯ë,Á`¶q¶i¦ì,¾AÀ³¯g:°ª¦åÀ£¡A¤ß°IºÜ¡A¤ß¦Ù±ð¶ë,«á¥ª¤ß«Ç¥\¯à²§±`,Indication:Hypertension¡A heart failure & heart disease.,,¥~ Æ[:²H¬õ¦â¶ê¥Y§Î¿õ¾¯¡A¤@­±¦LDIV¡A¤@­±¦LNVR,Appearance:Pink round tablet,¸¡µh¡A ­Iµh¡A ­¹¼¤§ïÅÜ¡A Ãþ¦ü·P«_¯gª¬¡A ¸¡Âm¡A ¤f°®¡A °ª¦å¹[,Abdominal pain¡A back pain¡A changes in appetite¡A cold-like symptoms¡A hyperkalemia,,¬Ò¥i¥Î,±o¦wÃ­½¤¦ç¿õ,Diovan,,,¬O,¬O,½Ã±Ð³æ¤T,½Ð¿í·ÓÂå®v«ü¥Ü¥ÎÃÄ¡A ¤Å¦Û¦æ§ó§ï¾¯¶q©Î¥ÎÃÄ®É¶¡,,Follow doctor's advice. Do not change your dose or schedule.,,­¹ª«¥æ¤¬§@¥Î: ªAÃÄ´Á¶¡À³Á×§K¹L¶qÄá¨ú¹[ÆQ(¦p:¥NÆQ),Food interaction:Avoid over take potassium salt.,,¤@¯ë,¤@¯ë,Äµ »y:½Ð¿í·ÓÂå®v«ü¥Ü¥ÎÃÄ¡A¤Å¦Û¦æ§ó§ï¾¯¶q©Î¥ÎÃÄ®É¶¡¡C,­¹ ­¹ª«¥æ¤¬,,,,§_,1.0,,§_,¬O,§_,³æ¤è,§_,¥i¥Î,¥i¥Î,¥i¿i,¬O,,1.00,1.00,4.00,4.00,999,999,1,1,8.00,8.00,0,0,,¦³¹Ï¤ù,,0,,0,,C09CA03,,,,,,,,,TAB,,°·«Oµ¹¥I,°·«Oµ¹¥I,VALSARTAN 80MG + HYDROCHLOROTHIAZIDE 0-12.5MG,C09CA03,BC23373100,§_,SolidDrugForm,ORTAB,,,,,,,,,PH047,202401151819,5.30,7.00
ODIP,20020522,99999999,¥i¥Î,Dinidol 25mg,Dinidol 25mg,Diphenidol,PC,TID,CNEU,CN-03-08,¤fªA,TAB,Cephadol,«D²Õ®M,,,¤@¯ë¥i¥Î,¬O,¥i¥ÎÃÄ¥]¾÷,¥i¥Î,¤@¯ë,Á`¶q¶i¦ì,¾AÀ³¯g:¬°§Ü¯t·w¾¯¡A ¥­¿Å»ÙÃªªvÀø¾¯,,Indication:Treatment of vertigo¡A Meniere's disease.,,¥~ Æ[:¯»¬õ¦â¶ê§Î¿õ¾¯¡A ¤@­±¦L STD158,Appearance:Pink round tablet,©ü©ü±ýºÎ,Drowsiness,,¬Ò¥i¥Î,¨î·w®Ä¿}¦ç¿õ,Dinidol,,,§_,¬O,,½Ð¿í·ÓÂå®v«ü¥Ü¨Ï¥Î¡A ­Yµo¥ÍºÃ¦üÃÄª«¤£¨}¤ÏÀ³½Ð§iª¾Âå¥Í,,Follow doctor's advice. Check with doctor if you notice any side effects.,,,,,¤@¯ë,¤@¯ë,Äµ »y:½Ð¿í·ÓÂå®v«ü¥Ü¨Ï¥Î¡A­Yµo¥ÍºÃ¦üÃÄª«¤£¨}¤ÏÀ³½Ð§iª¾Âå¥Í¡C,,,,,§_,1.0,,§_,¬O,§_,³æ¤è,§_,¥i¥Î,¥i¥Î,¥i¿i,¬O,,1.00,1.00,1.00,1.00,999,999,1,1,9.00,9.00,0,0,,¦³¹Ï¤ù,,0,,0,,N07CA91,,,,,,,,,TAB,,°·«Oµ¹¥I,°·«Oµ¹¥I,DIPHENIDOL,N07CA,AC462451G0,§_,SolidDrugForm,ORTAB,,,,,,,,,PH047,202303141735,2.00,3.00
ODIP5,20070404,99999999,°±¥Î,Dipachro S.R. 500mg,Dipachro S.R. 500mg,Valproic Acid,PO,,CNEU,CN-03-01,¤fªA,TAB,Depakine,«D²Õ®M,°±¥Î,ODEP5,¤@¯ë¥i¥Î,¬O,¤£¥i¥ÎÃÄ¥]¾÷,,¤@¯ë,Á`¶q¶i¦ì,¾AÀ³¯g:¥DªvÅöíw,,Anticonvulsant agent,,¥~ Æ[:¥Õ¦âªø¶ê§ÎÃÄ¿õ,Appearance:White Round Tablet,,,,¬Ò¥i¥Î,«Ò©¬§J,Dipachro S.R. 500mg,,,§_,¬O,,,,,,,,,¤@¯ë,¤@¯ë,Äµ »y:À³¾ã²É§]ªA¡A¤Á¤Å«rÄZ©ÎÀ£¸H,,,,,§_,1.0,,§_,§_,§_,½Æ¤è,§_,°±¥Î,¥i¥Î,¤£¥i¿i,¬O,,1.00,1.00,3.00,3.00,99,99,1,1,0,0,0,0,,µL¹Ï¤ù,,0,,0,,,,,,,,,,,TAB,,°·«Oµ¹¥I,°·«Oµ¹¥I,VALPROIC ACID,N03AG01,A046524100,§_,SolidDrugForm,ERTAB,,,,,,,,,PH047,202303141735,11.80,15.00
ODIT,20031012,99999999,°±¥Î,Ditropan 2.5mg,Ditropan 2.5mg,Oxybutynin,PO,BID,SGU,UR-05-00,¤fªA,TAB,,«D²Õ®M,°±¥Î¡A¥i¬dÃþ¦üÃÄ,,¤@¯ë¥i¥Î,¬O,¤£¥i¥ÎÃÄ¥]¾÷,¥i¥Î,¤@¯ë,Á`¶q¶i¦ì,¾AÀ³¯g:¬°±Æ§¿¾÷¯à§ïµ½¾¯,,Indication:Treatment of urinary incontinence.,,¥~ Æ[:²H¶À¦â¶ê«ó§Î¿õ¾¯¡A ¤@­±¦L PBF 159,Appearance:Light yellow round tablet,«K¯µ¡A ¬y¦½¶q´î¤Ö¡A ©ü©ü±ýºÎ¡A ¤f»ó³ï°®Àê,Constipation¡A decreased sweating¡A drowsiness¡A dryness of mouth¡A nose¡A and throat,,¬Ò¥i¥Î,¹F¦hÀ°¿õ,Ditropan 2.5mg,,,§_,¬O,,°¸¦³¤f°®¡A µø¤O¼Ò½k¡A ¤ß¸õ¥[³tµ¥²{¶H¡A ¼Æ¤é«á·|¦ÛµM®ø¥¢,,May cause thirst¡A blurred vision¡A or rapid heartbeat.,,³Æµù: ¥i¯à·|¼vÅT¾r¾p©Î¾Þ§@¾÷±ñ¯à¤O,May impair ability to drive or operate machinery.,2013¦~²Ä¤T¦¸ÃÄ©e·|¨MÄ³§R°£,¤@¯ë,¤@¯ë,Äµ »y:°¸¦³¤f°®¡Bµø¤O¼Ò½k¡B¤ß¸õ¥[³tµ¥²{¶H¡A¼Æ¤é«á·|¦ÛµM®ø¥¢,,,,,§_,1.0,,§_,§_,§_,³æ¤è,§_,¥i¥Î,¥i¥Î,¥i¿i,¬O,,1.00,1.00,2.00,2.00,999,999,1,1,9.00,9.00,0,0,,¦³¹Ï¤ù,,0,,0,,G04BD04,,,,,,,,,TAB,,°·«Oµ¹¥I,°·«Oµ¹¥I,OXYBUTYNIN,G04BD04,AC30803100,§_,SolidDrugForm,ORTAB,,,,,,,,,PH047,202303141735,1.60,3.00
ODIV,19960101,99999999,°±¥Î,Divina 21's/pk,Divina 21's/pk,Estradiol + Medroxyprogesterone,PO,QD,HM,HR-03-04,¤fªA,TAB,Divina,«D²Õ®M,°±¥Î¡A¥i¬dÃþ¦üÃÄ,,¤@¯ë¥i¥Î,¬O,¤£¥i¥ÎÃÄ¥]¾÷,,¤@¯ë,Á`¶q¶i¦ì,¾AÀ³¯g:°±¸g¯g­Ô¸s²üº¸»X¤§¸É¥R,,Hormonal replacement therapy in climacteric complaints,,¥~ Æ[:¥Õ¦â/²HÂÅ¦â¶ê«ó§Î¿õ¾¯,Appearance:White&Blue Round Tablet,,,,¥u¥Î©óªù¶E¤Î¦í°|STAT,©yºû®R¿õ,Divina 21's/pk,,,§_,¬O,,,,,,,,,¤@¯ë,¤@¯ë,Äµ »y:°¸¦³¤f°®¡Bµø¤O¼Ò½k¡B¤ß¸õ¥[³tµ¥²{¶H¡A¼Æ¤é«á·|¦ÛµM®ø¥¢,,,,,§_,21.0,,§_,§_,§_,½Æ¤è,§_,°±¥Î,¥i¥Î,¥i¿i,§_,,1.00,1.00,1.00,1.00,999,999,21,21,0,0,0,0,,µL¹Ï¤ù,,0,,0,,,,,,,,,,,TAB,§_,°·«Oµ¹¥I,°·«Oµ¹¥I,ESTRADIOL VALERATE 2MG + MEDROXYPROGESTERONE 10MG,G03FB06,B019190100,§_,SolidDrugForm,ORTAB,,,,,,,,,PH047,202303141735,4.52,6.00
ODIVI,20070913,99999999,°±¥Î,Diviseq 28's/pk,Diviseq 28's/pk,Estradiol + Medroxyprogesterone,PO,QD,HM,HR-03-04,¤fªA,TAB,Diviseq,«D²Õ®M,°±¥Î,OSYNS,¤@¯ë¥i¥Î,¬O,¤£¥i¥ÎÃÄ¥]¾÷,,¤@¯ë,Á`¶q¶i¦ì,¾AÀ³¯g:°±¸g¯g­Ô¸s²üº¸»X¤§¸É¥R,,Hormonal replacement therapy in climacteric complaints,,¥~Æ[¡G¬õ/ÂÅ/¶À¤TºØÃC¦â¶ê§Î¿õ¾¯,Appearance:Red/Blue/Yellow Round Tablet,,,,¥u¥Î©óªù¶E¤Î¦í°|STAT,©yºû­Å¿õ,Diviseq 28's/pk,,,§_,¬O,,,,,,,,,¤@¯ë,¤@¯ë,Äµ »y:À³¾ã²É§]ªA¡A¤Á¤Å«rÄZ©ÎÀ£¸H,,,,,§_,28.0,,§_,§_,§_,½Æ¤è,§_,°±¥Î,¥i¥Î,¤£¥i¿i,¬O,,1.00,1.00,1.00,1.00,99,99,28,28,0,0,0,0,,µL¹Ï¤ù,,0,,0,,,,,,,,,,,TAB,,°·«Oµ¹¥I,°·«Oµ¹¥I,ESTRADIOL VALERATE 2MG + MEDROXYPROGESTERONE 10MG,G03CA03,B023555100,§_,SolidDrugForm,ORTAB,,,,,,,,,PH047,202303141735,7.20,9.00
ODIZ,20020701,99999999,°±¥Î,Diazepam 2mg,Diazepam 2mg,Diazepam,PO,BID,CNEU,CN-02-02,¤fªA,TAB,Valium,«D²Õ®M,°±¥Î,ODIA,¤w°±¥Î,¬O,¤£¥i¥ÎÃÄ¥]¾÷,,¤@¯ë,Á`¶q¶i¦ì,¾AÀ³¯g:µJ¼{ª¬ºA¡A ¥¢¯v¡A ¦Ù¦×µjÅË¡A À°§U¤º¦Õ´`Àô¤Î¨ä¥L,,Indication:Relieve anxious¡A relax muscle.,,¥~ Æ[:¥Õ¦â¶ê§Î¿õ¾¯¡A ¾Tºä¤ù¸Ë,Appearance:White round tablet,¸}¨B²Â©å©Î¤£Ã­¡A ÀY·w¡A ©ü©ü±ýºÎ¡A ¤f¾¦¤£²M¡A ­¹¼¤§ïÅÜ,Clumsiness or unsteadiness; dizzy; sleepy; unclear speaking; appetite changes,,¬Ò¥i¥Î,¤¦¬è«Ì,Diazepam 2mg,,,¬O,¬O,½Ã±Ð³æ¥|,ªAÃÄ«á¡A ½Ð¤Å¶}¨®©Î¾Þ§@¦MÀI¾÷±ñ; ¤Å¶¼°s,,Be careful driving or operating machinery. Avoid alcohol.,,­¹ª«¥æ¤¬§@¥Î: ªAÃÄ´Á¶¡Á×§K­¹¥Î¸²µå¬c¥Ä»P¶¼°s,Food interaction: Avoid grapefruit juice and alcohol.,,¤@¯ë,¥|¯ÅºÞ¨î,Äµ »y:ªAÃÄ«á¡A½Ð¤Å¶}¨®©Î¾Þ§@¦MÀI¾÷±ñ¡F¤Å¶¼°s,­¹ ­¹ª«¥æ¤¬,,,,§_,1.0,,§_,§_,§_,³æ¤è,§_,°±¥Î,¥i¥Î,¥i¿i,¬O,,1.00,1.00,5.00,5.00,999,999,1,1,30.00,30.00,0,0,,¦³¹Ï¤ù,,0,,0,,N05BA01,,,,,,,,,TAB,§_,°·«Oµ¹¥I,°·«Oµ¹¥I,DIAZEPAM,N05BA01,A0016461G0,§_,SolidDrugForm,ORTAB,,,,,,,,,PH047,202303141735,0,3.00
ODIZ5,19960101,99999999,°±¥Î,Diazepam 5mg(VALIUM 5mg),Diazepam 5mg(VALIUM 5mg),Diazepam,PO,,CNEU,CN-02-02,¤fªA,TAB,Valium,«D²Õ®M,°±¥Î,ODIZ,¤w°±¥Î,¬O,¥i¥ÎÃÄ¥]¾÷,,¤@¯ë,Á`¶q¶i¦ì,¾AÀ³¯g: µJ¼{¡B¥¢¯v¡B¦Ù¦×µjÅË¤Î¨ä¥L,,Anxiety¡A acute alcohol withdrawal¡A anticonvulsant.,,¥~ Æ[:¶À¦â¶ê§ÎÃÄ¿õ,Appearance:Yellow Round Tablet,,,,,,Diazepam 5mg(VALIUM 5mg),,,§_,¬O,,,,,,,,,¤@¯ë,¥|¯ÅºÞ¨î,,,,,,§_,1.0,,§_,§_,§_,³æ¤è,§_,¥i¥Î,¥i¥Î,¥i¿i,¬O,,1.00,1.00,999.00,999.00,999,999,1,1,0,0,0,0,,µL¹Ï¤ù,,0,,0,,,,,,,,,,,TAB,§_,°·«Oµ¹¥I,°·«Oµ¹¥I,DIAZEPAM,N05BA01,A030510100,§_,SolidDrugForm,ORTAB,,,,,,,,,PH047,202303141735,0.35,2.00
ODMP,19960101,99999999,°±¥Î,Domperidone (D.M.P) 10mg,Domperidone (D.M.P) 10mg,Domperidone,PO,,ALIM,GI-06-00,¤fªA,TAB,Motilium,«D²Õ®M,°±¥Î¡A¥i¬dÃþ¦üÃÄ,,¤@¯ë¥i¥Î,¬O,¤£¥i¥ÎÃÄ¥]¾÷,,¤@¯ë,Á`¶q¶i¦ì,¾AÀ³¯g:¥Dªv¸z­GÄ¯°Ê²§±`¤ÎµÈ®ð¡A ¨ã¤î¦R»P«P¶i®ø¤Æ§@¥Î,,Treatment of nausea¡A vomiting¡A dyspeptic symptoms,,¥~ Æ[:¥Õ¦â¶ê«ó§Î¿õ¾¯¡A ¤@­±¦LPBF 149,Appearance:White Round Tablet,,,,,³q¥­¿õ,Domperidone (D.M.P) 10mg,,,§_,¬O,,,,,,,,,¤@¯ë,¤@¯ë,Äµ »y:½Ð¿í·ÓÂå®v«ü¥Ü¨Ï¥Î¡A­Yµo¥ÍºÃ¦üÃÄª«¤£¨}¤ÏÀ³½Ð§iª¾Âå¥Í¡C,,,,,§_,1.0,,§_,§_,§_,³æ¤è,§_,¥i¥Î,¥i¥Î,¥i¿i,¬O,,1.00,1.00,2.00,2.00,999,999,1,1,0,0,0,0,,µL¹Ï¤ù,,0,,0,,,,,,,,,,,TAB,§_,°·«Oµ¹¥I,°·«Oµ¹¥I,DOMPERIDONE,A03FA03,AC30619100,§_,SolidDrugForm,ORTAB,,,,,,,,,PH047,202303141735,1.50,3.00
ODOB,20130320,99999999,°±¥Î,Dobecon 100mg,Dobecon 100mg,Mebeverine,AC,TID,ALIM,GI-05-00,¤fªA,TAB,Duspatalin,«D²Õ®M,°±¥Î,OPAD,¤@¯ë¥i¥Î,¬O,¥i¥ÎÃÄ¥]¾÷,¥i¥Î,¤@¯ë,Á`¶q¶i¦ì,¾AÀ³¯g:­ìµo©ÊÄòµo©Êµ²¸z¹L±Ó¦X¨Ö¯g¡A ¸z¾Í«Çª¢¡A ¸z¾Í«Ç§Î¦¨,¤Î°Ï°ì©Ê¸zª¢¡A Áx¯Ø¹B°Ê§xÃø¡A ­G¼ìºÅ¡A ®ø¤Æ¾¹©xª¢µ¥¯g¡C,Indication:Irritable bowel syndrome,,¥~ Æ[: ¥Õ¦â¶ê§Î¿õ¾¯¡A¤@­±¦LYSP 43,Appearance: White Round Tablet,¬õ¯l¡A ëC³Â¯l¡A ÀY·w,Skin rash¡A hives¡A dizziness,,¬Ò¥i¥Î,¨{¤ñ±d¿}¦ç¿õ,Dobecon 100mg,,,§_,¬O,,½Ð¸m©ó«Äµ£µLªk¨ú±o¤§³B,ªAÃÄ«á¡A ½Ð¤Å¶}¨®©Î¾Þ§@¦MÀI¾÷±ñ,Keep medicine out of reach of children.,Be careful driving or operating machinery.,,,,¤@¯ë,¤@¯ë,Äµ »y:½Ð¸m©ó«Äµ£µLªk¨ú±o¤§³B,,,0,0,§_,1.0,,§_,¬O,§_,³æ¤è,§_,°±¥Î,¥i¥Î,¥i¿i,¬O,,1.00,1.00,2.00,2.00,999,999,1,1,8.00,8.00,0,0,,¦³¹Ï¤ù,,0,,0,,A03AA04,,,,,,,,,TAB,,°·«Oµ¹¥I,°·«Oµ¹¥I,MEBEVERINE,A03AA04,AC452471G0,§_,SolidDrugForm,ORTAB,,,,,,,,,PH006,202307281203,2.00,3.00
ODOF,20141024,99999999,°±¥Î,Doflex 200mg,Doflex 200mg,Mephenoxalone,PO,TID,CNEU,CN-03-02,¤fªA,TAB,Dorsiflex,«D²Õ®M,°±¥Î¡A¥i¬dÃþ¦üÃÄ,,¤@¯ë¥i¥Î,¬O,¤£¥i¥ÎÃÄ¥]¾÷,,¤@¯ë,Á`¶q¶i¦ì,¾AÀ³¯g:¬°¦Ù¦×ÃP¦¢¾¯,,Indication:Muscle relaxant.,,¥~ Æ[:¥Õ¦â¶ê§ÎÃÄ¿õ¡A¦L¦³GP¤Î277¦r¼Ë¡C,Appearance:White round tablet,µL¤O,Asthenia,,¬Ò¥i¥Î,µÎ½w¿õ,Doflex 200mg,,,¬O,¬O,,³¡¤À¤H¨Ï¥Î«á¥i¯à¤Þ°_¯h­Â¡A µtºÎªº²{¶H,,May cause fatigue¡A sleepiness.,,,,,¤@¯ë,¤@¯ë,Äµ »y:³¡¤À¤H¨Ï¥Î«á¥i¯à¤Þ°_¯h­Â¡BµtºÎªº²{¶H,,,0,0,§_,1.0,,§_,¬O,§_,³æ¤è,§_,¥i¥Î,¥i¥Î,¥i¿i,¬O,,1.00,1.00,1.00,1.00,999,999,1,1,9.00,9.00,0,0,,¦³¹Ï¤ù,,0,,0,,N05BX01,,,,,0,,0,,TAB,§_,°·«Oµ¹¥I,°·«Oµ¹¥I,MEPHENOXALONE,N05BX01,AC429191G0,§_,SolidDrugForm,ORTAB,,,,,,,,,PH034,202305191400,2.00,3.00
ODOG2,19960101,99999999,°±¥Î,DOGMATYL 200mg,DOGMATYL 200mg,Sulpiride,PO,TID,CNEU,CN-02-01,¤fªA,TAB,Dogmatyl,«D²Õ®M,°±¥Î,,¤@¯ë¥i¥Î,¬O,¤£¥i¥ÎÃÄ¥]¾÷,,¤@¯ë,Á`¶q¶i¦ì,¾AÀ³¯g:ºë¯«¦w©w¡A ®ø¤Æ©Ê¼ìºÅ,,Indication:Treat psychotic symptoms¡A peptic ulcer,,¥~ Æ[:¥Õ¦â¶ê«ó§Î¿õ¾¯¡A ¤@­±¦LD200,Appearance:White round tablet,©ü©ü±ýºÎ¡A §]Ã`§xÃø¡A ÀR§¤¤£¯à¡A °Ê§@¿ð½w¡A ¤â§Ý,Sleepy; difficult swallowing; slow movement; trembling of hands and arms.,,,²æ»Xªv-200,DOGMATYL 200mg,,,¬O,¬O,,¥i¯à·|³y¦¨¶ÝºÎ©Î·w¯t¡A ¶}¨®©Î¾Þ§@¦MÀI¾÷¾¹½Ð¤p¤ß,,May make you dizzy; use caution while driving or operating machinery.,,³Æµù: ¤Å¶¼°s,Avoid alcohol,,¤@¯ë,¤@¯ë,Äµ »y:¥i¯à·|³y¦¨¶ÝºÎ©Î·w¯t¡A ¶}¨®©Î¾Þ§@¦MÀI¾÷¾¹½Ð¤p¤ß,SA «÷­µ¬Û¦ü,,,,§_,1.0,,§_,§_,§_,³æ¤è,§_,¥i¥Î,¥i¥Î,¥i¿i,¬O,,1.00,1.00,2.00,2.00,999,999,1,1,9.00,9.00,0,0,,¦³¹Ï¤ù,,0,,0,,N05AL01,,,,,,,,,TAB,§_,°·«Oµ¹¥I,°·«Oµ¹¥I,SULPIRIDE,N05AL01,AC26976100,§_,SolidDrugForm,ORTAB,,,,,,,,,PH047,202303141736,1.93,3.00
ODOG5,19960101,99999999,°±¥Î,Dogmatyl 50mg,Dogmatyl 50mg,Sulpiride,PO,TID,CNEU,CN-02-01,¤fªA,TAB,Dogmatyl,«D²Õ®M,°±¥Î,OSPL,¤@¯ë¥i¥Î,¬O,¤£¥i¥ÎÃÄ¥]¾÷,,¤@¯ë,Á`¶q¶i¦ì,¾AÀ³¯g:ºë¯«ª¬ºA¯e¯f¡A ®ø¤Æ©Ê¼ìºÅ,,Indication:Treat psychotic symptoms¡A peptic ulcer,,¥~ Æ[:¥Õ¦â¶ê«ó§Î¿õ¾¯¡A ¤@­±¦LD50,Appearance:White round tablet,©ü©ü±ýºÎ¡A §]Ã`§xÃø¡A ÀR§¤¤£¯à¡A °Ê§@¿ð½w¡A ¤â§Ý,Sleepy; difficult swallowing; slow movement; trembling of hands and arms.,,,²æ»Xªv-50,Dogmatyl 50mg,,,¬O,¬O,,¥i¯à·|³y¦¨¶ÝºÎ©Î·w¯t¡A ¶}¨®©Î¾Þ§@¦MÀI¾÷¾¹½Ð¤p¤ß,,May make you dizzy; use caution while driving or operating machinery.,,³Æµù: ¤Å¶¼°s,Avoid alcohol,,¤@¯ë,¤@¯ë,Äµ »y:¥i¯à·|³y¦¨¶ÝºÎ©Î·w¯t¡A ¶}¨®©Î¾Þ§@¦MÀI¾÷¾¹½Ð¤p¤ß,SA «÷­µ¬Û¦ü,,,,§_,1.0,,§_,¬O,§_,³æ¤è,§_,°±¥Î,¥i¥Î,¥i¿i,¬O,,1.00,1.00,4.00,4.00,999,999,1,1,24.00,24.00,0,0,,¦³¹Ï¤ù,,0,,0,,N05AL01,,,,,,,,,TAB,§_,¤£µ¹¥I¶·¦Û¥I,¤£µ¹¥I¶·¦Û¥I,,,,§_,SolidDrugForm,ORTAB,,,,,,,,,PH006,202309030803,0,3.00
ODOLC,20020523,99999999,¥i¥Î,Dolcol 250mg,Dolcol 250mg,Pipemidic Acid,PO,BIDAC,QANB,AI-01-08,¤fªA,TAB,Dolcol,«D²Õ®M,,,¤@¯ë¥i¥Î,¬O,¥i¥ÎÃÄ¥]¾÷,¥i¥Î,¤@¯ë,Á`¶q¶i¦ì,¾AÀ³¯g:²Óµß©Ê·P¬V,,Indication:Antibiotic for infection.,,¥~ Æ[:¥Õ¦âªø¶ê¬W§Î¿õ¾¯¡A ¤@­±¦LP-452,Appearance:White cylinder tablet,­¹¼¤¯Ê¥F¡A ¤W¸¡³¡¯kµh¡A ­G¨`¼ö¡A äú¤ß¡A ¹Ã¦R,Anorexia¡A epigastric pain¡A heartburn¡A nausea¡A vomiting¡A diarrhea¡A constipation,,¬Ò¥i¥Î,¹Ï¯d±d,Dolcol FC 250mg,,,§_,¬O,½Ã±Ð³æ¤­,½Ð©ó¶º«e¤@¤p®É©Î¶º«á¨â¤p®ÉªA¥Î,­«¯g¦ÙµL¤O±wªÌ¤£«ØÄ³¨Ï¥Î,Take this medication 1 hour before or 2 hours after food.,It is not recommended for patients with myasthenia gravis,¤Å»P¤@¯ë­GÃÄ¦PªA¡AªAÃÄ´Á¶¡Á×§K¶¼­¹§t©@°Ø¦]ªº¶¼®Æ©Î­¹ª«¡C,Do not combination with antacid. Avoid food or beverages containing caffeine.,,¤@¯ë,¤@¯ë,Äµ »y: ½Ð©ó¶º«e¤@¤p®É©Î¶º«á¨â¤p®ÉªA¥Î¡A¤Å»P¤@¯ë­GÃÄ¦PªA¡C,­¹ ­¹ª«¥æ¤¬,,,,§_,1.0,,§_,¬O,§_,³æ¤è,§_,°±¥Î,°±¥Î,¥i¿i,¬O,,1.00,1.00,2.00,2.00,14,14,0,1,8.00,8.00,0,0,,¦³¹Ï¤ù,,0,,0,,J01MB04,,,,,0.25,g,0.80,g,TAB,,°·«Oµ¹¥I,°·«Oµ¹¥I,PIPEMIDIC ACID,J01MB04,AC20910100,§_,SolidDrugForm,ORTAB,,,,,,,,,PH047,202303131940,3.38,5.00
ODOM,20181212,99999999,¥i¥Î,Domper 10mg,Domper 10mg,Domperidone,AC,,ALIM,GI-06-00,¤fªA,TAB,DMP,«D²Õ®M,,,¤@¯ë¥i¥Î,¬O,¥i¥ÎÃÄ¥]¾÷,¥i¥Î,¤@¯ë,Á`¶q¶i¦ì,¾AÀ³¯g:äú¤ß¡B¹Ã¦Rªº¯gª¬ªvÀø¡A¿}§¿¯f¤Þ°_ªº­G¸zÄ¯°Ê²§±`¡C,,Indication:Gastrointestinal motility disorder¡A nausea,¡A vomiting,¥~ Æ[:¥Õ¦â¶ê«ó«¬¿õ¾¯¡A³æ­±R¼Ð°O,Appearance:White round tablet¡A single-sided R marked.,¤f°®¡A ÀYµh¡A ¥Ö½§Äo,Dry mouth¡A headache¡A itching of skin.,,¬Ò¥i¥Î,¦RºÖ¿õ10²@§J,Domper 10mg,,,,¬O,,ªAÃÄ´Á¶¡­Y¥X²{¤ß±ª©Î©âÝz¡A½Ð°±ÃÄ¨Ã¥ß¨è¦^¶E,,If arrhythmia or convulsions¡A stop taking medication and consult doctor.,,,,2018.12ÃÄ©e·s¶i,¤@¯ë,¤@¯ë,Äµ »y:½Ð¿í·ÓÂå®v«ü¥Ü¨Ï¥Î¡A­Yµo¥ÍºÃ¦üÃÄª«¤£¨}¤ÏÀ³½Ð§iª¾Âå¥Í¡C,,,0,0,§_,1.0,,§_,¬O,§_,³æ¤è,§_,¥i¥Î,¥i¥Î,¥i¿i,¬O,,1.00,1.00,1.00,1.00,999,999,1,1,3.00,3.00,0.08,0.03,,¦³¹Ï¤ù,,0,,0,,A03FA03,,,,,0,,0,,TAB,,°·«Oµ¹¥I,°·«Oµ¹¥I,DOMPERIDONE,A03FA03,AC32358100,§_,SolidDrugForm,ORTAB,,,0,,0,,,,PH047,202401101539,1.50,3.00
ODON5,20110515,99999999,°±¥Î,DONIson 5mg,DONIson 5mg,Prednisolone,PC,,HM,HR-01-00,¤fªA,TAB,Prednisolone,«D²Õ®M,°±¥Î,OCOMP,¤@¯ë¥i¥Î,¬O,¤£¥i¥ÎÃÄ¥]¾÷,¥i¥Î,¤@¯ë,Á`¶q¶i¦ì,¾AÀ³¯g:®ð³Ý¡A Ãö¸`ª¢¡A ¹L±Ó©Ê¯e¯fµ¥,,Indication:Treatment of asthma¡A allergy¡A rheumatic disease,,¥~ Æ[ ¶À¦â¶ê§Î¿õ¡A ¨è¦³CCP¤ÎC03¦r¼Ë,Appearance:Yellow round tablet,­¹¼¤¼W¥[¡A ®ø¤Æ¤£¨}¡A ¯«¸g½è©Î§¤¥ß¤£¦w,Appetite more; indigestion; nervousness or restlessness,,¬Ò¥i¥Î,¼Öº¸²n¤ù,DONIson 5mg,,,§_,¬O,,½Ð¿í·ÓÂå®v«ü¥Ü¥ÎÃÄ¡A ¤Å¦Û¦æ§ó§ï¾¯¶q©Î¥ÎÃÄ®É¶¡,,Follow doctor's advice. Do not change your dose or schedule.,,,,,¤@¯ë,¤@¯ë,Äµ »y:½Ð¿í·ÓÂå®v«ü¥Ü¥ÎÃÄ¡A¤Å¦Û¦æ§ó§ï¾¯¶q©Î¥ÎÃÄ®É¶¡¡C,,,,,§_,1.0,,§_,§_,§_,³æ¤è,§_,°±¥Î,¥i¥Î,¥i¿i,¬O,,1.00,1.00,12.00,12.00,999,999,1,1,0,0,0,0,,¦³¹Ï¤ù,,0,,0,,H02AB06,,,,,,,,,TAB,,°·«Oµ¹¥I,°·«Oµ¹¥I,PREDNISOLONE,H02AB06,NC025311G0,§_,SolidDrugForm,ORTAB,,,,,,,,,PH047,202303141736,2.00,3.00
ODOP,20200315,99999999,¥i¥Î,¦h¤Ú©wDopadine100mg,Dopadine100mg,Amantadine,PO,BID,CNEU,CN-03-06,¤fªA,TAB,PK-Merz,«D²Õ®M,,,¤@¯ë¥i¥Î,¬O,¤£¥i¥ÎÃÄ¥]¾÷,¥i¥Î,¤@¯ë,Á`¶q¶i¦ì,¾AÀ³¯g:©¬ª÷´Ë¤ó¯g¡A¹w¨¾¤ÎªvÀø¢Ï«¬¬y¦æ©Ê·P«_¯gª¬,,Indication:Treatment of parkinsonism¡A viral infection,,¥~ Æ[:¾ï¬õ¶ê§ÎÃÄ¿õ¡A¤@­±¦³¤¤¥¡¨è²ª,Appearance:Orange round tablet,Ä¼°Ê¡A äú¤ß¡A «K¯µ¡A ©Ê¼¤­°§C¡A ¸¡Âm¡A ÀYµh¡A ¹Ã¦R,Agitation¡A nausea¡A constipation¡A decrease in sexual desire¡A diarrhea¡A headache.,,¬Ò¥i¥Î,¦h¤Ú©w½¤¦ç¿õ100²@§J(ªü°Ò¥L©w),Dopadine100mg,,,,¬O,,¥i¯à·|³y¦¨¶ÝºÎ©Î·w¯t¡A ¶}¨®©Î¾Þ§@¦MÀI¾÷¾¹½Ð¤p¤ß,,May make you dizzy; use caution while driving or operating machinery.,,,,2020/03 Enzil ¯Ê³f´À¥N.,¤@¯ë,¤@¯ë,Äµ »y:¥i¯à·|³y¦¨¶ÝºÎ©Î·w¯t¡A ¶}¨®©Î¾Þ§@¦MÀI¾÷¾¹½Ð¤p¤ß,,,0,0,§_,1.0,,§_,¬O,§_,³æ¤è,,¥i¥Î,¥i¥Î,¥i¿i,¬O,,1.00,1.00,2.00,2.00,999,999,1,1,8.00,8.00,0,0,,¦³¹Ï¤ù,,0,,0,,N04BB01,,,,,0,,0,,TAB,,°·«Oµ¹¥I,°·«Oµ¹¥I,AMANTADINE,N04BB01,AC39431100,§_,SolidDrugForm,ORTAB,,,0,,0,,,,PH047,202402121416,3.21,5.00
ODOR,19960101,99999999,°±¥Î,Dorsiflex 200mg,Dorsiflex 200mg,Mephenoxalone,PO,TID,CNEU,CN-03-02,¤fªA,TAB,Dorsiflex,«D²Õ®M,°±¥Î,ODOF,¤@¯ë¥i¥Î,¬O,¥i¥ÎÃÄ¥]¾÷,,¤@¯ë,Á`¶q¶i¦ì,¾AÀ³¯g:¬°¦Ù¦×ÃP¦¢¾¯,,Indication:Muscle relaxant.,,¥~ Æ[:¥Õ¦â¶ê§ÎÃÄ¿õ¡A¤@­±¨è¤¤½u¡A¦L¦³TP/200¦r¼Ë¡C,Appearance:White round tablet,µL¤O,Asthenia,,,±oµÎªA,Dorsiflex,,,¬O,¬O,,³¡¤À¤H¨Ï¥Î«á¥i¯à¤Þ°_¯h­Â¡A µtºÎªº²{¶H,,May cause fatigue¡A sleepiness.,,,,,¤@¯ë,¤@¯ë,Äµ »y:³¡¤À¤H¨Ï¥Î«á¥i¯à¤Þ°_¯h­Â¡BµtºÎªº²{¶H,,,,,§_,1.0,,§_,§_,§_,³æ¤è,§_,°±¥Î,¥i¥Î,¥i¿i,¬O,,1.00,1.00,1.00,1.00,999,999,1,1,9.00,9.00,0,0,,¦³¹Ï¤ù,,0,,0,,N05BX01,,,,,,,,,TAB,§_,°·«Oµ¹¥I,°·«Oµ¹¥I,MEPHENOXALONE,N05BX01,A0443181G0,§_,SolidDrugForm,ORTAB,,,,,,,,,PH047,202303141736,2.00,3.00
ODOR4,20131222,99999999,¥i¥Î,Dorison 4mg,Dorison 4mg,Dexamethasone,PO,,HM,HR-01-00,¤fªA,TAB,Decadron,«D²Õ®M,,,³æ¦ìÁ{±Ä,¬O,¤£¥i¥ÎÃÄ¥]¾÷,¥i¥Î,¤@¯ë,Á`¶q¶i¦ì,¾AÀ³¯g:Ãö¸`ª¢¡A ¹L±Ó©Ê¯e¯fµ¥,,Indication:Anti-inflammatory¡A Allergic diseases¡A dermatitis.,,¥~ Æ[: ¥Õ¦â¶ê«ó§Î¿õ¾¯¡A¤@­±¨è" | "¤@­±µL¨è²ª,Appearance:White round tablet imprinted with | on one side,¸z­G¤£¾A¡B¥|ªÏ¯B¸~,GI discomfort¡A edema,,¬Ò¥i¥Î,±o¥ß¥Í¿õ,Dorison 4mg,,,§_,¬O,,ª`·N¦åÀ£¡B¦å¿}ªº±±¨î¡C,,Control Blood pressure and blood suger carefully.,,,,¦å²G¸~½F¬ì©P§Ó»ÊÂå®v¬°ªù¶E¯f±w¥Ó½ÐÁ{±ÄÃÄ«~,¤@¯ë,¤@¯ë,Äµ »y:½Ð¿í·ÓÂå®v«ü¥Ü¥ÎÃÄ¡A¤Å¦Û¦æ§ó§ï¾¯¶q©Î¥ÎÃÄ®É¶¡¡C,,,0,0,§_,1.0,,§_,¬O,§_,³æ¤è,§_,¥i¥Î,¥i¥Î,¥i¿i,¬O,,1.00,1.00,10.00,10.00,999,999,1,1,10.00,10.00,0,0,,¦³¹Ï¤ù,,0,,0,,H02AB02,,,,,,,,,TAB,,°·«Oµ¹¥I,°·«Oµ¹¥I,DEXAMETHASONE,H02AB02,AC196431G0,§_,SolidDrugForm,ORTAB,,,,,,,,,PH047,202402140713,2.00,3.00
ODOS,20150622,99999999,¥i¥Î,Dostinex 0.5mg,Dostinex 0.5mg,Cabergoline,PO,QW,HM,HR-02-00,¤fªA,TAB,,«D²Õ®M,,,¤@¯ë¥i¥Î,¬O,¤£¥i¥ÎÃÄ¥]¾÷,¥i¥Î,¤@¯ë,Á`¶q¶i¦ì,¾AÀ³¯g:¨¾¤î¤Î§í¨î²£«á¨Å¥Ä¤Àªc¡A©ÎªvÀø°ªªc¨Å¯À¦å¯g¤Þ°_ªºª¬ªp,,Indication:Treatment of hyperprolactinemia.,,¥~ Æ[:¥Õ¦âªø¶ê¬W§Î¿õ¾¯¡A ¤@­±¦³P I U¡A 700,Appearance:White cylinder tablet¡A marking:P I U¡A 700,ÀYµh¡AÀY·w¡Aäú¤ß,Headache¡A dizziness¡A nausea,,¬Ò¥i¥Î,¹L¨Å­°¿õ0.5²@§J,Dostinex 0.5mg,,,¬O,¬O,,ÄY­«¤ß¦åºÞ¯e¯f¡B¹p¿Õ¤ó¯g­Ô¸s¡B¸z­G¹D¥X¦å©ÎÄY­«¤ß²z¯e±w¯f¥v¤§±wªÌ»ÝÂÔ·V¨Ï,¥Î¥»ÃÄ«~¡C¨Å¿}¤£­@¯g¯f¤H½Ð¤Å¨Ï¥Î¡C,Use with caution in patients with cardiovascular disease¡A Raynaud syndrome¡A GI,bleeding or Psychiatric disorders. Do not use in patients with lactose intoleran,«º¶Õ©Ê§C¦åÀ£©Î¶ÝºÎ¥i¯à·|µo¥Í¡A½Ð¤Å¾r¨®©Î¾Þ§@¦MÀI»ö¾¹¡A¨Ã½ÐºÊ´ú¦åÀ£,Orthostatic hypotension or sleepy¡A avoid driving or operating machinery.,104-3 ÃÄ©e·|¨ú¥NCarry 4mg,¤@¯ë,¤@¯ë,Äµ »y:¥i¯à¦³®É·|Ä±±oÀY·w¡B©ü¯t¡A½ÐÁ×§K§Ö³tªº°Ê§@©Î«º¶ÕÅÜ¤Æ,,,0,0,§_,1.0,,§_,¬O,§_,³æ¤è,§_,¥i¥Î,¥i¥Î,¥i¿i,¬O,,1.00,1.00,2.00,2.00,99,99,1,1,2.00,2.00,0,0,,¦³¹Ï¤ù,,0,,0,,G02CB03,N04BC06,,,,0,,0,,TAB,,°·«Oµ¹¥I,°·«Oµ¹¥I,CABERGOLINE,G02CB03,BC22658100,§_,SolidDrugForm,ORTAB,¦M®`¤G¯Å(¡I),,,,,,,,PH047,202303141736,125.00,150.00
ODOX4,20031006,99999999,¥i¥Î,Doxaben XL 4mg,Doxaben XL 4mg,Doxazosin,PO,QD,CAVS,CV-04-01,¤fªA,TAB,Doxaben,«D²Õ®M,,,¤@¯ë¥i¥Î,¬O,¥i¥ÎÃÄ¥]¾÷,¥i¥Î,¤@¯ë,Á`¶q¶i¦ì,¾AÀ³¯g:¥Dªv°ª¦åÀ£¡A «e¦C¸¢ªÎ¤j,,Indication:Hypertension¡A benign prostatic hyperplasia.,,¥~ Æ[:¥Õ¦â¶ê§ÎÃÄ¿õ,Appearance:White round tablet,ÀY·w¡A ¯h­Â¡A ¤ß±ª¡A ¤ß¸õ¤£³W«h¡A ©I§lµu«P¡A ¤UªÏ¤ô¸~,Dizzy¡A unusual tiredness¡A fainting (sudden)¡A fast and pounding heartbeat.,,¬Ò¥i¥Î,¥i¨³,Doxaben XL 4mg,,,¬O,§_,,À³¾ã²É§]ªA¡A ¤Á¤Å«rÄZ©ÎÀ£¸H,,Swallow the tablet whole. Do not crush¡A break or chew.,,,,,¤@¯ë,¤@¯ë,Äµ »y:À³¾ã²É§]ªA¡A¤Á¤Å«rÄZ©ÎÀ£¸H,,,,,§_,1.0,,§_,¬O,§_,³æ¤è,§_,¥i¥Î,¥i¥Î,¤£¥i¿i,¬O,,1.00,1.00,2.00,2.00,999,999,1,1,4.00,4.00,0,0,,¦³¹Ï¤ù,,0,,0,,C02CA04,,,,,,,,,TAB,,°·«Oµ¹¥I,°·«Oµ¹¥I,DOXAZOSIN,C02CA04,BC23711100,§_,SolidDrugForm,ERTAB12,,,,,,,,,PH047,202401151821,8.50,12.00
ODOXA,19960101,99999999,°±¥Î,Doxaben 2mg,Doxaben 2mg,Doxazosin,PO,,CAVS,CV-04-01,¤fªA,TAB,Doxaben,«D²Õ®M,°±¥Î¡A¥i¬dÃþ¦üÃÄ,,¤@¯ë¥i¥Î,¬O,¥i¥ÎÃÄ¥]¾÷,,¤@¯ë,Á`¶q¶i¦ì,¾AÀ³¯g:¥Dªv°ª¦åÀ£¡B«e¦C¸¢ªÎ¤j,,Hypertension or Benign prostatic hyperplasia.,,¥~ Æ[:¥Õ¦âªø§ÎÃÄ¿õ,Appearance:White Rectangle Tablet,,,,,¥i¨³,Doxaben 2mg,,,§_,¬O,,,,,,,,,¤@¯ë,¤@¯ë,Äµ »y:¥i¯à¦³®É·|Ä±±oÀY·w¡B©ü¯t¡A½ÐÁ×§K§Ö³tªº°Ê§@©Î«º¶ÕÅÜ¤Æ,,,,,§_,1.0,,§_,§_,§_,³æ¤è,§_,°±¥Î,¥i¥Î,¥i¿i,¬O,,1.00,1.00,999.00,999.00,999,999,1,1,0,0,0,0,,µL¹Ï¤ù,,0,,0,,C02CA04,,,,,,,,,TAB,§_,°·«Oµ¹¥I,°·«Oµ¹¥I,DOXAZOSIN,C02CA04,B021641100,§_,SolidDrugForm,ORTAB,,,,,,,,,PH047,202303141736,11.30,14.00
ODOXY,19960101,99999999,¥i¥Î,Doxymycin 100mg enteric coated,Doxymycin 100mg enteric coated,Doxycycline,PO,BID,QANB,AI-01-04,¤fªA,CAP,Vibramycin,«D²Õ®M,,,¤@¯ë¥i¥Î,¬O,¥i¥ÎÃÄ¥]¾÷,,¤@¯ë,Á`¶q¶i¦ì,¾AÀ³¯g:²Óµß©Ê·P¬V,,Indication:Antibiotic for infection.,,¥~ Æ[:©ú«C/²`¶À¦âªø¶ê¬W§Îµw½¦Ån,Appearance:Blue/dark yellow hard capsule,¥ú±Ó·P¡A ¤ú¾¦ÅÜ¦â(¥®¦~),Photosensitivity¡A tooth discoloration.,,,¦h³ßÅð¯À¸z·»½¦Ån(¥|ÀôÅð¯ÀÃþ),Doxymycin EC 100mg,,,§_,¬O,½Ã±Ð³æ¤­,½Ð¤Å»P¤û¥¤¤Î¨î»Ä¾¯¨ÖªA,,Avoid taking with milk or antacid.,,,,,¤@¯ë,¤@¯ë,Äµ »y:½Ð¤Å»P¤û¥¤¤Î¨î»Ä¾¯¨ÖªA,­¹ ­¹ª«¥æ¤¬,,,,§_,1.0,,§_,¬O,§_,³æ¤è,§_,°±¥Î,°±¥Î,¥i¿i,¬O,,1.00,1.00,2.00,2.00,28,7,0,1,8.00,8.00,0.05,0.05,,¦³¹Ï¤ù,,0,,0,,J01AA02,,,,,0.10,g,0.10,g,TAB,§_,°·«Oµ¹¥I,°·«Oµ¹¥I,DOXYCYCLINE,J01AA02,AC356921G0,§_,SolidDrugForm,ENTCAP,,,,,,,,,PH065,202403250947,2.00,3.00
ODUL,19960101,99999999,°±¥Î,Dulcolax 5mg,Dulcolax 5mg,Bisacodyl,PO,QN,ALIM,GI-03-00,¤fªA,TAB,Dulcolax,«D²Õ®M,°±¥Î,,¤@¯ë¥i¥Î,¬O,¤£¥i¥ÎÃÄ¥]¾÷,,¤@¯ë,Á`¶q¶i¦ì,¾AÀ³¯g:¬°Âm¾¯,,Indication:Stimulant laxative.,,¥~ Æ[:¶À¦â¶ê§Î¸z·»¿}¦ç¿õ,Appearance:Yellow round tablet,·NÃÑ²V²c¡A ¤ß¸õ¤£³W«h¡A ¦Ù¦×µh¡A ¥Ö½§¬õ¯l¡A ²§±`¯h­Â,Confusion¡A irregular heart beat¡A muscle cramps¡A skin rash¡A unusal tiredness,,,¼Ö¥iµÎ,Dulcolax 5mg,,,§_,¬O,,À³¾ã²É§]ªA¡A ¤Á¤Å«rÄZ©ÎÀ£¸H,,Swallow the tablet whole. Do not crush¡A break or chew.,,,,,¤@¯ë,¤@¯ë,Äµ »y:À³¾ã²É§]ªA¡A¤Á¤Å«rÄZ©ÎÀ£¸H,LA ¥~Æ[¬Û¦ü,,,,§_,1.0,,§_,§_,§_,³æ¤è,§_,¥i¥Î,¥i¥Î,¤£¥i¿i,¬O,,1.00,1.00,6.00,6.00,999,999,1,1,6.00,6.00,0,0,,¦³¹Ï¤ù,,0,,0,,A06AB02,,,,,,,,,TAB,§_,°·«Oµ¹¥I,°·«Oµ¹¥I,BISACODYL,A06AB02,AC285031G0,§_,SolidDrugForm,ECTAB,,,,,,,,,PH047,202303141736,2.00,3.00
ODUO,20140616,99999999,¥i¥Î,Duodart 0.5/0.4mg,Duodart 0.5/0.4mg,Dutasteride + Tamsulosin,PO,QDPC,SGU,UR-04-00,¤fªA,CAP,Duodart,«D²Õ®M,,,¤@¯ë¥i¥Î,¬O,¤£¥i¥ÎÃÄ¥]¾÷,±ø¥ó¤Uµ¹¥I,¤@¯ë,Á`¶q¶i¦ì,¾AÀ³¯g: ÄáÅ@¸¢ªÎ¤j,,Indication:Treatment of symptomatic BPH in men,,¥~ Æ[:´Ä¦â/¾ï¦âªø¾ò¶ê§Î½¦Ån¡A ¦L¦³GS 7CZ,Appearance:Brown/orange elliptic capsule¡A marking:GS 7CZ,¼vÅT©Ê¥\¯à¡A ©Ê¼¤¡A ¨k©Ê¤k¨Å¯g¡A ÀYµh,Impotence¡A decreased libido¡A ejaculation disorder¡A gynecomastia¡A; headache.,,¬Ò¥i¥Î,¦h¾A¹F½¦Ån0.5mg/0.4mg,Duodart 0.5/0.4mg,,,,§_,,¥»«~½Ð¤Å¥Î©ó¤k©Ê¤Î¨àµ£,,Do not administer to women or children.,,¥i¯à¦³®É·|Ä±±oÀY·w¡A ©ü¯t. ½ÐÁ×§K§Ö³tªº°Ê§@©Î«º¶ÕÅÜ¤Æ,May cause dizziness or drowsiness. Take care to avoid sudden movement.,103-2ÃÄ©e¶iÃÄ;105-4ÃÄ©e·|¦A±Ò¥Î; 2022Q4ÃÄ©e¦A¥Î,¤@¯ë,¤@¯ë,Äµ »y:¥»«~½Ð¤Å¥Î©ó¤k©Ê¤Î¨àµ£,LA ¥~Æ[¬Û¦ü,,0,0,§_,1.0,,§_,¬O,§_,½Æ¤è,§_,¥i¥Î,¥i¥Î,¤£¥i¿i,¬O,,1.00,1.00,1.00,1.00,999,999,28,1,2.00,2.00,0,0,,¦³¹Ï¤ù,,0,,0,,G04CB02,G04CA02,G04CA52,,,0,,0,,CAP,,°·«Oµ¹¥I,°·«Oµ¹¥I,tamsulosin 0.4mg +dutasteride 0.5mg,G04CA52,BC25423100,§_,SolidDrugForm,ORCAP,¦M®`¤G¯Å(¡I),,,,,,,,PH047,202303141736,28.70,37.00
ODUP,19960101,99999999,°±¥Î,Duphaston 5mg,Duphaston 5mg,Dydrogesterone,PO,,HM,HR-03-03,¤fªA,TAB,Duphaston,«D²Õ®M,°±¥Î¡A¥i¬dÃþ¦üÃÄ,,¤w°±¥Î,¬O,¤£¥i¥ÎÃÄ¥]¾÷,,¤@¯ë,Á`¶q¶i¦ì,¾AÀ³¯g:¬°¶ÀÅé¯À,,Treatment of infertility¡A dysfunctional uterine bleeding,,¥~ Æ[:¥Õ¦â¶ê«ó§Î¿õ¾¯,Appearance:White Round Tablet,,,,,±o­L¶©¿õ,Duphaston 5mg,,,§_,¬O,,,,,,,,,¤@¯ë,¤@¯ë,Äµ »y:À³¾ã²É§]ªA¡A¤Á¤Å«rÄZ©ÎÀ£¸H,,,,,§_,1.0,,§_,§_,§_,³æ¤è,§_,¥i¥Î,¥i¥Î,¥i¿i,¬O,,1.00,1.00,8.00,8.00,999,999,1,1,0,0,0,0,,µL¹Ï¤ù,,0,,0,,,,,,,,,,,TAB,§_,°·«Oµ¹¥I,°·«Oµ¹¥I,DYDROGESTERONE,G03DB01,B013698100,§_,SolidDrugForm,ORTAB,,,,,,,,,PH047,202303141736,6.80,9.00
ODUP1,20070901,99999999,¥i¥Î,Duphaston 10mg,Duphaston 10mg,Dydrogesterone,PO,QD,HM,HR-03-03,¤fªA,TAB,Progestin,«D²Õ®M,,,¤@¯ë¥i¥Î,¬O,¤£¥i¥ÎÃÄ¥]¾÷,°·«O¤£µ¹¥I,¤@¯ë,Á`¶q¶i¦ì,¾AÀ³¯g:³¬¸g¡Bµh¸g¡B¦æ¸g©µ¿ð¤Î¥ý¥ü©Ê©M²ßºD©Ê¬y²£¡C,¤H¤u¥Í´ÞªvÀø®É¤§¶ÀÅé´Á¸É¥R¡C,Indication:Treatment of progesterone deficiencies.,Luteal support as part of assisted reproductive technology.,¥~ Æ[:¥Õ¦â¶ê§Î¿õ¾¯¡A¦L¦³"155",Appearance: White round tablet¡A marking:155,ÀYµh¡A¶À¯n¡AµL¤O¡A¥Ö¯l¡A¨Å©ÐµÈµh©ÎÄ²µh¡C,Headache¡A jaundice¡A weakness¡A rash¡A breast pain or tenderness.,,¬Ò¥i¥Î,±o­L¶©½¤¦ç¿õ,Duphaston 10mg,,,§_,¬O,,Äµ »y:¦p¦³¤£¥¿±`¥X¦å¡A½Ð§iª¾Âå®v,,Check with your doctor if you have vaginal bleeding that lasts a long time.,,±w¦³¨Å¿}¤£­@¯gªÌ¡A½Ð¤ÅªA¥Î¥»ÃÄ¡C,If you have lactose intolerance¡A don't take these drug.,104-3 ÃÄ©e·|³q¹L¶iÃÄ¡A ­­µ´¹ï¦Û¶O,¤@¯ë,¤@¯ë,Äµ »y:¦p¦³¤£¥¿±`¥X¦å¡A½Ð§iª¾Âå®v,,,,,,1.0,,§_,¬O,§_,³æ¤è,§_,°±¥Î,°±¥Î,¤£¥i¿i,¬O,,1.00,1.00,8.00,8.00,99,99,1,1,8.00,8.00,0,0,,¦³¹Ï¤ù,,0,,0,,G03DB01,,,,,,,,,TAB,,¤£µ¹¥I¶·¦Û¥I,¤£µ¹¥I¶·¦Û¥I,,,,§_,SolidDrugForm,ORTAB,,,,,,,,,PH047,202303141736,0,35.00
OEBI,20071224,99999999,¥i¥Î,Ebixa 10mg,Ebixa 10mg,Memantine,PO,BID,CNEU,CN-03-10,¤fªA,TAB,Ebixa,«D²Õ®M,¼t°Ó¯Ê³f,OWIT1,¤@¯ë¥i¥Î,¬O,¤£¥i¥ÎÃÄ¥]¾÷,±ø¥ó¤Uµ¹¥I,¤@¯ë,Á`¶q¶i¦ì,¾AÀ³¯g:ªvÀøªü¯÷®üÀq¯g,,Indication:Treatment of Alzheimer's disease.,,¥~ Æ[:¶À¦â¾ò¶ê§Î¤§½¤¦ç¿õ¡A¤W¦³10¤ÎMM¨è²ª,Appearance:Yellow elliptic tablet¡A with 10 and MM marked.,¤£¦w¡A ±Æ§¿¤£¶¶¡A ¸¡Âm¡A ¥¢¯v¡A ¤ÛÄ±,Agitation¡A urinary incontinence¡A diarrhea¡A insomnia¡A hallucinations,,¬Ò¥i¥Î,¾Ð¥²¨Î½¤¦ç¿õ,Ebixa 10mg,,,¬O,¬O,,½Ð¿í·ÓÂå®v«ü¥Ü¥ÎÃÄ¡A ¤Å¦Û¦æ§ó§ï¾¯¶q©Î¥ÎÃÄ®É¶¡,,Follow doctor's advice. Do not change your dose or schedule.,,¥i¯à·|³y¦¨¶ÝºÎ©Î·w¯t¡A ¶}¨®©Î¾Þ§@¦MÀI¾÷¾¹½Ð¤p¤ß,May make you dizzy; use caution while driving or operating machinery,2022.02 [OWIT1] ¯Ê³f´À¥N,¤@¯ë,¤@¯ë,Äµ »y:½Ð¿í·ÓÂå®v«ü¥Ü¥ÎÃÄ¡A¤Å¦Û¦æ§ó§ï¾¯¶q©Î¥ÎÃÄ®É¶¡¡C,,,,,§_,1.0,,§_,¬O,§_,³æ¤è,§_,°±¥Î,¥i¥Î,¥i¿i,¬O,,1.00,1.00,2.00,2.00,999,999,1,1,2.00,2.00,0,0,,¦³¹Ï¤ù,,0,,0,,N06DX01,,,,,,,,,TAB,§_,°·«Oµ¹¥I,°·«Oµ¹¥I,MEMANTINE,N06DX01,BC24220100,§_,SolidDrugForm,ORTAB,,,,,,,,,PH082,202401041044,8.90,12.00
OEDA,20140905,99999999,¥i¥Î,Edarbi 40mg,Edarbi 40mg,Azilsartan medoxomil,PO,QD,CAVS,CV-08-00,¤fªA,TAB,Edarbi,«D²Õ®M,,,¤@¯ë¥i¥Î,¬O,¤£¥i¥ÎÃÄ¥]¾÷,¥i¥Î,¤@¯ë,Á`¶q¶i¦ì,¾AÀ³¯g:°ª¦åÀ£,,Indication:Treatment of hypertension.,,¥~ Æ[:¥Õ¦â¶ê§Î¿õ¾¯¡A¦L¦³ASL¤Î40¦r¼Ë,Appearance:White round tablet¡Amarking:ASL and 40,§C¦åÀ£¡AÀY·w¡A¥F¤O¡A¸¡Âm¡Aäú¤ß,Hypotension¡A dizziness¡A fatigue¡A diarrhea¡A nausea,,¬Ò¥i¥Î,©ö±o¥­¿õ 40 ²@§J,Edarbi 40mg,,,,¬O,,½Ð¿í·ÓÂå®v«ü¥Ü¥ÎÃÄ¡A ¤Å¦Û¦æ§ó§ï¾¯¶q©Î¥ÎÃÄ®É¶¡,,Follow doctor's advice. Do not change your dose or schedule.,,ªAÃÄ´Á¶¡À³Á×§K¹L¶qÄá¨ú¹[ÆQ(¦p:¥NÆQ),Food interaction:Avoid over take potassium salt.,,¤@¯ë,¤@¯ë,Äµ »y:½Ð¿í·ÓÂå®v«ü¥Ü¥ÎÃÄ¡A¤Å¦Û¦æ§ó§ï¾¯¶q©Î¥ÎÃÄ®É¶¡¡C,,,0,0,§_,1.0,,§_,¬O,§_,³æ¤è,§_,¥i¥Î,¥i¥Î,¥i¿i,¬O,,1.00,1.00,2.00,2.00,999,999,28,1,2.00,2.00,0,0,,¦³¹Ï¤ù,,0,,0,,C09CA09,,,,,0,,0,,TAB,,°·«Oµ¹¥I,°·«Oµ¹¥I,AZILSARTAN,C09CA09,BC25756100,§_,SolidDrugForm,ORTAB,,,,,,,,,PH047,202402191527,9.60,13.00
OEFE,19960101,99999999,°±¥Î,Efexor 37.5mg,Efexor 37.5mg,Venlafaxine,PO,,CNEU,CN-02-05,¤fªA,TAB,Efexor,«D²Õ®M,°±¥Î,OFAX,¤@¯ë¥i¥Î,¬O,¤£¥i¥ÎÃÄ¥]¾÷,±ø¥ó¤Uµ¹¥I,¤@¯ë,Á`¶q¶i¦ì,¾AÀ³¯g:¸Ñ°£¼~Æ{µJ¼{ª¬ºA,,Treatment of depression,,¥~ Æ[:²H¬õ¾í¦â¤­Ãä§Î¿õ¾¯,Appearance:Red Orange Pentagon Tablet,,,,,³t®®¿õ- 37.5,Efexor 37.5mg,,,¬O,¬O,,,,,,,,,¤@¯ë,¤@¯ë,Äµ »y:½Ð¿í·ÓÂå®v«ü¥Ü¥ÎÃÄ¡A¤Å¦Û¦æ§ó§ï¾¯¶q©Î¥ÎÃÄ®É¶¡¡C,,,,,§_,1.0,,§_,§_,§_,³æ¤è,§_,°±¥Î,¥i¥Î,¥i¿i,¬O,,1.00,1.00,6.00,6.00,999,999,1,1,0,0,0,0,,µL¹Ï¤ù,,0,,0,,,,,,,,,,,TAB,§_,°·«Oµ¹¥I,°·«Oµ¹¥I,VENLAFAXINE,N06AX16,B022328100,§_,SolidDrugForm,ORTAB,,,,,,,,,PH047,202303141736,17.10,21.00
OEFE3,20090216,99999999,°±¥Î,Efexor XR 37.5mg,Efexor XR 37.5mg,Venlafaxine,PO,,CNEU,CN-02-05,¤fªA,CAP,Efexor,«D²Õ®M,°±¥Î,OFAX,¤@¯ë¥i¥Î,¬O,¤£¥i¥ÎÃÄ¥]¾÷,±ø¥ó¤Uµ¹¥I,¤@¯ë,Á`¶q¶i¦ì,¾AÀ³¯g:¼~Æ{¯g,,Treat mental depressive and anxious symptoms,,¥~ Æ[: ÂÅ¥Õ¦âªø¶ê¬W«¬µw½¦Ån¡A ¦L¦³W 37.5,Appearance:Blue&White Hard Capsule,,,,¬Ò¥i¥Î,³t®®¿õ- 37.5,Efexor XR 37.5mg,,,§_,¬O,,,,,,,,,¤@¯ë,¤@¯ë,Äµ »y¡GªAÃÄ«á¡A¥i¯àµo¥Íµu¼È©Ê·w¯t¡F¤Å¶¼°s,,,,,§_,1.0,,§_,§_,§_,³æ¤è,§_,°±¥Î,¥i¥Î,¤£¥i¿i,¬O,,1.00,1.00,6.00,6.00,999,999,1,1,0,0,0,0,,µL¹Ï¤ù,,0,,0,,,,,,,,,,,CAP,§_,°·«Oµ¹¥I,°·«Oµ¹¥I,VENLAFAXINE,N06AX16,B024421100,§_,SolidDrugForm,ERCAP,,,,,,,,,PH047,202303141737,21.60,27.00
OEFE7,20030424,99999999,¥i¥Î,Effexor XR 75mg,Effexor XR 75mg,Venlafaxine,PC,QD,CNEU,CN-02-05,¤fªA,CAP,,«D²Õ®M,,,¤@¯ë¥i¥Î,¬O,¤£¥i¥ÎÃÄ¥]¾÷,±ø¥ó¤Uµ¹¥I,¤@¯ë,Á`¶q¶i¦ì,¾AÀ³¯g:¼~Æ{¯g¡A ªxµJ¼{¯g¡A ªÀ¥æµJ¼{¯g,,Indication:Treat mental depressive and anxious symptoms.,,¥~ Æ[:²H¬õ¾í¦â½¦Ån¡A¦L¦³W EffexorXL 75,Appearance:Light orange capusle printed with W EffexorXL 75,©Ê¥\¯à»ÙÃª¡A °ª¦åÀ£,Sexual problem; high blood pressure,,¬Ò¥i¥Î,³t®®«ùÄò©ÊÃÄ®Ä½¦Ån75²@§J,Effexor XR 75mg,,,¬O,¬O,,¥i¯à·|¼vÅT§PÂ_¤O©M«ä¦Ò¬¡°Ê¡A ¶}¨®©Î¾Þ§@¦MÀI¾÷±ñ¡A ¥²¶·¤p¤ß,,Use caution in activities requiring alertness such as driving or using machinery,,­¹ª«¥æ¤¬§@¥Î: ªAÃÄ´Á¶¡Á×§K¶¼°s,Food interaction:Avoid alcohol.,,¤@¯ë,¤@¯ë,Äµ »y:¥i¯à·|¼vÅT§PÂ_¤O©M«ä¦Ò¬¡°Ê¡A¶}¨®©Î¾Þ§@¦MÀI¾÷±ñ¡A¥²¶·¤p¤ß,­¹ ­¹ª«¥æ¤¬,,,,§_,1.0,,§_,¬O,§_,³æ¤è,§_,¥i¥Î,¥i¥Î,¤£¥i¿i,¬O,,1.00,1.00,2.00,2.00,999,999,1,1,9.00,9.00,0,0,,¦³¹Ï¤ù,,0,,0,,N06AX16,,,,,75.00,mg,100.00,mg,CAP,§_,°·«Oµ¹¥I,°·«Oµ¹¥I,VENLAFAXINE,N06AX16,BC23571100,§_,SolidDrugForm,ERCAP12,,,,,,,,,PH047,202402061400,8.50,12.00
OEFI3,20200401,99999999,¥i¥Î,Efient 3.75mg,Efient 3.75mg,Prasugrel,PC,QD,HEMT,HE-03-00,¤fªA,TAB,Efient,«D²Õ®M,Á{±ÄÃÄ¡A½Ð³qª¾ÃÄ§½¥~ÁÊ,,¥»°|Á{±Ä²M³æ,¬O,¤£¥i¥ÎÃÄ¥]¾÷,±ø¥ó¤Uµ¹¥I,¤@¯ë,Á`¶q¶i¦ì,¾AÀ³¯g:»Ý­n«aª¬°Ê¯ß¤¶¤J©ÊªvÀøªº«æ©Ê«aª¬°Ê¯ß¯g­Ô¸s,,Indication:Percutaneous coronary intervention (PCI),for the acute coronary syndrome(ACS),¥~ Æ[:¯»¬õ¦â¾ò¶ê§Î¿õ¾¯¡A¤W¦³¤é¤å°Ó«~¦W¤Î3.75¼Ð¥Ü,Appearance:Pink elliptic tablet¡A Japanese name/3.75 marked.,¥Ö¯l¡A¨x¥\¯à²§±`¡A¥X¦å¶É¦V,Rash¡A abnormal liver function¡A bleeding risk,,¬Ò¥i¥Î,§í¾®¦w½¤¦ç¿õ3.75²@§J,Efient 3.75mg,,,,¬O,,¥X²{¥ô¦ó²§±`·ï«C©Î¥X¦å¡A¶Ë¤f¤£©ö¤î¦å,¡A½Ð¾¨³t»PÂå®vÁpµ¸,Report any signs of unusual bruising or,bleeding to doctor immediately.,,,2020/04 ­Ó®×Á{±Ä,¤@¯ë,¤@¯ë,Äµ »y: ¥X²{¥ô¦ó²§±`·ï«C©Î¥X¦å¡A¶Ë¤f¤£©ö¤î¦å¡A½Ð¾¨³t»PÂå®vÁpµ¸,,,0,0,§_,1.0,,§_,¬O,¬O,³æ¤è,§_,¥i¥Î,¥i¥Î,¥i¿i,¬O,,1.00,1.00,6.00,6.00,999,999,0,0,6.00,6.00,0,0,,¦³¹Ï¤ù,,0,,0,,B01AC22,,,,,0,,0,,TAB,,°·«Oµ¹¥I,°·«Oµ¹¥I,PRASUGREL,B01AC22,BC27361100,,SolidDrugForm,ORTAB,,,0,,0,,,,PH034,202204151124,36.70,48.00
OELI,20180615,99999999,¥i¥Î,ELIQUIS 5mg,ELIQUIS 5mg,Apixaban,PO,BID,HEMT,HE-02-00,¤fªA,TAB,Eliquis,«D²Õ®M,,,¤@¯ë¥i¥Î,¬O,¤£¥i¥ÎÃÄ¥]¾÷,±ø¥ó¤Uµ¹¥I,¤@¯ë,Á`¶q¶i¦ì,¾AÀ³¯g:ªvÀø¤Î¹w¨¾ÀR¯ß¦å®ê,,Indication:Treatment or prevention of venous thrombosis.,,¥~ Æ[:¯»¬õ¦â¾ò¶ê§Î¿õ¾¯¡A¤@­±¦L¦³894¡A¤@­±5,Appearance:Pink color elliptic tablet¡A marking: 894 and 5,»ó¥X¦å¡A¦å§¿¡A¦å¸~¡Aª½¸z¥X¦å¡A¤úÅi¥X¦å,Epistaxis¡A haematuria¡A haematoma¡A rectal haemorrhage¡A gingival bleeding.,,¬Ò¥i¥Î,¦ã¥²§J¾®½¤¦ç¿õ5²@§J,Eliquis 5mg,,,,¬O,,¥X²{¥ô¦ó²§±`·ï«C©Î¥X¦å¡A¶Ë¤f¤£©ö¤î¦å¡A½Ð¾¨³t»PÂå®vÁpµ¸,,Report any signs of unusual bruising or bleeding to doctor immediately.,,¶i¦æ¤â³N¡B©Þ¤úªvÀø¡B«I¤J©ÊÀË¬d®É¡A¶·§iª¾Âå®v¦³ªA¥Î¦¹¶µ§Ü¾®¦åÃÄ«~¡C,Tell your doctor before having surgery¡A dental or other invasive procedures.,2018-Q2 ÃÄ©e·|·s¶i,¤@¯ë,¤@¯ë,Äµ »y: ¥X²{¥ô¦ó²§±`·ï«C©Î¥X¦å¡A¶Ë¤f¤£©ö¤î¦å¡A½Ð¾¨³t»PÂå®vÁpµ¸,SA «÷­µ¬Û¦ü,,0,0,§_,1.0,,¬O,¬O,¬O,³æ¤è,,¥i¥Î,¥i¥Î,¥i¿i,¬O,,0,0,2.00,2.00,999,999,1,1,4.00,4.00,0,0,,¦³¹Ï¤ù,,0,,0,,B01AF02,,,,,0,,0,,TAB,§_,°·«Oµ¹¥I,°·«Oµ¹¥I,APIXABAN,B01AF02,BC26133100,,SolidDrugForm,ORTAB,,,0,,0,,,,PH047,202402140341,28.70,37.00
OELI2,20190731,99999999,¥i¥Î,2.5mg Eliquis ¦ã¥²§J¾®½¤¦ç¿õ,Eliquis 2.5mg,Apixaban,PO,BID,HEMT,HE-02-00,¤fªA,TAB,Eliquis,«D²Õ®M,Á{±ÄÃÄ¡A½Ð³qª¾ÃÄ§½¥~ÁÊ,,¥»°|Á{±Ä²M³æ,¬O,¤£¥i¥ÎÃÄ¥]¾÷,±ø¥ó¤Uµ¹¥I,¤@¯ë,Á`¶q¶i¦ì,¾AÀ³¯g:ªvÀø¤Î¹w¨¾ÀR¯ß¦å®ê,,Indication:Treatment or prevention of venous thrombosis.,,¥~ Æ[:¶À¦â¶ê§Î¿õ¡A¤@­±¦³893¡A¤@­±2 1/2¼Ð¥Ü,Appearance:Yellow round tablet¡A marking: 893 and 2 1/2,»ó¥X¦å¡A¦å§¿¡A¦å¸~¡Aª½¸z¥X¦å¡A¤úÅi¥X¦å,Epistaxis¡A haematuria¡A haematoma¡A rectal haemorrhage¡A gingival bleeding.,,¬Ò¥i¥Î,¦ã¥²§J¾®½¤¦ç¿õ2.5²@§J,Eliquis 2.5mg,,,,¬O,,¥X²{¥ô¦ó²§±`·ï«C©Î¥X¦å¡A¶Ë¤f¤£©ö¤î¦å¡A½Ð¾¨³t»PÂå®vÁpµ¸,,Report any signs of unusual bruising or bleeding to doctor immediately.,,¶i¦æ¤â³N¡B©Þ¤úªvÀø¡B«I¤J©ÊÀË¬d®É¡A¶·§iª¾Âå®v¦³ªA¥Î¦¹¶µ§Ü¾®¦åÃÄ«~¡C,Tell your doctor before having surgery¡A dental or other invasive procedures.,2019Q2Á{®É·|­Ó®×Á{±Ä²M³æ,¤@¯ë,¤@¯ë,Äµ »y: ¥X²{¥ô¦ó²§±`·ï«C©Î¥X¦å¡A¶Ë¤f¤£©ö¤î¦å¡A½Ð¾¨³t»PÂå®vÁpµ¸,SA «÷­µ¬Û¦ü,,0,0,§_,1.0,,§_,¬O,§_,³æ¤è,,¥i¥Î,¥i¥Î,¥i¿i,¬O,,1.00,1.00,1.00,1.00,999,999,1,1,2.00,2.00,0,0,,¦³¹Ï¤ù,,0,,0,,B01AF02,,,,,0,,0,,TAB,,°·«Oµ¹¥I,°·«Oµ¹¥I,APIXABAN,B01AF02,BC26124100,§_,SolidDrugForm,ORTAB,,,0,,0,,,,PH047,202402140341,28.70,37.00
OELM,20040102,99999999,°±¥Î,Elmiron 100mg,Elmiron 100mg,Pentosan Polysulfate,PO,,SGU,UR-05-00,¤fªA,TAB,Elmiron,«D²Õ®M,°±¥Î,,¤w°±¥Î,¬O,¤£¥i¥ÎÃÄ¥]¾÷,¥i¥Î,¤@¯ë,Á`¶q¶i¦ì,¾AÀ³¯g:½w¸Ñ»H¯Ö¯kµh¤£¾A,,Indication: Treatment of interstitial cystitis.,,¥~ Æ[:¥Õ¦â½¦Ån¡A ¦³BNP 7600¦r¼Ë,Appearance:White Capsule,,,,¬Ò¥i¥Î,·RªcÃ¹,Elmiron 100mg,,,§_,¬O,,,,,,,,,¤@¯ë,¤@¯ë,Äµ »y:­Y¦P®É¨Ö¥Î§Ü¾®¦å¾¯warfarin¤§±wªÌ¡A ½Ð°È¥²§iª¾Âå®v,,,,,§_,1.0,,§_,§_,§_,³æ¤è,§_,¥i¥Î,¥i¥Î,¥i¿i,¬O,,1.00,1.00,1.00,1.00,999,999,1,1,0,0,0,0,,¦³¹Ï¤ù,,0,,0,,C05BA04,,,,,,,,,CAP,¬O,°·«Oµ¹¥I,°·«Oµ¹¥I,SODIUM PENTOSAN POLYSULPHATE,G04BX15,B023657100,§_,SolidDrugForm,ORTAB,,,,,,,,,PH047,202303141737,48.60,63.00
OELME,20070626,99999999,°±¥Î,Elmesatt 2mg,Elmesatt 2mg,Dihydroergotoxine,PO,TID,CAVS,CV-11-00,¤fªA,TAB,Elmesatt,«D²Õ®M,°±¥Î,,¤@¯ë¥i¥Î,¬O,¤£¥i¥ÎÃÄ¥]¾÷,¥i¥Î,¤@¯ë,Á`¶q¶i¦ì,¾AÀ³¯g:¦Ñ¤H¥¢´¼¤§»²§UªvÀø,,Indication:Adjunct in treating symptoms of dementia.,,¥~ Æ[:¥Õ¦â¶ê«ó§Î¿õ¾¯¡A ¤@­±¦LTwLM¡A ¤@­±¦³¤¤¥¡¨è²ª,Appearance:White Round Tablet,¸¡³¡µjÅË¡A ½Æµø¡A »ó¥R¦å¡A ¥Ö½§¼é¬õ¡A ·w¯t,Abdominal cramps¡A blurred vision¡A nasal congestion¡A flushing of the skin¡A dizzin,,¬Ò¥i¥Î,§í¶ë¿õ,Elmesatt 2mg,,,§_,¬O,,½Ð¿í·ÓÂå®v«ü¥Ü¥ÎÃÄ¡A ¤Å¦Û¦æ§ó§ï¾¯¶q©Î¥ÎÃÄ®É¶¡,,Follow doctor's advice. Do not change your dose or schedule.,,,,,¤@¯ë,¤@¯ë,Äµ »y:½Ð¿í·ÓÂå®v«ü¥Ü¥ÎÃÄ¡A¤Å¦Û¦æ§ó§ï¾¯¶q©Î¥ÎÃÄ®É¶¡¡C,,,,,§_,1.0,,§_,§_,§_,³æ¤è,§_,°±¥Î,¥i¥Î,¥i¿i,¬O,,1.00,1.00,2.00,2.00,99,99,1,1,0,0,0,0,,¦³¹Ï¤ù,,0,,0,,C04AE01,,,,,,,,,TAB,,°·«Oµ¹¥I,°·«Oµ¹¥I,DIHYDROERGOTOXINE,C04AE01,B020553100,§_,SolidDrugForm,ORTAB,,,,,,,,,PH047,202303141737,4.42,6.00
OELT,19960101,99999999,¥i¥Î,Eltroxin 50mcg,Eltroxin 50mcg,Levothyroxine,PO,QDAC,META,ME-03-00,¤fªA,TAB,Levothyroxine,«D²Õ®M,,,¤@¯ë¥i¥Î,¬O,¥i¥ÎÃÄ¥]¾÷,¥i¥Î,¤@¯ë,Á`¶q¶i¦ì,¾AÀ³¯g: ¥Òª¬¸¢¾÷¯à´î°h¯g,,Indication: Treatment of hypothyroidism.,,¥~ Æ[: ¥Õ¦â¶ê«ó§Î¿õ¾¯¡A¤@­±¨èGS 11E¡A¤@­±¨è50,Appearance: White Round Tablet (mark: GS 11E and 50),¤ß·i¹L³t¡A¸¡Âm¡A¹Ã¦R¡A¥¢¯v¡AÀYµh¡A¼é¬õ¡A¥X¦½,Tachycardia¡A diarrhoea¡A vomiting¡A insomnia¡A headache¡A flushing¡A sweating,,,©ù¯SªY¿õ 50 ·L¤½§J,Eltroxin 50mcg,,,§_,¬O,,­Yµo¥ÍÄY­«¹L±Ó©Îµo¯lµ¥¤£¾A¯gª¬¡AÀ³§Y°±ÃÄ¨Ã½Ð±ÐÂå®v,,Report to doctor¡A if any severe hypersensitivity or skin rash occur.,,,,,¤@¯ë,¤@¯ë,Äµ »y: ­Yµo¥ÍÄY­«¹L±Ó©Îµo¯lµ¥¤£¾A¯gª¬¡AÀ³§Y°±ÃÄ¨Ã½Ð±ÐÂå®v,,,,,§_,1.0,,§_,¬O,§_,³æ¤è,§_,¥i¥Î,¥i¥Î,¥i¿i,¬O,,1.00,1.00,4.00,4.00,999,999,1,1,9.00,9.00,0,0,,¦³¹Ï¤ù,,0,,0,,H03AA01,,,,,,,,,TAB,§_,°·«Oµ¹¥I,°·«Oµ¹¥I,THYROXINE,H03AA01,BC25533100,§_,SolidDrugForm,ORTAB,,,,,,,,,PH047,202303141737,1.50,3.00
OELT1,20100322,99999999,°±¥Î,100mcg ELTROXIN,ELTROXIN 100mcg,Levothyroxine,AC,QD,META,ME-03-00,¤fªA,TAB,Levothyroxine,«D²Õ®M,°±¥Î,,¤@¯ë¥i¥Î,¬O,¤£¥i¥ÎÃÄ¥]¾÷,¥i¥Î,¤@¯ë,Á`¶q¶i¦ì,¾AÀ³¯g:ªv¥Òª¬¸¢¾÷¯à¤£¨¬,,Indication:Treatment of hypothyroidism.,,¥~ Æ[:¥Õ¦â¶ê«ó§Î¿õ¾¯¡A¤@­±¨è100¡A¤@­±¨è G S 21C,Appearance:White round tablet,¤ß·i¹L³t¡A¸¡Âm¡A¹Ã¦R¡A¥¢¯v¡AÀYµh¡A¼é¬õ¡A¥X¦½,Tachycardia¡A diarrhoea¡A vomiting¡A insomnia¡A headache¡A flushing¡A sweating,,¬Ò¥i¥Î,100 ·L¤½§J ©ù¯SªY¿õ,100mcg ELTROXIN,,,§_,¬O,,­Yµo¥ÍÄY­«¹L±Ó©Îµo¯lµ¥¤£¾A¯gª¬¡A À³§Y°±ÃÄ¨Ã½Ð±ÐÂå®v,,Report to doctor¡A if any severe hypersensitivity or skin rash occur.,,,,,¤@¯ë,¤@¯ë,Äµ »y: ­Yµo¥ÍÄY­«¹L±Ó©Îµo¯lµ¥¤£¾A¯gª¬¡AÀ³§Y°±ÃÄ¨Ã½Ð±ÐÂå®v,,,,,§_,1.0,,§_,¬O,§_,³æ¤è,§_,¥i¥Î,¥i¥Î,¥i¿i,¬O,,1.00,1.00,2.00,2.00,999,999,1,1,6.00,6.00,0,0,,¦³¹Ï¤ù,,0,,0,,H03AA01,,,,,,,,,TAB,,°·«Oµ¹¥I,°·«Oµ¹¥I,THYROXINE,H03AA01,BC24708100,§_,SolidDrugForm,ORTAB,,,,,,,,,PH006,202011180805,1.50,3.00
OEM125,20120205,99999999,°±¥Î,EMEND 125mg,EMEND 125mg,Aprepitant,PO,QD,CNEU,CN-03-08,¤fªA,CAP,Emend,«D²Õ®M,°±¥Î,,¤@¯ë¥i¥Î,¬O,¤£¥i¥ÎÃÄ¥]¾÷,¥i¥Î,¤@¯ë,Á`¶q¶i¦ì,¾AÀ³¯g:¹w¨¾¤ÆÀø¤Þ°_ªº«æºC©Êäú¤ß¹Ã¦R,,Indication:Prevention of acute & delayed nausea & vomiting.,,¥~ Æ[:¯»¬õ/¥Õ¦â½¦Ån¡A¦L¦³462/125mg¦r¼Ë,Appearance:Pink/white hard capsule,¥´ÜÐ¡Aµê®z¡A ¯h³Ò¡A ALT­È¼W¥[¡A «K¯¦¡A ÀYµh¡A ¹½­¹,Hiccups¡A asthenia/fatigue¡A ALT increased¡A constipation¡A headache¡A anorexia.,,¥u¥Î©óªù¶E¤Î¦í°|STAT,¤î±Ó¦R,EMEND 125mg,,,§_,¬O,,°¸¦³»´·LÀYµh¡A «K¯µµ¥¤£¾A±¡§Î,,May cause mild headache¡A constipation.,,ªAÃÄ´Á¶¡Á×§K¦Y¸²µå¬c©Î¶¼¥Î¸²µå¬c¥Ä¡A¥H§K¼vÅTÃÄª«¥NÁÂ,Avoid grapefruits or related products to prevent risk of interaction.,,¤@¯ë,¤@¯ë,Äµ »y:°¸¦³»´·LÀYµh¡B«K¯µµ¥¤£¾A±¡§Î,SA «÷­µ¬Û¦ü,,0,0,§_,1.0,,§_,¬O,§_,³æ¤è,§_,°±¥Î,°±¥Î,¥i¿i,¬O,,1.00,1.00,1.00,1.00,3,3,1,1,2.00,2.00,0,0,,¦³¹Ï¤ù,,0,,0,,A04AD12,,,,,,,,,CAP,,°·«Oµ¹¥I,°·«Oµ¹¥I,APREPITANT,A04AD12,BC23986100,§_,SolidDrugForm,CAP,,,,,,,,,PH006,202304181423,439.00,527.00
OEM80,20120205,99999999,°±¥Î,Emend 80mg,Emend 80mg,Aprepitant,PO,QD,CNEU,CN-03-08,¤fªA,CAP,Emend,«D²Õ®M,°±¥Î,,¤@¯ë¥i¥Î,¬O,¤£¥i¥ÎÃÄ¥]¾÷,¥i¥Î,¤@¯ë,Á`¶q¶i¦ì,¾AÀ³¯g:¹w¨¾¤ÆÀø¤Þ°_ªº«æºC©Êäú¤ß¹Ã¦R,,Indication:Prevention of acute & delayed nausea & vomiting.,,¥~ Æ[:¥Õ¦â½¦Ån¡A¦L¦³461/80mg¦r¼Ë,Appearance:White hard capsule,¥´ÜÐ¡A µê®z¡A ¯h³Ò¡A ALT­È¼W¥[¡A «K¯¦¡A ÀYµh¡A ¹½­¹,Hiccups¡A asthenia/fatigue¡A ALT increased¡A constipation¡A headache¡A anorexia.,,¥u¥Î©óªù¶E¤Î¦í°|STAT,¤î±Ó¦R,Emend 80mg,,,§_,¬O,,°¸¦³»´·LÀYµh¡A «K¯µµ¥¤£¾A±¡§Î,,May cause mild headache¡A constipation.,,ªAÃÄ´Á¶¡Á×§K¦Y¸²µå¬c©Î¶¼¥Î¸²µå¬c¥Ä¡A¥H§K¼vÅTÃÄª«¥NÁÂ,Avoid grapefruits or related products to prevent risk of interaction.,2020/09ÃÄ©e·|§R°£,¤@¯ë,¤@¯ë,Äµ »y:°¸¦³»´·LÀYµh¡B«K¯µµ¥¤£¾A±¡§Î,SA «÷­µ¬Û¦ü,,0,0,§_,1.0,,§_,§_,§_,³æ¤è,§_,°±¥Î,°±¥Î,¥i¿i,¬O,,1.00,1.00,1.00,1.00,5,5,2,2,2.00,2.00,0,0,,¦³¹Ï¤ù,,0,,0,,A04AD12,,,,,,,,,CAP,,°·«Oµ¹¥I,°·«Oµ¹¥I,APREPITANT,A04AD12,BC23985100,§_,SolidDrugForm,CAP,,,,,,,,,PH047,202303141737,439.00,527.00
OEMB,19960101,99999999,°±¥Î,EMB(Myambutol) 400mg,EMB(Myambutol) 400mg,Ethambutol,PO,,QANB,AI-01-12,¤fªA,TAB,Myambutol,«D²Õ®M,°±¥Î,OEPB,¤@¯ë¥i¥Î,¬O,¤£¥i¥ÎÃÄ¥]¾÷,,¤@¯ë,Á`¶q¶i¦ì,¾AÀ³¯g:§Üµ²®Ö¯fÃÄª«,,Treatment of tuberculosis¡A don't take with antacid,,¥~ Æ[:ÂÅ¦â¶ê§ÎÃÄ¿õ,Appearance:Blue Round Tablet,,,,,©sªí¦h,EMB(Myambutol) 400mg,,,§_,¬O,,,,,,,,,¤@¯ë,¤@¯ë,Äµ »y:½ÐÁ×§K»P¤¤©M­G»Ä¥ÎªºÃÄ (¤@¯ë­GÃÄ) ¨ÖªA¡A¥H½T«OÀø®Ä,,,,,§_,1.0,,§_,§_,§_,³æ¤è,§_,¥i¥Î,¥i¥Î,¥i¿i,¬O,,1.00,1.00,5.00,5.00,999,999,1,1,0,0,0,0,,µL¹Ï¤ù,,0,,0,,J04AK02,,,,,,,,,TAB,§_,°·«Oµ¹¥I,°·«Oµ¹¥I,ETHAMBUTOL,J04AK02,N004090100,§_,SolidDrugForm,ORTAB,,,,,,,,,PH047,202401261324,2.90,4.00
OEME,20080101,99999999,°±¥Î,Emetrol (DMP) 10 mg,Emetrol (DMP) 10 mg,Domperidone,PO,,ALIM,GI-06-00,¤fªA,TAB,Motilium,«D²Õ®M,°±¥Î,,¤@¯ë¥i¥Î,¬O,¤£¥i¥ÎÃÄ¥]¾÷,¥i¥Î,¤@¯ë,Á`¶q¶i¦ì,¾AÀ³¯g:¥Dªv¸z­GÄ¯°Ê²§±`¤ÎµÈ®ð¡A ¨ã¤î¦R»P«P¶i®ø¤Æ§@¥Î,,Treatment of nausea¡A vomiting¡A dyspeptic symptoms,,¥~ Æ[:¥Õ¦â¶ê«ó§Î¿õ¾¯¡A ¤@­±¦L031¡A ¤@­±¦³¹Ï®×,Appearance:White Round Tablet,,,,¬Ò¥i¥Î,Â¡¦R¹ç,Emetrol (DMP) 10 mg,,,§_,¬O,,,,,,,,,¤@¯ë,¤@¯ë,Äµ »y:½Ð¿í·ÓÂå®v«ü¥Ü¨Ï¥Î¡A­Yµo¥ÍºÃ¦üÃÄª«¤£¨}¤ÏÀ³½Ð§iª¾Âå¥Í¡C,,,,,§_,1.0,,§_,§_,§_,³æ¤è,§_,¥i¥Î,¥i¥Î,¥i¿i,¬O,,1.00,1.00,2.00,2.00,99,99,1,1,0,0,0,0,,µL¹Ï¤ù,,0,,0,,,,,,,,,,,TAB,,°·«Oµ¹¥I,°·«Oµ¹¥I,DOMPERIDONE,A03FA03,A0339471G0,§_,SolidDrugForm,ORTAB,,,,,,,,,PH047,202303141737,1.50,3.00
OEND,20131114,99999999,¥i¥Î,Endoxan 50mg,Endoxan 50mg,Cyclophosphamide,PO,TIDAC,RACA,ON-01-01,¤fªA,TAB,Endoxan,«D²Õ®M,,,¤@¯ë¥i¥Î,¬O,¤£¥i¥ÎÃÄ¥]¾÷,,¤@¯ë,Á`¶q¶i¦ì,¾AÀ³¯g:¬°§Ü¸~½FÃÄ,,Indication:Cancer therapy.,,¥~ Æ[:¥Õ¦â¶ê§Î¿}¦ç¿õ,Appearance:white round tablet,°©Åè§í¨î¡A äú¤ß¹Ã¦R¡A ¥X¦å©Ê»H¯Öª¢,Bone marrow suppression¡A nausea¡A vomiting¡A hemorrhage cystitis.,,,Àù¼w¬P¿õ,Endoxan 50mg,,,§_,¬O,,À³©ó¥Õ¤Ñ¾¨¦­ªA¥Î¡A ¨Ã½Ð¦h¶¼¤ô¡A ¤Á¤Ååx§¿,,,,³Æµù: ¦³¥X¦å©Ê»H¯Öª¢¯gª¬À³¥ß§Y°±¥Î,Discontinue therapy if hemorrhagic cystitis occurs.,¦]º¢¥Î°hÃÄµ¹ÃÄ¼t¡A»Ý­n®É½Ð³qª¾ÃÄ®w±ÄÁÊ¡C,¤@¯ë,¤@¯ë,Äµ »y:À³©ó¥Õ¤Ñ¾¨¦­ªA¥Î¡A¨Ã½Ð¦h¶¼¤ô¡B¤Á¤Ååx§¿,Äµ °ªÄµ°T,¤fªAÃÄ,0,0,§_,1.0,,§_,¬O,§_,³æ¤è,§_,¥i¥Î,¥i¥Î,¤£¥i¿i,¬O,,1.00,1.00,2.00,2.00,999,999,1,1,8.00,8.00,0,0,,¦³¹Ï¤ù,,0,,0,,L01AA01,,,,,,,,,TAB,§_,°·«Oµ¹¥I,°·«Oµ¹¥I,CYCLOPHOSPHAMIDE,L01AA01,BC12601100,§_,SolidDrugForm,ORTAB,¦M®`¤@¯Å(¡I¡I),,,,,,,,PH047,202303141737,11.90,15.00
OENTE,20061127,99999999,°±¥Î,Entecavir 0.5mg,Entecavir 0.5mg,Entecavir,PO,QD,QANB,AI-03-03,¤fªA,TAB,Baraclude,«D²Õ®M,°±¥Î,OBAR,¤w°±¥Î,¬O,¥i¥ÎÃÄ¥]¾÷,¥i¥Î,¤@¯ë,Á`¶q¶i¦ì,¾AÀ³¯g:B«¬¨xª¢,,Treatment of chronic hepatitis B virus infection in adults,,¥~ Æ[: ¥Õ¦â¤T¨¤§Î¿õ¾¯¡A ¤@­±¦L 1611¡A ¤@­±¦LBMS,Appearance:White triangle tablet,,,,¬Ò¥i¥Î,¨©¼Ö«È,Entecavir 0.5mg,,,§_,¬O,,,,,,,,,¤@¯ë,¤@¯ë,Äµ »y:¥»ÃÄµLªk­°§C¨xª¢¯f¬r¶Ç¬Vµ¹¨ä¥L¤Hªº¾÷·|,,,,,§_,1.0,,§_,§_,§_,³æ¤è,§_,¥i¥Î,¥i¥Î,¥i¿i,¬O,,1.00,1.00,10.00,10.00,99,99,1,1,0,0,0,0,,µL¹Ï¤ù,,0,,0,,J05AF10,,,,,,,,,,,,,,,,§_,SolidDrugForm,ORTAB,,,,,,,,,PH047,202401261324,0,0
OENTR,20170315,99999999,¥i¥Î,Entresto 100mg,Entresto 100mg,Sacubitril + Valsartan,PO,BID,CAVS,CV-09-00,¤fªA,TAB,Entresto,«D²Õ®M,,,¤@¯ë¥i¥Î,¬O,¤£¥i¥ÎÃÄ¥]¾÷,±ø¥ó¤Uµ¹¥I,¤@¯ë,Á`¶q¶i¦ì,¾AÀ³¯g:ªvÀøºC©Ê¤ßÅ¦°IºÜ¡C,,Indication: Chronic heart failure.,,¥~ Æ[:²L¶À¦â¾ò¶ê§Î½¤¦ç¿õ¡A¤@­±¨è¦L¡uNVR¡v¡A¤@­±¨è¦L¡uL1¡v,Appearance:Pale yellow tablet,¦åºÞ©Ê¤ô¸~¡B§C¦åÀ£¡BµÇ¥\¯à¤£¥þ¡B°ª¦å¹[¡C,Angioedema¡A hypotension¡A impaired renal function¡A hyperkalemia.,,¬Ò¥i¥Î,°·¦w¤ß100²@§J½¤¦ç¿õ,Entresto 100mg,,,¬O,¬O,½Ã±Ð³æ¤T,½Ð¿íÂå®v«ü¥Ü«ö®É¥ÎÃÄ¡A¤Å¦Û¦æ§ïÅÜ¾¯¶q¡B¥Îªk©Î¥ô·N°±ÃÄ¡C,¦pªGµo²{Ãh¥¥¡AÀ³¾¨³t°±¥Î¡C,Follow prescribed instructions; do not self-adjust or stop medication.,If pregnant¡A stop use immediately.,­¹ª«¥æ¤¬§@¥Î: ªAÃÄ´Á¶¡À³Á×§K¹L¶qÄá¨ú¹[ÆQ (¦p: ¥NÆQ),Food interaction: Avoid overtaking potassium salt.,,¤@¯ë,¤@¯ë,Äµ »y: ½Ð¿íÂå®v«ü¥Ü«ö®É¥ÎÃÄ¡A¤Å¦Û¦æ§ïÅÜ¾¯¶q¡B¥Îªk©Î¥ô·N°±ÃÄ¡C,­¹ ­¹ª«¥æ¤¬,,0,0,§_,1.0,,§_,¬O,§_,½Æ¤è,§_,¥i¥Î,¥i¥Î,¥i¿i,¬O,,1.00,1.00,2.00,2.00,999,999,28,1,4.00,4.00,0,0,,¦³¹Ï¤ù,,0,,0,,C09DX04,C09CA03,,,,0,,0,,TAB,,°·«Oµ¹¥I,°·«Oµ¹¥I,VALSARTAN + SACUBITRIL,C09DX04,BC26672100,§_,SolidDrugForm,ORTAB,,,,,,,,,PH047,202402140519,59.00,74.00
OENZ,20080916,99999999,°±¥Î,Enzdase EC 5mg,Enzdase EC 5mg,Serratiopeptidase,PC,TID,CNEU,CN-03-12,¤fªA,TAB,Danzen,«D²Õ®M,°±¥Î,,¤@¯ë¥i¥Î,¬O,¤£¥i¥ÎÃÄ¥]¾÷,°·«O¤£µ¹¥I,¤@¯ë,Á`¶q¶i¦ì,¾AÀ³¯g:®øª¢¡A ®ø¸~¤§¥Î,,Indication:Anti-inflammatory enzyme.,,¥~ Æ[:²L¾ï¦â¶ê«ó¿õ¾¯,Appearance:Light orange round tablet,­G¸z¤£¾A¡A ¸¡Âm¡A äú¤ß¡A ¹Ã¦R,GI disturbance¡A diarrhea¡A nausea¡A vomiting,,¬Ò¥i¥Î,¥ý®õ,Enzdase EC 5mg,,,§_,§_,,½ÐÁ×§K»P¤¤©M­G»Ä¥ÎªºÃÄ (¤@¯ë­GÃÄ) ¨ÖªA¡A ¥H½T«OÀø®Ä,,Avoid taking with antacid.,,³Æµù: ¤p¤ß¥Î©ó¾®¦å²§±`±wªÌ,Shouldbe used with caution in blood coagulation disorders.,104-3 ÃÄ©e·|§R°£,¤@¯ë,¤@¯ë,Äµ »y:½ÐÁ×§K»P¤¤©M­G»Ä¥ÎªºÃÄ (¤@¯ë­GÃÄ) ¨ÖªA¡A¥H½T«OÀø®Ä,,,,,§_,1.0,,§_,§_,§_,³æ¤è,§_,°±¥Î,¥i¥Î,¤£¥i¿i,¬O,,1.00,1.00,1.00,1.00,999,999,1,1,8.00,8.00,0,0,,¦³¹Ï¤ù,,0,,0,,V03AXaa,,,,,,,,,TAB,,¤£µ¹¥I¶·¦Û¥I,¤£µ¹¥I¶·¦Û¥I,,,,§_,SolidDrugForm,ECTAB,,,,,,,,,PH047,202303141737,0,2.00
OENZI,20180614,99999999,°±¥Î,Enzil 100mg,Enzil 100mg,Amantadine,PO,BID,CNEU,CN-03-06,¤fªA,TAB,PK-Merz,«D²Õ®M,°±¥Î,ODOP,¤@¯ë¥i¥Î,¬O,¥i¥ÎÃÄ¥]¾÷,,¤@¯ë,Á`¶q¶i¦ì,¾AÀ³¯g:©¬ª÷´Ë¤ó¯g¡A¹w¨¾¤ÎªvÀø¢Ï«¬¬y¦æ©Ê·P«_¯gª¬,,Indication:Treatment of parkinsonism¡A viral infection,,¥~ Æ[:¥Õ¦â¶ê§ÎÃÄ¿õ¡A¤@­±¦³¤¤¥¡¨è²ª,Appearance:White round tablet,Ä¼°Ê¡A äú¤ß¡A «K¯µ¡A ©Ê¼¤­°§C¡A ¸¡Âm¡A ÀYµh¡A ¹Ã¦R,Agitation¡A nausea¡A constipation¡A decrease in sexual desire¡A diarrhea¡A headache.,,¬Ò¥i¥Î,­^´¼¿õ100¤½µ·,Enzil 100mg,,,,¬O,,¥i¯à·|³y¦¨¶ÝºÎ©Î·w¯t¡A ¶}¨®©Î¾Þ§@¦MÀI¾÷¾¹½Ð¤p¤ß,,May make you dizzy; use caution while driving or operating machinery.,,,,,¤@¯ë,¤@¯ë,Äµ »y:¥i¯à·|³y¦¨¶ÝºÎ©Î·w¯t¡A ¶}¨®©Î¾Þ§@¦MÀI¾÷¾¹½Ð¤p¤ß,,,0,0,§_,1.0,,§_,,§_,³æ¤è,,¥i¥Î,¥i¥Î,¥i¿i,¬O,,1.00,1.00,2.00,2.00,999,999,1,1,8.00,8.00,0,0,,¦³¹Ï¤ù,,0,,0,,N04BB01,,,,,0,,0,,TAB,§_,°·«Oµ¹¥I,°·«Oµ¹¥I,AMANTADINE,N04BB01,AC29796100,,SolidDrugForm,ORTAB,,,0,,0,,,,PH006,202007270941,3.77,6.00
OEPB,20091125,99999999,¥i¥Î,Epbutol (EMB) 400mg,Epbutol (EMB) 400mg,Ethambutol,PO,QD,QANB,AI-01-12,¤fªA,TAB,Myambutol,«D²Õ®M,,,¤@¯ë¥i¥Î,¬O,¤£¥i¥ÎÃÄ¥]¾÷,¥i¥Î,¤@¯ë,Á`¶q¶i¦ì,¾AÀ³¯g:§Üµ²®Ö¯fÃÄª«,,Indication:Treatment of tuberculosis.,,¥~ Æ[:¥Õ¦â¶ê«ó§Î¿õ¾¯¡A ¤@­±¦L"YS EB"¦r¼Ë,Appearance:White round tablet,¸¡µh¡A ·NÃÑ²V²c¡A ÀYµh¡A µL­¹¼¤¡A äú¤ß¡A ¹Ã¦R,Abdominal pain; confusion; headache; loss of appetite; nausea and vomiting,,¬Ò¥i¥Î,©ö´_À÷¿õ,Epbutol (EMB) 400mg,,,§_,¬O,,½ÐÁ×§K»P¤¤©M­G»Ä¥ÎªºÃÄ (¤@¯ë­GÃÄ) ¨ÖªA¡A ¥H½T«OÀø®Ä,,Avoid taking with antacid.,,,,,¤@¯ë,¤@¯ë,Äµ »y:½ÐÁ×§K»P¤¤©M­G»Ä¥ÎªºÃÄ (¤@¯ë­GÃÄ) ¨ÖªA¡A¥H½T«OÀø®Ä,,,,,§_,1.0,,§_,¬O,§_,³æ¤è,§_,¥i¥Î,¥i¥Î,¥i¿i,¬O,,1.00,1.00,5.00,5.00,28,999,1,1,9.00,9.00,0,0,,¦³¹Ï¤ù,,0,,0,,J04AK02,,,,,0.40,g,1.20,g,TAB,,°·«Oµ¹¥I,°·«Oµ¹¥I,ETHAMBUTOL,J04AK02,AB19877100,§_,SolidDrugForm,ORTAB,,,,,,,,,PH047,202303141737,3.97,6.00
OEPC,20190925,99999999,¥i¥Î,Epclusa 400/100mg,Epclusa 400/100mg,Sofosbuvir + Velpatasvir,PO,QD,QANB,AI-03-04,¤fªA,TAB,Epclusa,«D²Õ®M,Á{±ÄÃÄ¡A½Ð³qª¾ÃÄ§½¥~ÁÊ,,¥»°|Á{±Ä²M³æ,¬O,¤£¥i¥ÎÃÄ¥]¾÷,±ø¥ó¤Uµ¹¥I,¤@¯ë,Á`¶q¶i¦ì,¾AÀ³¯g:C«¬¨xª¢,,Indication:Chronic hepatitis C virus infection in adults,,¥~ Æ[:¯»¬õ¦âµÙ§ÎÃÄ¿õ¡A¼Ð¥Ü¦³GSI¡A¥t¤@­±7916,Appearance:Pink diamond tablet¡A marked GSI¡A 7916,ÀYµh¡B¯h­Â¡Bäú¤ß,Headache¡A tiredness¡A nausea,,¥u¥Î©óªù¶E¤Î¦í°|STAT,©yÃÐ²ï½¤¦ç¿õ,Epclusa 400/100mg,,,,§_,,½Ð¿í«ü¥ÜªA§¹¾ã­ÓÀøµ{¡A ­Yµo¥Í¥ÎÃÄ¤£¨}¤ÏÀ³½Ð§iª¾Âå¥Í,,Follow doctor's advice. Check with doctor if you notice any side effects.,,,,2019Q3ÃÄ©e·s¼W(¤JÁ{±Ä²M³æ¡A¤£³Æ®w¦s),¤@¯ë,¤@¯ë,Äµ »y:½Ð¿í«ü¥ÜªA§¹¾ã­ÓÀøµ{¡A­Yµo¥Í¥ÎÃÄ¤£¨}¤ÏÀ³½Ð§iª¾Âå¥Í¡C,,,0,0,§_,1.0,,§_,¬O,§_,½Æ¤è,§_,°±¥Î,°±¥Î,¤£¥i¿i,§_,,1.00,1.00,1.00,1.00,168,168,0,0,1.00,1.00,0,0,,¦³¹Ï¤ù,,0,,0,,J05AP55,J05AP08,,,,0,,0,,TAB,,¤£µ¹¥I¶·¦Û¥I,¤£µ¹¥I¶·¦Û¥I,SOFOSBUVIR 400 MG + VELPATASVIR 100 MG,J05AP55,BC27547100,,SolidDrugForm,ORTAB,,,0,,0,,,,PH047,202402011724,0,2770.00
OEPI,20111225,99999999,°±¥Î,Epilon,Epilon,Scopolam + Dicyclomine + Chlordiazepoxide,PO,TID,ALIM,GI-01-01,¤fªA,TAB,,«D²Õ®M,°±¥Î,,¤@¯ë¥i¥Î,¬O,¤£¥i¥ÎÃÄ¥]¾÷,¥i¥Î,¤@¯ë,Á`¶q¶i¦ì,¾AÀ³¯g:­G¡B¤Q¤G«ü¸z¼ìºÅ¡B­Gµh¡B­GµjÅË¡B­Gª¢,,Indication:Antacid plus antispasmodic & sedative.,,¥~ Æ[:ºñ¦â¶ê¥Y§Î¿õ¾¯,Appearance:Green round tablet,¤f°®¡B©ü©ü±ýºÎ¡B¥Ö½§©Î³ïÄV(»óµÄ)°®Àê¡B«K¯µ,Dry mouth¡A drowsiness¡A dryness of nose¡A throat or skin¡A constipation,,¬Ò¥i¥Î,­G¥²®Ô,Epilon,,,§_,¬O,,¥i¯à·|³y¦¨¶ÝºÎ©Î·w¯t¡A ¶}¨®©Î¾Þ§@¦MÀI¾÷¾¹½Ð¤p¤ß,,May make you dizzy; use caution while driving or operating machinery,,,,,¤@¯ë,¤@¯ë,Äµ »y:¥i¯à·|³y¦¨¶ÝºÎ©Î·w¯t¡A ¶}¨®©Î¾Þ§@¦MÀI¾÷¾¹½Ð¤p¤ß,,,0,0,§_,1.0,,§_,§_,§_,½Æ¤è,§_,¥i¥Î,¥i¥Î,¥i¿i,¬O,,1.00,1.00,2.00,2.00,999,999,0,1,9.00,9.00,0.10,0.03,,¦³¹Ï¤ù,,0,,0,,A02AA02,N05BA02,A03BB01,A03AA07,,,,,,TAB,,°·«Oµ¹¥I,°·«Oµ¹¥I,DICYCLOMINE 2MG + SCOPOLAMINE 2MG + CHLORDIAZEPOXIDE 5MG + ALUMINUM SILICATE 60MG + MAGALDRAT 350MG + MAGNESIUM OXIDE 40MG + CHLOROPHYLL SODIUM COPPER 3MG,A02AG,AC037031G0,§_,SolidDrugForm,ORTAB,,,,,,,,,PH047,202303141738,2.00,3.00
OEPR,20190925,99999999,¥i¥Î,Epram 10mg,Epram 10mg,Escitalopram,PO,QD,CNEU,CN-02-04,¤fªA,TAB,Lexapro,«D²Õ®M,,,¤@¯ë¥i¥Î,¬O,¤£¥i¥ÎÃÄ¥]¾÷,±ø¥ó¤Uµ¹¥I,¤@¯ë,Á`¶q¶i¦ì,¾AÀ³¯g:Æ{¯g¤§ªvÀø¤Î¹w¨¾´_µo¡A®£·W¯g¡BµJ¼{¯g¡B±j­¢¯g¤§ªvÀø¡C,,Indication:Treatment of depression¡A panic¡A anxiety disorder,,¥~ Æ[:¥Õ¦â¾ò¶ê§Î¿õ¾¯¡A¦L¦³EB/101,Appearance:White elliptic tablet¡A marking: EB/101,­¹¼¤´î°h¡A ¥¢¯v,Appetite decreased¡A insomnia,,¬Ò¥i¥Î,§íÆ{¿õ,Epram 10mg,,,¬O,¬O,,ªAÃÄ«á¡A ¥i¯àµo¥Íµu¼È©Ê·w¯t; ¤Å¶¼°s,,May cause temporary dizziness. Avoid taking with alcohol.,,³Æµù: ¤ß«ß¤£¾ã©y¤p¤ß¨Ï¥Î,Should be used with caution in arrhythmia.,2019Q3·s¶i¡A¨ú¥NLeeyo,¤@¯ë,¤@¯ë,Äµ »y¡GªAÃÄ«á¡A¥i¯àµo¥Íµu¼È©Ê·w¯t¡F¤Å¶¼°s,­¹ ­¹ª«¥æ¤¬,,0,0,§_,1.0,,§_,¬O,§_,³æ¤è,,¥i¥Î,¥i¥Î,¥i¿i,¬O,,1.00,1.00,2.00,2.00,999,999,1,1,2.00,2.00,0,0,,¦³¹Ï¤ù,,0,,0,,N06AB10,,,,,0,,0,,TAB,§_,°·«Oµ¹¥I,°·«Oµ¹¥I,ESCITALOPRAM OXALATE,N06AB10,AB48506100,,SolidDrugForm,ORTAB,,,0,,0,,,,PH047,202401151916,8.00,11.00
OERAF,20181126,99999999,¥i¥Î,Eraflu 75mg (¬F©²´£¨Ñ),Eraflu 75mg (Government),Oseltamivir,PO,BID,QANB,AI-03-01,¤fªA,CAP,Tamiflu,«D²Õ®M,°±¥Î,OTAMI,¤@¯ë¥i¥Î,¬O,¤£¥i¥ÎÃÄ¥]¾÷,¥i¥Î,¤@¯ë,Á`¶q¶i¦ì,¾AÀ³¯g:ªvÀø¬y¦æ©Ê·P«_,,Indication:Treatment of influenza,,¥~ Æ[:¶À/Ãþ¥Õ¦âªø¶ê¬W§Îµw½¦Ån,Appearance:Yellow/white cylinder hard capsule,äú¤ß¡A ¹Ã¦R¡A ¸¡µh¡A ÀYµh¡A ¥¢¯v¡A ¸¡Âm,Nausea¡A vomiting¡A abdominal pain¡A headache. Insomnia¡A diarrhea.,,¥u¥Î©óªù¶E¤Î¦í°|STAT,©ö«g«_½¦Ån,Eraflu 75mg,,,,¬O,,½Ð¿í«ü¥ÜªA§¹¾ã­ÓÀøµ{¡A ­Yµo¥Í¥ÎÃÄ¤£¨}¤ÏÀ³½Ð§iª¾Âå¥Í,,Follow doctor's advice. Check with doctor if you notice any side effects.,,³Æµù: Á×§K¥ô·N°±ÃÄ,Avoid withdrawal during therapy.,¤½¶O§Ü¬y·P¯f¬rÃÄª«¡A°·«O¤£¥Ó³ø¤£µ¹¥I¡A»ù®æ0¤¸¡C,¤@¯ë,¤@¯ë,Äµ »y:½Ð¿í«ü¥ÜªA§¹¾ã­ÓÀøµ{¡A­Yµo¥Í¥ÎÃÄ¤£¨}¤ÏÀ³½Ð§iª¾Âå¥Í¡C,,,0,0,§_,1.0,,§_,¬O,¬O,³æ¤è,§_,°±¥Î,°±¥Î,¥i¿i,¬O,,1.00,1.00,1.00,1.00,5,5,5,5,2.00,2.00,0.10,0.05,,¦³¹Ï¤ù,,0,,0,,J05AH02,,,,,0,,0,,CAP,§_,°·«Oµ¹¥I,°·«Oµ¹¥I,,,A059653100,§_,SolidDrugForm,ORCAP,,,0,,0,mL,,,PH073,202403121316,0,0
OERGO,19960101,99999999,¥i¥Î,Ergometrine 0.2mg,Ergometrine 0.2mg,Ergometrine,PO,TID,SGU,UR-02-00,¤fªA,TAB,Ergonovine,«D²Õ®M,,,¤@¯ë¥i¥Î,¬O,¥i¥ÎÃÄ¥]¾÷,,¤@¯ë,Á`¶q¶i¦ì,¾AÀ³¯g:¥Dªv¤l®c¥X¦å¡A ¤l®c¦¬ÁY¤£¥þ,,Indication:Excessive uterine bleeding.,,¥~ Æ[:¥Õ¦â¶ê«ó§Î¿õ¾¯¡A ¤@­±¦³¤¤¥¡¨è²ª¤ÎH I¡A ¤@­±¦LJCP,Appearance:White round tablet,¤l®cµjÅË¡A äú¤ß¡A ¹Ã¦R,Uterus cramp; nausea; vomiting,,,³Á¨¤·sÆP¤ù,Ergometrine 0.2mg,,,§_,¬O,,°£Âå®v«ü¥Ü¥~¡A ¥¥°ü¸T¤î¨Ï¥Î¥»ÃÄ«~,,Follow doctor's advice. Avoid during pregnancy.,,,,,¤@¯ë,¤@¯ë,Äµ »y:°£Âå®v«ü¥Ü¥~¡A¥¥°ü¸T¤î¨Ï¥Î¥»ÃÄ«~,,,,,§_,1.0,,§_,¬O,§_,³æ¤è,§_,¥i¥Î,¥i¥Î,¥i¿i,¬O,,1.00,1.00,2.00,2.00,999,999,1,1,8.00,8.00,0,0,,¦³¹Ï¤ù,,0,,0,,G02AB03,,,,,,,,,TAB,§_,°·«Oµ¹¥I,°·«Oµ¹¥I,ERGONOVINE,G02AB03,NC01749100,§_,SolidDrugForm,ORTAB,¦M®`¤G¯Å(¡I),,,,,,,,PH047,202303141738,1.50,3.00
OERI,19960101,99999999,°±¥Î,Erispan 0.25mg,Erispan 0.25mg,Fludiazepam,PO,TID,CNEU,CN-02-02,¤fªA,TAB,Erispan,«D²Õ®M,°±¥Î,OFLUP,¤w°±¥Î,¬O,¤£¥i¥ÎÃÄ¥]¾÷,,¤@¯ë,Á`¶q¶i¦ì,¾AÀ³¯g:µJ¼{ª¬ºA¡A ¥¢¯v¡A ¦Ù¦×µjÅË,,Indication:Relieve anxious symptoms.,,¥~ Æ[:¥Õ¦â¶ê§ÎÃÄ¿õ,Appearance:White round tablet,¤f°®¡A «K¯µ¡A µø¤O¼Ò½k¡A ÀY·w¡A ¶ÝºÎ,Dizzy; sleepy;blurred vision;constipation; dry mouth or thirst more,,,Â¡§QµÎ¬ß¿õ,Erispan,,,¬O,¬O,½Ã±Ð³æ¥|,¤Å¶¼°s©Î¸²µå¬c¥Ä,,Avoid alcohol or grapefruit juice.,,­¹ª«¥æ¤¬§@¥Î: ªAÃÄ´Á¶¡Á×§K­¹¥Î¸²µå¬c¥Ä»P¶¼°s,Food interaction: Avoid grapefruit juice and alcohol.,102¦~²Ä¥|¦¸ÃÄ©e·|¨MÄ³§R°£,¤@¯ë,¥|¯ÅºÞ¨î,Äµ »y:¤Å¶¼°s©Î¸²µå¬c¥Ä,­¹ ­¹ª«¥æ¤¬,,,,§_,1.0,,§_,§_,§_,³æ¤è,§_,°±¥Î,¥i¥Î,¥i¿i,¬O,,1.00,1.00,2.00,2.00,30,30,1,1,9.00,9.00,0,0,,¦³¹Ï¤ù,,0,,0,,N05BA17,,,,,,,,,TAB,§_,°·«Oµ¹¥I,°·«Oµ¹¥I,FLUDIAZEPAM,N05BA17,B009391100,§_,SolidDrugForm,ORTAB,,,,,,,,,PH047,202303141738,2.11,3.00
OERY,20030501,99999999,°±¥Î,Erythromycin 250mg,Erythromycin 250mg,Erythromycin,PO,Q6H,QANB,AI-01-06,¤fªA,CAP,Ilosone,«D²Õ®M,°±¥Î,OERY1,¤@¯ë¥i¥Î,¬O,¥i¥ÎÃÄ¥]¾÷,,¤@¯ë,Á`¶q¶i¦ì,¾AÀ³¯g:²Óµß©Ê·P¬V,,Indication:Antibiotic for infection.,,¥~ Æ[:¬õ¦â»P¶À¦â½¦Ån,Appearance:Red/yellow hard capsule,¸¡³¡¤£¾A¡A äú¤ß©Î¹Ã¦R,Abdominal discomfort¡A nausea or vomiting.,,¬Ò¥i¥Î,¬õÅð¯À,Erythromycin 250mg,,,§_,¬O,,½Ð¿í«ü¥ÜªA§¹¾ã­ÓÀøµ{¡A ­Yµo¥Í¥ÎÃÄ¤£¨}¤ÏÀ³½Ð§iª¾Âå¥Í,(¦p¤ß±ª¡B¯Ýµhµ¥¤£¾A¯gª¬),Follow doctor's advice. Check with doctor if you notice any side effects.,(ex: chest pain or a fast heartbeat),³Æµù: ¥»ÃÄ¥i¯à·|»P¨ä¥LÃÄ«~¦³¬Û¤¬¼vÅT¡A ½Ð§iª¾Âå®v,Potential interaction with certain medication¡A tell your doctor,,¤@¯ë,¤@¯ë,Äµ »y:½Ð¿í«ü¥ÜªA§¹¾ã­ÓÀøµ{¡A­Yµo¥Í¥ÎÃÄ¤£¨}¤ÏÀ³½Ð§iª¾Âå¥Í¡C,,,,,¬O,1.0,,§_,¬O,§_,³æ¤è,§_,°±¥Î,°±¥Î,¥i¿i,¬O,,1.00,1.00,4.00,8.00,7,7,0,1,32.00,32.00,0.20,0.10,,¦³¹Ï¤ù,,0,,0,,J01FA01,,,,,0.25,g,1.00,g,CAP,,°·«Oµ¹¥I,°·«Oµ¹¥I,ERYTHROMYCIN,J01FA01,AC03775100,§_,SolidDrugForm,ORCAP,,,,,,,,,PH006,202310201604,2.24,3.00
OERY1,20230803,99999999,¥i¥Î,Erymycin 250mg,Erymycin 250mg,Erythromycin,PO,Q6H,QANB,AI-01-06,¤fªA,CAP,ILOSONE,«D²Õ®M,,,¤@¯ë¥i¥Î,¬O,¥i¥ÎÃÄ¥]¾÷,±ø¥ó¤Uµ¹¥I,¤@¯ë,Á`¶q¶i¦ì,¾AÀ³¯g:²Óµß©Ê·P¬V,,Indication:Antibiotic for infection.,,¥~ Æ[:¬õ/¶À¦â½¦Ån¡A¨âºÝ¦LVPC434,Appearance:Red/yellow capsules marked with VPC434,¸¡Âm¡B­¹¼¤­°§C¡Bäú¤ß¡B¸¡µh¡B¹Ã¦R,Diarrhea¡A loss of appetite¡A nausea¡A stomach cramps¡A vomiting,,¬Ò¥i¥Î,¼Ý¤OÅð¯À½¦Ån250¤½µ·,Erymycin 250mg,,,,¬O,,½Ð¿í«ü¥ÜªA§¹¾ã­ÓÀøµ{¡A ­Yµo¥Í¥ÎÃÄ¤£¨}¤ÏÀ³½Ð§iª¾Âå¥Í,¥»ÃÄ¥i¯à·|»P¨ä¥LÃÄ«~¤¬¬Û¼vÅT¡A½Ð§iª¾Âå®v±zªº¥ÎÃÄ,Follow doctor's advice. Inform doctor if you notice any side effects.,Potential drug interactions. Inform doctor about your medications.,½Ð¨Ì«ü¥ÜªA¥Î§Ü¥Í¯À¨Ã§¹¦¨¥þ³¡Àøµ{¡C,Please take the antibiotic as directed¡A and complete the full treatment course.,202308 OERY¯Ê³f´À¥N,¤@¯ë,¤@¯ë,Äµ »y:½Ð¿í«ü¥ÜªA§¹¾ã­ÓÀøµ{¡A­Yµo¥Í¥ÎÃÄ¤£¨}¤ÏÀ³½Ð§iª¾Âå¥Í¡C,,,0,0,§_,1.0,,§_,¬O,§_,³æ¤è,§_,°±¥Î,°±¥Î,¥i¿i,¬O,,1.00,1.00,4.00,4.00,7,7,0,1,32.00,32.00,0.20,0.10,,¦³¹Ï¤ù,,0,,0,,J01FA01,,,,,0.25,g,1.00,g,CAP,§_,°·«Oµ¹¥I,°·«Oµ¹¥I,ERYTHROMYCIN,J01FA01,AC24789100,§_,SolidDrugForm,ORCAP,,,0,,0,,,,PH065,202309221102,2.24,3.00
OESM,20150920,99999999,°±¥Î,Esmya 5mg,Esmya 5mg,Ulipristal,PO,QD,HM,HR-04-00,¤fªA,TAB,Esmya,«D²Õ®M,°±¥Î,,¤@¯ë¥i¥Î,¬O,¤£¥i¥ÎÃÄ¥]¾÷,°·«O¤£µ¹¥I,¤@¯ë,Á`¶q¶i¦ì,¾AÀ³¯g:¥Î©ó¤l®cÅÖºû½F¯gª¬ªº¨|ÄÖ¦¨¦~¤k©Ê¡A¤â³N«e©Î¶¡·²©ÊªvÀø,,Indication:Treatment of uterine fibroids in premenopausal,,¥~ Æ[:¥Õ¦â¶ê¥Y¿õ¾¯¡A¤@­±¦L¦³"ES5",Appearance: White round tablet¡A marking:"ES5",ÀYµh¡A¼ö¼é¬õ¡A¸¡µh¡Aäú¤ß¡Aµh¸g,Headache¡A hot flash¡A abdominal pain¡A nausea¡A dysmenorrhea,,¬Ò¥i¥Î,®¦±¤½¤5²@§J¿õ¾¯,Esmya 5mg,,,,¬O,,¦b¶i¦æªvÀø«e¡AÀ³¥ý±Æ°£Ãh¥¥ªº¥i¯à¡C,ªvÀø´Á¶¡¡A­Y¥X²{¥Ö½§©Î²´¥ÕÅÜ¶À¡B¯ù¦â§¿µ¥¡A½Ð¥ß§Y¦^¶E,Must rule out pregnancy before starting this drug.,Signs of liver dysfunction: unusual fatigue¡Ajaundice¡A dark urine¡A or pale stool,ªAÃÄ«á¡A ½Ð¤Å¶}¨®©Î¾Þ§@¦MÀI¾÷±ñ¡C,Avoid driving or operating machinery.,2015¦~²Ä¤T¦¸ÃÄ©e·|·s¶i (µ´¹ï¦Û¶O),¤@¯ë,¤@¯ë,¦b¶i¦æªvÀø«e¡AÀ³¥ý±Æ°£Ãh¥¥ªº¥i¯à¡C,,,0,0,§_,1.0,,§_,§_,§_,³æ¤è,§_,°±¥Î,°±¥Î,¤£¥i¿i,¬O,,1.00,1.00,6.00,6.00,90,90,1,1,6.00,6.00,0,0,,¦³¹Ï¤ù,,0,,0,,G03XB02,,,,,0,,0,,TAB,,¤£µ¹¥I¶·¦Û¥I,¤£µ¹¥I¶·¦Û¥I,,,,§_,SolidDrugForm,ORTAB,¦M®`¤G¯Å(¡I),,,,,,,,PH047,202303141738,0,165.00
OEST,19960101,99999999,¥i¥Î,Estrade 2mg,Estrade 2mg,Estradiol Valerate,PO,QD,HM,HR-03-02,¤fªA,TAB,Estrade,«D²Õ®M,,,¤@¯ë¥i¥Î,¬O,¤£¥i¥ÎÃÄ¥]¾÷,,¤@¯ë,Á`¶q¶i¦ì,¾AÀ³¯g:»Û¿E¯À¯Ê¥FªvÀø¾¯,,Indication:Treatment of estrogen deficiency.,,¥~ Æ[:¥Õ¦â¶ê«ó§Î¿õ¾¯¡A¤@­±¤¤¥¡¨è²ª¡A¦L¦³SYN»P2,Appearance:White round tablet,³±¹D²§±`¥X¦å¡A ¸g´Á²§±`¡A ¨Å©ÐµÈµh©Î¦³¤Àªcª«¡A ÀYµh,Vaginal bleeding change; menstrual change; breast enlargement; headache,,,¯q´µ±o¿õ,Estrade 2mg,,,§_,¬O,,½Ð¿í·ÓÂå®v«ü¥Ü¨Ï¥Î¡A ­Yµo¥ÍºÃ¦üÃÄª«¤£¨}¤ÏÀ³½Ð§iª¾Âå¥Í,,Follow doctor's advice. Check with doctor if you notice any side effects.,,,,,¤@¯ë,¤@¯ë,Äµ »y:½Ð¿í·ÓÂå®v«ü¥Ü¨Ï¥Î¡A­Yµo¥ÍºÃ¦üÃÄª«¤£¨}¤ÏÀ³½Ð§iª¾Âå¥Í¡C,,,,,§_,1.0,,§_,¬O,§_,³æ¤è,§_,¥i¥Î,¥i¥Î,¤£¥i¿i,¬O,,1.00,1.00,4.00,4.00,999,999,1,1,30.00,30.00,0,0,,¦³¹Ï¤ù,,0,,0,,G03CA03,,,,,,,,,TAB,§_,°·«Oµ¹¥I,°·«Oµ¹¥I,ESTRADIOL VALERATE,G03CA03,AC39822100,§_,SolidDrugForm,ORTAB,¦M®`¤G¯Å(¡I),,,,,,,,PH047,202303141738,3.55,5.00
OEST6,20090622,99999999,¥i¥Î,Estromon 0.625mg,Estromon 0.625mg,Conjugated Estrogen,PO,QD,HM,HR-03-02,¤fªA,TAB,Estrogen,«D²Õ®M,,,¤@¯ë¥i¥Î,¬O,¤£¥i¥ÎÃÄ¥]¾÷,¥i¥Î,¤@¯ë,Á`¶q¶i¦ì,¾AÀ³¯g:¤k©Ê¶Pº¸»X¯Ê¥F,,Indication:Treatment of estrogen deficiency.,,¥~ Æ[:²H¯»¬õ¦â¶ê§ÎÂù¥Y¿õ¡A ¤@­±¦L¦³"¢á"¦r¼Ë,Appearance:Light pink round tablet,­¹¼¤©MÅé­«§ïÅÜ¡A ¥Ö½§´³ÂI¡A ¸g´Á²§±`¡A ¨Å©ÐµÈµh,Appetite and weight changes; skin spots; vaginal bleeding and menstrual change.,,¬Ò¥i¥Î,¥ì¨Ï»X,Estromon 0.625mg,,,§_,¬O,,¥i¯à¥X²{ÀYµh¡A ¹Ã¦R¡A ÀY·w¡A ³±¹D¥X¦åµ¥¯gª¬,,Headache¡A vomiting¡A dizziness¡A or vaginal bleeding may occur.,,,,,¤@¯ë,¤@¯ë,Äµ »y:¥i¯à¥X²{ÀYµh¡A¹Ã¦R¡AÀY·w¡A³±¹D¥X¦åµ¥¯gª¬,,,,,§_,1.0,,§_,¬O,§_,³æ¤è,§_,¥i¥Î,¥i¥Î,¤£¥i¿i,¬O,,1.00,1.00,2.00,2.00,999,999,1,1,8.00,8.00,0,0,,¦³¹Ï¤ù,,0,,0,,G03CA57,,,,,,,,,TAB,,°·«Oµ¹¥I,°·«Oµ¹¥I,ESTROGEN CONJUGATED,G03CA57,AC39304100,§_,SolidDrugForm,ORTAB,¦M®`¤@¯Å(¡I¡I),,,,,,,,PH047,202303141738,3.50,5.00
OEUC,19960101,99999999,°±¥Î,Euclidan 50mg,Euclidan 50mg,Nicametate,PO,,CAVS,CV-11-00,¤fªA,TAB,Euclidan,«D²Õ®M,°±¥Î,OSON,¤@¯ë¥i¥Î,¬O,¤£¥i¥ÎÃÄ¥]¾÷,,¤@¯ë,Á`¶q¶i¦ì,¾AÀ³¯g:¥Dªv¥½±é¦åºÞ´`Àô»ÙÃª¤§¯f¯g,,Treatment of peripheral vascular disorders,,¥~ Æ[:ºñ¦â¶ê§Î¿}¦ç¿õ,Appearance:Green Round Tablet,,,,,¼~®w§Q·x,Euclidan 50mg,,,§_,¬O,,,,,,,,,¤@¯ë,¤@¯ë,Äµ »y:½Ð¿í·ÓÂå®v«ü¥Ü¨Ï¥Î¡A­Yµo¥ÍºÃ¦üÃÄª«¤£¨}¤ÏÀ³½Ð§iª¾Âå¥Í¡C,,,,,§_,1.0,,§_,§_,§_,³æ¤è,§_,°±¥Î,¥i¥Î,¥i¿i,¬O,,1.00,1.00,2.00,2.00,999,999,1,1,0,0,0,0,,µL¹Ï¤ù,,0,,0,,,,,,,,,,,TAB,§_,°·«Oµ¹¥I,°·«Oµ¹¥I,NICAMETATE,C04AC,A009291100,§_,SolidDrugForm,ORTAB,,,,,,,,,PH047,202303141738,1.00,2.00
OEUG,19960101,99999999,°±¥Î,Euglucon 5mg(Glibenclamide),Euglucon 5mg(Glibenclamide),Glibenclamide,AC15,,META,ME-02-01,¤fªA,TAB,Euglucon,«D²Õ®M,°±¥Î,,¤@¯ë¥i¥Î,¬O,¥i¥ÎÃÄ¥]¾÷,,¤@¯ë,Á`¶q¶i¦ì,¾AÀ³¯g:¬°­°¦å¿}ÃÄ¡A½Ð©ó¶º«e¥ß§YªA¥Î,,,,¥~ Æ[:¥Õ¦âªø§ÎÃÄ¿õ,Appearance:White Rectangle Tablet,,,,,,Euglucon 5mg(Glibenclamide),,,§_,¬O,,,,,,,,,¤@¯ë,¤@¯ë,Äµ »y:½Ð¨Ì·ÓÂå®v«ü¥ÜªA¥Î¡AªAÃÄ´Á¶¡½Ð«ö®É¶iÀ\¡A¨Ãª`·N¦å¿}ÅÜ¤Æ,,,,,§_,1.0,,§_,§_,§_,³æ¤è,§_,¥i¥Î,¥i¥Î,¥i¿i,¬O,,1.00,1.00,999.00,999.00,999,999,30,1,0,0,0,0,,µL¹Ï¤ù,,0,,0,,A10BB01,,,,,,,,,TAB,§_,°·«Oµ¹¥I,°·«Oµ¹¥I,GLYBURIDE (=GLIBENCLAMIDE),A10BB01,B014586100,§_,SolidDrugForm,ORTAB,,,,,,,,,PH047,202303141738,1.50,3.00
OEUP,20021223,99999999,°±¥Î,Euphyllin Retard 250mg,Euphyllin Retard 250mg,Theophylline,PO,BID,ERSP,RE-01-00,¤fªA,TAB,,«D²Õ®M,°±¥Î,,¤@¯ë¥i¥Î,¬O,¤£¥i¥ÎÃÄ¥]¾÷,¥i¥Î,¤@¯ë,Á`¶q¶i¦ì,¾AÀ³¯g¡G®ð³Ý¤Î¤ä®ðºÞµjÅË,,Treatment of asthma and bronchospasm,,¥~ Æ[:ÂÅ¦â¾ò¶ê§Î¿õ¾¯¡A¤¤¶¡¦³¤@¨è²ª,Appearance:Blue Elliptic Tablet,,,,¬Ò¥i¥Î,¼ÚºÖªL,Euphyllin Retard 250mg,,,§_,¬O,,,,,,,,,¤@¯ë,¤@¯ë,Äµ »y:½Ð¿í·ÓÂå®v«ü¥Ü¥ÎÃÄ¡A¤Å¦Û¦æ§ó§ï¾¯¶q©Î¥ÎÃÄ®É¶¡¡C,,,,,§_,1.0,,§_,§_,§_,³æ¤è,§_,°±¥Î,¥i¥Î,¥i¿i,¬O,,1.00,1.00,1.00,1.00,99,99,1,1,0,0,0,0,,µL¹Ï¤ù,,0,,0,,,,,,,,,,,TAB,,°·«Oµ¹¥I,°·«Oµ¹¥I,THEOPHYLLINE,R03DA04,B020576100,§_,SolidDrugForm,ORTAB,,,,,,,,,PH047,202303141738,4.81,6.00
OEUR,19960101,99999999,¥i¥Î,Eurodin 2mg,Eurodin 2mg,Estazolam,PO,HS,CNEU,CN-02-07,¤fªA,TAB,Eurodin,«D²Õ®M,,,¤@¯ë¥i¥Î,¬O,¤£¥i¥ÎÃÄ¥]¾÷,,¤@¯ë,Á`¶q¶i¦ì,¾AÀ³¯g:¥¢¯v¯g,,Indication:Insomnia.,,¥~ Æ[:¥Õ¦â¶ê§ÎÃÄ¿õ¡A¤@­±¨è¤¤½u,Appearance:White round tablet,¸}¨B²Â©å©Î¤£Ã­¡A ÀY·w¡A ©ü©ü±ýºÎ¡A ¤f¾¦¤£²M¡A ¤ß¨`¼ö¡A ±J¾K,Clumsiness or unsteadiness; dizzy; sleepy; unclear speaking; heartburn; hangover,,,±y¼Ö¤B,Eurodin,,,¬O,¬O,½Ã±Ð³æ¥|,ºÎ«e¥ß§YªA¥Î¡A Á×§K¶¼°s,,Take this drug immediately prior to going to bed. Do not drink alcohol.,,­¹ª«¥æ¤¬§@¥Î: ªAÃÄ´Á¶¡Á×§K­¹¥Î¸²µå¬c¥Ä»P¶¼°s,Food interaction: Avoid grapefruit juice and alcohol.,,¤@¯ë,¥|¯ÅºÞ¨î,­Y¥X²{½ÆÂø©ÊºÎ¯v¦æ¬°¡A¦p¹Ú¹C¡BºÎ¹Ú¤¤¶}¨®µ¥¡AÀ³°±ÃÄ¨Ã¾¨³t¦^¶E¡C,­¹ ­¹ª«¥æ¤¬,,,,§_,1.0,,§_,¬O,§_,³æ¤è,§_,¥i¥Î,¥i¥Î,¤£¥i¿i,¬O,,1.00,1.00,2.00,2.00,30,30,1,1,4.00,4.00,0.01,0.01,,¦³¹Ï¤ù,,0,,0,,N05CD04,,,,,,,,,TAB,§_,°·«Oµ¹¥I,°·«Oµ¹¥I,ESTAZOLAM,N05CD04,AC124581G0,§_,SolidDrugForm,ORTAB,,,,,,,,,PH047,202303141738,2.00,3.00
OEVI,20031015,99999999,°±¥Î,Evista 60mg¡A 28's/¥],Evista 60mg¡A 28's/¥],Raloxifene,PO,QD,META,ME-06-00,¤fªA,TAB,Evista,«D²Õ®M,°±¥Î,,¤@¯ë¥i¥Î,¬O,¤£¥i¥ÎÃÄ¥]¾÷,±ø¥ó¤Uµ¹¥I,¤@¯ë,Á`¶q¶i¦ì,¾AÀ³¯g:¥Dªv°©½è²¨ÃP¯g,,Treatment of osteoporosis in postmenopause,,¥~ Æ[:¥Õ¦â¾ò¶ê§Î¿õ¾¯,Appearance:White Elliptic Tablet,,,,¬Ò¥i¥Î,¶tÃ­½¤¦ç¿õ,Evista 60mg¡A 28's/¥],,,§_,¬O,,,,,,,,,¤@¯ë,¤@¯ë,­Y¥X²{½ÆÂø©ÊºÎ¯v¦æ¬°¡A¦p¹Ú¹C¡BºÎ¹Ú¤¤¶}¨®µ¥¡AÀ³°±ÃÄ¨Ã¾¨³t¦^¶E¡C,,,,,§_,28.0,,§_,§_,¬O,³æ¤è,§_,°±¥Î,¥i¥Î,¥i¿i,¬O,,1.00,1.00,1.00,1.00,28,28,28,28,0,0,0,0,,µL¹Ï¤ù,,0,,0,,G03XC01,,,,,,,,,TAB,,°·«Oµ¹¥I,°·«Oµ¹¥I,RALOXIFENE,G03XC01,B022717100,§_,SolidDrugForm,ORTAB,,,,,,,,,PH047,202303141738,43.20,54.00
OEVI6,20220921,99999999,¥i¥Î,Evista 60mg,Evista 60mg,Raloxifene,PO,QD,META,ME-06-00,¤fªA,TAB,Evista,«D²Õ®M,,,¤@¯ë¥i¥Î,¬O,¤£¥i¥ÎÃÄ¥]¾÷,¥i¥Î,¤@¯ë,Á`¶q¶i¦ì,¾AÀ³¯g:¹w¨¾¤ÎªvÀø°±¸g«á°ü¤k°©½è²¨ÃP¯g¡C,,Indication: Osteoporosis in postmenopausal women,,¥~ Æ[:¥Õ¦â¾ò¶ê§Î¿õ¾¯¡A¤@­±¦L¦³4165¼Æ¦r¡C,Appearance:White elliptic tablet (mark: 4165),¼ö¼é¬õ¡A»L³¡µjÅË¡A»óÄuª¢¡AÃö¸`µh¡A·P«_¯gª¬,Hot flash¡A Leg cramps¡A Sinusitis¡A Joint pain¡A Flu-like symptoms,,¬Ò¥i¥Î,¶tÃ­½¤¦ç¿õ60²@§J,Evista 60mg,,,,¬O,,µLªk¦æ¨«·|¼W¥[¦å®ê­·ÀI(¦p:³N«á«ì´_)¡A­Y¦³¦¹±¡ªp½Ð¿Ô¸ßÂåÀø¤H­û,ªø´Á®È¦æ(»Ýªø®É¶¡§¤ª×)´Á¶¡À³«O«ù©w´Áªº¬¡°Ê,Tell your healthcare if being still for a long time(such as being in bed after,surgery).On long trips¡A you should move around periodically.,Ãh¥¥¤Î¦åºÞ®ê¶ë¯f¥v°ü¤k¤£¥i¨Ï¥Î,Avoid to history of venous thromboembolism or pregnant women.,2022Q3ÃÄ©e·|·s¶i,¤@¯ë,¤@¯ë,µLªk¦æ¨«·|¼W¥[¦å®ê­·ÀI(¦p:³N«á«ì´_)¡A­Y¦³¦¹±¡ªp½Ð¿Ô¸ßÂåÀø¤H­û,,,0,0,§_,1.0,,§_,¬O,§_,³æ¤è,,¥i¥Î,¥i¥Î,¤£¥i¿i,¬O,,1.00,1.00,1.00,1.00,999,999,28,28,1.00,1.00,0,0,,¦³¹Ï¤ù,,0,,0,,G03XC01,,,,,0,,0,,TAB,,°·«Oµ¹¥I,°·«Oµ¹¥I,RALOXIFENE,G03XC01,BB24023100,§_,SolidDrugForm,ORTAB,¦M®`¤G¯Å(¡I),,0,,0,,,,PH047,202305291556,32.30,42.00
OEVO,20120524,99999999,¥i¥Î,Evoxac 30mg,Evoxac 30mg,Cevimeline,PO,TID,CNEU,CN-06-00,¤fªA,CAP,Cevimeline,«D²Õ®M,Á{±ÄÃÄ¡A½Ð³qª¾ÃÄ§½¥~ÁÊ,,¥»°|Á{±Ä²M³æ,¬O,¤£¥i¥ÎÃÄ¥]¾÷,¥i¥Î,¤@¯ë,Á`¶q¶i¦ì,¾AÀ³¯g: ­×®æÄõ¤ó¯g­Ô¸s¤Þ°_¤§¤f°®¯g,,Indication:Dry mouth in patients with Sjogren's Syndrome.,,¥~ Æ[:¥Õ¦â½¦Ån¡A ¦L¦³EVO30mg¦r¼Ë,Appearance:White hard capsule,¹L«×¥X¦½¡A äú¤ß¡A ¸¡Âm¡A ¤f¤ô¹L¦h¡A ¯Ýµh,Excessive sweating¡A nausea¡A diarrhea¡A excessive salivation¡A chest pain.,,¬Ò¥i¥Î,·R§Ú¬z,Evoxac 30mg,,,§_,¬O,,ªA¥Î¥»ÃÄ«~­Y¤j¶q¥X¦½¡A¥i¯à¥X²{²æ¤ô¡A½Ð¸É¥R¤ô¤À¡A¨Ã»PÂå®v°Q½×,­Y±z¦³®ð³Ý¡B¤ßÅ¦¯f¡BµÇÅ¦©ÎÁxµ²¥Û¯e¯f½Ð¨Æ¥ý§iª¾Âå®v¡C,If you sweat excessively while taking the drug¡A drink extra water and consult Dr,Tell doctor if you have asthma¡A heart problems¡A kidney or gallbladder stones.,,,§ù©û¯uÂå®v¥Ó½ÐÁ{±Ä (102¦~²Ä¤@¦¸ÃÄ©e·|³ø§i),¤@¯ë,¤@¯ë,Äµ »y:¥i¯à·|¤ÞµoµøÄ±¤zÂZ¡A ¶}¨®©Î¾Þ§@¦MÀI¾÷¾¹½Ð¤p¤ß,,,0,0,§_,1.0,,§_,¬O,§_,³æ¤è,§_,¥i¥Î,¥i¥Î,¥i¿i,¬O,,1.00,1.00,2.00,2.00,999,999,1,1,6.00,6.00,0,0,,¦³¹Ï¤ù,,0,,0,,N07AX03,,,,,,,,,CAP,,°·«Oµ¹¥I,°·«Oµ¹¥I,CEVIMELINE,N07AX03,AC57883100,§_,SolidDrugForm,CAP,,,,,,,,,PH047,202303141738,17.10,22.00
OEXE,20040901,99999999,¥i¥Î,Exelon 3mg,Exelon 3mg,Rivastigmine,PC,BID,CNEU,CN-03-10,¤fªA,CAP,Exelon,«D²Õ®M,,,¤@¯ë¥i¥Î,¬O,¤£¥i¥ÎÃÄ¥]¾÷,,¤@¯ë,Á`¶q¶i¦ì,¾AÀ³¯g:§ïµ½»{ª¾¤Î°O¾Ð¯gª¬,,Indication:Mild to moderate Alzheimer's disease.,,¥~ Æ[:©ú¶À¾í¦âªø¶ê¬W§Î½¦Ån¡A ¦L¦³EXELON 3 mg,Appearance:Light orange cylinder capsule,Ä¼°Ê¡A §x´b¡A ·w¯t¡A ¥X¦½¡A ¯h­ÂµL¤O,Agitation¡A confusion¡A dizziness¡Aincreased sweating¡A fatigue & asthenia.,,¬Ò¥i¥Î,¾Ð«ä¯à½¦Ån,Exelon 3mg,,,¬O,¬O,,¤£­n³Ü°sºë©Ê¶¼®Æ¡A «D¸gÂå®v«ü¥Ü½Ð¤Å¾Õ¦Û°±ÃÄ,,Avoid drinking alcohol. Do not change your dose or schedule without instruction.,,,,,¤@¯ë,¤@¯ë,Äµ »y:¤£­n³Ü°sºë©Ê¶¼®Æ¡A«D¸gÂå®v«ü¥Ü½Ð¤Å¾Õ¦Û°±ÃÄ,,¤fªAÃÄ,,,§_,1.0,,§_,¬O,§_,³æ¤è,§_,¥i¥Î,¥i¥Î,¥i¿i,¬O,,1.00,1.00,2.00,2.00,999,999,1,1,8.00,8.00,0,0,,¦³¹Ï¤ù,,0,,0,,N06DA03,,,,,,,,,CAP,§_,°·«Oµ¹¥I,°·«Oµ¹¥I,RIVASTIGMINE,N06DA03,BC22858100,§_,SolidDrugForm,ORCAP,,,,,,,,,PH047,202303141739,29.60,38.00
OEXE1,20060518,99999999,¥i¥Î,Exelon 1.5mg,Exelon 1.5mg,Rivastigmine,PO,BID,CNEU,CN-03-10,¤fªA,CAP,Exelon,«D²Õ®M,°±¥Î,,­­¥æ¥I½Õ¾¯,¬O,¤£¥i¥ÎÃÄ¥]¾÷,,¤£¦LÃÄÅÒ,Á`¶q¶i¦ì,¾AÀ³¯g:§ïµ½»{ª¾¤Î°O¾Ð¯g,,Mild to moderate Alzheimer's disease,,,,,,,¥u¥Î©óªù¶E,¾Ð«ä¯à½¦Ån,Exelon 1.5mg,,­­ªù¶E¥æ¥I½Õ¾¯¥Î,§_,¬O,,,,,,,,¥»ÃÄ­­ªù¶E¥æ¥I½Õ¾¯¥Î,¤@¯ë,¤@¯ë,Äµ »y:½Ð¿í·ÓÂå®v«ü¥Ü¥ÎÃÄ¡A¤Å¦Û¦æ§ó§ï¾¯¶q©Î¥ÎÃÄ®É¶¡¡C,,,,,§_,1.0,,¬O,§_,§_,³æ¤è,§_,¥i¥Î,¥i¥Î,¥i¿i,¬O,,1.00,0,999.00,0,999,0,1,0,8.00,8.00,0,0,,µL¹Ï¤ù,,0,,0,,N06DA03,,,,,,,,,CAP,§_,°·«Oµ¹¥I,°·«Oµ¹¥I,RIVASTIGMINE,N06DA03,BC22861100,§_,SolidDrugForm,ORCAP,,,,,,,,,PH047,202401151922,30.60,40.00
OEXF,20140317,99999999,¥i¥Î,Exforge 5/80mg,Exforge 5/80mg,Amlodipine + Valsartan,PO,QD,CAVS,CV-09-00,¤fªA,TAB,Exforge,«D²Õ®M,,,¤@¯ë¥i¥Î,¬O,¥i¥ÎÃÄ¥]¾÷,¥i¥Î,¤@¯ë,Á`¶q¶i¦ì,¾AÀ³¯g:°ª¦åÀ£,,Indication:Hypertension.,,¥~ Æ[:¶À¦â¶ê«ó§Î¿õ¾¯¡A¤@­±¨è¦³NVR¡A¥t¤@­±¨è¦³ NV,Appearance:Yellow round tablet,ÀYµh¡A¤ô¸~¡A¯h³Ò¡A¼é¬õ,Headache¡A oedema¡A fatigue¡A flushing,,¬Ò¥i¥Î,©ö¦wÃ­,Exforge 5/80mg,,,§_,¬O,,ªAÃÄ´Á¶¡Á×§K­¹¥Î¸²µå¬c¥Ä»P¹L¶qÄá¨ú¹[ÆQ (¦p: ¥NÆQ),,Avoid grapefruit juice¡A avoid over take potassium salt.,,,,,¤@¯ë,¤@¯ë,Äµ »y: ½Ð¿íÂå®v«ü¥Ü«ö®É¥ÎÃÄ¡A¤Å¦Û¦æ§ïÅÜ¾¯¶q¡B¥Îªk©Î¥ô·N°±ÃÄ¡C,­¹ ­¹ª«¥æ¤¬,,0,0,§_,1.0,,§_,¬O,§_,½Æ¤è,§_,¥i¥Î,¥i¥Î,¥i¿i,¬O,,1.00,1.00,2.00,2.00,999,999,28,1,2.00,2.00,0,0,,¦³¹Ï¤ù,,0,,0,,C09DB01,C08CA01,C09CA03,,,,,,,TAB,,°·«Oµ¹¥I,°·«Oµ¹¥I,VALSARTAN 80MG + AMLODIPINE 5MG,C09DB01,BC24824100,§_,SolidDrugForm,ORTAB,,,,,,,,,PH047,202402221638,8.20,11.00
OEXJ,20100501,99999999,°±¥Î,Exjade 125mg,Exjade 125mg,Deferasirox,AC,QD,ZADT,AD-02-00,¤fªA,TAB,,«D²Õ®M,Á{±ÄÃÄ¡A½Ð³qª¾ÃÄ§½¥~ÁÊ,,­Ó®×Á{±Ä,¬O,¤£¥i¥ÎÃÄ¥]¾÷,±ø¥ó¤Uµ¹¥I,¤@¯ë,Á`¶q¶i¦ì,¾AÀ³¯g:¿é¦å¾É­PºC©ÊÅK½è¨IµÛ¯g,,Indication: chronic iron overload due to blood transfusions,,¥~Æ[:¥Õ¦â¶ê§Î¿õ¾¯¡A¤@­±¦LNVR¡A¤@­±¦LJ125,Appearance: White round tablet,ÀYµh¡B¸¡Âm¡B«K¯µ¡B¸¡µÈ,Headache¡A diarrhea¡A constipation¡A abdominal distension.,,¬Ò¥i¥Î,©ö¸ÑÅK¥i·»¿õ,Exjade 125mg,,,§_,¬O,,,,,,,,,¤@¯ë,¤@¯ë,Äµ»y:¤£¥i©CÄZ©Î¾ãÁû§]ªA;ªÅ¸¡ªw¤ôªA¥Î(¬ù100~200cc)¡A¤Å¥Î¤û¥¤¤ÎºÒ»Ä¶¼®Æ,,,,,§_,1.0,,§_,§_,§_,³æ¤è,§_,¥i¥Î,¥i¥Î,¤£¥i¿i,¬O,,1.00,1.00,20.00,20.00,999,999,28,28,0,0,0,0,,¦³¹Ï¤ù,,0,,0,,,,,,,,,,,TAB,,°·«Oµ¹¥I,°·«Oµ¹¥I,DEFERASIROX,V03AC03,BC24603100,§_,SolidDrugForm,ORTAB,¦M®`¤G¯Å(¡I),,,,,,,,PH047,202401261212,211.00,253.00
OEXV,20161228,99999999,°±¥Î,Exviera FC 250mg,Exviera FC 250mg,Dasabuvir,WM,BID,QANB,AI-03-04,¤fªA,TAB,,«D²Õ®M,°±¥Î,,ÃÄ©e·|Á{±Ä,¬O,¥i¥ÎÃÄ¥]¾÷,±ø¥ó¤Uµ¹¥I,¤@¯ë,Á`¶q¶i¦ì,¾AÀ³¯g:C«¬¨xª¢»²§UªvÀø,,Indication:Chronic hepatitis C virus infection in adults,,¥~ Æ[:¨Å¥Õ¦â¾ò¶ê§Î¿õ¾¯¡A ¤@­±¦LAV2,Appearance:Beige elliptic tablet¡A marking: AV2,æ±Äo¡Aäú¤ß¡A³h¦å¡Aµê®z¡A¥¢¯v¡A¯h³Ò,Pruritus¡A nausea¡A anemia¡A asthenia¡A Insomnia¡A fatigue,¯S®íÃþ§Ü¥Í¯À,¬Ò¥i¥Î,©ö©_·ç250²@§J½¤¦ç¿õ,Exviera FC 250mg¡A 56#/box,,,,,,ªAÃÄ«á¡A ­Y¥X²{¯h­Â½Ð¤Å¶}¨®©Î¾Þ§@¦MÀI¾÷±ñ,,Occasionally weariness may occur.,Be careful driving or operating machinery.,ªvÀø´Á¶¡°È¥²©w´Á¦^¶E¡A­Y¥X²{¥Ö½§©Î²´¥ÕÅÜ¶À¡B¯ù¦â§¿µ¥¡A½Ð¥ß§Y¦^¶E,,105-4ÃÄ©e·|·s¶i [µ´¹ï¦Û¶O¡AÁ{±Ä],¤@¯ë,¤@¯ë,ªAÃÄ«á¡A ­Y¥X²{ÀY·w©Î¯h­Â½Ð¤Å¶}¨®©Î¾Þ§@¦MÀI¾÷±ñ,,,0,0,§_,1.0,,¬O,§_,§_,³æ¤è,§_,°±¥Î,°±¥Î,¤£¥i¿i,¬O,,1.00,1.00,2.00,2.00,168,168,0,0,4.00,4.00,0,0,,¦³¹Ï¤ù,,0,,0,,J05AX16,J05AP09,,,,0.25,g,0.50,g,TAB,,¤£µ¹¥I¶·¦Û¥I,¤£µ¹¥I¶·¦Û¥I,,,,§_,SolidDrugForm,TAB,,,,,,,,,PH047,202401261313,0,140.00
OEZE,20060621,99999999,°±¥Î,Ezetrol 10mg,Ezetrol 10mg,Ezetimibe,PO,QD,CAVS,CV-12-00,¤fªA,TAB,,«D²Õ®M,°±¥Î¡A¥i¬dÃþ¦üÃÄ,,¤@¯ë¥i¥Î,¬O,¤£¥i¥ÎÃÄ¥]¾÷,±ø¥ó¤Uµ¹¥I,¤@¯ë,Á`¶q¶i¦ì,¾AÀ³¯g:¬°­°¦å¯×ÃÄ,,Treatment of hyperlipidemia,,,,,,,¬Ò¥i¥Î,©É§´,Ezetrol 10mg,,,§_,¬O,,,,,,,,,¤@¯ë,¤@¯ë,Äµ »y:½Ð¿í·ÓÂå®v«ü¥Ü¨Ï¥Î¡A­Yµo¥ÍºÃ¦üÃÄª«¤£¨}¤ÏÀ³½Ð§iª¾Âå¥Í¡C,,,,,§_,1.0,,§_,§_,§_,³æ¤è,§_,¥i¥Î,¥i¥Î,¥i¿i,¬O,,1.00,1.00,1.00,1.00,99,99,1,1,0,0,0,0,,µL¹Ï¤ù,,0,,0,,C10AX09,,,,,,,,,TAB,,°·«Oµ¹¥I,°·«Oµ¹¥I,EZETIMIBE,C10AX09,B024058100,§_,SolidDrugForm,ORTAB,,,,,,,,,PH047,202303141739,42.70,53.00
OFA,19960101,99999999,¥i¥Î,Folic acid 5mg,Folic acid 5mg,Folic Acid,PO,QD,NUTR,NU-01-00,¤fªA,TAB,Folic Acid,«D²Õ®M,,,¤@¯ë¥i¥Î,¬O,¥i¥ÎÃÄ¥]¾÷,,¤@¯ë,Á`¶q¶i¦ì,¾AÀ³¯g:¬°¸­»Ä¸É¥R¾¯,,Indication:Treatment of folic acid deficiency.,,¥~ Æ[:©ú¶À¦â¶ê«ó§Î¿õ¾¯¡A ¤@­±¦L¹Ï®×¡A ¤@­±¦LGCPC 0602,Appearance:Light yellow round tablet,¤j¾¯¶q·|¤Þ°_¸z­G¤£¾A,GI upset at high doses.,,,¸­»Ä¿õ,Folic acid 5mg,,,§_,¬O,,½Ð¿í·ÓÂå®v«ü¥Ü¨Ï¥Î¡A ­Yµo¥ÍºÃ¦üÃÄª«¤£¨}¤ÏÀ³½Ð§iª¾Âå¥Í,,Follow doctor's advice. Check with doctor if you notice any side effects.,,,,¬~µÇ¯f¤H»Ý¨Ï¥Î¤@¦¸2²É,¤@¯ë,¤@¯ë,Äµ »y:½Ð¿í·ÓÂå®v«ü¥Ü¨Ï¥Î¡A­Yµo¥ÍºÃ¦üÃÄª«¤£¨}¤ÏÀ³½Ð§iª¾Âå¥Í¡C,,,,,§_,1.0,,§_,¬O,§_,³æ¤è,§_,¥i¥Î,¥i¥Î,¥i¿i,¬O,,1.00,1.00,2.00,2.00,999,999,1,1,2.00,2.00,0,0,,¦³¹Ï¤ù,,0,,0,,B03BB01,,,,,,,,,TAB,§_,°·«Oµ¹¥I,°·«Oµ¹¥I,FOLIC ACID,B03BB01,NC07547100,§_,SolidDrugForm,ORTAB,,,,,,,,,PH047,202303141739,1.50,3.00
OFAL,20170615,99999999,¥i¥Î,Fallep 2mg,Fallep 2mg,Flunitrazepam,PO,HS,CNEU,CN-02-07,¤fªA,TAB,FM2,«D²Õ®M,,OFZP,¤@¯ë¥i¥Î,¬O,¤£¥i¥ÎÃÄ¥]¾÷,¥i¥Î,¤@¯ë,Á`¶q¶i¦ì,¾AÀ³¯g:¥¢¯v¯g,,Indication:Insomnia,,¥~ Æ[:¥Õ¦â¶ê«ó«¬¿õ¾¯¡A ¤@­±¦L 2¡A ¤@­±¦³¤Q¦r¨è²ª,Appearance:White round tablet,ÀY·w¡A ¶ÝºÎ¡A «K¯µ¡A µø¤O¼Ò½k¡A¤f°®,Dizzy¡A sleepy¡A constipation¡A blurred vision¡A dry mouth or thirst,,¥u¥Î©óªù¶E¤Î¦í°|STAT,ªAº¸¯v¿õ2²@§J,Fallep 2mg,,,¬O,¬O,,¤Å¶}¨®©Î¾Þ§@¦MÀI¾÷±ñ; ¤Å¶¼°s©Î¸²µå¬c¥Ä,«æ©Ê¯U¨¤«C¥ú²´±wªÌ¡A­«¯g¦ÙµL¤O±wªÌ¸T¥Î,Caution in driving or using machinery¡A avoid alcohol or grapefruit juice.,Contraindications:glaucoma and myasthenia gravis.,­¹ª«¥æ¤¬§@¥Î: ªAÃÄ´Á¶¡Á×§K­¹¥Î¸²µå¬c¥Ä»P¶¼°s,Food interaction: Avoid grapefruit juice and alcohol.,2017¦~²Ä¤G¦¸ÃÄ©e·|·s¶i,¤@¯ë,¤T¯ÅºÞ¨î,Äµ »y¡G¤Å¶}¨®©Î¾Þ§@¦MÀI¾÷±ñ¡F¤Å¶¼°s©Î¸²µå¬c¥Ä,­¹ ­¹ª«¥æ¤¬,,0,0,§_,1.0,,§_,¬O,§_,³æ¤è,§_,¥i¥Î,¥i¥Î,¤£¥i¿i,¬O,,1.00,1.00,2.00,2.00,30,30,1,1,2.00,2.00,0,0,,¦³¹Ï¤ù,,0,,0,,N05CD03,,,,,2.00,mg,2.00,mg,TAB,,°·«Oµ¹¥I,°·«Oµ¹¥I,FLUNITRAZEPAM,N05CD03,AC484721G0,§_,SolidDrugForm,ORTAB,,,,,,,,,PH047,202303141739,2.00,3.00
OFAM,20041015,99999999,¥i¥Î,Famvir 250mg,Famvir 250mg,Famciclovir,PO,TID,QANB,AI-03-02,¤fªA,TAB,Famvir,«D²Õ®M,,,¤@¯ë¥i¥Î,¬O,¤£¥i¥ÎÃÄ¥]¾÷,±ø¥ó¤Uµ¹¥I,¤@¯ë,Á`¶q¶i¦ì,¾AÀ³¯g:±aª¬¯f¬r·P¬V¡A ´_µo©Ê¯f¬r·P¬V¯g,,Indication:Acute herpes zoster¡A genital herpes infections.,,¥~ Æ[:¥Õ¦â¶ê§Î¿õ¾¯,Appearance:White round tablet,ÀYµh¡A äú¤ß,Headache¡A nausea.,,¬Ò¥i¥Î,§ÜÂo¨à½¤¦ç¿õ,Famvir 250mg,,,§_,¬O,,½Ð¿í«ü¥ÜªA§¹¾ã­ÓÀøµ{¡A ­Yµo¥Í¥ÎÃÄ¤£¨}¤ÏÀ³½Ð§iª¾Âå¥Í,,Follow doctor's advice. Check with doctor if you notice any side effects.,,,,,¤@¯ë,¤@¯ë,Äµ »y:½Ð¿í«ü¥ÜªA§¹¾ã­ÓÀøµ{¡A­Yµo¥Í¥ÎÃÄ¤£¨}¤ÏÀ³½Ð§iª¾Âå¥Í¡C,,,,,§_,1.0,,§_,¬O,§_,³æ¤è,§_,°±¥Î,°±¥Î,¥i¿i,¬O,,1.00,1.00,2.00,2.00,28,28,1,1,8.00,8.00,0,0,,¦³¹Ï¤ù,,0,,0,,J05AB09,,,,,0.25,g,0.75,g,TAB,,°·«Oµ¹¥I,°·«Oµ¹¥I,FAMCICLOVIR,J05AB09,BC22179100,§_,SolidDrugForm,ORTAB,,,,,,,,,PH006,202306091335,55.00,69.00
OFAMO,20190924,99999999,¥i¥Î,Famotidine 20mg,Famotidine 20mg,Famotidine,PO,BID,ALIM,GI-01-03,¤fªA,TAB,Gaster,«D²Õ®M,,,¤@¯ë¥i¥Î,¬O,¥i¥ÎÃÄ¥]¾÷,±ø¥ó¤Uµ¹¥I,¤@¯ë,Á`¶q¶i¦ì,¾AÀ³¯g:­G¼ìºÅ¡A¤Q¤G«ü¸z¼ìºÅ¡A°f¬y©Ê­¹¹Dª¢,,Indication:Gastric ulcer¡A duodenal ulcer¡A reflux esophagitis,,¥~ Æ[:¥Õ¦â¶ê¿õ¡A¤@­±¼Ð°OCCP¡A¤@­±¼Ð°OE88,Appearance:White round tablet¡ACCP / E88 marked,ÀYµh¡A¸¡Âm¡A«K¯µ¡AÀY·w,Headache¡A diarrhea¡A constipation¡A dizziness,,¬Ò¥i¥Î,ªkº¿Âí½¤¦ç¿õ,Famotidine 20mg,,,,¬O,,½Ð¿í·ÓÂå®v«ü¥Ü¨Ï¥Î¡A­Yµo¥Í¹L±Ó²{¶H½Ð»PÂå®vÁpµ¸,,Follow doctor's advice. Check with doctor if you notice any allergic symptoms.,,,,2019.09 Ranitidine¹w¨¾©Ê¤U¬[´À¥NÃÄ,¤@¯ë,¤@¯ë,Äµ »y:½Ð¿í·ÓÂå®v«ü¥Ü¨Ï¥Î¡A­Yµo¥Í¹L±Ó²{¶H½Ð»PÂå®vÁpµ¸,,,0,0,§_,1.0,,§_,¬O,§_,³æ¤è,,¥i¥Î,¥i¥Î,¥i¿i,¬O,,1.00,1.00,2.00,2.00,999,999,0,0,8.00,8.00,0,0,,¦³¹Ï¤ù,,0,,0,,A02BA03,,,,,0,,0,,TAB,,°·«Oµ¹¥I,°·«Oµ¹¥I,FAMOTIDINE,A02BA03,AC577911G0,,SolidDrugForm,ORTAB,,,0,,0,,,,PH022,201910070950,2.00,3.00
OFAR,19960101,99999999,°±¥Î,Farlutal 500mg,Farlutal 500mg,Medroxyprogesterone,PO,,RACA,ON-05-01,¤fªA,TAB,Farlutal,«D²Õ®M,°±¥Î,,¤w°±¥Î,¬O,¤£¥i¥ÎÃÄ¥]¾÷,,¤@¯ë,Á`¶q¶i¦ì,¾AÀ³¯g:«P¶i­¹¼¤¤ÎÀù¯g»²§UªvÀø,,adjunct and palliative agent for carcinoma,,¥~ Æ[:¥Õ¦âªø¶ê¬W«¬¿õ¾¯,Appearance:White Cylinder Tablet,,,,,ºÖ¸S¦h,Farlutal 500mg,,,§_,¬O,,,,,,,,,¤@¯ë,¤@¯ë,Äµ »y:¥»«~¬°­«¯gªvÀøÃÄª«¡A½Ð¨Ì·ÓÂå®v«ü¥Ü¨Ï¥Î¡C,,,,,§_,1.0,,§_,§_,§_,³æ¤è,§_,¥i¥Î,¥i¥Î,¥i¿i,¬O,,1.00,1.00,2.00,2.00,999,999,1,1,0,0,0,0,,µL¹Ï¤ù,,0,,0,,L02AB02,,,,,,,,,TAB,§_,°·«Oµ¹¥I,°·«Oµ¹¥I,MEDROXYPROGESTERONE,L02AB02,B021150100,§_,SolidDrugForm,ORTAB,,,,,,,,,PH032,202303261558,82.00,98.00
OFAR6,20030630,99999999,°±¥Î,Fareston 60mg,Fareston 60mg,Toremifene,PO,QD,RACA,ON-05-03,¤fªA,TAB,,«D²Õ®M,°±¥Î,,¤@¯ë¥i¥Î,§_,¤£¥i¥ÎÃÄ¥]¾÷,¥i¥Î,¤@¯ë,Á`¶q¶i¦ì,¾AÀ³¯g:Âà²¾©Ê¨ÅÀù¤§ªvÀø,,Treatment of advanced breast cancer,,¥~ Æ[:¥Õ¦â¶ê«ó§Î¿õ¾¯,Appearance:White Round Tablet,,,,¬Ò¥i¥Î,¥±·ç´µ¿õ,Fareston 60mg,,,§_,¬O,,,,,,,,,¤@¯ë,¤@¯ë,Äµ »y:¥»«~¬°­«¯gªvÀøÃÄª«¡A½Ð¨Ì·ÓÂå®v«ü¥Ü¨Ï¥Î¡C,,,,,§_,1.0,,§_,§_,§_,³æ¤è,§_,¥i¥Î,¥i¥Î,¥i¿i,§_,,1.00,1.00,1.00,1.00,99,99,1,1,1.00,1.00,0,0,,µL¹Ï¤ù,,0,,0,,L02BA02,,,,,,,,,TAB,,°·«Oµ¹¥I,°·«Oµ¹¥I,TOREMIFENE,L02BA02,B022310100,§_,SolidDrugForm,ORTAB,,,,,,,,,PH047,202303141739,27.60,35.00
OFAX,20091027,99999999,¥i¥Î,Faxine 37.5mg,Faxine 37.5mg,Venlafaxine,PC,QD,CNEU,CN-02-05,¤fªA,TAB,Efexor,«D²Õ®M,,,¤@¯ë¥i¥Î,¬O,¤£¥i¥ÎÃÄ¥]¾÷,¥i¥Î,¤@¯ë,Á`¶q¶i¦ì,¾AÀ³¯g:¸Ñ°£¼~Æ{µJ¼{ª¬ºA,,Indication:Treatment of depression.,,¥~ Æ[:²H¬õ¾í¦â¤­Ãä§Î¿õ¾¯¡A ¤@­±¨è¦³¡¨37.5¡¨¦r¼Ë,Appearance:Red orange pentagon tablet,©Ê¥\¯à»ÙÃª¡A °ª¦åÀ£,Sexual problem; high blood pressure,,¬Ò¥i¥Î,¼Ö¤ß¿õ,Faxine 37.5mg,,,¬O,¬O,½Ã±Ð³æ¥|,¥i¯à·|¼vÅT§PÂ_¤O©M«ä¦Ò¬¡°Ê¡A ¶}¨®©Î¾Þ§@¦MÀI¾÷±ñ¡A ¥²¶·¤p¤ß,,Use caution in activities requiring alertness such as driving or using machinery,,­¹ª«¥æ¤¬§@¥Î: ªAÃÄ´Á¶¡Á×§K¶¼°s,Food interaction:Avoid alcohol.,,¤@¯ë,¤@¯ë,Äµ »y:¥i¯à·|¼vÅT§PÂ_¤O©M«ä¦Ò¬¡°Ê¡A¶}¨®©Î¾Þ§@¦MÀI¾÷±ñ¡A¥²¶·¤p¤ß,­¹ ­¹ª«¥æ¤¬,,,,§_,1.0,,§_,¬O,§_,³æ¤è,§_,¥i¥Î,¥i¥Î,¥i¿i,¬O,,1.00,1.00,2.00,2.00,999,999,1,1,10.00,10.00,0,0,,¦³¹Ï¤ù,,0,,0,,N06AX16,,,,,,,,,TAB,,°·«Oµ¹¥I,°·«Oµ¹¥I,VENLAFAXINE,N06AX16,AC47114100,§_,SolidDrugForm,ORTAB,,,,,,,,,PH047,202303141739,4.80,7.00
OFEB,20131216,99999999,¥i¥Î,Feburic 80mg,Feburic 80mg,Febuxostat,PC,QD,CNEU,CN-01-04,¤fªA,TAB,Uloric,«D²Õ®M,,,¤@¯ë¥i¥Î,¬O,¤£¥i¥ÎÃÄ¥]¾÷,¥i¥Î,¤@¯ë,Á`¶q¶i¦ì,¾AÀ³¯g:ªvÀøºC©Êµh­·±wªÌªº°ª§¿»Ä¦å¯g¡C,,Inidication: Treatment of gout,,¥~ Æ[: ²L¶À¦Ü¶À¦â½¦Ån«¬½¤¦ç¿õ¡A¤@­±¨è¤W"80",Appearance:Yellow film-coated tablet,äú¤ß¡B¥Ö¯l¡B¨x¥\¯à²§±`,Nausea; Rash; Liver dysfunction,,¬Ò¥i¥Î,ºÖÁ×µh½¤¦ç¿õ,Feburic 80mg,,,§_,¬O,,¨Ï¥Îªì´Á¥i¯à·|³y¦¨µh­·µo§@¡A¤£»Ý°±ÃÄ¦ý½Ð§iª¾Âå®v,,Talk with your doctor if gout attacks after start taking the drug. Don't stop.,,¤ß¦åºÞ¯e¯f±wªÌ½Ð¤p¤ß¨Ï¥Î,Used this medicine with caution for patients with cardiovascular disease,102¦~²Ä¥|¦¸ÃÄ©e·|·s¶i,¤@¯ë,¤@¯ë,,,,0,0,§_,1.0,,§_,¬O,§_,³æ¤è,§_,¥i¥Î,¥i¥Î,¥i¿i,¬O,,1.00,1.00,1.00,1.00,999,999,1,1,1.00,1.00,0,0,,¦³¹Ï¤ù,,0,,0,,M04AA03,,,,,,,,,TAB,,°·«Oµ¹¥I,°·«Oµ¹¥I,Febuxostat,M04AA03,BC25427100,§_,SolidDrugForm,ORTAB,,,,,,,,,PH047,202402140429,15.70,20.00
OFEL,19960101,99999999,°±¥Î,Feldene 10mg,Feldene 10mg,Piroxicam,PO,BID,CNEU,CN-01-02,¤fªA,CAP,Feldene,«D²Õ®M,°±¥Î,,¤@¯ë¥i¥Î,¬O,¥i¥ÎÃÄ¥]¾÷,,¤@¯ë,Á`¶q¶i¦ì,¾AÀ³¯g:¬°¤îµh®øª¢ÃÄ,,,,¥~ Æ[:²`¬õ¾í/©ú«C¦âªø¶ê¬W§Îµw½¦Ån,Appearance:Red/Blue Cylinder Capsule,,,,,´_±o°·½¦Ån,Feldene 10mg,,,§_,¬O,,,,,,,,,¤@¯ë,¤@¯ë,,,,,,§_,1.0,,§_,§_,§_,³æ¤è,§_,°±¥Î,¥i¥Î,¥i¿i,¬O,,1.00,1.00,999.00,999.00,999,999,1,1,0,0,0,0,,µL¹Ï¤ù,,0,,0,,M01AC01,,,,,,,,,CAP,§_,°·«Oµ¹¥I,°·«Oµ¹¥I,PIROXICAM,M01AC01,B022059100,§_,SolidDrugForm,ORCAP,,,,,,,,,PH047,202303141739,5.70,7.40
OFEM,20081216,99999999,¥i¥Î,Femara 2.5mg,Femara 2.5mg,Letrozole,PO,QD,RACA,ON-05-05,¤fªA,TAB,Femara,«D²Õ®M,,,¤@¯ë¥i¥Î,¬O,¤£¥i¥ÎÃÄ¥]¾÷,±ø¥ó¤Uµ¹¥I,¤@¯ë,Á`¶q¶i¦ì,¾AÀ³¯g:¨ÅÀù¤§ªvÀø,,Indication:Treatment of breast cancer.,,¥~ Æ[:·t¶À¦â¶ê¥Y§Î¿õ¾¯¡A ¤@­±¦LFV¡A ¤@­±¦LCG,Appearance:Dark yellow round tablet,¹½­¹¡A «P¶i­¹¼¤¡A °ªÁx©T¾J¦å¯g¡A §íÆ{¡A ÀYµh,Anroexia¡A increased appetite¡A hypercholesterolemia¡A depression¡A headache.,,¬Ò¥i¥Î,´_¨Å¯Ç½¤¦ç¿õ,Femara 2.5mg,,,§_,¬O,,½Ð¿íÂå®v«ü¥Ü«ö®É¥ÎÃÄ¡A ¤Å¦Û¦æ§ïÅÜ¾¯¶q¡A ¥Îªk©Î¥ô·N°±ÃÄ,,Follow doctor's advice. Do not change your dose or schedule.,,³Æµù: ªvÀø´Á¶¡ºÊ´ú°©Àf°·±d,Monitor overall bone health during treatment.,,¤@¯ë,¤@¯ë,Äµ »y: ½Ð¿íÂå®v«ü¥Ü«ö®É¥ÎÃÄ¡A¤Å¦Û¦æ§ïÅÜ¾¯¶q¡B¥Îªk©Î¥ô·N°±ÃÄ¡C,,,,,§_,1.0,,§_,¬O,§_,³æ¤è,§_,¥i¥Î,¥i¥Î,¤£¥i¿i,¬O,,1.00,1.00,2.00,2.00,999,999,1,1,2.00,2.00,0,0,,¦³¹Ï¤ù,,0,,0,,L02BG04,,,,,,,,,TAB,§_,°·«Oµ¹¥I,°·«Oµ¹¥I,LETROZOLE,L02BG04,BC22462100,§_,SolidDrugForm,ORCAP,¦M®`¤G¯Å(¡I),,,,,,,,PH047,202303141740,24.60,32.00
OFER,19960101,99999999,¥i¥Î,Ferrous gluco-B 300/10/30,Ferrous gluco-B 300/10/30,Ferrous Gluconate + Vit B1 + Vit C,PC,QD,NUTR,NU-01-00,¤fªA,TAB,FeSO4,«D²Õ®M,,,¤@¯ë¥i¥Î,¬O,¥i¥ÎÃÄ¥]¾÷,±ø¥ó¤Uµ¹¥I,¤@¯ë,Á`¶q¶i¦ì,¾AÀ³¯g:¬°¯ÊÅK©Ê³h¦åªvÀø¾¯,,Indication:Treatment of iron deficient anemia.,,¥~ Æ[:µµ¶Â¦â¶ê§Î¿}¦ç¿õ,Appearance:Dark purple round tablet,äú¤ß¡A ¸z­G¨ë¿E,Nausea & GI irritation.,,,ºû¥L¸²µå¿}ÅK¿}¦ç¿õ,Ferrous gluco-B 300/10/30,,,§_,¬O,½Ã±Ð³æ¤@,½Ð¤Å»P¤û¥¤¤Î¨î»Ä¾¯¨ÖªA,ªA¥Î«e«á30¤ÀÄÁ¤º¤Å¶¼¥Î©@°Ø©Î¯ù,Avoid taking with milk or antacid.,,,,,¤@¯ë,¤@¯ë,Äµ »y:½Ð¤Å»P¤û¥¤¤Î¨î»Ä¾¯¨ÖªA,,,,,§_,1.0,,§_,¬O,§_,½Æ¤è,§_,¥i¥Î,¥i¥Î,¥i¿i,¬O,,1.00,1.00,2.00,2.00,999,999,28,1,6.00,6.00,0,0,,¦³¹Ï¤ù,,0,,0,,B03AA03,B03AE10,A11DA01,A11GA01,B03AE03,,,,,TAB,§_,°·«Oµ¹¥I,°·«Oµ¹¥I,FERROUS GLUCONATE 300MG + VITAMIN B1 10MG + VITAMIN C 30MG,B03AE03,NC01822100,§_,SolidDrugForm,ORTAB,,,,,,,,,PH047,202303141740,1.50,3.00
OFER4,20050114,99999999,°±¥Î,Ferall ³n½¦Ån 460mg,Ferall ³n½¦Ån 460mg,Ferrous Fumarate,PO,,NUTR,NU-01-00,¤fªA,CAP,Ferall,«D²Õ®M,°±¥Î,OTED,¤@¯ë¥i¥Î,¬O,¤£¥i¥ÎÃÄ¥]¾÷,¥i¥Î,¤@¯ë,Á`¶q¶i¦ì,¾AÀ³¯g:¬°¯ÊÅK©Ê³h¦åªvÀø¾¯,,Treatment of iron deficient anemia,,¥~Æ[: ªø¶ê¬W§Î·t¬õ¦â³n½¦Ån,Appearance:Dark Red Cylinder Capsule,,,,¬Ò¥i¥Î,­¸ÅK³n½¦Ån,Ferall ³n½¦Ån 460mg,,,§_,¬O,,,,,,,,,¤@¯ë,¤@¯ë,Äµ »y:½Ð¤Å»P¤û¥¤¤Î¨î»Ä¾¯¨ÖªA,,,,,§_,1.0,,§_,§_,§_,³æ¤è,§_,°±¥Î,¥i¥Î,¤£¥i¿i,¬O,,1.00,1.00,2.00,2.00,999,999,1,1,0,0,0,0,,µL¹Ï¤ù,,0,,0,,,,,,,,,,,CAP,§_,°·«Oµ¹¥I,°·«Oµ¹¥I,FERROUS FUMARATE 460MG + VITAMIN B12 10MCG + FOLIC ACID 1MG + VITAMIN C 60MG,B03AE02,A045451100,§_,SolidDrugForm,ORCAP,,,,,,,,,PH047,202303141740,2.61,4.00
OFERC,20020526,99999999,°±¥Î,Ferrum Hausmann 100mg Chewable,Ferrum Hausmann 100mg Chewable,Iron (III) hydroxide polymaltose complex,WM,,NUTR,NU-01-00,¤fªA,TAB,Ferric Hydroxide Polymaltose Complex,«D²Õ®M,°±¥Î,,­Ó®×Á{±Ä,¬O,¤£¥i¥ÎÃÄ¥]¾÷,±ø¥ó¤Uµ¹¥I,¤@¯ë,Á`¶q¶i¦ì,¾AÀ³¯g:¹w¨¾¤ÎªvÀøÅK½è¯Ê¥F¯g¡B¯ÊÅK©Ê³h¦å¯g,,Prevention and treatment of iron deficiency,,¥~ Æ[: ¥Õ¦â/©@°Ø¦â¬Û¶¡¶ê§ÎÃÄ¿õ,Appearance: white/brown color round tablet,°¸·|¦³­G¹¡µÈ·P¡A äú¤ß¡A «K¯µ©Î¤Uµg,GI irritation¡A nausea¡A constipation¡A diarrhea.,,¬Ò¥i¥Î,´IÅK¦nÄZ¿õ,Ferrum Hausmann 100mg,,,§_,¬O,,¥»ÃÄ«~¥i¯àÅýÁT«K§e¶Â¦â,,This medicine may cause black stools,,½Ð¤Å»P¤û¥¤¤Î¨î»Ä¾¯¨ÖªA,Avoid taking with milk or antacid.,,¤@¯ë,¤@¯ë,Äµ »y:½Ð¤Å»P¤û¥¤¤Î¨î»Ä¾¯¨ÖªA,,,,,§_,1.0,,§_,§_,§_,³æ¤è,§_,¥i¥Î,¥i¥Î,¥i¿i,¬O,,1.00,1.00,1.00,1.00,999,999,1,1,3.00,3.00,0.20,0.20,,¦³¹Ï¤ù,,0,,0,,B03AB05,B03AB04,,,,,,,,TAB,,°·«Oµ¹¥I,°·«Oµ¹¥I,FERRIC HYDROXIDE POLYMALTOSE COMPLEX,B03AB05,BC16504100,§_,SolidDrugForm,CHEWTAB,,,,,,,,,PH006,201902120903,3.01,5.00
OFERI,20050317,99999999,°±¥Î,Ferich 150mg,Ferich 150mg,Iron,PO,QPMP,NUTR,NU-01-00,¤fªA,CAP,,«D²Õ®M,°±¥Î,OTED,¤@¯ë¥i¥Î,¬O,¤£¥i¥ÎÃÄ¥]¾÷,¥i¥Î,¤@¯ë,Á`¶q¶i¦ì,¾AÀ³¯g:¹w¨¾¤ÎªvÀøÅK½è¯Ê¥F¯g¡B¯ÊÅK©Ê³h¦å¯g,,Prevention & Treatment of iron deficiency,,¥~ Æ[:¾í/¶Â¦âªø¶ê¬W§Îµw½¦Ån,Appearance:Black Cylinder Hard Capsule,,,,¬Ò¥i¥Î,´IÅK¶©½¦Ån,Ferich 150mg,,,§_,¬O,,,,,,,,,¤@¯ë,¤@¯ë,Äµ »y:½Ð¤Å»P¤û¥¤¤Î¨î»Ä¾¯¨ÖªA,,,,,§_,1.0,,§_,§_,§_,³æ¤è,§_,¥i¥Î,¥i¥Î,¥i¿i,¬O,,1.00,1.00,4.00,4.00,99,99,1,1,0,0,0,0,,µL¹Ï¤ù,,0,,0,,,,,,,,,,,CAP,§_,°·«Oµ¹¥I,°·«Oµ¹¥I,FERRIC OXIDE SACCHARATED,B03AB02,A045855100,§_,SolidDrugForm,ORCAP,,,,,,,,,PH047,202303141740,4.08,5.00
OFERS,20040901,99999999,°±¥Î,Ferall soft cap 460mg¡A100's,Ferall soft cap 460 mg¡A100's,Ferrous Fumarate,PO,,NUTR,NU-01-00,¤fªA,CAP,,«D²Õ®M,°±¥Î,OTED,¤@¯ë¥i¥Î,¬O,¤£¥i¥ÎÃÄ¥]¾÷,¥i¥Î,¤@¯ë,Á`¶q¶i¦ì,¾AÀ³¯g:¬°¯ÊÅK©Ê³h¦åªvÀø¾¯,,Treatment of iron deficient anemia,,,,,,,¥u¥Î©óªù¶E¤Î¦í°|STAT,­¸ÅK³n½¦Ån,Ferall soft cap 460 mg¡A100's,,,§_,¬O,,,,,,,,,¤@¯ë,¤@¯ë,Äµ »y:½Ð¤Å»P¤û¥¤¤Î¨î»Ä¾¯¨ÖªA,,,,,§_,100.0,,§_,§_,§_,³æ¤è,§_,¥i¥Î,¥i¥Î,¤£¥i¿i,§_,,1.00,1.00,2.00,2.00,999,999,1,1,0,0,0,0,,µL¹Ï¤ù,,0,,0,,,,,,,,,,,²~,,¤£µ¹¥I¶·¦Û¥I,¤£µ¹¥I¶·¦Û¥I,FERROUS FUMARATE 460MG + VITAMIN B12 10MCG + FOLIC ACID 1MG + VITAMIN C 60MG,B03AE02,A045451100,§_,SolidDrugForm,ORCAP,,,,,,,,,PH047,202303141740,2.61,4.00
OFIN,20100322,99999999,°±¥Î,Finska-LP SR 10/240mg,Finska-LP SR 10/240mg,Loratadine + Pseudoephedrine,PO,QD,HIMM,IM-01-00,¤fªA,TAB,,«D²Õ®M,°±¥Î,OLOR,¤@¯ë¥i¥Î,¬O,¤£¥i¥ÎÃÄ¥]¾÷,¥i¥Î,¤@¯ë,Á`¶q¶i¦ì,¾AÀ³¯g:½w¸Ñ¹L±Ó©Ê»óª¢¤Î·P«_¯gª¬¡A »ó¶ë¡A ¥Ö½§¹L±Ó¯g,,Indication:Relief of symptoms of seasonal allergic rhinitis,,¥~ Æ[:¥Õ¦â¾ò¶ê§Î½¤¦ç¿õ¡A ¦L¦³"LP 24H"¡A"FINSKA",Appearance:White elliptic tablet,©ü©ü±ýºÎ¡A ÂH²GÅÜ¸Y,Drowsiness¡A thickening of the bronchial secretions,,¬Ò¥i¥Î,¬X¥L¯q,Finska-LP SR 10/240mg,,,§_,¬O,,À³¾ã²É§]ªA¡A ¤Á¤Å«rÄZ©ÎÀ£¸H,,Swallow the tablet whole. Do not chew or crush.,,,,,¤@¯ë,¤@¯ë,Äµ »y:À³¾ã²É§]ªA¡A¤Á¤Å«rÄZ©ÎÀ£¸H,,,,,§_,1.0,,§_,§_,§_,½Æ¤è,§_,°±¥Î,¥i¥Î,¤£¥i¿i,¬O,,1.00,1.00,1.00,1.00,999,999,1,1,1.00,1.00,0,0,,¦³¹Ï¤ù,,0,,0,,R01BA52,,,,,,,,,TAB,,°·«Oµ¹¥I,°·«Oµ¹¥I,PSEUDOEPHEDRINE 240MG + LORATADINE 10MG,R01BA52,A048072100,§_,SolidDrugForm,ERTAB24,,,,,,,,,PH047,202303141740,7.90,11.00
OFLA,19960101,99999999,°±¥Î,Flagyl 250mg,Flagyl 250mg,Metronidazole,PO,,QANB,AI-01-13,¤fªA,TAB,Flagyl,«D²Õ®M,°±¥Î,OMETR,¤@¯ë¥i¥Î,¬O,¥i¥ÎÃÄ¥]¾÷,,¤@¯ë,Á`¶q¶i¦ì,¾AÀ³¯g:·L¥Íª«·P¬V,,Indication:Antibiotic for infection.,,¥~ Æ[:¥Õ¦â¶ê«ó§ÎÃÄ¿õ,Appearance:White Round Tablet,¸¡Âm¡A ÀY·w¡A ­Gµh¡A ¸Ñ¶Â«K,Diarrhea¡A dizziness¡A stomach pain or cramps¡A black or tarry stool,,,ªA¥ßªv¨à¿õ,Flagyl 250mg,,,§_,¬O,½Ã±Ð³æ¤­,¥ÎÃÄ´Á¶¡À³Á×§K¶¼¥Î§t°sºë¶¼®Æ,,Avoid alcohol while taking medication.,,,,,¤@¯ë,¤@¯ë,Äµ »y¡G¥ÎÃÄ´Á¶¡À³Á×§K¶¼¥Î§t°sºë¶¼®Æ,,,,,§_,1.0,,§_,§_,§_,³æ¤è,§_,¥i¥Î,¥i¥Î,¥i¿i,¬O,,1.00,1.00,2.00,2.00,99,99,1,1,0,0,0,0,,µL¹Ï¤ù,,0,,0,,P01AB01,,,,,,,,,TAB,§_,°·«Oµ¹¥I,°·«Oµ¹¥I,METRONIDAZOLE,P01AB01,A029345100,§_,SolidDrugForm,ORTAB,,,,,,,,,PH047,202303141740,2.15,3.00
OFLAM,19960101,99999999,°±¥Î,Flamquit 50mg,Flamquit 50mg,Diclofenac,PO,,CNEU,CN-01-02,¤fªA,TAB,Voren,«D²Õ®M,°±¥Î,,¤@¯ë¥i¥Î,¬O,¥i¥ÎÃÄ¥]¾÷,,¤@¯ë,Á`¶q¶i¦ì,¾AÀ³¯g:¨ã¸Ñ¼ö¡BÂíµh¡B®øª¢§@¥Î,,An analgesic¡A antipyretic¡A anti-inflammatory agents used in,,¥~ Æ[:¥Õ¦â¶ê§ÎÃÄ¿õ,Appearance:White Round Tablet,,,,¥u¥Î©óªù¶E,,Flamquit 50mg,,,§_,¬O,,,,,,,,,¤@¯ë,¤@¯ë,,,,,,§_,1.0,,§_,§_,§_,³æ¤è,§_,¥i¥Î,¥i¥Î,¥i¿i,¬O,,1.00,1.00,999.00,999.00,999,999,1,1,0,0,0,0,,µL¹Ï¤ù,,0,,0,,,,,,,,,,,TAB,§_,°·«Oµ¹¥I,°·«Oµ¹¥I,DICLOFENAC,M01AB05,A041664100,§_,SolidDrugForm,ORTAB,,,,,,,,,PH047,202303141740,1.00,2.00
OFLAT,20211215,99999999,°±¥Î,Flatin 40mg,Flatin 40mg,Otilonium,PO,TID,ALIM,GI-05-00,¤fªA,TAB,Catilon,«D²Õ®M,¼t°Ó¯Ê³f,OCAT4,¤@¯ë¥i¥Î,¬O,¤£¥i¥ÎÃÄ¥]¾÷,¥i¥Î,¤@¯ë,Á`¶q¶i¦ì,¾AÀ³¯g:¸zÄ¼©Î¸¡µh¯gª¬¤§½w¸Ñ,,Indication:Treatment of functional bowel disorders.,,¥~ Æ[:¥Õ¦â¶ê¿õ¡A¤W¦³YSP 265¨è²ª,Appearance:White round tablet¡AYSP 265 marked,¤W¸¡³¡¯kµh¡A ·w¯t¡A ÀYµh¡A¤f°®,Upper abdominal pain¡A dizziness¡A headache¡A dry mouth,,¬Ò¥i¥Î,¸zµj¥­½¤¦ç¿õ40²@§J,Flatin 40mg,,,,¬O,,«C¥ú²´©ÎÄáÅ@¸¢ªÎ¤jªÌ¶·¤p¤ß¨Ï¥Î,,Caution use in patients with glaucoma or prostatic hypertrophy.,,¸zªý¶ëªÌ¸T¥Î,Should not be used in intestinal obstruction.,2021Q4ÃÄ©e·|·s¶i¡A¨ú¥NCatilon,¤@¯ë,¤@¯ë,Äµ »y: «C¥ú²´©ÎÄáÅ@¸¢ªÎ¤jªÌ¶·¤p¤ß¨Ï¥Î,,,0,0,§_,1.0,,§_,¬O,§_,³æ¤è,,°±¥Î,¥i¥Î,¥i¿i,¬O,,1.00,1.00,2.00,2.00,999,999,1,1,6.00,6.00,0,0,,¦³¹Ï¤ù,,0,,0,,A03AB06,,,,,0,,0,,TAB,,°·«Oµ¹¥I,°·«Oµ¹¥I,OTILONIUM BROMIDE,A03AB06,AC59647100,,SolidDrugForm,ORTAB,,,0,,0,,,,PH006,202307281205,2.71,4.00
OFLU,20010825,99999999,¥i¥Î,Fluitran 2mg,Fluitran 2mg,Trichlormethiazide,PO,QD,CAVS,CV-03-01,¤fªA,TAB,Fluitran,«D²Õ®M,,,¤@¯ë¥i¥Î,¬O,¥i¥ÎÃÄ¥]¾÷,¥i¥Î,¤@¯ë,Á`¶q¶i¦ì,¾AÀ³¯g:¬°§Q§¿©Ê­°¦åÀ£ÃÄ,,Indication:Treatment of edema¡A hypertension.,,¥~ Æ[:¯»¬õ¦â¶ê«ó§Î¿õ¾¯¡A¤@­±¨è¤Q¦r¤ÎS,Appearance:Pink round tablet,©Ê¥\¯à»ÙÃª¡A ¸¡Âm¡A ¥Ñª×§¤«º°_¥ß®É·|ÀY·w¡A µL­¹¼¤,Sexual problem¡A diarrhea¡A dizzy when getting up from a lying or sitting position,,¬Ò¥i¥Î,ªAº¸¥ì±o¦w¿õ,Fluitran 2mg,,,¬O,¬O,,½ÐÁ×§K©ó±µªñ´N¹ì®ÉªA¥Î,,Taking the drug in the evening is not recommended.,,,,,¤@¯ë,¤@¯ë,Äµ »y:½ÐÁ×§K©ó±µªñ´N¹ì®ÉªA¥Î,SA «÷­µ¬Û¦ü,,,,§_,1.0,,§_,¬O,§_,³æ¤è,§_,¥i¥Î,¥i¥Î,¥i¿i,¬O,,1.00,1.00,2.00,2.00,999,999,28,1,4.00,4.00,0,0,,¦³¹Ï¤ù,,0,,0,,C03AA06,,,,,,,,,TAB,§_,°·«Oµ¹¥I,°·«Oµ¹¥I,TRICHLORMETHIAZIDE,C03AA06,AC460281G0,§_,SolidDrugForm,ORTAB,,,,,,,,,PH047,202401151839,2.00,3.00
OFLU2,20160915,99999999,°±¥Î,Fluronin 20mg,Fluronin 20mg,Fluoxetine,PO,QD,CNEU,CN-02-04,¤fªA,CAP,Prozac,«D²Õ®M,°±¥Î,,¤@¯ë¥i¥Î,¬O,¥i¥ÎÃÄ¥]¾÷,±ø¥ó¤Uµ¹¥I,¤@¯ë,Á`¶q¶i¦ì,¾AÀ³¯g:§íÆ{¯g¡B¼É­¹¯g¡B±j­¢¯g,,Indication:Depressive disorder¡A bulimia nervosa¡A obsessive-,compulsive disorder,¥~ Æ[:ºñ/²H¶À½¦Ån¡A¦LYSP¡A FLC,Appearance:Green/Yellow capsule¡A marked:YSP¡A FLC,¥¢¯v¡AÀYµh¡A¶ÝºÎ¡AµJ¼{¡Aäú¤ß¡A¸¡Âm¡A­¹¼¤´î°h¡A¤f°®Àê¯g,Insomnia¡A headache¡A drowsiness¡A anxiety¡A nausea¡A diarrhea¡A anorexia¡A xerostomia,,¬Ò¥i¥Î,¥ñ¼~¹ç½¦Ån,Fluronin 20mg,,,¬O,¬O,½Ã±Ð³æ¥|,ªAÃÄ«á¡A ½Ð¤Å¶}¨®©Î¾Þ§@¦MÀI¾÷±ñ; ¤Å¶¼°s,,Be careful driving or operating machinery. Avoid alcohol.,,,,2016¦~²Ä¤T¦¸ÃÄ©e·s¶i,¤@¯ë,¤@¯ë,Äµ »y:ªAÃÄ«á¡A½Ð¤Å¶}¨®©Î¾Þ§@¦MÀI¾÷±ñ¡F¤Å¶¼°s,­¹ ­¹ª«¥æ¤¬,,0,0,§_,1.0,,§_,§_,§_,³æ¤è,§_,¥i¥Î,¥i¥Î,¥i¿i,¬O,,1.00,1.00,4.00,4.00,999,999,1,1,4.00,4.00,0,0,,¦³¹Ï¤ù,,0,,0,,N06AB03,,,,,0,,0,,CAP,,°·«Oµ¹¥I,°·«Oµ¹¥I,FLUOXETINE,N06AB03,AC43523100,§_,SolidDrugForm,ORCAP,,,,,,,,,PH047,202303141740,1.96,3.00
OFLU6,20230628,99999999,¥i¥Î,Fluimucil granules 600mg/3gm,Fluimucil granules 600mg/3gm,Acetylcysteine,PO,BID,ERSP,RE-05-01,¤fªA,PK,Actein,«D²Õ®M,,,¤@¯ë¥i¥Î,¬O,¤£¥i¥ÎÃÄ¥]¾÷,¥i¥Î,¤@¯ë,Á`¶q¶i¦ì,¾AÀ³¯g: ¤Æ·ð¡A´î¤Ö©I§l¹DÂH½¤¤ÀªcªºÂH¸Y©Ê¡C,Acetaminophen ¤¤¬r¤§¸Ñ¬r¾¯¤Î¨ä¥L¥Î³~¡C,Indication: Mucolytics¡A acetaminophen poisoning,,¥~ Æ[:3¤½§J¾Tºä³U¸Ë,Appearance: 3g aluminum foil sachet.,­G¸z»ÙÃª¡Aäú¤ß©Î¹Ã¦R¡A¥Ö¯l¡A¹L±Ó¤ÏÀ³,Nausea or vomiting¡A skin rash¡A allergic reaction,,¬Ò¥i¥Î,´IªcµÎ·ðÁû²É600²@§J,Fluimucil granules 600mg/3gm,,,§_,¬O,,ÃÄ«~¥i¯à¦³²¸¯ä¨ý¡A¬°¬¡©Ê¦¨¤À¯S¼x¡CÁ×§K±N¦¹ÃÄ·»²G»P¨ä¥LÃÄª«²V¦X¡C,½Ð±NÁû²É¸m©ó®e¾¹¤¤¡A¥[¤J100-200²@¤É¤ô·»¸Ñ¡B²V¤Ã«á¶¼¥Î¡C,Medication may have a sulfurous odor. Do not mix with other drugs.,Dissolve granules in 100-200 milliliters of water¡A mix well¡A and consume.,¥»ÃÄ§t¦³²¢¨ý¾¯ªü´µ¤Ú²¢¡A­fà¬§¿±wªÌ¤£©y¨Ï¥Î¡C,Contains aspartame¡A not suitable for phenylketonuria patients.,2023Q2ÃÄ©e·s¶i,¤@¯ë,¤@¯ë,¥»ÃÄ«~§t²¢¨ý¾¯ªü´µ¤Ú²¢¡A­fà¬§¿±wªÌ¤£©y¨Ï¥Î¡C,,,0,0,§_,1.0,,§_,¬O,¬O,³æ¤è,,¥i¥Î,¥i¥Î,¥i¿i,¬O,,1.00,1.00,2.00,2.00,999,999,1,1,12.00,12.00,0.50,0.50,,¦³¹Ï¤ù,,0,,0,,R05CB01,,,,,0.60,g,0.50,g,PK,,°·«Oµ¹¥I,°·«Oµ¹¥I,ACETYLCYSTEINE,R05CB01,BC27954116,,SolidDrugForm,GRAN,,,0,,0,,,,PH047,202402121341,6.00,8.00
OFLUC,20111225,99999999,°±¥Î,Flucil 100mg/PK,Flucil 100mg/PK,Acetylcysteine,PO,QID,ERSP,RE-05-01,¤fªA,PK,Actein,«D²Õ®M,°±¥Î,OACT40,¤@¯ë¥i¥Î,¬O,¤£¥i¥ÎÃÄ¥]¾÷,¥i¥Î,¤@¯ë,Á`¶q¶i¦ì,¾AÀ³¯g:¤Æ·ð(´î¤Ö©I§l¹DÖß½¤¤Àªcª«ªºÖß¸Y©Ê)¡C,,Indication:Mucolytics,,¥~ Æ[:¾ï¦â·L²ÓÁû²É¥]¸Ë,Appearance:Orange granules,§C¦åÀ£¡A äú¤ß¡A ¹Ã¦R¡A ¤ä®ðºÞ¦¬ÁY,Hypotension¡A nausea¡A vomiting¡A bronchospasm.,,¬Ò¥i¥Î,ºÖ³ßÁû²É,Flucil,,,§_,¬O,,½Ð°t¦X¥R¤À¶}¤ôªA¥Î¡A ¨Ã¼W¥[¤ô¤ÀªºÄá¨ú,,Drink plenty of fluids while taking the medicine.,,,,,¤@¯ë,¤@¯ë,Äµ »y:½Ð°t¦X¥R¤À¶}¤ôªA¥Î¡A ¨Ã¼W¥[¤ô¤ÀªºÄá¨ú,,,0,0,§_,1.0,,§_,§_,§_,³æ¤è,§_,°±¥Î,°±¥Î,¥i¿i,¬O,,1.00,1.00,2.00,2.00,999,999,1,1,70.00,70.00,2.80,1.40,,¦³¹Ï¤ù,,0,,0,,R05CB01,,,,,,,,,PK,,°·«Oµ¹¥I,°·«Oµ¹¥I,ACETYLCYSTEINE,R05CB01,A032323114,§_,SolidDrugForm,GRAN,,,,,,,,,PH047,202303141740,1.58,3.00
OFLUN,20081216,99999999,°±¥Î,Flunazon 5mg,Flunazon 5mg,Flunarizine,PO,HS,CAVS,CV-11-00,¤fªA,CAP,Sibelium,«D²Õ®M,°±¥Î,OSUZ,¤@¯ë¥i¥Î,¬O,¥i¥ÎÃÄ¥]¾÷,¥i¥Î,¤@¯ë,Á`¶q¶i¦ì,¾AÀ³¯g:¥Dªväú¤ß¡B¯t·w¡B·w°Ê¯f¡B¥½±é¦åºÞ´`Àô»ÙÃªµ¥,,,,¥~ Æ[: ¥Õ/¤¤¦Ç¦âªø¶ê¬W§Î½¦Ån¡A ¦L¦³NKP193,Appearance:White/grey cylinder capsule,,,,¬Ò¥i¥Î,´_¸£³q½¦Ån,Flunazon 5mg,,,§_,¬O,,,,,,,,,¤@¯ë,¤@¯ë,Äµ »y:½Ð¿í·ÓÂå®v«ü¥Ü¨Ï¥Î¡A­Yµo¥ÍºÃ¦üÃÄª«¤£¨}¤ÏÀ³½Ð§iª¾Âå¥Í¡C,,,,,§_,1.0,,§_,§_,§_,³æ¤è,§_,°±¥Î,¥i¥Î,¥i¿i,¬O,,1.00,1.00,4.00,4.00,99,99,1,1,0,0,0,0,,µL¹Ï¤ù,,0,,0,,,,,,,,,,,CAP,,°·«Oµ¹¥I,°·«Oµ¹¥I,FLUNARIZINE,N07CA03,A026233100,§_,SolidDrugForm,ORCAP,,,,,,,,,PH047,202303141740,1.32,3.00
OFLUP,20131216,99999999,¥i¥Î,FluPINE 0.25mg,FluPINE 0.25mg,Fludiazepam,PO,TID,CNEU,CN-02-02,¤fªA,TAB,Erispan,«D²Õ®M,,,¤@¯ë¥i¥Î,¬O,¤£¥i¥ÎÃÄ¥]¾÷,,¤@¯ë,Á`¶q¶i¦ì,¾AÀ³¯g:µJ¼{ª¬ºA¡A ¥¢¯v¡A ¦Ù¦×µjÅË,,Indication:Relieve anxious symptoms.,,¥~ Æ[: ¥Õ¦â¶ê§ÎÃÄ¿õ,Appearance:White round tablet,¤f°®¡A «K¯µ¡A µø¤O¼Ò½k¡A ÀY·w¡A ¶ÝºÎ,Dizzy; sleepy;blurred vision;constipation; dry mouth,,¬Ò¥i¥Î,ºÖ¦w·½¿õ,FluPINE 0.25mg,,,¬O,¬O,½Ã±Ð³æ¥|,¤Å¶¼°s©Î¸²µå¬c¥Ä,,Avoid alcohol or grapefruit juice.,,­¹ª«¥æ¤¬§@¥Î: ªAÃÄ´Á¶¡Á×§K­¹¥Î¸²µå¬c¥Ä»P¶¼°s,Food interaction: Avoid grapefruit juice and alcohol.,102¦~²Ä¥|¦¸ÃÄ©e·|·s¶i,¤@¯ë,¥|¯ÅºÞ¨î,Äµ »y:¤Å¶¼°s©Î¸²µå¬c¥Ä,SA/­¹ «÷­µ/­¹ª«,,0,0,§_,1.0,,§_,¬O,§_,³æ¤è,§_,¥i¥Î,¥i¥Î,¤£¥i¿i,¬O,,1.00,1.00,2.00,2.00,30,30,1,1,5.00,5.00,0.03,0.03,,¦³¹Ï¤ù,,0,,0,,N05BA17,,,,,,,,,TAB,,°·«Oµ¹¥I,°·«Oµ¹¥I,FLUDIAZEPAM,N05BA17,AC415191G0,§_,SolidDrugForm,ORTAB,,,,,,,,,PH047,202303141740,2.00,3.00
OFLUV,20110120,99999999,°±¥Î,Fluvoxin 50mg,Fluvoxin 50mg,Fluvoxamine,PO,,CNEU,CN-02-04,¤fªA,TAB,Luvox,«D²Õ®M,°±¥Î,OLUVO,¤w°±¥Î,¬O,¤£¥i¥ÎÃÄ¥]¾÷,±ø¥ó¤Uµ¹¥I,¤@¯ë,Á`¶q¶i¦ì,¾AÀ³¯g:±¡ºü©Ê¯gª¬(«ùÄò©Ê±¡ºü§C¸¨¡Bºë¯«¥\¯à¶Ë®`¡B±j­¢¯g),,Indication: Mental depressive¡A obsessive-compulsive symptoms,,¥~ Æ[: ¥Õ¦â¶ê«ó§Î¿õ¾¯¡A ¤@­±¦LWST¡A ¤@­±¦LF 03,Appearance:White Round Tablet,¥Ö½§¬õ¯l¡AëC·ò¯l,skin rash¡A hives,,,´I¥²ÀR,Fluvoxin 50mg,,,§_,¬O,,¾ã²É§]ªA¡A¤ÅÄZ¸H¡FªAÃÄ«á¡A½Ð¤p¤ß¶}¨®©Î¾Þ§@¦MÀI¾÷±ñ,,Swallow whole¡A do not chew. Be careful driving or operating machines.,,,,,¤@¯ë,¤@¯ë,Äµ »y¡G¾ã²É§]ªA¡A¤ÅÄZ¸H¡FªAÃÄ«á¡A½Ð¤p¤ß¶}¨®©Î¾Þ§@¦MÀI¾÷±ñ,,,,,§_,1.0,,§_,§_,§_,³æ¤è,§_,°±¥Î,¥i¥Î,¤£¥i¿i,¬O,,1.00,1.00,2.00,2.00,999,999,1,1,0,0,0,0,,¦³¹Ï¤ù,,0,,0,,,,,,,,,,,TAB,,°·«Oµ¹¥I,°·«Oµ¹¥I,FLUVOXAMINE,N06AB08,A046933100,§_,SolidDrugForm,ORTAB,,,,,,,,,PH047,202303141740,6.00,8.00
OFOL,20020522,99999999,¥i¥Î,Folina 15mg,Folina 15mg,Folinate,PO,BID,ZADT,AD-02-00,¤fªA,TAB,Leucovorin,«D²Õ®M,,,¤@¯ë¥i¥Î,¬O,¤£¥i¥ÎÃÄ¥]¾÷,±ø¥ó¤Uµ¹¥I,¤@¯ë,Á`¶q¶i¦ì,¾AÀ³¯g: ¶W¶q¨Ï¥Î¸­»Ä«ú§Ü¾¯®É¡B¥¨ªì¬õ¦å²y©Ê³h¦å,,Indication:Cancer therapy¡A treat megaloblastic anemia,,¥~ Æ[:¥Õ¦â¶ê§Î¿õ¾¯¡A ¾Tºä¥]¸Ë,Appearance:White round tablet,¤j¾¯¶q·|¤Þ°_¸z­G¤£¾A,GI upset at high doses.,,¬Ò¥i¥Î,ªÜµY¨È¿õ,Folina 15mg,,,§_,¬O,,½Ð¿í·ÓÂå®v«ü¥Ü¨Ï¥Î¡A ­Yµo¥ÍºÃ¦üÃÄª«¤£¨}¤ÏÀ³½Ð§iª¾Âå¥Í,,Follow doctor's advice. Check with doctor if you notice any side effects.,,³Æµù: Á×§K¥Î©óºû¥L©RB12¯Ê¥F±wªÌ,Avoid for untreated vit B12 deficiency.,,¤@¯ë,¤@¯ë,Äµ »y:½Ð¿í·ÓÂå®v«ü¥Ü¨Ï¥Î¡A­Yµo¥ÍºÃ¦üÃÄª«¤£¨}¤ÏÀ³½Ð§iª¾Âå¥Í¡C,,¤fªAÃÄ,,,§_,1.0,,§_,¬O,§_,³æ¤è,§_,¥i¥Î,¥i¥Î,¥i¿i,¬O,,1.00,1.00,2.00,2.00,999,999,1,1,8.00,8.00,0,0,,¦³¹Ï¤ù,,0,,0,,V03AF03,,,,,,,,,TAB,,°·«Oµ¹¥I,°·«Oµ¹¥I,LEUCOVORIN,V03AF03,AC44248100,§_,SolidDrugForm,ORTAB,,,,,,,,,PH047,202303141741,7.90,11.00
OFOL5,20120326,99999999,¥i¥Î,Folacin FC 5mg(¦Û¶O),Folacin FC 5mg(¦Û¶O),Folic Acid,PO,QD,NUTR,NU-01-00,¤fªA,TAB,Folic acid,«D²Õ®M,,,¤@¯ë¥i¥Î,¬O,¤£¥i¥ÎÃÄ¥]¾÷,°·«O¤£µ¹¥I,¤@¯ë,Á`¶q¶i¦ì,¾AÀ³¯g:¸­»Ä¸É¥R¾¯,,Indication:Treatment of folic acid deficiency.,,¥~ Æ[:¶À¦â¶ê«ó§Î¿õ¾¯¡A ¦³¶ê§Î¨è²ª,Appearance:Yellow round tablet,¤j¾¯¶q·|¤Þ°_¸z­G¤£¾A,GI complaints at high doses.,,¬Ò¥i¥Î,¸­»Ä½¤¦ç¿õ,Folacin FC 5mg(¦Û¶O),,,§_,¬O,,½Ð¿í·ÓÂå®v«ü¥Ü¨Ï¥Î¡A ­Yµo¥ÍºÃ¦üÃÄª«¤£¨}¤ÏÀ³½Ð§iª¾Âå¥Í,,Follow doctor's advice. Check with doctor if you notice any side effects.,,,,,¤@¯ë,¤@¯ë,Äµ »y:½Ð¿í·ÓÂå®v«ü¥Ü¨Ï¥Î¡A­Yµo¥ÍºÃ¦üÃÄª«¤£¨}¤ÏÀ³½Ð§iª¾Âå¥Í¡C,,,0,0,§_,1.0,,§_,¬O,§_,³æ¤è,§_,°±¥Î,°±¥Î,¥i¿i,¬O,,1.00,1.00,1.00,1.00,999,999,1,1,2.00,2.00,0,0,,¦³¹Ï¤ù,,0,,0,,B03BB01,,,,,,,,,TAB,,¤£µ¹¥I¶·¦Û¥I,¤£µ¹¥I¶·¦Û¥I,,,,§_,SolidDrugForm,ORTAB,,,,,,,,,PH047,202303141741,0,3.00
OFOR,20160315,99999999,¥i¥Î,Forxiga 10mg,Forxiga 10mg,Dapagliflozin,PO,QD,META,ME-02-08,¤fªA,TAB,Forxiga,«D²Õ®M,,,¤@¯ë¥i¥Î,¬O,¤£¥i¥ÎÃÄ¥]¾÷,±ø¥ó¤Uµ¹¥I,¤@¯ë,Á`¶q¶i¦ì,¾AÀ³¯g:²Ä¤G«¬¿}§¿¯f¡A¹w¨¾¤ß¦åºÞ¨Æ¥ó¡A­°§CµÇÅ¦¯f­·ÀI,,Indication:Diabetes¡A Prevention of cardiovascular disease,and kidney disease of progression.,¥~ Æ[:¶À¦âªºÂù¥YµÙ§Î½¤¦ç¿õ¡A¦L¦³¡§10¡¨¡A¥t¤@­±¡§1428¡¨¡C,Appearance:Yellow diamond tablet¡A marking: 10 and 1428,§C¦å¿}¡A¥Í´Þ¾¹·P¬V¡Aªc§¿¹D·P¬V¡A­I³¡¯kµh¡A¦h§¿¡A§C¦åÀ£,Hypoglycemia¡A genital or urinary tract infect¡A back pain¡A polyuria¡A hypotension.,,¬Ò¥i¥Î,ºÖ¾A¨Î½¤¦ç¿õ,Forxiga F.C. 10mg,,,,¬O,,­Y¥Í´Þ¾¹ªþªñ¦³À£µh¡Bµo¬õ¡B¸~µÈ¥B¦ñÀHµo¿N©Î§¿¸ô·P¬V¯gª¬¡A½Ð¥ß§Y¦^¶E¡C,Á×§K°Æ§@¥Îµo¥Í¡A½Ð¾A¶q¸É¥R¤ô¤À¡C,Monitor for signs and symptoms of Urinary tract infection and treat as needed.,Drinking plenty of water can prevent side effects.,ªA¥ÎForxigaªº±wªÌ§¿²G¸²µå¿}´ú¸Õ·|§e¶§©Ê¡C,Taking Forxiga will test positive for glucose in their urine.,2016¦~²Ä¤@¦¸ÃÄ©e·|³q¹L·s¶i,¤@¯ë,¤@¯ë,­Y¥Í´Þ¾¹ªþªñ¦³À£µh¡Bµo¬õ¡B¸~µÈ¥B¦ñÀHµo¿N©Î§¿¸ô·P¬V¯gª¬¡A½Ð¥ß§Y¦^¶E¡C,,,0,0,§_,1.0,,¬O,¬O,§_,³æ¤è,§_,¥i¥Î,¥i¥Î,¥i¿i,¬O,,1.00,1.00,1.00,1.00,999,999,28,1,1.00,1.00,0,0,,¦³¹Ï¤ù,,0,,0,,A10BK01,,,,,0,,0,,TAB,,°·«Oµ¹¥I,°·«Oµ¹¥I,DAPAGLIFLOZIN 5-10 MG + METFORMIN 0-1000 MG,A10BK01,BC26476100,,SolidDrugForm,ORTAB,,,,,,,,,PH047,202303141741,27.60,36.00
OFOS,19960101,99999999,°±¥Î,Fosamax 10mg,Fosamax 10mg,Alendronate,PO,QD,META,ME-06-00,¤fªA,TAB,Fosamax,«D²Õ®M,°±¥Î,,¤@¯ë¥i¥Î,¬O,¤£¥i¥ÎÃÄ¥]¾÷,±ø¥ó¤Uµ¹¥I,¤@¯ë,Á`¶q¶i¦ì,¾AÀ³¯g:¥Dªv°©½è²¨ÃP¯g,,Treatment of osteoporosis in postmenopausal women.,,¥~ Æ[:¾Tºä¥]¸Ë,,,,,,ºÖµ½¬ü¿õ,Fosamax 10mg,,,§_,§_,,,,,,,,,¤@¯ë,¤@¯ë,Äµ »y:½Ð¦b¦­±áªÅ¸¡®É»P¤j¶q¶}¤ô¨ÖªA ¡AªAÃÄ«á¥b¤p®É½Ð¤Å½ö¤U¡C¶·¾ã²É§]ªA¡C,,,,,§_,1.0,,§_,§_,§_,³æ¤è,§_,¥i¥Î,¥i¥Î,¥i¿i,¬O,,1.00,1.00,999.00,999.00,999,999,28,1,0,0,0,0,,µL¹Ï¤ù,,0,,0,,,,,,,,,,,TAB,§_,°·«Oµ¹¥I,°·«Oµ¹¥I,ALENDRONATE,M05BA04,B022015100,§_,SolidDrugForm,ORTAB,,,,,,,,,PH047,202401301502,41.60,52.00
OFOS7,20030103,99999999,°±¥Î,Fosamax 70mg,Fosamax 70mg,Alendronate,PO,QW,META,ME-06-00,¤fªA,TAB,Fosamax,«D²Õ®M,°±¥Î,OFOSP,¤@¯ë¥i¥Î,¬O,¤£¥i¥ÎÃÄ¥]¾÷,±ø¥ó¤Uµ¹¥I,¤@¯ë,Á`¶q¶i¦ì,¾AÀ³¯g:¥Dªv°©½è²¨ÃP¯g,,Treatment of osteoporosis,,¥~ Æ[:¥Õ¦â¾ò¶ê§Î¿õ¾¯,Appearance:White Elliptic Tablet,,,,¬Ò¥i¥Î,ºÖµ½¬ü¿õ,Fosamax 70mg,,,§_,§_,,,,,,,,,¤@¯ë,¤@¯ë,Äµ »y:½Ð¦b¦­±áªÅ¸¡®É»P¤j¶q¶}¤ô¨ÖªA ¡AªAÃÄ«á¥b¤p®É½Ð¤Å½ö¤U¡C¶·¾ã²É§]ªA¡C,,,,,§_,1.0,,§_,§_,§_,³æ¤è,§_,°±¥Î,¥i¥Î,¤£¥i¿i,¬O,,1.00,1.00,1.00,1.00,99,99,1,1,0,0,0,0,,µL¹Ï¤ù,,0,,0,,,,,,,,,,,TAB,§_,°·«Oµ¹¥I,°·«Oµ¹¥I,ALENDRONATE 70 MG¡ÏVITAMIN D 0-5600IU,M05BA04,B023167100,§_,SolidDrugForm,ORTAB,,,,,,,,,PH047,202303141741,259.00,311.00
OFOSP,20150615,99999999,°±¥Î,Fosamax Plus 70mg/5600IU,Fosamax Plus 70mg/5600IU,Alendronate + Colecalciferol,PO,QWAC,META,ME-06-00,¤fªA,TAB,Fosamax,«D²Õ®M,°±¥Î,,¤@¯ë¥i¥Î,¬O,¤£¥i¥ÎÃÄ¥]¾÷,±ø¥ó¤Uµ¹¥I,¤@¯ë,Á`¶q¶i¦ì,¾AÀ³¯g:¥Dªv°©½è²¨ÃP¯g,,Indication:Treatment of osteoporosis.,,¥~ Æ[:¥Õ¦âªø¤è§Î¿õ¾¯¡A¦L¦³"270"¦r¼Ë,Appearance:White oblong tablet¡A marking: 270,¸¡µh¡A ÃE°©Ãö¸`Ãa¦º¡A «D¨å«¬ªÑ°©°©§é,Abdominal pain¡A jaw osteonecrosis¡A atypical femur fractures.,,¬Ò¥i¥Î,ºÖµ½¬ü«O°©¿õ 70²@§J/5600°ê»Ú³æ¦ì,Fosamax Plus 70mg/5600IU,,,§_,§_,½Ã±Ð³æ¤@,½Ð¦b¦­±áªÅ¸¡®É»P¤j¶q¶}¤ô¨ÖªA ¡AªAÃÄ«á¥b¤p®É½Ð¤Å½ö¤U¡C¶·¾ã²É§]ªA¡C,,,,,,102¦~²Ä¥|¦¸ÃÄ©e·|¨MÄ³§R°£¡A 104¦~²Ä¤G¦¸ÃÄ©e±Ò¥Î,¤@¯ë,¤@¯ë,Äµ »y:½Ð¦b¦­±áªÅ¸¡®É»P¤j¶q¶}¤ô¨ÖªA ¡AªAÃÄ«á¥b¤p®É½Ð¤Å½ö¤U¡C¶·¾ã²É§]ªA¡C,,,0,0,§_,1.0,,§_,§_,¬O,½Æ¤è,§_,¥i¥Î,¥i¥Î,¤£¥i¿i,¬O,,1.00,1.00,1.00,1.00,999,999,28,28,1.00,1.00,0,0,,¦³¹Ï¤ù,,0,,0,,M05BA04,A11CC05,M05BB03,,,0,,0,,TAB,,°·«Oµ¹¥I,°·«Oµ¹¥I,ALENDRONATE 70 MG¡ÏVITAMIN D 0-5600IU,M05BB03,BC26136100,§_,SolidDrugForm,ORTAB,,,,,,,,,PH047,202303141741,152.00,182.00
OFOSR,20160324,99999999,¥i¥Î,Fosrenol Chewable 750mg,Fosrenol Chewable 750mg,Lanthanum carbonate,PO,TIDM,META,NU-04-04,¤fªA,TAB,,«D²Õ®M,,,¤@¯ë¥i¥Î,¬O,¤£¥i¥ÎÃÄ¥]¾÷,°·«O¤£µ¹¥I,¤@¯ë,Á`¶q¶i¦ì,¾AÀ³¯g:ªvÀøºC©ÊµÇ°IºÜ¯f¤H¤§°ªÁC»ÄÆQ¦å¯g¡C,,Indication:Reduction of serum phosphate in patients with,stage 5 chronic kidney disease.,¥~ Æ[:¥Õ¦â¶ê«ó«¬¿õ¾¯¡A¦L¦³S405¤Î750,Appearance: White color round tablet¡A markimg: S405 and 750,«K¯µ¡A®ø¤Æ¤£¨}¡AÀYµh,constipation¡A dyspepsia¡A headache,,¥u¥Î©óªù¶E¤Î¦í°|STAT,ºÖ´µ§Q¿Õ©CÄZ¿õ,Fosrenol Chewable 750mg,,,,¬O,,½Ð«r¸H«á¦A§]ªA¡C¤£¥i¾ãÁû§]ªA,,Please chew this tablet well before swallowing. Do not swallow the whole tablet.,,,,2014¦~²Ä¥|©uÃÄ©e·|³q¹L¦Û¶OÁ{±Ä,¤@¯ë,¤@¯ë,¿õ¾¯½Ð«r¸H«á¦A§]ªA¡C,,,0,0,§_,15.0,,§_,¬O,§_,³æ¤è,§_,°±¥Î,°±¥Î,¥i¿i,¬O,,1.00,1.00,2.00,2.00,999,999,7,1,6.00,6.00,0,0,,¦³¹Ï¤ù,,0,,0,,V03AE03,,,,,0,,0,,TAB,,¤£µ¹¥I¶·¦Û¥I,¤£µ¹¥I¶·¦Û¥I,,,,§_,SolidDrugForm,CHEWTAB,,,,,,,,,PH047,202303141741,0,115.00
OFOX,20071224,99999999,°±¥Î,FOXate 200 mg,FOXate 200 mg,Flavoxate,PO,,SGU,UR-05-00,¤fªA,TAB,Bladderon,«D²Õ®M,°±¥Î,,¤@¯ë¥i¥Î,¬O,¤£¥i¥ÎÃÄ¥]¾÷,¥i¥Î,¤@¯ë,Á`¶q¶i¦ì,¾AÀ³¯g:ªvÀø«e¦C¸¢©Î»H¯Öµoª¢¤§ÀW§¿,,Indication:Urinary incontinence¡A urgency and frequency.,,¥~ Æ[:¥Õ¦â¶ê§Î¿õ¾¯¡A ¤@­±¦LFOXATE 200¦r¼Ë,Appearance:White round tablet,¸z­G¾÷¯à»ÙÃª¡A ÀYµh¡A ÂíÀR¡A ¯t·w,GI disturbances; headache¡A sedation¡A vertigo.,,¬Ò¥i¥Î,¥ñ¶¶½¤¦ç¿õ,FOXate 200 mg,,,§_,¬O,,¥»«~¥i¯à·|­°§C±zªºª`·N¤O¡A ÄµÄ±©Ê¤Î°Ê§@¨ó½Õ¯à¤O,,May cause dizziness¡A weakness¡A lack of coordination.,,³Æµù: «C¥ú²´±wªÌ¤p¤ß¨Ï¥Î,Should be used with caution in glaucoma.,,¤@¯ë,¤@¯ë,Äµ »y:¥»«~¥i¯à·|­°§C±zªºª`·N¤O¡BÄµÄ±©Ê¤Î°Ê§@¨ó½Õ¯à¤O,,,,,§_,1.0,,§_,§_,§_,³æ¤è,§_,¥i¥Î,¥i¥Î,¥i¿i,¬O,,1.00,1.00,1.00,1.00,99,99,1,1,0,0,0,0,,¦³¹Ï¤ù,,0,,0,,G04BD02,,,,,,,,,TAB,,°·«Oµ¹¥I,°·«Oµ¹¥I,FLAVOXATE,G04BD02,AC44572100,§_,SolidDrugForm,ORTAB,,,,,,,,,PH047,202303141741,3.61,5.00
OFRIN,20171215,99999999,°±¥Î,Ferrin 150/0.025/1mg,Ferrin 150/0.025/1mg,Iron(III) + Cyanocobalamin + Folic acid,PO,QD,NUTR,NU-01-00,¤fªA,CAP,Iron polysaccharide complex,«D²Õ®M,°±¥Î,,¤@¯ë¥i¥Î,¬O,¤£¥i¥ÎÃÄ¥]¾÷,¥i¥Î,¤@¯ë,Á`¶q¶i¦ì,¾AÀ³¯g:ÅK¡B¸­»Ä¡Bºû¥Í¯ÀB12¯Ê¥F¯g¡C,,Indication:Treatment of iron¡A Vit B12¡A folic acid deficiency,,¥~ Æ[:¶Â/¬õ¦âªø¶ê¬W§Î½¦Ån,Appearance:Black/red cylinder capsule,­G¸z¤£¾A¡A«K¯µ¡Aäú¤ß,GI irritation¡A constipation¡A nausea.,,¬Ò¥i¥Î,ÅK¹F¦å½¦Ån,Ferrin 150/0.025/1 mg,,,,¬O,,½Ð¤Å»P¤û¥¤¤Î¨î»Ä¾¯¨ÖªA,ªA¥Î«e«á30¤ÀÄÁ¤º¤Å¶¼¥Î©@°Ø©Î¯ù,Avoid taking with milk or antacid.,Avoid drinking coffee or tea within 30 minutes.,¥»ÃÄ«~¥i¯àÅýÁT«K§e¶Â¦â.,This medicine may cause black stools.,,¤@¯ë,¤@¯ë,½Ð¤Å»P¤û¥¤¤Î¨î»Ä¾¯¨ÖªA,,,0,0,§_,1.0,,§_,§_,§_,½Æ¤è,§_,¥i¥Î,¥i¥Î,¥i¿i,¬O,,1.00,1.00,2.00,2.00,999,999,1,1,2.00,2.00,0,0,,¦³¹Ï¤ù,,0,,0,,B03AE01,B03AB02,B03BB01,B03BA01,,0,,0,,CAP,,°·«Oµ¹¥I,°·«Oµ¹¥I,FERRIC OXIDE SACCHARATED 150MG + VITAMIN B12 25MCG + FOLIC ACID 1MG,B03AB02,AC58113100,§_,SolidDrugForm,ORCAP,,,,,,,,,PH047,202303141741,4.44,6.00
OFRIS,20210917,99999999,¥i¥Î,Frisium 10mg,Frisium 10mg,Clobazam,PO,HS,CNEU,CN-02-02,¤fªA,TAB,Frisium,«D²Õ®M,°±¥Î,,­­¥æ¥I½Õ¾¯,¬O,¥i¥ÎÃÄ¥]¾÷,¥i¥Î,¤£¦LÃÄÅÒ,Á`¶q¶i¦ì,¾AÀ³¯g:µJ¼{ª¬ºA¡BÅöíw¯g¤§»²§UªvÀø,,Indication:Antianxiety or adjunct therapy in epilepsy.,,¥~ Æ[:¥Õ¦â¶ê«ó§Î¿õ¾¯¡A ¤W¦³B GL¼Ð¥Ü.,Appearance:White round tablet¡A with B GL marked.,­¹±ý­°§C¡Aäú¤ß¡A¤f°®¡A«K¯µ¡A§x­Â¡A¯h³Ò,inappetence¡A nausea¡A dry mouth¡A constipation¡A drowsiness¡A fatigue,,¥u¥Î©óªù¶E,ªA§Q¹ç¿õ10²@§J,Frisium 10mg,,,¬O,¬O,,­Yµo²{¥Ö½§µo¯l½Ð¥ß§Y¿Ô¸ß±zªºÂåÀø¤H­û,,Please consult your medical personnel if have a skin rash after using this drug.,,ªvÀø´Á¶¡À³Á×§K¶¼°s.,Avoid alcohol during treatment.,202109­Ó®×Á{±Ä¡A­­¥æ¥I½Õ¾¯,¤@¯ë,¥|¯ÅºÞ¨î,­Yµo²{¥Ö½§µo¯l½Ð¥ß§Y¿Ô¸ß±zªºÂåÀø¤H­û,,,0,0,§_,1.0,,§_,§_,§_,³æ¤è,,°±¥Î,¥i¥Î,¤£¥i¿i,§_,,1.00,1.00,8.00,8.00,30,1,28,1,8.00,8.00,0.14,0.14,,¦³¹Ï¤ù,,0,,0,,N05BA09,,,,,10.00,mg,20.00,mg,TAB,§_,°·«Oµ¹¥I,°·«Oµ¹¥I,CLOBAZAM,N05BA09,BC23071100,,SolidDrugForm,ORTAB,,,0,,0,,,,PH034,202109220957,2.71,4.00
OFT207,19960101,99999999,°±¥Î,FT 207 200mg,FT 207 200mg,Futraful,PO,,RACA,ON-02-00,¤fªA,CAP,FT 207,«D²Õ®M,°±¥Î,OUFU,¤@¯ë¥i¥Î,¬O,¤£¥i¥ÎÃÄ¥]¾÷,,¤@¯ë,Á`¶q¶i¦ì,¾AÀ³¯g:¬°§Ü¸~½FÃÄ,,,,,,,,,,,FT 207 200mg,,,§_,¬O,,,,,,,,,¤@¯ë,¤@¯ë,,,,,,§_,1.0,,§_,§_,§_,³æ¤è,§_,¥i¥Î,¥i¥Î,¥i¿i,¬O,,1.00,1.00,999.00,999.00,999,999,1,1,0,0,0,0,,µL¹Ï¤ù,,0,,0,,,,,,,,,,,CAP,§_,°·«Oµ¹¥I,°·«Oµ¹¥I,TEGAFUR (=FTORAFUR),L01BC03,B018151100,§_,SolidDrugForm,ORCAP,,,,,,,,,PH047,202303141741,34.70,43.00
OFUC,20030918,99999999,¥i¥Î,Fucidin 250mg,Fucidin 250mg,Fusidate,PO,TID,QANB,AI-01-13,¤fªA,TAB,Fucidin,«D²Õ®M,Á{±ÄÃÄ¡A½Ð³qª¾ÃÄ§½¥~ÁÊ,,­Ó®×Á{±Ä,¬O,¤£¥i¥ÎÃÄ¥]¾÷,±ø¥ó¤Uµ¹¥I,¤@¯ë,Á`¶q¶i¦ì,¾AÀ³¯g:²Óµß©Ê·P¬V¥Î,,Indication:Antibiotic for infection.,,¥~ Æ[:¥Õ¦â¾ò¶ê§Î¦³121¼Ð°O,Appearance:White elliptic tablet,¸z­G¾÷¯à»ÙÃª¡A¶À¯n,GI disturbances¡A jaundice,,¬Ò¥i¥Î,ªA§Y²b,Fucidin 250mg,,,§_,¬O,,½Ð¿í«ü¥ÜªA§¹¾ã­ÓÀøµ{¡A ­Yµo¥Í¥ÎÃÄ¤£¨}¤ÏÀ³½Ð§iª¾Âå¥Í,,Follow doctor's advice. Check with doctor if you notice any side effects.,,,,Á{±ÄÃÄ¡A½Ð³qª¾ÃÄ§½¥~ÁÊ,¤@¯ë,¤@¯ë,Äµ »y:½Ð¿í«ü¥ÜªA§¹¾ã­ÓÀøµ{¡A­Yµo¥Í¥ÎÃÄ¤£¨}¤ÏÀ³½Ð§iª¾Âå¥Í¡C,,¤fªAÃÄ,,,§_,1.0,,§_,§_,§_,³æ¤è,§_,¥i¥Î,¥i¥Î,¥i¿i,¬O,,1.00,1.00,2.00,2.00,14,14,0,0,6.00,6.00,0.15,0.05,,¦³¹Ï¤ù,,0,,0,,J01XC01,,,,,0.25,g,1.50,g,TAB,,°·«Oµ¹¥I,°·«Oµ¹¥I,FUSIDIC ACID,J01XC01,BC19108100,§_,SolidDrugForm,ORTAB,,,,,,,,,PH047,202403131625,48.90,64.00
OFUCO,20180329,99999999,°±¥Î,Fucole Paran 500mg,Fucole Paran 500mg,Acetaminophen,PC,,CNEU,CN-01-05,¤fªA,TAB,Panadol,«D²Õ®M,°±¥Î,ODEPY,¤@¯ë¥i¥Î,¬O,¥i¥ÎÃÄ¥]¾÷,¥i¥Î,¤@¯ë,Á`¶q¶i¦ì,¾AÀ³¯g:°h¿N¡A ¤îµh§@¥Î,,Indication:Relief of pain or fever,,¥~ Æ[:¶À¦â¶ê§Î¿õ¾¯,Appearance:Yellow round tablet,äú¤ß¡A ¹Ã¦R,Nausea; vomiting,,¬Ò¥i¥Î,²z«_§B¼Ö¤îµh¿õ,Fucole Paran 500mg,,,,¬O,,¥ÎÃÄ´Á¶¡À³Á×§K¶¼¥Î§t°sºë¶¼®Æ,,Avoid alcohol while taking medication.,,,,,¤@¯ë,¤@¯ë,Äµ »y¡G¥ÎÃÄ´Á¶¡À³Á×§K¶¼¥Î§t°sºë¶¼®Æ,,,0,0,§_,1.0,,§_,¬O,§_,³æ¤è,,¥i¥Î,¥i¥Î,¥i¿i,¬O,,1.00,1.00,2.00,2.00,999,999,0,1,8.00,8.00,0.20,0.04,,¦³¹Ï¤ù,,0,,0,,N02BE01,,,,,0,,0,,TAB,§_,°·«Oµ¹¥I,°·«Oµ¹¥I,ACETAMINOPHEN,N02BE01,A006271100,,SolidDrugForm,ORTAB,,,0,,0,,,³æ¦¸¿éª`,PH006,202007270941,0.41,2.00
OFUG,20040106,99999999,°±¥Î,Fuferel 250mg,Fuferel 250mg,Flutamide,PO,,RACA,ON-05-04,¤fªA,TAB,,«D²Õ®M,°±¥Î,,¤w°±¥Î,¬O,¤£¥i¥ÎÃÄ¥]¾÷,¥i¥Î,¤@¯ë,Á`¶q¶i¦ì,,,,,,,,,,¬Ò¥i¥Î,,Fuferel 250mg,,,§_,¬O,,,,,,,,,¤@¯ë,¤@¯ë,,,,,,§_,1.0,,§_,§_,§_,³æ¤è,§_,¥i¥Î,¥i¥Î,¥i¿i,¬O,,1.00,1.00,10.00,10.00,60,60,30,30,0,0,0,0,,µL¹Ï¤ù,,0,,0,,L02BB01,,,,,,,,,TAB,,°·«Oµ¹¥I,°·«Oµ¹¥I,FLUTAMIDE,L02BB01,B015543100,§_,SolidDrugForm,ORTAB,,,,,,,,,PH032,202303261559,48.10,60.00
OFUN,20211014,99999999,¥i¥Î,Fungitech 250mg,Fungitech 250mg,Terbinafine,PO,QD,QANB,AI-02-00,¤fªA,TAB,Lamisil (ÀøÅðµÎ),«D²Õ®M,,,¤@¯ë¥i¥Î,¬O,¤£¥i¥ÎÃÄ¥]¾÷,±ø¥ó¤Uµ¹¥I,¤@¯ë,Á`¶q¶i¦ì,¾AÀ³¯g:Åðµß·P¬V,,Indication:Antifungal agent.,,¥~ Æ[:¥Õ¦â¶ê¿õ,Appearance:White round tablet,¸¡Âm¡A äú¤ß©M¹Ã¦R¡A ­Gµh¡A ¨ýÄ±§ïÅÜ©Î¨ýÄ±³à¥¢,Diarrhea¡A nausea and vomiting¡A stomachache¡A change of taste or loss of taste,,¬Ò¥i¥Î,Åð¯S§JµÎ¿õ250¤½µ·,Fungitech 250mg,,,,¬O,,ªø´Á§ë»PÀ³¯d·N¨xÅ¦¥\¯àÅÜ¤Æ,¤Å¶¼°s,Should monitor liver function with long-term use.,Avoid alcohol.,¨Ö¥Î¨ä¥LÃÄª«À³§iª¾Âå®v¡A¥HÁ×§K¤£·íªºÃÄª«¥æ¤¬§@¥Î¡C,Check all drugs you are taking with your doctor.Drug-drug interactions may occur,2021.10 [OLAMS] ¯Ê³f´À¥N,¤@¯ë,¤@¯ë,Äµ »y:ªø´Á§ë»PÀ³¯d·N¨xÅ¦¥\¯àÅÜ¤Æ¡A¤Å¶¼°s¡C,,,0,0,§_,1.0,,§_,¬O,§_,³æ¤è,,¥i¥Î,¥i¥Î,¥i¿i,¬O,,1.00,1.00,1.00,1.00,28,28,1,1,2.00,2.00,0,0,,¦³¹Ï¤ù,,0,,0,,D01BA02,,,,,0.25,g,0.25,g,TAB,,°·«Oµ¹¥I,°·«Oµ¹¥I,TERBINAFINE,D01BA02,AC45950100,,SolidDrugForm,ORTAB,,,0,,0,,,,PH006,202112030934,6.90,10.00
OFYB,19960101,99999999,°±¥Î,Fybogel,Fybogel,Ispaghula Husk,PO,,ALIM,GI-03-00,¤fªA,PK,Fybogel,«D²Õ®M,°±¥Î,OKON,¤@¯ë¥i¥Î,¬O,¤£¥i¥ÎÃÄ¥]¾÷,,¤@¯ë,Á`¶q¶i¦ì,¾AÀ³¯g:¬°³n«K¾¯,,Constipation due to insufficient fibre.,,¥~ Æ[:¯»¾¯¥]¸Ë,,,,,¥u¥Î©ó¦í°|,,Fybogel,,,§_,¬O,,,,,,,,,¤@¯ë,¤@¯ë,Äµ »y:½Ð¿í«ü¥ÜªA§¹¾ã­ÓÀøµ{¡A­Yµo¥Í¥ÎÃÄ¤£¨}¤ÏÀ³½Ð§iª¾Âå¥Í¡C,,,,,§_,1.0,,§_,§_,§_,³æ¤è,§_,¥i¥Î,¥i¥Î,¥i¿i,¬O,,1.00,1.00,999.00,999.00,999,999,1,1,0,0,0,0,,µL¹Ï¤ù,,0,,0,,,,,,,,,,,PK,§_,°·«Oµ¹¥I,°·«Oµ¹¥I,ISPAGHULA HUSK,A06AC01,B0214581BD,§_,SolidDrugForm,POWD,,,,,,,,,PH047,202303141741,6.00,8.00
OFYC,20151220,99999999,¥i¥Î,Fycompa 2mg,Fycompa 2mg,Perampanel,PO,HS,CNEU,CN-03-01,¤fªA,TAB,Fycompa,«D²Õ®M,,,¤@¯ë¥i¥Î,¬O,¤£¥i¥ÎÃÄ¥]¾÷,±ø¥ó¤Uµ¹¥I,¤@¯ë,Á`¶q¶i¦ì,¾AÀ³¯g:12·³¥H¤W±wªÌ§½³¡Åöíwµo§@¤§»²§UªvÀø¡C,,Indication: Adjunctive treatment of partial-onset seizures,,¥~ Æ[:¾ï¦â¶ê§Î¿õ¾¯¡A¤@­±¨è 2¤ÎE 275,Appearance:Orange round tablet¡A markings : 2¡A E 275,ÀY·w¡A¶ÝºÎ¡A¨BºA²§±`¡A¯h³Ò¡AÀYµh,Dizziness¡A drowsiness¡A abnormal gait¡A fatigue¡A headache,,¬Ò¥i¥Î,Åö±±¹F½¤¦ç¿õ2²@§J,Fycompa 2mg,,,¬O,§_,,À³¾ã²É§]ªA¡A ¤Á¤Å«rÄZ©ÎÀ£¸H,ªAÃÄ«á¡A ½Ð¤Å¶}¨®©Î¾Þ§@¦MÀI¾÷±ñ,Swallow whole¡A do not chew/crush/split.,Be careful driving or operating machinery.,­Y¥X²{¦Û±þ·N©À©Î¦æ¬°¤§¼x¥üÀ³´NÂå¡C,Monitor for signs of suicidal ideation & behaviors.,2015¦~²Ä¥|¦¸ÃÄ©e·|·s¶iÃÄ«~,¤@¯ë,¤@¯ë,À³¾ã²É§]ªA¡A ¤Á¤Å«rÄZ©ÎÀ£¸H,,,0,0,§_,1.0,,§_,¬O,§_,³æ¤è,§_,¥i¥Î,¥i¥Î,¤£¥i¿i,¬O,,1.00,1.00,6.00,6.00,999,999,1,1,6.00,6.00,0,0,,¦³¹Ï¤ù,,0,,0,,N03AX22,,,,,0,,0,,TAB,,°·«Oµ¹¥I,°·«Oµ¹¥I,PERAMPANEL,N03AX22,BC26328100,§_,SolidDrugForm,ORTAB,,,,,,,,,PH047,202303141742,56.00,70.00
OFZP,20171002,99999999,°±¥Î,Fluzepam 2mg,Fluzepam 2mg,Flunitrazepam,PO,HS,CNEU,CN-02-07,¤fªA,TAB,FM2,«D²Õ®M,°±¥Î,OFAL,¤@¯ë¥i¥Î,¬O,¤£¥i¥ÎÃÄ¥]¾÷,¥i¥Î,¤@¯ë,Á`¶q¶i¦ì,¾AÀ³¯g:¥¢¯v¯g,,Indication:Insomnia,,¥~ Æ[:¥Õ¦â¶ê«ó«¬¿õ¾¯,Appearance:White round tablet,ÀY·w¡A ¶ÝºÎ¡A «K¯µ¡A µø¤O¼Ò½k¡A¤f°®,Dizzy¡A sleepy¡A constipation¡A blurred vision¡A dry mouth or thirst,,¥u¥Î©óªù¶E¤Î¦í°|STAT,´_º¸ÀR¿õ2¤½µ·,Fluzepam 2mg,,,,¬O,,¤Å¶}¨®©Î¾Þ§@¦MÀI¾÷±ñ; ¤Å¶¼°s©Î¸²µå¬c¥Ä,«æ©Ê¯U¨¤«C¥ú²´±wªÌ¡A­«¯g¦ÙµL¤O±wªÌ¸T¥Î,Caution in driving or using machinery¡A avoid alcohol or grapefruit juice.,Contraindications:glaucoma and myasthenia gravis.,­¹ª«¥æ¤¬§@¥Î: ªAÃÄ´Á¶¡Á×§K­¹¥Î¸²µå¬c¥Ä»P¶¼°s,Food interaction: Avoid grapefruit juice and alcohol.,,¤@¯ë,¤T¯ÅºÞ¨î,Äµ »y¡G¤Å¶}¨®©Î¾Þ§@¦MÀI¾÷±ñ¡F¤Å¶¼°s©Î¸²µå¬c¥Ä,­¹ ­¹ª«¥æ¤¬,,0,0,§_,1.0,,§_,§_,§_,³æ¤è,§_,°±¥Î,¥i¥Î,¥i¿i,¬O,,1.00,1.00,2.00,2.00,30,30,1,1,2.00,2.00,0,0,,¦³¹Ï¤ù,,0,,0,,N05CD03,,,,,0,,0,,TAB,§_,°·«Oµ¹¥I,°·«Oµ¹¥I,FLUNITRAZEPAM,N05CD03,AC40148100,§_,SolidDrugForm,ORTAB,,,,,,,,,PH047,202303141742,1.77,3.00
OGAB,20061201,99999999,°±¥Î,Gabemid (Glibenclamide) 5 mg,Gabemid (Glibenclamide) 5 mg,Glibenclamide,AC15,,META,ME-02-01,¤fªA,TAB,Euglucon,«D²Õ®M,°±¥Î,,¤@¯ë¥i¥Î,¬O,¥i¥ÎÃÄ¥]¾÷,¥i¥Î,¤@¯ë,Á`¶q¶i¦ì,¾AÀ³¯g:¿}§¿¯f,,Treatment of type 2 diabetes,,¥~ Æ[:¤¤¥¡¨è²ª¦LSTD 236 ¡A¥Õ¦â¾ò¶ê§Î¿õ¾¯,Appearance:White Elliptic Tablet,,,,¬Ò¥i¥Î,ÁÞ©w¶¶¿õ,Gabemid (Glibenclamide) 5 mg,,,§_,¬O,,,,,,,,,¤@¯ë,¤@¯ë,Äµ »y:½Ð¨Ì·ÓÂå®v«ü¥ÜªA¥Î¡AªAÃÄ´Á¶¡½Ð«ö®É¶iÀ\¡A¨Ãª`·N¦å¿}ÅÜ¤Æ,,,,,§_,1.0,,§_,§_,§_,³æ¤è,§_,°±¥Î,¥i¥Î,¥i¿i,¬O,,1.00,1.00,2.00,2.00,99,99,1,1,0,0,0,0,,¦³¹Ï¤ù,,0,,0,,A10BB01,,,,,,,,,TAB,,°·«Oµ¹¥I,°·«Oµ¹¥I,GLYBURIDE (=GLIBENCLAMIDE),A10BB01,A0464231G0,§_,SolidDrugForm,ORTAB,,,,,,,,,PH047,202303141742,1.50,3.00
OGAL,20021224,99999999,°±¥Î,Galzin 25mg,Galzin 25mg,Zinc Acetate,PO,,META,ME-07-00,¤fªA,CAP,,«D²Õ®M,°±¥Î,,¤w°±¥Î,¬O,¤£¥i¥ÎÃÄ¥]¾÷,±ø¥ó¤Uµ¹¥I,¤@¯ë,Á`¶q¶i¦ì,¾AÀ³¯g¡GªvÀø«Âº¸´Ë¤ó¯g(Wilson's disease)¥ÎÃÄ,,Treatment of Wilson's disease,,¥~ Æ[:¤ôÂÅ¦â½¦Ån¡A¤W¦³93¤Î215¦r¼Ë,Appearance:Light Blue Capsule,,,,¬Ò¥i¥Î,,Galzin 25mg,,,§_,¬O,,,,,,,,,¤@¯ë,¤@¯ë,Äµ »y: ½Ð©ó¶º«e¤@¤p®É©Î¶º«á¨â¤p®ÉªA¥Î¡A¤Å»P¤@¯ë­GÃÄ¦PªA¡C,,,,,§_,1.0,,§_,§_,§_,³æ¤è,§_,¥i¥Î,¥i¥Î,¥i¿i,¬O,,1.00,1.00,2.00,2.00,99,99,1,1,0,0,0,0,,µL¹Ï¤ù,,0,,0,,,,,,,,,,,CAP,,°·«Oµ¹¥I,°·«Oµ¹¥I,ZINC ACETATE,A16AX05,X000049100,§_,SolidDrugForm,ORCAP,,,,,,,,,PH047,202303141742,50.75,61.00
OGALM,20150315,99999999,¥i¥Î,GalVUS Met 50/850mg,GalVUS Met 50/850mg,Vildagliptin + Metformin,PO,BID,META,ME-02-09,¤fªA,TAB,Galvus Met,«D²Õ®M,,,¤@¯ë¥i¥Î,¬O,¤£¥i¥ÎÃÄ¥]¾÷,¥i¥Î,¤@¯ë,Á`¶q¶i¦ì,¾AÀ³¯g:ªvÀø²Ä¤G«¬¿}§¿¯f,,Indication:Treatment of type 2 diabetes,,¥~ Æ[:¶À¦â¾ò¶ê§Î¿õ¾¯¡A ¦L¦³ "NVR" ¤Î "SEH",Appearance:Yellow Elliptic tablet¡A marking: "NVR" and "SEH",¸z­G¾÷¯à»ÙÃª¡A ÀYµh¡A ·w¯t¡A ¸¡µh,GI disturbances¡A headache¡A dizziness¡A abdominal pain,,¬Ò¥i¥Î,°ª¿}Àu¬ü½¤¦ç¿õ 50/850²@§J,Galvus Met 50/850mg,,,,¬O,,ªA¥Îªì´Á¥i¯à·|¦³äú¤ß¡A ¸¡µh¡A ¸¡Âmµ¥¸z­G¤£¾A,,May occur nausea¡A abdominal pain¡A diarrhea.,,¥ÎÀ\«áªAÃÄ¥iÁ×§K§C¦å¿}¨Æ¥óµo¥Í,,2015¦~²Ä¤@¦¸ÃÄ©e·|³q¹L·s¶i,¤@¯ë,¤@¯ë,Äµ »y¡GªA¥Îªì´Á¥i¯à·|¦³äú¤ß¡B¸¡µh¡B¸¡Âmµ¥¸z­G¤£¾A,SA «÷­µ¬Û¦ü,,0,0,§_,1.0,,§_,¬O,§_,½Æ¤è,§_,¥i¥Î,¥i¥Î,¥i¿i,¬O,,1.00,1.00,2.00,2.00,999,999,1,1,2.00,2.00,0,0,,¦³¹Ï¤ù,,0,,0,,A10BD08,A10BH02,A10BA02,,,0,,0,,TAB,,°·«Oµ¹¥I,°·«Oµ¹¥I,VILDAGLIPTIN 50mg+METFORMIN 0-1000MG,A10BD08,BC25481100,§_,SolidDrugForm,ORTAB,,,,,,,,,PH047,202303141742,9.40,13.00
OGAS,20040114,99999999,°±¥Î,Gastro-Timelets 30mg,Gastro-Timelets 30mg,Metoclopramide,PO,QD,ALIM,GI-06-00,¤fªA,CAP,,«D²Õ®M,°±¥Î,,¤@¯ë¥i¥Î,¬O,¤£¥i¥ÎÃÄ¥]¾÷,¥i¥Î,¤@¯ë,Á`¶q¶i¦ì,¾AÀ³¯g:ªvÀø®ø¤Æ¨t²Î²§±`©Î¹w¨¾¹Ã¦R,,Treatment of nause¡A vomiting¡A digestive disorder,,¥~ Æ[: ¾í¦â/¶À¦âªø¶ê¬W§Îµw½¦Ån,Appearance:Orange/Yellow Cylinder Hard Capsule,,,,¬Ò¥i¥Î,­G´µ§´«ù®Ä½¦Ån,Gastro-Timelets 30mg,,,§_,¬O,,,,,,,,,¤@¯ë,¤@¯ë,Äµ »y:³¡¤À¤H¨Ï¥Î«á¥i¯à¤Þ°_¯h­Â¡BµtºÎªº²{¶H,,,,,§_,1.0,,§_,§_,¬O,³æ¤è,§_,¥i¥Î,¥i¥Î,¤£¥i¿i,¬O,,1.00,1.00,1.00,1.00,60,60,30,30,0,0,0,0,,µL¹Ï¤ù,,0,,0,,,,,,,,,,,CAP,,°·«Oµ¹¥I,°·«Oµ¹¥I,METOCLOPRAMIDE,A03FA01,B019538100,§_,SolidDrugForm,ORCAP,,,,,,,,,PH047,202303141742,7.50,10.00
OGASD,20060415,99999999,°±¥Î,Gaster D 20mg,Gaster D 20mg,Famotidine,PC,BID,ALIM,GI-01-03,¤fªA,TAB,Gaster,«D²Õ®M,°±¥Î,,¤@¯ë¥i¥Î,¬O,¤£¥i¥ÎÃÄ¥]¾÷,±ø¥ó¤Uµ¹¥I,¤@¯ë,Á`¶q¶i¦ì,¾AÀ³¯g:¥Dªv­G¼ìºÅ¡A °f¬y©Ê­¹¹Dª¢,,Indication:Peptic ulcer¡A gastroesophageal reflux.,,¥~ Æ[:¥Õ¦â¶ê¥Y§Î¿õ¾¯¡A ¤@­±¦L¦³¹Ï®×¤Î121,Appearance:White round tablet,«K¯µ(©Î¸¡Âm)¡A ©Ê¥\¯à­°§C,Constipation(or diarrhea)¡A decreased sexual ability.,,¬Ò¥i¥Î,»\µÎ®õD¤fµÄ¤º±Y´²¿õ,Gaster D 20mg,,,§_,¬O,,½Ð¤Å©â·Ï©Î³Ü°s¡A ¥HÁ×§K¼vÅTÃÄ«~Àø®Ä,,Avoid smoking or alcohol.,,,,104-3 ÃÄ©e·|§ï¥HVesYCA 150mg ´À¥N,¤@¯ë,¤@¯ë,Äµ »y:½Ð¤Å©â·Ï©Î³Ü°s¡A¥HÁ×§K¼vÅTÃÄ«~Àø®Ä,LA ¥~Æ[¬Û¦ü,,,,§_,1.0,,§_,§_,§_,³æ¤è,§_,°±¥Î,¥i¥Î,¤£¥i¿i,¬O,,1.00,1.00,2.00,2.00,999,999,1,1,8.00,8.00,0,0,,¦³¹Ï¤ù,,0,,0,,A02BA03,,,,,,,,,TAB,§_,°·«Oµ¹¥I,°·«Oµ¹¥I,FAMOTIDINE,A02BA03,BC241851G0,§_,SolidDrugForm,DISINTAB,,,,,,,,,PH047,202303141742,2.00,3.00
OGAST,19960101,99999999,°±¥Î,Gaster 20mg,Gaster 20mg,Famotidine,PO,BID,ALIM,GI-01-03,¤fªA,TAB,Gaster,«D²Õ®M,°±¥Î,OGASD,¤@¯ë¥i¥Î,¬O,¤£¥i¥ÎÃÄ¥]¾÷,­­¥Î,¤@¯ë,Á`¶q¶i¦ì,¾AÀ³¯g:¥Dªv¼ìºÅ¡B°f¬y©Ê­¹¹Dª¢,,Treatment of peptic ulcer¡A gastroesophageal reflux,,¥~ Æ[:¥Õ¦â¶ê¥Y§Î¿õ¾¯¡A ¤@­±¦L¦³¹Ï®×¤Î117,Appearance:White Round Tablet,,,,,»\µÎ®õ,Gaster 20mg,,,§_,¬O,,,,,,,,,¤@¯ë,¤@¯ë,Äµ »y:½Ð¤Å©â·Ï©Î³Ü°s¡A¥HÁ×§K¼vÅTÃÄ«~Àø®Ä,,,,,§_,1.0,,§_,§_,§_,³æ¤è,§_,°±¥Î,¥i¥Î,¥i¿i,¬O,,1.00,1.00,2.00,2.00,999,999,1,1,0,0,0,0,,µL¹Ï¤ù,,0,,0,,,,,,,,,,,TAB,§_,°·«Oµ¹¥I,°·«Oµ¹¥I,FAMOTIDINE,A02BA03,A031369100,§_,SolidDrugForm,ORTAB,,,,,,,,,PH047,202303141742,3.96,6.00
OGEM,19960101,99999999,°±¥Î,Gemnpid 300mg,Gemnpid 300mg,Gemfibrozil,PO,BIDAC,CAVS,CV-12-00,¤fªA,CAP,Lopid,«D²Õ®M,°±¥Î,OGEMD,¤@¯ë¥i¥Î,¬O,¥i¥ÎÃÄ¥]¾÷,­­¥Î,¤@¯ë,Á`¶q¶i¦ì,¾AÀ³¯g:¬°­°¦å¯×ÃÄ,,Indication:Antihyperlipidemic agent.,,¥~ Æ[:²`¬õ/¥Õ¦âªø¶ê¬W§Îµw½¦Ån,Appearance:Dark red/white cylinder capsule,­Gµh¡A µÈ®ð¡A ¤ß¨`¼ö,Stomach pain¡A gas¡A or heartburn,,,¼ä¯×,Gemnpid 300mg,,,§_,¬O,,­Y¦P®É¨Ö¥Î§Ü¾®¦å¾¯warfarin¤§±wªÌ¡A ½Ð°È¥²§iª¾Âå®v,,Imform your doctor if you are taking warfarin.,,,,2015¦~²Ä¤@¦¸ÃÄ©e·|³q¹L§R°£,¤@¯ë,¤@¯ë,Äµ »y:­Y¦P®É¨Ö¥Î§Ü¾®¦å¾¯warfarin¤§±wªÌ¡A ½Ð°È¥²§iª¾Âå®v,,,,,§_,1.0,,§_,§_,§_,³æ¤è,§_,°±¥Î,¥i¥Î,¥i¿i,¬O,,1.00,1.00,2.00,2.00,999,999,1,1,8.00,8.00,0,0,,¦³¹Ï¤ù,,0,,0,,C10AB04,,,,,,,,,CAP,§_,¤£µ¹¥I¶·¦Û¥I,¤£µ¹¥I¶·¦Û¥I,,,,§_,SolidDrugForm,ORCAP,,,,,,,,,PH047,202303141742,0,3.00
OGEMD,20150312,99999999,°±¥Î,Gemd 300mg,Gemd 300mg,Gemfibrozil,PO,BIDAC,CAVS,CV-12-00,¤fªA,CAP,Lopid,«D²Õ®M,°±¥Î,,¤@¯ë¥i¥Î,¬O,¤£¥i¥ÎÃÄ¥]¾÷,­­¥Î,¤@¯ë,Á`¶q¶i¦ì,¾AÀ³¯g:­°¦å¯×ÃÄ,,Indication:Antihyperlipidemic agent.,,¥~ Æ[:²`¬õ/¥Õ¦âªø¶ê¬W§Îµw½¦Ån,Appearance:Dark red/white cylinder capsule,­Gµh¡A µÈ®ð¡A ¤ß¨`¼ö,Stomach pain¡A gas¡A or heartburn,,¬Ò¥i¥Î,¯×ºÖ½¦Ån,Gemd 300mg,,,,¬O,,­Y¦P®É¨Ö¥Î§Ü¾®¦å¾¯warfarin¤§±wªÌ¡A ½Ð°È¥²§iª¾Âå®v,,Inform your doctor if you are taking warfarin.,,­Y¦³¤£©ú­ì¦]ªº¦Ù¦×µh¡A Ä²µh¡AµL¤O©Î¯ù¦â§¿¡A ¥B¨Ö¦³µo¿N®É¡A ½Ð¥ß¨è¦^¶E,Notify your doctor if you have anmuscle pain¡A weakness¡A brown urine.,2015¦~²Ä¤@¦¸ÃÄ©e·|³q¹L·s¶i¨ú¥N¡A105-4 ÃÄ©e·|¨MÄ³§R°£,¤@¯ë,¤@¯ë,Äµ »y:­Y¦P®É¨Ö¥Î§Ü¾®¦å¾¯warfarin¤§±wªÌ¡A ½Ð°È¥²§iª¾Âå®v,,,0,0,§_,1.0,,§_,§_,§_,³æ¤è,§_,¥i¥Î,¥i¥Î,¥i¿i,¬O,,1.00,1.00,2.00,2.00,999,999,1,1,8.00,8.00,0,0,,¦³¹Ï¤ù,,0,,0,,C10AB04,,,,,0,,0,,CAP,§_,°·«Oµ¹¥I,°·«Oµ¹¥I,GEMFIBROZIL,C10AB04,AC328331G0,§_,SolidDrugForm,ORCAP,,,,,,,,,PH047,202303141742,2.00,3.00
OGEN,20020805,99999999,¥i¥Î,Genurso 100mg,Genurso 100mg,Ursodeoxycholic Acid,PO,TID,ALIM,GI-07-00,¤fªA,TAB,Urso,«D²Õ®M,,,¤@¯ë¥i¥Î,¬O,¥i¥ÎÃÄ¥]¾÷,±ø¥ó¤Uµ¹¥I,¤@¯ë,¤é¾¯¶q¶i¦ì,¾AÀ³¯g:¥DªvÁx¥ÄÆ{º¢¡A ºC©Ê¨xª¢¡A Áx©T¾J¨tÁxµ²¥Ûµ¥,,Indication:Dissolution of cholesterol-rich gallstones.,,¥~ Æ[:¥Õ¦â¶ê§Î¿õ¾¯¡A¤@Ãä¤¤¶¡¦³¨è²ª¡A¦³GBL¤Î100¨è²ª,Appearance:White round tablet,¦å§¿©Î¿B§¿¡A ±Æ§¿§xÃø¡A äú¤ß¡A ¹Ã¦R,Bloody or cloudy urine; difficult¡A burning or painful urination¡A nausea¡A vomitin,,¬Ò¥i¥Î,°·ÁxµÎ¿õ,Genurso,,,§_,¬O,,½Ð¿í·ÓÂå®v«ü¥Ü¨Ï¥Î¡A ­Yµo¥ÍºÃ¦üÃÄª«¤£¨}¤ÏÀ³½Ð§iª¾Âå¥Í,,Follow doctor's advice. Check with doctor if you notice any side effects.,,,,,¤@¯ë,¤@¯ë,Äµ »y:½Ð¿í·ÓÂå®v«ü¥Ü¨Ï¥Î¡A­Yµo¥ÍºÃ¦üÃÄª«¤£¨}¤ÏÀ³½Ð§iª¾Âå¥Í¡C,,,,,§_,1.0,,§_,¬O,§_,³æ¤è,§_,¥i¥Î,¥i¥Î,¥i¿i,¬O,,1.00,1.00,2.00,2.00,999,999,1,1,9.00,9.00,0,0,,¦³¹Ï¤ù,,0,,0,,A05AA02,,,,,,,,,TAB,,°·«Oµ¹¥I,°·«Oµ¹¥I,URSODEOXYCHOLIC ACID,A05AA02,AC422101G0,§_,SolidDrugForm,ORTAB,,,,,,,,,PH047,202312031736,2.00,3.00
OGEN5,20111001,99999999,°±¥Î,Genbou 50mg,Genbou 50mg,Fluvoxamine,PO,BID,CNEU,CN-02-04,¤fªA,TAB,Luvox,«D²Õ®M,°±¥Î,OLUVO,¤@¯ë¥i¥Î,¬O,¤£¥i¥ÎÃÄ¥]¾÷,±ø¥ó¤Uµ¹¥I,¤@¯ë,Á`¶q¶i¦ì,¾AÀ³¯g:±¡ºü©Ê¯gª¬(«ùÄò©Ê±¡ºü§C¸¨¡A ºë¯«¥\¯à¶Ë®`¡A ºë¯«²§±`),,Indication:Mental depressive¡A obsessive-compulsive symptoms,,¥~ Æ[:¥Õ¦â¶ê¥Y§Î¿õ¾¯¡A ¨è¦LS¤ÎG17¦r¼Ë,Appearance:White round tablet,¥Ö½§¬õ¯l¡A ëC·ò¯l,skin rash¡A hives,,¬Ò¥i¥Î,°·´_½¤¦ç¿õ,Genbou 50mg,,,§_,¬O,½Ã±Ð³æ¥|,¤Å¶¼°s; ªAÃÄ«á¡A ½Ð¤p¤ß¶}¨®©Î¾Þ§@¦MÀI¾÷±ñ,,Avoid alcohol. Be careful driving or operating machines.,,­¹ª«¥æ¤¬§@¥Î: ªAÃÄ´Á¶¡Á×§K¶¼°s,Food interaction:Avoid alcohol.,,¤@¯ë,¤@¯ë,Äµ »y:¤Å¶¼°s¡CªAÃÄ«á¡A½Ð¤p¤ß¶}¨®©Î¾Þ§@¦MÀI¾÷±ñ¡C,­¹ ­¹ª«¥æ¤¬,,0,0,§_,1.0,,§_,§_,§_,³æ¤è,§_,°±¥Î,¥i¥Î,¥i¿i,¬O,,1.00,1.00,4.00,4.00,999,999,1,1,6.00,6.00,0,0,,¦³¹Ï¤ù,,0,,0,,N06AB08,,,,,,,,,TAB,,°·«Oµ¹¥I,°·«Oµ¹¥I,FLUVOXAMINE,N06AB08,AC46549100,§_,SolidDrugForm,ORTAB,,,,,,,,,PH047,202303141742,12.10,16.00
OGEO,20031013,99999999,°±¥Î,Geodon 40mg,Geodon 40mg,Ziprasidone,WM,,CNEU,CN-02-01,¤fªA,CAP,Geodon,«D²Õ®M,°±¥Î,,¤@¯ë¥i¥Î,¬O,¤£¥i¥ÎÃÄ¥]¾÷,¥i¥Î,¤@¯ë,Á`¶q¶i¦ì,¾AÀ³¯g:¨­¤ß¬ì¥ÎÃÄ,,Antipsychotic agent,,¥~ Æ[: ©ú«C¦âªø¶ê¬W§Îµw½¦Ån¡A ¦L¦³Pfizer ZDX 40,Appearance:Blue Cylinder Hard Capsule,,,,¬Ò¥i¥Î,­õ«ä,Geodon 40mg,,,§_,¬O,,,,,,,,,¤@¯ë,¤@¯ë,Äµ »y:³¡¤À¤H¨Ï¥Î«á¥i¯à¤Þ°_¯h­Â¡BµtºÎªº²{¶H,,,,,§_,1.0,,§_,§_,§_,³æ¤è,§_,¥i¥Î,¥i¥Î,¥i¿i,¬O,,1.00,1.00,3.00,3.00,99,99,1,1,0,0,0,0,,µL¹Ï¤ù,,0,,0,,N05AE04,,,,,,,,,TAB,§_,°·«Oµ¹¥I,°·«Oµ¹¥I,ZIPRASIDONE,N05AE04,B023471100,§_,SolidDrugForm,ORCAP,,,,,,,,,PH047,202303141742,51.00,61.00
OGES,20091001,99999999,¥i¥Î,Gestrin 2.5mg (8 capsules/box),Gestrin 2.5mg (8 capsules/box),Gestrinone,PO,BIW,HM,HR-04-00,¤fªA,CAP,Dimetriose,«D²Õ®M,,,¤@¯ë¥i¥Î,¬O,¤£¥i¥ÎÃÄ¥]¾÷,,¤@¯ë,Á`¶q¶i¦ì,¾AÀ³¯g:¥Dªv¤l®c¤º½¤²§¦ì,,Indication:Treatment of endometriosis.,,¥~ Æ[:¯»¬õ»P¥Õ¦â½¦Ån¡A ¤W¦³Peili C12¦r¼Ë,Appearance:Pink/white capsule,ÂIª¬¥X¦å¡A »´¯g«C¬Kµk¡A ¥Ö½§¥Xªo¡A Åé­«¼W¥[¡A ¼ö¼é¬õ,Spotting¡A mild acne¡A oily skin¡A weight gain¡A hot flushes,,¬Ò¥i¥Î,"°ö¤O" ¦ö¦¼½¦Ån,Gestrin 2.5mg (8 capsules/bo,,,§_,¬O,,¥»ÃÄ¤£¬OÁ×¥¥ÃÄ¡A ¤£¥i§@¬°Á×¥¥¥Î³~. ªvÀø´Á¶¡¤£¥iªA¥Î¤fªAÁ×¥¥ÃÄ,,These are not contraceptive pills¡A and can not be taken with contraceptive pills,,³Æµù: §K¥Î©ó´¿¨Ï¥Î¶Pº¸»XÀøªk¦³ÄY­«¤£¨}¤ÏÀ³ªÌ,Avoid for experience adverse reactions during previous hormonal therapy.,,¤@¯ë,¤@¯ë,Äµ »y:¥»ÃÄ¤£¬OÁ×¥¥ÃÄ¡A¤£¥i§@¬°Á×¥¥¥Î³~¡CªvÀø´Á¶¡¤£¥iªA¥Î¤fªAÁ×¥¥ÃÄ¡C,,,,,§_,8.0,,§_,¬O,¬O,³æ¤è,§_,¥i¥Î,¥i¥Î,¤£¥i¿i,¬O,,1.00,1.00,1.00,1.00,999,999,28,28,1.00,1.00,0,0,,¦³¹Ï¤ù,,0,,0,,G03XA02,,,,,,,,,CAP,,°·«Oµ¹¥I,°·«Oµ¹¥I,GESTRINONE,G03XA02,AC47913100,§_,SolidDrugForm,ORCAP,,,,,,,,,PH047,202303141742,168.00,202.00
OGIK,20200121,99999999,¥i¥Î,GI Klean Powder,GI Klean Powder,Polyethylene Glycol 3350,PO,ASORDER,ALIM,GI-03-00,¤fªA,PK,Klean-Prep,«D²Õ®M,,,¤@¯ë¥i¥Î,¬O,¤£¥i¥ÎÃÄ¥]¾÷,°·«O¤£µ¹¥I,¤@¯ë,Á`¶q¶i¦ì,¾AÀ³¯g:¬°¸z¹DÀË¬d¡A ¤â³N«e²b¸z¥ÎÃÄ,,Indication:Osmotic laxative agent.,,¥~ Æ[:ÂÅ¥Õ¦â¦L¨ê¥~³U¸Ë¯»¾¯,Appearance:powder in blue and white bag,¸¡µh¡A ¹Ã¦R¡A ¤Ö¦³ª½¸z¨ë¿E,Abdominal pain¡A vomiting. Rarely rectal irritation.,,¥u¥Î©óªù¶E¤Î¦í°|STAT,¸z¨£²b ¯»¾¯,GI Klean Powder,,,,¬O,,¨C¥]¶·¥H1000mL¤ô°t»s¦¨·»²G«á¡A ¤fªA§ë¤©,,Mix each package with 1000ml fluid thoroughly before taking.,,³Æµù: Á×§K¤@¤p®É¤º»P¨ä¥L¤fªAÃÄ¨Ö¥Î,Co-administration of oral medication within 1 hr may be flushed out.,2020/02KP powder¯Ê³f´À¥N,¤@¯ë,¤@¯ë,Äµ »y:¨C¥]¶·¥H1000ml¤ô°t»s¦¨·»²G«á¡A¤fªA§ë¤©,,,0,0,§_,1.0,,§_,§_,§_,½Æ¤è,§_,°±¥Î,°±¥Î,¤£¥i¿i,¬O,,2.00,2.00,2.00,2.00,999,1,1,1,4.00,4.00,0,0,,¦³¹Ï¤ù,,0,,0,,A06AD15,,,,,0,,0,,¥],§_,¤£µ¹¥I¶·¦Û¥I,¤£µ¹¥I¶·¦Û¥I,,,,,SolidDrugForm,POWD,,,0,,0,mL,,,PH047,202401101542,0,180.00
OGIN,20020107,99999999,°±¥Î,Gina'ex F.C. 40mg,Gina'ex F.C. 40mg,Ginkgo Biloba,PO,,CAVS,CV-11-00,¤fªA,TAB,Ginkgo,«D²Õ®M,°±¥Î,OGIN9,¤@¯ë¥i¥Î,¬O,¤£¥i¥ÎÃÄ¥]¾÷,¥i¥Î,¤@¯ë,Á`¶q¶i¦ì,¾AÀ³¯g:¬°¥½±é´`Àô§ïµ½¾¯,,Treatment of peripheral circulatory disorders,,¥~ Æ[:¤g¶À¦â¶ê§ÎÃÄ¿õ,Appearance:Brown Round Tablet,,,,¬Ò¥i¥Î,ºë¹ç½¤¦ç¿õ,Gina'ex F.C. 40mg,,,§_,¬O,,,,,,,,,¤@¯ë,¤@¯ë,Äµ »y:½Ð¿í·ÓÂå®v«ü¥Ü¨Ï¥Î¡A­Yµo¥ÍºÃ¦üÃÄª«¤£¨}¤ÏÀ³½Ð§iª¾Âå¥Í¡C,,,,,§_,1.0,,§_,§_,§_,³æ¤è,§_,°±¥Î,¥i¥Î,¥i¿i,¬O,,1.00,1.00,1.00,1.00,99,99,1,1,0,0,0,0,,µL¹Ï¤ù,,0,,0,,,,,,,,,,,TAB,,¤£µ¹¥I¶·¦Û¥I,¤£µ¹¥I¶·¦Û¥I,,,,§_,SolidDrugForm,ORTAB,,,,,,,,,PH047,202303141743,0,6.00
OGIN9,20091027,99999999,¥i¥Î,Gincare 9.6mg film coated,Gincare 9.6mg film coated,Ginkgo Biloba,PO,TID,CAVS,CV-11-00,¤fªA,TAB,Mylin,«D²Õ®M,,,¤@¯ë¥i¥Î,¬O,¥i¥ÎÃÄ¥]¾÷,¥i¥Î,¤@¯ë,Á`¶q¶i¦ì,¾AÀ³¯g:¬°¥½±é´`Àô§ïµ½¾¯,,Indication:Treatment of peripheral circulatory disorders,,¥~ Æ[:ºñ¦â¶ê¥Y§Î¿õ¾¯¡A¤@­±¦L¦³¸­¤l¹Ï¹³,Appearance:Green round tablet,­G¸z¤£¾A¡A ÀYµh¡A ¥Ö½§¬õ¯l¡A ¯t·w¡A ¤ß±ª,GI disturbance¡A headache¡A skin rash¡Adizzy¡Apalpitation,,¬Ò¥i¥Î,»È¤§§ö,Gincare FC 9.6mg,,,§_,¬O,,¥i¯à·|¥X²{¸z­G¤£¾A©ÎÀYµhµ¥²{¶H,,May cause mild stomach upset and headache.,,,,,¤@¯ë,¤@¯ë,Äµ »y: ¥i¯à·|¥X²{¸z­G¤£¾A©ÎÀYµhµ¥²{¶H,,,,,§_,1.0,,§_,¬O,§_,³æ¤è,§_,¥i¥Î,¥i¥Î,¥i¿i,¬O,,1.00,1.00,2.00,2.00,999,999,1,1,9.00,9.00,0,0,,¦³¹Ï¤ù,,0,,0,,N06DX02,,,,,,,,,TAB,,°·«Oµ¹¥I,°·«Oµ¹¥I,GINKGO BILOBA EXTRACT,N06DX02,AC398631G0,§_,SolidDrugForm,ORTAB,,,,,,,,,PH047,202401151841,2.00,3.00
OGLI,20020805,99999999,°±¥Î,Gliben 5mg,Gliben 5mg,Glibenclamide,AC15,,META,ME-02-01,¤fªA,TAB,Euglucon,«D²Õ®M,°±¥Î,,¤@¯ë¥i¥Î,¬O,¥i¥ÎÃÄ¥]¾÷,¥i¥Î,¤@¯ë,Á`¶q¶i¦ì,¾AÀ³¯g:¬°­°¦å¿}ÃÄ,,Treatment of type 2 diabetes,,¥~ Æ[:¥Õ¦â¾ò¶ê§Î¿õ¾¯,Appearance:White Round Tablet,,,,¬Ò¥i¥Î,©T§Q±d,Gliben 5mg,,,§_,¬O,,,,,,,,,¤@¯ë,¤@¯ë,Äµ »y:½Ð¨Ì·ÓÂå®v«ü¥ÜªA¥Î¡AªAÃÄ´Á¶¡½Ð«ö®É¶iÀ\¡A¨Ãª`·N¦å¿}ÅÜ¤Æ,,,,,§_,1.0,,§_,§_,§_,³æ¤è,§_,°±¥Î,¥i¥Î,¥i¿i,¬O,,1.00,1.00,2.00,2.00,99,99,1,1,0,0,0,0,,µL¹Ï¤ù,,0,,0,,A10BB01,,,,,,,,,TAB,,°·«Oµ¹¥I,°·«Oµ¹¥I,GLYBURIDE (=GLIBENCLAMIDE),A10BB01,A002863100,§_,SolidDrugForm,ORTAB,,,,,,,,,PH047,202303141743,1.35,3.00
OGLI3,20111225,99999999,°±¥Î,Gliclax SR 30mg,Gliclax SR 30mg,Gliclazide,AC15,QD,META,ME-02-01,¤fªA,TAB,Diamicron,«D²Õ®M,°±¥Î,,¤@¯ë¥i¥Î,¬O,¤£¥i¥ÎÃÄ¥]¾÷,¥i¥Î,¤@¯ë,Á`¶q¶i¦ì,¾AÀ³¯g:²Ä¤G«¬¿}§¿¯f,,Indication:Treatment of type 2 diabetes,,¥~ Æ[:¥Õ¦â¾ò¶ê§Î¿õ¡A ¨è¦³YSP78,Appearance:White elliptic tablet,§C¦å¿}¯gª¬(µø¤O¼Ò½k¡A «_§N¦½¡A ½§¦â»a¥Õ¡A ¶ÝºÎ),low blood sugar (blurred vision¡A cold sweats¡A cool pale skin¡A sleepy),,¬Ò¥i¥Î,¿}¥ß²M,Gliclax SR 30mg,,,§_,§_,,¤Å¶¼°s¤Î§l·Ï,,Avoid alcohol and smoking.,,,,,¤@¯ë,¤@¯ë,Äµ»y:¤Å¶¼°s¤Î§l·Ï,,,0,0,§_,1.0,,§_,§_,§_,³æ¤è,§_,¥i¥Î,¥i¥Î,¤£¥i¿i,¬O,,1.00,1.00,4.00,4.00,999,999,1,1,8.00,8.00,0,0,,¦³¹Ï¤ù,,0,,0,,A10BB09,,,,,,,,,TAB,,°·«Oµ¹¥I,°·«Oµ¹¥I,GLICLAZIDE,A10BB09,AB49466100,§_,SolidDrugForm,ERTAB12,,,,,,,,,PH047,202303141743,1.65,3.00
OGLI5,20080320,99999999,°±¥Î,Glibudon 500mg,Glibudon 500mg,Metformin,PO,,META,ME-02-02,¤fªA,TAB,Glucomine,«D²Õ®M,°±¥Î,OANS,¤@¯ë¥i¥Î,¬O,¤£¥i¥ÎÃÄ¥]¾÷,¥i¥Î,¤@¯ë,Á`¶q¶i¦ì,¾AÀ³¯g:¿}§¿¯f¡B¤º¤Àªc¥NÁÂ»ÙÃª,,Indication: Type 2 diabetes¡A endocrine disorders.,,¥~ Æ[: ¥Õ¦âªø¶ê¬W«¬¿õ¾¯¡A ¤@­±¦L CCP¡A ¤@­±¦LE 99,Appearance:White Cylinder Tablet,,,,¬Ò¥i¥Î,ªc¼Ö¼e½¤¦ç¿õ,Glibudon 500mg,,,§_,¬O,,,,,,,,,¤@¯ë,¤@¯ë,Äµ »y: ªAÃÄ´Á¶¡¥i¯à·|¥X²{­¹¼¤­°§C¡A¤f¤¤¦³ª÷ÄÝ¨ý¡A¸z­G¤£¾Aµ¥²{¶H,,,,,§_,1.0,,§_,§_,§_,³æ¤è,§_,°±¥Î,¥i¥Î,¥i¿i,¬O,,1.00,1.00,3.00,3.00,999,999,30,1,0,0,0,0,,¦³¹Ï¤ù,,0,,0,,,,,,,,,,,TAB,,°·«Oµ¹¥I,°·«Oµ¹¥I,METFORMIN,A10BA02,A0417501G0,§_,SolidDrugForm,ORTAB,,,,,,,,,PH047,202303141743,1.50,3.00
OGLI8,20090715,99999999,°±¥Î,Glicalin 80mg,Glicalin 80mg,Gliclazide,AC15,BID,META,ME-02-01,¤fªA,TAB,Dail,«D²Õ®M,°±¥Î¡A¥i¬dÃþ¦üÃÄ,,¤@¯ë¥i¥Î,¬O,¤£¥i¥ÎÃÄ¥]¾÷,¥i¥Î,¤@¯ë,Á`¶q¶i¦ì,¾AÀ³¯g:­°¦å¿}ÃÄ¡A ©y¶º«e15¤ÀÄÁªA¥Î,,Indication:Treatment of type 2 diabetes.,,¥~ Æ[:²H¬õ¾í¦â¶ê¥Y§Î¿õ¾¯¡A ¤@­±¦LKJ 007,Appearance:Red orange round tablet,§C¦å¿}¯gª¬(µø¤O¼Ò½k¡A «_§N¦½¡A ½§¦â»a¥Õ¡A ¶ÝºÎ)¡A Åé­«²§±`¼W¥[,Low blood sugar (blurred vision¡A cold sweats¡A cool pale skin¡A sleepy); unusual w,,¬Ò¥i¥Î,§J¿}¹ç,GliCAlin 80mg,,,§_,¬O,,¥i¯à¤Þ°_§C¦å¿}¯gª¬(µø¤O¼Ò½k¡A «_§N¦½)¡A Åé­«²§±`¼W¥[,,May cause low blood sugar (blurred vision¡A cold sweats); unusual weight gain.,,ªAÃÄ´Á¶¡Á×§K¶¼°s (¥i¯à¼W¥[§C¦å¿}ªº¦MÀI)¡C,Avoid alcohol (may cause hypoglycemia).,2017¦~²Ä¤@¦¸ÃÄ©e·|¨MÄ³§R°£,¤@¯ë,¤@¯ë,Äµ »y:¥i¯à¤Þ°_§C¦å¿}¯gª¬(µø¤O¼Ò½k¡B«_§N¦½)¡AÅé­«²§±`¼W¥[,,,,,§_,1.0,,§_,§_,§_,³æ¤è,§_,¥i¥Î,¥i¥Î,¥i¿i,¬O,,1.00,1.00,2.00,2.00,999,999,1,1,8.00,8.00,0,0,,¦³¹Ï¤ù,,0,,0,,A10BB09,,,,,,,,,TAB,,°·«Oµ¹¥I,°·«Oµ¹¥I,GLICLAZIDE,A10BB09,AB34736100,§_,SolidDrugForm,ORTAB,,,,,,,,,PH047,202303141743,1.50,3.00
OGLIV,20090507,99999999,°±¥Î,Glivec 100mg,Glivec 100mg,Imatinib,PC,QD,RACA,ON-08-01,¤fªA,TAB,Glivec,«D²Õ®M,°±¥Î,OLEEV,¤@¯ë¥i¥Î,¬O,¤£¥i¥ÎÃÄ¥]¾÷,¥i¥Î,¤@¯ë,Á`¶q¶i¦ì,¾AÀ³¯g: ¥Õ¦å¯f¡A ­G¸z°ò½è½F,,Indication:Cancer therapy.,,¥~ Æ[: ´Ä¾ï¶ê«¬½¤¦ç¿õ¦L¦³NVR¤Î¤Ï­±SA¦r¼Ë,Appearance:Dark orange round tablet,³h¦å¡A ¹½­¹¡A ¥¢¯v¡A ÀYµh,Anemia¡A anorexia¡A insomnia¡A headache.,,¬Ò¥i¥Î,°ò§Q§J½¤¦ç¿õ,Glivec 100mg,,,§_,¬O,,³Ì¦n»P­¹ª«¤@°_ªA¥Î¥H´î¤Ö­G¨ë¿E¡A¦h³Ü¤ô¡C,,Take with meals and increase water intake.,,,,106-2ÃÄ©e·|³q¹LÁ{±Ä¡A¤£³]°ò¥»®w¦s¡A¨Ï¥Î«e¶ñ¼gÁ{±Ä³æ³qª¾³ÆÃÄ¡C,¤@¯ë,¤@¯ë,Äµ »y:³Ì¦n»P­¹ª«¤@°_ªA¥Î¥H´î¤Ö­G¨ë¿E¡A¦h³Ü¤ô¡C,,,,,§_,1.0,,§_,§_,§_,³æ¤è,§_,¥i¥Î,¥i¥Î,¥i¿i,¬O,,1.00,1.00,8.00,8.00,999,999,28,1,8.00,8.00,0,0,,¦³¹Ï¤ù,,0,,0,,L01EA01,,,,,,,,,TAB,¬O,°·«Oµ¹¥I,°·«Oµ¹¥I,IMATINIB,L01EA01,BC24027100,§_,SolidDrugForm,ORTAB,¦M®`¤@¯Å(¡I¡I),,,,,,,,PH032,202303261540,340.00,408.00
OGLU,19960101,99999999,°±¥Î,Glucomine F.C. 500mg,Glucomine F.C. 500mg,Metformin,PO,,META,ME-02-02,¤fªA,TAB,Glucophage,«D²Õ®M,°±¥Î,OANS,¤@¯ë¥i¥Î,¬O,¤£¥i¥ÎÃÄ¥]¾÷,,¤@¯ë,Á`¶q¶i¦ì,¾AÀ³¯g:¿}§¿¯f¡B¤º¤Àªc¥NÁÂ»ÙÃª,,Treatment of type 2 diabetes or endocrine disorders,,¥~ Æ[:¥Õ¦â¶ê«ó§Î¿õ¾¯,Appearance:White Round Tablet,,,,,¥ß§JÁÞ,Glucomine F.C. 500mg,,,§_,¬O,,,,,,,,,¤@¯ë,¤@¯ë,Äµ »y: ªAÃÄ´Á¶¡¥i¯à·|¥X²{­¹¼¤­°§C¡A¤f¤¤¦³ª÷ÄÝ¨ý¡A¸z­G¤£¾Aµ¥²{¶H,,,,,§_,1.0,,§_,§_,§_,³æ¤è,§_,°±¥Î,¥i¥Î,¥i¿i,¬O,,1.00,1.00,3.00,3.00,999,999,30,1,0,0,0,0,,µL¹Ï¤ù,,0,,0,,,,,,,,,,,TAB,§_,°·«Oµ¹¥I,°·«Oµ¹¥I,METFORMIN,A10BA02,A034096100,§_,SolidDrugForm,ORTAB,,,,,,,,,PH047,202303141743,1.00,2.00
OGLU2,20050317,99999999,°±¥Î,Glusafe 2mg,Glusafe 2mg,Glimepiride,AC15,QD,META,ME-02-01,¤fªA,TAB,Amaryl,«D²Õ®M,°±¥Î,OAMA,¤@¯ë¥i¥Î,¬O,¥i¥ÎÃÄ¥]¾÷,¥i¥Î,¤@¯ë,Á`¶q¶i¦ì,¾AÀ³¯g:²Ä¤G«¬¿}§¿¯f,,Indication:Treatment of type 2 diadetes.,,¥~ Æ[:²Lºñ¦â¤£³W«h§Î¿õ¾¯¡A¦L¦³GBL¨è²ª,Appearance:Light green irregular tablet,§C¦å¿}¡A ¼È®É©ÊµøÄ±»ÙÃª¡A ¸z­G¾÷¯à»ÙÃª,Hypoglycemia¡A temporary visual impairment¡A GI disturbances.,,¬Ò¥i¥Î,ÁÞ¦w¿õ,Glusafe 2mg,,,§_,¬O,,¥i¯à·|¤Þ°_äú¤ß©Î¸z­G¤£¾Aªº²{¶H¡A ¨Ãª`·N¦å¿}ÅÜ¤Æ,,Nausea or upset stomach may occur¡A monitor blood glucose levels.,,ªAÃÄ´Á¶¡Á×§K¶¼°s (¥i¯à¼W¥[§C¦å¿}ªº¦MÀI)¡C,Avoid ethanol (may cause hypoglycemia).,2015¦~²Ä¥|¦¸ÃÄ©e·|³q¹L§R°£,¤@¯ë,¤@¯ë,Äµ »y:¥i¯à·|¤Þ°_äú¤ß©Î¸z­G¤£¾Aªº²{¶H¡A¨Ãª`·N¦å¿}ÅÜ¤Æ,SA «÷­µ¬Û¦ü,,,,§_,1.0,,§_,§_,§_,³æ¤è,§_,¥i¥Î,¥i¥Î,¥i¿i,¬O,,1.00,1.00,4.00,4.00,999,999,1,1,8.00,8.00,0,0,,¦³¹Ï¤ù,,0,,0,,A10BB12,,,,,,,,,TAB,§_,°·«Oµ¹¥I,°·«Oµ¹¥I,GLIMEPIRIDE,A10BB12,AB46074100,§_,SolidDrugForm,ORTAB,,,,,,,,,PH047,202303141743,1.95,3.00
OGLUB,19960101,99999999,°±¥Î,Glucobay 50mg,Glucobay 50mg,Acarbose,WM,TID,META,ME-02-04,¤fªA,TAB,Glucobay,«D²Õ®M,°±¥Î,OGLUB1,¤@¯ë¥i¥Î,¬O,¥i¥ÎÃÄ¥]¾÷,­­¥Î,¤@¯ë,Á`¶q¶i¦ì,¾AÀ³¯g:¬°¿}§¿¯f¥ÎÃÄ,,Indication:Treatment of type 2 diabetes.,,¥~ Æ[:¥Õ¦â¶ê«ó§Î¿õ¾¯¡A ¤@­±¦LBAYER¦r¼Ë¡A ¤@­±¦LG 50,Appearance:White round tablet,¸¡µh©Î­Gµh¡A ­G¸zµÈ®ð¡A ¸¡Âm¡A ëC³Â¯l,Abdominal or stomach pain; bloated stomach or gas; diarrhea;urticaria,,¬Ò¥i¥Î,ÁÞ¸S¿õ,Glucobay 50mg,,,§_,¬O,,ªAÃÄ´Á¶¡¥i¯à·|¦³¸¡µh¡A ¸¡Âm©Î¸¡µÈªº²{¶H,,May cause abdominal pain¡A diarrhea and flatulence.,,,,2016¦~²Ä¤@¦¸ÃÄ©e·|§R°£,¤@¯ë,¤@¯ë,Äµ»y: ªAÃÄ´Á¶¡¥i¯à·|¦³¸¡µh¡B¸¡Âm©Î¸¡µÈªº²{¶H,,,,,§_,1.0,,§_,§_,§_,³æ¤è,§_,¥i¥Î,¥i¥Î,¥i¿i,¬O,,1.00,1.00,2.00,2.00,999,999,1,1,9.00,9.00,0,0,,¦³¹Ï¤ù,,0,,0,,A10BF01,,,,,,,,,TAB,§_,°·«Oµ¹¥I,°·«Oµ¹¥I,ACARBOSE,A10BF01,BB20786100,§_,SolidDrugForm,ORTAB,,,,,,,,,PH047,202303141743,2.27,3.00
OGLUB1,20160315,99999999,°±¥Î,Glucobay 100mg,Glucobay 100mg,Acarbose,WM,TID,META,ME-02-04,¤fªA,TAB,Glucobay,«D²Õ®M,°±¥Î,ODIBO,¤@¯ë¥i¥Î,¬O,¥i¥ÎÃÄ¥]¾÷,±ø¥ó¤Uµ¹¥I,¤@¯ë,Á`¶q¶i¦ì,¾AÀ³¯g:¬°¿}§¿¯f¥ÎÃÄ,,Indication:Treatment of type 2 diabetes.,,¥~ Æ[:¥Õ¦â¶ê«ó§Î¿õ¾¯¡A ¦L¦³BAYER BAYER¤ÎG 100,Appearance:White round tablet; Markings:BAYER BAYER¡A G 100,¸¡µh©Î­Gµh¡A ­G¸zµÈ®ð¡A ¸¡Âm¡A ëC³Â¯l,Abdominal or stomach pain; bloated stomach or gas; diarrhea;urticaria,,¬Ò¥i¥Î,ÁÞ¸S¿õ,Glucobay 100mg,,,,¬O,,ªAÃÄ´Á¶¡¥i¯à·|¦³¸¡µh¡A ¸¡Âm©Î¸¡µÈªº²{¶H,,May cause abdominal pain¡A diarrhea and flatulence.,,¥ÎÀ\®É»P«e¼Æ¤f­¹ª«¤@°_«r¸H§]¤U,Administer with the first bite of each main meal.,2016¦~²Ä¤@¦¸ÃÄ©e·|³q¹L·s¶i,¤@¯ë,¤@¯ë,Äµ»y: ªAÃÄ´Á¶¡¥i¯à·|¦³¸¡µh¡B¸¡Âm©Î¸¡µÈªº²{¶H,,,0,0,§_,1.0,,§_,§_,§_,³æ¤è,§_,°±¥Î,¥i¥Î,¥i¿i,¬O,,1.00,1.00,2.00,2.00,999,999,1,1,6.00,6.00,0,0,,¦³¹Ï¤ù,,0,,0,,A10BF01,,,,,0,,0,,TAB,,°·«Oµ¹¥I,°·«Oµ¹¥I,ACARBOSE,A10BF01,BB20787100,§_,SolidDrugForm,ORTAB,,,,,,,,,PH047,202303141743,4.32,6.00
OGLUC,20200930,99999999,¥i¥Î,GlucoPHAGE 500mg (®w¾|¤Æ),GlucoPHAGE 500mg,Metformin,PO,BID,META,ME-02-02,¤fªA,TAB,Glucophage,«D²Õ®M,,,¤@¯ë¥i¥Î,¬O,¥i¥ÎÃÄ¥]¾÷,¥i¥Î,¤@¯ë,Á`¶q¶i¦ì,¾AÀ³¯g:¿}§¿¯f¡A ¤º¤Àªc¥NÁÂ»ÙÃª,,Indication:Type 2 diabetes mellitus.,,¥~ Æ[:¥Õ¦â¶ê§Î½¤¦ç¿õ¡A¤W¦³GL500¼Ð°O,Appearance:White round tablet¡A GL500 marked.,äú¤ß¡B¹Ã¦R¡B¸¡Âm¡B¸¡µh,nausea¡A vomiting¡Adiarrhea,,¬Ò¥i¥Î,®w¾|¤Æ¿õ,GlucoPHAGE 500mg,,,,¬O,,­Y»Ý¨Ï¥ÎÅã¼v¾¯¡A½Ð¥ý§iª¾Âå®v¦³¨Ï¥Î¥»ÃÄ,,Before using the contrast agent¡A Make sure the doctor who treats you knows,that you are using this medicine.,ªAÃÄ´Á¶¡¤£«ØÄ³¶¼°s(¨Å»Ä¤¤¬r¦MÀI©Ê·|´£°ª),Avoid or limit ethanol(may cause hypoglycemia or lactic acidosis),2020.10 Ansures 500mg ¯ÊÃÄ´À¥N,¤@¯ë,¤@¯ë,­Y»Ý¨Ï¥ÎÅã¼v¾¯¡A½Ð¥ý§iª¾Âå®v¦³¨Ï¥Î¥»ÃÄ,SA «÷­µ¬Û¦ü,,0,0,§_,1.0,,§_,¬O,§_,³æ¤è,,¥i¥Î,¥i¥Î,¥i¿i,¬O,,1.00,1.00,6.00,6.00,999,999,28,1,6.00,6.00,0,0,,¦³¹Ï¤ù,,0,,0,,A10BA02,,,,,0,,0,,TAB,§_,°·«Oµ¹¥I,°·«Oµ¹¥I,METFORMIN,A10BA02,BC071521G0,,SolidDrugForm,ORTAB,,,0,,0,,,,PH034,202204171120,2.00,3.00
OGLUF,20111001,99999999,°±¥Î,GluFAST 10mg,GluFAST 10mg,Mitiglinide,AC15,TID,META,ME-02-03,¤fªA,TAB,Glufast,«D²Õ®M,°±¥Î,,¤@¯ë¥i¥Î,¬O,¤£¥i¥ÎÃÄ¥]¾÷,¥i¥Î,¤@¯ë,Á`¶q¶i¦ì,¾AÀ³¯g:¿}§¿¯f,,Indication:Treatment of type 2 diabetes,,¥~ Æ[:¥Õ¦â²¤¾ò¶ê§Î¿õ¡A ¨è¦³90¦r¼Ë,Appearance:White elliptic tablet,§C¦å¿}¡A Åé­«¼W¥[¡A ¤ô¸~¡A ¸¡µÈ¡A «K¯µ,Hypoglycemic symptoms¡A weight increase¡A edema¡A abdominal distension¡A constipatio,,¬Ò¥i¥Î,§Ö¦p§´¿õ,GluFAST 10mg,,,§_,¬O,,¥i¯à¤Þ°_§C¦å¿}¯gª¬(µø¤O¼Ò½k¡B«_§N¦½),ªAÃÄ«á5-15¤ÀÄÁ¤ºÀ³¶iÀ\¡A¥H§K¦å¿}¹L§C,May cause low blood sugar (blurred vision¡A cold sweats).,Take this medication within 5-15 minutes before the start of each meal.,,,,¤@¯ë,¤@¯ë,Äµ »y:¥i¯à¤Þ°_§C¦å¿}¯gª¬(µø¤O¼Ò½k¡B«_§N¦½),SA «÷­µ¬Û¦ü,,0,0,§_,1.0,,§_,§_,§_,³æ¤è,§_,¥i¥Î,¥i¥Î,¥i¿i,¬O,,1.00,1.00,2.00,2.00,999,999,1,1,8.00,8.00,0,0,,¦³¹Ï¤ù,,0,,0,,A10BX08,,,,,,,,,TAB,,°·«Oµ¹¥I,°·«Oµ¹¥I,mitiglinide,A10BX08,AA52337100,§_,SolidDrugForm,ORTAB,,,,,,,,,PH047,202303141743,3.09,5.00
OGLUM,20091228,99999999,¥i¥Î,GlucoMET 5/500mg(¾Tºä/¿üºä),GlucoMET 5/500mg(¾Tºä/¿üºä),Glyburide + Metformin,PC,BID,META,ME-02-09,¤fªA,TAB,,«D²Õ®M,,,¤@¯ë¥i¥Î,¬O,¥i¥ÎÃÄ¥]¾÷,¥i¥Î,¤@¯ë,Á`¶q¶i¦ì,¾AÀ³¯g:ªvÀø²Ä¤G«¬¿}§¿¯f,,Indication:Treatment of type 2 diabetes,,¥~ Æ[:¶À¾í¦âªø¶ê¬W§Î¿õ¾¯¡A ¤@­±¦³¡¨03¡¨¦r¼Ë,Appearance:Yellow cylinder tablet,¸z­G¾÷¯à»ÙÃª¡A ÀYµh¡A ¸¡µh¡A ·w¯t,GI disturbances¡A headache¡A abdominal pain¡A dizziness.,,¬Ò¥i¥Î,§JÁÞ¬ü¿õ,GlucoMET 5/500mg,,,§_,¬O,,ªA¥Îªì´Á¥i¯à·|¦³äú¤ß¡A ¸¡µh¡A ¸¡Âmµ¥¸z­G¤£¾A,,May occur nausea¡A abdominal pain¡A diarrhea.,,¥ÎÀ\«áªAÃÄ¥iÁ×§K§C¦å¿}¨Æ¥óµo¥Í,,,¤@¯ë,¤@¯ë,Äµ »y¡GªA¥Îªì´Á¥i¯à·|¦³äú¤ß¡B¸¡µh¡B¸¡Âmµ¥¸z­G¤£¾A,SA «÷­µ¬Û¦ü,,,,§_,1.0,,§_,¬O,§_,½Æ¤è,§_,¥i¥Î,¥i¥Î,¥i¿i,¬O,,1.00,1.00,2.00,2.00,999,999,1,1,4.00,4.00,0,0,,¦³¹Ï¤ù,,0,,0,,A10BD02,A10BB01,A10BA02,,,,,,,TAB,,°·«Oµ¹¥I,°·«Oµ¹¥I,GLIBENCLAMIDE 2.5MG-5MG + METFORMIN 500MG,A10BD02,AC467331G0,§_,SolidDrugForm,ORTAB,,,,,,,,,PH047,202303141743,2.00,3.00
OGLUR,19960101,99999999,°±¥Î,Glurenorm 30mg,Glurenorm 30mg,Gliquidone,AC15,,META,ME-02-01,¤fªA,TAB,,«D²Õ®M,°±¥Î,,¤w°±¥Î,¬O,¥i¥ÎÃÄ¥]¾÷,,¤@¯ë,Á`¶q¶i¦ì,¾AÀ³¯g:¬°­°¦å¿}ÃÄ¡AÀ³©ó¶}©l¥ÎÀ\®ÉªA¥Î,,,,,,,,,,,Glurenorm 30mg,,,§_,¬O,,,,,,,,,¤@¯ë,¤@¯ë,,,,,,§_,1.0,,§_,§_,§_,³æ¤è,§_,¥i¥Î,¥i¥Î,¥i¿i,¬O,,1.00,1.00,999.00,999.00,999,999,1,1,0,0,0,0,,µL¹Ï¤ù,,0,,0,,,,,,,,,,,TAB,§_,°·«Oµ¹¥I,°·«Oµ¹¥I,GLIQUIDONE,A10BB08,A036340100,§_,SolidDrugForm,ORTAB,,,,,,,,,PH047,202303141744,3.78,5.00
OGLUS,20030304,99999999,°±¥Î,Glustrong 250mg,Glustrong 250mg,Glucosamine Sulphate,PO,TID,CNEU,CN-05-00,¤fªA,CAP,Viartril-S,«D²Õ®M,°±¥Î,,¤@¯ë¥i¥Î,¬O,¤£¥i¥ÎÃÄ¥]¾÷,±ø¥ó¤Uµ¹¥I,¤@¯ë,Á`¶q¶i¦ì,¾AÀ³¯g¡G¥Dªv°h¤Æ©ÊÃö¸`¯e¯f,,Treatment of osteoarthritis,,¥~ Æ[:ÂA¬õ/¥Õ¦âªø¶ê¬W§Îµw½¦Ån,Appearance:Red/White Cylinder Hard Capsule,,,,¬Ò¥i¥Î,°©¥Ã§§½¦Ån,Glustrong 250mg,,,§_,¬O,,,,,,,,,¤@¯ë,¤@¯ë,Äµ »y¡GªA¥Îªì´Á¥i¯à·|¦³äú¤ß¡B¸¡µh¡B¸¡Âmµ¥¸z­G¤£¾A,,,,,§_,1.0,,§_,§_,§_,³æ¤è,§_,°±¥Î,¥i¥Î,¥i¿i,¬O,,1.00,1.00,2.00,2.00,999,999,1,1,0,0,0,0,,µL¹Ï¤ù,,0,,0,,,,,,,,,,,CAP,,°·«Oµ¹¥I,°·«Oµ¹¥I,GLUCOSAMINE,M01AX05,A043262100,§_,SolidDrugForm,ORCAP,,,,,,,,,PH047,202303141744,3.44,5.00
OGLY,20151029,99999999,°±¥Î,Glycopyrodyn 1mg,Glycopyrodyn 1mg,Glycopyrrolate,PO,BID,ALIM,GI-05-00,¤fªA,TAB,Robinul,«D²Õ®M,Á{±ÄÃÄ¡A½Ð³qª¾ÃÄ§½¥~ÁÊ,,­Ó®×Á{±Ä,¬O,¤£¥i¥ÎÃÄ¥]¾÷,,¤@¯ë,Á`¶q¶i¦ì,¾AÀ³¯g:´î¤Ö©I§l¹D³è²G¤Àªc¡A®ø¤Æ©Ê¼ìºÅ»²§UªvÀø¡C,,Indication:Preoperatively to inhibit salivation & excessive,secretions¡A adjunctive therapy in the treatment of peptic ulcer.,¥~ Æ[:¶À¦â¶ê§Î¿õ¾¯¡A ¤@­±¦L¦³¡¨EX¡¨¤Î"1",Appearance:Yellow round tablet¡A marking:"EX"¡A "1",¤f´÷¡A§¿²Gº¢¯d¡Aµø¤O¼Ò½k¡A«K¯µ,Dry mouth¡A urinary retention¡A blurred vision¡A constipation.,,¬Ò¥i¥Î,®æ¤ñ¥­¿õ¾¯1²@§J,Glycopyrodyn 1mg,,,,¬O,,®ð³Ý©Î«C¥ú²´±wªÌ¡A À³¤p¤ß¨Ï¥Î¥»ÃÄ¡C,,Use with caution in patients with narrow-angle glaucoma and asthma.,,³Æµù: ¥i¯à·|¼vÅT¾r¾p©Î¾Þ§@¾÷±ñ¯à¤O,May impair ability to drive or operate machinery.,,¤@¯ë,¤@¯ë,®ð³Ý©Î«C¥ú²´±wªÌ¡A À³¤p¤ß¨Ï¥Î¥»ÃÄ¡C,,¤fªAÃÄ,0,0,§_,1.0,,§_,§_,§_,³æ¤è,§_,¥i¥Î,¥i¥Î,¥i¿i,¬O,,1.00,1.00,2.00,2.00,999,999,1,1,8.00,8.00,0,0,,¦³¹Ï¤ù,,0,,0,,A03AB02,,,,,0,,0,,TAB,,°·«Oµ¹¥I,°·«Oµ¹¥I,GLYCOPYRROLATE,A03AB02,AC46458100,§_,SolidDrugForm,ORTAB,,,,,,,,,PH047,202303141744,4.36,6.00
OGOU,20091117,99999999,¥i¥Î,Goutil 50mg,Goutil 50mg,Benzbromarone,PO,QD,CNEU,CN-01-04,¤fªA,TAB,Deuron,«D²Õ®M,,,¤@¯ë¥i¥Î,¬O,¤£¥i¥ÎÃÄ¥]¾÷,¥i¥Î,¤@¯ë,Á`¶q¶i¦ì,¾AÀ³¯g:°ª§¿»Ä¦å¯g¤§§ïµ½,,Indication:Treatment of hyperuricemia & gout.,,¥~ Æ[:¥Õ¦â¶ê«ó§Î¿õ¾¯¡A¤@­±¦L"UC 05"¦r¼Ë,Appearance:White round tablet,¸¡µh¡A ¨`¼ö·P¡A ¸¡Âm¡A äú¤ß¡A ¥Ö½§¬õ¯l©ÎÄo¡A Áy¼é¬õ,Abdominal or stomach pain; heartburn; diarrhea; nausea; skin rash or itching.,,¬Ò¥i¥Î,¥hÊc¿õ,Goutil 50mg,,,§_,¬O,,ªø´Á§ë»PÀ³¯d·N¨xÅ¦¥\¯àÅÜ¤Æ¡A ¤Å¶¼°s,,Should monitor liver function with long-term use. Avoid alcohol.,,,,,¤@¯ë,¤@¯ë,Äµ »y:ªø´Á§ë»PÀ³¯d·N¨xÅ¦¥\¯àÅÜ¤Æ¡A¤Å¶¼°s¡C,,,,,§_,1.0,,§_,¬O,§_,³æ¤è,§_,¥i¥Î,¥i¥Î,¥i¿i,¬O,,1.00,1.00,2.00,2.00,999,999,1,1,8.00,8.00,0,0,,¦³¹Ï¤ù,,0,,0,,M04AB03,,,,,,,,,TAB,,°·«Oµ¹¥I,°·«Oµ¹¥I,BENZBROMARONE,M04AB03,AC379881G0,§_,SolidDrugForm,ORTAB,,,,,,,,,PH047,202303141744,2.00,3.00
OGOW,20030319,99999999,°±¥Î,Gowell,Gowell,Dihydroxyalumium Allantoinate + Metamagnesium Alum,PO,,ALIM,GI-01-01,¤fªA,TAB,,«D²Õ®M,°±¥Î,OAMZ,¤@¯ë¥i¥Î,¬O,¤£¥i¥ÎÃÄ¥]¾÷,¥i¥Î,¤@¯ë,Á`¶q¶i¦ì,¾AÀ³¯g:¬°­GÃÄ,,Antacid,,¥~ Æ[:¯»¬õ¡B¥Õ¦âÂù¼h¿õ,Appearance:Pink&White Tablet,,,,¥u¥Î©óªù¶E,©T­G¿õ,Gowell,,,§_,¬O,,,,,,,,,¤@¯ë,¤@¯ë,Äµ »y:¥»«~¥iÄZ¸H«á§]ªA,,,,,§_,1.0,,§_,§_,§_,½Æ¤è,§_,°±¥Î,¥i¥Î,¥i¿i,¬O,,1.00,1.00,2.00,2.00,99,99,1,1,0,0,0,0,,µL¹Ï¤ù,,0,,0,,,,,,,,,,,TAB,,°·«Oµ¹¥I,°·«Oµ¹¥I,ALUMINUM DIHYDROXYALLANTOINATE 50MG + ALUMINUM MAGNESIUM SILICATE 450MG,A02AX,A044977100,§_,SolidDrugForm,ORTAB,,,,,,,,,PH047,202303141744,1.37,3.00
OGUT,19960101,99999999,°±¥Î,Gutron 2.5mg,Gutron 2.5mg,Midodrine,PO,,CAVS,CV-10-00,¤fªA,TAB,Gutron,«D²Õ®M,°±¥Î,OMIDO,¤w°±¥Î,¬O,¤£¥i¥ÎÃÄ¥]¾÷,,¤@¯ë,Á`¶q¶i¦ì,¾AÀ³¯g:¥Dªv´`Àô¨t²Î¥¢½Õ¡B¦åÀ£¹L§C¡B§¿¥¢¸T,,For hypotension,,¥~ Æ[:¥Õ¦â¶ê§ÎÃÄ¿õ,Appearance:White Round Tablet,,,,,ÁÚ§´ªL¿õ,Gutron 2.5mg,,,§_,¬O,,,,,,,,,¤@¯ë,¤@¯ë,,,,,,§_,1.0,,§_,§_,§_,³æ¤è,§_,¥i¥Î,¥i¥Î,¥i¿i,¬O,,1.00,1.00,999.00,999.00,999,999,1,1,0,0,0,0,,µL¹Ï¤ù,,0,,0,,,,,,,,,,,TAB,§_,¤£µ¹¥I¶·¦Û¥I,¤£µ¹¥I¶·¦Û¥I,,,,§_,SolidDrugForm,ORTAB,,,,,,,,,PH047,202303141744,0,7.00
OGXB,20200610,99999999,¥i¥Î,Glyxambi 25/5mg,Glyxambi 25/5mg,Empagliflozin + Linagliptin,PO,QD,META,ME-02-09,¤fªA,TAB,Glyxambi,«D²Õ®M,,,¤@¯ë¥i¥Î,¬O,¤£¥i¥ÎÃÄ¥]¾÷,±ø¥ó¤Uµ¹¥I,¤@¯ë,Á`¶q¶i¦ì,¾AÀ³¯g:²Ä¤G«¬¿}§¿¯f¦å¿}±±¨î¤Î¹w¨¾¤ß¦åºÞ¨Æ¥ó,,Indication:Diabetes and prevention of cardiovascular disease,,¥~ Æ[:²H¬õ¦â¤T¨¤§ÎÃÄ¿õ¡A¤@­±¦³25/5¼Ð¥Ü,Appearance:Light red triangle tablet¡A with 25/5 marked,ªc§¿¹D·P¬V¡A§C¦å¿}¡Aà¬»Ä¤¤¬r,Urinary tract infections¡A hypoglycemia¡A ketoacidosis,,¬Ò¥i¥Î,¿}¶¶¥­½¤¦ç¿õ25/5²@§J,Glyxambi 25/5 mg,,,,¬O,,­Y¥Í´Þ¾¹ªþªñ¦³À£µh¡Bµo¬õ¡B¸~µÈ¥B¦ñÀHµo¿N©Î§¿¸ô·P¬V¯gª¬¡A½Ð¥ß§Y¦^¶E¡C,Á×§K°Æ§@¥Îµo¥Í¡A½Ð¾A¶q¸É¥R¤ô¤À¡C,Monitor for signs and symptoms of Urinary tract infection and treat as needed.,Drinking plenty of water can prevent side effects.,ªAÃÄ´Á¶¡­Y¥X²{Ãö¸`µh¡AÀ³»PÂå®vÁpÃ´¡C,Precaution: Report to doctor if any severe and disabling arthralgia occur.,2020Q2ÃÄ©e·s¶i,¤@¯ë,¤@¯ë,­Y¥Í´Þ¾¹ªþªñ¦³À£µh¡Bµo¬õ¡B¸~µÈ¥B¦ñÀHµo¿N©Î§¿¸ô·P¬V¯gª¬¡A½Ð¥ß§Y¦^¶E¡C,,,0,0,§_,1.0,,§_,¬O,§_,½Æ¤è,§_,¥i¥Î,¥i¥Î,¥i¿i,¬O,,1.00,1.00,1.00,1.00,999,999,28,1,1.00,1.00,0,0,,¦³¹Ï¤ù,,0,,0,,A10BD19,A10BK03,A10BH05,,,0,,0,,TAB,,°·«Oµ¹¥I,°·«Oµ¹¥I,EMPAGLIFLOZIN 10-25 MG + LINAGLIPTIN 5 MG,A10BD19,BC27073100,§_,SolidDrugForm,ORTAB,,,0,,0,,,,PH047,202310151434,34.60,45.00
OHAL2,19960101,99999999,°±¥Î,Apo-Haloperidol 2mg,Apo-Haloperidol 2mg,Haloperidol,PO,BID,CNEU,CN-02-01,¤fªA,TAB,Haldol,«D²Õ®M,°±¥Î,OBIN2,¤@¯ë¥i¥Î,¬O,¥i¥ÎÃÄ¥]¾÷,,¤@¯ë,Á`¶q¶i¦ì,¾AÀ³¯g:ºë¯«¬ì¥ÎÃÄ¡C,,Indication:Antipsychotic agent.,,¥~ Æ[:²H¬õµµ¦â¶ê«ó§Î¿õ¾¯¡A¤@­±¨è¤¤½u¤ÎAPO 2,Appearance:Pink round tablet,§¤¥ß¤£¦w¡A °Ê§@¿ð½w¡A ¤âµo§Ý¡A ªí±¡²Hºz¡A §]Ã`§xÃø,Difficult speaking or swallowing; lack of facial expression; restlessness.,,,¦w«O¹ç¿õ,Apo-Haloperidol 2mg,,,§_,¬O,,½Ð¿íÂå®v«ü¥Ü«ö®É¥ÎÃÄ¡A ¤Å¦Û¦æ§ïÅÜ¾¯¶q,,Follow doctor's advice. Do not change your dose or schedule.,,¦³¤Úª÷´Ë¤ó¯g¤ÎÄY­«¤ß¦åºÞ¯e¯fªÌ­n¤p¤ß¨Ï¥Î. ¥»ÃÄ·|­°§Cµo§@ìH­È¤Î²£¥ÍÀ@Åé¥~¯gª¬,Be careful if you are parkinsonism¡A severe CV disorders. It's also lower convuls,,¤@¯ë,¤@¯ë,Äµ »y: ½Ð¿íÂå®v«ü¥Ü«ö®É¥ÎÃÄ¡A¤Å¦Û¦æ§ïÅÜ¾¯¶q¡B¥Îªk©Î¥ô·N°±ÃÄ¡C,,,,,§_,1.0,,§_,§_,§_,³æ¤è,§_,°±¥Î,¥i¥Î,¥i¿i,¬O,,1.00,1.00,10.00,10.00,999,999,1,1,10.00,10.00,0,0,,¦³¹Ï¤ù,,0,,0,,N05AD01,,,,,,,,,TAB,§_,°·«Oµ¹¥I,°·«Oµ¹¥I,HALOPERIDOL,N05AD01,B019501100,§_,SolidDrugForm,ORTAB,,,,,,,,,PH047,202303141744,1.60,3.00
OHAL5,20110908,99999999,°±¥Î,Binin-U 5mg,Binin-U 5mg,Haloperidol,PO,,CNEU,CN-02-01,¤fªA,TAB,Haldol,«D²Õ®M,°±¥Î,,¤@¯ë¥i¥Î,¬O,¤£¥i¥ÎÃÄ¥]¾÷,,¤@¯ë,Á`¶q¶i¦ì,¾AÀ³¯g:ºë¯«¬ì¥ÎÃÄ,,Indication:Antipsychotic agent.,,¥~ Æ[:¯óºñ¦â¶ê«ó§Î¿õ¾¯¡A³æ­±¦³¤Q¦r¨è¦L,Appearance:Green round tablet,§¤¥ß¤£¦w¡A °Ê§@¿ð½w¡A ¤âµo§Ý¡A ªí±¡²Hºz¡A §]Ã`§xÃø,Difficult speaking or swallowing; lack of facial expression; restlessness; hands,,¬Ò¥i¥Î,©ö¹çÀu¿õ,Binin-U 5mg,,,§_,¬O,,½Ð¿íÂå®v«ü¥Ü«ö®É¥ÎÃÄ¡A ¤Å¦Û¦æ§ïÅÜ¾¯¶q,,Follow doctor's advice. Do not change your dose or schedule.,,¦³¤Úª÷´Ë¤ó¯g¤ÎÄY­«¤ß¦åºÞ¯e¯fªÌ­n¤p¤ß¨Ï¥Î. ¥»ÃÄ·|­°§Cµo§@ìH­È¤Î²£¥ÍÀ@Åé¥~¯gª¬,Be careful if you have parkinson's disease¡A severe CV disorders¡A seizures.,,¤@¯ë,¤@¯ë,Äµ »y: ½Ð¿íÂå®v«ü¥Ü«ö®É¥ÎÃÄ¡A¤Å¦Û¦æ§ïÅÜ¾¯¶q¡B¥Îªk©Î¥ô·N°±ÃÄ¡C,,,0,0,§_,1.0,,§_,§_,§_,³æ¤è,§_,¥i¥Î,¥i¥Î,¥i¿i,¬O,,1.00,1.00,4.00,4.00,999,999,1,1,0,0,0,0,,¦³¹Ï¤ù,,0,,0,,N05AD01,,,,,,,,,TAB,§_,°·«Oµ¹¥I,°·«Oµ¹¥I,HALOPERIDOL,N05AD01,A032584100,§_,SolidDrugForm,ORTAB,,,,,,,,,PH047,202303141744,2.70,4.00
OHALC,20070801,99999999,°±¥Î,Halcion 0.25 mg,Halcion 0.25 mg,Triazolam,PO,HS,CNEU,CN-02-07,¤fªA,TAB,Halcion,«D²Õ®M,°±¥Î,,¤w°±¥Î,¬O,¤£¥i¥ÎÃÄ¥]¾÷,¥i¥Î,¤@¯ë,Á`¶q¶i¦ì,¾AÀ³¯g:¥¢¯v,,Treatment of insomnia,,¥~ Æ[:²LÂÅ¦â¾ò¶ê§ÎÃÄ¿õ,Appearance:Light Blue Round Tablet,,,,¥u¥Î©óªù¶E¤Î¦í°|STAT,¶o¼ÖªY¿õ,Halcion 0.25 mg,,,§_,¬O,,,,,,,,,¤@¯ë,¤T¯ÅºÞ¨î,Äµ »y:¤Å¶¼°s©Î¸²µå¬c¥Ä,,,,,§_,1.0,,§_,§_,§_,³æ¤è,§_,¥i¥Î,¥i¥Î,¥i¿i,¬O,,1.00,1.00,2.00,2.00,99,99,1,1,0,0,0,0,,¦³¹Ï¤ù,,0,,0,,,,,,,,,,,TAB,,°·«Oµ¹¥I,°·«Oµ¹¥I,TRIAZOLAM,N05CD05,B0217261G0,§_,SolidDrugForm,ORTAB,,,,,,,,,PH047,202303141744,2.00,3.00
OHAR4,20140905,99999999,¥i¥Î,Harnalidge OCAS 0.4mg prolonged release,Harnalidge OCAS 0.4mg prolonged release,Tamsulosin,PO,HS,SGU,UR-04-00,¤fªA,TAB,Harnalidge,«D²Õ®M,,,¤@¯ë¥i¥Î,¬O,¥i¥ÎÃÄ¥]¾÷,¥i¥Î,¤@¯ë,Á`¶q¶i¦ì,¾AÀ³¯g:¥Dªv¨}©Ê«e¦C¸¢ªÎ¤j¯g©Ò¦ñÀHªº¤Uªc§¿¹D¯gª¬¡C,,Indication:Treatment of signs and symptoms of benign,prostatic hyperplasia (BPH).,¥~ Æ[:²`¾ï¦â¶ê§Î¿õ¾¯¡A ¦L¦³04¦r¼Ë,Appearance:Dark orange round tablet,©Ê¥\¯à»ÙÃª¡A ­Iµh¡A ¸¡Âm¡A ÀYµh¡A »ó¶ë©Î¬y»ó¤ô¡A ²§±`µê®z,Sexual problem; back pain; diarrhea; headache; stuffy or runny nose.,,¬Ò¥i¥Î,¬¡¸ô§Q²bOCAS«ùÄò©ÊÃÄ®Ä½¤¦ç¿õ 0.4²@§J,Harnalidge OCAS 0.4mg,,,¬O,§_,,¥i¯à¦³®É·|Ä±±oÀY·w¡A ©ü¯t. ½ÐÁ×§K§Ö³tªº°Ê§@©Î«º¶ÕÅÜ¤Æ,,May cause dizziness or drowsiness. Take care to avoid sudden movement.,Administer on an empty stomach.,¥»ÃÄ»ÝªÅ¸¡ªA¥Î¡A¾ã²É§]ªA¡A¤£¥i©CÄZ©Î¿i¸H¡C,Tablets should be swallowed whole; do not crush or chew.,,¤@¯ë,¤@¯ë,Äµ »y:¥i¯à¦³®É·|Ä±±oÀY·w¡B©ü¯t¡A½ÐÁ×§K§Ö³tªº°Ê§@©Î«º¶ÕÅÜ¤Æ,,,0,0,§_,1.0,,§_,¬O,§_,³æ¤è,§_,¥i¥Î,¥i¥Î,¤£¥i¿i,¬O,,1.00,1.00,2.00,2.00,999,999,28,1,2.00,2.00,0,0,,¦³¹Ï¤ù,,0,,0,,G04CA02,,,,,0,,0,,TAB,¬O,°·«Oµ¹¥I,°·«Oµ¹¥I,TAMSULOSIN,G04CA02,BC25413100,§_,SolidDrugForm,ORTAB,,,,,,,,,PH047,202401311409,13.60,18.00
OHARD,20061201,99999999,°±¥Î,Harnalidge D 0.2mg,Harnalidge D 0.2mg,Tamsulosin,PC,HS,SGU,UR-04-00,¤fªA,TAB,Harnalidge D,«D²Õ®M,°±¥Î,,¤@¯ë¥i¥Î,¬O,¤£¥i¥ÎÃÄ¥]¾÷,¥i¥Î,¤@¯ë,Á`¶q¶i¦ì,¾AÀ³¯g:¥Dªv¨}©Ê«e¦C¸¢ªÎ¤j¯g©Ò¦ñÀHªº¤Uªc§¿¹D¯gª¬¡C,,Indication:Treatment of benign prostatic hyperplasia.,,¥~ Æ[:¥Õ¦â¶ê«ó§Î¿õ¾¯¡A ¤@­±¦L¹Ï®×¤Î557,Appearance:White round tablet,©Ê¥\¯à»ÙÃª¡A ­Iµh¡A ¸¡Âm¡A ÀYµh¡A »ó¶ë©Î¬y»ó¤ô¡A ²§±`µê®z,Sexual problem; back pain; diarrhea; headache; stuffy or runny nose.,,¬Ò¥i¥Î,¬¡¸ô§Q²bD ¤f·»¿õ,Harnalidge D 0.2mg,,,¬O,¬O,,¥i¯à¦³®É·|Ä±±oÀY·w¡A ©ü¯t. ½ÐÁ×§K§Ö³tªº°Ê§@©Î«º¶ÕÅÜ¤Æ,,May cause dizziness or drowsiness. Take care to avoid sudden movement.,,,,,¤@¯ë,¤@¯ë,Äµ »y:¥i¯à¦³®É·|Ä±±oÀY·w¡B©ü¯t¡A½ÐÁ×§K§Ö³tªº°Ê§@©Î«º¶ÕÅÜ¤Æ,LA ¥~Æ[¬Û¦ü,,,,§_,1.0,,§_,§_,§_,³æ¤è,§_,¥i¥Î,¥i¥Î,¤£¥i¿i,¬O,,1.00,1.00,2.00,2.00,999,999,30,1,2.00,2.00,0,0,,¦³¹Ï¤ù,,0,,0,,G04CA02,,,,,,,,,TAB,,°·«Oµ¹¥I,°·«Oµ¹¥I,TAMSULOSIN,G04CA02,BC24403100,§_,SolidDrugForm,DISINTAB,,,,,,,,,PH047,202303141744,5.60,8.00
OHARN,19960101,99999999,°±¥Î,Harnalidge 0.2mg,Harnalidge 0.2mg,Tamsulosin,PO,QD,SGU,UR-04-00,¤fªA,CAP,Harnalidge,«D²Õ®M,°±¥Î,OHARD,¤@¯ë¥i¥Î,¬O,¥i¥ÎÃÄ¥]¾÷,,¤@¯ë,Á`¶q¶i¦ì,¾AÀ³¯g:¥Dªv¨}©Ê«e¦C¸¢ªÎ¤j,,Treatment of benign prostatic hyperplasia,,¥~ Æ[:²H¬õ/¥Õ¦âªø¶ê¬W§Îµw½¦Ån,Appearance:Pink/White Cylinder Hard Capsule,,,,¬Ò¥i¥Î,¬¡¸ô§Q²b,Harnalidge 0.2mg,,,§_,¬O,,,,,,,,,¤@¯ë,¤@¯ë,Äµ »y:¥i¯à¦³®É·|Ä±±oÀY·w¡B©ü¯t¡A½ÐÁ×§K§Ö³tªº°Ê§@©Î«º¶ÕÅÜ¤Æ,,,,,§_,1.0,,§_,§_,§_,³æ¤è,§_,°±¥Î,¥i¥Î,¥i¿i,¬O,,1.00,1.00,2.00,2.00,999,999,30,1,0,0,0,0,,µL¹Ï¤ù,,0,,0,,,,,,,,,,,CAP,§_,°·«Oµ¹¥I,°·«Oµ¹¥I,TAMSULOSIN,G04CA02,B022095100,§_,SolidDrugForm,ORCAP,,,,,,,,,PH047,202303141744,15.30,19.00
OHARV,20180101,99999999,¥i¥Î,Harvoni 90/400mg,Harvoni 90/400mg,Ledipasvir + Sofosbuvir,PO,QD,QANB,AI-03-04,¤fªA,TAB,Harvoni,«D²Õ®M,Á{±ÄÃÄ¡A½Ð³qª¾ÃÄ§½¥~ÁÊ,,ÃÄ©e·|Á{±Ä,¬O,¤£¥i¥ÎÃÄ¥]¾÷,±ø¥ó¤Uµ¹¥I,¤@¯ë,Á`¶q¶i¦ì,¾AÀ³¯g:C«¬¨xª¢,,Indication:Chronic hepatitis C virus infection in adults,,¥~ Æ[:¾í¦âµÙ§Î¿õ¾¯¡A ¤@­±¦LGSI¡F¥t¤@­±¦L7985¦r¼Ë,Appearance:Orange¡A diamond-shaped¡A marking: GSI¡A 7985,ÀYµh¡A¯h³Ò¡A¥F¤O¡A·ÐÄ¼¡A¥¢¯v¡AÀY·w,Headache¡A fatigue¡A weakness¡A irritability¡A insomnia¡A dizziness,,¥u¥Î©óªù¶E¤Î¦í°|STAT,®L©^¹ç½¤¦ç¿õ,Harvoni 90/400mg,,,,¬O,,½Ð¿í«ü¥ÜªA§¹¾ã­ÓÀøµ{¡A ­Yµo¥Í¥ÎÃÄ¤£¨}¤ÏÀ³½Ð§iª¾Âå¥Í,,Follow doctor's advice. Check with doctor if you notice any side effects.,,,,105¦~²Ä¤G©uÃÄ©e·|³q¹LÁ{±Ä,¤@¯ë,¤@¯ë,Äµ »y:½Ð¿í«ü¥ÜªA§¹¾ã­ÓÀøµ{¡A­Yµo¥Í¥ÎÃÄ¤£¨}¤ÏÀ³½Ð§iª¾Âå¥Í¡C,,,0,0,§_,1.0,,§_,¬O,§_,½Æ¤è,§_,°±¥Î,°±¥Î,¥i¿i,¬O,,1.00,1.00,1.00,1.00,168,168,28,1,1.00,1.00,0,0,,¦³¹Ï¤ù,,0,,0,,J05AX65,J05AX15,J05AP51,,,0,,0,,TAB,,°·«Oµ¹¥I,°·«Oµ¹¥I,SOFOSBUVIR + LEDIPASVIR +/- RIBAVIRIN,J05APX1,HCVDAA0010,,SolidDrugForm,ORTAB,,,,,,,,,PH047,202403131625,2380.00,2856.00
OHAV,20031015,99999999,°±¥Î,Havina 28's/pk,Havina 28's/pk,Estradiol + Norethisterone,PO,QD,HM,HR-03-04,¤fªA,TAB,Havina,«D²Õ®M,°±¥Î,,¤@¯ë¥i¥Î,¬O,¤£¥i¥ÎÃÄ¥]¾÷,¥i¥Î,¤£¦LÃÄÅÒ,Á`¶q¶i¦ì,¾AÀ³¯g:¬°²üº¸»X¸É¥R¾¯,,Hormones supplement,,¥~ Æ[:¥Õ¦â¶ê«ó§Î¿õ¾¯,Appearance:White Round Tablet,,,,¥u¥Î©óªù¶E,¦ñ¼Ö®R,Havina 28's/pk,,,§_,¬O,,,,,,,,,¤@¯ë,¤@¯ë,Äµ »y:¥i¯à¦³®É·|Ä±±oÀY·w¡B©ü¯t¡A½ÐÁ×§K§Ö³tªº°Ê§@©Î«º¶ÕÅÜ¤Æ,,,,,§_,28.0,,§_,§_,¬O,³æ¤è,§_,¥i¥Î,¥i¥Î,¤£¥i¿i,§_,,1.00,0,1.00,0,99,0,28,0,0,0,0,0,,µL¹Ï¤ù,,0,,0,,,,,,,,,,,TAB,,°·«Oµ¹¥I,°·«Oµ¹¥I,ESTRADIOL 1MG + NORETHINDRONE 500MCG,G03FA01,AC44203100,§_,SolidDrugForm,ORTAB,,,,,,,,,PH047,202303141744,2.85,4.00
OHEA,19960101,99999999,°±¥Î,Headgen 1.5mg,Headgen 1.5mg,Dihydroergotoxine Mesylate,PO,,CAVS,CV-11-00,¤fªA,TAB,Hydergine,«D²Õ®M,°±¥Î,,¤@¯ë¥i¥Î,¬O,¥i¥ÎÃÄ¥]¾÷,,¤@¯ë,Á`¶q¶i¦ì,¾AÀ³¯g:¬°¸£¥½±é´`Àô»ÙÃª§ïµ½¾¯,,Cerebral arteriosclerosis and other cerebral vascular disord,,¥~ Æ[:¥Õ¦â¶ê§ÎÃÄ¿õ,Appearance:White Round Tablet,,,,,,Headgen 1.5mg,,,§_,¬O,,,,,,,,,¤@¯ë,¤@¯ë,,,,,,§_,1.0,,§_,§_,§_,³æ¤è,§_,¥i¥Î,¥i¥Î,¥i¿i,¬O,,1.00,1.00,999.00,999.00,999,999,1,1,0,0,0,0,,µL¹Ï¤ù,,0,,0,,,,,,,,,,,TAB,§_,°·«Oµ¹¥I,°·«Oµ¹¥I,DIHYDROERGOTOXINE,C04AE01,A031053100,§_,SolidDrugForm,ORTAB,,,,,,,,,PH047,202303141745,4.56,6.00
OHEPS,20040411,99999999,°±¥Î,Hepsera 10mg,Hepsera 10mg,Adefovir Dipivoxil,PO,QD,QANB,AI-03-03,¤fªA,TAB,,«D²Õ®M,°±¥Î,,¤@¯ë¥i¥Î,¬O,¤£¥i¥ÎÃÄ¥]¾÷,¥i¥Î,¤@¯ë,Á`¶q¶i¦ì,¾AÀ³¯g:B«¬¨xª¢,,Indication: Treatment of hepatitis B infection.,,¥~ Æ[:¥Õ¦â¶ê§Î¿õ¾¯¡A¤@­±¦LGSKNU,Appearance:White Round Tablet,µL¤O¡BÀYµh¡B¸¡µh¡Bäú¤ß¡BµÈ®ð,Asthenia¡A headache¡A abdominal pain¡A nausea¡A flatulence,,¬Ò¥i¥Î,¤z¾A¯à¿õ,Hepsera 10mg,,,§_,¬O,,ªø´ÁªAÃÄ»PµÇ¥\¯à¤£¥þªº±wªÌÀ³±K¤ÁºÊ´úµÇ¥\¯à,,Monitor renal function for long-term use.,,,,,¤@¯ë,¤@¯ë,Äµ »y:ªø´ÁªAÃÄ»PµÇ¥\¯à¤£¥þªº±wªÌÀ³±K¤ÁºÊ´úµÇ¥\¯à,,,,,§_,1.0,,§_,§_,§_,³æ¤è,§_,¥i¥Î,¥i¥Î,¥i¿i,¬O,,1.00,1.00,1.00,1.00,99,150,1,1,1.00,1.00,0,0,,¦³¹Ï¤ù,,0,,0,,J05AF08,,,,,,,,,TAB,,°·«Oµ¹¥I,°·«Oµ¹¥I,ADEFOVIR DIPIVOXIL,J05AF08,B023920100,§_,SolidDrugForm,ORTAB,,,,,,,,,PH047,202303141745,180.00,216.00
OHER,19960101,99999999,¥i¥Î,Herbesser 30mg,Herbesser 30mg,Diltiazem,PO,TID,CAVS,CV-05-00,¤fªA,TAB,Nakasser,«D²Õ®M,,,¤@¯ë¥i¥Î,¬O,¥i¥ÎÃÄ¥]¾÷,,¤@¯ë,Á`¶q¶i¦ì,¾AÀ³¯g:¥Dªv°ª¦åÀ£¡A ¤ßÅ¦¯e¯f¡A ¤ß«ß¤£¾ã,,Indication:Treatment of hypertension¡A heart disease¡A,arrhythmias,¥~ Æ[:¥Õ¦â¶ê«ó§Î¿õ¾¯¡A ¤@­±¦L TT 120,Appearance:White round tablet,©I§l§xÃø¡A «y¹Â¡A ¥Ö½§¬õ¯l¡A ¸~µÈ¡A «K¯µ¡A ¯h­Â,Breathing difficulty¡A coughing¡A skin rash¡A slow heartbeat ¡A swelling.,,,¦X¥²²n,Herbesser 30mg,,,¬O,¬O,½Ã±Ð³æ¤T,ªAÃÄ´Á¶¡Á×§K¦Y¸²µå¬c©Î¶¼¥Î¸²µå¬c¥Ä¡A ¥H§K¼vÅTÃÄª«¥NÁÂ,,Avoid grapefruits or related products to prevent risk of interaction.,,­¹ª«¥æ¤¬§@¥Î: ªAÃÄ´Á¶¡Á×§K­¹¥Î¸²µå¬c¥Ä,Food interaction:Avoid grapefruit juice,,¤@¯ë,¤@¯ë,Äµ »y:ªAÃÄ´Á¶¡Á×§K¦Y¸²µå¬c©Î¶¼¥Î¸²µå¬c¥Ä¡A¥H§K¼vÅTÃÄª«¥NÁÂ,­¹ ­¹ª«¥æ¤¬,,,,§_,1.0,,§_,¬O,§_,³æ¤è,§_,¥i¥Î,¥i¥Î,¥i¿i,¬O,,1.00,1.00,6.00,6.00,999,999,28,1,18.00,18.00,0,0,,¦³¹Ï¤ù,,0,,0,,C08DB01,,,,,,,,,TAB,§_,°·«Oµ¹¥I,°·«Oµ¹¥I,DILTIAZEM,C08DB01,AC103581G0,§_,SolidDrugForm,ORTAB,,,,,,,,,PH047,202401151845,2.00,3.00
OHIC,20050317,99999999,°±¥Î,Hi-Cal 250mg( ­­¦Û¶O),Hi-Cal 250mg( ­­¦Û¶O),Ca Carbonate from Oyst,PO,,NUTR,NU-03-00,¤fªA,CAP,,«D²Õ®M,°±¥Î,,¤@¯ë¥i¥Î,¬O,¤£¥i¥ÎÃÄ¥]¾÷,±ø¥ó¤Uµ¹¥I,¤@¯ë,Á`¶q¶i¦ì,¾AÀ³¯g:¶t½è¸É¥R¾¯,,Calcium supplement,,¥~ Æ[:¤¤¦Ç/¥Õ¦âªø¶ê¬W«¬µw½¦Ån¡A ¦L¦³HI-CAL,Appearance:Grey/White Cylinder Hard Capsule,,,,¬Ò¥i¥Î,Àu¯]-¶t,Hi-Cal 250mg( ­­¦Û¶O),,,§_,¬O,,,,,,,,,¤@¯ë,¤@¯ë,Äµ »y:ªAÃÄ´Á¶¡Á×§K¦Y¸²µå¬c©Î¶¼¥Î¸²µå¬c¥Ä¡A¥H§K¼vÅTÃÄª«¥NÁÂ,,,,,§_,1.0,,§_,§_,§_,³æ¤è,§_,°±¥Î,¥i¥Î,¥i¿i,¬O,,1.00,1.00,1.00,1.00,999,999,1,1,0,0,0,0,,µL¹Ï¤ù,,0,,0,,,,,,,,,,,CAP,,¤£µ¹¥I¶·¦Û¥I,¤£µ¹¥I¶·¦Û¥I,CALCIUM CARBONATE,A12AA04,A034115100,§_,SolidDrugForm,ORCAP,,,,,,,,,PH047,202303141745,5.20,7.00
OHYD,20020601,99999999,¥i¥Î,Hydrea 500mg,Hydrea 500mg,Hydroxyurea,PO,QD,RACA,ON-02-04,¤fªA,CAP,Hydrea,«D²Õ®M,,,­Ó®×Á{±Ä,¬O,¤£¥i¥ÎÃÄ¥]¾÷,±ø¥ó¤Uµ¹¥I,¤@¯ë,Á`¶q¶i¦ì,¾AÀ³¯g:¬°§Ü¸~½FÃÄ,,Indication:Cancer therapy.,,¥~ Æ[:²HÂÅ/²L¬õ¦âªø¶ê¬W§Îµw½¦Ån¦L"CHP500",Appearance:Light blue/pink cylinder hard capsule print"BMS30,°©Åè§í¨î¡A ¸z­G¯e¯f¡A ¥Ö½§¯e¯f,Bone-marrow suppression; rarely¡A GI disorders¡A skin disorders,,¬Ò¥i¥Î,·Rªv½¦Ån500 ²@§J,Hydrea,,,§_,¬O,,½Ð°t¦X¥R¤À¶}¤ôªA¥Î¡A ¨Ã¼W¥[¤ô¤ÀªºÄá¨ú,,Drink plenty of fluids while taking the medicine.,,ªAÃÄ´Á¶¡Á×§K¤éÅÎ¡C,Avoid sun exposure. Wear sunblock and protective clothing.,,¤@¯ë,¤@¯ë,Äµ »y:½Ð°t¦X¥R¤À¶}¤ôªA¥Î¡A ¨Ã¼W¥[¤ô¤ÀªºÄá¨ú,Äµ °ªÄµ°T,,,,§_,1.0,,§_,¬O,§_,³æ¤è,§_,¥i¥Î,¥i¥Î,¤£¥i¿i,¬O,,1.00,1.00,3.00,3.00,999,999,1,1,9.00,9.00,0,0,,¦³¹Ï¤ù,,0,,0,,L01XX05,,,,,,,,,CAP,,°·«Oµ¹¥I,°·«Oµ¹¥I,HYDROXYUREA,L01XX05,BC23135100,§_,SolidDrugForm,ORCAP,¦M®`¤@¯Å(¡I¡I),,,,,,,,PH047,202310261515,15.20,20.00
OHYP,20021216,99999999,°±¥Î,Hypoca 15mg,Hypoca 15mg,Barnidipine HCL,PO,QD,CAVS,CV-05-00,¤fªA,CAP,,«D²Õ®M,°±¥Î,,¤@¯ë¥i¥Î,¬O,¤£¥i¥ÎÃÄ¥]¾÷,¥i¥Î,¤@¯ë,Á`¶q¶i¦ì,¾AÀ³¯g:°ª¦åÀ£,,Treatment of hypertension,,¥~ Æ[:½Å¶À¦â¤£³z©ú½¦Ån¤W¦³¥Õ¦â±aª¬«Ê±ø¡A¤º§t¦³²L¶À¦âªºÁû²É,Appearance:Brown Capsule,,,,¬Ò¥i¥Î,³ß«O±d,Hypoca 15mg,,,§_,¬O,,,,,,,,,¤@¯ë,¤@¯ë,Äµ »y:¥i¯à·|³y¦¨¶ÝºÎ©Î·w¯t¡A ¶}¨®©Î¾Þ§@¦MÀI¾÷¾¹½Ð¤p¤ß,,,,,§_,1.0,,§_,§_,§_,³æ¤è,§_,°±¥Î,¥i¥Î,¥i¿i,¬O,,1.00,1.00,2.00,2.00,99,99,1,1,0,0,0,0,,µL¹Ï¤ù,,0,,0,,,,,,,,,,,CAP,§_,°·«Oµ¹¥I,°·«Oµ¹¥I,BARNIDIPINE,C08CA12,B023237100,§_,SolidDrugForm,ORCAP,,,,,,,,,PH047,202303141745,17.90,22.00
OHYP1,20041201,99999999,°±¥Î,Hypoca 10mg,Hypoca 10mg,Barnidipine,PO,QD,CAVS,CV-05-00,¤fªA,CAP,,«D²Õ®M,°±¥Î,,¤@¯ë¥i¥Î,¬O,¤£¥i¥ÎÃÄ¥]¾÷,¥i¥Î,¤@¯ë,Á`¶q¶i¦ì,¾AÀ³¯g:°ª¦åÀ£,,Treatment of hypertension,,¥~ Æ[:½Å¶À¦â¤£³z©ú½¦Ån¤W¦³¥Õ¦â±aª¬«Ê±ø¡A¤º§t¦³²L¶À¦âªºÁû²É,Appearance:Brown Capsule,,,,¬Ò¥i¥Î,³ß«O±d,Hypoca 10mg,,,§_,¬O,,,,,,,,,¤@¯ë,¤@¯ë,Äµ »y:ªAÃÄ´Á¶¡Á×§K¦Y¸²µå¬c©Î¶¼¥Î¸²µå¬c¥Ä¡A¥H§K¼vÅTÃÄª«¥NÁÂ,,,,,§_,1.0,,§_,§_,§_,³æ¤è,§_,¥i¥Î,¥i¥Î,¥i¿i,¬O,,1.00,1.00,2.00,2.00,99,99,1,1,0,0,0,0,,µL¹Ï¤ù,,0,,0,,,,,,,,,,,CAP,,°·«Oµ¹¥I,°·«Oµ¹¥I,BARNIDIPINE,C08CA12,B023235100,§_,SolidDrugForm,ORCAP,,,,,,,,,PH047,202303141745,11.40,14.00
OHYT,19960101,99999999,°±¥Î,Hytrin 2mg,Hytrin 2mg,Terazosin,PO,HS,CAVS,CV-04-01,¤fªA,TAB,Hytrin,«D²Õ®M,¼t°Ó¯Ê³f,OTELO,¤@¯ë¥i¥Î,¬O,¥i¥ÎÃÄ¥]¾÷,,¤@¯ë,Á`¶q¶i¦ì,¾AÀ³¯g:¥Dªv¨}©Ê«e¦C¸¢ªÎ¤j¡A °ª¦åÀ£,,Indication:Benign prostatic hyperplasia¡A hypertension.,,¥~ Æ[:²H¬õ¾í¦â¶ê«ó§Î¿õ¾¯¡A¤@­±¨èDH¡A ¤@­±¦L¹Ï®×,Appearance:Red orange round tablet,¥Ñª×§¤«º°_¥ß®É·|ÀY·w¡A ¤ß¸õÅÜ§Ö¡A ©I§l§xÃø¡A ¤UªÏ¤ô¸~,Dizziness or lightheadedness when getting up from a lying or sitting position.,,,©w¯ß¥­,Hytrin 2mg,,,¬O,¬O,,¥i¯à¦³®É·|Ä±±oÀY·w¡A ©ü¯t. ½ÐÁ×§K§Ö³tªº°Ê§@©Î«º¶ÕÅÜ¤Æ,,May cause dizziness or drowsiness. Take care to avoid sudden movement.,,,,,¤@¯ë,¤@¯ë,Äµ »y:¥i¯à¦³®É·|Ä±±oÀY·w¡B©ü¯t¡A½ÐÁ×§K§Ö³tªº°Ê§@©Î«º¶ÕÅÜ¤Æ,,,,,§_,1.0,,§_,§_,§_,³æ¤è,§_,¥i¥Î,¥i¥Î,¥i¿i,¬O,,1.00,1.00,5.00,5.00,999,999,28,1,10.00,10.00,0,0,,¦³¹Ï¤ù,,0,,0,,G04CA03,,,,,,,,,TAB,§_,°·«Oµ¹¥I,°·«Oµ¹¥I,TERAZOSIN,G04CA03,BC22959100,§_,SolidDrugForm,ORTAB,,,,,,,,,PH047,202303141745,1.92,3.00
OHYXQ,20200406,99999999,°±¥Î,Hydroquine 200mg,Hydroquine 200mg,Hydroxychloroquine,PC,BID,QANP,AI-04-00,¤fªA,TAB,Plaquenil,«D²Õ®M,°±¥Î,OPLA,¤@¯ë¥i¥Î,¬O,¤£¥i¥ÎÃÄ¥]¾÷,¥i¥Î,¤@¯ë,Á`¶q¶i¦ì,¾AÀ³¯g:¥Dªv­·Àã©ÊÃö¸`ª¢¡A½Õ¸`§K¬Ì¾¯,,Indication:Arthritis¡A lupus erythematosus¡A malaria,,¥~ Æ[:¥Õ¦â¶ê¥Y§Î¿õ¾¯¡A ¤@­±¦LST¡A ¤@­±¦L200,Appearance:White round tablet¡A ST/200 merked.,¸¡Âm¡A ÀYµh¡A ¥Ö½§Äo¡A ±¼¾v¼W¥[¡A ÀY·w¡A ¥Ö½§¬õ¯l,Diarrhea ¡A headache ¡A itching ¡A increasing hair loss,,¬Ò¥i¥Î,½H¹ç½¤¦ç¿õ 200 ²@§J,Hydroquine 200mg,,,,¬O,,­Y¯gª¬¥¼¨£§ïµ½¡A ½Ð»PÂå®v³sµ¸,,Consult your doctor if symptoms persist within a few days.,,,,2020/04 [OPLA] ¯Ê³f´À¥N,¤@¯ë,¤@¯ë,Äµ »y:­Y¯gª¬¥¼¨£§ïµ½¡A½Ð»PÂå®v³sµ¸,,,0,0,,1.0,,§_,¬O,§_,³æ¤è,§_,°±¥Î,°±¥Î,¤£¥i¿i,¬O,,1.00,1.00,4.00,2.00,999,999,1,1,8.00,8.00,0.05,0.05,,¦³¹Ï¤ù,,0,,0,,P01BA02,,,,,0.20,g,0.52,g,TAB,§_,°·«Oµ¹¥I,°·«Oµ¹¥I,HYDROXYCHLOROQUINE,P01BA02,AC50142100,§_,SolidDrugForm,ORTAB,,,0,,0,,,,PH006,202009011440,2.07,3.00
OIBI,20210709,99999999,¥i¥Î,Ibimo C.R.F.C. 60 mg,Ibimo C.R.F.C. 60 mg,Isosorbide 5-Mononitrate,PO,QD,CAVS,CV-02-00,¤fªA,TAB,Imdur,«D²Õ®M,°±¥Î,,¤@¯ë¥i¥Î,¬O,¤£¥i¥ÎÃÄ¥]¾÷,¥i¥Î,¤@¯ë,Á`¶q¶i¦ì,¾AÀ³¯g:¹w¨¾¯U¤ß¯gµo§@,,Indication:prevention of angina pectoris.,,¥~ Æ[:¾ï¦â¾ò¶ê¿õ¾¯¡A¼Ð¥ÜS/C¡A¤ÎI/04,Appearance:Orange elliptic tablet¡A marked S/C¡A and I/04,ÀYµh¡A·w¯t¡A«ººA©Ê§C¦åÀ£¡A¤ß¸õ¥[§Ö,Headache¡A dizziness¡A orthostatic hypotension¡A tachycardia,,¬Ò¥i¥Î,·R©¼¯ß«ùÄò©ÊÃÄ®Ä½¤¦ç¿õ,Ibimo C.R.F.C. 60 mg,,,¬O,§_,,¥i¾ã²É©Î¥b²É§]ªA¡A ¤Á¤Å«rÄZ©ÎÀ£¸H,,Swallow the tablet whole or half. Do not crush¡A break¡A or chew.,,,,2021/07 [OIMD] ¯Ê³f´À¥N,¤@¯ë,¤@¯ë,Äµ »y:¥i¾ã²É©Î¥b²É§]ªA¡A¤Á¤Å«rÄZ©ÎÀ£¸H,,,0,0,§_,1.0,,§_,¬O,§_,³æ¤è,§_,¥i¥Î,¥i¥Î,¤£¥i¿i,¬O,,1.00,1.00,2.00,2.00,999,999,28,1,8.00,8.00,0,0,,¦³¹Ï¤ù,,0,,0,,C01DA14,,,,,0,,0,,TAB,§_,°·«Oµ¹¥I,°·«Oµ¹¥I,ISOSORBIDE 5-MONONITRATE,C01DA14,AC49514100,§_,SolidDrugForm,ERTAB,,,0,,0,,,,PH006,202401311353,2.87,4.00
OIBR,20190730,99999999,¥i¥Î,IBRANCE 125mg,IBRANCE 125mg,Palbociclib,WM,QD,RACA,ON-08-06,¤fªA,CAP,,«D²Õ®M,Á{±ÄÃÄ¡A½Ð³qª¾ÃÄ§½¥~ÁÊ,,¥»°|Á{±Ä²M³æ,¬O,¤£¥i¥ÎÃÄ¥]¾÷,±ø¥ó¤Uµ¹¥I,¤@¯ë,Á`¶q¶i¦ì,¾AÀ³¯g: ¨ÅÀùªvÀø,,Indication: Breast cancer,,¥~ Æ[:²H½Å¦âªø¶ê¬W§Îµw½¦Ån,Appearance:orange and brown color cylinder hard capsule,¯h³Ò¡AÀYµh¡A²æ¾v¡A¥Ö¯l¡Aäú¤ß¡A¤fµÄª¢¡A¸¡Âm,Fatigue¡A headache¡A alopecia¡A skin rash¡A nausea¡A stomatitis¡A diarrhea,,¬Ò¥i¥Î,·R¨Å¾A ½¦Ån125²@§J,IBRANCE 125mg,,,,§_,,À³¾ãÁû§]ªA¡A¤Å©CÄZ¡B«r¸H©Î¥´¶}½¦Ån,,should be swallowed whole (do not chew¡A crush or open capsules),,¥»«~À³»P­¹ª«¨ÖªA,should be taken with food.,,¤@¯ë,¤@¯ë,À³¾ãÁû§]ªA¡A¤Å©CÄZ¡B«r¸H©Î¥´¶}½¦Ån,,,0,0,§_,7.0,,§_,¬O,§_,³æ¤è,§_,¥i¥Î,¥i¥Î,¤£¥i¿i,¬O,,1.00,1.00,1.00,1.00,21,21,21,21,1.00,1.00,0,0,,¦³¹Ï¤ù,,0,,0,,L01EF01,,,,,0,,0,,CAP,¬O,°·«Oµ¹¥I,°·«Oµ¹¥I,PALBOCICLIB,L01EF01,BC27104100,§_,SolidDrugForm,ORCAP,,,0,,0,,,,PH032,202303261016,3054.00,3665.00
OIBR0,20200907,99999999,¥i¥Î,IBRANCE 125mg (Sample),IBRANCE 125mg (Sample),Palbociclib,WM,QD,RACA,ON-08-06,¤fªA,CAP,IBRANCE 125mg ÃØÃÄ,«D²Õ®M,Á{±ÄÃÄ¡A½Ð³qª¾ÃÄ§½¥~ÁÊ,,¥»°|Á{±Ä²M³æ,¬O,¤£¥i¥ÎÃÄ¥]¾÷,°·«O¤£µ¹¥I,¤@¯ë,Á`¶q¶i¦ì,¾AÀ³¯g: ¨ÅÀùªvÀø,,Indication: Breast cancer,,¥~ Æ[:²H½Å¦âªø¶ê¬W§Îµw½¦Ån,Appearance:Light brown color cylinder hard capsule,¯h³Ò¡AÀYµh¡A²æ¾v¡A¥Ö¯l¡Aäú¤ß¡A¤fµÄª¢¡A¸¡Âm,Fatigue¡A headache¡A alopecia¡A skin rash¡A nausea¡A stomatitis¡A diarrhea,,¬Ò¥i¥Î,·R¨Å¾A ½¦Ån125²@§J,,,,,§_,,¶·¾ã²É§]ªA¡A¤£¥i«r¸H©Î­é¶}ÃÄ«~¡C,,,,,,[Rx_x]³B¤è¶°¤£Åã¥Ü¡A¼Ë«~ÃÄ,¤@¯ë,¤@¯ë,À³¾ãÁû§]ªA¡A¤Å©CÄZ¡B«r¸H©Î¥´¶}½¦Ån,,,0,0,§_,7.0,,§_,¬O,§_,³æ¤è,§_,°±¥Î,°±¥Î,¤£¥i¿i,¬O,,1.00,1.00,1.00,1.00,21,21,21,21,1.00,1.00,0,0,,µL¹Ï¤ù,,0,,0,,L01EF01,,,,,0,,0,,CAP,§_,°·«O¤£¥Ó³ø¤£­p»ù,°·«O¤£¥Ó³ø¤£­p»ù,,,,,SolidDrugForm,ORCAP,,,0,,0,mL,,,PH008,202312141600,0,0
OIBR1,20210831,99999999,¥i¥Î,Ibrance 100mg,Ibrance 100mg,Palbociclib,WM,QD,RACA,ON-08-06,¤fªA,CAP,,«D²Õ®M,Á{±ÄÃÄ¡A½Ð³qª¾ÃÄ§½¥~ÁÊ,,­Ó®×Á{±Ä,¬O,¤£¥i¥ÎÃÄ¥]¾÷,±ø¥ó¤Uµ¹¥I,¤@¯ë,Á`¶q¶i¦ì,¾AÀ³¯g: ¨ÅÀùªvÀø,,Indication: Breast cancer,,¥~ Æ[:¾í/½Å¦âªø¶ê¬W§Îµw½¦Ån,Appearance:orange and brown color cylinder hard capsule,¯h³Ò¡AÀYµh¡A²æ¾v¡A¥Ö¯l¡Aäú¤ß¡A¤fµÄª¢¡A¸¡Âm,Fatigue¡A headache¡A alopecia¡A skin rash¡A nausea¡A stomatitis¡A diarrhea,,¬Ò¥i¥Î,·R¨Å¾A ½¦Ån100²@§J,Ibrance 100mg,,,,§_,,À³¾ãÁû§]ªA¡A¤Å©CÄZ¡B«r¸H©Î¥´¶}½¦Ån,,should be swallowed whole (do not chew¡A crush or open capsules),,¥»«~À³»P­¹ª«¨ÖªA¡C¤£¥i­¹¥Î¸²µå¬c©Î¸²µå¬c¥Ä¡C,Should be taken with food. Do not consume grapefruit.,202109­Ó®×Á{±Ä,¤@¯ë,¤@¯ë,À³¾ãÁû§]ªA¡A¤Å©CÄZ¡B«r¸H©Î¥´¶}½¦Ån,,,0,0,§_,1.0,,§_,¬O,§_,³æ¤è,§_,¥i¥Î,¥i¥Î,¤£¥i¿i,¬O,,1.00,1.00,1.00,1.00,21,21,21,21,1.00,1.00,0,0,,¦³¹Ï¤ù,,0,,0,,L01EF01,,,,,100.00,mg,94.00,mg,CAP,¬O,°·«Oµ¹¥I,°·«Oµ¹¥I,PALBOCICLIB,L01EF01,BC27103100,§_,SolidDrugForm,CAP,,,0,,0,,,,PH047,202401081823,3054.00,3665.00
OIBR10,20231215,99999999,¥i¥Î,Ibrance 100mg (Sample),Ibrance 100mg (Sample),Palbociclib,WM,QD,RACA,ON-08-06,¤fªA,CAP,Ibrance 100mg ÃØÃÄ,«D²Õ®M,Á{±ÄÃÄ¡A½Ð³qª¾ÃÄ§½¥~ÁÊ,,­Ó®×Á{±Ä,¬O,¤£¥i¥ÎÃÄ¥]¾÷,°·«O¤£µ¹¥I,¤@¯ë,Á`¶q¶i¦ì,¾AÀ³¯g: ¨ÅÀùªvÀø,,Indication: Breast cancer,,¥~ Æ[:¾í/½Å¦âªø¶ê¬W§Îµw½¦Ån,Appearance:orange and brown color cylinder hard capsule,¯h³Ò¡AÀYµh¡A²æ¾v¡A¥Ö¯l¡Aäú¤ß¡A¤fµÄª¢¡A¸¡Âm,Fatigue¡A headache¡A alopecia¡A skin rash¡A nausea¡A stomatitis¡A diarrhea,,¥u¥Î©óªù¶E¤Î¦í°|STAT,·R¨Å¾A ½¦Ån100²@§J (ÃØÃÄ),Ibrance 100mg (Sample),,,,,,À³¾ãÁû§]ªA¡A¤Å©CÄZ¡B«r¸H©Î¥´¶}½¦Ån,,should be swallowed whole (do not chew¡A crush or open capsules),,¥»«~À³»P­¹ª«¨ÖªA¡C¤£¥i­¹¥Î¸²µå¬c©Î¸²µå¬c¥Ä¡C,Should be taken with food. Do not consume grapefruit.,[Rx_x]³B¤è¶°¤£Åã¥Ü¡A¼Ë«~ÃÄ,¤@¯ë,¤@¯ë,À³¾ãÁû§]ªA¡A¤Å©CÄZ¡B«r¸H©Î¥´¶}½¦Ån,,,0,0,§_,1.0,,§_,¬O,§_,³æ¤è,,°±¥Î,,¤£¥i¿i,§_,,1.00,1.00,1.00,1.00,21,21,21,21,1.00,1.00,0,0,,¦³¹Ï¤ù,,0,,0,,L01EF01,,,,,100.00,mg,94.00,mg,CAP,§_,°·«O¤£¥Ó³ø¤£­p»ù,°·«O¤£¥Ó³ø¤£­p»ù,,,,,SolidDrugForm,CAP,,,0,,0,,,,PH008,202401091011,0,0
OICO,20081216,99999999,¥i¥Î,Icomein 100mg,Icomein 100mg,Itraconazole,PC,BID,QANB,AI-02-00,¤fªA,CAP,Sporanox,«D²Õ®M,,,¤@¯ë¥i¥Î,¬O,¤£¥i¥ÎÃÄ¥]¾÷,±ø¥ó¤Uµ¹¥I,¤@¯ë,Á`¶q¶i¦ì,¾AÀ³¯g: Åðµß·P¬V,,Indication:Antifungals.,,¥~ Æ[:²HÂÅ/©ú¬õµµ¦âªø¶ê¬W§Îµw½¦Ån¡A ¦L¦³ICOMEIN,Appearance:Lighy blue/purple cylinder hard capsule,¸z­G¤£¾A¡A¨xÅ¦»Ã¯À²§±`¡A¯t·w¤Î¹L±Ó¤ÏÀ³¡C,Gastrointestinal upset¡A Increased liver enzymes¡A Dizziness¡A Rash,,¬Ò¥i¥Î,©ö§JÅð,Icomein 100mg,,,§_,¬O,,­Y¥X²{¥ô¦ó°Æ§@¥Î¼x¶HÀ³¥ß§Y»PÂå®vÁpÃ´¡C,(¨x¥\¯à²§±`: ²§±`¯h­Â¡B¥Ö½§ÅÜ¶À¡B§¿²GÅÜ²`¡BÁT«KÅÜ¥Õ),Check with doctor if you notice any side effects.,(Signs of liver dysfunction: unusual fatigue¡Ajaundice¡A dark urine¡A or pale stool,¨Ö¥Î¨ä¥LÃÄª«À³§iª¾Âå®v¡A¥HÁ×§K¤£·íªºÃÄª«¥æ¤¬§@¥Î¡C,Check all drugs you are taking with your doctor.Drug-drug interactions may occur,,¤@¯ë,¤@¯ë,Äµ »y:½Ð¿í«ü¥ÜªA§¹¾ã­ÓÀøµ{¡A­Yµo¥Í¥ÎÃÄ¤£¨}¤ÏÀ³½Ð§iª¾Âå¥Í¡C,,,,,§_,1.0,,§_,¬O,§_,³æ¤è,§_,¥i¥Î,¥i¥Î,¥i¿i,¬O,,1.00,1.00,2.00,2.00,28,28,1,1,8.00,8.00,0,0,,¦³¹Ï¤ù,,0,,0,,J02AC02,,,,,0.10,g,0.20,g,CAP,,°·«Oµ¹¥I,°·«Oµ¹¥I,ITRACONAZOLE,J02AC02,AB46283100,§_,SolidDrugForm,ORCAP,,,,,,,,,PH047,202303141745,16.80,22.00
OILO2,19960101,99999999,°±¥Î,Ilosone 250mg,Ilosone 250mg,Erythromycin,PO,,QANB,AI-01-06,¤fªA,CAP,Erythromycin,«D²Õ®M,°±¥Î,OERY,¤@¯ë¥i¥Î,¬O,¥i¥ÎÃÄ¥]¾÷,,¤@¯ë,Á`¶q¶i¦ì,¾AÀ³¯g:²Óµß©Ê·P¬V,,Treatment of bacteria infections,,¥~ Æ[:¬õ¦â»P¶À¦â½¦Ån,Appearance:Red/Yellow Capsule,,,,,,Ilosone 250mg,,,§_,¬O,,,,,,,,,¤@¯ë,¤@¯ë,Äµ »y:½Ð¿í«ü¥ÜªA§¹¾ã­ÓÀøµ{¡A­Yµo¥Í¥ÎÃÄ¤£¨}¤ÏÀ³½Ð§iª¾Âå¥Í¡C,,,,,,1.0,,§_,§_,§_,³æ¤è,§_,¥i¥Î,¥i¥Î,¥i¿i,¬O,,1.00,1.00,999.00,999.00,14,999,1,1,0,0,0,0,,µL¹Ï¤ù,,0,,0,,J01FA01,,,,,,,,,CAP,§_,°·«Oµ¹¥I,°·«Oµ¹¥I,ERYTHROMYCIN,J01FA01,N001890100,§_,SolidDrugForm,ORCAP,,,,,,,,,PH047,202401261324,1.86,3.00
OIMD,19960101,99999999,°±¥Î,Imdur 60mg,Imdur 60mg,Isosorbide 5-Mononitrate,PO,QD,CAVS,CV-02-00,¤fªA,TAB,Imdur,«D²Õ®M,°±¥Î,OIBI,¤@¯ë¥i¥Î,¬O,¤£¥i¥ÎÃÄ¥]¾÷,,¤@¯ë,Á`¶q¶i¦ì,¾AÀ³¯g:¹w¨¾¯U¤ß¯gµo§@,,Indication:Prophylactic treatment of angina pectoris.,,¥~ Æ[:²H¶À¦â¾ò¶ê§Î¿õ¾¯¡A¤@­±¨è¤¤½u¤ÎA 1D¡A ¤@­±¨è¤¤½u,Appearance:Light yellow round tablet,¥Ñª×«º©Î§¤«º°_¥ß®É·|ÀY·w¡A ¤ß¸õÅÜ§Ö¡A Áy¼é¬õ¡A äú¤ß,Dizziness or lightheadedness¡A especially when getting up from a lying or sitting,,,¼e¤ß«ùÄò©Ê¿õ,Imdur 60mg,,,¬O,§_,,¥i¾ã²É©Î¥b²É§]ªA¡A ¤Á¤Å«rÄZ©ÎÀ£¸H,,Swallow the tablet whole or half. Do not crush¡A break¡A or chew.,,,,,¤@¯ë,¤@¯ë,Äµ »y:¥i¾ã²É©Î¥b²É§]ªA¡A¤Á¤Å«rÄZ©ÎÀ£¸H,,,,,§_,1.0,,§_,§_,§_,³æ¤è,§_,¥i¥Î,¥i¥Î,¤£¥i¿i,¬O,,1.00,1.00,2.00,2.00,999,999,28,1,8.00,8.00,0,0,,¦³¹Ï¤ù,,0,,0,,C01DA14,,,,,,,,,TAB,§_,°·«Oµ¹¥I,°·«Oµ¹¥I,ISOSORBIDE 5-MONONITRATE,C01DA14,BC20554100,§_,SolidDrugForm,ERTAB12,,,,,,,,,PH047,202303141745,3.05,5.00
OIMI5,20090615,99999999,¥i¥Î,Imigran FDT 50mg,Imigran FDT 50mg,Sumatriptan,PO,ASORDER,CNEU,CN-03-07,¤fªA,TAB,Imigran,«D²Õ®M,¼t°Ó¯Ê³f¡A¥i¬dÃþ¦üÃÄ,ORIZ,¤@¯ë¥i¥Î,¬O,¤£¥i¥ÎÃÄ¥]¾÷,¥i¥Î,¤@¯ë,Á`¶q¶i¦ì,¾AÀ³¯g:°¾ÀYµhµo§@¤§«æ©Ê½w¸Ñ,,Indication:Relief of migraine attacks.,,¥~ Æ[:¯»¬õ¦âªø¤T¨¤§Î¿õ¾¯¡A ¦L¦³GS 1YM¡A 50¦r¼Ë,Appearance:Pink triangle tablet,·w¯t¡A §x­Â¡A ¥Ö½§·PÄ±²§±`¡A ¼È®É¦åÀ£¤W¤É,Dizziness¡A drowsiness¡A parasthesia¡A transient increase in BP,,¬Ò¥i¥Î,­^©ú®æ³t·»¿õ,Imigran FDT 50mg,,,§_,¬O,,¥i¯à·|³y¦¨¶ÝºÎ©Î·w¯t¡A ¶}¨®©Î¾Þ§@¦MÀI¾÷¾¹½Ð¤p¤ß,,May make you dizzy; use caution while driving or operating machinery.,,24¤p®É¤º¤£¥i¨Ï¥Î¶W¹L6¿õ.,MAX: 6 tablets / 24 hours.,,¤@¯ë,¤@¯ë,Äµ »y:¥i¯à·|³y¦¨¶ÝºÎ©Î·w¯t¡A ¶}¨®©Î¾Þ§@¦MÀI¾÷¾¹½Ð¤p¤ß,,,,,§_,1.0,,¬O,¬O,§_,³æ¤è,§_,¥i¥Î,¥i¥Î,¤£¥i¿i,¬O,,1.00,1.00,2.00,2.00,30,30,7,7,8.00,8.00,0,0,,¦³¹Ï¤ù,,0,,0,,N02CC01,,,,,,,,,TAB,§_,°·«Oµ¹¥I,°·«Oµ¹¥I,SUMATRIPTAN,N02CC01,BC24380100,§_,SolidDrugForm,DISINTAB,,,,,,,,,PH047,202401181028,151.00,181.00
OIMIN,19960101,99999999,°±¥Î,Imin 500mg,Imin 500mg,Methisoprinol,PO,QID,QANB,AI-03-09,¤fªA,TAB,Imin,«D²Õ®M,°±¥Î,,¤@¯ë¥i¥Î,¬O,¤£¥i¥ÎÃÄ¥]¾÷,,¤@¯ë,Á`¶q¶i¦ì,¾AÀ³¯g:¯f¬r©Ê·P¬V,,Indication:Treatment of viral disease.,,¥~ Æ[:¥Õ¦â¶ê«ó§Î¿õ¾¯¡A¤@­±¨è¤¤½u¡A ¤@­±¦L¤T¨¤§Î¹Ï®×,Appearance:White round tablet,äú¤ß¡A ¯h­Â¡A ¸¡Âm,Nausea¡A fatigue¡A diarrhea,,,¯q«_¿õ,Imin 500mg,,,§_,¬O,,½Ð¿í·ÓÂå®v«ü¥Ü¨Ï¥Î¡A ­Yµo¥ÍºÃ¦üÃÄª«¤£¨}¤ÏÀ³½Ð§iª¾Âå¥Í,,Follow doctor's advice. Check with doctor if you notice any side effects.,,,,,¤@¯ë,¤@¯ë,Äµ »y:½Ð¿í·ÓÂå®v«ü¥Ü¨Ï¥Î¡A­Yµo¥ÍºÃ¦üÃÄª«¤£¨}¤ÏÀ³½Ð§iª¾Âå¥Í¡C,,,,,§_,1.0,,§_,¬O,§_,³æ¤è,§_,°±¥Î,°±¥Î,¥i¿i,¬O,,1.00,1.00,1.00,1.00,28,28,1,1,9.00,9.00,0.20,0.10,,¦³¹Ï¤ù,,0,,0,,J05AX05,,,,,,,,,TAB,§_,°·«Oµ¹¥I,°·«Oµ¹¥I,ISOPRINOSINE,J05AX05,AC31309100,§_,SolidDrugForm,ORTAB,,,,,,,,,PH006,202307281206,5.40,8.00
OIMO,20030403,99999999,°±¥Î,Ufunin (Imodium) 2mg,Ufunin (Imodium) 2mg,Loperamide,PO,PRN,ALIM,GI-02-00,¤fªA,TAB,Imodium,«D²Õ®M,°±¥Î,OLOP,¤@¯ë¥i¥Î,¬O,¥i¥ÎÃÄ¥]¾÷,¥i¥Î,¤@¯ë,Á`¶q¶i¦ì,¾AÀ³¯g:¸¡Âm,,Indication:Antidiarrheal agent.,,¥~ Æ[:²H¬õ¦â¶ê«ó§Î¿õ¾¯¡A ¤@­±¦LUL¡A ¤@­±¦L017,Appearance:Pink round tablet,¸¡µh¡A µÈ®ð¡A «K¯µ¡A ·w¯t¡A ¤f°®,Abdominal pain¡A flatulence¡A constipation¡A dizziness¡A dry mouth.,,¬Ò¥i¥Î,Àu¸¡¹ç¿õ,Ufunin (Imodium) 2mg,,,§_,¬O,,­Y¸¡Âm°±¤î¡A ½Ð°±ÃÄ,,You can stop the medicine¡A if diarrhea is controlled.,,,,,¤@¯ë,¤@¯ë,Äµ »y:­Y¸¡Âm°±¤î¡A½Ð°±ÃÄ,,,,,§_,1.0,,§_,§_,§_,³æ¤è,§_,¥i¥Î,¥i¥Î,¥i¿i,¬O,,1.00,1.00,2.00,2.00,999,999,1,1,8.00,8.00,0,0,,¦³¹Ï¤ù,,0,,0,,A07DA03,,,,,,,,,TAB,§_,°·«Oµ¹¥I,°·«Oµ¹¥I,LOPERAMIDE,A07DA03,A022274100,§_,SolidDrugForm,ORTAB,,,,,,,,,PH047,202303141745,1.00,2.00
OIMOV,19960101,99999999,¥i¥Î,Imovane 7.5mg,Imovane 7.5mg,Zopiclone,PO,HS,CNEU,CN-02-07,¤fªA,TAB,Imovane,«D²Õ®M,,OZOP7,¤@¯ë¥i¥Î,¬O,¤£¥i¥ÎÃÄ¥]¾÷,,¤@¯ë,Á`¶q¶i¦ì,¾AÀ³¯g:¥¢¯v¯g,,Indication:Insomnia.,,¥~ Æ[:¥Õ¦âµÙ§ÎÃÄ¿õ¡A¤@­±¨è¤¤½u,Appearance:White diamond tablet,µJ¼{©Î§¤¥ß¤£¦w¡A ·NÃÑ²V²c¡A ¸}¨B¤£Ã­¡A ¨ó½Õ°Ê§@¥¢½Õ,Anxiety or restlessness¡A confusion¡A unsteadiness¡A poor coordination,,,©y¯v¦w,Imovane 7.5mg,,,¬O,¬O,½Ã±Ð³æ¥|,ºÎ«e¥ß§YªA¥Î¡A Á×§K¶¼°s,,Take this drug immediately prior to going to bed. Do not drink alcohol.,,­¹ª«¥æ¤¬§@¥Î: ªAÃÄ´Á¶¡Á×§K­¹¥Î¸²µå¬c¥Ä»P¶¼°s,Food interaction: Avoid grapefruit juice and alcohol.,,¤@¯ë,¥|¯ÅºÞ¨î,­Y¥X²{½ÆÂø©ÊºÎ¯v¦æ¬°¡A¦p¹Ú¹C¡BºÎ¹Ú¤¤¶}¨®µ¥¡AÀ³°±ÃÄ¨Ã¾¨³t¦^¶E¡C,­¹ ­¹ª«¥æ¤¬,,,,§_,1.0,,§_,¬O,¬O,³æ¤è,§_,¥i¥Î,¥i¥Î,¤£¥i¿i,¬O,,1.00,1.00,2.00,2.00,30,30,1,1,4.00,4.00,0.01,0.01,,¦³¹Ï¤ù,,0,,0,,N05CF01,,,,,7.50,mg,7.50,mg,TAB,§_,°·«Oµ¹¥I,°·«Oµ¹¥I,ZOPICLONE/ESZOPICLONE,N05CF01,BC181581G0,§_,SolidDrugForm,ORTAB,,,,,,,,,PH047,202312290858,2.00,3.00
OIMP,19960101,99999999,°±¥Î,Importal powder,Importal powder,Lacatol Monohydrate,PO,,ALIM,GI-07-00,¤fªA,PK,,«D²Õ®M,°±¥Î,LLAC6,¤@¯ë¥i¥Î,¬O,¤£¥i¥ÎÃÄ¥]¾÷,,¤@¯ë,Á`¶q¶i¦ì,¾AÀ³¯g:¸¡Âm,,,,,,,,,,,Importal powder,,,§_,¬O,,,,,,,,,¤@¯ë,¤@¯ë,,,,,,§_,1.0,,§_,§_,§_,³æ¤è,§_,¥i¥Î,¥i¥Î,¥i¿i,¬O,,1.00,1.00,999.00,999.00,999,999,1,1,0,0,0,0,,µL¹Ï¤ù,,0,,0,,,,,,,,,,,PK,§_,°·«Oµ¹¥I,°·«Oµ¹¥I,LACTITOL,A06AD12,B020968129,§_,SolidDrugForm,POWD,,,,,,,,,PH047,202303141746,18.00,27.00
OIMU,19960101,99999999,¥i¥Î,Imuran 50mg,Imuran 50mg,Azathioprine,PO,,HIMM,IM-04-00,¤fªA,TAB,Imuran,«D²Õ®M,,OASZ,¤@¯ë¥i¥Î,¬O,¤£¥i¥ÎÃÄ¥]¾÷,,¤@¯ë,Á`¶q¶i¦ì,¾AÀ³¯g:¬õ´³©Ê¯T½H¡A Ãþ­··Ã©ÊÃö¸`ª¢¡A «æºC©Ê¥Õ¦å¯f,,Indication:Treatment of SLE¡A severe RA¡A acute & chronic,leukemia.,¥~ Æ[:²H¶À¦â¶ê«ó§Î¿õ¾¯¡A ¨è¦³IM 5¦r¼Ë,Appearance:Light yellow round tablet,¥i°f©Ê°©Åè§í¨î¡A ³h¦å¡A ¥Õ¦å²y´î¤Ö,Reversible bone marrow depression¡A anemia¡Athrombocytopenia.,,,²¾Å@¹ç,Imuran 50mg,,,§_,¬O,,¥X²{¥ô¦ó²§±`·ï«C©Î¥X¦å¡A·P¬V¯gª¬¡A½Ð¾¨³t»PÂå®vÁpµ¸,,Notify doctor if you develop easy bruising or bleeding¡A or signs of infection.,,,,,¤@¯ë,¤@¯ë,Äµ »y:¥X²{¥ô¦ó²§±`·ï«C©Î¥X¦å¡A·P¬V¯gª¬¡A½Ð¾¨³t»PÂå®vÁpµ¸,,,,,§_,1.0,,§_,¬O,§_,³æ¤è,§_,¥i¥Î,¥i¥Î,¤£¥i¿i,¬O,,1.00,1.00,6.00,6.00,99,99,1,1,9.00,9.00,0,0,,¦³¹Ï¤ù,,0,,0,,L04AX01,,,,,0.05,g,0.15,g,TAB,§_,°·«Oµ¹¥I,°·«Oµ¹¥I,AZATHIOPRINE,L04AX01,BC09147100,§_,SolidDrugForm,ORTAB,¦M®`¤@¯Å(¡I¡I),,,,,,,,PH006,202402230928,9.60,13.00
OIND1,19960101,99999999,°±¥Î,Inderal 10mg,Inderal 10mg,Propranolol,PC,BID,CAVS,CV-04-02,¤fªA,TAB,Inderal,«D²Õ®M,°±¥Î,OCAR1,¤@¯ë¥i¥Î,¬O,¥i¥ÎÃÄ¥]¾÷,,¤@¯ë,Á`¶q¶i¦ì,¾AÀ³¯g:¥i½w¸Ñ¤ßµ±µh¡A °¾ÀYµh¡A ¤ß«ß¤£¾ã¤Î¨ä¥L¤ß¦åºÞ¬ÛÃö¯e¯f,,Indication:Angina¡A arrhythmias¡A hypertension and migraine.,,¥~ Æ[:²Lµµ¦â¶ê«ó§Î¿õ¾¯¡A¦L¦³INDERAL 10,Appearance: Light purple round tablet (mark: INDERAL 10),©I§l§xÃø¡A ¤â¸}¦B§N¡A ¤ß±¡Æ{¨ò¡A ¤ß¸õ´îºC¡A ©Ê¥\¯à»ÙÃª,Wheezing¡Acold hands and feet¡A mental depression¡A shortness of breath¡A slow heart,,,®¦¯S¨Ó-10,Inderal 10mg,,,¬O,¬O,,­Y¦³®ð³Ý©ÎµjÅË©Ê®ðºÞª¢®É¡A À³¤p¤ß¨Ï¥Î¥»ÃÄ,,Should not use this medicine if patient has asthma that is not well-controlled.,,,,,¤@¯ë,¤@¯ë,Äµ »y:­Y¦³®ð³Ý©ÎµjÅË©Ê®ðºÞª¢®É¡AÀ³¤p¤ß¨Ï¥Î¥»ÃÄ,,,,,§_,1.0,,§_,¬O,§_,³æ¤è,§_,¥i¥Î,¥i¥Î,¥i¿i,¬O,,1.00,1.00,4.00,4.00,999,999,1,1,32.00,32.00,1.60,0.40,,¦³¹Ï¤ù,,0,,0,,C07AA05,,,,,0.01,g,0.16,g,TAB,§_,¤£µ¹¥I¶·¦Û¥I,¤£µ¹¥I¶·¦Û¥I,,,,§_,SolidDrugForm,ORTAB,,,,,,,,,PH006,202312130843,0,3.00
OIND4,19960101,99999999,°±¥Î,Inderal 40mg,Inderal 40mg,Propranolol,PO,,CAVS,CV-04-02,¤fªA,TAB,Inderal,«D²Õ®M,°±¥Î,,¤@¯ë¥i¥Î,¬O,¤£¥i¥ÎÃÄ¥]¾÷,,¤@¯ë,Á`¶q¶i¦ì,¾AÀ³¯g:¥i½w¸Ñ¤ßµ±µh¡B°¾ÀYµh¡B¤ß«ß¤£¾ã¤Î¨ä¥L¤ß¦åºÞ¬ÛÃö¯e¯f,,Indication: Angina¡A arrhythmias¡A hypertension and migraine.,,¥~ Æ[: ²Lµµ¦â¶ê«ó§Î¿õ¾¯,Appearance:Light Purple Round Tablet,©I§l§xÃø¡B¤â¸}¦B§N¡B¤ß±¡Æ{¨ò¡B¤ß¸õ´îºC¡B©Ê¥\¯à»ÙÃª,Wheezing¡Acold hands and feet¡A mental depression¡A shortness of breath¡A slow heart,,,®¦¯S¨Ó-40,Inderal 40mg,,,§_,¬O,,­Y¦³®ð³Ý©ÎµjÅË©Ê®ðºÞª¢®É¡AÀ³¤p¤ß¨Ï¥Î¥»ÃÄ,,Should not use this medicine if patient has asthma that is not well-controlled.,,,,97-3 ÃÄ©e·|§R°£,¤@¯ë,¤@¯ë,Äµ »y:­Y¦³®ð³Ý©ÎµjÅË©Ê®ðºÞª¢®É¡AÀ³¤p¤ß¨Ï¥Î¥»ÃÄ,,,,,§_,1.0,,§_,§_,§_,³æ¤è,§_,¥i¥Î,¥i¥Î,¥i¿i,¬O,,1.00,1.00,4.00,4.00,999,999,1,1,0,0,0,0,,¦³¹Ï¤ù,,0,,0,,,,,,,,,,,TAB,§_,¤£µ¹¥I¶·¦Û¥I,¤£µ¹¥I¶·¦Û¥I,,,,§_,SolidDrugForm,ORTAB,,,,,,,,,PH047,202303141746,0,3.00
OINDI,20050317,99999999,°±¥Î,Indivina (1/2.5) 28's/box,Indivina (1/2.5) 28's/box,Estradiol + Medroxyprogesterone,PO,QD,HM,HR-03-04,¤fªA,TAB,Indivina,«D²Õ®M,°±¥Î,OVEN2,¤@¯ë¥i¥Î,¬O,¤£¥i¥ÎÃÄ¥]¾÷,¥i¥Î,¤@¯ë,Á`¶q¶i¦ì,¾AÀ³¯g:°±¸g¯g­Ô¸s²üº¸»X¤§¸É¥R,,,,¥~ Æ[:¥Õ¦â¶ê«ó«¬¿õ¾¯¡A¤@­±¨è¦³1+ 2.5,Appearance:White Round Tablet,,,,¥u¥Î©óªù¶E¤Î¦í°|STAT,¶¶¹ç®R¿õ ( 1mg / 2.5 mg),Indivina (1/2.5) 28's/box,,,§_,¬O,,,,,,,,,¤@¯ë,¤@¯ë,Äµ »y:¨ÌÃÄ«~¥]¸Ë­I­±ªº§Ç¸¹ªA¥Î¡A ­Y«ùÄò¦³¤£©ú­ì¦]¥X¦å½Ð¦^¶E,,,,,§_,28.0,,§_,§_,§_,³æ¤è,§_,°±¥Î,¥i¥Î,¤£¥i¿i,¬O,,1.00,1.00,1.00,1.00,28,28,28,28,0,0,0,0,,µL¹Ï¤ù,,0,,0,,,,,,,,,,,TAB,§_,°·«Oµ¹¥I,°·«Oµ¹¥I,ESTRADIOL VALERATE 1-2MG + MEDPROXYPROGESTERONE 2.5-5MG,G03CA03,B023632100,§_,SolidDrugForm,ORTAB,,,,,,,,,PH047,202303141746,7.60,10.00
OINDO,19960101,99999999,°±¥Î,Indocid 25mg,Indocid 25mg,Indomethacin,PO,,CNEU,CN-01-02,¤fªA,CAP,Indocid,«D²Õ®M,°±¥Î,,¤@¯ë¥i¥Î,¬O,¥i¥ÎÃÄ¥]¾÷,,¤@¯ë,Á`¶q¶i¦ì,¾AÀ³¯g:¨ã¸Ñ¼ö¡BÂíµh¡B®øª¢§@¥Î,,Analgesia¡A antipyresis¡A anti-inflammatory¡A actue gout.,,¥~ Æ[:¶À¦â»Pºñ¦â½¦Ån,Appearance:Yellow/Green Capsule,,,,,,Indocid 25mg,,,§_,¬O,,,,,,,,,¤@¯ë,¤@¯ë,,,,,,§_,1.0,,§_,§_,§_,³æ¤è,§_,°±¥Î,¥i¥Î,¥i¿i,¬O,,1.00,1.00,8.00,8.00,999,999,1,1,0,0,0,0,,µL¹Ï¤ù,,0,,0,,,,,,,,,,,CAP,§_,°·«Oµ¹¥I,°·«Oµ¹¥I,INDOMETHACIN,M01AB01,N008167100,§_,SolidDrugForm,ORCAP,,,,,,,,,PH047,202303141746,0.82,2.00
OINDO2,20190925,99999999,¥i¥Î,Indoy 25mg,Indoy 25mg,Indomethacin,PC,TID,CNEU,CN-01-02,¤fªA,CAP,,«D²Õ®M,,,¤@¯ë¥i¥Î,¬O,¤£¥i¥ÎÃÄ¥]¾÷,¥i¥Î,¤@¯ë,Á`¶q¶i¦ì,¾AÀ³¯g: ¦Ù¦×°©Àf¨t²Î¤§ª¢¯g¡B¯kµh¡A¤ú¬ì¤â³N«á¤§¸~µÈ,,Indication:Inflammation¡A pain in the musculoskeletal system¡A,swelling after dental surgery,¥~ Æ[:¬õ/¥Õ½¦Ån¡A¼Ð¥Ü¦³STD 505,Appearance:red/white capsules marked with STD 505,ÀY·w¡AÀYµh¡A¦å²y­p¼Æ²§±`¡A¸z­G¥X¦å­·ÀI,Dizziness¡A headache¡A abnormal blood count¡A risk of gastrointestinal bleeding,,¬Ò¥i¥Î,ª¢¹F¯q½¦Ån,Indoy 25mg,,,,¬O,,¸T¥Î©ó¬¡°Ê©Ê­G¼ìºÅªÌ©Î14·³¥H¤U±wªÌ,,Contraindicated to patients with active gastric ulcer,¡Aor patients under 14 years old,¶i¦æ«aª¬°Ê¯ßÂ¶¹D¤â³N«á14¤Ñ¤º¸T¥Î¥»ÃÄ¡C,Contraindicated in the first 14 days following CABG surgery.,2019Q3ÃÄ©e·s¶i,¤@¯ë,¤@¯ë,¸T¥Î©ó¬¡°Ê©Ê­G¼ìºÅªÌ©Î14·³¥H¤U±wªÌ,,,0,0,§_,1.0,,§_,¬O,§_,³æ¤è,§_,¥i¥Î,¥i¥Î,¥i¿i,¬O,,1.00,1.00,4.00,4.00,999,999,0,0,8.00,8.00,0.01,0.01,,¦³¹Ï¤ù,,0,,0,,M01AB01,,,,,0,,0,,CAP,,°·«Oµ¹¥I,°·«Oµ¹¥I,INDOMETHACIN,M01AB01,AC011541G0,,SolidDrugForm,ORCAP,,,0,,0,mL,,,PH006,201910091038,2.00,3.00
OINF,19960101,99999999,¥i¥Î,Infloran 250mg (20 capsules/box),Infloran 250mg (20 capsules/box),Lactobacillus + Bifidobacterium,PO,TID,ALIM,GI-04-00,¤fªA,CAP,,«D²Õ®M,,,¤@¯ë¥i¥Î,¬O,¤£¥i¥ÎÃÄ¥]¾÷,°·«O¤£µ¹¥I,¤@¯ë,Á`¶q¶i¦ì,¾AÀ³¯g:½w¸Ñ»´«×¸¡Âm¡A¸¡µh¤Î,«K¯µ¡A¾ã¸z¡A³n«K.,Indication:Relieve mild diarrhea¡A abdominal pain,¡A constipation¡A bowel adjustment¡A and soft stools.,¥~ Æ[:¬õ¶À¦â½¦Ån,Appearance:Red/yellow hard Capsule,µÈ®ð,flatulence,,¥u¥Î©óªù¶E¤Î¦í°|STAT,¯q¸¡¹ç½¦Ån,Infloran 250mg (20 capsules/,,,§_,¬O,,½Ð¸m©óÄá¤ó 2-8 «×¦B½c§NÂÃ,,Store in a refrigerator (2-8¢XC).,,,,20231106 ­»§®±Nªù¦í¨Ï¥Îµù°O§ï¦¨ 3¥u¥Î©óªù¶E¤Î¦í°|STAT,¤@¯ë,¤@¯ë,Äµ »y:½Ð¸m©óÄá¤ó 2-8 «×¦B½cÁ×¥ú§NÂÃ«O¦s¡C,,,,,§_,20.0,,§_,¬O,§_,½Æ¤è,§_,°±¥Î,°±¥Î,¤£¥i¿i,§_,,1.00,1.00,4.00,4.00,999,999,7,7,8.00,8.00,0,0,,¦³¹Ï¤ù,,0,,0,,A07FA51,A07FA01,,,,,,,,BOX,§_,¤£µ¹¥I¶·¦Û¥I,¤£µ¹¥I¶·¦Û¥I,,,,§_,SolidDrugForm,ORCAP,,,,,,,,,PH047,202401101544,0,500.00
OINH,19960101,99999999,°±¥Î,Duracrin (INH) 100mg,Duracrin (INH) 100mg,Isoniazid,PO,QD,QANB,AI-01-12,¤fªA,TAB,INAH,«D²Õ®M,°±¥Î,OINH1,¤@¯ë¥i¥Î,¬O,¤£¥i¥ÎÃÄ¥]¾÷,,¤@¯ë,Á`¶q¶i¦ì,¾AÀ³¯g:¬°§Üµ²®Ö¯fÃÄª«,,Indication:Treatment of tuberculosis.,,¥~ Æ[:¥Õ¦â¾ò¶ê§Î¿õ¾¯¡A¤@­±¨èGCPC¡A¤@­±¨è0409,Appearance:White elliptic tablet,¸¡Âm¡A ­Gµh,Diarrhea; stomach ache,,,¼ÄÀ÷«g¬P¤ù,Duracrin (INH) 100mg,,,§_,¬O,,½Ð©ó¶º«e¤@¤p®É©Î¶º«á¨â¤p®ÉªA¥Î¡A ¤Å»P¤@¯ë­GÃÄ¦PªA,,Take this medication 1 hour before or 2 hours after food.,Do not combination with antacid.,,,,¤@¯ë,¤@¯ë,Äµ »y: ½Ð©ó¶º«e¤@¤p®É©Î¶º«á¨â¤p®ÉªA¥Î¡A¤Å»P¤@¯ë­GÃÄ¦PªA¡C,,,,,§_,1.0,,§_,§_,§_,³æ¤è,§_,¥i¥Î,¥i¥Î,¥i¿i,¬O,,0,0,9.00,9.00,28,999,28,1,9.00,9.00,0.15,0.15,,¦³¹Ï¤ù,,0,,0,,J04AC01,,,,,0.10,g,0.30,g,PK,§_,¤£µ¹¥I¶·¦Û¥I,¤£µ¹¥I¶·¦Û¥I,,,,§_,SolidDrugForm,ORTAB,,,,,,,,,PH047,202303141746,0,3.00
OINH1,20180805,99999999,¥i¥Î,Isoniazide 100mg,Isoniazide 100mg,Isoniazid,PO,QD,QANB,AI-01-12,¤fªA,TAB,INAH,«D²Õ®M,,,¤@¯ë¥i¥Î,¬O,¤£¥i¥ÎÃÄ¥]¾÷,¥i¥Î,¤@¯ë,Á`¶q¶i¦ì,¾AÀ³¯g:¬°§Üµ²®Ö¯fÃÄª«,,Indication:Treatment of tuberculosis.,,¥~ Æ[:¥Õ¦â¶ê§Î¿õ¾¯,Appearance:White round tablet,¸¡Âm¡A ­Gµh,Diarrhea; stomach ache,,¬Ò¥i¥Î,²§µÒ¥ÍÜÂñQ¤ë¤«¿õ,Isoniazide 100mg,,,,¬O,,½Ð©ó¶º«e¤@¤p®É©Î¶º«á¨â¤p®ÉªA¥Î¡A ¤Å»P¤@¯ë­GÃÄ¦PªA,,Take this medication 1 hour before or 2 hours after food.,Do not combination with antacid.,,,2018.09 Duracrin (INH) 100mg ¯Ê³f´À¥N,¤@¯ë,¤@¯ë,Äµ »y:¥ÎÃÄ´Á¶¡¡AÁ×§Kª½±µÃnÅÎ¦b¶§¥ú¤U¡A­Y¦³¤£¾A½Ð°±¤î¨Ï¥Î,SA «÷­µ¬Û¦ü,,0,0,§_,1.0,,§_,¬O,§_,³æ¤è,§_,¥i¥Î,¥i¥Î,¥i¿i,¬O,,0,0,9.00,9.00,28,999,28,1,9.00,9.00,0.15,0.15,,¦³¹Ï¤ù,,0,,0,,J04AC01,,,,,0.10,g,0.30,g,TAB,,°·«Oµ¹¥I,°·«Oµ¹¥I,ISONIAZID,J04AC01,NC001641G0,,SolidDrugForm,ORTAB,,,0,,0,mL,,,PH047,202303131931,2.00,3.00
OINH3,20190201,99999999,¥i¥Î,ISONIAZID 300mg (¬F©²´£¨Ñ),ISONIAZID 300mg (Government),Isoniazid,PO,QW,QANB,AI-01-12,¤fªA,TAB,INAH,«D²Õ®M,,,¤@¯ë¥i¥Î,¬O,¤£¥i¥ÎÃÄ¥]¾÷,¥i¥Î,¤@¯ë,Á`¶q¶i¦ì,¾AÀ³¯g:¬°§Üµ²®Ö¯fÃÄª«,,Indication:Treatment of tuberculosis.,,¥~ Æ[:¥Õ¦â¶ê«ó§Î¿õ¾¯,Appearance:White round tablet,¸¡Âm¡A ­Gµh,Diarrhea; stomach ache,,¬Ò¥i¥Î,²§µÒÆPñQ¯â¿õ300²@§J (¬F©²´£¨Ñ),ISONIAZID 300mg (Government),,,,¬O,,½Ð©ó¶º«e¤@¤p®É©Î¶º«á¨â¤p®ÉªA¥Î¡A ¤Å»P¤@¯ë­GÃÄ¦PªA,,ake this medication 1 hour before or 2 hours after food.,Do not combination with antacid.,,,,¤@¯ë,¤@¯ë,Äµ »y:¥ÎÃÄ´Á¶¡¡AÁ×§Kª½±µÃnÅÎ¦b¶§¥ú¤U¡A­Y¦³¤£¾A½Ð°±¤î¨Ï¥Î,SA «÷­µ¬Û¦ü,,0,0,§_,1.0,,¬O,¬O,¬O,³æ¤è,,¥i¥Î,¥i¥Î,¥i¿i,¬O,,0,0,3.00,3.00,28,999,28,1,3.00,3.00,0,0,,¦³¹Ï¤ù,,0,,0,,J04AC01,,,,,0.30,g,0.30,g,TAB,,°·«O¤£¥Ó³ø¤£­p»ù,°·«O¤£¥Ó³ø¤£­p»ù,,,,,SolidDrugForm,ORTAB,,,0,,0,,,,PH047,202309081059,0,0
OINS,20151220,99999999,¥i¥Î,Inspra F.C. 50mg,Inspra F.C. 50mg,Eplerenone,PO,QD,CAVS,CV-03-03,¤fªA,TAB,Inspra,«D²Õ®M,Á{±ÄÃÄ¡A½Ð³qª¾ÃÄ§½¥~ÁÊ,,¥»°|Á{±Ä²M³æ,¬O,¤£¥i¥ÎÃÄ¥]¾÷,¥i¥Î,¤@¯ë,Á`¶q¶i¦ì,¾AÀ³¯g:¤ß¦Ù±ð¶ë«á¤§¤ß°IºÜ©ÎNYHA²ÄII¯Å(ºC©Ê)¤ß°IºÜ¡C,,Indication:Heart failure post-myocardial infarction.,,¥~ Æ[:¦Ì¦â¥¿¤è§Î¿õ¾¯¡A¦L¦³Pfizer¤ÎNSR 50,Appearance:Beige square tablet¡A Markings : Pfizer¡A NSR 50,ÀY·w¡A¸¡Âm¡A¹Ã¦R¡A°ª¹[¦å¯g¡A°ª¥Ìªo¤Tà­¦å¯g,Dizziness¡A diarrhea¡A vomiting¡A hyperkalemia¡A hypertriglyceridemia,,¬Ò¥i¥Î,ªïµd¤ß½¤¦ç¿õ50²@§J,Inspra FC 50mg,,,§_,¬O,½Ã±Ð³æ¤T,­Y·P¨ìÀY·w¡A¸¡Âm¡A¹Ã¦R¡A¤£³W«h¤ß¸õ½Ð§iª¾Âå¥Í¡C,»Ý©w´ÁºÊ´ú¦åÀ£©M¦å²M¹[¡C,Please tell doctor if you have dizziness¡Adiarrhea¡Avomiting¡Airregular heartbeat.,monitoring of blood pressure and serum potassium is important.,ªAÃÄ´Á¶¡À³Á×§K¹L¶qÄá¨ú¹[ÆQ(¦p:¥NÆQ)©Î°ª¹[­¹ª«¡C,Avoid over take potassium salt/food.,105-4 ÃÄ©e·|¨MÄ³§R°£,¤@¯ë,¤@¯ë,»Ý©w´ÁºÊ´ú¦åÀ£©M¦å²M¹[¡C,­¹ ­¹ª«¥æ¤¬,,0,0,§_,1.0,,§_,¬O,§_,³æ¤è,§_,¥i¥Î,¥i¥Î,¥i¿i,¬O,,1.00,1.00,1.00,1.00,999,999,28,1,2.00,2.00,0,0,,¦³¹Ï¤ù,,0,,0,,C03DA04,,,,,0,,0,,TAB,,°·«Oµ¹¥I,°·«Oµ¹¥I,eplerenone,C03DA04,BC24306100,§_,SolidDrugForm,ORTAB,,,,,,,,,PH047,202401151848,27.00,35.00
OINV,20080916,99999999,¥i¥Î,Invega 3mg extended release,Invega 3mg extended release,Paliperidone,PO,QD,CNEU,CN-02-01,¤fªA,TAB,Invega,«D²Õ®M,,,¤@¯ë¥i¥Î,¬O,¤£¥i¥ÎÃÄ¥]¾÷,,¤@¯ë,Á`¶q¶i¦ì,¾AÀ³¯g:«äÄ±¥¢½Õ¯g,,Indication:Treat psychotic symptoms.,,¥~ Æ[:¥Õ¦âªø¶ê¬W§Î¿õ¾¯¡A ¦L¦³ PAL 3,Appearance:White cylinder tablet,¤ß«ß¤£¾ã¡A ¸z­G¾÷¯à»ÙÃª¡A ¤W¸¡µh¡A ¶ÝºÎ¡A À@Åé¥~¯e¯f¡A Åé­«¼W¥[,Arrhythmia¡A GI disturbances¡A upper abdominal pain¡A somnolence¡A EPS.,,¬Ò¥i¥Î,«äºû¨Î «ùÄò©ÊÃÄ®Ä¿õ,Invega ER 3mg,,,¬O,§_,,¾ã²É§]ªA¡A ¤ÅÄZ¸H; ªAÃÄ«á¡A ½Ð¤p¤ß¶}¨®©Î¾Þ§@¦MÀI¾÷±ñ,,Swallow whole¡A do not chew. Be careful driving or operating machines.,,,,,¤@¯ë,¤@¯ë,Äµ »y¡G¾ã²É§]ªA¡A¤ÅÄZ¸H¡FªAÃÄ«á¡A½Ð¤p¤ß¶}¨®©Î¾Þ§@¦MÀI¾÷±ñ,,¤fªAÃÄ,,,§_,1.0,,§_,¬O,§_,³æ¤è,§_,¥i¥Î,¥i¥Î,¤£¥i¿i,¬O,,1.00,1.00,4.00,4.00,999,999,28,1,8.00,8.00,0,0,,¦³¹Ï¤ù,,0,,0,,N05AX13,,,,,,,,,TAB,,°·«Oµ¹¥I,°·«Oµ¹¥I,PALIPERIDONE,N05AX13,BC24732100,§_,SolidDrugForm,ERTAB12,,,,,,,,,PH047,202303141746,64.00,80.00
OINV3,20080724,99999999,°±¥Î,Invega ER 3mg (Á{§É¸ÕÅç¥Î),Invega ER 3mg (Á{§É¸ÕÅç¥Î),Paliperidone,PO,QD,CNEU,CN-02-01,¤fªA,TAB,Invega,«D²Õ®M,°±¥Î,,¤@¯ë¥i¥Î,¬O,¤£¥i¥ÎÃÄ¥]¾÷,,¤@¯ë,Á`¶q¶i¦ì,¾AÀ³¯g: ºë¯«¬ì¥ÎÃÄ,,,,¥~ Æ[: ¥Õ¦âªø¶ê¬W§Î¿õ¾¯¡A ¦L¦³ PAL 3,Appearance:White Cylinder Tablet,,,,¬Ò¥i¥Î,«äºû¨Î«ùÄò©ÊÃÄ®Ä¿õ,Invega ER 3mg (Á{§É¸ÕÅç¥Î),,,§_,¬O,,,,,,,,,¤@¯ë,¤@¯ë,Äµ »y¡G¾ã²É§]ªA¡A¤ÅÄZ¸H¡FªAÃÄ«á¡A½Ð¤p¤ß¶}¨®©Î¾Þ§@¦MÀI¾÷±ñ,,,,,§_,1.0,,§_,§_,§_,³æ¤è,§_,¥i¥Î,¥i¥Î,¤£¥i¿i,¬O,,1.00,1.00,1.00,1.00,99,99,1,1,0,0,0,0,,µL¹Ï¤ù,,0,,0,,,,,,,,,,,TAB,,°·«O¤£¥Ó³ø¤£­p»ù,°·«O¤£¥Ó³ø¤£­p»ù,,,,§_,SolidDrugForm,ERTAB,,,,,,,,,PH047,202303141746,0,0
OINV6,20080626,99999999,°±¥Î,INVEGA ER 6mg (Á{§É¸ÕÅç¥Î),INVEGA ER 6mg (Á{§É¸ÕÅç¥Î),Paliperidone,PO,QD,CNEU,CN-02-01,¤fªA,TAB,Invega,«D²Õ®M,°±¥Î,,¤@¯ë¥i¥Î,¬O,¤£¥i¥ÎÃÄ¥]¾÷,,¤@¯ë,Á`¶q¶i¦ì,¾AÀ³¯g: ¨­¤ß¬ì¥ÎÃÄ,,,,¥~ Æ[: ²L¶À¾í¦âªø¶ê¬W§Î¿õ¾¯¡A ¦L¦³ PAL 6,Appearance:Light Orange Cylinder Tablaet,,,,¬Ò¥i¥Î,«äºû¨Î«ùÄò©ÊÃÄ®Ä¿õ,INVEGA ER 6mg (Á{§É¸ÕÅç¥Î),,,§_,¬O,,,,,,,,,¤@¯ë,¤@¯ë,Äµ »y¡G¾ã²É§]ªA¡A¤ÅÄZ¸H¡FªAÃÄ«á¡A½Ð¤p¤ß¶}¨®©Î¾Þ§@¦MÀI¾÷±ñ,,,,,§_,1.0,,§_,§_,§_,³æ¤è,§_,¥i¥Î,¥i¥Î,¥i¿i,¬O,,1.00,1.00,2.00,2.00,99,99,1,1,0,0,0,0,,µL¹Ï¤ù,,0,,0,,,,,,,,,,,¦¸,,°·«O¤£¥Ó³ø¤£­p»ù,°·«O¤£¥Ó³ø¤£­p»ù,,,,§_,SolidDrugForm,ERTAB,,,,,,,,,PH047,202303141746,0,0
OIRE,20060322,99999999,¥i¥Î,Iressa 250mg,Iressa 250mg,Gefitinib,PO,QD,RACA,ON-08-02,¤fªA,TAB,Iressa,«D²Õ®M,Á{±ÄÃÄ¡A½Ð³qª¾ÃÄ§½¥~ÁÊ,,¥»°|Á{±Ä²M³æ,§_,¤£¥i¥ÎÃÄ¥]¾÷,±ø¥ó¤Uµ¹¥I,¤@¯ë,Á`¶q¶i¦ì,¾AÀ³¯g:§½³¡´c¤Æ©ÎÂà²¾¤§ªÍÀù,,Indication:Cancer therapy.,,¥~ Æ[:´Ä¦â¶ê¥Y§Î¿õ¾¯¡A ¤@­±¦L¦³IRESSA 250,Appearance:Brown round tablet,¸¡Âm¡A äú¤ß¡A ¥Ö½§°®Àê¡A ¹Ã¦R¡A ¹½­¹¡A ­Gª¢¡A ¨x¥\¯à²§±`,Diarrhea¡A nausea¡A dry skin¡A vomiting¡A anorexia¡A stomatitis.,,¥u¥Î©óªù¶E¤Î¦í°|STAT,¦ã·ç²ï½¤¦ç¿õ,Iressa 250mg,,,§_,¬O,,­Yµo¥ÍÄY­«©Î«ùÄò¤§¸¡Âm¡A äú¤ß©Î¹Ã¦R¡A À³¨D±ÐÂå®v,,Inform doctor if you experience severe/prolonged diarrhea¡A nausea or vomiting.,,,,,¤@¯ë,¤@¯ë,Äµ »y:­Yµo¥ÍÄY­«©Î«ùÄò¤§¸¡Âm¡Bäú¤ß©Î¹Ã¦R¡AÀ³¨D±ÐÂå®v,,,,,§_,1.0,,§_,¬O,§_,³æ¤è,§_,¥i¥Î,¥i¥Î,¤£¥i¿i,¬O,,1.00,1.00,1.00,1.00,999,999,1,1,1.00,1.00,0,0,,¦³¹Ï¤ù,,0,,0,,L01EB01,,,,,,,,,TAB,§_,°·«Oµ¹¥I,°·«Oµ¹¥I,GEFITINIB,L01EB01,BC23808100,§_,SolidDrugForm,ORTAB,,,,,,,,,PH032,202303261012,588.00,706.00
OISM,20061127,99999999,°±¥Î,Ismo 20mg,Ismo 20mg,Isosorbide 5-Mononitrate,PC,BID,CAVS,CV-02-00,¤fªA,TAB,Ismo 20,«D²Õ®M,°±¥Î,OCOX,¤@¯ë¥i¥Î,¬O,¥i¥ÎÃÄ¥]¾÷,¥i¥Î,¤@¯ë,Á`¶q¶i¦ì,¾AÀ³¯g:¥D­n¹w¨¾¯U¤ß¯g¤§µo§@,,Indication:Prophylaxis of angina pectoris.,,¥~ Æ[:¥Õ¦â¶ê«ó§Î¿õ¾¯¡A Âù­±¦LBM 3B ¤Î¤¤¥¡¨è²ª,Appearance:White round tablet,¥Ñª×«º©Î§¤«º°_¥ß®É·|ÀY·w¡A ¤ß¸õÅÜ§Ö¡A Áy¼é¬õ¡A äú¤ß,Dizziness or lightheadedness¡A especially when getting up from a lying or sitting,,¬Ò¥i¥Î,·RµÎ¯ß¿õ,Ismo 20mg,,,¬O,¬O,,¬°µv»ÄÆQÃþÃÄ«~¡A ½ÐÁ×§K»P¦åºÞÂX±i¾¯(¦p«Â¦Ó­è)¨Ö¥Î,,Do not take with vasodilators (eg. Viagra).,,,,,¤@¯ë,¤@¯ë,Äµ »y:¬°µv»ÄÆQÃþÃÄ«~¡A½ÐÁ×§K»P¦åºÞÂX±i¾¯¡]¦p«Â¦Ó­è¡^¨Ö¥Î,,,,,§_,1.0,,§_,§_,§_,³æ¤è,§_,°±¥Î,¥i¥Î,¥i¿i,¬O,,1.00,1.00,2.00,2.00,999,999,28,1,6.00,6.00,0,0,,¦³¹Ï¤ù,,0,,0,,C01DA14,,,,,,,,,TAB,,°·«Oµ¹¥I,°·«Oµ¹¥I,ISOSORBIDE 5-MONONITRATE,C01DA14,BC112121G0,§_,SolidDrugForm,ORTAB,,,,,,,,,PH006,202002271432,2.00,3.00
OISO2,19960101,99999999,¥i¥Î,Isoptin SR 240mg,Isoptin SR 240mg,Verapamil,PO,QD,CAVS,CV-05-00,¤fªA,TAB,Isoptin SR,«D²Õ®M,,,¤@¯ë¥i¥Î,¬O,¤£¥i¥ÎÃÄ¥]¾÷,,¤@¯ë,Á`¶q¶i¦ì,¾AÀ³¯g:¥Dªv°ª¦åÀ£¡A ¤ß«ß¤£¾ã,,Indication:Treatment of hypertension¡A arrhythmia.,,¥~ Æ[:²Hºñ¦âªø¤è§Î¿õ¾¯¡A¤G­±¦³¤¤¥¡¨è²ª¡A¤@­±¦³¤G­Ó¤T¨¤§Î,Appearance:Light green rectangle,¤ß·i¼W±j¡A ¥Ö½§¬õ¯l¡A ¤ß¸õ½wºC¡A «K¯µ¡A ¸¡Âm¡A ¯h­Â,Pounding heartbeat¡A skin rash¡A slow heartbeat¡A constipation¡A diarrhea.,,,¤ßµÎ¥­«ùÄò©Ê½¤¦ç¿õ240²@§J,Isoptin SR 240mg,,,¬O,§_,½Ã±Ð³æ¤T,ªAÃÄ´Á¶¡Á×§K¦Y¸²µå¬c©Î¶¼¥Î¸²µå¬c¥Ä¡A ¥H§K¼vÅTÃÄª«¥NÁÂ,,Avoid grapefruits or related products to prevent risk of interaction.,,­¹ª«¥æ¤¬§@¥Î: ªAÃÄ´Á¶¡Á×§K­¹¥Î¸²µå¬c¥Ä,Food interaction:Avoid grapefruit juice,,¤@¯ë,¤@¯ë,Äµ »y:ªAÃÄ´Á¶¡Á×§K¦Y¸²µå¬c©Î¶¼¥Î¸²µå¬c¥Ä¡A¥H§K¼vÅTÃÄª«¥NÁÂ,­¹ ­¹ª«¥æ¤¬,,,,§_,1.0,,§_,¬O,§_,³æ¤è,§_,¥i¥Î,¥i¥Î,¤£¥i¿i,¬O,,1.00,1.00,2.00,2.00,999,999,1,1,4.00,4.00,0,0,,¦³¹Ï¤ù,,0,,0,,C08DA01,,,,,,,,,TAB,§_,°·«Oµ¹¥I,°·«Oµ¹¥I,VERAPAMIL,C08DA01,BC19953100,§_,SolidDrugForm,ERTAB12,,,,,,,,,PH047,202303141747,4.99,7.00
OISO4,20210713,99999999,°±¥Î,Isoptin 40mg,Isoptin 40mg,Verapamil,PC,QD,CAVS,CV-05-00,¤fªA,TAB,Isoptin,«D²Õ®M,°±¥Î,,¤@¯ë¥i¥Î,¬O,¤£¥i¥ÎÃÄ¥]¾÷,¥i¥Î,¤@¯ë,Á`¶q¶i¦ì,¾AÀ³¯g:¯U¤ß¯g,,Indication: Angina,,¥~ Æ[:¥Õ¦â¶ê¿õ¡A¦³¤T¨¤§Î¤Î40¼Ð¥Ü,Appearance:White round tablet with triangle and 40 marked.,ÀYµh¡A¯t·w¡A¤ß±ª¡A§C¦åÀ£,Headache¡A dizziness¡A palpitations¡A hypotension,,¬Ò¥i¥Î,¥ì§ç´@½¤¦ç¿õ40²@§J,Isoptin 40mg,,,,¬O,,,,,,,,,¤@¯ë,¤@¯ë,,,,0,0,§_,1.0,,§_,¬O,§_,³æ¤è,,¥i¥Î,¥i¥Î,¥i¿i,¬O,,1.00,1.00,12.00,12.00,999,999,28,1,12.00,120.00,0,0,,µL¹Ï¤ù,,0,,0,,C08DA01,,,,,0,,0,,TAB,,°·«Oµ¹¥I,°·«Oµ¹¥I,VERAPAMIL,C08DA01,BC23708100,,,,,,0,,0,,,,PH034,202107131451,1.53,3.00
OISOR,20011212,99999999,°±¥Î,Isordil 10mg (Sorbitrate),Isordil 10mg (Sorbitrate),Isosorbide,PO,,CAVS,CV-02-00,¤fªA,TAB,Sorbitrate,«D²Õ®M,°±¥Î,,¤@¯ë¥i¥Î,¬O,¥i¥ÎÃÄ¥]¾÷,¥i¥Î,¤@¯ë,Á`¶q¶i¦ì,¾AÀ³¯g:¥D­n¹w¨¾¯U¤ß¯g¤§µo§@,,Prophylaxis of angina pectoris,,¥~ Æ[:¥Õ¦â¶ê«ó§Î¿õ¾¯¡A ¤@­±¦LAyerst¡A ¤@­±¦³¤¤¥¡¨è²ª,Appearance:White Round Tablet,,,,¬Ò¥i¥Î,·R³t±o,Isordil 10mg (Sorbitrate),,,§_,¬O,,,,,,,,,¤@¯ë,¤@¯ë,Äµ »y:¬°µv»ÄÆQÃþÃÄ«~¡A½ÐÁ×§K»P¦åºÞÂX±i¾¯¡]¦p«Â¦Ó­è¡^¨Ö¥Î,,,,,§_,1.0,,§_,§_,§_,³æ¤è,§_,°±¥Î,¥i¥Î,¥i¿i,¬O,,1.00,1.00,8.00,8.00,99,99,1,1,0,0,0,0,,µL¹Ï¤ù,,0,,0,,,,,,,,,,,TAB,§_,°·«Oµ¹¥I,°·«Oµ¹¥I,ISOSORBIDE DINITRATE,C01DA08,B018987100,§_,SolidDrugForm,ORTAB,,,,,,,,,PH047,202303141747,0.74,2.00
OIWE,20050831,99999999,°±¥Î,Iwell 50/450mg,Iwell 50/450mg,Aluminum Dihydroxyallantoinate+magnesium silicate,PO,TID,ALIM,GI-01-01,¤fªA,TAB,AMZ,«D²Õ®M,°±¥Î,,¤@¯ë¥i¥Î,¬O,¥i¥ÎÃÄ¥]¾÷,±ø¥ó¤Uµ¹¥I,¤@¯ë,Á`¶q¶i¦ì,¾AÀ³¯g:­G»Ä¹L¦h¡A ­G¼ìºÅ¡A ¤Q¤G«ü¸z¼ìºÅ¡A «æ¡BºC©Ê­Gª¢,,Indication:Relief of gastric hyperacidity¡A gastric ulcer.,,¥~ Æ[:¯»¬õ¡B¥Õ¦â¶ê«ó§Î¿õ¾¯¡A¤@­±¦L*IWELL*,Appearance:Pink/White Round Tablet,«K¯µ¡B¸¡Âm,Constipation¡Bdiarrhea.,,¬Ò¥i¥Î,©y­G¿õ,Iwell 500mg,,,§_,¬O,,¥»«~¥iÄZ¸H«á§]ªA¡C,,Chew thoroughly and swallow.,,,,2020.09 ÃÄ©e·|§R°£,¤@¯ë,¤@¯ë,Äµ »y:¥»«~¥iÄZ¸H«á§]ªA,,,,,§_,1.0,,§_,§_,§_,½Æ¤è,§_,¥i¥Î,¥i¥Î,¥i¿i,¬O,,1.00,1.00,2.00,2.00,999,999,0,1,9.00,9.00,0,0,,¦³¹Ï¤ù,,0,,0,,A02AB07,A02AX,,,,,,,,TAB,,°·«Oµ¹¥I,°·«Oµ¹¥I,ALUMINUM DIHYDROXYALLANTOINATE 50MG + ALUMINUM MAGNESIUM SILICATE 450MG,A02AX,AC450311G0,§_,SolidDrugForm,ORTAB,,,,,,,,,PH047,202303141747,2.00,3.00
OIXE,20080618,99999999,°±¥Î,Ixel 50mg,Ixel 50mg,Milnacipran,PO,BID,CNEU,CN-02-06,¤fªA,CAP,Ixel,«D²Õ®M,°±¥Î,,¤@¯ë¥i¥Î,¬O,¤£¥i¥ÎÃÄ¥]¾÷,¥i¥Î,¤@¯ë,Á`¶q¶i¦ì,¾AÀ³¯g: ­««¬¼~Æ{¯g,,Major depression,,¥~ Æ[: ¯»¬õ»P¾í¦âµw½¦Ån¡A ¦L¦³Ixel 50,Appearance:Pink/Orange Hard Capsule,,,,¬Ò¥i¥Î,Æ{«ä¼Ö½¦Ån,Ixel 50mg,,,§_,¬O,,,,,,,,,¤@¯ë,¤@¯ë,Äµ »y¡GªAÃÄ«á¡A¥i¯àµo¥Íµu¼È©Ê·w¯t¡F¤Å¶¼°s,,,,,§_,1.0,,§_,§_,§_,³æ¤è,§_,°±¥Î,¥i¥Î,¥i¿i,¬O,,1.00,1.00,8.00,8.00,99,99,7,1,0,0,0,0,,µL¹Ï¤ù,,0,,0,,,,,,,,,,,CAP,,°·«Oµ¹¥I,°·«Oµ¹¥I,MILNACIPRAN,N06AX17,B023807100,§_,SolidDrugForm,ORCAP,,,,,,,,,PH047,202303141747,19.70,25.00
OJAN,20090330,99999999,°±¥Î,Januvia 100mg,Januvia 100mg,Sitagliptin,PO,QDPC,META,ME-02-06,¤fªA,TAB,Januvia,«D²Õ®M,°±¥Î,,¤@¯ë¥i¥Î,¬O,¤£¥i¥ÎÃÄ¥]¾÷,¥i¥Î,¤@¯ë,Á`¶q¶i¦ì,¾AÀ³¯g:²Ä¤G«¬¿}§¿¯f,,Indication:Type 2 diabetes.,,¥~ Æ[:¤g¶À¦â¶ê§ÎÂù¥Y½¤¦ç¿õ¡A ¤@­±¨è277,Appearance:Brown round tablet,»ó«|ª¢¡A ÀYµh¡A §C¦å¿},Nasopharyngitis & headache¡A hypoglycemia,,¬Ò¥i¥Î,¨Î¿}ºû½¤¦ç¿õ,Januvia 100mg,,,§_,¬O,,¥i¯à¤Þ°_äú¤ß¡A ¹Ã¦R¡A ¸¡µÈ¡A ®ø¤Æ¤£¨}¡A §C¦å¿}¯gª¬,,May cause nausea¡A vomiting¡A flatulence¡A indigestion¡A hypoglycemia.,,,,2017¦~²Ä¤T¦¸ÃÄ©e·|³q¹L·s¶i¡A2018.09 ÃÄ©e·|§R°£,¤@¯ë,¤@¯ë,Äµ »y: ¥i¯à¤Þ°_äú¤ß¡A¹Ã¦R¡A¸¡µÈ¡A®ø¤Æ¤£¨}¡A§C¦å¿}¯gª¬,,,,,§_,1.0,,§_,§_,§_,³æ¤è,§_,¥i¥Î,¥i¥Î,¥i¿i,¬O,,1.00,1.00,1.00,1.00,999,999,28,1,2.00,2.00,0,0,,¦³¹Ï¤ù,,0,,0,,A10BH01,,,,,,,,,TAB,,°·«Oµ¹¥I,°·«Oµ¹¥I,SITAGLIPTIN,A10BH01,BC24668100,§_,SolidDrugForm,ORTAB,,,,,,,,,PH047,202303141747,22.90,30.00
OJANM,20101216,99999999,°±¥Î,JanuMET 50/500mg,JanuMET 50/500mg,Sitagliptin + Metformin,PC,QD,META,ME-02-09,¤fªA,TAB,Janumet,«D²Õ®M,°±¥Î,,¤@¯ë¥i¥Î,¬O,¤£¥i¥ÎÃÄ¥]¾÷,¥i¥Î,¤@¯ë,Á`¶q¶i¦ì,¾AÀ³¯g:²Ä¤G«¬¿}§¿¯f,,Indication:Type 2 diabetes.,,¥~ Æ[:²H¬õ¾í¦â¾ò¶ê§Î¿õ¾¯¡A ¤@­±¦³575,Appearance:Red orange elliptic tablet,¸¡Âm¡A äú¤ß¡A µÈ®ð¡A ¸¡³¡¤£¾A¡A ®ø¤Æ¤£¨}¡A µL¤O,Diarrhea¡A nausea¡A flatulence¡A abdominal discomfort¡A indigestion¡A asthenia,,¬Ò¥i¥Î,±¶¿}Ã­½¤¦ç¿õ,JanuMET 50/500mg,,,§_,¬O,,¥i¯à¤Þ°_äú¤ß¡A ¹Ã¦R¡A ¸¡µÈ¡A ®ø¤Æ¤£¨}¡A §C¦å¿}¯gª¬,,May cause nausea¡A vomiting¡A flatulence¡A indigestion¡A hypoglycemia.,,,,,¤@¯ë,¤@¯ë,Äµ »y: ¥i¯à¤Þ°_äú¤ß¡A¹Ã¦R¡A¸¡µÈ¡A®ø¤Æ¤£¨}¡A§C¦å¿}¯gª¬,,,,,§_,1.0,,§_,§_,§_,½Æ¤è,§_,°±¥Î,¥i¥Î,¥i¿i,¬O,,1.00,1.00,2.00,2.00,999,999,28,1,4.00,4.00,0,0,,¦³¹Ï¤ù,,0,,0,,A10BD07,A10BH01,A10BA02,,,,,,,TAB,,°·«Oµ¹¥I,°·«Oµ¹¥I,SITAGLIPTIN 50mg+METFORMIN 0mg-1000mg,A10BD07,B025043100,§_,SolidDrugForm,ORTAB,,,,,,,,,PH047,202303141747,16.10,21.00
OJAR,20170315,99999999,°±¥Î,Jardiance FC 10mg,Jardiance FC 10mg,Empagliflozin,PO,QD,META,ME-02-08,¤fªA,TAB,,«D²Õ®M,°±¥Î,,¤@¯ë¥i¥Î,¬O,¤£¥i¥ÎÃÄ¥]¾÷,±ø¥ó¤Uµ¹¥I,¤@¯ë,Á`¶q¶i¦ì,¾AÀ³¯g:²Ä¤G«¬¿}§¿¯f¤Î¹w¨¾¤ß¦åºÞ¨Æ¥ó,,Indication:Type 2 diabetes and prevention of cardiovascular,disease.,¥~ Æ[:²L¶À¦â¶ê§Î¿õ¾¯¡A¤@­±¨è¦³S10,Appearance:Light yellow round tablet¡A marking: S10,§C¦å¿}¡A§¿¸ô·P¬V¡A§¿¶q¼W¥[¡A¦å¯×²§±`,Hypoglycemia¡A urinary tract infection¡A increased urine output¡A dyslipidemia,,¬Ò¥i¥Î,®¦±Æ¿}½¤¦ç¿õ10²@§J,Jardiance FC 10mg,,,,¬O,,»ÝºÊ´ú§C¦åÀ£ªº¼x¶H©M¯gª¬¡C,Á×§K°Æ§@¥Îµo¥Í¡A½Ð¾A¶q¸É¥R¤ô¤À¡C,Monitor for signs and symptoms of hypotension.,Drinking plenty of water can prevent side effects.,ªA¥ÎJardianceªº±wªÌ§¿²G¸²µå¿}´ú¸Õ·|§e¶§©Ê¡C,Taking Jardiance will lead to positive urine glucose tests.,106-1 ÃÄ©e·|·s¶i¡A2018-2 ÃÄ©e·|§R°£,¤@¯ë,¤@¯ë,»ÝºÊ´ú§C¦åÀ£ªº¼x¶H©M¯gª¬¡C¦p¦³¹L±Ó¯gª¬¡A½ÐÁpµ¸³B¤èÂå®v¡C,,,0,0,§_,1.0,,§_,§_,§_,³æ¤è,§_,¥i¥Î,°±¥Î,¥i¿i,¬O,,1.00,1.00,3.00,3.00,999,999,1,1,3.00,3.00,0,0,,¦³¹Ï¤ù,,0,,0,,A10BX12,A10BK03,,,,0,,0,,TAB,§_,°·«Oµ¹¥I,°·«Oµ¹¥I,EMPAGLIFLOZIN,A10BK03,BC26406100,§_,SolidDrugForm,ORTAB,,,,,,,,,PH009,202312121039,28.80,37.00
OJAR2,20180625,99999999,¥i¥Î,Jardiance 25mg,Jardiance 25mg,Empagliflozin,PO,QD,META,ME-02-08,¤fªA,TAB,,«D²Õ®M,,,¤@¯ë¥i¥Î,¬O,¤£¥i¥ÎÃÄ¥]¾÷,±ø¥ó¤Uµ¹¥I,¤@¯ë,Á`¶q¶i¦ì,¾AÀ³¯g:²Ä¤G«¬¿}§¿¯f¦å¿}±±¨î¤Î¹w¨¾¤ß¦åºÞ¨Æ¥ó,,Indication:Diabetes and prevention of cardiovascular disease,,¥~ Æ[:¥Õ¦â¾ò¶ê§Î¿õ¾¯¡A¤@­±¨è¦³S25,Appearance:White elliptic tablet¡A marking: S25,§C¦å¿}¡A§¿¸ô·P¬V¡A§¿¶q¼W¥[¡A§C¦åÀ£,Hypoglycemia¡A urinary tract infection¡A increased urine output¡A hypotension,,¬Ò¥i¥Î,®¦±Æ¿}½¤¦ç¿õ25²@§J,Jardiance 25mg Film-Coated,,,,¬O,,­Y¥Í´Þ¾¹ªþªñ¦³À£µh¡Bµo¬õ¡B¸~µÈ¥B¦ñÀHµo¿N©Î§¿¸ô·P¬V¯gª¬¡A½Ð¥ß§Y¦^¶E¡C,Á×§K°Æ§@¥Îµo¥Í¡A½Ð¾A¶q¸É¥R¤ô¤À¡C,Monitor for signs and symptoms of Urinary tract infection and treat as needed.,Drinking plenty of water can prevent side effects.,ªA¥ÎJardianceªº±wªÌ§¿²G¸²µå¿}´ú¸Õ·|§e¶§©Ê¡C,Taking Jardiance will lead to positive urine glucose tests.,2018-2 ÃÄ©e·|·s¶i,¤@¯ë,¤@¯ë,­Y¥Í´Þ¾¹ªþªñ¦³À£µh¡Bµo¬õ¡B¸~µÈ¥B¦ñÀHµo¿N©Î§¿¸ô·P¬V¯gª¬¡A½Ð¥ß§Y¦^¶E¡C,,,0,0,,1.0,,§_,¬O,§_,³æ¤è,,¥i¥Î,¥i¥Î,¥i¿i,¬O,,1.00,1.00,1.00,1.00,999,999,1,1,1.00,1.00,0,0,,¦³¹Ï¤ù,,0,,0,,A10BK03,,,,,0,,0,,TAB,,°·«Oµ¹¥I,°·«Oµ¹¥I,EMPAGLIFLOZIN,A10BK03,BC26405100,,SolidDrugForm,ORTAB,,,0,,0,,,,PH034,202107140850,28.80,37.00
OJIN1,20230703,99999999,¥i¥Î,Jinarc 15mg,Jinarc 15mg,Tolvaptan,AC,,CAVS,CV-03-06,¤fªA,TAB,,«D²Õ®M,Á{±ÄÃÄ¡A½Ð³qª¾ÃÄ§½¥~ÁÊ,,­Ó®×Á{±Ä,¬O,¤£¥i¥ÎÃÄ¥]¾÷,±ø¥ó¤Uµ¹¥I,¤@¯ë,Á`¶q¶i¦ì,¾AÀ³¯g:¥Î©ó¦ÛÅéÅã©Ê¦hÅn©ÊµÇÅ¦¯f¦¨¤H±wªÌ¡A©µ½w¯e¯f´c¤Æ¡C,,Indication:Autosomal dominant polycystic kidney disease.,,¥~ Æ[: ÂÅ¦â¤T¨¤§Î¿õ¾¯¡A¨è²ª"OTSUKA 15",Appearance: Blue triangular tablet debossed with OTSUKA 15,¤f´÷¡B¦h§¿¡BÀW§¿¡BÀY·w¡Bäú¤ß¡B°ª¦å¶u¡C,Thirst¡A polyuria¡A frequent urination¡A dizziness¡A nausea¡A hypernatremia.,,¬Ò¥i¥Î,¨ÎµÇ±d¿õ15²@§J,Jinarc 15mg,,,,,,¨ÎµÇ±d¿õ¨C¤éªA¥Î¨â¦¸¡A²Ä¤@¾¯À³¦­À\«e30¤ÀÄÁªA¥Î¡A²Ä¤G¾¯¥iÀ\«e©ÎÀ\«áªA¥Î,¤f´÷®ÉÀ³¥ß¨è¸É¥R¤ô¥÷¨Ã©óºÎ«e¶¼¥Î1-2ªM²GÅé¡A¨Ã¦b¨C¦¸©]§¿«á¸É¥R¤ô¥÷¡C,Take first dose 30 minutes before breakfast; second dose before/after meals.,Drink when thirsty¡A before bedtime & after nighttime urination.,¥»«~§t¦³¨Å¿}¡C±w¦³¥b¨Å¿}¤£­@¯gµ¥¿ò¶Ç¯e¯fªÌ¡A¤£À³ªA¥Î¥»ÃÄ«~¡C,Jinarc contains lactose. Avoid in lactose intolerance or other genetic disorders,202307 ¥ÌÄ£ªFÂå®v­Ó®×Á{±Ä,¤@¯ë,¤@¯ë,¥»«~§t¦³¨Å¿}¡C±w¦³¥b¨Å¿}¤£­@¯gµ¥¿ò¶Ç¯e¯fªÌ¡A¤£À³ªA¥Î¡C,,,0,0,§_,1.0,,§_,¬O,¬O,³æ¤è,§_,¥i¥Î,¥i¥Î,¤£¥i¿i,¬O,,1.00,1.00,2.00,2.00,999,999,1,1,2.00,2.00,0,0,,µL¹Ï¤ù,,0,,0,,C03XA01,,,,,15.00,mg,30.00,mg,TAB,¬O,°·«Oµ¹¥I,°·«Oµ¹¥I,TOLVAPTAN,C03XA01,BC27341100,§_,SolidDrugForm,TAB,,,0,,0,,,,PH047,202308161449,406.00,487.00
OJIN4,20230703,99999999,¥i¥Î,Jinarc 45mg,Jinarc 45mg,Tolvaptan,AC,,CAVS,CV-03-06,¤fªA,TAB,,«D²Õ®M,Á{±ÄÃÄ¡A½Ð³qª¾ÃÄ§½¥~ÁÊ,,­Ó®×Á{±Ä,¬O,¤£¥i¥ÎÃÄ¥]¾÷,±ø¥ó¤Uµ¹¥I,¤@¯ë,Á`¶q¶i¦ì,¾AÀ³¯g:¥Î©ó¦ÛÅéÅã©Ê¦hÅn©ÊµÇÅ¦¯f¦¨¤H±wªÌ¡A©µ½w¯e¯f´c¤Æ¡C,,Indication:Autosomal dominant polycystic kidney disease.,,¥~ Æ[: ÂÅ¦â¤è§Î¿õ¾¯¡A¨è²ª"OTSUKA 45",Appearance: Blue square-shaped tablet imprinted "OTSUKA 45",¤f´÷¡B¦h§¿¡BÀW§¿¡BÀY·w¡Bäú¤ß¡B°ª¦å¶u¡C,Thirst¡A polyuria¡A frequent urination¡A dizziness¡A nausea¡A hypernatremia.,,¬Ò¥i¥Î,¨ÎµÇ±d¿õ45²@§J,Jinarc 45mg,,,,§_,,¨ÎµÇ±d¿õ¨C¤éªA¥Î¨â¦¸¡A²Ä¤@¾¯À³¦­À\«e30¤ÀÄÁªA¥Î¡A²Ä¤G¾¯¥iÀ\«e©ÎÀ\«áªA¥Î,¤f´÷®ÉÀ³¥ß¨è¸É¥R¤ô¥÷¨Ã©óºÎ«e¶¼¥Î1-2ªM²GÅé¡A¨Ã¦b¨C¦¸©]§¿«á¸É¥R¤ô¥÷¡C,Take first dose 30 minutes before breakfast; second dose before/after meals.,Drink when thirsty¡A before bedtime & after nighttime urination.,¥»«~§t¦³¨Å¿}¡C±w¦³¥b¨Å¿}¤£­@¯gµ¥¿ò¶Ç¯e¯fªÌ¡A¤£À³ªA¥Î¥»ÃÄ«~¡C,Jinarc contains lactose. Avoid in lactose intolerance or other genetic disorders,202307 ¥ÌÄ£ªFÂå®v­Ó®×Á{±Ä,¤@¯ë,¤@¯ë,¥»«~§t¦³¨Å¿}¡C±w¦³¥b¨Å¿}¤£­@¯gµ¥¿ò¶Ç¯e¯fªÌ¡A¤£À³ªA¥Î¡C,,,0,0,§_,1.0,,§_,¬O,¬O,³æ¤è,,¥i¥Î,¥i¥Î,¤£¥i¿i,¬O,,1.00,1.00,2.00,2.00,999,999,1,1,2.00,2.00,0,0,,µL¹Ï¤ù,,0,,0,,C03XA01,,,,,45.00,mg,30.00,mg,TAB,¬O,°·«Oµ¹¥I,°·«Oµ¹¥I,TOLVAPTAN,C03XA01,BC27343100,,SolidDrugForm,TAB,,,0,,0,,,,PH008,202307281209,406.00,487.00
OJOH,20150615,99999999,¥i¥Î,Johnlax 5mg,Johnlax 5mg,Bisacodyl,PO,HS,ALIM,GI-03-00,¤fªA,TAB,Dulcolax,«D²Õ®M,,OBISC,¤@¯ë¥i¥Î,¬O,¤£¥i¥ÎÃÄ¥]¾÷,¥i¥Î,¤@¯ë,Á`¶q¶i¦ì,¾AÀ³¯g:¼È®É½w¸Ñ«K¯µ¡A¶EÂ_¤Î¤â³N«e²M¸z¡C,,Indication:Treatment of constipation.,,¥~ Æ[:¶À¦â¶ê§Î¸z·»¿}¦ç¿õ,Appearance:Yellow round tablet,¸¡³¡µ±µh¡Aäú¤ß¡A¯t·w¡A¹Ã¦R¡A¥Ö½§¬õ¯l,Abdominal cramps¡A nausea¡A vertigo¡A vomiting¡A skin rash,,¬Ò¥i¥Î,³q«K¼Ö¸z·»¿õ,Johnlax 5mg,,,,§_,,À³¾ã²É§]ªA¡A ¤Á¤Å«rÄZ©ÎÀ£¸H,,Swallow the tablet whole. Do not crush¡A break or chew.,,,,104-3 ÃÄ©e·|¨ú¥NConslife 2/20/10mg,¤@¯ë,¤@¯ë,Äµ »y:À³¾ã²É§]ªA¡A¤Á¤Å«rÄZ©ÎÀ£¸H,,,0,0,§_,1.0,,§_,¬O,§_,³æ¤è,§_,¥i¥Î,¥i¥Î,¤£¥i¿i,¬O,,1.00,1.00,6.00,6.00,999,999,1,1,6.00,6.00,0,0,,¦³¹Ï¤ù,,0,,0,,A06AB02,,,,,0,,0,,TAB,§_,°·«Oµ¹¥I,°·«Oµ¹¥I,BISACODYL,A06AB02,NC002611G0,§_,SolidDrugForm,ORTAB,,,,,,,,,PH047,202303141747,2.00,3.00
OJOL,19960101,99999999,°±¥Î,Jolethin 0.75mg (Iodine 0.05mg),Jolethin 0.75mg (Iodine 0.05mg),Iodized Lecithin,PO,TID,META,ME-04-00,¤fªA,TAB,Jolecithin,«D²Õ®M,°±¥Î,,¤@¯ë¥i¥Î,¬O,¤£¥i¥ÎÃÄ¥]¾÷,,¤@¯ë,Á`¶q¶i¦ì,¾AÀ³¯g:¸K¤§¸É¥R,,Indication:Iodine supplement.,,¥~ Æ[:¾ï¦â¶ê§Î¿}¦ç¿õ,Appearance:Orange round tablet,ëC³Â¯l¡A Ãö¸`µh¡A ¥|ªÏ¡A Áy¡A ®B¡A ¦ÞÀY©Î³ïÄV¯B¸~¡A ²O¤Ú¸¢¸~,Hives; joint pain; swelling of the arms¡A leg¡A face¡A lips¡A tongue¡A or throat.,,,¨UÄR¥Å¿õ,Jolethin 0.75mg (Iodine 0.05,,,§_,¬O,,½Ð¿í·ÓÂå®v«ü¥Ü¨Ï¥Î¡A ­Yµo¥ÍºÃ¦üÃÄª«¤£¨}¤ÏÀ³½Ð§iª¾Âå¥Í,,Follow doctor's advice. Check with doctor if you notice any side effects.,,,,,¤@¯ë,¤@¯ë,Äµ »y:½Ð¿í·ÓÂå®v«ü¥Ü¨Ï¥Î¡A­Yµo¥ÍºÃ¦üÃÄª«¤£¨}¤ÏÀ³½Ð§iª¾Âå¥Í¡C,,,,,§_,1.0,,§_,§_,§_,³æ¤è,§_,¥i¥Î,¥i¥Î,¥i¿i,¬O,,1.00,1.00,4.00,4.00,999,999,1,1,12.00,12.00,0,0,,¦³¹Ï¤ù,,0,,0,,H03CA91,,,,,,,,,TAB,§_,°·«Oµ¹¥I,°·«Oµ¹¥I,IODINE LECITHIN (=JOLECITHIN),H03CA91,B0121641G0,§_,SolidDrugForm,ORTAB,,,,,,,,,PH047,202303141747,1.50,3.00
OJUM,19960101,99999999,°±¥Î,Jumexal 5mg,Jumexal 5mg,Selegiline,PO,,CNEU,CN-03-06,¤fªA,TAB,Jumexal,«D²Õ®M,°±¥Î,,¤@¯ë¥i¥Î,¬O,¤£¥i¥ÎÃÄ¥]¾÷,,¤@¯ë,Á`¶q¶i¦ì,¾AÀ³¯g:»²§UªvÀø©¬ª÷´Ë¤ó¯g,,Adjuvant of Parkinsonism,,¥~ Æ[:¥Õ¦â¶ê«ó§Î¿õ¾¯,Appearance:Whiter Round Tablet,,,,,ªv¥­¿õ,Jumexal 5mg,,,§_,¬O,,,,,,,,,¤@¯ë,¤@¯ë,Äµ»y¡G¤Å¶¼°s©M©@°Ø¦]¶¼®Æ¡A¥H¤Î´I§t¹TÓi­¹ª«,,,,,§_,1.0,,§_,§_,§_,³æ¤è,§_,¥i¥Î,¥i¥Î,¥i¿i,¬O,,1.00,1.00,2.00,2.00,999,999,1,1,0,0,0,0,,µL¹Ï¤ù,,0,,0,,,,,,,,,,,TAB,§_,°·«Oµ¹¥I,°·«Oµ¹¥I,SELEGILINE,N04BD01,B021941100,§_,SolidDrugForm,ORTAB,,,,,,,,,PH047,202303141747,10.60,13.00
OKAL,20080120,99999999,°±¥Î,Kalimate powder 5 gm/pk,Kalimate powder 5 gm/pk,Calcium Polystyrene Sulfonate,PO,,ZADT,AD-02-00,¤fªA,PK,Kalimate,«D²Õ®M,°±¥Î,OKAY,¤@¯ë¥i¥Î,¬O,¤£¥i¥ÎÃÄ¥]¾÷,¥i¥Î,¤@¯ë,Á`¶q¶i¦ì,¾AÀ³¯g:°ª¦å¹[,,Treatment of hyperkalemia,,¥~ Æ[:²H¶À¥Õ¦â¯»¾¯,Appearance:Light Yellow Powder,,,,¬Ò¥i¥Î,¥[§Q¬ü¯»,Kalimate powder 5 gm/pk,,,§_,¬O,,,,,,,,,¤@¯ë,¤@¯ë,Äµ »y:½Ð°t¦X¥R¤À¶}¤ôªA¥Î¡A ¨Ã¼W¥[¤ô¤ÀªºÄá¨ú,,,,,¬O,1.0,,§_,§_,§_,³æ¤è,§_,¥i¥Î,¥i¥Î,¥i¿i,¬O,,1.00,1.00,99.00,99.00,99,99,1,1,0,0,0,0,,µL¹Ï¤ù,,0,,0,,,,,,,,,,,PK,,°·«Oµ¹¥I,°·«Oµ¹¥I,POLYSTYRENE SULFONATE,V03AE01,B013086121,§_,SolidDrugForm,POWD,,,,,,,,,PH047,202303141747,12.70,16.00
OKAS,20060321,99999999,°±¥Î,Kasteine 375mg,Kasteine 375mg,S-Carboxymethylcysteine,PO,TID,ERSP,RE-05-01,¤fªA,TAB,,«D²Õ®M,°±¥Î,,¤@¯ë¥i¥Î,¬O,¤£¥i¥ÎÃÄ¥]¾÷,¥i¥Î,¤@¯ë,Á`¶q¶i¦ì,¾AÀ³¯g:¤Æ·ð¾¯,,Mucolytics,,¥~ Æ[:¥Õ¦â¶ê«ó§Î¿õ¾¯¡A ¤@­±¦³¤¤¥¡¨è²ª¡A ¤@­±¦L A,Appearance:White Round Tablet,,,,¬Ò¥i¥Î,·ð¥i¥X,Kasteine 375mg,,,§_,¬O,,,,,,,,,¤@¯ë,¤@¯ë,Äµ »y: ­Yµo¥ÍÄY­«¹L±Ó©Îµo¯lµ¥¤£¾A¯gª¬¡AÀ³§Y°±ÃÄ¨Ã½Ð±ÐÂå®v,,,,,§_,1.0,,§_,§_,§_,³æ¤è,§_,¥i¥Î,¥i¥Î,¥i¿i,¬O,,1.00,1.00,2.00,2.00,99,99,1,1,0,0,0,0,,µL¹Ï¤ù,,0,,0,,,,,,,,,,,TAB,,°·«Oµ¹¥I,°·«Oµ¹¥I,CARBOCYSTEINE,R05CB03,A028142100,§_,SolidDrugForm,ORTAB,,,,,,,,,PH047,202303141747,2.92,4.00
OKAS4,20161014,99999999,¥i¥Î,Kascoal 40mg,Kascoal 40mg,Dimethicone,PO,QID,ALIM,GI-06-00,¤fªA,TAB,Gascon,«D²Õ®M,,OKAS5,¤@¯ë¥i¥Î,¬O,¥i¥ÎÃÄ¥]¾÷,¥i¥Î,¤@¯ë,Á`¶q¶i¦ì,¾AÀ³¯g:¥Dªv­G¸zµÈ®ð,,Indication:Antiflatulent for functional bowel disorders.,,¥~ Æ[:¥Õ¦âÂù¥Y¶ê§ÎÃÄ¿õ,Appearance:White round tablet,¤j¾¯¶q·|¤Þ°_¸z­G¤£¾A,GI complaints at high doses.,,¬Ò¥i¥Î,¥[´µ§J¨à¿õ40²@§J,Kascoal 40mg,,,,¬O,,½Ð¿í·ÓÂå®v«ü¥Ü¨Ï¥Î¡A ­Yµo¥ÍºÃ¦üÃÄª«¤£¨}¤ÏÀ³½Ð§iª¾Âå¥Í,,Follow doctor's advice. Check with doctor if you notice any side effects.,,,,,¤@¯ë,¤@¯ë,Äµ »y:½Ð¿í·ÓÂå®v«ü¥Ü¨Ï¥Î¡A­Yµo¥ÍºÃ¦üÃÄª«¤£¨}¤ÏÀ³½Ð§iª¾Âå¥Í¡C,,,0,0,§_,1.0,,§_,¬O,§_,³æ¤è,§_,¥i¥Î,¥i¥Î,¥i¿i,¬O,,1.00,1.00,2.00,2.00,999,999,0,1,36.00,36.00,0.31,1.00,,¦³¹Ï¤ù,,0,,0,,A03AX13,,,,,0,,0,,TAB,,°·«Oµ¹¥I,°·«Oµ¹¥I,DIMETHICONE,A03AX13,A029828100,,SolidDrugForm,ORTAB,,,,,,,,,PH049,202309100918,0.35,2.00
OKAS5,20180508,99999999,°±¥Î,KASCOAL 50mg,KASCOAL 50mg,Dimethicone,PC,QID,ALIM,GI-06-00,¤fªA,TAB,Gascon,«D²Õ®M,°±¥Î,OKAS4,¤@¯ë¥i¥Î,¬O,¥i¥ÎÃÄ¥]¾÷,¥i¥Î,¤@¯ë,Á`¶q¶i¦ì,¾AÀ³¯g:¥Dªv­G¸zµÈ®ð,,Indication:Antiflatulent for functional bowel disorders.,,¥~ Æ[:¥Õ¦âÂù¥Y¶ê§ÎÃÄ¿õ,Appearance:White round tablet,¤j¾¯¶q·|¤Þ°_¸z­G¤£¾A,GI complaints at high doses.,,¬Ò¥i¥Î,¥[´µ§J¨à¿õ50²@§J,KASCOAL 50mg,,,,¬O,,½Ð¿í·ÓÂå®v«ü¥Ü¨Ï¥Î¡A ­Yµo¥ÍºÃ¦üÃÄª«¤£¨}¤ÏÀ³½Ð§iª¾Âå¥Í,,Follow doctor's advice. Check with doctor if you notice any side effects.,,,,2018.05 Kascoal 40mg ¯Ê³f¼È¥N,¤@¯ë,¤@¯ë,Äµ »y:½Ð¿í·ÓÂå®v«ü¥Ü¨Ï¥Î¡A­Yµo¥ÍºÃ¦üÃÄª«¤£¨}¤ÏÀ³½Ð§iª¾Âå¥Í¡C,,,0,0,§_,1.0,,§_,¬O,§_,³æ¤è,§_,°±¥Î,°±¥Î,¥i¿i,¬O,,1.00,1.00,10.00,10.00,999,999,0,1,10.00,10.00,0.48,0.48,,¦³¹Ï¤ù,,0,,0,,A03AX13,,,,,0,,0,,TAB,,°·«Oµ¹¥I,°·«Oµ¹¥I,DIMETHICONE,A03AX13,A029917100,,SolidDrugForm,ORTAB,,,0,,0,,,,PH006,201902120906,0.39,2.00
OKAY,19960101,99999999,°±¥Î,Resonium-A powder 5gm/PK,Resonium-A powder 5gm/PK,Sodium polystyrene sulfonate,PO,QD,ZADT,AD-02-00,¤fªA,GM,Kayexalate,«D²Õ®M,°±¥Î,OCHAL,¤@¯ë¥i¥Î,¬O,¤£¥i¥ÎÃÄ¥]¾÷,°·«O¤£µ¹¥I,¤@¯ë,Á`¶q¶i¦ì,¾AÀ³¯g:°ª¦å¹[,,Indication:Treatment of hyperkalemia.,,¥~ Æ[:¨C¥]5§J²L¶À¦â¯»¾¯,Appearance:Buff-colored powder¡A 5gm/pack,­G¨ë¿E¡A ¹½­¹¡A äú¤ß¡A ¹Ã¦R¡A «K¯µ,Gastric irritation¡A anorexia¡A nausea¡A vomiting¡A constipation,,¬Ò¥i¥Î,³Í¹[¤O¹ç,Resonium-A powder 5gm/PK,,,§_,¬O,,¥i²V¦X¤Ö³\¶¼¤ô¡A ¤Å»PªG¥Ä²V¦X¨ÖªA,,Mix with a little water . Do not mix with fruit juice.,,³Æµù: ¤£«ØÄ³»P¨î»Ä¾¯©Î±j¤ß¾¯¨ÖªA,Do not combination with antacids¡A digitalis.,2015¦~²Ä¤@¦¸ÃÄ©e·|³q¹L§R°£,¤@¯ë,¤@¯ë,Äµ »y:¥i²V¦X¤Ö³\¶¼¤ô¡A¤Å»PªG¥Ä²V¦X¨ÖªA,,,,,§_,1.0,,¬O,§_,§_,³æ¤è,§_,°±¥Î,¥i¥Î,¥i¿i,¬O,,5.00,5.00,60.00,60.00,999,999,1,1,200.00,200.00,0,0,,¦³¹Ï¤ù,,0,,0,,V03AE01,,,,,,,,,GM,§_,¤£µ¹¥I¶·¦Û¥I,¤£µ¹¥I¶·¦Û¥I,POLYSTYRENE SULFONATE,V03AE01,B022559199,§_,SolidDrugForm,POWD,,,,,,,,,PH047,202303141748,0,3.00
OKBT,19960101,99999999,°±¥Î,KBT,KBT,Kaolin + (BiO)2CO3 + Al. Tannate,PO,TIDPRN,ALIM,GI-02-00,¤fªA,TAB,KBT,«D²Õ®M,°±¥Î¡A¥i¬dÃþ¦üÃÄ,,¤@¯ë¥i¥Î,¬O,¤£¥i¥ÎÃÄ¥]¾÷,,¤@¯ë,Á`¶q¶i¦ì,¾AÀ³¯g:¸¡Âm,,Indication:Treatment of diarrhea.,,¥~ Æ[:²L¦Ç¦â¶ê«ó§Î¿õ¾¯¡A ¤@­±¦LSK KBT,Appearance:Light grey round tablet,«K¯µ,constipation,,,§JÂm¹ç,KBT,,,§_,¬O,,­Y¸¡Âm°±¤î¡A ½Ð°±ÃÄ,,You can stop the medicine¡A if diarrhea is controlled.,,,,2018.12ÃÄ©e·|§R°£,¤@¯ë,¤@¯ë,Äµ »y:­Y¸¡Âm°±¤î¡A½Ð°±ÃÄ,,,,,§_,1.0,,§_,§_,§_,½Æ¤è,§_,°±¥Î,°±¥Î,¥i¿i,¬O,,1.00,1.00,2.00,2.00,999,999,1,1,12.00,12.00,0,0,,¦³¹Ï¤ù,,0,,0,,A03BA03,A07BC02,A07XA51,A07XA01,A07BB,,,,,TAB,§_,¤£µ¹¥I¶·¦Û¥I,¤£µ¹¥I¶·¦Û¥I,,,,§_,SolidDrugForm,ORTAB,,,,,,,,,PH047,202303141748,0,3.00
OKCB,20180315,99999999,¥i¥Î,KCB 120mg,KCB 120mg,Dibismuth trioxide,PO,BIDAC,ALIM,GI-01-04,¤fªA,TAB,Bismuth subcitrate,«D²Õ®M,,,¤@¯ë¥i¥Î,¬O,¤£¥i¥ÎÃÄ¥]¾÷,¥i¥Î,¤@¯ë,Á`¶q¶i¦ì,¾AÀ³¯g:­G¤Î¤Q¤G«ü¸z¼ìºÅ,,Indication:Duodenal and gastrac ulcer,,¥~ Æ[:¥Õ¦â¶ê§Î¿õ¾¯,Appearance:White round table,äú¤ß¡A¹Ã¦R¡A¸Ñ¦Ç«K,Nausea¡A vomiting¡A gray stools.,,¬Ò¥i¥Î,§J¼ìªc½¤¦ç¿õ120²@§J,KCB 120mg,,,,¬O,,¤j«K©ö¦¨¦Ç¦â¡A¤£¼vÅTÃÄ®Ä¡C,,The Drug may cause temporary and harmless gray stools.,,,,2018-1 ÃÄ©e·|·s¶i,¤@¯ë,¤@¯ë,¤j«K©ö¦¨¦Ç¦â¡A¤£¼vÅTÃÄ®Ä¡C,,,0,0,§_,1.0,,§_,¬O,§_,³æ¤è,§_,¥i¥Î,¥i¥Î,¥i¿i,¬O,,2.00,2.00,2.00,2.00,56,56,28,28,4.00,4.00,0,0,,¦³¹Ï¤ù,,0,,0,,A02BX05,,,,,0,,0,,TAB,,°·«Oµ¹¥I,°·«Oµ¹¥I,BISMUTH SUBCITRATE or BISMUTH SUBNITRATE,A02BX05,AC37837100,§_,SolidDrugForm,ORTAB,,,0,,0,,,³æ¦¸¿éª`,PH034,201902141222,5.30,7.00
OKCIT,20140804,99999999,¥i¥Î,K-citrate granules 5gm,K-citrate granules 5gm,Potassium Citrate Monohydrate + Citric Acid,PC,QD,SGU,UR-05-00,¤fªA,PK,DeStone,«D²Õ®M,,,¤@¯ë¥i¥Î,¬O,¤£¥i¥ÎÃÄ¥]¾÷,¥i¥Î,¤@¯ë,Á`¶q¶i¦ì,¾AÀ³¯g:ÆP¤Æ¾¯¡A ¥Î©ó§¿¹Dµ²¥Û¡A µÇ¤pºÞ©Ê»Ä¬r¯g,,Indication:Renal tubular acidosis with calculi.,,¥~ Æ[:5 ¤½§J¯»¾¯¥]¸Ë,Appearance:5gm powder,¦]°ª¦å¹[¯g¤Þ°_µL¤O¡A ·w¯t,Asthenia¡A dizziness.,,¬Ò¥i¥Î,µ²¥Û²MÁû²É,K-citrate granules,,,,¬O,,¨C¥]½Ð¥H180 CC¥H¤W§N¶}¤ô©ÎªG¥Ä½Õ¤Ã«á¦AªA¥Î,,Mix thoroughly with at least 180 ml cold water or juice before taking.,,,,,¤@¯ë,¤@¯ë,Äµ »y:¨C¥]½Ð¥H180 CC¥H¤W§N¶}¤ô©ÎªG¥Ä½Õ¤Ã«á¦AªA¥Î,,,0,0,§_,1.0,,§_,¬O,§_,½Æ¤è,§_,¥i¥Î,¥i¥Î,¤£¥i¿i,¬O,,1.00,1.00,2.00,2.00,999,999,1,1,4.00,4.00,0,0,,¦³¹Ï¤ù,,0,,0,,A09AB04,A12BA02,,,,0,,0,,PK,§_,°·«Oµ¹¥I,°·«Oµ¹¥I,CITRIC ACID 200MG/GM + POTASSIUM CITRATE 660MG/GM,G04BC,AC36657121,§_,SolidDrugForm,GRAN,,,,,,,,,PH047,202303141748,6.70,9.00
OKEF,19960101,99999999,°±¥Î,Keflex 250mg,Keflex 250mg,Cephalexin,PO,,QANB,AI-01-02,¤fªA,CAP,Ulex,«D²Õ®M,°±¥Î,OCEPH,¤@¯ë¥i¥Î,¬O,¥i¥ÎÃÄ¥]¾÷,,¤@¯ë,Á`¶q¶i¦ì,¾AÀ³¯g:²Óµß©Ê·P¬V,,Antibacterial agent,,¥~ Æ[:²`ºñ/¥Õ¦âªø¶ê¬W§Îµw½¦Ån,Appearance:Dark Green/White Cylinder Hard Capsule,,,,,³Í´_¤O,Keflex 250mg,,,§_,¬O,,,,,,,,,¤@¯ë,¤@¯ë,Äµ »y:½Ð¿í«ü¥ÜªA§¹¾ã­ÓÀøµ{¡A­Yµo¥Í¥ÎÃÄ¤£¨}¤ÏÀ³½Ð§iª¾Âå¥Í¡C,,,,,§_,1.0,,§_,§_,§_,³æ¤è,§_,°±¥Î,¥i¥Î,¥i¿i,¬O,,1.00,1.00,16.00,16.00,999,999,1,1,0,0,0,0,,µL¹Ï¤ù,,0,,0,,J01DB01,,,,,,,,,CAP,§_,°·«Oµ¹¥I,°·«Oµ¹¥I,CEPHALEXIN,J01DB01,B023139100,§_,SolidDrugForm,ORCAP,,,,,,,,,PH047,202401261320,2.03,3.00
OKEP,20070626,99999999,¥i¥Î,Keppra 500mg,Keppra 500mg,Levetiracetam,PO,BID,CNEU,CN-03-01,¤fªA,TAB,Keppra,«D²Õ®M,,OUFR,¤@¯ë¥i¥Î,¬O,¥i¥ÎÃÄ¥]¾÷,¥i¥Î,¤@¯ë,Á`¶q¶i¦ì,¾AÀ³¯g:³æ¿W©Î»²§UªvÀø§½³¡Åöíwµo§@©Î¦Ù©âÅD©ÊÅöíwµo§@µ¥¡C,,Indication:Partial epilepsy monotherapy or adjuvant therapy.,,¥~ Æ[:²H¶À¦â¾ò¶ê§Î¿õ¾¯¡A ¤@­±¼Ð¥Ü ucb 500,Appearance:Light yellow elliptic tablet,¯h­Â¡A °·§Ñ¡A ¹B°Ê¥¢½Õ¡A §x´b¡A ·w¯t¡A Å¸§Ý,Fatigue¡A amnesia¡A ataxia¡A convulsion¡A dizziness¡A tremor,,¬Ò¥i¥Î,Àu¶¢ ½¤¦ç¿õ500¤½µ·,Keppra 500mg,,,¬O,§_,,¥i¯à·|³y¦¨¶ÝºÎ©Î·w¯t¡A¶}¨®©Î¾Þ§@¦MÀI¾÷¾¹½Ð¤p¤ß¡C,³Æµù: Á×§K¬ðµM°±ÃÄ¡C,May make you dizzy; use caution while driving or operating machinery.,Avoid abrupt withdrawal.,­Y¥X²{¬õ¯l¡Bµo¿N¡B²O¤Úµ²¸~µÈ¡Bµê®zÀ³°±ÃÄ¨Ã¥ß§Y´M¨DÂåÀø¨ó§U¡C,Discontinue for rash¡A fever¡A or swollen lymph nodes; seek medical help.,105-4 ÃÄ©e·|¨MÄ³§R°£¡A109/02 Ufree 500mg¯Ê³f¼È¥N,¤@¯ë,¤@¯ë,Äµ »y:¥i¯à·|³y¦¨¶ÝºÎ©Î·w¯t¡A ¶}¨®©Î¾Þ§@¦MÀI¾÷¾¹½Ð¤p¤ß,,¤fªAÃÄ,,,§_,1.0,,§_,¬O,§_,³æ¤è,§_,¥i¥Î,¥i¥Î,¤£¥i¿i,¬O,,1.00,1.00,3.00,3.00,999,999,1,1,9.00,9.00,0,0,,¦³¹Ï¤ù,,0,,0,,N03AX14,,,,,,,,,TAB,,°·«Oµ¹¥I,°·«Oµ¹¥I,LEVETIRACETAM,N03AX14,BC23889100,§_,SolidDrugForm,ORTAB,,,,,,,,,PH047,202401231142,21.30,28.00
OKES,20140905,99999999,¥i¥Î,Ketosteril,Ketosteril,Amino Acids + Ketoanalogues,WM,TID,NUTR,NU-04-01,¤fªA,TAB,,«D²Õ®M,,,¤@¯ë¥i¥Î,¬O,¤£¥i¥ÎÃÄ¥]¾÷,,¤@¯ë,Á`¶q¶i¦ì,¾AÀ³¯g:ºC©ÊµÇ¤£¥þ®É®ò°ò»Ä¤§¸Éµ¹,,Indication:Chronic renal insufficiency amino acid supplement,,¥~ Æ[:¶À¦â¾ò¶ê§Î¿õ¾¯,Appearance: yellow elliptic tablet,°ª¦å¶t,hypercalcinemia,,¬Ò¥i¥Î,¦N¦h§Q¿õ,Ketosteril,,,,¬O,,¥»«~¨Ï¥Î©óGFR 5-15mL/min¡A ¥B³J¥Õ½èÄá¨ú¡Ø 40g/day¤§¦¨¤H¯f±w¡C,,The drug for GFR 5-15mL/min¡A and protein intake ¡Ø 40g/day adult patient.,,,,°·«O³W©w¨C¤é¦Ü¦h6Áû¡A­YÂå®v¦³¦Û¶O»Ý­n½Ð¼È®É­×§ï¤U¤è¨C¤é³Ì¤j¶q¡C,¤@¯ë,¤@¯ë,¥»«~¨Ï¥Î©óGFR 5-15mL/min¡A ¥B³J¥Õ½èÄá¨ú¡Ø 40g/day¤§¦¨¤H¯f±w¡C,,,0,0,§_,1.0,,§_,¬O,§_,³æ¤è,§_,¥i¥Î,¥i¥Î,¤£¥i¿i,¬O,,2.00,2.00,8.00,8.00,999,999,7,1,6.00,6.00,0,0,,¦³¹Ï¤ù,,0,,0,,B05BA01,,,,,0,,0,,TAB,,°·«Oµ¹¥I,°·«Oµ¹¥I,AMINO ACIDS FOR RENAL,V06DD,BC18273100,§_,SolidDrugForm,ORTAB,,,,,,,,,PH047,202303141748,14.70,19.00
OKET,20040901,99999999,¥i¥Î,Keto 10mg,Keto 10mg,Ketorolac,PC,TID,CNEU,CN-01-02,¤fªA,CAP,keto,«D²Õ®M,,,¤@¯ë¥i¥Î,¬O,¥i¥ÎÃÄ¥]¾÷,,¤@¯ë,Á`¶q¶i¦ì,¾AÀ³¯g:¨ã¸Ñ¼ö¡A Âíµh¡A ®øª¢§@¥Î,,Indication:Relief of pain¡A inflammation & fever.,,¥~ Æ[:ÂÅ¦âªø¶ê¬W§Îµw½¦Ån¡A ¦L¦³ YSP KECP,Appearance:Blue hard capsule,Áy¡B¤â«ü¡B¤UªÏ¡B¸}½ï¯B¸~¡A Åé­«²§±`¼W¥[,Swelling of face¡A fingers¡A lower legs¡A ankles¡A and/or feet; unusual weight gain,,¬Ò¥i¥Î,§J¦hª¢¸z·»·L²É½¦Ån,Keto 10mg,,,§_,¬O,,­Yµo¥Í³ïµh¡B¤fµÄ/ÂH½¤¼ìÄê¡BÄY­«¹L±Ó©Îµo¯lµ¥¤£¾A¯gª¬¡A À³§Y°±ÃÄ¨Ã½Ð±ÐÂå®v,,Report to doctor¡A if any sore throat¡A mouth ulcers or skin rash occur.,,,,,¤@¯ë,¤@¯ë,Äµ »y: ­Yµo¥ÍÄY­«¹L±Ó©Îµo¯lµ¥¤£¾A¯gª¬¡AÀ³§Y°±ÃÄ¨Ã½Ð±ÐÂå®v,,¤fªAÃÄ,,,§_,1.0,,§_,¬O,§_,³æ¤è,§_,¥i¥Î,¥i¥Î,¤£¥i¿i,¬O,,1.00,1.00,2.00,2.00,14,7,0,1,4.00,4.00,0,0,,¦³¹Ï¤ù,,0,,0,,M01AB15,,,,,,,,,CAP,§_,°·«Oµ¹¥I,°·«Oµ¹¥I,KETOROLAC,M01AB15,AC45965100,§_,SolidDrugForm,ENTCAP,,,,,,,,,PH047,202303141748,3.89,6.00
OKIN,20040901,99999999,°±¥Î,Kinloft 50mg,Kinloft 50mg,Sertraline,PO,QD,CNEU,CN-02-04,¤fªA,TAB,Zoloft,«D²Õ®M,°±¥Î,OZOL,¤@¯ë¥i¥Î,¬O,¤£¥i¥ÎÃÄ¥]¾÷,±ø¥ó¤Uµ¹¥I,¤@¯ë,Á`¶q¶i¦ì,¾AÀ³¯g:¼~Æ{¯g¡A ±j­¢¯g¡A ³Ð¶Ë«áÀ£¤O¯g­Ô¸s¡A ªÀ¥æ®£Äß¯gµ¥,,Indication:Treatment of depression¡A post-traumatic stress,disorder¡A social anxiety disorder.,¥~ Æ[:¥Õ¦âªø¶ê¬W§Î¿õ¾¯¡A¤@­±¦³200¡A¤@­±¤¤¥¡¨è²ª¥[SK,Appearance:White cylinder tablet,­G¸z¤£¾A,GI upset,,¬Ò¥i¥Î,§Ü¼~ªA,Kinloft 50mg,,,§_,¬O,½Ã±Ð³æ¥|,¥²¶·¨ÌÂå®v«ü¥Ü³v¦¸ªº´î¶q¡A ¤Å¬ðµM°±ÃÄ,,Follow doctor's orders. Do not discontinue abruptly.,,­¹ª«¥æ¤¬§@¥Î: ªAÃÄ´Á¶¡Á×§K¶¼°s,Food interaction:Avoid alcohol.,,¤@¯ë,¤@¯ë,Äµ »y:¥²¶·¨ÌÂå®v«ü¥Ü³v¦¸ªº´î¶q¡A¤Å¬ðµM°±ÃÄ,­¹ ­¹ª«¥æ¤¬,,,,¬O,1.0,,§_,§_,§_,³æ¤è,§_,°±¥Î,¥i¥Î,¥i¿i,¬O,,1.00,1.00,2.00,2.00,999,999,1,1,0,0,0,0,,¦³¹Ï¤ù,,0,,0,,N06AB06,,,,,,,,,TAB,,°·«Oµ¹¥I,°·«Oµ¹¥I,SERTRALINE,N06AB06,AC43744100,§_,SolidDrugForm,ORTAB,,,,,,,,,PH047,202303141748,6.10,9.00
OKIS,20191223,99999999,¥i¥Î,Kisqali 200mg,Kisqali 200mg,Ribociclib,PO,QD,RACA,ON-08-06,¤fªA,TAB,Kisqali,«D²Õ®M,Á{±ÄÃÄ¡A½Ð³qª¾ÃÄ§½¥~ÁÊ,,¤@¯ë°ª»ùÃÄ,¬O,¤£¥i¥ÎÃÄ¥]¾÷,±ø¥ó¤Uµ¹¥I,¤@¯ë,Á`¶q¶i¦ì,¾AÀ³¯g:»PªÚ­»ÀôÂà¤Æ×Q§í¨î¾¯¨Ö¥ÎªvÀø¨ÅÀù,,Indication:With an aromatase inhibitor for breast,cancer treatment in postmenopausal women.,¥~ Æ[:²L¦Çµµ¦â¶ê§Î¿õ¾¯¡A¤@­±¦LRIC¡A¤@­±¦LNVR,Appearance:Light purple round tablet¡A marking:RIC and NVR,­G¸z¤£¾A¡A¨ýÄ±»ÙÃª¡AÀYµh¡A¥¢¯v¡A¯h³Ò¡A­Iµh¡A¹½­¹,GI upset¡A dysgeusia¡A headache¡A insomnia¡A fatigue¡A back pain¡A anorexia,,¥u¥Î©óªù¶E¤Î¦í°|STAT,À»Àù§Q200²@§J½¤¦ç¿õ,Kisqali 200mg,,,,§_,,À³¾ã²É§]ªA¡A ¤Á¤Å«rÄZ©ÎÀ£¸H,,Swallow the tablet whole. Do not chew or crush.,,,,,¤@¯ë,¤@¯ë,Äµ »y:À³¾ã²É§]ªA¡A¤Á¤Å«rÄZ©ÎÀ£¸H,,,0,0,§_,1.0,,§_,¬O,¬O,³æ¤è,§_,¥i¥Î,¥i¥Î,¤£¥i¿i,§_,,0,0,3.00,3.00,21,21,21,21,3.00,3.00,0,0,,¦³¹Ï¤ù,,0,,0,,L01EF02,,,,,0,,0,,TAB,¬O,°·«Oµ¹¥I,°·«Oµ¹¥I,RIBOCICLIB,L01EF02,BC27320100,§_,SolidDrugForm,ORTAB,,,0,,0,mL,,,PH032,202303261013,1045.00,1254.00
OKIS0,20190509,99999999,¥i¥Î,Kisqali 200mg 63#/²° (sample),Kisqali 200mg 63#/²°(sample),Ribociclib,PO,QD,RACA,ON-08-06,¤fªA,TAB,Kisqali,«D²Õ®M,Á{±ÄÃÄ¡A½Ð³qª¾ÃÄ§½¥~ÁÊ,,±`³ÆÁ{±Ä(¤£§R),¬O,¤£¥i¥ÎÃÄ¥]¾÷,°·«O¤£µ¹¥I,¤@¯ë,Á`¶q¶i¦ì,¾AÀ³¯g:»PªÚ­»ÀôÂà¤Æ×Q§í¨î¾¯¨Ö¥ÎªvÀø¨ÅÀù,,Indication:With an aromatase inhibitor for breast,cancer treatment in postmenopausal women.,¥~ Æ[:²L¦Çµµ¦â¶ê§Î¿õ¾¯¡A¤@­±¦LRIC¡A¤@­±¦LNVR,Appearance:Light purple round tablet¡A marking:RIC and NVR,­G¸z¤£¾A¡A¨ýÄ±»ÙÃª¡AÀYµh¡A¥¢¯v¡A¯h³Ò¡A­Iµh¡A¹½­¹,GI upset¡A dysgeusia¡A headache¡A insomnia¡A fatigue¡A back pain¡A anorexia,,¥u¥Î©óªù¶E¤Î¦í°|STAT,À»Àù§Q200²@§J½¤¦ç¿õ(sample),Kisqali 200mg (sample),,,,§_,,À³¾ã²É§]ªA¡A ¤Á¤Å«rÄZ©ÎÀ£¸H,,Swallow the tablet whole. Do not chew or crush.,,,,[Rx_x]ÃØÃÄ¥Ó½Ð³q¹L¼t°Ó·|¶ÇÂ²°Tµ¹¯f±w(ÃÄ®w¤~·|¦¬¨ìÃÄ)¥¼¦¬Â²°T½Ð¯f±wª½±µÁpÃ´¼t°Ó,¤@¯ë,¤@¯ë,Äµ »y:À³¾ã²É§]ªA¡A¤Á¤Å«rÄZ©ÎÀ£¸H,,,0,0,,63.0,,§_,¬O,¬O,³æ¤è,§_,°±¥Î,°±¥Î,¤£¥i¿i,§_,,0,0,3.00,3.00,21,21,21,21,3.00,3.00,0,0,,¦³¹Ï¤ù,,0,,0,,L01EF02,,,,,0,,0,,BOX,,°·«O¤£¥Ó³ø¤£­p»ù,°·«O¤£¥Ó³ø¤£­p»ù,,,,,SolidDrugForm,ORTAB,,,0,,0,,,,PH032,202303261014,0,0
OKLA,19960101,99999999,°±¥Î,Klaricid 250mg,Klaricid 250mg,Clarithromycin,PO,BID,QANB,AI-01-06,¤fªA,TAB,Klaricid,«D²Õ®M,°±¥Î,OKLA5,¤@¯ë¥i¥Î,¬O,¤£¥i¥ÎÃÄ¥]¾÷,­­¥Î,¤@¯ë,Á`¶q¶i¦ì,¾AÀ³¯g:²Óµß©Ê·P¬V,,Antimicrobial agent,,¥~ Æ[:©ú¶À¦â¾ò¶ê§Î¿õ¾¯,Appearance:Light Yellow Elliptic Tablet,,,,,¶}Ã¹²zÅð¯À,Klaricid 250mg,,,§_,¬O,,,,,,,,,¤@¯ë,¤@¯ë,Äµ »y:½Ð¿í«ü¥ÜªA§¹¾ã­ÓÀøµ{¡A­Yµo¥Í¥ÎÃÄ¤£¨}¤ÏÀ³½Ð§iª¾Âå¥Í¡C,,,,,§_,1.0,,§_,§_,§_,³æ¤è,§_,¥i¥Î,¥i¥Î,¥i¿i,¬O,,1.00,1.00,1.00,1.00,14,14,1,1,0,0,0,0,,µL¹Ï¤ù,,0,,0,,J01MA02,,,,,,,,,TAB,§_,°·«Oµ¹¥I,°·«Oµ¹¥I,CLARITHROMYCIN,J01FA09,B019804100,§_,SolidDrugForm,ORTAB,,,,,,,,,PH047,202401261321,30.10,38.00
OKLA5,20050317,99999999,°±¥Î,Klaricid 500mg,Klaricid 500mg,Clarithromycin,PO,BID,QANB,AI-01-06,¤fªA,TAB,Klaricid,«D²Õ®M,°±¥Î,OKLA5X,¤@¯ë¥i¥Î,¬O,¤£¥i¥ÎÃÄ¥]¾÷,­­¥Î,¤@¯ë,Á`¶q¶i¦ì,¾AÀ³¯g:²Óµß©Ê·P¬V,,Indication:Antibiotic for infection.,,¥~ Æ[:©ú¶À¦â¾ò¶ê§Î¿õ¾¯,Appearance:Light yellow elliptic tablet,¸¡Âm¡A ¹Ã¦R¡A ¸¡µh¡A ®ø¤Æ¤£¨}¡A äú¤ß,Diarrhea¡A vomiting¡A abdominal pain¡A dyspepsia¡A nausea.,,¬Ò¥i¥Î,¶}Ã¹²zÅð¯À,Klaricid 500mg,,,§_,¬O,,½Ð¿í«ü¥ÜªA§¹¾ã­ÓÀøµ{¡A ­Yµo¥Í¥ÎÃÄ¤£¨}¤ÏÀ³½Ð§iª¾Âå¥Í,,Follow doctor's advice. Check with doctor if you notice any side effects.,,¦p¦³¤ß±ª¡B¯Ýµh¡B·w³Ö¤£¾A¯gª¬¡AÀ³°±ÃÄ¥ß§Y¦^¶E¡C,Stop taking and seek medical immediately if palpitations¡Achest pain¡Afainting,,¤@¯ë,¤@¯ë,Äµ »y:½Ð¿í«ü¥ÜªA§¹¾ã­ÓÀøµ{¡A­Yµo¥Í¥ÎÃÄ¤£¨}¤ÏÀ³½Ð§iª¾Âå¥Í¡C,,,,,§_,1.0,,§_,¬O,§_,³æ¤è,§_,°±¥Î,°±¥Î,¥i¿i,¬O,,1.00,1.00,1.00,1.00,14,7,0,1,4.00,4.00,0.06,0.03,,¦³¹Ï¤ù,,0,,0,,J01FA09,,,,,0.50,g,0.50,g,TAB,,°·«Oµ¹¥I,°·«Oµ¹¥I,CLARITHROMYCIN,J01FA09,BC22420100,§_,SolidDrugForm,ORTAB,,,,,,,,,PH006,202307281207,13.20,17.00
OKLA5X,20221128,99999999,¥i¥Î,Klaricid XL 500mg,Klaricid XL 500mg,Clarithromycin,WM,QD,QANB,AI-01-06,¤fªA,TAB,Klaricid,«D²Õ®M,,,¤@¯ë¥i¥Î,¬O,¤£¥i¥ÎÃÄ¥]¾÷,¥i¥Î,¤@¯ë,Á`¶q¶i¦ì,¾AÀ³¯g:²Óµß©Ê·P¬V,,Indication:Antibiotic for infection.,,¥~ Æ[:¶À¦â¾ò¶ê§Î¿õ¾¯,Appearance:yellow elliptic tablet,¸¡Âm¡A ¹Ã¦R¡A ¸¡µh¡A ®ø¤Æ¤£¨}¡A äú¤ß,Diarrhea¡A vomiting¡A abdominal pain¡A dyspepsia¡A nausea.,,¬Ò¥i¥Î,¶}Ã¹²zÅð¯À«ùÄò©ÊÃÄ®Ä¿õ500 ²@§J,Klaricid XL 500mg,,,,§_,,½Ð¤Å±N¥»ÃÄÀ£¸H©Î©CÄZ¡C¥»ÃÄ«ØÄ³ÀHÀ\¨Ï¥Î¡C,½Ð¿í«ü¥ÜªA§¹¾ã­ÓÀøµ{¡A ­Yµo¥Í¥ÎÃÄ¤£¨}¤ÏÀ³½Ð§iª¾Âå¥Í,Should be swallowed whole and not chewed.And taken with meals.,Follow doctor's advice. Check with doctor if you notice any side effects.,¦p¦³¤ß±ª¡B¯Ýµh¡B·w³Ö¤£¾A¯gª¬¡AÀ³°±ÃÄ¥ß§Y¦^¶E¡C,Stop taking and seek medical immediately if palpitations¡Achest pain¡Afainting,2022.11¯Ê³f´À¥N[OKLA5],¤@¯ë,¤@¯ë,Äµ »y:½Ð¿í«ü¥ÜªA§¹¾ã­ÓÀøµ{¡A­Yµo¥Í¥ÎÃÄ¤£¨}¤ÏÀ³½Ð§iª¾Âå¥Í¡C,,,0,0,§_,1.0,,§_,¬O,§_,³æ¤è,,°±¥Î,°±¥Î,¤£¥i¿i,¬O,,1.00,1.00,1.00,1.00,14,14,0,0,2.00,2.00,0.06,0.03,,¦³¹Ï¤ù,,0,,0,,J01FA09,,,,,0.50,g,0.50,g,TAB,§_,°·«Oµ¹¥I,°·«Oµ¹¥I,CLARITHROMYCIN,J01FA09,BC23078100,§_,SolidDrugForm,ERTAB,,,0,,0,mL,,,PH047,202401261227,18.70,24.00
OKLAR,20180711,99999999,°±¥Î,Klarith 500mg,Klarith 500mg,Clarithromycin,PO,BID,QANB,AI-01-06,¤fªA,TAB,Klaricid,«D²Õ®M,°±¥Î,,¤@¯ë¥i¥Î,¬O,¤£¥i¥ÎÃÄ¥]¾÷,­­¥Î,¤@¯ë,Á`¶q¶i¦ì,¾AÀ³¯g:²Óµß©Ê·P¬V,,Indication:Antibiotic for infection.,,¥~ Æ[:¶À¦âªø¶ê¬W«¬¿õ¾¯¡A ¦L¦³PBF¤Î436¦r¼Ë,Appearance:Yellow cylinder tablet¡A marking: PBF and 436.,¸¡Âm¡A ¹Ã¦R¡A ¸¡µh¡A ®ø¤Æ¤£¨}¡A äú¤ß,Diarrhea¡A vomiting¡A abdominal pain¡A dyspepsia¡A nausea.,,¬Ò¥i¥Î,§JÃ¹§QÅð¯À½¤¦ç¿õ,Klarith 500mg,,,,¬O,,½Ð¿í«ü¥ÜªA§¹¾ã­ÓÀøµ{¡A ­Yµo¥Í¥ÎÃÄ¤£¨}¤ÏÀ³½Ð§iª¾Âå¥Í,,Follow doctor's advice. Check with doctor if you notice any side effects.,,ª`·N¨Æ¶µ¡G¤£À³¾Õ¦Û°±ÃÄ¡A¦p¥X²{¤ß±ª¡B¯Ýµhµ¥¤£¾A¯gª¬¡AÀ³¦^¶E­ì³B¤èÂå®v¡C,Cautions: Call your doctor if you feel chest pain or a fast heartbeat.,,¤@¯ë,¤@¯ë,Äµ »y:½Ð¿í«ü¥ÜªA§¹¾ã­ÓÀøµ{¡A­Yµo¥Í¥ÎÃÄ¤£¨}¤ÏÀ³½Ð§iª¾Âå¥Í¡C,,,0,0,§_,1.0,,§_,,§_,³æ¤è,,°±¥Î,,¥i¿i,¬O,,1.00,1.00,1.00,1.00,14,7,0,1,4.00,4.00,0,0,,¦³¹Ï¤ù,,0,,0,,J01FA09,,,,,0.50,g,0.50,g,TAB,§_,°·«Oµ¹¥I,°·«Oµ¹¥I,CLARITHROMYCIN,J01FA09,AC46638100,,SolidDrugForm,ORTAB,,,0,,0,,,,PH006,201902120907,13.20,17.00
OKLE,19960101,99999999,°±¥Î,Klean-Prep powder,Klean-Prep powder,Polyethylene Glycol,PO,AS,ALIM,GI-03-00,¤fªA,PK,Klean-Prep,«D²Õ®M,°±¥Î,OGIK,¤@¯ë¥i¥Î,¬O,¤£¥i¥ÎÃÄ¥]¾÷,°·«O¤£µ¹¥I,¤@¯ë,Á`¶q¶i¦ì,¾AÀ³¯g:¬°¸z¹DÀË¬d¡A ¤â³N«e²b¸z¥ÎÃÄ,,Indication:Osmotic laxative agent.,,¥~ Æ[:69§J¯»¾¯¥]¸Ë,Appearance:65gm powder,¸¡µh¡A ¹Ã¦R¡A ¤Ö¦³ª½¸z¨ë¿E,Abdominal pain¡A vomiting. Rarely rectal irritation.,,,¨è¨£²M,Klean-Prep powder,,,§_,¬O,,¨C¥]¶·¥H1000mL¤ô°t»s¦¨·»²G«á¡A ¤fªA§ë¤©,,Mix each package with 1000ml fluid thoroughly before taking.,,³Æµù: Á×§K¤@¤p®É¤º»P¨ä¥L¤fªAÃÄ¨Ö¥Î,Co-administration of oral medication within 1 hr may be flushed out.,,¤@¯ë,¤@¯ë,Äµ »y:¨C¥]¶·¥H1000ml¤ô°t»s¦¨·»²G«á¡A¤fªA§ë¤©,,,,,§_,1.0,,§_,§_,§_,½Æ¤è,§_,°±¥Î,¥i¥Î,¤£¥i¿i,¬O,,2.00,2.00,2.00,2.00,999,1,1,1,4.00,4.00,0,0,,¦³¹Ï¤ù,,0,,0,,A06AD15,,,,,,,,,PK,§_,¤£µ¹¥I¶·¦Û¥I,¤£µ¹¥I¶·¦Û¥I,,,,§_,SolidDrugForm,POWD,,,,,,,,,PH047,202303141748,0,168.00
OKLE1,20050503,99999999,°±¥Î,Klean-Prep (¸zÀù±M®×),Klean-Prep (¸zÀù±M®×),Polyethylene Glycol,PO,10,ALIM,GI-03-00,¤fªA,PK,Klean-Prep,«D²Õ®M,°±¥Î,OKLE,¤@¯ë¥i¥Î,§_,¤£¥i¥ÎÃÄ¥]¾÷,,¤@¯ë,Á`¶q¶i¦ì,¾AÀ³¯g:¬°¸z¹DÀË¬d¡B¤â³N«e²b¸z¥ÎÃÄ,,Osmotic laxative agent,,¥~ Æ[:¯»¾¯¥]¸Ë,Appearance:Powder,,,,¥u¥Î©óªù¶E,¨è¨£²M,Klean-Prep (¸zÀù±M®×),,,§_,¬O,,,,,,,,,¤@¯ë,¤@¯ë,Äµ »y:¨C¥]¶·¥H1000ml¤ô°t»s¦¨·»²G«á¡A¤fªA§ë¤©,,,,,§_,1.0,,§_,§_,§_,³æ¤è,§_,¥i¥Î,¥i¥Î,¥i¿i,§_,,2.00,2.00,2.00,2.00,1,1,1,1,0,0,0,0,,µL¹Ï¤ù,,0,,0,,,,,,,,,,,PK,,°·«O¤£¥Ó³ø¤£­p»ù,°·«O¤£¥Ó³ø¤£­p»ù,,,,§_,SolidDrugForm,POWD,,,,,,,,,PH047,202303141748,0,0
OKLI,19960101,99999999,°±¥Î,Kliogest (28tab/box),Kliogest (28tab/box),Estradiol 2 mg/tab + Norethisterone 1mg/tab,PO,,HM,HR-03-04,¤fªA,TAB,,«D²Õ®M,°±¥Î,,¤@¯ë¥i¥Î,¬O,¤£¥i¥ÎÃÄ¥]¾÷,,¤@¯ë,Á`¶q¶i¦ì,¾AÀ³¯g:¬°¶Pº¸»X¸É¥R¾¯,,,,,,,,,,,Kliogest (28tab/box),,,§_,¬O,,,,,,,,,¤@¯ë,¤@¯ë,,,,,,§_,1.0,,§_,§_,§_,³æ¤è,§_,¥i¥Î,¥i¥Î,¥i¿i,¬O,,1.00,1.00,999.00,999.00,999,999,1,1,0,0,0,0,,µL¹Ï¤ù,,0,,0,,,,,,,,,,,TAB,§_,°·«Oµ¹¥I,°·«Oµ¹¥I,ESTRADIOL 2MG + NORETHINDRONE 1MG,G03FA01,B020798100,§_,SolidDrugForm,ORTAB,,,,,,,,,PH047,202303141748,13.50,20.00
OKLU,20141215,99999999,¥i¥Î,Kludone MR 60mg,Kludone MR 60mg,Gliclazide,PO,QD,META,ME-02-01,¤fªA,TAB,Diamicron,«D²Õ®M,,,¤@¯ë¥i¥Î,¬O,¤£¥i¥ÎÃÄ¥]¾÷,¥i¥Î,¤@¯ë,Á`¶q¶i¦ì,¾AÀ³¯g:²Ä¤G«¬¿}§¿¯f,,Indication:Treatment of type 2 diabetes,,¥~ Æ[:¥Õ¦â¾ò¶ê§Î¿õ¡A¦L¦³PM I 37¤Î60,Appearance:White elliptic tablet¡A marking: PM I 37 and 60,§C¦å¿}¯gª¬(µø¤O¼Ò½k¡A «_§N¦½¡A ½§¦â»a¥Õ¡A ¶ÝºÎ),low blood sugar (blurred vision¡A cold sweats¡A cool pale skin¡A sleepy),,¬Ò¥i¥Î,³t¿}²b «ùÄò©ÊÃÄ®Ä¿õ 60 ²@§J,Kludone 60mg,,,,§_,,¤Å¶¼°s¤Î§l·Ï,,Avoid alcohol and smoking.,,,,,¤@¯ë,¤@¯ë,Äµ»y:¤Å¶¼°s¤Î§l·Ï,,,0,0,§_,1.0,,§_,¬O,§_,³æ¤è,§_,¥i¥Î,¥i¥Î,¤£¥i¿i,¬O,,1.00,1.00,2.00,2.00,999,999,1,1,2.00,2.00,0,0,,¦³¹Ï¤ù,,0,,0,,A10BB09,,,,,0,,0,,TAB,,°·«Oµ¹¥I,°·«Oµ¹¥I,GLICLAZIDE,A10BB09,AB55560100,§_,SolidDrugForm,ERTAB12,,,,,,,,,PH047,202303141748,2.81,4.00
OKNO,19960101,99999999,°±¥Î,Knowful 400mg,Knowful 400mg,Piracetam,PO,,CNEU,CN-03-11,¤fªA,CAP,Nootropil,«D²Õ®M,°±¥Î,,¤@¯ë¥i¥Î,¬O,¥i¥ÎÃÄ¥]¾÷,,¤@¯ë,Á`¶q¶i¦ì,¾AÀ³¯g:¬°¸£¥NÁÂ§ïµ½¾¯,,Treatment of cerebral circulatory insufficiency,,¥~ Æ[:·tºñ/²H¶À¾í¦âªø¶ê¬W§Îµw½¦Ån,Appearance:Green/Yellow Cylinder Hard Capsule,,,,,¸£ºÖ,Knowful 400mg,,,§_,¬O,,,,,,,,,¤@¯ë,¤@¯ë,Äµ »y:­Y¦P®É¨Ö¥Î§Ü¾®¦å¾¯warfarin¤§±wªÌ¡A ½Ð°È¥²§iª¾Âå®v,,,,,§_,1.0,,§_,§_,§_,³æ¤è,§_,¥i¥Î,¥i¥Î,¥i¿i,¬O,,1.00,1.00,3.00,3.00,999,999,1,1,0,0,0,0,,µL¹Ï¤ù,,0,,0,,,,,,,,,,,CAP,§_,°·«Oµ¹¥I,°·«Oµ¹¥I,PIRACETAM,N06BX03,A017508100,§_,SolidDrugForm,ORCAP,,,,,,,,,PH047,202303141748,1.14,3.00
OKNO1,20080320,99999999,°±¥Î,KNOWFUL 1200mg,KNOWFUL 1200mg,Piracetam,PO,,CNEU,CN-03-11,¤fªA,TAB,Nootropil,«D²Õ®M,°±¥Î,ONUX,¤@¯ë¥i¥Î,¬O,¤£¥i¥ÎÃÄ¥]¾÷,¥i¥Î,¤@¯ë,Á`¶q¶i¦ì,¾AÀ³¯g:¬°¸£¦åºÞ»ÙÃª§ïµ½¾¯,,Treatment of cerebral circulatory insufficiency,,¥~ Æ[: ¬õ¾í¦â¾ò¶ê§Î¿õ¾¯¡A ¤@­±¦LYSP 120¡A ¤@­±¦³¤¤¥¡¨è²ª,Appearance:Red Orange Elliptic Tablet,,,,¬Ò¥i¥Î,¸£ºÖ½¤¦ç¿õ,KNOWFUL 1200mg,,,§_,¬O,,,,,,,,,¤@¯ë,¤@¯ë,Äµ »y:­Y¦P®É¨Ö¥Î§Ü¾®¦å¾¯warfarin¤§±wªÌ¡A ½Ð°È¥²§iª¾Âå®v,,,,,§_,1.0,,§_,§_,§_,³æ¤è,§_,°±¥Î,¥i¥Î,¥i¿i,¬O,,1.00,1.00,1.00,1.00,999,999,1,1,0,0,0,0,,µL¹Ï¤ù,,0,,0,,,,,,,,,,,TAB,,°·«Oµ¹¥I,°·«Oµ¹¥I,PIRACETAM,N06BX03,AC47679100,§_,SolidDrugForm,ORTAB,,,,,,,,,PH047,202303141749,4.67,6.00
OKON,20031012,99999999,°±¥Î,Konsyl 6gm,Konsyl 6gm,Psyllium hydrophilic mucilloid,PO,QD,ALIM,GI-03-00,¤fªA,PK,,«D²Õ®M,°±¥Î,,¤@¯ë¥i¥Î,¬O,¤£¥i¥ÎÃÄ¥]¾÷,¥i¥Î,¤@¯ë,Á`¶q¶i¦ì,¾AÀ³¯g:¬°³n«K¾¯,,Indication:Treatment of constipation or diarrhea.,,¥~ Æ[:6 §J¯»¾¯¥]¸Ë,Appearance:6gm powder,¸¡µÈ¡A µ±µh¡A ¸¡Âm¡A äú¤ß¡A ±Æ®ð,Bloating¡A stomach cramp¡A diarrhea¡A cramping¡A diarrhea¡A nausea¡A gas,,¬Ò¥i¥Î,±d½çº¸´²¾¯¡@,Konsyl 6gm,,,§_,¬O,,¨C¦¸½Ð¥H200CC¥H¤W²GÅé½Õ¤Ã«á¥ß§YªA¥Î¡A ¨Ã¦A¥[¶¼¤@ªM¤ô,,Mix this product with 200 ml fluid and drink immediately.,,,,,¤@¯ë,¤@¯ë,Äµ »y:¨C¦¸½Ð¥H200CC¥H¤W²GÅé½Õ¤Ã«á¥ß§YªA¥Î¡A¨Ã¦A¥[¶¼¤@ªM¤ô,,,,,§_,1.0,,§_,§_,§_,³æ¤è,§_,¥i¥Î,¥i¥Î,¥i¿i,¬O,,1.00,1.00,1.00,1.00,999,999,1,1,9.00,9.00,0,0,,¦³¹Ï¤ù,,0,,0,,A06AC01,,,,,,,,,PK,,°·«Oµ¹¥I,°·«Oµ¹¥I,ISPAGHULA HUSK,A06AC01,BC14837123,§_,SolidDrugForm,POWD,,,,,,,,,PH047,202303141749,8.40,12.00
OKRE,19960101,99999999,¥i¥Î,Krestin 1gm,Krestin 1gm,PSK,PO,,RACA,ON-06-00,¤fªA,PK,Krestin,«D²Õ®M,Á{±ÄÃÄ¡A½Ð³qª¾ÃÄ§½¥~ÁÊ,,­Ó®×Á{±Ä,¬O,¤£¥i¥ÎÃÄ¥]¾÷,±ø¥ó¤Uµ¹¥I,¤@¯ë,Á`¶q¶i¦ì,¾AÀ³¯g:®ø¤Æ¾¹¸~½F¡]­G¡B­¹¹D¡Bµ²¸z¡Bª½¸z¡^,,Indication: Cancer chemotherapy adjunct,,¥~ Æ[: ½Å¦â¯»¥½¡A¨C¥]1§J,Appearance: brown powder¡A 1 gram/sachet,¸¡Âm¡Bäú¤ß¡B¹Ã®ð¡B¹Ã¦R¡B­¹¼¤¤£®¶,diarrhea¡A nausea¡A vomiting¡A poor appetite,,¬Ò¥i¥Î,§J³tÂí¯»¾¯,Krestin 1gm,,,§_,¬O,,¥i¯à¨ÏÁT«KÃC¦âÅÜ²`¡C,,May cause dark colored stools.,,¥i·»©ó·Å¶}¤ô©Î²K¥[¸Á»e¡BÀu®æ¡B©Î¦B²N²O­¹¥Î¡C,May be dissolved in warm water or mixed with honey¡A yogurt or ice cream.,,¤@¯ë,¤@¯ë,¥i¯à¨ÏÁT«KÃC¦âÅÜ²`¡C,,,,,§_,1.0,,§_,¬O,§_,³æ¤è,§_,¥i¥Î,¥i¥Î,¤£¥i¿i,¬O,,1.00,1.00,1.00,1.00,999,999,1,1,6.00,6.00,0,0,,¦³¹Ï¤ù,,0,,0,,L01XXaa,,,,,,,,,PK,¬O,°·«Oµ¹¥I,°·«Oµ¹¥I,KAWARATAKE,L01XX,BC19316109,§_,SolidDrugForm,POWD,,,,,,,,,PH047,202303141749,173.00,208.00
OKUZ,20151220,99999999,¥i¥Î,Kuzem powder 15g/pack,Kuzem powder 15g/pack,Sodium polystyrene sulfonate,PO,,ZADT,AD-02-00,¤fªA,PK,Kayexalate,«D²Õ®M,,,¤@¯ë¥i¥Î,¬O,¤£¥i¥ÎÃÄ¥]¾÷,,¤@¯ë,Á`¶q¶i¦ì,¾AÀ³¯g:°ª¦å¹[,,Indication:Treatment of hyperkalemia.,,¥~ Æ[:¨C¥]15§J²L¶À¦â¯»¾¯,Appearance:Buff-colored powder¡A 15gm/pack,­G¨ë¿E¡A ¹½­¹¡A äú¤ß¡A ¹Ã¦R¡A «K¯µ,Gastric irritation¡A anorexia¡A nausea¡A vomiting¡A constipation,,¬Ò¥i¥Î,¶¶¹[¬ü´²,Kuzem powder 15g/pack,,,,¬O,,¥i²V¦X¤Ö³\¶¼¥Î¤ô¡A ¤Å»PªG¥Ä²V¦X¨ÖªA,À³»P¨ä¥L¤fªAÃÄ«~¶¡¹j¦Ü¤Ö3¤p®ÉªA¥Î,Mix with a little water . Do not mix with fruit juice.,Should be separated from other orally administered medicines by at least 3 hours,³Æµù: ¤£«ØÄ³»P¨î»Ä¾¯©Î±j¤ß¾¯¨ÖªA,Do not combine with antacids¡A digitalis.,2015¦~²Ä¥|¦¸ÃÄ©e·|·s¶i,¤@¯ë,¤@¯ë,Äµ »y:¥i²V¦X¤Ö³\¶¼¤ô¡A¤Å»PªG¥Ä²V¦X¨ÖªA,,,0,0,§_,1.0,,§_,¬O,§_,³æ¤è,§_,¥i¥Î,¥i¥Î,¥i¿i,¬O,,1.00,1.00,2.00,5.00,999,999,1,1,14.00,14.00,0,0,,¦³¹Ï¤ù,,0,,0,,V03AE01,,,,,0,,0,,PK,,°·«Oµ¹¥I,°·«Oµ¹¥I,POLYSTYRENE SULFONATE,V03AE01,AC49416135,§_,SolidDrugForm,POWD,,,,,,,,,PH047,202303141749,27.40,36.00
OKYT,20040525,99999999,°±¥Î,Kytril 1mg,Kytril 1mg,Granisetron,PO,BID,CNEU,CN-03-08,¤fªA,TAB,Kytril,«D²Õ®M,°±¥Î¡A¥i¬dÃþ¦üÃÄ,,¤@¯ë¥i¥Î,¬O,¤£¥i¥ÎÃÄ¥]¾÷,¥i¥Î,¤@¯ë,Á`¶q¶i¦ì,¾AÀ³¯g:¹w¨¾¤ÎªvÀø¸~½F¤Æ¾ÇÀøªk¤Þ°_¤§äú¤ß¹Ã¦R,,Indication:Prophylaxis of chemotherapy-related vomiting.,,¥~ Æ[:¥Õ¦â¤T¨¤§Î¿õ¾¯,Appearance:White round tablet,ÀYµh¡A «K¯µ,Headache¡A constipation.,,¬Ò¥i¥Î,±d±z¾A±j,Kytril 1mg,,,§_,¬O,,°¸¦³»´·LÀYµh¡A «K¯µµ¥¤£¾A±¡§Î,,May cause mild headache¡A constipation.,,,,111-1ÃÄ©e·|§R°£,¤@¯ë,¤@¯ë,Äµ »y:°¸¦³»´·LÀYµh¡B«K¯µµ¥¤£¾A±¡§Î,,,,,§_,1.0,,§_,¬O,§_,³æ¤è,§_,°±¥Î,°±¥Î,¥i¿i,¬O,,1.00,1.00,2.00,2.00,999,999,1,1,4.00,4.00,0,0,,¦³¹Ï¤ù,,0,,0,,A04AA02,,,,,,,,,TAB,,°·«Oµ¹¥I,°·«Oµ¹¥I,GRANISETRON,A04AA02,BC22016100,§_,SolidDrugForm,ORTAB,,,,,,,,,PH047,202303141749,155.00,186.00
OLAB,20221030,99999999,¥i¥Î,Labtal 200mg,Labtal 200mg,Labetalol,WM,BID,CAVS,CV-04-02,¤fªA,TAB,Trandate,«D²Õ®M,,,¤@¯ë¥i¥Î,¬O,¥i¥ÎÃÄ¥]¾÷,¥i¥Î,¤@¯ë,Á`¶q¶i¦ì,¾AÀ³¯g: °ª¦åÀ£,,Indication:Treatment of hypertension,,¥~ Æ[:¾í¦â¶ê¥Y§Î¿õ¾¯¡A¤@­±¨è¦³SINPHAR,Appearance:Orange round tablet¡A SINPHAR marked on one side.,©I§l§xÃø¡A ¤â¸}¦B§N¡A ¤ß±¡Æ{¨ò¡A ¤ß¸õÅÜºC¡A ©Ê¥\¯à»ÙÃª,Breathing difficulty and/or wheezing¡A cold hands and feet¡A mental depression¡A sl,,¬Ò¥i¥Î,À£¦å®õ½¤¦ç¿õ200²@§J(©Ô¨©¥L¼Ö),Labtal 200mg,,,¬O,¬O,,½Ð¿íÂå®v«ü¥Ü«ö®É¥ÎÃÄ¡A ¤Å¦Û¦æ§ïÅÜ¾¯¶q¡A ¥Îªk©Î¥ô·N°±ÃÄ,,Follow doctor's advice. Do not change your dose or schedule.,,®ð³Ý©Î©I§l¹D»ÙÃª±wªÌÀ³ÂÔ·V¨Ï¥Î¡C,Used with caution in patients with asthma or respiratory disorders.,202212[OTRAD]¯Ê³f´À¥N,¤@¯ë,¤@¯ë,Äµ »y: ½Ð¿íÂå®v«ü¥Ü«ö®É¥ÎÃÄ¡A¤Å¦Û¦æ§ïÅÜ¾¯¶q¡B¥Îªk©Î¥ô·N°±ÃÄ¡C,,,0,0,§_,1.0,,§_,¬O,§_,³æ¤è,§_,¥i¥Î,¥i¥Î,¥i¿i,¬O,,1.00,1.00,2.00,2.00,999,999,1,1,12.00,12.00,0,0,,¦³¹Ï¤ù,,0,,0,,C07AG01,,,,,0,,0,,TAB,§_,°·«Oµ¹¥I,°·«Oµ¹¥I,LABETALOL,C07AG01,AC39703100,§_,SolidDrugForm,ORTAB,,,0,,0,mL,,,PH034,202212221438,2.82,4.00
OLAC4,20080916,99999999,°±¥Î,LaciPIL 4mg,LaciPIL 4mg,Lacidipine,PO,QDPC,CAVS,CV-05-00,¤fªA,TAB,Lacipil,«D²Õ®M,°±¥Î,,¤@¯ë¥i¥Î,¬O,¤£¥i¥ÎÃÄ¥]¾÷,,¤@¯ë,Á`¶q¶i¦ì,¾AÀ³¯g:°ª¦åÀ£,,Indication:Treatment of hypertension.,,¥~ Æ[:¥Õ¦âªø¾ò¶ê§Î¿õ¾¯,Appearance:White elliptic tablet,ÀYµh¡A ·w¯t¡A ¤ß±ª¡A ­G³¡¤£¾A¡A äú¤ß¡A ¥Ö¯l,Headache¡A dizziness¡A palpitations¡A stomach discomfort¡A nausea¡A skin rash,,¬Ò¥i¥Î,®Ô¾A¥­,LaciPIL 4mg,,,¬O,¬O,½Ã±Ð³æ¤T,½Ð¿í·ÓÂå®v«ü¥Ü¥ÎÃÄ¡A ¤Å¦Û¦æ§ó§ï¾¯¶q©Î¥ÎÃÄ®É¶¡,,Follow doctor's advice. Do not change your dose or schedule.,,­¹ª«¥æ¤¬§@¥Î: ªAÃÄ´Á¶¡Á×§K­¹¥Î¸²µå¬c¥Ä,Food interaction:Avoid grapefruit juice,,¤@¯ë,¤@¯ë,Äµ »y:½Ð¿í·ÓÂå®v«ü¥Ü¥ÎÃÄ¡A¤Å¦Û¦æ§ó§ï¾¯¶q©Î¥ÎÃÄ®É¶¡¡C,SA/­¹ «÷­µ/­¹ª«,,,,§_,1.0,,§_,§_,§_,³æ¤è,§_,°±¥Î,¥i¥Î,¥i¿i,¬O,,1.00,1.00,1.50,1.50,999,999,28,1,3.00,3.00,0,0,,¦³¹Ï¤ù,,0,,0,,C08CA09,,,,,,,,,TAB,,¤£µ¹¥I¶·¦Û¥I,¤£µ¹¥I¶·¦Û¥I,,,,§_,SolidDrugForm,ORTAB,,,,,,,,,PH047,202303141749,0,7.00
OLACS,20080916,99999999,°±¥Î,Lacoxa SR 400mg,Lacoxa SR 400mg,Etodolac,PC,QD,CNEU,CN-01-02,¤fªA,TAB,Lacoxa,«D²Õ®M,°±¥Î,,¤@¯ë¥i¥Î,¬O,¤£¥i¥ÎÃÄ¥]¾÷,¥i¥Î,¤@¯ë,Á`¶q¶i¦ì,¾AÀ³¯g:¬°¤îµh®øª¢ÃÄ¡AªvÀøÃþ­·Àã©ÊÃö¸`ª¢¡B°©Ãö¸`ª¢¡C,,Indication:Relief of pain¡A inflammation.,,¥~ Æ[:ÂA¾í¬õ¦â¾ò¶ê§Î¿õ¾¯,Appearance:Red orange elliptic tablet,¥Ö½§¬õ¯l,skin rash,,¬Ò¥i¥Î,¼Ö°÷®Ä½wÄÀ¿õ,Lacoxa SR 400mg,,,§_,§_,,¦³­G¼ìºÅ¯f¥v½Ð¥ý§iª¾Âå¥Í¨Ã©ó¶º«áªA¥Î,¦p¥ÎÃÄ«á¥X²{³ïµh¡B¤fµÄ/ÂH½¤¼ìÄê¡B¥Ö¯lµ¥¯gª¬¡A¥ß§Y°±ÃÄ¦^¶E,Notify your doctor if you have stomach ulcer.,If signs of sore throat¡A mouth ulcers or skin rash occur¡A please consult doctor,¶i¦æ«aª¬°Ê¯ßÂ¶¹D¤â³N¤§«á14 ¤Ñ¤º¸T¥Î¥»ÃÄ¡C,Contraindications:within 14 days of coronary artery bypass graft (CABG).,2021Q1ÃÄ©e·|§R°£,,¤@¯ë,Äµ »y:¦³­G¼ìºÅ¯f¥v½Ð¥ý§iª¾Âå¥Í¨Ã©ó¶º«áªA¥Î¡C,,,,,§_,1.0,,§_,§_,¬O,³æ¤è,§_,¥i¥Î,°±¥Î,¤£¥i¿i,¬O,,1.00,1.00,2.00,2.00,999,999,0,1,4.00,4.00,0,0,,¦³¹Ï¤ù,,0,,0,,M01AB08,,,,,,,,,TAB,,°·«Oµ¹¥I,°·«Oµ¹¥I,ETODOLAC,M01AB08,AB45725100,§_,SolidDrugForm,ERTAB12,,,,,,,,,PH047,202303141749,8.60,12.00
OLAD,19960101,99999999,°±¥Î,Ladogal 200mg,Ladogal 200mg,Danazol,PO,,HM,HR-04-00,¤fªA,CAP,Ladogal,«D²Õ®M,°±¥Î,,¤@¯ë¥i¥Î,¬O,¥i¥ÎÃÄ¥]¾÷,±ø¥ó¤Uµ¹¥I,¤@¯ë,Á`¶q¶i¦ì,¾AÀ³¯g:¥Dªv¤l®c¤º½¤²§¦ì,,Treatment of endometriosis,,¥~ Æ[:¿B¬õ/¥Õ¦âªø¶ê¬W§Îµw½¦Ån,Appearance:Red/White Cylinder Hard Capsule,,,,,Àø±o°ª,Ladogal 200mg,,,§_,¬O,,,,,,,,,¤@¯ë,¤@¯ë,Äµ »y:¦³­G¼ìºÅ¯f¥v½Ð¥ý§iª¾Âå¥Í¨Ã©ó¶º«áªA¥Î¡C,,,,,§_,1.0,,§_,§_,§_,³æ¤è,§_,¥i¥Î,¥i¥Î,¥i¿i,¬O,,1.00,1.00,4.00,4.00,999,999,1,1,0,0,0,0,,µL¹Ï¤ù,,0,,0,,,,,,,,,,,CAP,§_,°·«Oµ¹¥I,°·«Oµ¹¥I,DANAZOL,G03XA01,B022413100,§_,SolidDrugForm,ORCAP,,,,,,,,,PH047,202303141749,25.40,32.00
OLAF,20080618,99999999,°±¥Î,La Ferrum Chewable 100mg,La Ferrum Chewable 100mg,Ferric Hydroxide,PO,QD,NUTR,NU-01-00,¤fªA,TAB,Fe,«D²Õ®M,°±¥Î,OTED,­­¥æ¥I½Õ¾¯,¬O,¤£¥i¥ÎÃÄ¥]¾÷,¥i¥Î,¤£¦LÃÄÅÒ,Á`¶q¶i¦ì,¾AÀ³¯g:¹w¨¾¤ÎªvÀøÅK½è¯Ê¥F¯g¡B¯ÊÅK©Ê³h¦å¯g,,Indication:Iron supplement.,,¥~ Æ[:½Å¦â¶ê«ó«¬¿õ¾¯,Appearance:Brown Round Tablet,äú¤ß¡A ¸z­G¨ë¿E,Nausea & GI irritation.,,¬Ò¥i¥Î,®³ÅKÄZ¿õ,La Ferrum Chewable 100mg,,­­ªù¶E¥æ¥I½Õ¾¯¥Î,§_,¬O,½Ã±Ð³æ¤@,½Ð¤Å»P¤û¥¤¤Î¨î»Ä¾¯¨ÖªA,,Avoid taking with milk or antacid.,,,,¥æ¥I½Õ¾¯,¤@¯ë,¤@¯ë,Äµ »y:½Ð¤Å»P¤û¥¤¤Î¨î»Ä¾¯¨ÖªA,,,,,§_,1.0,,§_,§_,§_,³æ¤è,§_,°±¥Î,¥i¥Î,¥i¿i,¬O,,1.00,1.00,3.00,3.00,99,99,1,1,6.00,6.00,0,0,,¦³¹Ï¤ù,,0,,0,,B03AB05,,,,,,,,,TAB,,°·«Oµ¹¥I,°·«Oµ¹¥I,FERRIC HYDROXIDE POLYMALTOSE COMPLEX,B03AB04,AC46758100,§_,SolidDrugForm,CHEWTAB,,,,,,,,,PH047,202303141749,4.78,6.00
OLAMC,19960101,99999999,¥i¥Î,Lamictal 50mg,Lamictal 50mg,Lamotrigine,PO,BID,CNEU,CN-03-01,¤fªA,TAB,Lamictal,«D²Õ®M,,,¤@¯ë¥i¥Î,¬O,¤£¥i¥ÎÃÄ¥]¾÷,­­¥Î,¤@¯ë,Á`¶q¶i¦ì,¾AÀ³¯g:Åöíw¤Î±¡ºüÃ­©w,,Indication:Antiepileptic agent¡A mood stabilizers,,¥~ Æ[:²H¶À¾í¦â¤è§Î¿õ¾¯¡A¦L¦³50¤ÎGSEE1,Appearance:Light yellow tablet,µø¤O¼Ò½k©Î½Æµø¡A ¨BºA²Â©å©Î¤£Ã­¡A °Ê§@¤£¨ó½Õ,Blurred or double vision; clumsiness or unsteadiness; poor coordinating,,,¼Ö©R¹F,Lamictal 50mg,,,¬O,§_,,¥X²{ÀYµhµo¿N¡A ÀV³¡»øµw¡A äú¤ß¡A ¥X¯l¡A ¬È¥ú¡A ¥Ö½§©Î²´·úªx¶À¡B²§±`¥X¦åÀ³¥ß§Y¦^¶E´NÂå,,Inform doctor if headache¡A fever¡A stiff neck¡A nausea¡A rash¡A,and sensitivity to light¡A hemorrhage or jaundice.,¦p¥ÎÃÄ«á¥X²{³ïµh¡B¤fµÄ/ÂH½¤¼ìÄê¡B¥Ö¯lµ¥¯gª¬¡A¥ß§Y°±ÃÄ¦^¶E,If signs of sore throat¡A mouth ulcers or skin rash occur¡A please consult doctor,,¤@¯ë,¤@¯ë,Äµ»y¡G ¥X²{ÀYµhµo¿N¡BÀV³¡»øµw¡Bäú¤ß¡B¥X¯l¡B¬È¥úµ¥À³¥ß§Y¦^¶E§i¶DÂå®v¡C,,,,,§_,1.0,,§_,¬O,§_,³æ¤è,§_,¥i¥Î,¥i¥Î,¤£¥i¿i,¬O,,1.00,1.00,5.00,5.00,999,999,1,1,14.00,14.00,0,0,,¦³¹Ï¤ù,,0,,0,,N03AX09,,,,,,,,,TAB,§_,°·«Oµ¹¥I,°·«Oµ¹¥I,LAMOTRIGINE,N03AX09,BC20509100,§_,SolidDrugForm,ORTAB,,,,,,,,,PH047,202312200959,8.90,12.00
OLAMS,19960101,99999999,°±¥Î,Lamisil 250mg (ÀøÅðµÎ),Lamisil 250mg,Terbinafine,PO,QD,QANB,AI-02-00,¤fªA,TAB,Lamisil,«D²Õ®M,°±¥Î,OFUN,¤@¯ë¥i¥Î,¬O,¤£¥i¥ÎÃÄ¥]¾÷,±ø¥ó¤Uµ¹¥I,¤@¯ë,Á`¶q¶i¦ì,¾AÀ³¯g:Åðµß·P¬V,,Indication:Antifungal agent.,,¥~ Æ[:¥Õ¦â¶ê«ó§Î¿õ¾¯,Appearance:White round tablet,¸¡Âm¡A äú¤ß©M¹Ã¦R¡A ­Gµh¡A ¨ýÄ±§ïÅÜ©Î¨ýÄ±³à¥¢,Diarrhea¡A nausea and vomiting¡A stomachache¡A change of taste or loss of taste,,,ÀøÅðµÎ,Lamisil 250mg,,,§_,¬O,,ªø´Á§ë»PÀ³¯d·N¨xÅ¦¥\¯àÅÜ¤Æ¡A¤Å¶¼°s,,Should monitor liver function with long-term use. Avoid alcohol.,,,,,¤@¯ë,¤@¯ë,Äµ »y:ªø´Á§ë»PÀ³¯d·N¨xÅ¦¥\¯àÅÜ¤Æ¡A¤Å¶¼°s¡C,,,,,§_,1.0,,§_,§_,§_,³æ¤è,§_,¥i¥Î,¥i¥Î,¥i¿i,¬O,,1.00,1.00,1.00,1.00,28,28,1,1,8.00,8.00,0,0,,¦³¹Ï¤ù,,0,,0,,D01BA02,,,,,0.25,g,0.25,g,TAB,§_,¤£µ¹¥I¶·¦Û¥I,¤£µ¹¥I¶·¦Û¥I,,,,§_,SolidDrugForm,ORTAB,,,,,,,,,PH006,202307281207,0,11.00
OLAS,19960101,99999999,¥i¥Î,Lasix 40mg,Lasix 40mg,Furosemide,PO,QDAC,CAVS,CV-03-02,¤fªA,TAB,Lasix,«D²Õ®M,,,¤@¯ë¥i¥Î,¬O,¥i¥ÎÃÄ¥]¾÷,,¤@¯ë,Á`¶q¶i¦ì,¾AÀ³¯g:§Q§¿©Ê­°¦åÀ£ÃÄ,,Indication:Treatment of hypertension¡A edema,,¥~ Æ[:¥Õ¦â¶ê«ó§Î¿õ¾¯¡A ¤@­±¦L¤¤¥¡¨è²ª¤ÎDLI,Appearance:White round tablet,¤f°® ¡A µø¤O¼Ò½k¡A ÀYµh¡A ­G¤£¾A,Dry mouth¡A blurred vision¡A headache¡A stomach cramps or pain,,,¨Ó¾Aªn,Lasix 40mg,,,¬O,¬O,,½ÐÁ×§K©ó±µªñ´N¹ì®ÉªA¥Î,,Taking the drug in the evening is not recommended.,,,,,¤@¯ë,¤@¯ë,Äµ »y:½ÐÁ×§K©ó±µªñ´N¹ì®ÉªA¥Î,,¤fªAÃÄ,,,¬O,1.0,,§_,¬O,§_,³æ¤è,§_,¥i¥Î,¥i¥Î,¥i¿i,¬O,,1.00,1.00,4.00,4.00,999,999,1,1,15.00,15.00,0.15,0.15,,¦³¹Ï¤ù,,0,,0,,C03CA01,,,,,,,,,TAB,§_,°·«Oµ¹¥I,°·«Oµ¹¥I,FUROSEMIDE,C03CA01,BC225351G0,§_,SolidDrugForm,ORTAB,,,,,,,,,PH047,202310041640,2.00,3.00
OLAT,20180315,99999999,¥i¥Î,Latuda 40mg,Latuda 40mg,Lurasidone,WM,QD,CNEU,CN-02-01,¤fªA,TAB,Latuda,«D²Õ®M,,,¤@¯ë¥i¥Î,¬O,¤£¥i¥ÎÃÄ¥]¾÷,¥i¥Î,¤@¯ë,Á`¶q¶i¦ì,¾AÀ³¯g:«äÄ±¥¢½Õ¯g¡A Âù·¥©Ê¯e±w¤§Æ{¯gµo§@,,Indication: Psychotic symptoms. Bipolar disorder¡A depressed,phase.,¥~ Æ[:¥Õ¦â¶ê§Î¿õ¾¯¡A¦L¦³L¤Î40,Appearance:White round tablet¡Amarking:L and 40,¤ß°Ê¹L³t¡A¥Ö¯l¡A¸¡Âm¡A­¹¼¤¤U­°¡Aµø¤O¼Ò½k,Tachycardia¡A skin rash¡A diarrhea¡A decreased appetite¡A blurred vision,,¬Ò¥i¥Î,¼Ö³~¹F¿õ40²@§J,Latuda 40mg,,,¬O,¬O,,¤£¥i»P¸²µå¬c¥Ä¨ÖªA¡C,,Do not take with grapefruit or grapefruit juice.,,Äµ »y:¥i¯à·|³y¦¨«º¶Õ©Ê§C¦åÀ£©Î·w³Ö¡C,Precaution: May cause orthostatic hypotension and syncope.,2018¦~²Ä¤@¦¸ÃÄ©e·s¶i,¤@¯ë,¤@¯ë,¤£¥i»P¸²µå¬c¥Ä¨ÖªA¡C,,,0,0,§_,1.0,,§_,¬O,§_,³æ¤è,,¥i¥Î,¥i¥Î,¥i¿i,¬O,,0,0,4.00,4.00,99,99,1,1,4.00,4.00,0,0,,¦³¹Ï¤ù,,0,,0,,N05AE05,,,,,0,,0,,TAB,,°·«Oµ¹¥I,°·«Oµ¹¥I,LURASIDONE,N05AE05,BC26668100,§_,SolidDrugForm,ORTAB,,,0,,0,,,,PH047,202304131602,44.40,58.00
OLE15,19960101,99999999,°±¥Î,Leucovorin 15mg,Leucovorin 15mg,Folinic Acid,PO,,ZADT,AD-02-00,¤fªA,TAB,,«D²Õ®M,°±¥Î,OFOL,¤w°±¥Î,¬O,¤£¥i¥ÎÃÄ¥]¾÷,,¤@¯ë,Á`¶q¶i¦ì,¾AÀ³¯g:¸­»Ä¯Ê¥F¤Þ°_¤§³h¦å¡A ©Î´î»´¨Ï¥Î¸­»Ä«ú§Ü¾¯¤Þ°_ªº¬r©Ê,,,,,,,,,,,Leucovorin 15mg,,,§_,¬O,,,,,,,,,¤@¯ë,¤@¯ë,Äµ »y:½Ð¿í·ÓÂå®v«ü¥Ü¨Ï¥Î¡A­Yµo¥ÍºÃ¦üÃÄª«¤£¨}¤ÏÀ³½Ð§iª¾Âå¥Í¡C,,,,,§_,1.0,,§_,§_,§_,³æ¤è,§_,¥i¥Î,¥i¥Î,¥i¿i,¬O,,1.00,1.00,999.00,999.00,999,999,1,1,0,0,0,0,,µL¹Ï¤ù,,0,,0,,,,,,,,,,,TAB,§_,°·«Oµ¹¥I,°·«Oµ¹¥I,LEUCOVORIN,V03AF03,B020628100,§_,SolidDrugForm,ORTAB,,,,,,,,,PH047,202303141749,85.00,102.00
OLEE,20180917,99999999,°±¥Î,Leeyo F.C. 10mg,Leeyo F.C. 10mg,Escitalopram,PO,QD,CNEU,CN-02-04,¤fªA,TAB,Lexapro,«D²Õ®M,°±¥Î,OEPR,¤@¯ë¥i¥Î,¬O,¤£¥i¥ÎÃÄ¥]¾÷,±ø¥ó¤Uµ¹¥I,¤@¯ë,Á`¶q¶i¦ì,¾AÀ³¯g:¼~Æ{¯g¤§ªvÀø¤Î¹w¨¾´_µo,,Indication:Treatment of depression.,,¥~ Æ[:¥Õ¦â¾ò¶ê§Î¿õ¾¯¡A¦L¦³CCP/158,Appearance:White elliptic tablet¡A marking: CCP/158,­¹¼¤´î°h¡A ¥¢¯v,Appetite decreased¡A insomnia,,¬Ò¥i¥Î,Â÷¼~½¤¦ç¿õ10 ²@§J,Leeyo F.C. 10mg,,,¬O,¬O,,ªAÃÄ«á¡A ¥i¯àµo¥Íµu¼È©Ê·w¯t; ¤Å¶¼°s,,May cause temporary dizziness. Avoid taking with alcohol.,,³Æµù: ¤ß«ß¤£¾ã©y¤p¤ß¨Ï¥Î,Should be used with caution in arrhythmia.,2018.09 ÃÄ©e·|·s¶i,¤@¯ë,¤@¯ë,Äµ »y¡GªAÃÄ«á¡A¥i¯àµo¥Íµu¼È©Ê·w¯t¡F¤Å¶¼°s,­¹ ­¹ª«¥æ¤¬,,0,0,§_,1.0,,§_,¬O,§_,³æ¤è,,¥i¥Î,¥i¥Î,¥i¿i,¬O,,1.00,1.00,2.00,2.00,999,999,1,1,2.00,2.00,0,0,,¦³¹Ï¤ù,,0,,0,,N06AB10,,,,,0,,0,,TAB,,°·«Oµ¹¥I,°·«Oµ¹¥I,ESCITALOPRAM OXALATE,N06AB10,AA49629100,§_,SolidDrugForm,ORTAB,,,0,,0,mL,,,PH006,202003030837,9.70,14.00
OLEEV,20190620,99999999,¥i¥Î,Leevk 100mg,Leevk 100mg,Imatinib,PC,QD,RACA,ON-08-01,¤fªA,TAB,Glivec,«D²Õ®M,,,¤@¯ë¥i¥Î,¬O,¤£¥i¥ÎÃÄ¥]¾÷,¥i¥Î,¤@¯ë,Á`¶q¶i¦ì,¾AÀ³¯g: ¥Õ¦å¯f¡A ­G¸z°ò½è½F,,Indication:Cancer therapy.,,¥~ Æ[:·t¾í¶ê«¬½¤¦ç¿õ¦L¦³CCP 221¦r¼Ë,Appearance:Dark orange round tablet¡ACCP 221 marked,³h¦å¡A ¹½­¹¡A ¥¢¯v¡A ÀYµh,Anemia¡A anorexia¡A insomnia¡A headache.,,¬Ò¥i¥Î,§Q¥ñ§Ü½¤¦ç¿õ,Leevk 100mg,,,,¬O,,³Ì¦n»P­¹ª«¤@°_ªA¥Î¥H´î¤Ö­G¨ë¿E¡A¦h³Ü¤ô¡C,,Take with meals and increase water intake.,,,,2019Q2ÃÄ©e·s¶i,¤@¯ë,¤@¯ë,Äµ »y:³Ì¦n»P­¹ª«¤@°_ªA¥Î¥H´î¤Ö­G¨ë¿E¡A¦h³Ü¤ô¡C,,,0,0,§_,1.0,,§_,¬O,§_,³æ¤è,§_,¥i¥Î,¥i¥Î,¤£¥i¿i,¬O,,1.00,1.00,8.00,8.00,999,999,28,1,8.00,8.00,0,0,,¦³¹Ï¤ù,,0,,0,,L01EA01,,,,,0,,0,,TAB,¬O,°·«Oµ¹¥I,°·«Oµ¹¥I,IMATINIB,L01EA01,AC57915100,,SolidDrugForm,ORTAB,¦M®`¤@¯Å(¡I¡I),,0,,0,,,,PH032,202303261035,474.00,569.00
OLEN,20140905,99999999,¥i¥Î,Lendormin 0.25mg,Lendormin 0.25mg,Brotizolam,PO,HS,CNEU,CN-02-07,¤fªA,TAB,,«D²Õ®M,,,¤@¯ë¥i¥Î,¬O,¤£¥i¥ÎÃÄ¥]¾÷,¥i¥Î,¤@¯ë,Á`¶q¶i¦ì,¾AÀ³¯g:¥¢¯v¯g,,Indication:Insomnia.,,¥~ Æ[:¥Õ¦â¶ê§ÎÃÄ¿õ,Appearance:White round tablet,ÀY·w¡AÀYµh¡A¯h­Â,Dizziness¡A headache¡A tiredness,,¬Ò¥i¥Î,ÅÊ¦h¯v¿õ0.25²@§J,Lendormin 0.25mg,,,¬O,¬O,,ºÎ«e¥ß§YªA¥Î¡A Á×§K¶¼°s,,Take this drug immediately prior to going to bed. Do not drink alcohol.,,­¹ª«¥æ¤¬§@¥Î: ªAÃÄ´Á¶¡Á×§K­¹¥Î¸²µå¬c¥Ä»P¶¼°s,Food interaction: Avoid grapefruit juice and alcohol.,,¤@¯ë,¥|¯ÅºÞ¨î,­Y¥X²{½ÆÂø©ÊºÎ¯v¦æ¬°¡A¦p¹Ú¹C¡BºÎ¹Ú¤¤¶}¨®µ¥¡AÀ³°±ÃÄ¨Ã¾¨³t¦^¶E¡C,­¹ ­¹ª«¥æ¤¬,,0,0,§_,1.0,,§_,¬O,§_,³æ¤è,§_,¥i¥Î,¥i¥Î,¤£¥i¿i,¬O,,1.00,1.00,2.00,2.00,30,30,28,1,2.00,2.00,0,0,,¦³¹Ï¤ù,,0,,0,,N05CD09,,,,,0.25,mg,0.25,mg,TAB,,°·«Oµ¹¥I,°·«Oµ¹¥I,BROTIZOLAM,N05CD09,BC25713100,§_,SolidDrugForm,ORTAB,,,,,,,,,PH047,202306071000,3.56,5.00
OLENV,20230703,99999999,¥i¥Î,Lenvima 4mg,Lenvima 4mg,Lenvatinib,PO,QD,RACA,ON-08-99,¤fªA,CAP,Lenvima,«D²Õ®M,Á{±ÄÃÄ¡A½Ð³qª¾ÃÄ§½¥~ÁÊ,,­Ó®×Á{±Ä,¬O,¤£¥i¥ÎÃÄ¥]¾÷,±ø¥ó¤Uµ¹¥I,¤@¯ë,Á`¶q¶i¦ì,¾AÀ³¯g:ªvÀø¥Òª¬¸¢Àù¡BµÇ²Ó­MÀù¡B¨x²Ó­MÀù¡B¤l®c¤º½¤Àù¡C,,Indication: Cancer Treatment.,,¥~ Æ[:¶À¬õ¦â½¦Ån¡A¦L"LENV 4mg" & "E",Appearance: Yellow-red capsule with"LENV 4mg"¡A "E" imprint.,°ª¦åÀ£¡B¸¡Âm¡B¯h­Â¡B­¹¼¤´î°h¡Bäú¤ß¡BÀYµh¡B¤â¨¬¯g­Ô¸s,Hypertension¡A diarrhea¡A fatigue¡A nausea¡A headache¡A and hand-foot syndrome.,,¬Ò¥i¥Î,¼Ö½Ãº¿½¦Ån4²@§J,Lenvima 4mg,,,,¬O,,¥»«~¬°­«¯gªvÀøÃÄ¡A½Ð¨Ì·ÓÂå®v«ü¥Ü¨Ï¥Î,ªvÀø´Á¶¡À³Á×§KÃh¥¥¡B­÷¨Å¡C,Follow doctor's advice. Check with doctor if you notice any side effects.,Avoid getting pregnant or breastfeeding during the treatment.,Á×§K¶i¦æ«I¤J©Ê¤ú¬ìªvÀø¡A­Y¥X²{¤fµÄ¤ú¾¦¯kµhµ¥¯gª¬½Ð§iª¾Âå®v¡C,Avoid invasive dental procedures. Inform doctor if oral tooth pain.,202307 ¾G³Ó°¶Âå®vÁ{±Ä,¤@¯ë,¤@¯ë,Äµ »y:¥»«~¬°­«¯gªvÀøÃÄª«¡A½Ð¨Ì·ÓÂå®v«ü¥Ü¨Ï¥Î¡C,,,0,0,§_,1.0,,§_,¬O,§_,³æ¤è,,¥i¥Î,¥i¥Î,¤£¥i¿i,¬O,,1.00,1.00,6.00,60.00,999,999,0,0,6.00,6.00,0,0,,¦³¹Ï¤ù,,0,,0,,L01EX08,,,,,4.00,mg,18.00,mg,CAP,¬O,°·«Oµ¹¥I,°·«Oµ¹¥I,LENVATINIB,L01EX08,BC26933100,§_,SolidDrugForm,ORCAP,¦M®`¤G¯Å(¡I),,0,,0,,,,PH047,202308161451,968.00,1162.00
OLEUC,19960101,99999999,°±¥Î,Leucomycin 250mg,Leucomycin 250mg,Leucomycin,PO,,QANB,AI-01-06,¤fªA,CAP,Leucomycin,«D²Õ®M,°±¥Î,,¤@¯ë¥i¥Î,¬O,¥i¥ÎÃÄ¥]¾÷,,¤@¯ë,Á`¶q¶i¦ì,¾AÀ³¯g:²Óµß©Ê·P¬V,,,,,,,,,,,Leucomycin 250mg,,,§_,¬O,,,,,,,,,¤@¯ë,¤@¯ë,Äµ »y:½Ð¿í«ü¥ÜªA§¹¾ã­ÓÀøµ{¡A­Yµo¥Í¥ÎÃÄ¤£¨}¤ÏÀ³½Ð§iª¾Âå¥Í¡C,,,,,§_,1.0,,§_,§_,§_,³æ¤è,§_,¥i¥Î,¥i¥Î,¥i¿i,¬O,,1.00,1.00,999.00,999.00,999,999,1,1,0,0,0,0,,µL¹Ï¤ù,,0,,0,,,,,,,,,,,CAP,§_,°·«Oµ¹¥I,°·«Oµ¹¥I,LEUCOMYCIN,J01FA91,A027221100,§_,SolidDrugForm,ORCAP,,,,,,,,,PH047,202303141750,5.00,7.00
OLEUK,20090401,99999999,°±¥Î,Leukeran 2mg,Leukeran 2mg,Chlorambucil,PO,TID,RACA,ON-01-01,¤fªA,TAB,Leukeran,«D²Õ®M,Á{±ÄÃÄ¡A½Ð³qª¾ÃÄ§½¥~ÁÊ,,­Ó®×Á{±Ä,¬O,¤£¥i¥ÎÃÄ¥]¾÷,¥i¥Î,¤@¯ë,Á`¶q¶i¦ì,¾AÀ³¯g:ªvÀø²O¤Ú½F,,Indication:Cancer therapy.,,¥~ Æ[:½Å¦â¶ê§ÎÂù¥Y½¤¦ç¿õ¡A ¤@­±¨è¦³¡¨GXEG3¡¨¡A ¤@­±¨è¦³¡¨L¡¨,Appearance:Brown round tablet,°©Åè§í¨î¡A ³h¦å¡A äú¤ß¡A ¹Ã¦R,Bone marrow suppression; anemia¡A nausea¡A vomiting,,¬Ò¥i¥Î,½F§J¹ç¿õ (¥»«~»Ý§NÂÃÀx¦s),Leukeran 2mg,,,§_,¬O,,¥»«~¬°­«¯gªvÀøÃÄ¡A ½Ð¨Ì·ÓÂå®v«ü¥Ü¨Ï¥Î,,Take this medicine exactly as your doctor ordered.,,½Ð¸m©óÄá¤ó 2-8 «×¦B½c§NÂÃ,Store in a refrigerator (2-8¢XC).,,¤@¯ë,¤ÆÀø,Äµ »y:¥»«~¬°­«¯gªvÀøÃÄª«¡A½Ð¨Ì·ÓÂå®v«ü¥Ü¨Ï¥Î¡C,Äµ °ªÄµ°T,,,,§_,1.0,,§_,¬O,§_,³æ¤è,§_,¥i¥Î,¥i¥Î,¤£¥i¿i,¬O,,1.00,1.00,2.00,2.00,999,999,28,1,20.00,20.00,0,0,,¦³¹Ï¤ù,,0,,0,,L01AA02,,,,,,,,,TAB,§_,°·«Oµ¹¥I,°·«Oµ¹¥I,CHLORAMBUCIL,L01AA02,BC09146100,§_,SolidDrugForm,ORTAB,,,,,,,,,PH047,202303141750,12.30,16.00
OLEV,20040910,99999999,°±¥Î,Levitra F.C. 20mg¡A 4's/box,Levitra F.C. 20mg¡A 4's/box,Vardenafil,PO,PRN,SGU,UR-03-00,¤fªA,TAB,Levitra,«D²Õ®M,°±¥Î,,¤w°±¥Î,¬O,¤£¥i¥ÎÃÄ¥]¾÷,°·«O¤£µ¹¥I,¤@¯ë,Á`¶q¶i¦ì,¾AÀ³¯g:©Ê¥\¯à»ÙÃª,,Indication:Treatment of erectile dysfunction.,,¥~ Æ[:¥Õ¦â¥~²°¡A²`µµ¦â±×±è¦r¼Ë¡A¾í¦â¾ò¶ê§Î,Appearance:Orange round tablet,ÀYµh¡A ®ø¤Æ¤£¨}¡A äú¤ß¡A ·w¯t¡A »óª¢,Headache¡A dyspepsia¡A nausea¡A dizziness¡A rhinitis.,,¥u¥Î©óªù¶E¤Î¦í°|STAT,¼Ö«Â§§,Levitra F.C. 20mg¡A 4's/box,,,§_,¬O,,¥»ÃÄ«~¤£¥i»Pµv»ÄÆQÃþ¨Ö¥Î,­Yµo¥Í«ùÄò«k°_¡AÀ³¥ß§Y´M¨DÂåÀø¨ó§U¡C,Avoid taking with nitrates.,Seek emergency treatment for prolonged erections,³Æµù: Á×§K»P¸²µå¬c¥Ä¡B°sºë¨ÃªA,Food interaction:Avoid grapefruit juice or alcohol use,,¤@¯ë,¤@¯ë,Äµ »y:¥»ÃÄ«~¤£¥i»Pµv»ÄÆQÃþ¨Ö¥Î,,,,,§_,4.0,,§_,§_,§_,³æ¤è,§_,¥i¥Î,¥i¥Î,¥i¿i,§_,,1.00,1.00,1.00,1.00,999,999,1,1,0,0,0,0,,¦³¹Ï¤ù,,0,,0,,G04BE09,,,,,,,,,BOX,¬O,¤£µ¹¥I¶·¦Û¥I,¤£µ¹¥I¶·¦Û¥I,,,,§_,SolidDrugForm,ORTAB,,,,,,,,,PH047,202303141750,0,1600.00
OLEV5,20090924,99999999,°±¥Î,Levofloxacin 500mg (¬F©²´£¨Ñ),Levofloxacin 500mg (¬F©²´£¨Ñ),Levofloxacin,PO,QDAC,QANB,AI-01-08,¤fªA,TAB,Cravit,«D²Õ®M,°±¥Î,,¤@¯ë¥i¥Î,§_,¤£¥i¥ÎÃÄ¥]¾÷,°·«O¤£µ¹¥I,¦C¦Lªù¶EÃÄÅÒ,Á`¶q¶i¦ì,¾AÀ³¯g:²Óµß©Ê·P¬V,,Indication:Antibiotic for infection.,,¥~ Æ[:²H¬õ¦â¾ò¶ê§Î¿õ¾¯¡A¨â­±¦³¤¤¥¡¨è²ª,Appearance:Pink Elliptic Tablet,,,,¬Ò¥i¥Î,¼Ö´I§´¿õ (¬F©²´£¨Ñ),Levofloxacin 500mg (¬F©²´£¨Ñ),,,§_,¬O,,½Ð©ó¶º«e¤@¤p®É©Î¶º«á¨â¤p®ÉªA¥Î¡A¤Å»P¤@¯ë­GÃÄ¦PªA,,,,,,202310 ¬°Á×§K»~¶}¦ÓÃöÀÉ¡A¦³­Ó®×¥Ó½Ð¦A¶}ÀÉ,¤@¯ë,¤@¯ë,Äµ »y: ½Ð©ó¶º«e¤@¤p®É©Î¶º«á¨â¤p®ÉªA¥Î¡A¤Å»P¤@¯ë­GÃÄ¦PªA¡C,,,,,§_,1.0,,§_,¬O,§_,³æ¤è,§_,°±¥Î,¥i¥Î,¤£¥i¿i,§_,,1.50,0,1.50,0,30,0,30,0,0,0,0,0,,¦³¹Ï¤ù,,0,,0,,J01MA12,,,,,,,,,TAB,,°·«O¤£¥Ó³ø¤£­p»ù,°·«O¤£¥Ó³ø¤£­p»ù,,,,§_,SolidDrugForm,ORTAB,,,,,,,,,PH047,202401261328,0,0
OLEV7,20231009,99999999,¥i¥Î,Levofloxacin 750mg (¬F©²´£¨Ñ),Levofloxacin 750mg (¬F©²´£¨Ñ),Levofloxacin,PO,QDAC,QANB,AI-01-08,¤fªA,TAB,Cravit ¬F©²¤½¶O¡ATB­ÓºÞ­­¥Î,«D²Õ®M,,,¤@¯ë¥i¥Î,§_,¤£¥i¥ÎÃÄ¥]¾÷,°·«O¤£µ¹¥I,¦C¦Lªù¶EÃÄÅÒ,Á`¶q¶i¦ì,¾AÀ³¯g:²Óµß©Ê·P¬V¡C,,Indication:Antibiotic for infection.,,¥~ Æ[: ¶À¦âªø¾ò¶ê¿õ¾¯¡A¤@­±¨è750¤@­±PL|T22,Appearance:Yellow oblong tablet with 750 and PL|T22,äú¤ß¡B¸¡Âm¡BÀYµh¡B·w¯t¡B¦Ù¦×Ãö¸`¯kµh¡B¦Ù¸xª¢,Nausea¡A diarrhea¡A headache¡A dizziness¡A muscle and joint pain¡A tendonitis.,,¥u¥Î©óªù¶E,¥­ºÖ¼ÖªY½¤¦ç¿õ750²@§J (¬F©²´£¨Ñ),Levofloxacin 750mg (¬F©²´£¨Ñ),,,,¬O,½Ã±Ð³æ¤­,¤Å»PÅKÆQ¡B¶t¤ù¡B¨î»Ä¾¯¡B§t©@°Ø¦]¤Î¨Å»s«~ªº­¹ª«¨ÖªA,­«¯g¦ÙµL¤O±wªÌ¤£«ØÄ³¨Ï¥Î¡C,Avoid taking with Ferrous¡A Calcium or caffeine and dairy foods.,It is not recommended for patients with myasthenia gravis.,­Y¥Î©óG6PD¯Ê¥¢±wªÌ¡AÀ³¯S§OºÊ´ú¥i¯à¥X²{·»¦å¡C,Hemolytic reactions may occur in G6PD deficiency patients.,202310·s«Ø(TB­ÓºÞ®v),¤@¯ë,¤@¯ë,Äµ »y:½Ð¤Å©MÅKÆQ©Î¨î»Ä¾¯¤@°_ªA¥Î¡C,­¹ ­¹ª«¥æ¤¬,¤fªAÃÄ,0,0,§_,1.0,,§_,¬O,§_,³æ¤è,§_,°±¥Î,°±¥Î,¤£¥i¿i,§_,,1.00,0,1.00,0,30,0,30,0,1.00,0,0,0,,¦³¹Ï¤ù,,0,,0,,J01MA12,,,,,0,,0,,TAB,§_,°·«O¤£¥Ó³ø¤£­p»ù,°·«O¤£¥Ó³ø¤£­p»ù,,,,§_,SolidDrugForm,ORTAB,,,0,,0,,,,PH008,202310110927,0,0
OLEX3,19960101,99999999,¥i¥Î,Lexotan 3mg,Lexotan 3mg,Bromazepam,PO,TID,CNEU,CN-02-02,¤fªA,TAB,Lexotan,«D²Õ®M,,,¤@¯ë¥i¥Î,¬O,¤£¥i¥ÎÃÄ¥]¾÷,,¤@¯ë,Á`¶q¶i¦ì,¾AÀ³¯g:¥DªvµJ¼{ª¬ºA¡A ¨ã¦Ù¦×ÃP¦¢§@¥Î,,Indication:Relieve anxious symptoms.,,¥~ Æ[:²H¬õ¾í¦â¶ê§ÎÃÄ¿õ¡A¤W¦³¨è²ª3,Appearance:Reddish orange round tablet¡A with 3 marked.,¸}¨B²Â©å©Î¤£Ã­¡A ÀY·w¡A ©ü©ü±ýºÎ¡A ¤f¾¦¤£²M,Clumsiness or unsteadiness; dizzy; sleepy; unclear speaking,,,¥ßµÎ©w,LexoTAN 3mg,,,¬O,¬O,½Ã±Ð³æ¥|,ªAÃÄ«á¡A ½Ð¤Å¶}¨®©Î¾Þ§@¦MÀI¾÷±ñ; ¤Å¶¼°s,,Be careful driving or operating machinery. Avoid alcohol.,,­¹ª«¥æ¤¬§@¥Î: ªAÃÄ´Á¶¡Á×§K­¹¥Î¸²µå¬c¥Ä»P¶¼°s,Food interaction: Avoid grapefruit juice and alcohol.,,¤@¯ë,¥|¯ÅºÞ¨î,Äµ »y:ªAÃÄ«á¡A½Ð¤Å¶}¨®©Î¾Þ§@¦MÀI¾÷±ñ¡F¤Å¶¼°s,­¹ ­¹ª«¥æ¤¬,,,,§_,1.0,,§_,¬O,§_,³æ¤è,§_,¥i¥Î,¥i¥Î,¤£¥i¿i,¬O,,1.00,1.00,2.00,2.00,30,30,1,1,10.00,10.00,0,0,,¦³¹Ï¤ù,,0,,0,,N05BA08,,,,,,,,,TAB,§_,°·«Oµ¹¥I,°·«Oµ¹¥I,BROMAZEPAM,N05BA08,BC044571G0,§_,SolidDrugForm,ORTAB,,,,,,,,,PH047,202403051555,2.00,3.00
OLEXA,20050317,99999999,°±¥Î,LexaPRO 10mg,LexaPRO 10mg,Escitalopram,PO,QD,CNEU,CN-02-04,¤fªA,TAB,Lexapro,«D²Õ®M,°±¥Î,OLEE,¤@¯ë¥i¥Î,¬O,¤£¥i¥ÎÃÄ¥]¾÷,¥i¥Î,¤@¯ë,Á`¶q¶i¦ì,¾AÀ³¯g:Æ{¯g¤§ªvÀø¤Î¹w¨¾´_µo¡A ®£·W¯g¡A ªÀ¥æµJ¼{¯g¡A ±j­¢¯g,,Indication:Treat depression¡A panic disorders¡A social anxiety,,¥~ Æ[:¥Õ¦â¾ò¶ê§Î¿õ¾¯¡A ¤@­±¦L¦³EL,Appearance:White elliptic tablet,­¹¼¤´î°h¡A ¥¢¯v,Appetite decreased¡A insomnia,,¬Ò¥i¥Î,¥ß´¶¯à,LexaPRO 10mg,,,¬O,¬O,,ªAÃÄ«á¡A ¥i¯àµo¥Íµu¼È©Ê·w¯t; ¤Å¶¼°s,ªAÃÄ´Á¶¡Á×§K¶¼°s,May cause temporary dizziness. Avoid taking with alcohol.,Avoid alcohol.,³Æµù: ¤ß«ß¤£¾ã©y¤p¤ß¨Ï¥Î,Should be used with caution in arrhythmia.,2018.09 ÃÄ©e·|§R°£,¤@¯ë,¤@¯ë,Äµ »y¡GªAÃÄ«á¡A¥i¯àµo¥Íµu¼È©Ê·w¯t¡F¤Å¶¼°s,SA/­¹ «÷­µ/­¹ª«,,,,§_,1.0,,§_,§_,§_,³æ¤è,§_,¥i¥Î,¥i¥Î,¥i¿i,¬O,,1.00,1.00,2.00,2.00,999,999,1,1,4.00,4.00,0,0,,¦³¹Ï¤ù,,0,,0,,N06AB10,,,,,,,,,TAB,§_,°·«Oµ¹¥I,°·«Oµ¹¥I,ESCITALOPRAM OXALATE,N06AB10,BC23960100,§_,SolidDrugForm,ORTAB,,,,,,,,,PH047,202303141750,9.70,14.00
OLIB,19960101,99999999,°±¥Î,Librium 5mg,Librium 5mg,Chlordiazepoxide,PO,,CNEU,CN-02-02,¤fªA,TAB,Librium,«D²Õ®M,°±¥Î,OCHL5,¤w°±¥Î,¬O,¥i¥ÎÃÄ¥]¾÷,,¤@¯ë,Á`¶q¶i¦ì,¾AÀ³¯g¡GµJ¼{ª¬ºA¡B«æ©Ê°sºë§ÙÂ_¯g­Ô¸s¤Î¨ä¥L§@¥Î,,Indication:Relieve anxious and alcohol withdrawal symptoms.,,¥~ Æ[:ºñ¦â¶ê§Î¿}¦ç¿õ,Appearance:Green Round Tablet,,,,,¥ß©¼Âí,Librium 5mg,,,§_,¬O,,,,,,,,,¤@¯ë,¥|¯ÅºÞ¨î,Äµ »y:ªAÃÄ«á¡A½Ð¤Å¶}¨®©Î¾Þ§@¦MÀI¾÷±ñ¡F¤Å¶¼°s,,,,,§_,1.0,,§_,§_,§_,³æ¤è,§_,°±¥Î,¥i¥Î,¥i¿i,¬O,,1.00,1.00,8.00,8.00,999,999,1,1,0,0,0,0,,¦³¹Ï¤ù,,0,,0,,,,,,,,,,,TAB,§_,°·«Oµ¹¥I,°·«Oµ¹¥I,CHLORDIAZEPOXIDE,N05BA02,A035426100,§_,SolidDrugForm,ORTAB,,,,,,,,,PH047,202303141750,1.60,3.00
OLIC,20110314,99999999,°±¥Î,Licodin 100mg,Licodin 100mg,Ticlopidine,PO,BID,HEMT,HE-03-00,¤fªA,TAB,Ticlopidine,«D²Õ®M,°±¥Î¡A¥i¬dÃþ¦üÃÄ,,¤@¯ë¥i¥Î,¬O,¤£¥i¥ÎÃÄ¥]¾÷,±ø¥ó¤Uµ¹¥I,¤@¯ë,Á`¶q¶i¦ì,¾AÀ³¯g:¹w¨¾¤ÎªvÀø¦åºÞ®ê¶ë,,Indication:Anticoagulant¡A antithrombotic & fibrinolytic,,¥~ Æ[:¥Õ¦â¶ê«ó§Î¿õ¾¯¡A ¤@­±¦LLC¡A ¥~¬°ºñ¦â½¦´ß¥]¸Ë,Appearance:White round tablet,¥Ö½§¬õ¯l,skin rash,,¬Ò¥i¥Î,§Q¦å¹F,Licodin 100mg,,,§_,¬O,,¥X²{¥ô¦ó²§±`·ï«C©Î¥X¦å¡A ¶Ë¤f¤£©ö¤î¦å¡A½Ð¾¨³t»PÂå®vÁpµ¸,,Report any signs of unusual bruising or bleeding to doctor immediately.,,,,2021.09.01ÃÄ©e·|§R°£,¤@¯ë,¤@¯ë,Äµ »y: ¥X²{¥ô¦ó²§±`·ï«C©Î¥X¦å¡A¶Ë¤f¤£©ö¤î¦å¡A½Ð¾¨³t»PÂå®vÁpµ¸,,,,,§_,1.0,,§_,§_,§_,³æ¤è,§_,¥i¥Î,¥i¥Î,¥i¿i,¬O,,1.00,1.00,2.00,2.00,999,999,1,1,8.00,8.00,0,0,,¦³¹Ï¤ù,,0,,0,,B01AC05,,,,,,,,,TAB,§_,°·«Oµ¹¥I,°·«Oµ¹¥I,TICLOPIDINE,B01AC05,AB31596100,§_,SolidDrugForm,ORTAB,,,,,,,,,PH047,202303141750,3.53,5.00
OLICA,20140805,99999999,¥i¥Î,§Q¥Ò Lica 5mg,Lica 5mg,Methimazole,PO,QDAC,META,ME-04-00,¤fªA,TAB,Tapazole,«D²Õ®M,,,¤@¯ë¥i¥Î,¬O,¤£¥i¥ÎÃÄ¥]¾÷,¥i¥Î,¤@¯ë,Á`¶q¶i¦ì,¾AÀ³¯g:¥Òª¬¸¢¾÷¯à¤®¶i,,Indication:Antithyroid agent,,¥~ Æ[:²HÂÅ¦â¶ê«ó§Î¿õ¾¯¡A¤@­±¦L¦³SWISS,Appearance:Light blue color round tablet¡A marking:SWISS,µo¿N¡A ¥Ö½§¬õ¯l©ÎÄo¡A Áû²É©Ê¥Õ¦å²y´î¤Ö¡A ¥Õ¦å²y´î¤Ö,Fever; skin rash or itching;agranulocytosis; leukopenia,,¬Ò¥i¥Î,§Q¥Ò¿õ,Lica,,,,¬O,,½Ð¿í·ÓÂå®v«ü¥Ü¨Ï¥Î¡A ­Yµo¥ÍºÃ¦üÃÄª«¤£¨}¤ÏÀ³½Ð§iª¾Âå¥Í,,Follow doctor's advice. Check with doctor if you notice any side effects.,,³Æµù: Ãh¥¥»P±Â¨Å°ü¤k¤£©y¨Ï¥Î,Avoid in pregnancy¡A lactation.,,¤@¯ë,¤@¯ë,Äµ »y:½Ð¿í·ÓÂå®v«ü¥Ü¨Ï¥Î¡A­Yµo¥ÍºÃ¦üÃÄª«¤£¨}¤ÏÀ³½Ð§iª¾Âå¥Í¡C,,,0,0,§_,1.0,,§_,¬O,§_,³æ¤è,§_,¥i¥Î,¥i¥Î,¥i¿i,¬O,,1.00,1.00,4.00,4.00,210,99,1,1,12.00,12.00,0,0,,¦³¹Ï¤ù,,0,,0,,H03BB02,,,,,0,,0,,TAB,,°·«Oµ¹¥I,°·«Oµ¹¥I,METHIMAZOLE,H03BB02,AC042211G0,§_,SolidDrugForm,ORTAB,¦M®`¤G¯Å(¡I),,,,,,,,PH047,202303141750,2.00,3.00
OLID,20230118,99999999,°±¥Î,Lidin 300mg,Lidin 300mg,Lithium Carbonate,PO,TID,CNEU,CN-02-01,¤fªA,TAB,Lithium,«D²Õ®M,°±¥Î,OLIG,¤@¯ë¥i¥Î,¬O,¤£¥i¥ÎÃÄ¥]¾÷,¥i¥Î,¤@¯ë,Á`¶q¶i¦ì,¾AÀ³¯g: Ä¼¯f¡B¹w¨¾Ä¼Æ{¯g,,Indication:Treat mania¡A prevent bipolar disorder,,¥~ Æ[:¥Õ¦â¶ê¥Y¿õ¾¯¡A¼Ð°O031¡BUL,Appearance:White round tablet¡A marked 031¡A UL,¸¡µÈ¡B¹Ã¦R¡B­ÂºÎ¡B¦Ù¦×µL¤O¡B»´·L¾_Å¸¡B¯t·w,Bloating¡A vomiting¡A lethargy¡A muscle weakness¡A slight tremors¡A dizziness,,¬Ò¥i¥Î,¥ß©w¿õ,Lidin 300mg,,,¬O,¬O,,ªAÃÄ«á¡A ½Ð¤Å¶}¨®©Î¾Þ§@¦MÀI¾÷±ñ; ¤Å¶¼°s,,Be careful driving or operating machinery. Avoid alcohol.,,ªvÀø´Á¶¡À³ºû«ù¥¿±`¶¼­¹¡A¥]¬A¨¬°÷ªº¤ô¤ÎÆQ¤ÀÄá¨ú¡C,Maintain adequate fluid intake¡A salt intake¡A and a normal diet during treatment.,202301 [OLIG]°±²£´À¥N,¤@¯ë,¤@¯ë,Äµ »y:ªAÃÄ«á¡A½Ð¤Å¶}¨®©Î¾Þ§@¦MÀI¾÷±ñ¡F¤Å¶¼°s,,,0,0,§_,1.0,,§_,¬O,§_,³æ¤è,,¥i¥Î,¥i¥Î,¥i¿i,¬O,,1.00,1.00,2.00,2.00,999,999,1,1,8.00,8.00,0,0,,¦³¹Ï¤ù,,0,,0,,N05AN01,,,,,0,,0,,TAB,§_,°·«Oµ¹¥I,°·«Oµ¹¥I,LITHIUM CARBONATE,N05AN01,AC24474100,§_,SolidDrugForm,ORTAB,,,0,,0,,,,PH006,202402230936,4.33,6.00
OLIG,20011228,99999999,¥i¥Î,Ligilin 300mg,Ligilin 300mg,Lithium Carbonate,PO,TID,CNEU,CN-02-01,¤fªA,CAP,Lithium,«D²Õ®M,,OLID,¤@¯ë¥i¥Î,¬O,¥i¥ÎÃÄ¥]¾÷,¥i¥Î,¤@¯ë,Á`¶q¶i¦ì,¾AÀ³¯g: Ä¼¯f¡B¹w¨¾Ä¼Æ{¯f¡C,,Indication:Treat psychotic symptoms.,,¥~ Æ[:²H¯»¬õ¦â½¦Ån¡A¦L¦³WW 7512,Appearance:Pink hard capsule printed with "WW 7512",­Â«å¡Bµo¿N¡BÅ¸§Ý¡B¸¡Âm¡B¹Ã¦R¡BÃþ¬y·P¯gª¬¡C,Fatigue¡A fever¡A shivering¡A diarrhea¡A vomiting¡A flu-like symptoms.,,¬Ò¥i¥Î,¾Y»ô¹ç½¦Ån,Ligilin 300mg,,,¬O,¬O,,ÃÄ«á¡A½Ð¤Å¶}¨®©Î¾Þ§@¦MÀI¾÷±ñ¡F¤Å¶¼°s,­Y¥X²{«ùÄò­ÂºÎ¡BµL¤O¡B¹B°Ê¥¢½Õ¡Bµø³¥¼Ò½k¡B¦Õ»ïÀ³§iª¾Âå¥Í¡C,Be careful driving or operating machinery. Avoid alcohol.,Inform the doctor of drowsiness¡A weakness¡A blurred vision¡A or tinnitus.,µÇ¡B¤ßÅ¦¦åºÞ¯e¯f¡AÄY­«°I®z¡A²æ¤ô¤Î¨Ï¥Î§Q§¿¾¯ªÌ¡AÀ³ÂÔ·V¨Ï¥Î¡C,Use cautiously in kidney/heart disease¡A weakness¡A dehydration and diuretic use.,2023Q3 ÃÄ©e¦A±Ò¥Î,¤@¯ë,¤@¯ë,Äµ »y:ªAÃÄ«á¡A½Ð¤Å¶}¨®©Î¾Þ§@¦MÀI¾÷±ñ¡F¤Å¶¼°s,,,,,§_,1.0,,§_,¬O,§_,³æ¤è,§_,¥i¥Î,¥i¥Î,¥i¿i,¬O,,1.00,1.00,2.00,2.00,999,999,1,1,6.00,6.00,0,0,,¦³¹Ï¤ù,,0,,0,,N05AN01,,,,,,,,,CAP,,°·«Oµ¹¥I,°·«Oµ¹¥I,LITHIUM CARBONATE,N05AN01,AC09299100,§_,SolidDrugForm,ORCAP,,,,,,,,,PH047,202403131142,4.33,6.00
OLIM,19960101,99999999,°±¥Î,Limadol 50mg,Limadol 50mg,Tramadol,PO,,CNEU,CN-01-01,¤fªA,CAP,,«D²Õ®M,°±¥Î,OULT,¤w°±¥Î,¬O,¤£¥i¥ÎÃÄ¥]¾÷,­­¥Î,¤@¯ë,Á`¶q¶i¦ì,¾AÀ³¯g:¬°³Â¾K©Ê¤îµh¾¯,,,,¥~Æ[:ÂÅ¥b³z©ú½¦Ån¡A¤º¬°¥Õ¦â¶ê²yÁû²É,Appearance:Blue Capsule,,,,,¥ß§Jµh½¦Ån,Limadol 50mg,,,§_,¬O,,,,,,,,,¤@¯ë,¥|¯ÅºÞ¨î,,,,,,§_,1.0,,§_,§_,§_,³æ¤è,§_,¥i¥Î,¥i¥Î,¤£¥i¿i,¬O,,1.00,1.00,999.00,999.00,999,999,1,1,0,0,0,0,,µL¹Ï¤ù,,0,,0,,,,,,,,,,,CAP,§_,°·«Oµ¹¥I,°·«Oµ¹¥I,TRAMADOL,N02AX02,A040422100,§_,SolidDrugForm,ORCAP,,,,,,,,,PH047,202303141750,6.00,8.00
OLIN,20111201,99999999,¥i¥Î,Lindacin 150mg,Lindacin 150mg,Clindamycin,PO,Q6H,QANB,AI-01-07,¤fªA,CAP,Cleocin,«D²Õ®M,,,¤@¯ë¥i¥Î,¬O,¥i¥ÎÃÄ¥]¾÷,¥i¥Î,¤@¯ë,Á`¶q¶i¦ì,¾AÀ³¯g:²Óµß©Ê·P¬V,,Indication:Antibiotic for infection.,,¥~ Æ[:²`¬õµµ/ÂAµµ¦âªø¶ê¬W§Îµw½¦Ån¡A ¦L¦³ST023,Appearance:Purple/red hard capsule,¸z­G¾÷¯à»ÙÃª¡A ¹L±Ó¤ÏÀ³¡A ¥Ö½§Äo,GI disturbances¡A hypersensitivity reactions¡A pruritus.,,¬Ò¥i¥Î,§Q¹F«HÅð¯À,Lindacin 150mg,,,§_,¬O,,¨Ï¥Î¥»ÃÄ­Y¦³³y¦¨­G¸z¤£¾A¡A ¥i»P­¹ª«¨ÖªA¨Ã¦h¸É¥R¤ô,¤À,If have stomach upset¡A take with meals and increase water intake.,,,,,¤@¯ë,¤@¯ë,Äµ »y:¨Ï¥Î¥»ÃÄ­Y¦³³y¦¨­G¸z¤£¾A¡A¥i»P­¹ª«¨ÖªA¨Ã¦h¸É¥R¤ô,,,0,0,§_,1.0,,§_,¬O,§_,³æ¤è,§_,°±¥Î,°±¥Î,¥i¿i,¬O,,1.00,1.00,4.00,4.00,14,14,0,1,16.00,16.00,0.30,0.10,,¦³¹Ï¤ù,,0,,0,,J01FF01,D10AF01,G01AA10,,,0.15,g,1.20,g,CAP,,°·«Oµ¹¥I,°·«Oµ¹¥I,CLINDAMYCIN,J01FF01,AC439911G0,§_,SolidDrugForm,ORCAP,,,,,,,,,PH047,202401101427,2.00,3.00
OLINI,20150615,99999999,¥i¥Î,Linicor F.C.T. 500/20mg,Linicor F.C.T. 500/20mg,Niacin + Lovastatin,PO,HS,CAVS,CV-12-00,¤fªA,TAB,,«D²Õ®M,,,¤@¯ë¥i¥Î,¬O,¤£¥i¥ÎÃÄ¥]¾÷,¥i¥Î,¤@¯ë,Á`¶q¶i¦ì,¾AÀ³¯g:°ª¦å¯×,,Indication:Treatment of hyperlipidemia.,,¥~ Æ[:²H¶À¦â¾ò¶ê§Î¿õ¾¯,Appearance:Light yellow elliptic tablet,Áy¼é¬õ¡A·P¬V¡AÀYµh¡A¯kµh,Flushing¡A Infection¡A Headache¡A Pain,,¬Ò¥i¥Î,²z¯×½¤¦ç¿õ500/20 ²@§J,Linicor F.C.T. 500/20mg,,,,§_,½Ã±Ð³æ¤T,­Y¦³¤£©ú­ì¦]ªº¦Ù¦×µh¡A Ä²µh©ÎµL¤O¡A ¥B¨Ö¦³µo¿N®É¡A ½Ð¥ß¨è¦^¶E,À³»P§C¯×ÂI¤ß¨ÖªA¡A¥H´î¤Ö¸z­G¤£¾A¡C,Notify your doctor if you have any unexplained muscle pain or tenderness.,combination with a standard cholesterol-lowering diet.,½wÄÀ¾¯«¬¶·¾ã²É§]ªA¡AªAÃÄ´Á¶¡Á×§K­¹¥Î¸²µå¬c¥Ä»P¬õÄT²£«~,Take whole tablet and avoid grapefruit juice and red yeast rice.,,¤@¯ë,¤@¯ë,Äµ »y:­Y¦³¤£©ú­ì¦]ªº¦Ù¦×µh¡BÄ²µh©ÎµL¤O¡A¥B¨Ö¦³µo¿N®É¡A½Ð¥ß¨è¦^¶E,,,0,0,§_,1.0,,§_,¬O,§_,½Æ¤è,§_,¥i¥Î,¥i¥Î,¤£¥i¿i,¬O,,1.00,1.00,2.00,2.00,999,999,1,1,2.00,2.00,0,0,,¦³¹Ï¤ù,,0,,0,,C10AD02,C10AA02,C10BA01,,,0,,0,,TAB,,°·«Oµ¹¥I,°·«Oµ¹¥I,LOVASTATIN 20 MG + NIACIN 500 MG,C10BA01,AC57216100,§_,SolidDrugForm,ORTAB,,,,,,,,,PH047,202308221529,7.80,11.00
OLIP,19960101,99999999,°±¥Î,Lipo-Merz retard 500mg,Lipo-Merz retard 500mg,Etofibrate,PO,QD,CAVS,CV-12-00,¤fªA,CAP,Lipo-Merz,«D²Õ®M,°±¥Î,,¤@¯ë¥i¥Î,¬O,¤£¥i¥ÎÃÄ¥]¾÷,±ø¥ó¤Uµ¹¥I,¤@¯ë,Á`¶q¶i¦ì,¾AÀ³¯g:¬°­°¦å¯×ÃÄ,,Treatment of hyperlipidemia,,¥~ Æ[:¶À¦â½¦Ån,Appearance:Yellow Capsule,,,,,Âo¦å¯×ªø®Ä½¦Ån,Lipo-Merz retard 500mg,,,§_,¬O,,,,,,,,,¤@¯ë,¤@¯ë,Äµ »y:ªAÃÄ«á¡A½Ð¤Å¶}¨®©Î¾Þ§@¦MÀI¾÷±ñ¡F¤Å¶¼°s,,,,,§_,1.0,,§_,§_,§_,³æ¤è,§_,¥i¥Î,¥i¥Î,¤£¥i¿i,¬O,,1.00,1.00,1.00,1.00,999,999,30,1,0,0,0,0,,µL¹Ï¤ù,,0,,0,,,,,,,,,,,CAP,§_,°·«Oµ¹¥I,°·«Oµ¹¥I,ETOFIBRATE,C10AB09,B010330100,§_,SolidDrugForm,ORCAP,,,,,,,,,PH047,202303141750,16.10,20.00
OLIP10,20020110,99999999,°±¥Î,Lipitor 10mg,Lipitor 10mg,Atorvastatin,PO,QPM,CAVS,CV-12-00,¤fªA,TAB,Lipitor,«D²Õ®M,°±¥Î,,¤@¯ë¥i¥Î,¬O,¤£¥i¥ÎÃÄ¥]¾÷,±ø¥ó¤Uµ¹¥I,¤@¯ë,Á`¶q¶i¦ì,¾AÀ³¯g:°ª¦å¯×,,Indication:Treatment of hyperlipidemia.,,¥~ Æ[:¥Õ¦â¾ò¶ê§Î¿õ¾¯¡A¤@­±¦³PD 155¡A¤@­±10,Appearance:White elliptic tablet.,ÀYµh¡A Án­µ°×¡A ¤U­Iµh¡A ±Æ§¿§xÃø,Headache¡A hoarseness¡A lower back or side pain¡A difficult urination.,,¬Ò¥i¥Î,¥ß´¶§´,Lipitor,,,§_,¬O,½Ã±Ð³æ¤T,­Y¦³¤£©ú­ì¦]ªº¦Ù¦×µh¡A Ä²µh©ÎµL¤O¡A ¥B¨Ö¦³µo¿N®É¡A ½Ð¥ß¨è¦^¶E,¦³¨Ï¥ÎHIV§Ü¯f¬r¥ÎÃÄ½Ð¥D°Ê§iª¾Âå®v,Notify your doctor if you have any unexplained muscle pain or tenderness.,,­¹ª«¥æ¤¬§@¥Î: ªAÃÄ´Á¶¡Á×§K­¹¥Î¸²µå¬c¥Ä»P¬õÄT²£«~,Food interaction:Avoid grapefruit juice and red yeast rice.,2014¦~²Ä¤G¦¸ÃÄ©e·|¨MÄ³§R°£,¤@¯ë,¤@¯ë,Äµ »y:­Y¦³¤£©ú­ì¦]ªº¦Ù¦×µh¡BÄ²µh©ÎµL¤O¡A¥B¨Ö¦³µo¿N®É¡A½Ð¥ß¨è¦^¶E,­¹ ­¹ª«¥æ¤¬,,,,§_,1.0,,§_,§_,§_,³æ¤è,§_,°±¥Î,¥i¥Î,¥i¿i,¬O,,1.00,1.00,8.00,8.00,999,999,1,1,8.00,8.00,0,0,,¦³¹Ï¤ù,,0,,0,,C10AA05,,,,,,,,,TAB,§_,°·«Oµ¹¥I,°·«Oµ¹¥I,ATORVASTATIN,C10AA05,B022886100,§_,SolidDrugForm,ORTAB,,,,,,,,,PH047,202303141751,22.00,29.00
OLIP2,20020523,99999999,°±¥Î,LIPANTHYL 200M,LIPANTHYL 200M,Fenofibrate,PO,QD,CAVS,CV-12-00,¤fªA,CAP,Lipanthyl,«D²Õ®M,°±¥Î,OLIPS,¤@¯ë¥i¥Î,¬O,¤£¥i¥ÎÃÄ¥]¾÷,±ø¥ó¤Uµ¹¥I,¤@¯ë,Á`¶q¶i¦ì,¾AÀ³¯g:°ª¦å¯×,,Hypercholesterolaemia (type IIa) & hypertriglyceridaemia,,¥~ Æ[:¾ï¬õ¦â½¦Ån,Appearance:Red Orange Capsule,,,,¬Ò¥i¥Î,¥±¥§§Q¯×¹ç,LIPANTHYL 200M,,,§_,¬O,,,,,,,,,¤@¯ë,¤@¯ë,Äµ »y:½Ð¸m©ó«Äµ£µLªk¨ú±o¤§³B,,,,,§_,1.0,,§_,§_,§_,³æ¤è,§_,°±¥Î,¥i¥Î,¥i¿i,¬O,,1.00,1.00,99.00,99.00,99,99,1,1,0,0,0,0,,µL¹Ï¤ù,,0,,0,,,,,,,,,,,CAP,,°·«Oµ¹¥I,°·«Oµ¹¥I,FENOFIBRATE,C10AB05,B022654100,§_,SolidDrugForm,ORCAP,,,,,,,,,PH047,202303141751,8.10,11.00
OLIP20,20140616,99999999,¥i¥Î,Lipitor 20mg,Lipitor 20mg,Atorvastatin,PO,QPM,CAVS,CV-12-00,¤fªA,TAB,Lipitor,«D²Õ®M,,,¤@¯ë¥i¥Î,¬O,¥i¥ÎÃÄ¥]¾÷,±ø¥ó¤Uµ¹¥I,¤@¯ë,Á`¶q¶i¦ì,¾AÀ³¯g:°ª¦å¯×,,Indication:Treatment of hyperlipidemia.,,¥~ Æ[:¥Õ¦â¶ê§Î¿õ¾¯¡A¦L¦³"ATV"¤Î"20",Appearance:White round tablet¡A marking:ATV and 20.,ÀYµh¡A Án­µ°×¡A ¤U­Iµh¡A ±Æ§¿§xÃø,Headache¡A hoarseness¡A lower back or side pain¡A difficult urination.,,¬Ò¥i¥Î,¥ß´¶§´,Lipitor 20mg,,,,¬O,½Ã±Ð³æ¤T,­Y¦³¤£©ú­ì¦]ªº¦Ù¦×µh¡A Ä²µh©ÎµL¤O¡A ¥B¨Ö¦³µo¿N®É¡A ½Ð¥ß¨è¦^¶E,¦³¨Ï¥ÎHIV§Ü¯f¬r¥ÎÃÄ½Ð¥D°Ê§iª¾Âå®v,Notify your doctor if you have any unexplained muscle pain or tenderness.,,­¹ª«¥æ¤¬§@¥Î: ªAÃÄ´Á¶¡Á×§K­¹¥Î¸²µå¬c¥Ä»P¬õÄT²£«~,,2014¦~²Ä¤G¦¸ÃÄ©e¶iÃÄ,¤@¯ë,¤@¯ë,Äµ »y:­Y¦³¤£©ú­ì¦]ªº¦Ù¦×µh¡BÄ²µh©ÎµL¤O¡A¥B¨Ö¦³µo¿N®É¡A½Ð¥ß¨è¦^¶E,­¹ ­¹ª«¥æ¤¬,,0,0,§_,1.0,,§_,¬O,§_,³æ¤è,§_,¥i¥Î,¥i¥Î,¥i¿i,¬O,,1.00,1.00,4.00,4.00,999,999,1,1,4.00,4.00,0,0,,¦³¹Ï¤ù,,0,,0,,C10AA05,,,,,0,,0,,TAB,,°·«Oµ¹¥I,°·«Oµ¹¥I,ATORVASTATIN,C10AA05,BC22890100,§_,SolidDrugForm,ORTAB,,,,,,,,,PH047,202402140414,14.40,19.00
OLIPS,20040401,99999999,¥i¥Î,Lipanthyl 160mg,Lipanthyl 160mg,Fenofibrate,WM,QD,CAVS,CV-12-00,¤fªA,TAB,Lipanthyl,«D²Õ®M,,,¤@¯ë¥i¥Î,¬O,¤£¥i¥ÎÃÄ¥]¾÷,¥i¥Î,¤@¯ë,Á`¶q¶i¦ì,¾AÀ³¯g:°ª¦å¯×¯g,,Indication:Treatment of hyperlipidemia.,,¥~ Æ[:¥Õ¦â¾ò¶ê§Î¿õ¾¯¡A ¤@­±¦L¹Ï®×¡A ¤@­±¦L¦³160,Appearance:White elliptic tablet,´HÅ¸¡A µo¿N¡A ¦Ù¦×»Äµh¡A ëC³Â¯l¡A ·P¬V¡A ¥Ö½§¬õ¯l,Chills¡A fever¡A muscle aches and pains¡A hives¡A infections¡A skin rash,,¬Ò¥i¥Î,¥±¥§§Q¯×¹ç,Lipanthyl 160mg,,,§_,¬O,,­Y¦³¤£©ú­ì¦]ªº¦Ù¦×µh¡A Ä²µh©ÎµL¤O¡A ¥B¨Ö¦³µo¿N®É¡A ½Ð°±ÃÄ¦^¶E,«Äµ£¡BÃh¥¥/±Â¨Å°ü¤k¡BÄY­«¨xµÇ¥\¯à¤£¥þªÌ¤£¥i¨Ï¥Î¡C,Notify your doctor if you have any unexplained muscle pain or tenderness.,Not for children¡A pregnant/nursing women¡A or severe liver/kidney impairment.,Á×§K¥Î©ó¹ïªá¥Í¡B¨§Ãþ§ZÁCà­¹L±Ó©Î¨Å¿}¤£­@¯g±wªÌ¡C,Avoid use in patients allergic to peanuts¡A legumes¡A or with lactose intolerance.,,¤@¯ë,¤@¯ë,Äµ »y:­Y¦³¤£©ú­ì¦]ªº¦Ù¦×µh¡BÄ²µh©ÎµL¤O¡A¥B¨Ö¦³µo¿N®É¡A½Ð¥ß¨è¦^¶E,,,,,§_,1.0,,§_,¬O,§_,³æ¤è,§_,¥i¥Î,¥i¥Î,¥i¿i,¬O,,1.00,1.00,1.00,1.00,999,999,1,1,2.00,2.00,0,0,,¦³¹Ï¤ù,,0,,0,,C10AB05,,,,,,,,,TAB,,°·«Oµ¹¥I,°·«Oµ¹¥I,FENOFIBRATE,C10AB05,BC23770100,§_,SolidDrugForm,ORTAB,,,,,,,,,PH047,202309281632,3.54,5.00
OLIS0,19960101,99999999,°±¥Î,Liserdol 4mg(¦Û¶O),Liserdol 4mg(¦Û¶O),Metergoline,PO,,HM,HR-02-00,¤fªA,TAB,Liserdol,«D²Õ®M,°±¥Î,,¤@¯ë¥i¥Î,¬O,¥i¥ÎÃÄ¥]¾÷,°·«O¤£µ¹¥I,¤@¯ë,Á`¶q¶i¦ì,¾AÀ³¯g:°ªªc¨Å¯À¯g,,Treatment of hyperprolactinemia,,¥~ Æ[:¥Õ¦â¶ê§ÎÃÄ¿õ,Appearance:White Round Tablet,,,,,¨Å¾A«×,Liserdol 4mg(¦Û¶O),,,§_,¬O,,,,,,,,,¤@¯ë,¤@¯ë,Äµ »y:ªAÃÄ´Á¶¡¥i¯à¼È¦³äú¤ß¡B¹Ã¦R¡B¥¢¯v¡B¶ÝºÎ¡BµJ¼{©Î·w¯t²{¶H,,,,,§_,1.0,,§_,§_,§_,³æ¤è,§_,¥i¥Î,¥i¥Î,¥i¿i,¬O,,1.00,1.00,6.00,6.00,999,999,1,1,0,0,0,0,,µL¹Ï¤ù,,0,,0,,,,,,,,,,,TAB,§_,¤£µ¹¥I¶·¦Û¥I,¤£µ¹¥I¶·¦Û¥I,METERGOLINE,G02CB05,B017385100,§_,SolidDrugForm,ORTAB,,,,,,,,,PH047,202303141751,42.00,55.00
OLISA,19960101,99999999,°±¥Î,Lisacef 500mg,Lisacef 500mg,Cephradine,PO,,QANB,AI-01-02,¤fªA,CAP,Liacef,«D²Õ®M,°±¥Î,,¤@¯ë¥i¥Î,¬O,¤£¥i¥ÎÃÄ¥]¾÷,,¤@¯ë,Á`¶q¶i¦ì,¾AÀ³¯g:²Óµß©Ê·P¬V,,Antibacterial agent,,¥~ Æ[:©ú«C/¤¤¦Ç¦âªø¶ê¬W§Îµw½¦Ån,Appearance:Blue/Grey Cylinder Hard Capsule,,,,,§Q³t´_,Lisacef 500mg,,,§_,¬O,,,,,,,,,¤@¯ë,¤@¯ë,Äµ »y:½Ð¿í«ü¥ÜªA§¹¾ã­ÓÀøµ{¡A­Yµo¥Í¥ÎÃÄ¤£¨}¤ÏÀ³½Ð§iª¾Âå¥Í¡C,,,,,§_,1.0,,§_,§_,§_,³æ¤è,§_,¥i¥Î,¥i¥Î,¥i¿i,¬O,,1.00,1.00,2.00,2.00,14,14,1,1,0,0,0,0,,µL¹Ï¤ù,,0,,0,,J01DB09,,,,,,,,,CAP,§_,°·«Oµ¹¥I,°·«Oµ¹¥I,CEPHRADINE,J01DB09,A037125100,§_,SolidDrugForm,ORCAP,,,,,,,,,PH047,202401261321,3.75,5.00
OLISE,19960101,99999999,°±¥Î,Liserdol 4mg (­­¦Û¶O),Liserdol 4mg (­­¦Û¶O),Metergoline,PO,,HM,HR-02-00,¤fªA,TAB,Liserdol,«D²Õ®M,°±¥Î,OCAR4,¤@¯ë¥i¥Î,¬O,¥i¥ÎÃÄ¥]¾÷,±ø¥ó¤Uµ¹¥I,¤@¯ë,Á`¶q¶i¦ì,¾AÀ³¯g:°ªªc¨Å¯À¯g,,Treatment of hyperprolactinemia,,¥~ Æ[:¥Õ¦â¶ê§ÎÃÄ¿õ,Appearance:White Round Tablet,,,,,¨Å¾A«×,Liserdol 4mg (­­¦Û¶O),,,§_,¬O,,,,,,,,,¤@¯ë,¤@¯ë,Äµ »y:ªAÃÄ´Á¶¡¥i¯à¼È¦³äú¤ß¡B¹Ã¦R¡B¥¢¯v¡B¶ÝºÎ¡BµJ¼{©Î·w¯t²{¶H,,,,,§_,1.0,,§_,§_,§_,³æ¤è,§_,°±¥Î,¥i¥Î,¥i¿i,¬O,,1.00,1.00,6.00,6.00,999,999,1,1,0,0,0,0,,µL¹Ï¤ù,,0,,0,,,,,,,,,,,TAB,§_,¤£µ¹¥I¶·¦Û¥I,¤£µ¹¥I¶·¦Û¥I,,,,§_,SolidDrugForm,ORTAB,,,,,,,,,PH047,202303141751,0,53.00
OLIT,19960101,99999999,°±¥Î,Lithonate 300mg,Lithonate 300mg,Lithium,PO,,CNEU,CN-02-01,¤fªA,CAP,Lithium,«D²Õ®M,°±¥Î,OLIG,¤@¯ë¥i¥Î,¬O,¤£¥i¥ÎÃÄ¥]¾÷,°·«O¤£µ¹¥I,¤@¯ë,Á`¶q¶i¦ì,¾AÀ³¯g:¬°±¡ºüÃ­©w¾¯,,,,,,,,,,,Lithonate 300mg,,,§_,¬O,,,,,,,,,¤@¯ë,¤@¯ë,,,,,,§_,1.0,,§_,§_,§_,³æ¤è,§_,¥i¥Î,¥i¥Î,¥i¿i,¬O,,1.00,1.00,999.00,999.00,999,999,1,1,0,0,0,0,,µL¹Ï¤ù,,0,,0,,,,,,,,,,,CAP,§_,°·«Oµ¹¥I,°·«Oµ¹¥I,LITHIUM CARBONATE,N05AN01,B018736100,§_,SolidDrugForm,ORCAP,,,,,,,,,PH047,202303141751,3.65,5.00
OLIV,19960101,99999999,¥i¥Î,Livial 2.5mg (28 tablets/box),Livial 2.5mg (28 tablets/box),Tibolone,PO,QD,HM,HR-04-00,¤fªA,TAB,Livial,«D²Õ®M,,,¤@¯ë¥i¥Î,¬O,¤£¥i¥ÎÃÄ¥]¾÷,°·«O¤£µ¹¥I,¤@¯ë,Á`¶q¶i¦ì,¾AÀ³¯g:°±¸g¤Î¶Pº¸»X¯Ê¥F,,Indication:Treatment of postmenopausal symptoms,,¥~ Æ[:¾Tºä¥]¸Ë¡A¤º¬°¥Õ¦â¶ê§Î¿õ¾¯,Appearance:Whiter round tablet,¤U¸¡¯kµh¡A ¤ò¾v¥Íªø²§±`,Lower abdominal pain¡A abnormal hair growth,,¥u¥Î©óªù¶E¤Î¦í°|STAT,§Q­¸¨È,Livial 2.5mg (28 tablets/box,,,§_,¬O,,½Ð¿í«ü¥ÜªA§¹¾ã­ÓÀøµ{¡A ­Yµo¥Í¥ÎÃÄ¤£¨}¤ÏÀ³½Ð§iª¾Âå¥Í,,Follow doctor's advice. Check with doctor if you notice any side effects.,,³Æµù: ¥i¯à·|¼W¥[¦å®ê¯e¯f¦MÀI,May increase risk factors for thromboembolic disorders.,105-4 ÃÄ©e·|³q¹L·s¶i,¤@¯ë,¤@¯ë,Äµ »y:½Ð¿í«ü¥ÜªA§¹¾ã­ÓÀøµ{¡A­Yµo¥Í¥ÎÃÄ¤£¨}¤ÏÀ³½Ð§iª¾Âå¥Í¡C,,,,,§_,28.0,,§_,¬O,§_,³æ¤è,§_,°±¥Î,°±¥Î,¤£¥i¿i,§_,,1.00,1.00,1.00,1.00,999,999,28,28,2.00,2.00,0,0,,¦³¹Ï¤ù,,0,,0,,G03CX01,,,,,,,,,BOX,§_,¤£µ¹¥I¶·¦Û¥I,¤£µ¹¥I¶·¦Û¥I,,,,§_,SolidDrugForm,ORTAB,,,,,,,,,PH047,202303141751,0,1092.00
OLIVA,20121227,99999999,°±¥Î,Livalo 2mg,Livalo 2mg,Pitavastatin,PO,QN,CAVS,CV-12-00,¤fªA,TAB,,«D²Õ®M,°±¥Î,,¤@¯ë¥i¥Î,¬O,¤£¥i¥ÎÃÄ¥]¾÷,¥i¥Î,¤@¯ë,Á`¶q¶i¦ì,¾AÀ³¯g:°ª¦å¯×,,Indication:Treatment of hyperlipidemia.,,¥~ Æ[:²H¯»¬õ¦â½¤¦ç¿õ¡A ¦L¦³202¦r¼Ë¡C,Appearance:Light pink round tablet,ÀYµh¡A ¦Ùµh¡A µL¤O¡A äú¤ß,Headache¡A myalgia¡A abdominal pain¡A asthenia¡A nausea.,,¬Ò¥i¥Î,¤O²M¤§,Livalo 2mg,,,§_,¬O,½Ã±Ð³æ¤T,­Y¦³¤£©ú­ì¦]ªº¦Ù¦×µh¡A Ä²µh©Îµê®zµL¤O®É¡A ¤×¨ä¨Ö¦³µo¿N©Î¥F¤OªÌ¡A ½Ð¥ß¨è¦^¶E,,Notify your doctor if you have any unexplained muscle pain or tenderness.,,­¹ª«¥æ¤¬§@¥Î: ªAÃÄ´Á¶¡Á×§K­¹¥Î¸²µå¬c¥Ä»P¬õÄT²£«~,Food interaction:Avoid grapefruit juice and red yeast rice.,202006ÃÄ©e·|DC,¤@¯ë,¤@¯ë,Äµ »y:­Y¦³¤£©ú­ì¦]ªº¦Ù¦×µh¡BÄ²µh©ÎµL¤O¡A¥B¨Ö¦³µo¿N®É¡A½Ð¥ß¨è¦^¶E,­¹ ­¹ª«¥æ¤¬,,0,0,,1.0,,§_,§_,§_,³æ¤è,§_,¥i¥Î,¥i¥Î,¥i¿i,¬O,,1.00,1.00,2.00,2.00,999,999,1,1,2.00,2.00,0,0,,¦³¹Ï¤ù,,0,,0,,C10AA08,,,,,,,,,TAB,,°·«Oµ¹¥I,°·«Oµ¹¥I,PITAVASTATIN,C10AA08,BC25350100,§_,SolidDrugForm,ORTAB,,,,,,,,,PH047,202303141751,13.10,17.00
OLIX,20161228,99999999,¥i¥Î,Lixiana F.C. 30mg,Lixiana F.C. 30mg,Edoxaban,PO,QD,HEMT,HE-02-00,¤fªA,TAB,Lixiana,«D²Õ®M,,,¤@¯ë¥i¥Î,¬O,¤£¥i¥ÎÃÄ¥]¾÷,±ø¥ó¤Uµ¹¥I,¤@¯ë,Á`¶q¶i¦ì,¾AÀ³¯g:ªvÀø©Î¹w¨¾®ê¶ë­·ÀI,,Indication:Treat or prevent the risk of embolism/ thrombosis,,¥~ Æ[:¯»¬õ¦â¶ê§Î¿õ¾¯¡A¦L¦³DSC L30,Appearance:red round tablet¡A marking DSC L30,¥X¦å¡A¥Ö¯l,Hemorrhage¡A skin rash,,¬Ò¥i¥Î,¨½¥ý¦w½¤¦ç¿õ30²@§J,Lixiana F.C. 30mg,,,,¬O,,¥X²{¥ô¦ó²§±`·ï«C©Î¥X¦å¡A¶Ë¤f¤£©ö¤î¦å¡A½Ð¾¨³t»PÂå®vÁpµ¸,,Report any signs of unusual bruising or bleeding to doctor immediately.,,¶i¦æ¤â³N¡B©Þ¤úªvÀø¡B«I¤J©ÊÀË¬d®É¡A¶·§iª¾Âå®v¦³ªA¥Î¦¹¶µ§Ü¾®¦åÃÄ«~¡C,Tell your doctor before having surgery¡A dental or other invasive procedures.,105-4 ÃÄ©e·|³q¹L·s¶i,¤@¯ë,¤@¯ë,Äµ »y: ¥X²{¥ô¦ó²§±`·ï«C©Î¥X¦å¡A¶Ë¤f¤£©ö¤î¦å¡A½Ð¾¨³t»PÂå®vÁpµ¸,,,0,0,§_,1.0,,§_,¬O,§_,³æ¤è,§_,¥i¥Î,¥i¥Î,¥i¿i,¬O,,1.00,1.00,2.00,2.00,999,999,28,1,2.00,2.00,0,0,,¦³¹Ï¤ù,,0,,0,,B01AF03,,,,,0,,0,,TAB,,°·«Oµ¹¥I,°·«Oµ¹¥I,EDOXABAN,B01AF03,BC26600100,§_,SolidDrugForm,ORTAB,,,,,,,,,PH047,202303141751,71.00,89.00
OLOD,20040401,99999999,°±¥Î,Lodopin 25mg,Lodopin 25mg,Zotepine,PO,,CNEU,CN-02-01,¤fªA,TAB,,«D²Õ®M,°±¥Î,,¤@¯ë¥i¥Î,¬O,¤£¥i¥ÎÃÄ¥]¾÷,,¤@¯ë,Á`¶q¶i¦ì,¾AÀ³¯g¡Gºë¯«¬ì¥ÎÃÄ¡C,,,,,,,,,¬Ò¥i¥Î,µ¸¿w¥­,Lodopin 25mg,,,§_,¬O,,,,,,,,,¤@¯ë,¤@¯ë,Äµ »y:³¡¤À¤H¨Ï¥Î«á¥i¯à¤Þ°_¯h­Â¡BµtºÎªº²{¶H,,,,,§_,1.0,,§_,§_,§_,³æ¤è,§_,°±¥Î,¥i¥Î,¥i¿i,¬O,,1.00,1.00,18.00,18.00,999,999,1,1,0,0,0,0,,µL¹Ï¤ù,,0,,0,,,,,,,,,,,TAB,,°·«Oµ¹¥I,°·«Oµ¹¥I,ZOTEPINE,N05AX11,BD22672100,§_,SolidDrugForm,ORTAB,,,,,,,,,PH047,202303141751,8.40,11.00
OLOE,20070621,99999999,°±¥Î,Loette (28's/pk),Loette (28's/pk),Levonorgestrel + Ethinylestradiol,PO,QD,HM,CT-01-00,¤fªA,TAB,Loette,«D²Õ®M,°±¥Î,,¤@¯ë¥i¥Î,¬O,¤£¥i¥ÎÃÄ¥]¾÷,°·«O¤£µ¹¥I,¤@¯ë,Á`¶q¶i¦ì,¾AÀ³¯g:Á×¥¥,,Contraceptive,,,,,,,¬Ò¥i¥Î,¼Ö´@,Loette (28's/pk),,,§_,¬O,,,,,,,,,¤@¯ë,¤@¯ë,Äµ »y:³¡¤À¤H¨Ï¥Î«á¥i¯à¤Þ°_¯h­Â¡BµtºÎªº²{¶H,,,,,§_,28.0,,§_,§_,§_,½Æ¤è,§_,°±¥Î,¥i¥Î,¤£¥i¿i,¬O,,1.00,1.00,1.00,1.00,28,28,28,28,0,0,0,0,,µL¹Ï¤ù,,0,,0,,,,,,,,,,,BOX,,¤£µ¹¥I¶·¦Û¥I,¤£µ¹¥I¶·¦Û¥I,,,,§_,SolidDrugForm,ORTAB,,,,,,,,,PH047,202303141751,0,324.00
OLOF,20070404,99999999,°±¥Î,Lofaxin 250mg,Lofaxin 250mg,Cephalexin,PO,Q6H,QANB,AI-01-02,¤fªA,CAP,Keflex,«D²Õ®M,°±¥Î,OCEPH,¤@¯ë¥i¥Î,¬O,¥i¥ÎÃÄ¥]¾÷,¥i¥Î,¤@¯ë,Á`¶q¶i¦ì,¾AÀ³¯g:²Óµß©Ê·P¬V,,Indication:Antibiotic for infection.,,¥~ Æ[:²`ºñ/¥Õ¦âªø¶ê¬W§Îµw½¦Ån¡A ¦L¦³GP 312,Appearance:Green/White Cylinder Hard Capsule,»´«×¸¡Âm¡A ¹L±Ó©Ê¤ÏÀ³,Diarrhea ( mild )¡Aanaphylaxis.,,¬Ò¥i¥Î,¼Öªk³Ó½¦Ån,Lofaxin 250mg,,,§_,¬O,,½Ð¿í«ü¥ÜªA§¹¾ã­ÓÀøµ{¡A ­Yµo¥Í¥ÎÃÄ¤£¨}¤ÏÀ³½Ð§iª¾Âå¥Í,,Follow doctor's advice. Check with doctor if you notice any side effects.,,,,,¤@¯ë,¤@¯ë,Äµ »y:½Ð¿í«ü¥ÜªA§¹¾ã­ÓÀøµ{¡A­Yµo¥Í¥ÎÃÄ¤£¨}¤ÏÀ³½Ð§iª¾Âå¥Í¡C,,,,,§_,1.0,,§_,§_,§_,³æ¤è,§_,°±¥Î,¥i¥Î,¥i¿i,¬O,,1.00,1.00,2.00,2.00,14,14,1,1,0,0,0,0,,¦³¹Ï¤ù,,0,,0,,J01DB01,,,,,,,,,CAP,,°·«Oµ¹¥I,°·«Oµ¹¥I,CEPHALEXIN,J01DB01,A019097100,§_,SolidDrugForm,ORCAP,,,,,,,,,PH047,202303141752,1.12,3.00
OLON,19960101,99999999,¥i¥Î,Lonine 200mg,Lonine 200mg,Etodolac,PC,BID,CNEU,CN-01-02,¤fªA,CAP,Lonine,«D²Õ®M,,,¤@¯ë¥i¥Î,¬O,¥i¥ÎÃÄ¥]¾÷,±ø¥ó¤Uµ¹¥I,¤@¯ë,Á`¶q¶i¦ì,¾AÀ³¯g:¬°¤îµh®øª¢ÃÄ,,Indication:Relief of pain¡A inflammation & fever.,,¥~ Æ[:²L¦Ç¦âªø¶ê¬W§Îµw½¦Ån¡A¦³LONINE 200¦r¼Ë,Appearance:Light grey cylinder hard capsule,¥Ö½§¬õ¯l,Skin rash,,,³Ò¹ç¤îµh,Lonine 200mg,,,§_,¬O,,¦³­G¼ìºÅ¯f¥v½Ð¥ý§iª¾Âå¥Í¨Ã©ó¶º«áªA¥Î,¶i¦æ«aª¬°Ê¯ßÂ¶¹D¤â³N¤§«á14 ¤Ñ¤º¸T¥Î¥»ÃÄ¡C,Notify your doctor if you have stomach ulcer.,Contraindications:within 14 days of coronary artery bypass graft (CABG).,¦p¥ÎÃÄ«á¥X²{³ïµh¡B¤fµÄ/ÂH½¤¼ìÄê¡B¥Ö¯lµ¥¯gª¬¡A¥ß§Y°±ÃÄ¦^¶E,If signs of sore throat¡A mouth ulcers or skin rash occur¡A please consult doctor,,¤@¯ë,¤@¯ë,Äµ »y:¦³­G¼ìºÅ¯f¥v½Ð¥ý§iª¾Âå¥Í¨Ã©ó¶º«áªA¥Î¡C,,,,,§_,1.0,,§_,¬O,§_,³æ¤è,§_,¥i¥Î,¥i¥Î,¥i¿i,¬O,,1.00,1.00,2.00,2.00,999,999,0,1,9.00,9.00,0,0,,¦³¹Ï¤ù,,0,,0,,M01AB08,,,,,,,,,CAP,§_,°·«Oµ¹¥I,°·«Oµ¹¥I,ETODOLAC,M01AB08,AC32327100,§_,SolidDrugForm,ORCAP,,,,,,,,,PH047,202303141752,2.90,4.00
OLONS,20190731,99999999,¥i¥Î,Lonsurf 20mg,Lonsurf 20mg,Trifluridine + Tipiracil,PC,BID,RACA,ON-02-01,¤fªA,TAB,Lonsurf,«D²Õ®M,Á{±ÄÃÄ¡A½Ð³qª¾ÃÄ§½¥~ÁÊ,,¥»°|Á{±Ä²M³æ,¬O,¤£¥i¥ÎÃÄ¥]¾÷,±ø¥ó¤Uµ¹¥I,¤@¯ë,Á`¶q¶i¦ì,¾AÀ³¯g:Âà²¾©Ê¤j¸zª½¸zÀù¤§¦¨¤H±wªÌ,,Indication:Metastatic colorectal cancer in adults,,¥~ Æ[:²L¬õ¦â¶ê§Î¿õ¾¯¡A¤@­±20¡A¥t¤@­±102/20mg¼Ð°O,Appearance: Light red round tablet¡A 20 and 102/20mg marked.,¦å²y­p¼Æ´î¤Ö¡A ¹½­¹¡A äú¤ß¡A ¹Ã¦R¡A ¸¡Âm,Abnormal blood cell counts¡A anorexia¡A nausea¡A vomiting¡A diarrhea,,¬Ò¥i¥Î,®Ô´µ¥±½¤¦ç¿õ,Lonsurf 20mg,,,,¬O,,¤£¥i¦]¿òº|©Î©µ¿ðªAÃÄ¦ÓªA¥ÎÃB¥~ªº¾¯¶q,,Do not take double doses to compensate for missing or delayed doses,,¤@­Ó¶g´Á¬°28¤Ñ¡A©ó²Ä1¦Ü5¤Ñ¤Î²Ä8¦Ü12¤ÑªAÃÄ,The drug was taken on days 1 to 5 and days 8 to 12 of a 28-day cycle.,201908­Ó®×Á{±Ä,¤@¯ë,¤@¯ë,¤£¥i¦]¿òº|©Î©µ¿ðªAÃÄ¦ÓªA¥ÎÃB¥~ªº¾¯¶q,Äµ °ªÄµ°T,,0,0,§_,1.0,,§_,¬O,§_,½Æ¤è,§_,¥i¥Î,¥i¥Î,¤£¥i¿i,¬O,,1.00,1.00,4.00,4.00,999,999,28,28,8.00,8.00,0,0,,µL¹Ï¤ù,,0,,0,,L01BC59,S01AD02,,,,0,,0,,TAB,¬O,°·«Oµ¹¥I,°·«Oµ¹¥I,TRIFLURIDINE 20 MG + TIPIRACIL 8.19 MG,L01BC59,BC27282100,,SolidDrugForm,ORTAB,¦M®`¤@¯Å(¡I¡I),,0,,0,,,,PH034,202204131622,902.00,1082.00
OLOP,20120103,99999999,¥i¥Î,Loperam 2mg (Loperamide),Loperam 2mg (Loperamide),Loperamide,PO,ASORDER,ALIM,GI-02-00,¤fªA,CAP,Imodium,«D²Õ®M,,,¤@¯ë¥i¥Î,¬O,¥i¥ÎÃÄ¥]¾÷,¥i¥Î,¤@¯ë,Á`¶q¶i¦ì,¾AÀ³¯g:¸¡Âm,,Indication:Antidiarrheal agent.,,¥~ Æ[: ºñ¦â/¦Ç¦â½¦Ån,Appearance:Green/Gray capsule,¸¡µh¡A µÈ®ð¡A «K¯µ¡A ·w¯t¡A ¤f°®,Abdominal pain¡A flatulence¡A constipation¡A dizziness¡A dry mouth.,,¬Ò¥i¥Î,¨{­¿®Ô,Loperam 2mg,,,§_,¬O,,­Y¸¡Âm°±¤î¡A ½Ð°±ÃÄ,,You can stop the medicine¡A if diarrhea is controlled.,,,,,¤@¯ë,¤@¯ë,Äµ »y:­Y¸¡Âm°±¤î¡A½Ð°±ÃÄ,,,0,0,§_,1.0,,§_,¬O,§_,³æ¤è,§_,¥i¥Î,¥i¥Î,¥i¿i,¬O,,1.00,1.00,5.00,5.00,999,999,1,1,8.00,8.00,0.10,0.05,,¦³¹Ï¤ù,,0,,0,,A07DA03,,,,,,,,,CAP,§_,°·«Oµ¹¥I,°·«Oµ¹¥I,LOPERAMIDE,A07DA03,AC200591G0,§_,SolidDrugForm,CAP,,,,,,,,,PH047,202303141752,2.00,3.00
OLOR,20120827,99999999,¥i¥Î,Lorapseudo SR 10/240mg,Lorapseudo SR 10/240mg,Loratadine + Pseudoephedrine,PO,QD,HIMM,IM-01-00,¤fªA,TAB,Clarinase,«D²Õ®M,,,¤@¯ë¥i¥Î,¬O,¤£¥i¥ÎÃÄ¥]¾÷,¥i¥Î,¤@¯ë,Á`¶q¶i¦ì,¾AÀ³¯g:½w¸Ñ¹L±Ó©Ê»óª¢¤Î·P«_¯gª¬¡A »ó¶ë¡A ¥Ö½§¹L±Ó¯g,,Indication:Relief of symptoms of seasonal allergic rhinitis,,¥~ Æ[:¥Õ¦âªø¾ò¶ê§Î¿õ¾¯¡A¦L¦³CYH¤ÎLP 24H¦r¼Ë,Appearance: White Elliptic Tablet,©ü©ü±ýºÎ¡A ÂH²GÅÜ¸Y,Drowsiness¡A thickening of the bronchial secretions,,¬Ò¥i¥Î,²ö»ó¥d24¤p®É«ùÄò©Ê½¤¦ç¿õ,LoraPseudo SR,,,§_,§_,,À³¾ã²É§]ªA¡A ¤Á¤Å«rÄZ©ÎÀ£¸H,,Swallow the tablet whole. Do not crush¡A break or chew.,,,,,¤@¯ë,¤@¯ë,Äµ »y:À³¾ã²É§]ªA¡A¤Á¤Å«rÄZ©ÎÀ£¸H,,,0,0,§_,1.0,,§_,¬O,§_,½Æ¤è,§_,¥i¥Î,¥i¥Î,¤£¥i¿i,¬O,,1.00,1.00,1.00,1.00,90,90,1,1,1.00,1.00,0,0,,¦³¹Ï¤ù,,0,,0,,R01BA52,R01BA02,R06AX13,,,,,,,TAB,§_,°·«Oµ¹¥I,°·«Oµ¹¥I,PSEUDOEPHEDRINE 240MG + LORATADINE 10MG,R01BA52,AC57170100,§_,SolidDrugForm,ERCAP24,,,,,,,,,PH006,202311211440,6.70,9.00
OLOS,19960101,99999999,°±¥Î,Losec 20mg,Losec 20mg,Omeprazole,PO,QD,ALIM,GI-01-02,¤fªA,CAP,Losec,«D²Õ®M,°±¥Î,ONEX,¤@¯ë¥i¥Î,¬O,¥i¥ÎÃÄ¥]¾÷,­­¥Î,¤@¯ë,Á`¶q¶i¦ì,¾AÀ³¯g:¼ìºÅ¡B°f¬y©Ê­¹¹Dª¢µ¥,,,,,,,,,,,Losec 20mg,,,§_,¬O,,,,,,,,,¤@¯ë,¤@¯ë,,,,,,§_,1.0,,§_,§_,§_,³æ¤è,§_,¥i¥Î,¥i¥Î,¤£¥i¿i,¬O,,1.00,1.00,999.00,999.00,999,999,1,1,0,0,0,0,,µL¹Ï¤ù,,0,,0,,A02BC01,,,,,,,,,CAP,§_,°·«Oµ¹¥I,°·«Oµ¹¥I,OMEPRAZOLE/ESOMEPRAZOLE,A02BC01,B017808100,§_,SolidDrugForm,ORCAP,,,,,,,,,PH047,202303141752,47.60,60.00
OLOW,20230817,99999999,¥i¥Î,Lowen 0.5mg,Lowen 0.5mg,Lorazepam,PO,HS,CNEU,CN-02-02,¤fªA,TAB,Ativan,«D²Õ®M,°±¥Î,,¤@¯ë¥i¥Î,¬O,¤£¥i¥ÎÃÄ¥]¾÷,¥i¥Î,¤@¯ë,Á`¶q¶i¦ì,¾AÀ³¯g:µÎ½wµJ¼{ª¬ºA¡B§U¯v¡C,,Indication:Relieve anxiety state and aid in sleep.,,¥~ Æ[:²L¶À¦â¶ê§Î¿õ¾¯¡A¤@­±¨è²ªCCP,Appearance:Light yellow round tablet debossed "CCP",«äºÎ¡B¯t·w¡Bµê®z¡B©w¦V¤O»ÙÃª¡B±¡ºü¤£Ã­¡C,Drowsiness¡A dizziness¡A weakness¡A impaired orientation¡A unstable emotions.,,¬Ò¥i¥Î,¼ÖÃ­¿õ0.5¤½µ·,Lowen 0.5mg,,,¬O,¬O,½Ã±Ð³æ¥|,ªAÃÄ«á¡A ½Ð¤Å¶}¨®©Î¾Þ§@¦MÀI¾÷±ñ; ¤Å¶¼°s¡C,Á×§K»P¸²µå¬c©Î¸²µå¬c¥Ä¨ÖªA¡C,After taking the medication¡A do not drive or operate machinery. Avoid alcohol.,Avoid concurrent use with grapefruit or grapefruit juice.,¨Ö¥Î¾~¤ùÃþÃÄª«¡B«æ©Ê¯U¨¤©Ê«C¥ú²´¡BÄY­«©I§l¥\¯à¤£¨¬¡B­«¦ÙµL¤O¯g±wªÌÀ³·V¥Î,Caution in opioid use¡A glaucoma¡A respiratory problems¡A myasthenia gravis.,202308 OATI5 ¯Ê³f´À¥N,¤@¯ë,¥|¯ÅºÞ¨î,Äµ »y:ªAÃÄ«á¡A½Ð¤Å¶}¨®©Î¾Þ§@¦MÀI¾÷±ñ¡F¤Å¶¼°s,­¹ ­¹ª«¥æ¤¬,,0,0,§_,1.0,,§_,¬O,§_,³æ¤è,§_,¥i¥Î,¥i¥Î,¤£¥i¿i,¬O,,1.00,1.00,8.00,8.00,30,30,1,1,20.00,20.00,0,0,,¦³¹Ï¤ù,,0,,0,,N05BA06,,,,,0.50,mg,2.50,mg,TAB,,°·«Oµ¹¥I,°·«Oµ¹¥I,LORAZEPAM,N05BA06,AC278491G0,§_,SolidDrugForm,ORTAB,,,0,,0,,,,PH008,202308211410,2.00,3.00
OLOX,20080618,99999999,¥i¥Î,Loxol SR 75mg,Loxol SR 75mg,Ambroxol,PC,QD,ERSP,RE-05-01,¤fªA,TAB,Mucosolvan,«D²Õ®M,,,¤@¯ë¥i¥Î,¬O,¥i¥ÎÃÄ¥]¾÷,¥i¥Î,¤@¯ë,Á`¶q¶i¦ì,¾AÀ³¯g:×¶·ð,,Indication:Mucolytics for cough.,,¥~ Æ[:²H¶À¦â¶ê«ó§Î¿õ¾¯,Appearance:Light yellow round tablet,¯h­Â¡A ¤f´÷¡A ¬y»ó¤ô¡A «K¯µ¡A ±Æ§¿§xÃø¡A ±µÄ²©Ê¥Ö½§ª¢,Fatigue¡A dry mouth¡A rhinorrhea¡A constipation¡A dysuria¡A and contact dermatitis,,¬Ò¥i¥Î,¼Ö«y·ðµÎªø®Ä¿õ,Loxol SR 75mg,,,§_,§_,,À³¾ã²É§]ªA¡A ¤Á¤Å«rÄZ©ÎÀ£¸H,,Swallow the tablet whole. Do not crush¡A break or chew.,,,,,¤@¯ë,¤@¯ë,Äµ »y:¥i¯à¥X²{¯h­Â¡B¤f´÷µ¥¯gª¬,,,,,§_,1.0,,§_,¬O,§_,³æ¤è,§_,¥i¥Î,¥i¥Î,¤£¥i¿i,¬O,,1.00,1.00,1.00,1.00,999,999,1,1,1.00,1.00,0.05,0.05,,¦³¹Ï¤ù,,0,,0,,R05CB06,,,,,,,,,TAB,,°·«Oµ¹¥I,°·«Oµ¹¥I,AMBROXOL,R05CB06,AC463861G0,§_,SolidDrugForm,ERTAB12,,,,,,,,,PH047,202402121419,2.00,3.00
OLUC,19960101,99999999,°±¥Î,Luckyhepa 70mg (½Æ¤è),Luckyhepa 70mg,Silymarin,PO,,ALIM,GI-07-00,¤fªA,CAP,Luckyhepa,«D²Õ®M,¼t°Ó¯Ê³f¡A¥i¬dÃþ¦üÃÄ,OSILY,¤@¯ë¥i¥Î,¬O,¤£¥i¥ÎÃÄ¥]¾÷,±ø¥ó¤Uµ¹¥I,¤@¯ë,Á`¶q¶i¦ì,¾AÀ³¯g:¬°¨x«OÅ@¾¯,,Chronic liver diseases¡A liver cirrhosis¡A fatty liver.,,¥~ Æ[:¬õ¦â½¦Ån,Appearance:Red Capsule,¸z­G¤£¾A¡Bäú¤ß¡B¹Ã¦R¡B¸¡µÈ¡B»´Âm¡B§Q§¿,GI disturbance¡A diarrhea¡A diuresis,,¬Ò¥i¥Î,¨xºÖ½¦Ån,Luckyhepa 70mg,,,§_,¬O,,½Ð¿í·ÓÂå®v«ü¥Ü¨Ï¥Î¡A ­Yµo¥ÍºÃ¦üÃÄª«¤£¨}¤ÏÀ³½Ð§iª¾Âå¥Í,,Follow doctor's advice. Check with doctor if you notice any side effects.,,,,,¤@¯ë,ª`®g,Äµ »y:½Ð¿í·ÓÂå®v«ü¥Ü¨Ï¥Î¡A­Yµo¥ÍºÃ¦üÃÄª«¤£¨}¤ÏÀ³½Ð§iª¾Âå¥Í¡C,,,,,¬O,1.0,,§_,§_,§_,½Æ¤è,§_,°±¥Î,°±¥Î,¥i¿i,¬O,,1.00,1.00,2.00,2.00,999,999,1,1,6.00,6.00,0,0,,¦³¹Ï¤ù,,0,,0,,A11HA02,A11HA04,B03BA01,A11DA01,A05BA03,,,,,CAP,§_,°·«Oµ¹¥I,°·«Oµ¹¥I,SILYMARIN 70MG + MULTIVITAMINES,A05BA,AC283331G0,§_,SolidDrugForm,ORCAP,,,,,,,,,PH047,202303141752,2.00,3.00
OLUVO,19960101,99999999,¥i¥Î,Luvox 50mg,Luvox 50mg,Fluvoxamine,PO,,CNEU,CN-02-04,¤fªA,TAB,Luvox,«D²Õ®M,,,¤@¯ë¥i¥Î,¬O,¤£¥i¥ÎÃÄ¥]¾÷,±ø¥ó¤Uµ¹¥I,¤@¯ë,Á`¶q¶i¦ì,¾AÀ³¯g:±¡ºü©Ê¯gª¬(«ùÄò©Ê±¡ºü§C¸¨¡Bºë¯«¥\¯à¶Ë®`¡B±j­¢¯g),,Indication: Mental depressive¡A obsessive-compulsive symptoms,,¥~ Æ[: ¥Õ¦â¶ê«ó§Î¿õ¾¯¡A ¤@­±¦L291¡A ¤@­±¦L¦³Sªá¯¾,Appearance:White Round Tablet,¥Ö½§¬õ¯l¡A ëC·ò¯l¡A µL¤O¡A ÀY·w,skin rash¡A hives¡A weakness¡A dizziness,,¬Ò¥i¥Î,µLÆ{¹ç½¤¦ç¿õ,Luvox 50mg,,,¬O,¬O,,¤Å¶¼°s; ªAÃÄ«á¡A ½Ð¤p¤ß¶}¨®©Î¾Þ§@¦MÀI¾÷±ñ,,Avoid alcohol. Be careful driving or operating machines.,,­¹ª«¥æ¤¬§@¥Î: ªAÃÄ´Á¶¡Á×§K¶¼°s,Food interaction:Avoid alcohol.,,¤@¯ë,¤@¯ë,Äµ »y¡G¾ã²É§]ªA¡A¤ÅÄZ¸H¡FªAÃÄ«á¡A½Ð¤p¤ß¶}¨®©Î¾Þ§@¦MÀI¾÷±ñ,­¹ ­¹ª«¥æ¤¬,,,,§_,1.0,,§_,¬O,§_,³æ¤è,§_,¥i¥Î,¥i¥Î,¥i¿i,¬O,,1.00,1.00,6.00,6.00,999,999,1,1,9.00,9.00,0,0,,¦³¹Ï¤ù,,0,,0,,N06AB08,,,,,,,,,TAB,§_,°·«Oµ¹¥I,°·«Oµ¹¥I,FLUVOXAMINE,N06AB08,BC24750100,§_,SolidDrugForm,ORTAB,,,,,,,,,PH047,202303141752,5.70,8.00
OLYR,20130619,99999999,¥i¥Î,Lyrica 75mg,Lyrica 75mg,Pregabalin,PO,BID,CNEU,CN-03-01,¤fªA,CAP,Lyrica,«D²Õ®M,,,¤@¯ë¥i¥Î,¬O,¥i¥ÎÃÄ¥]¾÷,¥i¥Î,¤@¯ë,Á`¶q¶i¦ì,¾AÀ³¯g:§½³¡Åöíw¡A¯«¸gµh¡AÅÖºû¦Ùµhµ¥,,Indication:Partial seizures¡A neuralgia¡A fibromyalgia,,¥~ Æ[: ¥Õ/¬õ¦âªø¶ê¬W§Îµw½¦Ån,Appearance: White and red cylinder hard capsule,ÀY·w¡B¶ÝºÎ¡Bµø¤O¼Ò½k¡B¬õ¯l¡B¦åºÞ¤ô¸~,dizziness¡A somnolence¡A blurred vision¡A rash¡A angioedema.,,¬Ò¥i¥Î,§Q·ç¥d½¦Ån 75 ²@§J,Lyrica 75mg,,,¬O,¬O,,Á×§K±q¨Æ»Ý­n«O«ùÄµÄ±©Ê©Î¹B°Ê¨ó½Õªº¬¡°Ê¡C¤Å¶¼°s¡C,,Avoid activities requiring mental alertness or coordination.,Avoid drinking alcohol.,,,102¦~²Ä¤G¦¸ÃÄ©e·|·s¶i,¤@¯ë,¤@¯ë,Á×§K±q¨Æ»Ý­n«O«ùÄµÄ±©Ê©Î¹B°Ê¨ó½Õªº¬¡°Ê¡C¤Å¶¼°s¡C,,,0,0,§_,1.0,,§_,¬O,§_,³æ¤è,§_,¥i¥Î,¥i¥Î,¥i¿i,¬O,,1.00,1.00,4.00,4.00,999,999,1,1,8.00,8.00,0,0,,¦³¹Ï¤ù,,0,,0,,N03AX16,N02BF02,,,,,,,,CAP,,°·«Oµ¹¥I,°·«Oµ¹¥I,PREGABALIN,N03AX16,BC24995100,§_,SolidDrugForm,CAP,,,,,,,,,PH047,202303261100,16.00,21.00
OMAC,19960101,99999999,°±¥Î,Macgel,Macgel,Mag Hydroxide + Alum Hydroxide,PO,,ALIM,GI-01-01,¤fªA,TAB,Macgel,«D²Õ®M,°±¥Î,OAMZ,¤@¯ë¥i¥Î,¬O,¥i¥ÎÃÄ¥]¾÷,,¤@¯ë,Á`¶q¶i¦ì,¾AÀ³¯g:¬°­GÃÄ,,It's antacid,,¥~ Æ[:¯»¦â»P¥Õ¦â¶ê§ÎÂù¼hÃÄ¿õ,Appearance:Pink/white round tablet,,,,,,Macgel,,,§_,¬O,,,,,,,,,¤@¯ë,¤@¯ë,Äµ »y:¥»«~¥iÄZ¸H«á§]ªA,,,,,§_,1.0,,§_,§_,§_,³æ¤è,§_,¥i¥Î,¥i¥Î,¥i¿i,¬O,,1.00,1.00,999.00,999.00,999,999,1,1,0,0,0,0,,µL¹Ï¤ù,,0,,0,,,,,,,,,,,TAB,§_,°·«Oµ¹¥I,°·«Oµ¹¥I,DIMETHICONE 25MG + ALUMINUM HYDROXIDE 200MG + MAGNESIUM HYDROXIDE 200MG,A02AF02,A030974100,§_,SolidDrugForm,ORTAB,,,,,,,,,PH047,202303141752,0.65,2.00
OMACA,20030407,99999999,¥i¥Î,Macalol 0.25mcg,Macalol 0.25mcg,1¡A25-Dihydroxycholecalciferol,PO,QD,META,ME-06-00,¤fªA,CAP,Rocaltrol,«D²Õ®M,,,¤@¯ë¥i¥Î,¬O,¤£¥i¥ÎÃÄ¥]¾÷,±ø¥ó¤Uµ¹¥I,¤@¯ë,Á`¶q¶i¦ì,¾AÀ³¯g:¬°ºû¥L©RD3»s¾¯,,Indication:Synthetic vitamin D3 derivative.,,¥~ Æ[:¥Õ¦â»P¾ï¬õ¦â¾ò¶ê§Î½¦Ån,Appearance:White/red elliptic capsule,¦]°ª¦å¶t¤Þ°_ªº¹Ã¦R¡A ¯h­Â¡A ¦ÙµL¤O¡A Ãö¸`¯kµh,Observe for symptoms of hypercalcemia such as vomiting¡A fatigue¡A myalgia or arth,,¬Ò¥i¥Î,°©¬¡¾J,Macalol 0.25mcg,,,§_,¬O,,ªvÀø´Á¶¡Á×§KªA¥Î§tÁâ¨î»Ä¾¯©Î½wÂm¾¯¡A ¥H§K¤Þ°_°ªÁâ¦å¯g,,Avoid antacids containing magnesium while taking this medicine.,,,,,¤@¯ë,¤@¯ë,Äµ »y:ªvÀø´Á¶¡¤£¥iªA¥Î§tÁâ¨î»Ä¾¯©Î½wÂm¾¯¡A¥H§K¤Þ°_°ªÁâ¦å¯g,,,,,§_,1.0,,§_,¬O,§_,³æ¤è,§_,¥i¥Î,¥i¥Î,¤£¥i¿i,¬O,,1.00,1.00,4.00,4.00,999,999,1,1,28.00,28.00,0,0,,¦³¹Ï¤ù,,0,,0,,A11CC04,,,,,,,,,CAP,,°·«Oµ¹¥I,°·«Oµ¹¥I,CALCITRIOL,A11CC04,AC34854100,§_,SolidDrugForm,ORCAP,,,,,,,,,PH047,202303141752,2.10,3.00
OMAD2,19960101,99999999,¥i¥Î,Madopar 200/50mg,Madopar 200/50mg,Levodopa + Benserazide,PO,TIDAC,CNEU,CN-03-05,¤fªA,TAB,Larodopa,«D²Õ®M,,,¤@¯ë¥i¥Î,¬O,¥i¥ÎÃÄ¥]¾÷,,¤@¯ë,Á`¶q¶i¦ì,¾AÀ³¯g:©¬ª÷´Ë¤ó¯g,,Indication:Symptomatic treatment of Parkinson's disease,,¥~ Æ[:²H¬õ¦â¶ê§Î¿õ¾¯¡A¤G­±¦³¤Q¦r¨è²ª¡A¤@­±¦³ROCHE,Appearance:Pink round tablet,¥¢¥h¤è¦V·P¡A§íÆ{,Disorientation¡A depression,,,¬ü¹D´¶¿õ200/50²@§J,Madopar 200/50mg,,,§_,¬O,½Ã±Ð³æ¥|,½Ð¿í«ü¥ÜªA§¹¾ã­ÓÀøµ{¡A ­Yµo¥Í¥ÎÃÄ¤£¨}¤ÏÀ³½Ð§iª¾Âå¥Í,,Follow doctor's advice. Check with doctor if you notice any side effects.,,­¹ª«¥æ¤¬§@¥Î: Á×§K»P°ª³J¥Õ­¹ª«(¥]§tºÞÄé¶¼­¹)¨ÖªA¡A «ØÄ³©óªÅ¸¡©Î¶º«á¤G¤p®ÉªA¥Î,Food interaction: Take without food and avoid high protein food.,,¤@¯ë,¤@¯ë,Äµ »y:½Ð¿í«ü¥ÜªA§¹¾ã­ÓÀøµ{¡A­Yµo¥Í¥ÎÃÄ¤£¨}¤ÏÀ³½Ð§iª¾Âå¥Í¡C,­¹ ­¹ª«¥æ¤¬,,,,§_,1.0,,§_,¬O,§_,½Æ¤è,§_,¥i¥Î,¥i¥Î,¥i¿i,¬O,,1.00,1.00,2.00,2.00,999,999,1,1,9.00,9.00,0,0,,¦³¹Ï¤ù,,0,,0,,N04BA02,N04BA01,,,,,,,,TAB,§_,°·«Oµ¹¥I,°·«Oµ¹¥I,LEVODOPA 200MG + BENSERAZIDE 50MG,N04BA02,BC09796100,§_,SolidDrugForm,ORTAB,,,,,,,,,PH047,202303141752,6.00,8.00
OMAG,20130912,99999999,¥i¥Î,Magnesium Oxide 250mg,Magnesium Oxide 250mg,Magnesium Oxide,PC,TID,ALIM,GI-03-00,¤fªA,TAB,MgO,«D²Õ®M,,,¤@¯ë¥i¥Î,¬O,¥i¥ÎÃÄ¥]¾÷,¥i¥Î,¤@¯ë,Á`¶q¶i¦ì,¾AÀ³¯g:¬°­GÃÄ¤Î³n«K¾¯,,Indication:Treatment of constipation¡A hyperacidity,,¥~ Æ[:¥Õ¦â¶ê§Î¿õ¾¯¡A¤@­±¨è¦³VPC 445,Appearance:White round tablet¡A marking: VPC 445,¸¡Âm,diarrhea,,¬Ò¥i¥Î,®ñ¤ÆÁâ¿õ,Magnesium Oxide,,,§_,¬O,,½Ð°t¦X¥R¤À¶}¤ôªA¥Î¡A ¨Ã¼W¥[¤ô¤ÀªºÄá¨ú,,Drink plenty of fluids while taking the medicine.,,,,,¤@¯ë,¤@¯ë,Äµ »y:½Ð°t¦X¥R¤À¶}¤ôªA¥Î¡A ¨Ã¼W¥[¤ô¤ÀªºÄá¨ú,,,0,0,¬O,1.0,,§_,¬O,§_,³æ¤è,§_,¥i¥Î,¥i¥Î,¥i¿i,¬O,,1.00,1.00,4.00,4.00,999,999,1,1,8.00,8.00,0.32,0.08,,¦³¹Ï¤ù,,0,,0,,A02AA02,,,,,,,,,TAB,§_,°·«Oµ¹¥I,°·«Oµ¹¥I,MAGNESIUM OXIDE,A02AA02,A013382100,§_,SolidDrugForm,ORTAB,,,,,,,,,PH047,202303141752,0.32,2.00
OMAI,20161116,99999999,°±¥Î,Maiyitong 500mcg,Maiyitong 500mcg,Methylcobalamin,PO,BID,CNEU,CN-03-11,¤fªA,CAP,Vitamin B12,«D²Õ®M,¼t°Ó¯Ê³f¡A¥i¬dÃþ¦üÃÄ,OMTCB,¤@¯ë¥i¥Î,¬O,¥i¥ÎÃÄ¥]¾÷,,¤@¯ë,Á`¶q¶i¦ì,¾AÀ³¯g:¥½µy©Ê¯«¸g»ÙÃª,,Indication:Treatment of peripheral neuropathy,,¥~ Æ[:·t¬õ»P²L¯»¦â½¦Ån,Appearance:Dark red and Light pink capsule,¸z­G¾÷¯à»ÙÃª¡A ­¹¼¤´î°h¡A äú¤ß¡A ¸¡Âm,GI dysfunction¡A loss of appetite¡A nausea¡A diarrhea,,¬Ò¥i¥Î,¯ß¥ç³q½¦Ån,Maiyitong 500mcg,,,,¬O,,½Ð¿í·ÓÂå®v«ü¥Ü¨Ï¥Î¡A ­Yµo¥ÍºÃ¦üÃÄª«¤£¨}¤ÏÀ³½Ð§iª¾Âå¥Í,¥»ÃÄ»ÝÁ×¥úÀx¦s,Follow doctor's advice. Check with doctor if you notice any side effects.,Capsules should be protected from light,,,,¤@¯ë,¤@¯ë,Äµ »y:½Ð¿í·ÓÂå®v«ü¥Ü¨Ï¥Î¡A­Yµo¥ÍºÃ¦üÃÄª«¤£¨}¤ÏÀ³½Ð§iª¾Âå¥Í¡C,,,0,0,§_,1.0,,§_,¬O,§_,³æ¤è,§_,°±¥Î,¥i¥Î,¥i¿i,¬O,,1.00,1.00,2.00,2.00,999,999,1,1,8.00,8.00,0,0,,¦³¹Ï¤ù,,0,,0,,B03BA05,,,,,0,,0,,CAP,,°·«Oµ¹¥I,°·«Oµ¹¥I,VITAMIN B12 (=MECOBALAMIN),B03BA05,AC29759100,§_,SolidDrugForm,ORCAP,,,,,,,,,PH006,202309030803,1.53,3.00
OMAV,20190101,99999999,¥i¥Î,Maviret 100/40mg,Maviret 100/40mg,Glecaprevir + Pibrentasvir,WM,QD,QANB,AI-03-04,¤fªA,TAB,Maviret,«D²Õ®M,Á{±ÄÃÄ¡A½Ð³qª¾ÃÄ§½¥~ÁÊ,,¥»°|Á{±Ä²M³æ,¬O,¤£¥i¥ÎÃÄ¥]¾÷,±ø¥ó¤Uµ¹¥I,¤@¯ë,Á`¶q¶i¦ì,¾AÀ³¯g:C«¬¨xª¢,,Indication:Chronic hepatitis C virus infection in adults,,¥~ Æ[:²H¾í¦â¾ò¶ê§Î¿õ¾¯¡A¦³NXT¦r¼Ë,Appearance:Light orange elliptic tablet with NXT lettering,ÀYµh¡A­Â«å¡Aäú¤ß¡A¸¡Âm,Headache¡A fatigue¡A Nausea¡A diarrhea,,¥u¥Î©óªù¶E¤Î¦í°|STAT,¦ã¦Ê¼Ö½¤¦ç¿õ,Maviret 100/40mg,,,§_,¬O,,½Ð¿í«ü¥ÜªA§¹¾ã­ÓÀøµ{¡A ­Yµo¥Í¥ÎÃÄ¤£¨}¤ÏÀ³½Ð§iª¾Âå¥Í,,Follow doctor's advice. Check with doctor if you notice any side effects.,,,,C¨x·sÃÄ¥þ°ò¦]«¬,¤@¯ë,¤@¯ë,Äµ »y:½Ð¿í«ü¥ÜªA§¹¾ã­ÓÀøµ{¡A­Yµo¥Í¥ÎÃÄ¤£¨}¤ÏÀ³½Ð§iª¾Âå¥Í¡C,,,0,0,,1.0,,§_,¬O,§_,½Æ¤è,§_,°±¥Î,,¥i¿i,¬O,,3.00,3.00,3.00,3.00,28,28,1,1,3.00,3.00,0,0,,¦³¹Ï¤ù,,0,,0,,J05AP57,,,,,0,,0,,TAB,,¤£µ¹¥I¶·¦Û¥I,¤£µ¹¥I¶·¦Û¥I,GLECAPREVIR 100 MG + PIBRENTASVIR 40 MG,J05AP57,BC27323100,,,,,,0,,0,,,,PH047,202403131625,0,1284.00
OMCL,20220315,99999999,¥i¥Î,Mocolax 400mg,Mocolax 400mg,Phenprobamate,PO,,CNEU,CN-03-02,¤fªA,TAB,Mocolax,«D²Õ®M,,,¤@¯ë¥i¥Î,¬O,¥i¥ÎÃÄ¥]¾÷,¥i¥Î,¤@¯ë,Á`¶q¶i¦ì,¾AÀ³¯g:¬°¦Ù¦×ÃP¦¢¾¯,,Indication:Muscle relaxant.,,¥~ Æ[:¶À¦â¶ê§ÎÃÄ¿õ¡A¤W¦³MJ¤Î865¼Ð¥Ü¡C,Appearance:Yellow round tablet¡A with MJ and 865 marked.,¶ÝºÎ¡A·w¯t¡A­Â«å¡A¸z­G¤£¾A,Sleepiness¡A dizziness¡A fatigue¡A gastrointestinal discomfort,,¬Ò¥i¥Î,¦Ù½wµh¿õ,Mocolax 400mg,,,¬O,¬O,,³¡¤À¤H¨Ï¥Î«á¥i¯à¤Þ°_¯h­Â¡A µtºÎªº²{¶H,,May cause fatigue¡A sleepiness.,,ªAÃÄ´Á¶¡Á×§K¶¼¥Î§t°sºë­¹ª«©Î¶¼«~,Avoid alcohol while taking medication.,2022.Q1ÃÄ©e·s¼W,¤@¯ë,¤@¯ë,Äµ »y:³¡¤À¤H¨Ï¥Î«á¥i¯à¤Þ°_¯h­Â¡BµtºÎªº²{¶H,,,0,0,§_,1.0,,§_,¬O,§_,³æ¤è,§_,¥i¥Î,¥i¥Î,¥i¿i,¬O,,1.00,1.00,1.00,1.00,999,999,1,1,3.00,3.00,0,0,,¦³¹Ï¤ù,,0,,0,,M03BA01,,,,,0,,0,,TAB,§_,°·«Oµ¹¥I,°·«Oµ¹¥I,PHENPROBAMATE,M03BA01,AC58589100,§_,SolidDrugForm,ORTAB,,,0,,0,,,,PH047,202308241030,3.43,5.00
OMEC,20050413,99999999,¥i¥Î,Meclizine 25mg,Meclizine 25mg,Meclizine,PO,BID,CNEU,CN-03-08,¤fªA,TAB,Bonamine,«D²Õ®M,,,¤@¯ë¥i¥Î,¬O,¥i¥ÎÃÄ¥]¾÷,,¤@¯ë,Á`¶q¶i¦ì,¾AÀ³¯g:äú¤ß¡A ¹Ã¦R¡A ·w¯tµ¥,,Indication:Treatment of nausea¡A vomiting and dizziness,,¥~ Æ[:¥Õ¦â¤­Ãä§Î¿õ¾¯¡A ¤@­±¦³¨è²ª,Appearance:White pentagon tablet,«äºÎ,Drowsiness,,,¬ü§J§QÀR,Meclizine 25mg,,,§_,¬O,,³¡¤À¤H¨Ï¥Î«á¥i¯à¤Þ°_¯h­Â¡A µtºÎªº²{¶H,,May cause fatigue¡A sleepiness.,,,,,¤@¯ë,¤@¯ë,Äµ »y:³¡¤À¤H¨Ï¥Î«á¥i¯à¤Þ°_¯h­Â¡BµtºÎªº²{¶H,,,,,§_,1.0,,§_,¬O,§_,³æ¤è,§_,¥i¥Î,¥i¥Î,¥i¿i,¬O,,1.00,1.00,2.00,2.00,999,999,1,1,8.00,8.00,0,0,,¦³¹Ï¤ù,,0,,0,,R06AE05,,,,,,,,,TAB,§_,°·«Oµ¹¥I,°·«Oµ¹¥I,MECLIZINE,R06AE05,N012916100,§_,SolidDrugForm,ORTAB,,,,,,,,,PH047,202303141752,0.38,2.00
OMED4,20060920,99999999,°±¥Î,Mednin 4mg,Mednin 4mg,Methylprednisolone,PO,,HM,HR-01-00,¤fªA,TAB,Mednin,«D²Õ®M,°±¥Î,OMET4,¤@¯ë¥i¥Î,¬O,¥i¥ÎÃÄ¥]¾÷,¥i¥Î,¤@¯ë,Á`¶q¶i¦ì,¾AÀ³¯g:­·Àã©Ê¼ö¡B­·Àã¼ËÃö¸`ª¢©Î¹L±Óµoª¢¯gª¬,,Indication:Treatment of asthma¡A allergy¡A rheumatic disease,,¥~ Æ[:¯»¬õ¦â¾ò¶ê§ÎÃÄ¿õ¡A ¤@­±¦³¤¤¥¡¨è²ª,Appearance:Pink elliptic tablet,,,,¬Ò¥i¥Î,¨C±o¹ç,Mednin 4mg,,,§_,¬O,,,,,,,,,¤@¯ë,¤@¯ë,Äµ »y:½Ð¿í·ÓÂå®v«ü¥Ü¥ÎÃÄ¡A¤Å¦Û¦æ§ó§ï¾¯¶q©Î¥ÎÃÄ®É¶¡¡C,,,,,§_,1.0,,§_,§_,§_,³æ¤è,§_,¥i¥Î,¥i¥Î,¥i¿i,¬O,,1.00,1.00,999.00,999.00,999,999,1,1,0,0,0,0,,¦³¹Ï¤ù,,0,,0,,,,,,,,,,,TAB,,¤£µ¹¥I¶·¦Û¥I,¤£µ¹¥I¶·¦Û¥I,,,,§_,SolidDrugForm,ORTAB,,,,,,,,,PH047,202303141753,0,4.00
OMEDA,19960101,99999999,°±¥Î,Medicon-A 20/20/90mg,Medicon-A 20/20/90mg,Dextromethorphan+Lysozyme+K Cresolsulfonate,PO,TID,ERSP,RE-05-03,¤fªA,CAP,Romilar,«D²Õ®M,°±¥Î,OROMA,¤@¯ë¥i¥Î,¬O,¥i¥ÎÃÄ¥]¾÷,¥i¥Î,¤@¯ë,Á`¶q¶i¦ì,¾AÀ³¯g:¤î«y¡A ¤Æ·ðÃÄ,,Indication:Antitussive agent,,¥~ Æ[:¥Õ¦âªø¶ê¬W§Îµw½¦Ån,Appearance:White Cylinder Hard Capsule,«K¯µ¡A ÀYµh¡A ÀY·w¡A ¶ÝºÎ¡A äú¤ß¡A ¹Ã¦R¡A ­Gµh,Constipation¡A headache¡A dizziness¡A drowsiness¡A nausea¡A vomiting¡A stomach pain,,¬Ò¥i¥Î,·À«y±d½Æ¦X½¦Ån,Medicon-A,,,§_,¬O,,½Ð¿í·ÓÂå®v«ü¥Ü¨Ï¥Î¡A ­Yµo¥ÍºÃ¦üÃÄª«¤£¨}¤ÏÀ³½Ð§iª¾Âå¥Í,,Follow doctor's advice. Check with doctor if you notice any side effects.,,,,2016¦~²Ä¤@¦¸ÃÄ©e·|³q¹L·s¶i,¤@¯ë,¤@¯ë,Äµ »y:½Ð¿í·ÓÂå®v«ü¥Ü¨Ï¥Î¡A­Yµo¥ÍºÃ¦üÃÄª«¤£¨}¤ÏÀ³½Ð§iª¾Âå¥Í¡C,,,,,§_,1.0,,§_,§_,§_,½Æ¤è,§_,°±¥Î,°±¥Î,¥i¿i,¬O,,1.00,1.00,2.00,2.00,999,999,1,1,6.00,6.00,0.15,0.05,,¦³¹Ï¤ù,,0,,0,,R05FA01,R05DA09,R05DA20,J05AX02,,,,,,CAP,§_,°·«Oµ¹¥I,°·«Oµ¹¥I,DEXTROMETHORPHAN 20MG + POTASSIUM CRESOLSULFONATE 90MG + LYSOZYME 20MG,R05FA01,AC217581G0,§_,SolidDrugForm,ORCAP,,,,,,,,,PH047,202303141753,2.00,3.00
OMEG,19960101,99999999,°±¥Î,Megace 20mg,Megace 20mg,Magestrol,PO,,RACA,ON-05-01,¤fªA,TAB,Megace,«D²Õ®M,°±¥Î,,¤w°±¥Î,¬O,¤£¥i¥ÎÃÄ¥]¾÷,,¤@¯ë,Á`¶q¶i¦ì,¾AÀ³¯g:¤l®c¤º½¤Àù,,,,,,,,,,,Megace 20mg,,,§_,¬O,,,,,,,,,¤@¯ë,¤@¯ë,,,,,,§_,1.0,,§_,§_,§_,³æ¤è,§_,¥i¥Î,¥i¥Î,¥i¿i,¬O,,1.00,1.00,999.00,999.00,999,999,1,1,0,0,0,0,,µL¹Ï¤ù,,0,,0,,L02AB01,,,,,,,,,TAB,§_,°·«Oµ¹¥I,°·«Oµ¹¥I,MEGESTROL,L02AB01,B002140100,§_,SolidDrugForm,ORTAB,,,,,,,,,PH032,202303261558,13.00,20.00
OMEI,20030319,99999999,°±¥Î,Meitifen SR 75mg,Meitifen SR 75mg,Diclofenac,WM,BID,CNEU,CN-01-02,¤fªA,TAB,Voren,«D²Õ®M,°±¥Î,,¤@¯ë¥i¥Î,¬O,¥i¥ÎÃÄ¥]¾÷,¥i¥Î,¤@¯ë,Á`¶q¶i¦ì,¾AÀ³¯g:¨ã¸Ñ¼ö¡BÂíµh¡B®øª¢§@¥Î,,Nonsteroidal antiinflammatory agent,,¥~ Æ[:²H¬õ¦â¤T¨¤§Î¿õ¾¯,Appearance:Pink Triangle Tablet,,,,¬Ò¥i¥Î,³Á±oª¢,Meitifen SR 75mg,,,§_,¬O,,,,,,,,,¤@¯ë,¤@¯ë,Äµ »y:À³¾ã²É§]ªA¡A¤Á¤Å«rÄZ©ÎÀ£¸H,,,,,§_,1.0,,§_,§_,§_,³æ¤è,§_,°±¥Î,¥i¥Î,¥i¿i,¬O,,1.00,1.00,2.00,2.00,99,99,1,1,0,0,0,0,,µL¹Ï¤ù,,0,,0,,,,,,,,,,,TAB,,°·«Oµ¹¥I,°·«Oµ¹¥I,DICLOFENAC,M01AB05,A044041100,§_,SolidDrugForm,ERTAB,,,,,,,,,PH047,202303141753,6.10,8.00
OMEL,19960101,99999999,°±¥Î,Melleril 25mg,Melleril 25mg,Thioridazine,PO,,CNEU,CN-02-01,¤fªA,TAB,Melleril,«D²Õ®M,°±¥Î,,¤@¯ë¥i¥Î,¬O,¤£¥i¥ÎÃÄ¥]¾÷,,¤@¯ë,Á`¶q¶i¦ì,,,,,,,,,,,,Melleril 25mg,,,§_,¬O,,,,,,,,,¤@¯ë,¤@¯ë,,,,,,§_,1.0,,§_,§_,§_,³æ¤è,§_,¥i¥Î,¥i¥Î,¥i¿i,¬O,,1.00,1.00,999.00,999.00,999,999,1,1,0,0,0,0,,µL¹Ï¤ù,,0,,0,,,,,,,,,,,TAB,§_,°·«Oµ¹¥I,°·«Oµ¹¥I,THIORIDAZINE,N05AC02,A030885100,§_,SolidDrugForm,ORTAB,,,,,,,,,PH047,202303141753,1.55,3.00
OMEL1,19960101,99999999,°±¥Î,Melleril 100mg,Melleril 100mg,Thioridazine,PO,,CNEU,CN-02-01,¤fªA,TAB,Melleril,«D²Õ®M,°±¥Î,,¤@¯ë¥i¥Î,¬O,¤£¥i¥ÎÃÄ¥]¾÷,,¤@¯ë,Á`¶q¶i¦ì,,,,,¥~ Æ[:ºñ¦â¶ê§ÎÃÄ¿õ,Appearance:Greed Round Tablet,,,,,,Melleril 100mg,,,§_,¬O,,,,,,,,,¤@¯ë,¤@¯ë,Äµ »y:À³¾ã²É§]ªA¡A¤Á¤Å«rÄZ©ÎÀ£¸H,,,,,§_,1.0,,§_,§_,§_,³æ¤è,§_,¥i¥Î,¥i¥Î,¥i¿i,¬O,,1.00,1.00,999.00,999.00,999,999,1,1,0,0,0,0,,µL¹Ï¤ù,,0,,0,,,,,,,,,,,TAB,§_,°·«Oµ¹¥I,°·«Oµ¹¥I,THIORIDAZINE,N05AC02,B017895100,§_,SolidDrugForm,ORTAB,,,,,,,,,PH047,202303141753,8.36,11.00
OMEL5,20031012,99999999,°±¥Î,Melicin 50mg,Melicin 50mg,Minocycline,PO,BIDAC,QANB,AI-01-04,¤fªA,TAB,Minocin,«D²Õ®M,°±¥Î,,¤@¯ë¥i¥Î,¬O,¥i¥ÎÃÄ¥]¾÷,¥i¥Î,¤@¯ë,Á`¶q¶i¦ì,¾AÀ³¯g:²Óµß©Ê·P¬V,,Indication:Antibiotic for infection,,¥~ Æ[:²`ºñ/ÂA¾í¦âªø¶ê¬W§Îµw½¦Ån,Appearance:Green/Orange Cylinder Hard Capsule,¸z­G¾÷¯à»ÙÃª¡A ¥Ö½§¬õ´³¡A ¥ú±Ó·P,GI disorders¡A maculopapular & erythematous rashes¡A photosensitivity.,,¬Ò¥i¥Î,¬ü¤OªY (¥|ÀôÅð¯ÀÃþ),Melicin 50mg,,,§_,¬O,,½Ð¤Å»P¤û¥¤¤Î¨î»Ä¾¯¨ÖªA,,Avoid taking with milk or antacid.,,,,,¤@¯ë,¤@¯ë,Äµ »y:½Ð¤Å»P¤û¥¤¤Î¨î»Ä¾¯¨ÖªA,,,,,§_,1.0,,§_,§_,§_,³æ¤è,§_,°±¥Î,¥i¥Î,¤£¥i¿i,¬O,,1.00,1.00,1.00,1.00,14,14,1,1,8.00,8.00,0,0,,¦³¹Ï¤ù,,0,,0,,J01AA08,,,,,,,,,CAP,,°·«Oµ¹¥I,°·«Oµ¹¥I,MINOCYCLINE,J01AA08,AC38761100,§_,SolidDrugForm,ORTAB,,,,,,,,,PH047,202303141753,3.33,5.00
OMELE,20141021,99999999,¥i¥Î,Meletin 100mg,Meletin 100mg,Mexiletine,PC,TID,CAVS,CV-01-02,¤fªA,CAP,Mexitil,«D²Õ®M,,,¤@¯ë¥i¥Î,¬O,¥i¥ÎÃÄ¥]¾÷,,¤@¯ë,Á`¶q¶i¦ì,¾AÀ³¯g:¥Dªv¤ß«ß¤£¾ã,,Indication:Prevent & treatment of ventricular arrhythmias,,¥~ Æ[:²`¬õ/¾í¦âªø¶ê¬W§Îµw½¦Ån,Appearance:Red/orange cylinder hard capsule,ÀY·w¡A äú¤ß©M¹Ã¦R¡A Å¸§Ý¡A ¯¸¥ß©Î¦æ¨«§xÃø¡A ¯Ýµh,Dizziness¡A nausea and vomiting¡A trembling¡A unsteadiness or difficulty in walking,,¬Ò¥i¥Î,¯ß«ß´`,Meletin 100mg,,,,§_,,½Ð¿í·ÓÂå®v«ü¥Ü¥ÎÃÄ¡A ¤Å¦Û¦æ§ó§ï¾¯¶q©Î¥ÎÃÄ®É¶¡,,Follow doctor's advice. Do not change your dose or schedule.,,,,,¤@¯ë,¤@¯ë,Äµ »y:½Ð¿í·ÓÂå®v«ü¥Ü¥ÎÃÄ¡A¤Å¦Û¦æ§ó§ï¾¯¶q©Î¥ÎÃÄ®É¶¡¡C,,,0,0,§_,1.0,,§_,¬O,§_,³æ¤è,§_,¥i¥Î,¥i¥Î,¤£¥i¿i,¬O,,1.00,1.00,4.00,4.00,999,999,1,1,12.00,12.00,0,0,,¦³¹Ï¤ù,,0,,0,,C01BB02,,,,,0,,0,,CAP,§_,°·«Oµ¹¥I,°·«Oµ¹¥I,MEXILETINE,C01BB02,AC43632100,§_,SolidDrugForm,ORCAP,,,,,,,,,PH047,202303141753,2.91,4.00
OMEP,19960101,99999999,¥i¥Î,Meptin - Mini 25mcg,Meptin - Mini 25mcg,Procaterol,PO,BID,ERSP,RE-01-00,¤fªA,TAB,Meptin,«D²Õ®M,,,¤@¯ë¥i¥Î,¬O,¥i¥ÎÃÄ¥]¾÷,,¤@¯ë,Á`¶q¶i¦ì,¾AÀ³¯g:¹w¨¾¤ÎªvÀø¤ä®ðºÞµjÅË,,Indication:Treatment of asthma¡A chronic bronchitis,,¥~ Æ[:¥Õ¦â¶ê«ó§Î¿õ¾¯¡A¤@­±¦³¤¤¥¡¨è²ª¥[CG¡A¤@­±¦³22,Appearance: White round tablet,°¸¦³¤ß±ª¡A Å¸§Ý,Infrequent palpitations & tremors.,,,·À³Ý²b·L¿õ,Meptin - Mini 25mcg,,,§_,¬O,,½Ð¿í·ÓÂå®v«ü¥Ü¥ÎÃÄ¡A ¤Å¦Û¦æ§ó§ï¾¯¶q©Î¥ÎÃÄ®É¶¡,,Follow doctor's advice. Do not change your dose or schedule.,,,,,¤@¯ë,¤@¯ë,Äµ »y:½Ð¿í·ÓÂå®v«ü¥Ü¥ÎÃÄ¡A¤Å¦Û¦æ§ó§ï¾¯¶q©Î¥ÎÃÄ®É¶¡¡C,,¤fªAÃÄ,,,§_,1.0,,§_,¬O,§_,³æ¤è,§_,¥i¥Î,¥i¥Î,¤£¥i¿i,¬O,,1.00,1.00,4.00,4.00,999,999,1,1,8.00,8.00,0.15,0.08,,¦³¹Ï¤ù,,0,,0,,R03CC08,,,,,,,,,TAB,§_,°·«Oµ¹¥I,°·«Oµ¹¥I,PROCATEROL,R03CC08,AB437001G0,§_,SolidDrugForm,ORTAB,,,,,,,,,PH047,202307101548,2.00,3.00
OMEPE,20050317,99999999,°±¥Î,Mepenzolate 7.5mg,Mepenzolate 7.5mg,Mepenzolate,PO,TID,ALIM,GI-05-00,¤fªA,TAB,Trancolon,«D²Õ®M,°±¥Î,,¤@¯ë¥i¥Î,¬O,¥i¥ÎÃÄ¥]¾÷,¥i¥Î,¤@¯ë,Á`¶q¶i¦ì,¾AÀ³¯g:¥Dªv¿EÄ¼¤j¸z¯g­Ô¸s,,Indication:Treatment of irritable colon syndrome,,¥~ Æ[:²H¶À¦â¶ê«ó§Î¿õ¾¯¡A¤@­±¨è¦³C.T.¤ÎM-1¦r¼Ë.,Appearance:Light yellow round tablet,«K¯µ¡A ¬y¦½´î¤Ö¡A ¤f¡B»ó¡B³ïÄV©Î¥Ö½§°®Àê,Constipation;sweat less; dryness of mouth¡A nose¡A throat¡A or skin,,¬Ò¥i¥Î,ª´­Y¹p¿õ,Mepenzolate 7.5mg,,,§_,¬O,,¥»ÃÄ¦³®É·|¤Þ°_µø¤O¼Ò½k¡A ¶}¨®©Î¾Þ§@¦MÀI¾÷¾¹½Ð¯d·N,,May cause blurred vision. Use caution in driving or operating machinery.,,³Æµù: ¤f°®­Y«ùÄò¶W¹L¨â¶g¡A ½Ð§iª¾Âå®v,May cause dry mouth¡A check with your doctor if symptoms persist more than 2 week,,¤@¯ë,¤@¯ë,Äµ »y:¥»ÃÄ¦³®É·|¤Þ°_µø¤O¼Ò½k¡A ¶}¨®©Î¾Þ§@¦MÀI¾÷¾¹½Ð¯d·N,,,,,§_,1.0,,§_,§_,§_,³æ¤è,§_,°±¥Î,¥i¥Î,¥i¿i,¬O,,1.00,1.00,2.00,2.00,999,999,1,1,9.00,9.00,0,0,,¦³¹Ï¤ù,,0,,0,,A03AB12,,,,,,,,,TAB,§_,°·«Oµ¹¥I,°·«Oµ¹¥I,MEPENZOLATE,A03AB12,A013091100,§_,SolidDrugForm,ORTAB,,,,,,,,,PH047,202303141753,1.00,2.00
OMEPR,20160427,99999999,¥i¥Î,Methylprednisolone 4mg,Methylprednisolone 4mg,Methylprednisolone,PC,,HM,HR-01-00,¤fªA,TAB,Mednin,«D²Õ®M,,,¤@¯ë¥i¥Î,¬O,¤£¥i¥ÎÃÄ¥]¾÷,¥i¥Î,¤@¯ë,Á`¶q¶i¦ì,¾AÀ³¯g:­·Àã©Ê¼ö¡A ­·Àã¼ËÃö¸`ª¢¤Î¹L±Ó©Ê¯gª¬,,Indication:Treatment of allergy¡A rheumatic disease,,¥~ Æ[:²H¾í¦â¶ê«ó§Î¿õ¡A¦L¦³YSP¤Î60,Appearance:Light orange round tablet¡A merking:YSP and 60,¸z­G¾÷¯à»ÙÃª¡A ¤ô¸~¡A ¦åÀ£¤W¤É¡A µo¼ö¡A ¯h­Â¡A Åé­«¼W¥[,GI disturbances¡A edema¡A raised BP¡A fever¡A fatigue¡A weight increased.,,¬Ò¥i¥Î,¥Ò°ò´¶¥ß®Ô¿õ,Methylprednisolone 4mg,,,,¬O,,½Ð¿í·ÓÂå®v«ü¥Ü¥ÎÃÄ¡A ¤Å¦Û¦æ§ó§ï¾¯¶q©Î¥ÎÃÄ®É¶¡,,Follow doctor's advice. Do not change your dose or schedule.,,,,105.05 ¨ú¥N¯ÊÃÄ Metisone 4mg,¤@¯ë,¤@¯ë,Äµ »y:½Ð¿í·ÓÂå®v«ü¥Ü¥ÎÃÄ¡A¤Å¦Û¦æ§ó§ï¾¯¶q©Î¥ÎÃÄ®É¶¡¡C,,,0,0,§_,1.0,,§_,¬O,§_,³æ¤è,§_,¥i¥Î,¥i¥Î,¥i¿i,¬O,,1.00,1.00,5.00,5.00,999,999,1,1,15.00,15.00,0.38,0.25,,¦³¹Ï¤ù,,0,,0,,H02AB04,,,,,0,,0,,TAB,,°·«Oµ¹¥I,°·«Oµ¹¥I,METHYLPREDNISOLONE,H02AB04,AC38766100,§_,SolidDrugForm,ORTAB,,,,,,,,,PH047,202303141753,1.52,3.00
OMEQ,20021223,99999999,¥i¥Î,Mequitazine 5mg,Mequitazine 5mg,Mequitazine,PO,BID,HIMM,IM-01-00,¤fªA,TAB,Primalan,«D²Õ®M,,,¤@¯ë¥i¥Î,¬O,¤£¥i¥ÎÃÄ¥]¾÷,¥i¥Î,¤@¯ë,Á`¶q¶i¦ì,¾AÀ³¯g:¹L±Ó©Ê¯gª¬;»ó¤ô,,Indication:Allergic rhinitis¡A hay fever¡A urticaria,,¥~ Æ[:¥Õ¦â¶ê§Î¿õ¾¯¡A¤@­±¤¤¶¡¦³¨è²ª¡A¤W¦³UC¤Î38¦r¼Ë,Appearance:White round tablet,¤f°®,Dry mouth,,¬Ò¥i¥Î,¹L±Ó¬ü«¶,MeQuitazine,,,¬O,¬O,,³¡¤À¤H¨Ï¥Î«á¥i¯à¤Þ°_¯h­Â¡BµtºÎªº²{¶H,,May cause fatigue¡A sleepiness.,,,,,¤@¯ë,¤@¯ë,Äµ »y:³¡¤À¤H¨Ï¥Î«á¥i¯à¤Þ°_¯h­Â¡BµtºÎªº²{¶H,,,,,§_,1.0,,§_,¬O,§_,³æ¤è,§_,¥i¥Î,¥i¥Î,¥i¿i,¬O,,1.00,1.00,2.00,2.00,999,999,1,1,6.00,6.00,0,0,,¦³¹Ï¤ù,,0,,0,,R06AD07,,,,,,,,,TAB,,°·«Oµ¹¥I,°·«Oµ¹¥I,MEQUITAZINE,R06AD07,AC441151G0,§_,SolidDrugForm,ORTAB,,,,,,,,,PH047,202303141753,2.00,3.00
OMERC,19960101,99999999,¥i¥Î,Mercilon (21 tablets/box),Mercilon (21 tablets/box),Desogestrel + Ethinylestradiol,PO,QD,HM,CT-01-00,¤fªA,TAB,Mercilon,«D²Õ®M,,,¤@¯ë¥i¥Î,¬O,¤£¥i¥ÎÃÄ¥]¾÷,°·«O¤£µ¹¥I,¤@¯ë,Á`¶q¶i¦ì,¾AÀ³¯g:Á×¥¥ÃÄ,,Indication:Contraceptive,,¥~ Æ[:¥Õ¦â¶ê§Î¿õ¾¯¡A ¾Tºä¤ù¸Ë,Appearance:White round tablet,ÀYµh¡A ±¡ºü§ïÅÜ¡A ¨Å©ÐµÈµh¡A ¤Ï­G,Headache¡A migraine¡A mood changes; breast tenderness¡A GI upsets,,,¬ü¾A»ú,Mercilon (21 tablets/box),,,§_,¬O,,½Ð¿í·ÓÂå®v«ü¥Ü¨Ï¥Î¡A ­Yµo¥ÍºÃ¦üÃÄª«¤£¨}¤ÏÀ³½Ð§iª¾Âå¥Í,,Follow doctor's advice. Check with doctor if you notice any side effects.,,³Æµù: ªø´Á¨Ï¥Î¥i¯à·|¼W¥[¦å®ê¯e¯f¦MÀI,Long-term use may increase risk factors for thromboembolic disorders.,,¤@¯ë,¤@¯ë,Äµ »y:½Ð¿í·ÓÂå®v«ü¥Ü¨Ï¥Î¡A­Yµo¥ÍºÃ¦üÃÄª«¤£¨}¤ÏÀ³½Ð§iª¾Âå¥Í¡C,,,,,§_,21.0,,§_,¬O,§_,½Æ¤è,§_,°±¥Î,°±¥Î,¤£¥i¿i,¬O,,1.00,1.00,1.00,1.00,999,999,21,21,2.00,2.00,0,0,,¦³¹Ï¤ù,,0,,0,,G03AA09,G03AC09,G03CA01,,,,,,,PK,§_,¤£µ¹¥I¶·¦Û¥I,¤£µ¹¥I¶·¦Û¥I,,,,§_,SolidDrugForm,ORTAB,¦M®`¤@¯Å(¡I¡I),,,,,,,,PH047,202303141753,0,144.00
OMES,19960101,99999999,°±¥Î,Mestinon 60mg,Mestinon 60mg,Pyridostigmine,PO,BID,CNEU,CN-03-09,¤fªA,TAB,Mestinon,«D²Õ®M,°±¥Î,OANT6,¤@¯ë¥i¥Î,¬O,¤£¥i¥ÎÃÄ¥]¾÷,,¤@¯ë,Á`¶q¶i¦ì,¾AÀ³¯g:¥Dªv­«¯g¦ÙµL¤O,,Indication:Treatment of myasthenia gravis,,¥~ Æ[:²L¾ï¦â¶ê§Î¿}¦ç¿õ,Appearance:Light orange round tablet,¸¡Âm¡A ¸¡µ±µh¡A Ä¯°Ê¼W¥[¡A ³è²G¼W¥[,Diarrhea¡A abdominal cramps¡A increased peristalsis¡A increased salivation,,,¬ü©w¶©,Mestinon 60mg,,,§_,¬O,,­Y¦³®ð³Ý©ÎµjÅË©Ê®ðºÞª¢®É¡A À³¤p¤ß¨Ï¥Î¥»ÃÄ,,Use caution in patients with bronchial asthma.,,,,,¤@¯ë,¤@¯ë,Äµ »y:­Y¦³®ð³Ý©ÎµjÅË©Ê®ðºÞª¢®É¡AÀ³¤p¤ß¨Ï¥Î¥»ÃÄ,,,,,§_,1.0,,§_,¬O,§_,³æ¤è,§_,°±¥Î,°±¥Î,¥i¿i,¬O,,1.00,1.00,8.00,8.00,999,999,1,1,25.00,25.00,0,0,,¦³¹Ï¤ù,,0,,0,,N07AA02,,,,,,,,,TAB,§_,°·«Oµ¹¥I,°·«Oµ¹¥I,PYRIDOSTIGMINE,N07AA02,AC36008100,§_,SolidDrugForm,ORTAB,,,,,,,,,PH047,202303141754,4.73,7.00
OMET,19960101,99999999,°±¥Î,Metalcaptase 300mg,Metalcaptase 300mg,Penicillamine,PO,,ZADT,AD-02-00,¤fªA,TAB,Cuprimine,«D²Õ®M,°±¥Î,,¤w°±¥Î,¬O,¤£¥i¥ÎÃÄ¥]¾÷,,¤@¯ë,Á`¶q¶i¦ì,¾AÀ³¯g:¥Dªv­·Àã©ÊÃö¸`ª¢,,Indication:Wilson's disease & rheumatoid arthritis,,¥~ Æ[:¾Tºä¥]¸Ë,,,,,,º¡§J¯S,Metalcaptase 300mg,,,§_,¬O,,,,,,,,,¤@¯ë,¤@¯ë,Äµ »y: ½Ð©ó¶º«e¤@¤p®É©Î¶º«á¨â¤p®ÉªA¥Î¡A¤Å»P¤@¯ë­GÃÄ¦PªA¡C,,,,,§_,1.0,,§_,§_,§_,³æ¤è,§_,¥i¥Î,¥i¥Î,¥i¿i,¬O,,1.00,1.00,6.00,6.00,999,999,1,1,0,0,0,0,,µL¹Ï¤ù,,0,,0,,,,,,,,,,,TAB,§_,°·«Oµ¹¥I,°·«Oµ¹¥I,PENICILLAMINE,M01CC01,B017283100,§_,SolidDrugForm,ORTAB,,,,,,,,,PH047,202303141754,13.40,17.00
OMET1,20130619,99999999,¥i¥Î,apo-Methylphenidate 10mg,apo-Methylphenidate 10mg,Methylphenidate,PO,BID,CNEU,CN-02-08,¤fªA,TAB,Ritalin,«D²Õ®M,,,¤@¯ë¥i¥Î,¬O,¤£¥i¥ÎÃÄ¥]¾÷,¥i¥Î,¤@¯ë,Á`¶q¶i¦ì,¾AÀ³¯g:ª`·N¤O¥¢½Õ¯g¡A ¹L°Ê¨à¯g­Ô¸s¡A µo§@©Ê¶ÝºÎ¯g,,Indication:Treat attention deficit disorder¡A nacrolepsy,,¥~ Æ[:²HÂÅ¦â¶ê«ó§Î¿õ¾¯¡A¤@­±¦³APO¡A¤@­±¦³¤¤¥¡¨è²ª¥[MTP/10,Appearance: light blue round tablet,¤ß¸õ¹L§Ö¡A ¦åÀ£¼W¥[¡CÅé­«´î»´¡B­¹¼¤¤£®¶¡C,Fast heartbeat¡A increased blood pressure. Weight loss¡A anorexia.,,¥u¥Î©óªù¶E¤Î¦í°|STAT,¦w«O¬ü³ß¿õ10²@§J,apo-Methylphenidate 10mg,,,§_,¬O,,1.ªAÃÄ«á¡A½Ð¤Å¶}¨®©Î¾Þ§@¦MÀI¾÷±ñ 2.¥¼¸gÂå®v«ü¥Ü¤Å°±ÃÄ,,1.No driving or operating machines while on this medication,2.do not suddenly stop taking without asking your doctor,,,,¤@¯ë,¤T¯ÅºÞ¨î,Äµ »y¡G¥¼¸gÂå®v«ü¥Ü¤Å°±ÃÄ¡F¥i¯à¤Þ°_¤ß¸õ¹L§Ö¡B¦åÀ£ª@°ª,,,0,0,§_,1.0,,§_,¬O,§_,³æ¤è,§_,¥i¥Î,¥i¥Î,¤£¥i¿i,¬O,,1.00,1.00,2.00,2.00,30,30,1,1,9.00,9.00,0,0,,¦³¹Ï¤ù,,0,,0,,N06BA04,,,,,,,,,TAB,,°·«Oµ¹¥I,°·«Oµ¹¥I,METHYLPHENIDATE,N06BA04,BC25016100,§_,SolidDrugForm,ORTAB,,,,,,,,,PH047,202303141754,2.66,4.00
OMET4,20110101,99999999,°±¥Î,Metisone 4mg,Metisone 4mg,Methylprednisolone,PC,AS,HM,HR-01-00,¤fªA,TAB,Mednin,«D²Õ®M,°±¥Î,OMEPR,¤@¯ë¥i¥Î,¬O,¤£¥i¥ÎÃÄ¥]¾÷,¥i¥Î,¤@¯ë,Á`¶q¶i¦ì,¾AÀ³¯g:­·Àã©Ê¼ö¡A ­·Àã¼ËÃö¸`ª¢¤Î¹L±Ó©Ê¯gª¬,,Indication:Treatment of asthma¡A allergy¡A rheumatic disease,,¥~ Æ[:¥Õ¦â¶ê«ó§Î¿õ¾¯¡A¤@­±¦³¤Q¦r¨è²ª¡A¤@­±¦LSD,Appearance:White round tablet,¸z­G¾÷¯à»ÙÃª¡A ¤ô¸~¡A ¦åÀ£¤W¤É¡A µo¼ö¡A ¯h­Â¡A Åé­«¼W¥[,GI disturbances¡A edema¡A raised BP¡A fever¡A fatigue¡A weight increased.,,¬Ò¥i¥Î,»Xªv²n¿õ,Metisone 4mg,,,§_,¬O,,½Ð¿í·ÓÂå®v«ü¥Ü¥ÎÃÄ¡A ¤Å¦Û¦æ§ó§ï¾¯¶q©Î¥ÎÃÄ®É¶¡,,Follow doctor's advice. Do not change your dose or schedule.,,,,,¤@¯ë,¤@¯ë,Äµ »y:½Ð¿í·ÓÂå®v«ü¥Ü¥ÎÃÄ¡A¤Å¦Û¦æ§ó§ï¾¯¶q©Î¥ÎÃÄ®É¶¡¡C,,,,,§_,1.0,,§_,§_,§_,³æ¤è,§_,¥i¥Î,¥i¥Î,¥i¿i,¬O,,1.00,1.00,5.00,5.00,999,999,1,1,15.00,15.00,0.38,0.25,,¦³¹Ï¤ù,,0,,0,,H02AB04,,,,,,,,,TAB,,°·«Oµ¹¥I,°·«Oµ¹¥I,METHYLPREDNISOLONE,H02AB04,AC38955100,§_,SolidDrugForm,ORTAB,,,,,,,,,PH047,202303141754,1.53,3.00
OMETH,20050428,99999999,¥i¥Î,MethylDOPA 250mg,MethylDOPA 250mg,Methyldopa,PO,TID,CAVS,CV-09-00,¤fªA,TAB,Aldomet,«D²Õ®M,,,¤@¯ë¥i¥Î,¬O,¤£¥i¥ÎÃÄ¥]¾÷,,¤@¯ë,Á`¶q¶i¦ì,¾AÀ³¯g:°ª¦åÀ£,,Indication:Treatment of hypertension,,¥~ Æ[:¶À¦â¶ê«ó§Î¿õ¾¯¡A¤@­±¤¤¥¡¨è²ª,Appearance:Yellow round tablet,©PÃä¤ô¸~¡A ÃÄª«¼ö¡A §íÆ{¡A µJ¼{¡A ¾µ¹Ú,Peripheral edema; drug fever¡A mental depression¡A anxiety¡A nightmares,,¬Ò¥i¥Î,¯ß±o«O,MethylDOPA 250mg,,,§_,¬O,,½Ð¿í·ÓÂå®v«ü¥Ü¨Ï¥Î¡A ­Yµo¥ÍºÃ¦üÃÄª«¤£¨}¤ÏÀ³½Ð§iª¾Âå¥Í,,Follow doctor's advice. Check with doctor if you notice any side effects.,,,,,¤@¯ë,¤@¯ë,Äµ »y:½Ð¿í·ÓÂå®v«ü¥Ü¨Ï¥Î¡A­Yµo¥ÍºÃ¦üÃÄª«¤£¨}¤ÏÀ³½Ð§iª¾Âå¥Í¡C,SA «÷­µ¬Û¦ü,,,,§_,1.0,,§_,¬O,§_,³æ¤è,§_,¥i¥Î,¥i¥Î,¥i¿i,¬O,,1.00,1.00,4.00,4.00,999,999,1,1,12.00,12.00,0,0,,¦³¹Ï¤ù,,0,,0,,C02AB01,,,,,,,,,TAB,,°·«Oµ¹¥I,°·«Oµ¹¥I,METHYLDOPA,C02AB02,AC19461100,§_,SolidDrugForm,ORTAB,,,,,,,,,PH071,202202241451,2.46,4.00
OMETR,20111225,99999999,¥i¥Î,Metrozole 250mg,Metrozole 250mg,Metronidazole,PO,TID,QANB,AI-01-13,¤fªA,TAB,Flagyl,«D²Õ®M,,,¤@¯ë¥i¥Î,¬O,¥i¥ÎÃÄ¥]¾÷,¥i¥Î,¤@¯ë,Á`¶q¶i¦ì,¾AÀ³¯g:·L¥Íª«·P¬V,,Indication:Antibiotic for infection.,,¥~ Æ[:¥Õ¦â¶ê§Î¿}¦ç¿õ,Appearance:White round tablet,ÀYµh¡Aäú¤ß¡A·P¬V¡A¬y·P¼Ë¯gª¬,Headache¡A nausea¡A infection¡A flu-like symptoms,,¬Ò¥i¥Î,©p¼Ö²b,Metrozole 250mg,,,§_,¬O,½Ã±Ð³æ¤­,¥ÎÃÄ´Á¶¡À³Á×§K¶¼¥Î§t°sºë¶¼®Æ,,Avoid alcohol while taking medication.,,,,,¤@¯ë,¤@¯ë,Äµ »y¡G¥ÎÃÄ´Á¶¡À³Á×§K¶¼¥Î§t°sºë¶¼®Æ,­¹ ­¹ª«¥æ¤¬,¤fªAÃÄ,0,0,§_,1.0,,§_,¬O,§_,³æ¤è,§_,°±¥Î,°±¥Î,¥i¿i,¬O,,1.00,1.00,8.00,8.00,14,7,1,1,16.00,16.00,0.40,0.20,,¦³¹Ï¤ù,,0,,0,,P01AB01,J01XD01,,,,0.25,g,2.00,g,TAB,§_,°·«Oµ¹¥I,°·«Oµ¹¥I,METRONIDAZOLE,P01AB01,NC01811100,§_,SolidDrugForm,ORTAB,,,,,,,,,PH065,202403250947,1.51,3.00
OMETY,19960101,99999999,¥i¥Î,Methycobal 250mcg,Methycobal 250mcg,Mecobalamin,PO,BID,CNEU,CN-03-11,¤fªA,CAP,Vitamin B12,«D²Õ®M,,,¤@¯ë¥i¥Î,¬O,¥i¥ÎÃÄ¥]¾÷,±ø¥ó¤Uµ¹¥I,¤@¯ë,Á`¶q¶i¦ì,¾AÀ³¯g:¥½µy©Ê¯«¸g»ÙÃª,,Indication:Treatment of peripheral neuropathy,,¥~ Æ[:ÂA¬õ/²H¶À¾í¦âªø¶ê¬W§Îµw½¦Ån,Appearance:Red/orange cylinder hard capsule,­G³¡¤£¾A¡B­¹¼¤¤£®¶¡Bäú¤ß¡B¤Uµg¡Bµo¯l¡C,Stomach discomfort¡A loss of appetite¡A nausea¡A diarrhea¡A rash.,,,À±¥i«O½¦Ån250·L¤½§J,Methycobal 250mcg,,,§_,¬O,,½ÐÁ×¥úÀx¦s©ó°®Àê³±²D³B¡C,­YµL®ÄªGÅã²{¡A¤£À³ªø´Á¨Ï¥Î¡C,Please store it away from light in a cool and dry place.,Avoid long-term use if there is no apparent effect.,±q¨Æ¤ô»È¤Î¨ä¤Æ¦Xª«¦³Ãö¤§Â¾·~ªÌ¡A½ÐÁ×§Kªø´ÁªA¥Î¡C,Occupational workers involved in mercury compounds should avoid long-term use.,,¤@¯ë,¤@¯ë,Äµ »y:¥»«~»Ý¸m©óÁ×¥ú³±²D°®Àê³B,SA «÷­µ¬Û¦ü,,,,§_,1.0,,§_,¬O,§_,³æ¤è,§_,¥i¥Î,¥i¥Î,¥i¿i,¬O,,1.00,1.00,2.00,2.00,999,999,1,1,8.00,8.00,0,0,,¦³¹Ï¤ù,,0,,0,,B03BA05,,,,,0.25,mg,1.50,mg,CAP,§_,°·«Oµ¹¥I,°·«Oµ¹¥I,VITAMIN B12 (=MECOBALAMIN),B03BA05,AC290341G0,§_,SolidDrugForm,ORCAP,,,,,,,,,PH047,202306061645,2.00,3.00
OMEV4,20161228,99999999,¥i¥Î,Mevalotin 40mg,Mevalotin 40mg,Pravastatin,PO,QN,CAVS,CV-12-00,¤fªA,TAB,Pravachol,«D²Õ®M,,,¤@¯ë¥i¥Î,¬O,¤£¥i¥ÎÃÄ¥]¾÷,±ø¥ó¤Uµ¹¥I,¤@¯ë,Á`¶q¶i¦ì,¾AÀ³¯g:°ª¦å¯×,,Indication:Treatment of hyperlipidemia.,,¥~ Æ[:²H¶À¦â¾ò¶ê§Î¿õ¾¯¡A¦³­é¥b¨è²ª,Appearance:Light yellow elliptic tablet,ÀYµh¡A¯h³Ò¡AÀY·w¡A¥Ö¯l¡Aäú¤ß¡A¹Ã¦R¡A¸¡Âm,Headache¡A fatigue¡A dizziness¡A skin rash¡A nausea¡A vomiting¡A diarrhea,,¬Ò¥i¥Î,¬ü¦Ê¼ÖÂí¿õ40²@§J,Mevalotin 40mg,,,,¬O,½Ã±Ð³æ¤T,­Y¦³¤£©ú­ì¦]ªº¦Ù¦×µh¡A Ä²µh©ÎµL¤O¡A ¥B¨Ö¦³µo¿N®É¡A ½Ð¥ß¨è¦^¶E,¦³¨Ï¥ÎHIV§Ü¯f¬r¥ÎÃÄ½Ð¥D°Ê§iª¾Âå®v,Notify your doctor if you have any unexplained muscle pain or tenderness.,,­¹ª«¥æ¤¬§@¥Î: ªAÃÄ´Á¶¡Á×§K­¹¥Î¸²µå¬c¥Ä»P¬õÄT²£«~,Food interaction:Avoid grapefruit juice and red yeast rice.,105-4ÃÄ©e·|·s¶i,¤@¯ë,¤@¯ë,Äµ »y:­Y¦³¤£©ú­ì¦]ªº¦Ù¦×µh¡BÄ²µh©ÎµL¤O¡A¥B¨Ö¦³µo¿N®É¡A½Ð¥ß¨è¦^¶E,­¹ ­¹ª«¥æ¤¬,,0,0,§_,1.0,,§_,¬O,§_,³æ¤è,§_,¥i¥Î,¥i¥Î,¥i¿i,¬O,,1.00,1.00,1.00,1.00,999,999,1,1,1.00,1.00,0,0,,¦³¹Ï¤ù,,0,,0,,C10AA03,,,,,0,,0,,TAB,,°·«Oµ¹¥I,°·«Oµ¹¥I,PRAVASTATIN,C10AA03,BC23596100,,SolidDrugForm,ORTAB,,,,,,,,,PH047,202303141754,12.60,16.00
OMEX,19960101,99999999,°±¥Î,Mexitil 100mg,Mexitil 100mg,Mexiletine,PC,TID,CAVS,CV-01-02,¤fªA,CAP,Mexitil,«D²Õ®M,°±¥Î,OMELE,¤@¯ë¥i¥Î,¬O,¥i¥ÎÃÄ¥]¾÷,,¤@¯ë,Á`¶q¶i¦ì,¾AÀ³¯g:¥Dªv¤ß«ß¤£¾ã,,Indication:Prevent & treatment of ventricular arrhythmias,,¥~ Æ[:²`¬õ¾í/²`¶À¾í¦âªø¶ê¬W§Îµw½¦Ån,Appearance:Red/orange cylinder hard capsule,ÀY·w¡A äú¤ß©M¹Ã¦R¡A Å¸§Ý¡A ¯¸¥ß©Î¦æ¨«§xÃø¡A ¯Ýµh,Dizziness¡A nausea and vomiting¡A trembling¡A unsteadiness or difficulty in walking,,,¯ß§Ç«ß,Mexitil 100mg,,,§_,¬O,,½Ð¿í·ÓÂå®v«ü¥Ü¥ÎÃÄ¡A ¤Å¦Û¦æ§ó§ï¾¯¶q©Î¥ÎÃÄ®É¶¡,,Follow doctor's advice. Do not change your dose or schedule.,,,,,¤@¯ë,¤@¯ë,Äµ »y:½Ð¿í·ÓÂå®v«ü¥Ü¥ÎÃÄ¡A¤Å¦Û¦æ§ó§ï¾¯¶q©Î¥ÎÃÄ®É¶¡¡C,,,,,§_,1.0,,§_,§_,§_,³æ¤è,§_,°±¥Î,¥i¥Î,¤£¥i¿i,¬O,,1.00,1.00,4.00,4.00,999,999,1,1,12.00,12.00,0,0,,¦³¹Ï¤ù,,0,,0,,C01BB02,,,,,,,,,CAP,§_,°·«Oµ¹¥I,°·«Oµ¹¥I,MEXILETINE,C01BB02,A028614100,§_,SolidDrugForm,ORCAP,,,,,,,,,PH047,202303141754,3.52,5.00
OMEYD,20211215,99999999,°±¥Î,Methydur 22mg sustained release,Methydur 22mg sustained release,Methylphenidate,PC,QD,CNEU,CN-02-08,¤fªA,CAP,,«D²Õ®M,°±¥Î,,,¬O,¥i¥ÎÃÄ¥]¾÷,¥i¥Î,¤@¯ë,Á`¶q¶i¦ì,¾AÀ³¯g:ªvÀøª`·N¤O¤£¨¬¹L°Ê¯g,,Indication:Attention deficit hyperactivity disorder,,¥~ Æ[:¶À¦â½¦Ån,Appearance:Yellow capsule,ÀYµh¡A Åé­«´î»´¡A ­¹¼¤¤£®¶¡C¤ß¸õ¹L§Ö¡A ¦åÀ£¼W¥[¡C,Headache¡A weight loss¡A anorexia. Heartbeat or blood pressure increase.,,¥u¥Î©óªù¶E¤Î¦í°|STAT,«ä¦³±o«ùÄò©ÊÃÄ®Ä½¦Ån22²@§J,Methydur 22mg sustained rele,,,,§_,,1.À³¾ã²É§]ªA¡A ¤Á¤Å«rÄZ©ÎÀ£¸H,2.ªAÃÄ«á¡A½Ð¤Å¶}¨®©Î¾Þ§@¦MÀI¾÷±ñ 3.¥¼¸gÂå®v«ü¥Ü¤Å°±ÃÄ,1.Swallow the tablet whole. Do not crush¡A break or chew. 2.No driving or,operating machines 3.do not suddenly stop taking without asking your doctor,,,,¤@¯ë,¤T¯ÅºÞ¨î,,,,0,0,§_,1.0,,§_,¬O,§_,³æ¤è,,¥i¥Î,,¤£¥i¿i,¬O,,1.00,1.00,2.00,2.00,30,30,28,28,4.00,4.00,0,0,,µL¹Ï¤ù,,0,,0,,,,,,,0,,0,,,,,,,,,,,,,,0,,0,,,,PH047,202307251203,0,0
OMEZ,20170615,99999999,¥i¥Î,MezaPin 100mg,MezaPin 100mg,Clozapine,PO,BID,CNEU,CN-02-01,¤fªA,TAB,Clopine,«D²Õ®M,,,¤@¯ë¥i¥Î,¬O,¤£¥i¥ÎÃÄ¥]¾÷,­­¥Î,¤@¯ë,Á`¶q¶i¦ì,¾AÀ³¯g:«äÄ±¥¢½Õ¯g,,Indication:Treat psychotic symptoms,,¥~ Æ[:²H¶À¦â¶ê«ó§Î¿õ¾¯¡A¤@­±¦L¦³100¤ÎC,Appearance:Light yellow round tablet¡A marking: 100 and C,¤ß°Ê¤£¾ã¡A§C¦åÀ£¡A¶ÝºÎ¡AÂíÀR¡A¯t·w¡A¥¢¯v¡AÅé­«¼W¥[,Tachycardia¡A hypotension¡A drowsiness¡A sedation¡A dizziness¡A insomnia¡A weight gain,,¬Ò¥i¥Î,¥i¬¥©Ô¥­¿õ,MezaPin 100mg,,,¬O,¬O,,ªAÃÄ«á¡A ½Ð¤Å¶}¨®©Î¾Þ§@¦MÀI¾÷±ñ; ¤Å¶¼°s,,Be careful driving or operating machinery. Avoid alcohol.,,,,2017¦~²Ä¤G¦¸ÃÄ©e·|³q¹L·s¶i,¤@¯ë,¤@¯ë,Äµ »y:ªAÃÄ«á¡A½Ð¤Å¶}¨®©Î¾Þ§@¦MÀI¾÷±ñ¡F¤Å¶¼°s,SA «÷­µ¬Û¦ü,,0,0,§_,1.0,,§_,¬O,§_,³æ¤è,§_,¥i¥Î,¥i¥Î,¥i¿i,¬O,,1.00,1.00,4.00,4.00,999,999,1,1,9.00,9.00,0,0,,¦³¹Ï¤ù,,0,,0,,N05AH02,,,,,0,,0,,TAB,,°·«Oµ¹¥I,°·«Oµ¹¥I,CLOZAPINE,N05AH02,AC42886100,,SolidDrugForm,ORTAB,,,,,,,,,PH047,202303141754,3.93,6.00
OMEZA,20190315,99999999,¥i¥Î,MezaVant XL 1200mg prolonged release,MezaVant XL 1200mg prolonged release,Mesalazine,WM,QD,ALIM,GI-09-00,¤fªA,TAB,Asacol,«D²Õ®M,,,¤@¯ë¥i¥Î,¬O,¤£¥i¥ÎÃÄ¥]¾÷,±ø¥ó¤Uµ¹¥I,¤@¯ë,Á`¶q¶i¦ì,¾AÀ³¯g:¥Dªv¼ìºÅ©Êµ²¸zª¢,,Indication:Treatment of colitis¡A Crohn's disease,,¥~Æ[:¬õ´Ä¦â¾ò¶ê§Îªº½¤¦ç¿õ¡A¤@­± S476 ¤U¥W¦L¦r,Appearance:brown elliptic tablett; Marking: S476,äú¤ß¡A ¸¡Âm¡A ¸¡µh¡A ÀYµh,Nausea¡A diarrhea¡A abdominal pain¡A headache,,¬Ò¥i¥Î,¦w¾A¤Z¯S ªø®Ä¸z·»½¤¦ç¿õ 1200 ²@§J,MezaVant XL 1200mg,,,,§_,,¥»ÃÄ¿õ»Ý»P­¹ª«¨Ö¥Î¡A¤£¥i«r¸H©Î©CÄZ¡C,,Swallow the tablet whole. Do not crush¡A break or chew.,,,,2019²Ä¤@¦¸ÃÄ©e·|·s¶i¨ú¥NAsacol 800mg,¤@¯ë,¤@¯ë,Äµ »y:À³¾ã²É§]ªA¡A¤Á¤Å«rÄZ©ÎÀ£¸H,SA «÷­µ¬Û¦ü,,0,0,§_,1.0,,§_,¬O,¬O,³æ¤è,§_,¥i¥Î,¥i¥Î,¤£¥i¿i,¬O,,2.00,2.00,4.00,4.00,999,999,1,1,4.00,4.00,0,0,,¦³¹Ï¤ù,,0,,0,,A07EC02,,,,,0,,0,,TAB,,°·«Oµ¹¥I,°·«Oµ¹¥I,MESALAZINE,A07EC02,BC25351100,§_,SolidDrugForm,ERECTAB,,,0,,0,,,,PH047,202302281713,29.80,39.00
OMGO,19960101,99999999,°±¥Î,MgO 250mg,MgO 250mg,Magnesium Oxide,PC,TID,ALIM,GI-03-00,¤fªA,TAB,MgO,«D²Õ®M,°±¥Î,OMAG,¤@¯ë¥i¥Î,¬O,¥i¥ÎÃÄ¥]¾÷,,¤@¯ë,Á`¶q¶i¦ì,¾AÀ³¯g:¬°­GÃÄ¤Î³n«K¾¯,,Indication:Treatment of constipation¡A hyperacidity,,¥~ Æ[:¥Õ¦â¶ê«ó§Î¿õ¾¯¡A ¤@­±¦L SK MGO,Appearance:White round tablet,¸¡Âm,diarrhea,,,®ñ¤ÆÁâ,MgO 250mg,,,§_,¬O,,½Ð°t¦X¥R¤À¶}¤ôªA¥Î¡A ¨Ã¼W¥[¤ô¤ÀªºÄá¨ú,,Drink plenty of fluids while taking the medicine.,,,,2013¦~²Ä¤T¦¸ÃÄ©e·|¨MÄ³§R°£,¤@¯ë,¤@¯ë,Äµ »y:½Ð°t¦X¥R¤À¶}¤ôªA¥Î¡A ¨Ã¼W¥[¤ô¤ÀªºÄá¨ú,,,,,,1.0,,§_,§_,§_,³æ¤è,§_,°±¥Î,¥i¥Î,¥i¿i,¬O,,1.00,1.00,4.00,4.00,999,999,1,1,8.00,8.00,0.32,0.08,,¦³¹Ï¤ù,,0,,0,,A06AD02,,,,,,,,,TAB,§_,°·«Oµ¹¥I,°·«Oµ¹¥I,MAGNESIUM OXIDE,A06AD02,A023521100,§_,SolidDrugForm,ORTAB,,,,,,,,,PH047,202303141754,0.32,2.00
OMID,20020816,99999999,°±¥Î,Mide 500mg,Mide 500mg,Pyrazinamide,PO,QID,QANB,AI-01-12,¤fªA,TAB,Pyramide,«D²Õ®M,°±¥Î,OPZA5,¤@¯ë¥i¥Î,¬O,¥i¥ÎÃÄ¥]¾÷,¥i¥Î,¤@¯ë,Á`¶q¶i¦ì,¾AÀ³¯g:ªÍµ²®Ö,,Indication:Treatment of tuberculosis,,¥~ Æ[:¥Õ¦â¶ê§Î¿õ¾¯¡A¤@­±¤¤¶¡¦³¨è²ª¡A¥t¤@­±¦³M ¨è¦L,Appearance:White round tablet,¨x¬r©Ê¡A §¿»Ä¼W¥[¤Þ°_µh­·,Hepatotoxicity¡A hyperuricemia leading to attacks of gout,,¬Ò¥i¥Î,ÁÚ±o,Mide 500mg,,,§_,¬O,,½Ð¿í«ü¥ÜªA§¹¾ã­ÓÀøµ{¡A ­Yµo¥Í¥ÎÃÄ¤£¨}¤ÏÀ³½Ð§iª¾Âå¥Í,,Follow doctor's advice. Check with doctor if you notice any side effects.,,,,,¤@¯ë,¤@¯ë,Äµ »y:½Ð¿í«ü¥ÜªA§¹¾ã­ÓÀøµ{¡A­Yµo¥Í¥ÎÃÄ¤£¨}¤ÏÀ³½Ð§iª¾Âå¥Í¡C,LA ¥~Æ[¬Û¦ü,,,,§_,1.0,,§_,§_,§_,³æ¤è,§_,¥i¥Î,¥i¥Î,¥i¿i,¬O,,1.00,1.00,8.00,8.00,999,999,1,1,8.00,8.00,0.10,0.10,,¦³¹Ï¤ù,,0,,0,,J04AK01,,,,,,,,,TAB,§_,°·«Oµ¹¥I,°·«Oµ¹¥I,PYRAZINAMIDE,J04AK01,AC29961100,§_,SolidDrugForm,ORTAB,,,,,,,,,PH047,202303141754,3.74,6.00
OMIDO,20060920,99999999,¥i¥Î,Midorine 2.5mg,Midorine 2.5mg,Midodrine,PO,BID,CAVS,CV-10-00,¤fªA,TAB,Midodrine,«D²Õ®M,,,¤@¯ë¥i¥Î,¬O,¤£¥i¥ÎÃÄ¥]¾÷,¥i¥Î,¤@¯ë,Á`¶q¶i¦ì,¾AÀ³¯g:¦åÀ£¹L§C,,Indication:For hypotension,,¥~ Æ[:¥Õ¦â¶ê«¬¿õ¾¯¡A ¦L¦³ PL T03,Appearance:White round tablet,¤ß¦]©Ê¤ß«ß¤£¾ã¡A ¤ß¨`¼ö,Cardiac dysrhythmia¡A cardialgia,,¬Ò¥i¥Î,ÁÚ§´ªL¿õ,Midorine 2.5mg,,,§_,¬O,,¥»ÃÄ·|¾É­P¦åÀ£¤É°ª,,Medication may cause high blood pressure.,,,,,¤@¯ë,¤@¯ë,Äµ »y:¥»ÃÄ·|¾É­P¦åÀ£¤É°ª,,,,,§_,1.0,,§_,¬O,§_,³æ¤è,§_,¥i¥Î,¥i¥Î,¥i¿i,¬O,,1.00,1.00,4.00,4.00,999,999,1,1,16.00,16.00,0,0,,¦³¹Ï¤ù,,0,,0,,C01CA17,,,,,,,,,TAB,§_,°·«Oµ¹¥I,°·«Oµ¹¥I,MIDODRINE,C01CA17,AC45334100,§_,SolidDrugForm,ORTAB,,,,,,,,,PH047,202303141754,3.42,5.00
OMIN6,20161228,99999999,¥i¥Î,Minirin Melt 60mcg,Minirin Melt 60mcg ­á´¹¤f·»¿õ,Desmopressin,PO,HS,HM,HR-04-00,¤fªA,TAB,DDAVP,«D²Õ®M,,,¤@¯ë¥i¥Î,¬O,¤£¥i¥ÎÃÄ¥]¾÷,¥i¥Î,¤@¯ë,Á`¶q¶i¦ì,¾AÀ³¯g:¥Dªv§¿±Y¯g¡A ©]§¿¯g,,Indication:Treatment of nocturia¡A diabetes insipidus,,¥~ Æ[:¥Õ¦â¶ê§Î¿õ¾¯,Appearance:White round tablet,¸¡µh¡A ÀYµh¡A »ó¥R¦å,Abdominal pain¡A headache¡A nasal congestion,,¬Ò¥i¥Î,°g§A¹ç ­á´¹¤f·»¿õ,Minirin Melt 60mcg,,,,¬O,,ªAÃÄ´Á¶¡À³­­¨î¤ô¤ÀªºÄá¨ú,,Decrease the amount of fluids you drink while taking this medicine.,,,,105-4ÃÄ©e·|·s¶i,¤@¯ë,¤@¯ë,Äµ »y:ªAÃÄ´Á¶¡À³­­¨î¤ô¤ÀªºÄá¨ú,,¤fªAÃÄ,0,0,§_,1.0,,§_,¬O,§_,³æ¤è,§_,¥i¥Î,¥i¥Î,¤£¥i¿i,¬O,,1.00,1.00,4.00,4.00,999,999,1,1,12.00,12.00,0,0,,¦³¹Ï¤ù,,0,,0,,H01BA02,,,,,0,,0,,TAB,,°·«Oµ¹¥I,°·«Oµ¹¥I,DESMOPRESSIN,H01BA02,BC25021100,,SolidDrugForm,ORTROCHE,,,,,,,,,PH047,202303141754,36.60,48.00
OMIND,19960101,99999999,°±¥Î,Minidiab 5mg,Minidiab 5mg,Glipizide,AC15,,META,ME-02-01,¤fªA,TAB,Minidiab,«D²Õ®M,°±¥Î,,¤@¯ë¥i¥Î,¬O,¥i¥ÎÃÄ¥]¾÷,,¤@¯ë,Á`¶q¶i¦ì,¾AÀ³¯g:¬°­°¦å¿}ÃÄ¡A©y¶º«e15¤ÀÄÁªA¥Î,,NIDDM.,,¥~ Æ[:¥Õ¦â¶ê§ÎÃÄ¿õ,Appearance:White Round Tablet,,,,,,Minidiab 5mg,,,§_,¬O,,,,,,,,,¤@¯ë,¤@¯ë,Äµ »y:½Ð¨Ì·ÓÂå®v«ü¥ÜªA¥Î¡AªAÃÄ´Á¶¡½Ð«ö®É¶iÀ\¡A¨Ãª`·N¦å¿}ÅÜ¤Æ,,,,,§_,1.0,,§_,§_,§_,³æ¤è,§_,¥i¥Î,¥i¥Î,¥i¿i,¬O,,1.00,1.00,999.00,999.00,999,999,30,1,0,0,0,0,,µL¹Ï¤ù,,0,,0,,,,,,,,,,,TAB,§_,°·«Oµ¹¥I,°·«Oµ¹¥I,GLIPIZIDE,A10BB07,B012873100,§_,SolidDrugForm,ORTAB,,,,,,,,,PH047,202303141754,1.50,3.00
OMINE,20021216,99999999,°±¥Î,Minesse F.C 28's/box,Minesse F.C 28's/box,Gestodene + Ethinylestradiol,PO,13,HM,CT-01-00,¤fªA,TAB,,«D²Õ®M,°±¥Î,,¤@¯ë¥i¥Î,¬O,¤£¥i¥ÎÃÄ¥]¾÷,°·«O¤£µ¹¥I,¤@¯ë,Á`¶q¶i¦ì,¾AÀ³¯g:¬°Á×¥¥ÃÄ,,Indication:Contraceptives,,¥~ Æ[:¾Tºä¤ù¸Ë,,,,,¥u¥Î©óªù¶E¤Î¦í°|STAT,·s©w°¸,Minesse F.C 28's/box,,,§_,¬O,,,,,,,,,¤@¯ë,¤@¯ë,Äµ »y:½Ð¨Ì·ÓÂå®v«ü¥ÜªA¥Î¡AªAÃÄ´Á¶¡½Ð«ö®É¶iÀ\¡A¨Ãª`·N¦å¿}ÅÜ¤Æ,,,,,§_,28.0,,§_,§_,§_,½Æ¤è,§_,¥i¥Î,¥i¥Î,¥i¿i,§_,,1.00,1.00,1.00,1.00,99,99,28,28,0,0,0,0,,µL¹Ï¤ù,,0,,0,,,,,,,,,,,BOX,,¤£µ¹¥I¶·¦Û¥I,¤£µ¹¥I¶·¦Û¥I,,,,§_,SolidDrugForm,ORTAB,,,,,,,,,PH047,202303141755,0,320.00
OMIR,20100628,99999999,°±¥Î,pms-Mirtazapine 30mg,pms-Mirtazapine 30mg,Mirtazapine,PO,QHS,CNEU,CN-02-06,¤fªA,TAB,Remeron,«D²Õ®M,°±¥Î,OMIR3,¤@¯ë¥i¥Î,¬O,¤£¥i¥ÎÃÄ¥]¾÷,¥i¥Î,¤@¯ë,Á`¶q¶i¦ì,¾AÀ³¯g:Æ{¯g,,Indication:Treat mental depressive symptoms,,¥~ Æ[:¬õ´Ä¦â¾ò¶ê§Î¿õ¾¯¡A ¦L¦³"MIR"¤Î"30"¦r¼Ë,Appearance:Red-brown elliptic tablet,¼W¥[­¹¼¤¡A Åé­«¼W¥[¡A §x­Â¡A °¸¦³«º¶Õ©Ê§C¦åÀ£,Increased appetite¡A weight gain; drowsiness¡A rarely orthostatic hypotension,,¬Ò¥i¥Î,½w¼~¿õ,pms-Mirtazapine 30mg,,,¬O,¬O,,ªAÃÄ«á¡A ¥i¯àµo¥Íµu¼È©Ê·w¯t; ¤Å¶¼°s,,May cause temporary dizziness. Avoid taking with alcohol.,,,,105-4 ÃÄ©e·|¨MÄ³§R°£,¤@¯ë,¤@¯ë,Äµ »y¡GªAÃÄ«á¡A¥i¯àµo¥Íµu¼È©Ê·w¯t¡F¤Å¶¼°s,,,,,§_,1.0,,§_,§_,§_,³æ¤è,§_,¥i¥Î,¥i¥Î,¥i¿i,¬O,,1.00,1.00,2.00,2.00,999,999,1,1,4.00,4.00,0,0,,¦³¹Ï¤ù,,0,,0,,N06AX11,,,,,,,,,TAB,,°·«Oµ¹¥I,°·«Oµ¹¥I,MIRTAZAPINE,N06AX11,BC24530100,§_,SolidDrugForm,ORTAB,,,,,,,,,PH047,202303141755,8.90,12.00
OMIR3,20161228,99999999,°±¥Î,Mirtan 30mg,Mirtan 30mg,Mirtazapine,PO,HS,CNEU,CN-02-06,¤fªA,TAB,Remeron,«D²Õ®M,°±¥Î,OMIRT,¤@¯ë¥i¥Î,¬O,¤£¥i¥ÎÃÄ¥]¾÷,±ø¥ó¤Uµ¹¥I,¤@¯ë,Á`¶q¶i¦ì,¾AÀ³¯g:Æ{¯g,,Indication:Treat mental depressive symptoms,,¥~ Æ[:¬õ´Ä¦â¾ò¶ê§Î¿õ¾¯¡A ¦L¦³"UNION"¤Î"UN 411"¦r¼Ë,Appearance:Red-brown elliptic tablet¡A marking:UNION¡A UN 411,¼W¥[­¹¼¤¡A Åé­«¼W¥[¡A §x­Â¡A °¸¦³«º¶Õ©Ê§C¦åÀ£,Increased appetite¡A weight gain; drowsiness¡A rarely orthostatic hypotension,,¬Ò¥i¥Î,ÁÚ©Z¿õ 30 ²@§J,Mirtan 30mg,,,¬O,¬O,,ªAÃÄ«á¡A ¥i¯àµo¥Íµu¼È©Ê·w¯t; ¤Å¶¼°s,,May cause temporary dizziness. Avoid taking with alcohol.,,,,105-4 ÃÄ©e·|³q¹L·s¶i¡A2018-2 ÃÄ©e·|§R°£,¤@¯ë,¤@¯ë,Äµ »y¡GªAÃÄ«á¡A¥i¯àµo¥Íµu¼È©Ê·w¯t¡F¤Å¶¼°s,,,0,0,§_,1.0,,§_,§_,§_,³æ¤è,§_,¥i¥Î,°±¥Î,¥i¿i,¬O,,1.00,1.00,2.00,2.00,999,999,1,1,4.00,4.00,0,0,,¦³¹Ï¤ù,,0,,0,,N06AX11,,,,,0,,0,,TAB,§_,°·«Oµ¹¥I,°·«Oµ¹¥I,MIRTAZAPINE,N06AX11,AB48747100,,SolidDrugForm,ORTAB,,,,,,,,,PH047,202303141755,8.90,12.00
OMIRA,20170315,99999999,¥i¥Î,MiraPex 0.375mg prolonged-release,MiraPex 0.375mg prolonged-release,Pramipexole,PO,QD,CNEU,CN-03-04,¤fªA,TAB,MiraPex,«D²Õ®M,,,¤@¯ë¥i¥Î,¬O,¤£¥i¥ÎÃÄ¥]¾÷,±ø¥ó¤Uµ¹¥I,¤@¯ë,Á`¶q¶i¦ì,¾AÀ³¯g:¤Úª÷´Ë¤ó¯g,,Indication:Parkinsonism.,,Æ[:¥Õ¦â¶ê§Î¿õ¾¯¡A¤@­±¦L¦³P1,Appearance:White round tablet¡A marking: P1,°_¥ß«¬§C¦åÀ£¡A§x­Â¡A¥¢¯v¡AÀY·w¡AÀYµh¡Aäú¤ß¡A«K¯µ,Orthostatic hypotension¡A drowsiness¡A insomnia¡A dizziness¡A headache¡A nausea,,¬Ò¥i¥Î,¼Ö§B§J«ùÄò©ÊÃÄ®Ä¿õ0.375²@§J,MiraPex 0.375mg,,,¬O,§_,,¥i¯à¤Þ°_¯h­Â¡BµtºÎªº²{¶H¡AÁ×§K¶}¨®©Î¾Þ§@¦MÀI¾÷±ñ,,May cause fatigue¡A sleepiness. Avoid driving or operating machinery.,,,,2017¦~²Ä¤@¦¸ÃÄ©e·|³q¹L·s¶i,¤@¯ë,¤@¯ë,¥i¯à¤Þ°_¯h­Â¡BµtºÎªº²{¶H¡AÁ×§K¶}¨®©Î¾Þ§@¦MÀI¾÷±ñ,SA «÷­µ¬Û¦ü,,0,0,§_,1.0,,§_,¬O,§_,³æ¤è,§_,¥i¥Î,¥i¥Î,¤£¥i¿i,¬O,,1.00,1.00,12.00,12.00,999,999,1,1,12.00,12.00,0,0,,¦³¹Ï¤ù,,0,,0,,N04BC05,,,,,0,,0,,TAB,,°·«Oµ¹¥I,°·«Oµ¹¥I,PRAMIPEXOLE DIHYDROCHLORIDE MONOHYDRATE,N04BC05,BC25258100,,SolidDrugForm,ERTAB,,,,,,,,,PH047,202303141755,14.30,19.00
OMIRA1,20201009,99999999,¥i¥Î,1mg MIRAPEX,1mg MIRAPEX,Pramipexole,PO,QD,CNEU,CN-03-04,¤fªA,TAB,MiraPex,«D²Õ®M,Á{±ÄÃÄ¡A½Ð³qª¾ÃÄ§½¥~ÁÊ,,­Ó®×Á{±Ä,¬O,¤£¥i¥ÎÃÄ¥]¾÷,±ø¥ó¤Uµ¹¥I,¤@¯ë,Á`¶q¶i¦ì,¾AÀ³¯g:¤Úª÷´Ë¤ó¯g,,Indication:Parkinsonism.,,¥~ Æ[:¥Õ¦â¶ê§Î¿õ¾¯¡A¤@­±¤W¦³P9¨è²ª,Appearance:White round tablet with P9 marked.,«ººA©Ê§C¦åÀ£¡A§x­Â¡A¥¢¯v¡AÀY·w¡AÀYµh¡Aäú¤ß,Orthostatic hypotension¡A drowsiness¡A insomnia¡A dizziness¡A headache¡A nausea,,¬Ò¥i¥Î,¼Ö§B§J¿õ1²@§J,1mg MIRAPEX,,,,¬O,,¥i¯à¤Þ°_¯h­Â¡BµtºÎ©Î¤ÛÄ±ªº²{¶H¡AÁ×§K¶}¨®©Î¾Þ§@¦MÀI¾÷±ñ,,May cause fatigue¡Asleepiness¡Ahallucination. Avoid driving or operating machinery,,,,2020.10­Ó®×Á{±Ä,¤@¯ë,¤@¯ë,Äµ »y:¥i¯à·|³y¦¨¶ÝºÎ©Î·w¯t¡A ¶}¨®©Î¾Þ§@¦MÀI¾÷¾¹½Ð¤p¤ß,SA «÷­µ¬Û¦ü,,0,0,§_,1.0,,§_,¬O,§_,³æ¤è,,¥i¥Î,¥i¥Î,¥i¿i,¬O,,1.00,1.00,4.00,4.00,999,999,1,1,4.00,4.00,0,0,,¦³¹Ï¤ù,,0,,0,,N04BC05,,,,,0,,0,,TAB,§_,°·«Oµ¹¥I,°·«Oµ¹¥I,PRAMIPEXOLE DIHYDROCHLORIDE MONOHYDRATE,N04BC05,BC23282100,,SolidDrugForm,ORTAB,,,0,,0,,,,PH034,202101121041,35.10,46.00
OMIRA15,20200910,99999999,°±¥Î,1.5mg MIRAPEX prolonged-release,1.5mg MIRAPEX prolonged-release,Pramipexole,PO,QD,CNEU,CN-03-04,¤fªA,TAB,MiraPex,«D²Õ®M,Á{±ÄÃÄ¡A½Ð³qª¾ÃÄ§½¥~ÁÊ,,­Ó®×Á{±Ä,¬O,¤£¥i¥ÎÃÄ¥]¾÷,±ø¥ó¤Uµ¹¥I,¤@¯ë,Á`¶q¶i¦ì,¾AÀ³¯g:¤Úª÷´Ë¤ó¯g,,Indication:Parkinsonism.,,¥~ Æ[:¥Õ¦â¾ò¶ê§Î¿õ¾¯¡A¤@­±¤W¦³P3¨è²ª,Appearance: White elliptic tablet with P3 marked.,«ººA©Ê§C¦åÀ£¡A§x­Â¡A¥¢¯v¡AÀY·w¡AÀYµh¡Aäú¤ß,Orthostatic hypotension¡A drowsiness¡A insomnia¡A dizziness¡A headache¡A nausea,,¬Ò¥i¥Î,¼Ö§B§J«ùÄò©ÊÃÄ®Ä¿õ1.5²@§J,1.5mg MIRAPEX,,,¬O,,,¥i¯à¤Þ°_¯h­Â¡BµtºÎ©Î¤ÛÄ±ªº²{¶H¡AÁ×§K¶}¨®©Î¾Þ§@¦MÀI¾÷±ñ,,May cause fatigue¡Asleepiness¡Ahallucination. Avoid driving or operating machinery,,¥»ÃÄ«~¥²¶·¾ãÁû§]ªA¡A¤£¥iÄZ¸H¡BÀ£¸H©Î¤Á³Î¡C,Tablets should be swallowed whole¡A should not be chewed¡A crushed¡A or divided.,2020.09­Ó®×Á{±Ä,¤@¯ë,¤@¯ë,¥i¯à¤Þ°_¯h­Â¡BµtºÎªº²{¶H¡AÁ×§K¶}¨®©Î¾Þ§@¦MÀI¾÷±ñ,,,0,0,§_,1.0,,§_,¬O,¬O,³æ¤è,,¥i¥Î,¥i¥Î,¤£¥i¿i,¬O,,1.00,1.00,3.00,3.00,999,999,1,1,3.00,3.00,0,0,,¦³¹Ï¤ù,,0,,0,,N04BC05,,,,,0,,0,,TAB,,°·«Oµ¹¥I,°·«Oµ¹¥I,PRAMIPEXOLE DIHYDROCHLORIDE MONOHYDRATE,N04BC05,BC25260100,,SolidDrugForm,ERTAB,,,0,,0,,,,PH008,202011120926,44.10,57.00
OMIRT,20180615,99999999,¥i¥Î,MirTapine 30mg orally disintegrating,MirTapine 30mg orally disintegrating,Mirtazapine,PO,HS,CNEU,CN-02-06,¤fªA,TAB,Remeron,«D²Õ®M,,,¤@¯ë¥i¥Î,¬O,¤£¥i¥ÎÃÄ¥]¾÷,±ø¥ó¤Uµ¹¥I,¤@¯ë,Á`¶q¶i¦ì,¾AÀ³¯g:Æ{¯g,,Indication:Treat mental depressive symptoms,,¥~ Æ[:¥Õ¦â¶ê«ó§Î¿õ¾¯¡A¤@­±¦L¦³MTZ¡A¤@­±¦³PL T33,Appearance: White round tablet¡A marking:MTZ¡A PL and T33.,¼W¥[­¹¼¤¡AÅé­«¼W¥[¡A¶ÝºÎ¡AÀYµh¡A¤f°®,Increased appetite¡A weight gain; drowsiness¡A headache¡A xerostomia.,,¬Ò¥i¥Î,¬ü§´¥­¤f·»¿õ30²@§J,MirTapine 30mg,,,¬O,¬O,,ªAÃÄ«á¡A ¥i¯àµo¥Íµu¼È©Ê·w¯t; ¤Å¶¼°s,,May cause temporary dizziness. Avoid taking with alcohol.,,¥»«~¨Ï¥Îªü´µ¤Ú²¢ (§tphenylalanine)¡A¤£¾A©ó­fà¬§¿¯g±wªÌ¨Ï¥Î¡C,This medicine have aspartame (contain phenylalanine)¡A avoid in phenylketonuria.,2018-2 ÃÄ©e·|³q¹L·s¶i,¤@¯ë,¤@¯ë,Äµ »y¡GªAÃÄ«á¡A¥i¯àµo¥Íµu¼È©Ê·w¯t¡F¤Å¶¼°s,SA «÷­µ¬Û¦ü,,0,0,§_,1.0,,§_,¬O,§_,³æ¤è,,¥i¥Î,¥i¥Î,¤£¥i¿i,¬O,,1.00,1.00,1.50,1.50,999,999,1,1,1.50,1.50,0,0,,¦³¹Ï¤ù,,0,,0,,N06AX11,,,,,0,,0,,TAB,,°·«Oµ¹¥I,°·«Oµ¹¥I,MIRTAZAPINE,N06AX11,AB49656100,,SolidDrugForm,ORTAB,,,0,,0,,,,PH008,201810021040,7.30,10.00
OMIY,20091025,99999999,¥i¥Î,Miyarisan BM 1gm,Miyarisan BM 1gm,Clostridium Butyricum Miyairi 588,PO,BID,ALIM,GI-04-00,¤fªA,PK,Miyarisan,«D²Õ®M,,,¤@¯ë¥i¥Î,¬O,¤£¥i¥ÎÃÄ¥]¾÷,°·«O¤£µ¹¥I,¤@¯ë,Á`¶q¶i¦ì,¾AÀ³¯g:«æºC©Ê¸zª¢¡A ¸z¤º²§±`µo»Ã,,Indication:Slight diarrheas¡A abdominal pain¡A constipation,,¥~ Æ[:1§J¥Õ¦â·L²ÓÁû²É¾¯¥]¸Ë,Appearance:White granules,µÈ®ð,Flatulence,,¬Ò¥i¥Î,§®§Q´²,Miyarisan BM 1gm,,,§_,¬O,,¥»ÃÄ§t¾ã¸z¬¡µß¦¨¤À¡A °¸¦³µÈ®ð²{¶H,,May cause flatulence.,,,,,¤@¯ë,¤@¯ë,Äµ »y:¥»ÃÄ§t¾ã¸z¬¡µß¦¨¤À¡A°¸¦³µÈ®ð²{¶H,,,,,§_,1.0,,§_,¬O,§_,³æ¤è,§_,°±¥Î,°±¥Î,¥i¿i,¬O,,1.00,1.00,2.00,2.00,999,999,1,1,6.00,6.00,0,0,,¦³¹Ï¤ù,,0,,0,,A07FAaa,,,,,,,,,PK,,¤£µ¹¥I¶·¦Û¥I,¤£µ¹¥I¶·¦Û¥I,,,,§_,SolidDrugForm,GRAN,,,,,,,,,PH047,202303141755,0,16.00
OMIZ,20040521,99999999,°±¥Î,Mizollen 10mg (¦Û¶O),Mizollen 10mg (¦Û¶O),Mizolastine,PO,QD,HIMM,IM-01-00,¤fªA,TAB,Mizollen,«D²Õ®M,°±¥Î,,¤@¯ë¥i¥Î,¬O,¤£¥i¥ÎÃÄ¥]¾÷,¥i¥Î,¤@¯ë,Á`¶q¶i¦ì,¾AÀ³¯g:¬°§Ü²ÕÂ´ÓiÃÄ¡A¥Dªv»óª¢ ¡B¹L±Ó©Ê»óª¢¡BëC³Â¯lµ¥,,Treatment of allergic rhinitis and urticaria,,¥~ Æ[:¥Õ¦â¾ò¶ê§Î¿õ¾¯¡A¤@­±¦LMZI 10¡A¤@­±¦³¤¤¥¡¨è²ª,Appearance:White Elliptic Tablet,,,,¬Ò¥i¥Î,±Ó¼Ö®Ô,Mizollen 10mg (¦Û¶O),,,§_,¬O,,,,,,,,,¤@¯ë,¤@¯ë,Äµ »y:³¡¤À¤H¨Ï¥Î«á¥i¯à¤Þ°_¯h­Â¡BµtºÎªº²{¶H,,,,,§_,1.0,,§_,§_,§_,³æ¤è,§_,¥i¥Î,¥i¥Î,¥i¿i,¬O,,1.00,1.00,1.00,1.00,999,999,1,1,0,0,0,0,,µL¹Ï¤ù,,0,,0,,,,,,,,,,,TAB,§_,¤£µ¹¥I¶·¦Û¥I,¤£µ¹¥I¶·¦Û¥I,,,,§_,SolidDrugForm,ORTAB,,,,,,,,,PH047,202303141755,0,13.00
OMOB,19960101,99999999,°±¥Î,Mobic 7.5mg,Mobic 7.5mg,Meloxicam,PO,,CNEU,CN-01-03,¤fªA,TAB,Mobic,«D²Õ®M,°±¥Î¡A¥i¬dÃþ¦üÃÄ,,¤@¯ë¥i¥Î,¬O,¤£¥i¥ÎÃÄ¥]¾÷,±ø¥ó¤Uµ¹¥I,¤@¯ë,Á`¶q¶i¦ì,¾AÀ³¯g:¬°¤îµh®øª¢ÃÄ,,Treatment of osteoarthritis,,¥~ Æ[:²H¶Àºñ¦â¶ê«ó§Î¿õ¾¯,Appearance:Yellow Green Round Tablet,,,,,°©±Ó±¶,Mobic 7.5mg,,,§_,¬O,,,,,,,,,¤@¯ë,¤@¯ë,Äµ »y:¦³­G¼ìºÅ¯f¥v½Ð¥ý§iª¾Âå¥Í¨Ã©ó¶º«áªA¥Î¡C,,,,,§_,1.0,,§_,§_,§_,³æ¤è,§_,¥i¥Î,¥i¥Î,¥i¿i,¬O,,1.00,1.00,2.00,2.00,999,999,1,1,0,0,0,0,,µL¹Ï¤ù,,0,,0,,,,,,,,,,,TAB,§_,°·«Oµ¹¥I,°·«Oµ¹¥I,MELOXICAM,M01AC06,A041913100,§_,SolidDrugForm,ORTAB,,,,,,,,,PH047,202303141755,6.10,8.00
OMOB1,20071224,99999999,°±¥Î,Mobic 15mg,Mobic 15mg,Meloxicam,PO,QD,CNEU,CN-01-03,¤fªA,TAB,,«D²Õ®M,°±¥Î,OMOBI,¤@¯ë¥i¥Î,¬O,¤£¥i¥ÎÃÄ¥]¾÷,¥i¥Î,¤@¯ë,Á`¶q¶i¦ì,¾AÀ³¯g:¤îµh®øª¢ÃÄ,,Indication:Treatment of osteoarthritis.,,¥~ Æ[:²H¶À¦â¶ê«ó§Î¿õ¾¯,Appearance:Light yellow round tablet,®ø¤Æ¤£¨}¡A äú¤ß¡A ¹Ã¦R¡A ¸¡µh¡A «K¯¦¡A µÈ®ð,Dyspepsia¡A nausea¡A vomiting¡A abdominal pain¡A constipation¡A flatulence.,,¬Ò¥i¥Î,°©±Ó±¶,Mobic 15mg,,,§_,¬O,,¦³­G¼ìºÅ¯f¥v½Ð¥ý§iª¾Âå¥Í¨Ã©ó¶º«áªA¥Î¡C,,Notify your doctor if you have stomach ulcer.,,,,,,¤@¯ë,Äµ »y:¦³­G¼ìºÅ¯f¥v½Ð¥ý§iª¾Âå¥Í¨Ã©ó¶º«áªA¥Î¡C,,,,,§_,1.0,,§_,§_,¬O,³æ¤è,§_,¥i¥Î,¥i¥Î,¥i¿i,§_,,1.00,1.00,1.00,1.00,999,999,1,1,1.00,1.00,0,0,,¦³¹Ï¤ù,,0,,0,,M01AC06,,,,,,,,,TAB,,°·«Oµ¹¥I,°·«Oµ¹¥I,MELOXICAM,M01AC06,A041914100,§_,SolidDrugForm,ORTAB,,,,,,,,,PH047,202303141755,12.20,15.00
OMOBI,20120626,99999999,¥i¥Î,Mobicam 15mg,Mobicam 15mg,Meloxicam,PC,QD,CNEU,CN-01-03,¤fªA,TAB,Mobic,«D²Õ®M,°±¥Î,,¤@¯ë¥i¥Î,¬O,¤£¥i¥ÎÃÄ¥]¾÷,¥i¥Î,¤@¯ë,Á`¶q¶i¦ì,¾AÀ³¯g:¤îµh®øª¢ÃÄ,,Indication:Treatment of osteoarthritis.,,¥~ Æ[:²H¶À¦â¶ê«ó§Î¿õ¾¯¡A¤@­±¨è¦³PBF/432¦r¼Ë,Appearance:Light yellow round tablet,®ø¤Æ¤£¨}¡A äú¤ß¡A ¹Ã¦R¡A ¸¡µh¡A «K¯¦¡A µÈ®ð,Dyspepsia¡A nausea¡A vomiting¡A abdominal pain¡A constipation¡A flatulence.,,¬Ò¥i¥Î,¬ü°©°· ¿õ,Mobicam 15mg,,,§_,¬O,,¦³­G¼ìºÅ¯f¥v½Ð¥ý§iª¾Âå¥Í¨Ã©ó¶º«áªA¥Î¡C,,Notify your doctor if you have stomach ulcer.,,,,,¤@¯ë,¤@¯ë,Äµ »y:¦³­G¼ìºÅ¯f¥v½Ð¥ý§iª¾Âå¥Í¨Ã©ó¶º«áªA¥Î¡C,,,0,0,§_,1.0,,§_,¬O,§_,³æ¤è,§_,¥i¥Î,¥i¥Î,¥i¿i,¬O,,1.00,1.00,1.00,1.00,999,999,0,1,1.00,1.00,0,0,,¦³¹Ï¤ù,,0,,0,,M01AC06,,,,,,,,,TAB,,°·«Oµ¹¥I,°·«Oµ¹¥I,MELOXICAM,M01AC06,AC46312100,§_,SolidDrugForm,ORTAB,,,,,,,,,PH006,202403011149,3.41,5.00
OMOC,20200915,99999999,¥i¥Î,Mocalm 0.5/10mg (¥Ã±dºü),Mocalm 0.5/10mg,Flupentixol + Melitracen,PO,BID,CNEU,CN-02-06,¤fªA,TAB,Deanxit,«D²Õ®M,,,,¬O,¤£¥i¥ÎÃÄ¥]¾÷,¥i¥Î,¤@¯ë,Á`¶q¶i¦ì,¾AÀ³¯g:µJ¼{¯g¡A ¼~Æ{¯g,,Indication:Treat mental depressive and anxious symptoms,,¥~ Æ[:¯»¬õ¦â½¤¦ç¿õ¡A ¤W¦³S¼Ð¥Ü,Appearance:Pink sugar-coated tablet¡A with S marked.,µJÄ¼¤£¦w¡A¥¢¯v.,Restlessness¡A insomnia.,,¬Ò¥i¥Î,¥Ã±dºü½¤¦ç¿õ,Mocalm 0.5/10mg,,,§_,¬O,,ªAÃÄ«á¡A ¥i¯àµo¥Íµu¼È©Ê·w¯t; ¤Å¶¼°s,,May cause temporary dizziness. Avoid taking with alcohol.,,,,2020Q3ÃÄ©e·s¶i,¤@¯ë,¤@¯ë,Äµ »y¡GªAÃÄ«á¡A¥i¯àµo¥Íµu¼È©Ê·w¯t¡F¤Å¶¼°s,,,0,0,§_,1.0,,§_,¬O,§_,½Æ¤è,§_,¥i¥Î,¥i¥Î,¥i¿i,¬O,,1.00,1.00,3.00,3.00,999,999,1,1,9.00,9.00,0,0,,¦³¹Ï¤ù,,0,,0,,N06CA02,N05AF01,N06AA14,,,0,,0,,TAB,,°·«Oµ¹¥I,°·«Oµ¹¥I,FLUPENTIXOL 500MCG + MELITRACEN 10MG,N06CA02,AC46759100,,SolidDrugForm,ORTAB,,,0,,0,,,,PH047,202307050939,2.15,3.00
OMOD,20050317,99999999,°±¥Î,Moduretic 50/5mg,Moduretic 50/5mg,Hydrochlorothiazide + Amiloride,PO,QD,CAVS,CV-03-06,¤fªA,TAB,Moduretic,«D²Õ®M,°±¥Î,OAMIZ,¤@¯ë¥i¥Î,¬O,¥i¥ÎÃÄ¥]¾÷,,¤@¯ë,Á`¶q¶i¦ì,¾AÀ³¯g:¬°§Q§¿©Ê­°¦åÀ£¾¯,,Indication:Treatment of hypertension¡A edema,,¥~ Æ[:²H¾í¦âµÙ«¬¿õ¾¯¡A ¤@­±¦³¤¤¥¡¨è²ª¡A ¤@­±¦LMSD¤Î917,Appearance:Light orange diamond tablet.,¤f°®¡A ©Ê¥\¯à»ÙÃª¡A «º¶Õ§ïÅÜ®É·|ÀY·w¡A ÀYµh¡A «K¯µ,Dry mouth¡A sexual problem¡A dizzy when getting up from a lying or sitting positio,,¬Ò¥i¥Î,ªZ³£¤O,Moduretic 50/5mg,,,§_,¬O,½Ã±Ð³æ¤T,«Äµ£¡A ¥¥°ü¤Î±Â¨Å°üÀ³Á×§K¨Ï¥Î¥»«~,,Avoid using this medicine in children¡A pregnant or breastfeeding women.,,­¹ª«¥æ¤¬§@¥Î: ªAÃÄ´Á¶¡À³Á×§K¹L¶qÄá¨ú¹[ÆQ(¦p:¥NÆQ),Food interaction:Avoid over take potassium salt.,,¤@¯ë,¤@¯ë,Äµ »y:«Äµ£¡B¥¥°ü¤Î±Â¨Å°üÀ³Á×§K¨Ï¥Î¥»«~,­¹ ­¹ª«¥æ¤¬,,,,§_,1.0,,§_,§_,§_,½Æ¤è,§_,°±¥Î,¥i¥Î,¥i¿i,¬O,,1.00,1.00,2.00,2.00,999,999,1,1,4.00,4.00,0,0,,¦³¹Ï¤ù,,0,,0,,C03EA01,C03AA03,C03DB01,,,,,,,TAB,§_,°·«Oµ¹¥I,°·«Oµ¹¥I,AMILORIDE 5MG + HYDROCHLOROTHIAZIDE 50MG,C03EA01,B019752100,§_,SolidDrugForm,ORTAB,,,,,,,,,PH047,202303141755,2.49,4.00
OMODI,20060620,99999999,°±¥Î,Modipanol 2mg,Modipanol 2mg,Flunitrazepam,PO,HS,CNEU,CN-02-07,¤fªA,TAB,FM2,«D²Õ®M,°±¥Î,OFAL,¤@¯ë¥i¥Î,¬O,¤£¥i¥ÎÃÄ¥]¾÷,¥i¥Î,¤@¯ë,Á`¶q¶i¦ì,¾AÀ³¯g:¥¢¯v¯g,,Indication:Help to sleep,,¥~ Æ[:¥Õ¦â¶ê«ó«¬¿õ¾¯¡A ¤@­±¦LF 2¡A ¤@­±¦³¤Q¦r¨è²ª,Appearance:White round tablet,ÀY·w¡A ¶ÝºÎ¡A «K¯µ¡A µø¤O¼Ò½k¡A¤f°®¡A,Dizzy¡A sleepy¡A blurred vision¡A constipation¡A dry mouth or thirst more,,¥u¥Î©óªù¶E¤Î¦í°|STAT,¬ü±o¯v¿õ,Modipanol 2mg,,,¬O,¬O,½Ã±Ð³æ¥|,¤Å¶}¨®©Î¾Þ§@¦MÀI¾÷±ñ; ¤Å¶¼°s©Î¸²µå¬c¥Ä,,Caution in driving or using machinery¡A avoid alcohol or grapefruit juice.,,­¹ª«¥æ¤¬§@¥Î: ªAÃÄ´Á¶¡Á×§K­¹¥Î¸²µå¬c¥Ä»P¶¼°s,Food interaction: Avoid grapefruit juice and alcohol.,106-2 ÃÄ©e·|§R°£,¤@¯ë,¤T¯ÅºÞ¨î,Äµ »y¡G¤Å¶}¨®©Î¾Þ§@¦MÀI¾÷±ñ¡F¤Å¶¼°s©Î¸²µå¬c¥Ä,­¹ ­¹ª«¥æ¤¬,,,,§_,1.0,,§_,§_,§_,³æ¤è,§_,¥i¥Î,¥i¥Î,¥i¿i,¬O,,1.00,1.00,2.00,2.00,30,30,1,1,2.00,2.00,0,0,,¦³¹Ï¤ù,,0,,0,,N05CD03,,,,,,,,,TAB,,¤£µ¹¥I¶·¦Û¥I,¤£µ¹¥I¶·¦Û¥I,,,,§_,SolidDrugForm,ORTAB,,,,,,,,,PH047,202303141755,0,3.00
OMOL,20220429,99999999,¥i¥Î,Molnupiravir 200mg (¤½¶O),Molnupiravir 200mg (¤½¶O),Molnupiravir,PO,BID,QANB,AI-03-09,¤fªA,CAP,¤½¶OCOVID-19¤fªA§Ü¯f¬rÃÄ¾¯,«D²Õ®M,,,±M®×¶i¤fÃÄ«~,¬O,¤£¥i¥ÎÃÄ¥]¾÷,­­¥Î,¤@¯ë,Á`¶q¶i¦ì,¾AÀ³¯g:¥Î©ó¦¨¤H·s«¬«aª¬¯f¬r(SARS-CoV-2)·P¬V¯g,,Indication:Infection of COVID-19 in adult.,,¥~ Æ[:¾ï¦â½¦Ån¤W¦³82¼Ð¥Ü,Appearance:Orange capsule¡A with 82 marked.,¸¡Âm¡Aäú¤ß¡A·w¯t,Diarrhea¡A nausea¡A dizziness,,¥u¥Î©óªù¶E¤Î¦í°|STAT,Àq¨FªFMolnupiravir (¤½¶OCOVID-19¤fªAÃÄ),Molnupiravir 200mg (¤½¶O),,,,¬O,,½ÐªA§¹5¤Ñ§¹¾ãÀøµ{.À³¾ãÁû§]ªA¡A¤Á¤Å¥´¶}¡A¯}Ãa©ÎÀ£¸H½¦Ån.,¨Ï¥Î«e½Ð¸Ô¾\ "¯f¤H¡B¤÷¥À©M·ÓÅ@ªÌªº»¡©ú®Ñ",Should complete the full 5-day treatment course.,The capsule should be swallowed whole¡A not chewed¡A broken¡A or crushed.,¤@¯ë¾¯¶q¨C¦¸À³¦P®ÉªA¥Î4Áû½¦Ån.,The usual dosage is 4 capsules¡A take them together each time.,2022.05¬F©²´£¨Ñ(¥u±µ¨ü¥»°|³B¤èºà),¤@¯ë,¤@¯ë,½ÐªA§¹5¤Ñ§¹¾ãÀøµ{.À³¾ãÁû§]ªA¡A¤Á¤Å¥´¶}¡A¯}Ãa©ÎÀ£¸H½¦Ån.,,,0,0,¬O,40.0,,¬O,¬O,¬O,³æ¤è,,°±¥Î,°±¥Î,¤£¥i¿i,§_,,4.00,4.00,4.00,4.00,5,5,5,5,8.00,8.00,0,0,,¦³¹Ï¤ù,,0,,0,,J05AB18,,,,,0,,0,,CAP,,°·«Oµ¹¥I,°·«Oµ¹¥I,,,XCOVID0002,§_,SolidDrugForm,ORCAP,,,0,,0,,,,PH008,202312270926,0,0
OMOLS,20230102,99999999,¥i¥Î,(¦Û¶O) Molnupiravir 200mg (40Áû/²~),(¦Û¶O) Molnupiravir 200mg (40Áû/²~),Molnupiravir,PO,BID,QANB,AI-03-09,¤fªA,CAP,¥~°ê¤H¦Û¶OCOVID-19¤fªA§Ü¯f¬rÃÄ¾¯,«D²Õ®M,,,±M®×¶i¤fÃÄ«~,¬O,¤£¥i¥ÎÃÄ¥]¾÷,°·«O¤£µ¹¥I,¤@¯ë,Á`¶q¶i¦ì,¾AÀ³¯g:¥Î©ó¦¨¤H·s«¬«aª¬¯f¬r(SARS-CoV-2)·P¬V¯g,,Indication:Infection of COVID-19 in adult.,,¥~ Æ[:¾ï¦â½¦Ån¤W¦³82¼Ð¥Ü,Appearance:Orange capsule¡A with 82 marked.,¸¡Âm¡Aäú¤ß¡A·w¯t,Diarrhea¡A nausea¡A dizziness,,¥u¥Î©óªù¶E¤Î¦í°|STAT,Àq¨FªFMolnupiravir (¯eºÞ¸p),(¦Û¶O)Molnupiravir 200mg,,,,¬O,,½ÐªA§¹5¤Ñ§¹¾ãÀøµ{.À³¾ãÁû§]ªA¡A¤Á¤Å¥´¶}¡A¯}Ãa©ÎÀ£¸H½¦Ån.,¨Ï¥Î«e½Ð¸Ô¾\ "¯f¤H¡B¤÷¥À©M·ÓÅ@ªÌªº»¡©ú®Ñ",Should complete the full 5-day treatment course.,The capsule should be swallowed whole¡A not chewed¡A broken¡A or crushed.,¤@¯ë¾¯¶q¨C¦¸À³¦P®ÉªA¥Î4Áû½¦Ån,The usual dosage is 4 capsules¡A take them together each time.,2023.01¬F©²´£¨Ñ¡A­­«D¥»°êÄy¯f±w¨Ï¥Î,¤@¯ë,¤@¯ë,½ÐªA§¹5¤Ñ§¹¾ãÀøµ{.À³¾ãÁû§]ªA¡A¤Á¤Å¥´¶}¡A¯}Ãa©ÎÀ£¸H½¦Ån.,,,0,0,§_,40.0,,¬O,¬O,¬O,³æ¤è,§_,°±¥Î,°±¥Î,¤£¥i¿i,§_,,4.00,4.00,4.00,4.00,5,5,5,5,8.00,8.00,0,0,,¦³¹Ï¤ù,,0,,0,,J05AB18,,,,,0,,0,,BOT,§_,¤£µ¹¥I¶·¦Û¥I,¤£µ¹¥I¶·¦Û¥I,,,,,SolidDrugForm,ORCAP,,,0,,0,,,,PH008,202312270927,0,21698.00
OMOM,20011002,99999999,°±¥Î,Mag Mag 500mg,Mag Mag 500mg,Magnisum Hydroxide,PO,,ALIM,GI-01-01,¤fªA,TAB,,«D²Õ®M,°±¥Î,OMGO,¤@¯ë¥i¥Î,¬O,¥i¥ÎÃÄ¥]¾÷,¥i¥Î,,,¾AÀ³¯g:¬°­GÃÄ,,,,,,,,,¬Ò¥i¥Î,,Mag Mag 500mg,,,§_,¬O,,,,,,,,,¤@¯ë,¤@¯ë,,,,,,§_,1.0,,§_,§_,§_,³æ¤è,§_,¥i¥Î,¥i¥Î,¥i¿i,¬O,,1.00,1.00,99.00,99.00,1,1,1,1,0,0,0,0,,µL¹Ï¤ù,,0,,0,,,,,,,,,,,TAB,§_,°·«Oµ¹¥I,°·«Oµ¹¥I,,,N009943100,§_,SolidDrugForm,ORTAB,,,,,,,,,PH047,202303141755,0.37,2.00
OMON,20151001,99999999,°±¥Î,Monurol 3gm/pack,Monurol 3gm/pack,Fosfomycin,PO,HS,QANB,AI-01-13,¤fªA,PK,Monurol,«D²Õ®M,Á{±ÄÃÄ¡A½Ð³qª¾ÃÄ§½¥~ÁÊ,,­Ó®×Á{±Ä,¬O,¤£¥i¥ÎÃÄ¥]¾÷,±ø¥ó¤Uµ¹¥I,¤@¯ë,Á`¶q¶i¦ì,¾AÀ³¯g:§¿¸ô·P¬V¤§¹w¨¾»PªvÀø¡C,,Indication:Antibiotic for urinary tract infection.,,¥~ Æ[:8§JÁû²É¥]¸Ë,Appearance: 8gm of granules/pack,ÀYµh¡A¸¡Âm¡Aäú¤ß¡A¸¡µh¡A»óª¢,Headache¡A diarrhea¡A nausea¡A abdominal pain¡A rhinitis,¯S®íÃþ§Ü¥Í¯À,¬Ò¥i¥Î,±ö¼ÖÅð¯ÀÁû²É¾¯,Monurol 3gm/pack,,,§_,¬O,,¤@¥]¥Î50-75²@¤Éªº§N¶}¤ô±NÃÄ¯»·»¸Ñ¦A§]ªA¡A¤£¥i°®¦Y¡C,,Mix with cool water before ingesting. Don't administer in its dry form.,,»ÝªÅ¸¡¨Ï¥Î¡C,need to be taken on an empty stomach.,,¤@¯ë,¤@¯ë,¤@¥]¥Î50-75²@¤Éªº§N¶}¤ô±NÃÄ¯»·»¸Ñ¦A§]ªA¡A¤£¥i°®¦Y¡C,,,0,0,§_,1.0,,§_,§_,§_,³æ¤è,§_,°±¥Î,¥i¥Î,¤£¥i¿i,¬O,,1.00,1.00,2.00,2.00,7,7,1,1,4.00,4.00,0,0,,µL¹Ï¤ù,,0,,0,,J01XX01,,,,,3.00,g,3.00,g,PK,§_,°·«Oµ¹¥I,°·«Oµ¹¥I,FOSFOMYCIN,J01XX01,BC23974126,§_,SolidDrugForm,GRAN,,,,,,,,,PH047,202401261256,130.00,156.00
OMON1,20060522,99999999,°±¥Î,Monopril 10mg,Monopril 10mg,Fosinopril,PO,QD,CAVS,CV-07-00,¤fªA,TAB,,«D²Õ®M,°±¥Î,,¤@¯ë¥i¥Î,¬O,¤£¥i¥ÎÃÄ¥]¾÷,¥i¥Î,¤£¦LÃÄÅÒ,Á`¶q¶i¦ì,,,,,,,,,,¥u¥Î©óªù¶E,¯ß¼Ö¨j§Q¿õ,Monopril 10mg,,,§_,¬O,,,,,,,,,¤@¯ë,¤@¯ë,,,,,,§_,1.0,,§_,§_,§_,³æ¤è,§_,¥i¥Î,¥i¥Î,¥i¿i,¬O,,1.00,1.00,999.00,999.00,999,999,1,1,0,0,0,0,,µL¹Ï¤ù,,0,,0,,,,,,,,,,,TAB,,°·«Oµ¹¥I,°·«Oµ¹¥I,FOSINOPRIL,C09AA09,B021421100,§_,SolidDrugForm,ORTAB,,,,,,,,,PH047,202303141756,6.20,8.00
OMONT4,20230418,99999999,¥i¥Î,Monteka 4mg,Monteka 4mg,Montelukast,PO,HS,ERSP,RE-02-00,¤fªA,TAB,Singulair 2-5·³¨àµ£,«D²Õ®M,,,¤@¯ë¥i¥Î,¬O,¤£¥i¥ÎÃÄ¥]¾÷,±ø¥ó¤Uµ¹¥I,¤@¯ë,Á`¶q¶i¦ì,¾AÀ³¯g: ¹w¨¾»PªvÀø¦¨¤H¤Î¤p¨àªº®ð³Ý¤Î¹L±Ó©Ê»óª¢¡C,,Indication:Treatment of asthma and allergic rhinitis.,,¥~ Æ[:¯»¬õ¦â¾ò¶ê§ÎÂù¥Y­±©CÄZ¿õ¡A¤@­±¨èCCP D79¡C,Appearance:Pink¡A oval¡A bi-convex-shaped chewable tablets,¤f´÷¡B¸¡µh¡B¶Ý¯v¡BÀYµh¡BÀY·w¡B¹Ã¦R¡B¥Ö¯l,Thirst¡A abdominal pain¡A drowsiness¡A headache¡A dizziness¡A vomiting¡A and rash.,,¬Ò¥i¥Î,»X¦a¥d©CÄZ¿õ4²@§J,Monteka 4mg,,,,,,¥»«~§t¦³¨Å¿}(lactose)¡C,4²@§J¾¯«¬¾A¥Î©ó2-5·³«Äµ£¡C,This product contains lactose.,4mg Tablet is for children aged 2-5,ªAÃÄ´Á¶¡¡A¹ïªü´µ¤ÇªL¹L±ÓªÌÀ³Á×§Kªü´µ¤ÇªL©Î«DÃþ©T¾J§Üµoª¢ÃÄª«¡C,Avoid concomitant use with aspirin or NSAIDs in aspirin-sensitive patients,202304 Singulair 4mg ¯Ê³f´À¥N,¤@¯ë,¤@¯ë,Äµ»y¡G­Y¯gª¬¥¼§ïµ½©Î§óÄY­«¡A½Ð§iª¾Âå®v,,,0,0,§_,1.0,,§_,¬O,§_,³æ¤è,,¥i¥Î,¥i¥Î,¥i¿i,¬O,,1.00,1.00,1.00,1.00,999,999,1,1,1.00,1.00,0,0,,¦³¹Ï¤ù,,0,,0,,R03DC03,,,,,4.00,mg,10.00,mg,TAB,,°·«Oµ¹¥I,°·«Oµ¹¥I,MONTELUKAST,R03DC03,AC57763100,,SolidDrugForm,ORTAB,,,0,,0,,,,PH047,202307241651,9.10,13.00
OMOP,20060620,99999999,¥i¥Î,Mopride 5mg,Mopride 5mg,Mosapride,AC,TIDAC,ALIM,GI-06-00,¤fªA,TAB,Mopride,«D²Õ®M,,,¤@¯ë¥i¥Î,¬O,¥i¥ÎÃÄ¥]¾÷,¥i¥Î,¤@¯ë,Á`¶q¶i¦ì,¾AÀ³¯g:¬°«P¶i­G¸zÄ¯°Ê¾¯¡A ¨ã¤î¦R»P«P¶i®ø¤Æ§@¥Î,,Indication:Gastro-oesophageal reflux¡A gastroparesis,,¥~ Æ[:¥Õ¦â¾ò¶ê§Î¿õ¾¯¡A ¤@­±¦L¤¤¥¡¨è²ª¤Î MP,Appearance:White elliptic tablet,¤Uµg¡A ³n«K¡A ¤f´÷¡A ­Â«å·P,Diarrhea¡A thirst¡A fatigue,,¬Ò¥i¥Î,¼¯µÎ­G²M½¤¦ç¿õ,Mopride,,,§_,¬O,,½Ð¿í·ÓÂå®v«ü¥Ü¨Ï¥Î¡A ­Yµo¥ÍºÃ¦üÃÄª«¤£¨}¤ÏÀ³½Ð§iª¾Âå¥Í,,Follow doctor's advice. Check with doctor if you notice any side effects.,,,,,¤@¯ë,¤@¯ë,Äµ »y:½Ð¿í·ÓÂå®v«ü¥Ü¨Ï¥Î¡A­Yµo¥ÍºÃ¦üÃÄª«¤£¨}¤ÏÀ³½Ð§iª¾Âå¥Í¡C,,,,,§_,1.0,,§_,¬O,§_,³æ¤è,§_,¥i¥Î,¥i¥Î,¥i¿i,¬O,,1.00,1.00,2.00,2.00,999,999,1,1,6.00,6.00,0,0,,¦³¹Ï¤ù,,0,,0,,A03FAaa,,,,,,,,,TAB,,°·«Oµ¹¥I,°·«Oµ¹¥I,MOSAPRIDE,A03FA09,AC476561G0,§_,SolidDrugForm,ORTAB,,,,,,,,,PH047,202303141756,2.00,3.00
OMOR,19960101,99999999,°±¥Î,Morphine 10mg,Morphine 10mg,Morphine,PO,AS,CNEU,CN-01-01,¤fªA,TAB,Morphine,«D²Õ®M,°±¥Î,,¤@¯ë¥i¥Î,¬O,¤£¥i¥ÎÃÄ¥]¾÷,¥i¥Î,¤@¯ë,¤£¶i¦ì,¾AÀ³¯g:¬°³Â¾K©Ê¤îµh¾¯,,Indication:Opioid analgesic,,¥~ Æ[:¥Õ¦â¶ê§Î¿õ¾¯¡A¤@­±¤¤¶¡¦³¨è²ª¡A¤Ï­±¦³M¨è¦L,Appearance:White color round tablet,©I§l§í¨î¡A ¤ß«ß¤£¾ã¡A ¦åÀ£§ïÅÜ¡A §x­Â,Respiratory depression¡A arrhythmias¡A BP changes¡A drowsiness,,¥u¥Î©óªù¶E¤Î¦í°|STAT,ÆQ»Ä¶Ü°Ø¿õ10²@§J,Morphine 10mg,,,¬O,¬O,,¨ã¦¨Å}©Ê¡A ¤£¯à¶W¶q¨Ï¥Î¡A ¤@©w­n¨ÌÂå¥Í©Ò«ü¥Üªº¾¯¶qªA¥Î,,Follow doctor's advice. Do not change your dose or schedule.,,,,,¤@¯ë,¤@¯ÅºÞ¨î,Äµ »y:¨ã¦¨Å}©Ê¡A¤£¯à¶W¶q¨Ï¥Î¡A¤@©w­n¨ÌÂå¥Í©Ò«ü¥Üªº¾¯¶qªA¥Î,Äµ °ªÄµ°T,,,,§_,1.0,,§_,§_,§_,³æ¤è,§_,°±¥Î,°±¥Î,¥i¿i,¬O,,1.00,1.00,10.00,10.00,14,14,7,1,20.00,20.00,0.12,0.06,,¦³¹Ï¤ù,,0,,0,,N02AA01,,,,,,,,,TAB,§_,°·«Oµ¹¥I,°·«Oµ¹¥I,MORPHINE,N02AA01,AC05860100,§_,SolidDrugForm,ORTAB,,,,,,,,,PH047,202303141756,2.80,4.00
OMOR1,20151230,99999999,¥i¥Î,Morphine 15mg,Morphine 15mg,Morphine,PO,,CNEU,CN-01-01,¤fªA,TAB,Morphine,«D²Õ®M,,,¤@¯ë¥i¥Î,¬O,¤£¥i¥ÎÃÄ¥]¾÷,,¤@¯ë,¤£¶i¦ì,¾AÀ³¯g:­««×¯kµh¤§½w¸Ñ,,Indication:Opioid analgesic,,¥~ Æ[:¥Õ¦â¶ê«ó§Î¿õ¾¯,Appearance:White round tablet,©I§l§í¨î¡A ¤ß«ß¤£¾ã¡A ¦åÀ£§ïÅÜ¡A §x­Â,Respiratory depression¡A arrhythmias¡A BP changes¡A drowsiness,,¥u¥Î©óªù¶E¤Î¦í°|STAT,²¸»Ä¶Ü°Ø¿õ15²@§J,Morphine 15mg,,,¬O,¬O,,¨ã¦¨Å}©Ê¡A ¤£¯à¶W¶q¨Ï¥Î¡A ¤@©w­n¨ÌÂå¥Í©Ò«ü¥Üªº¾¯¶qªA¥Î,,Follow doctor's advice. Do not change your dose or schedule.,,,,,¤@¯ë,¤@¯ÅºÞ¨î,Äµ »y:¨ã¦¨Å}©Ê¡A¤£¯à¶W¶q¨Ï¥Î¡A¤@©w­n¨ÌÂå¥Í©Ò«ü¥Üªº¾¯¶qªA¥Î,Äµ °ªÄµ°T,¤fªAÃÄ,0,0,§_,1.0,,¬O,¬O,§_,³æ¤è,§_,°±¥Î,°±¥Î,¤£¥i¿i,¬O,,1.00,1.00,7.00,7.00,14,14,7,1,13.00,13.00,0.08,0.04,,¦³¹Ï¤ù,,0,,0,,N02AA01,,,,,0,,0,,TAB,§_,°·«Oµ¹¥I,°·«Oµ¹¥I,MORPHINE,N02AA01,AC56306100,§_,SolidDrugForm,ORTAB,,,,,,,,,PH047,202303141756,6.00,8.00
OMOR1BAD,20151231,99999999,¥i¥Î,Morphine 15mg ´Ý¾l¾PÀì,Morphine 15mg ´Ý¾l¾PÀì,Morphine,PO,,CNEU,CN-01-01,¤fªA,TAB,Morphine,«D²Õ®M,,,¤@¯ë¥i¥Î,¬O,¤£¥i¥ÎÃÄ¥]¾÷,,¤£¦LÃÄÅÒ,¤£¶i¦ì,¾AÀ³¯g:­««×¯kµh¤§½w¸Ñ,,Indication:Opioid analgesic,,¥~ Æ[:¥Õ¦â¶ê«ó§Î¿õ¾¯,Appearance:White round tablet,©I§l§í¨î¡A ¤ß«ß¤£¾ã¡A ¦åÀ£§ïÅÜ¡A §x­Â,Respiratory depression¡A arrhythmias¡A BP changes¡A drowsiness,,¥u¥Î©óªù¶E¤Î¦í°|STAT,²¸»Ä¶Ü°Ø¿õ15²@§J,Morphine 15mg ´Ý¾l¾PÀì,,,¬O,¬O,,³Â¾KÃÄ«~ªº¥á±ó½X,,Discard code of narcotic drugs.,,,,[Rx_x]ºÞÃÄ¥á±ó½X¡A³B¤è¶°¤£Åã¥Ü,¤@¯ë,¤@¯ÅºÞ¨î,³Â¾KÃÄ«~ªº¥á±ó½X,Äµ °ªÄµ°T,,0,0,§_,1.0,,§_,¬O,§_,³æ¤è,§_,°±¥Î,°±¥Î,¤£¥i¿i,¬O,,1.00,1.00,1.00,1.00,1,1,1,1,1.00,1.00,0,0,,µL¹Ï¤ù,,0,,0,,,,,,,0,,0,,TAB,,°·«O¤£¥Ó³ø¤£­p»ù,°·«O¤£¥Ó³ø¤£­p»ù,,,,§_,SolidDrugForm,ORTAB,,,,,,,,,PH047,202303141756,0,0
OMOR3,20081101,99999999,°±¥Î,MORPHINE SR 30mg,MORPHINE SR 30mg,Morphine,PO,,CNEU,CN-01-01,¤fªA,TAB,MST,«D²Õ®M,°±¥Î,,¤w°±¥Î,¬O,¤£¥i¥ÎÃÄ¥]¾÷,,¤@¯ë,¤£¶i¦ì,¾AÀ³¯g:¸Ñ°£Àù¯g¥½´Á¯f±wÄY­«¯kµh,,Indication:Opioid analgesic,,¥~ Æ[: ¶ê«ó§Îµµ¦âªø®Ä¿õ¾¯¡A ¦L¦³ NNB,Appearance:Purple round ER tablet,,,,¥u¥Î©óªù¶E¤Î¦í°|STAT,¶Ü°Øªø®Ä½¤¦ç¿õ,MORPHINE SR 30mg,,,¬O,¬O,,,,,,,,,¤@¯ë,¤@¯ÅºÞ¨î,Äµ »y:¨ã¦¨Å}©Ê¡A¤@©w­n¨ÌÂå¥Í©Ò«ü¥Üªº¾¯¶qªA¥Î¡A¤£¥i¶W¶q¡C»Ý¾ã²É§]ªA¡C,Äµ °ªÄµ°T,,,,§_,1.0,,§_,§_,§_,³æ¤è,§_,°±¥Î,¥i¥Î,¤£¥i¿i,¬O,,1.00,1.00,99.00,99.00,14,14,7,1,0,0,0,0,,¦³¹Ï¤ù,,0,,0,,N02AA01,,,,,,,,,TAB,,°·«Oµ¹¥I,°·«Oµ¹¥I,MORPHINE,N02AA01,AC42534100,§_,SolidDrugForm,ERTAB12,,,,,,,,,PH047,202303141756,13.00,17.00
OMORBAD,19960101,99999999,°±¥Î,Morphine 10mg ´Ý¾l¾PÀì,Morphine 10mg ´Ý¾l¾PÀì,Morphine,PO,,CNEU,CN-01-01,¤fªA,TAB,Morphine,«D²Õ®M,°±¥Î,,¤@¯ë¥i¥Î,¬O,¤£¥i¥ÎÃÄ¥]¾÷,,¤£¦LÃÄÅÒ,¤£¶i¦ì,¾AÀ³¯g:¬°³Â¾K©Ê¤îµh¾¯,,,,,,,,,,¶Ü°Ø¿õ,Morphine 10mg ´Ý¾l¾PÀì,,,§_,¬O,,,,,,,,[Rx_x]ºÞÃÄ¥á±ó½X¡A³B¤è¶°¤£Åã¥Ü,¤@¯ë,¤@¯ÅºÞ¨î,³Â¾KÃÄ«~ªº¥á±ó½X,,,,,§_,1.0,,§_,§_,§_,³æ¤è,§_,°±¥Î,°±¥Î,¥i¿i,¬O,,1.00,1.00,1.00,1.00,1,1,1,1,1.00,1.00,0,0,,µL¹Ï¤ù,,0,,0,,,,,,,,,,,TAB,§_,°·«Oµ¹¥I,°·«Oµ¹¥I,MORPHINE,N02AA01,AC05860100,§_,SolidDrugForm,ORTAB,,,,,,,,,PH047,202401261002,3.20,4.00
OMORC,20210421,99999999,¥i¥Î,Morcasin (Baktar) 400/80mg,Morcasin (Baktar) 400/80mg,Sulfamethoxazole + Trimethoprim,PO,BID,QANB,AI-01-09,¤fªA,TAB,Baktar,«D²Õ®M,,,¤@¯ë¥i¥Î,¬O,¥i¥ÎÃÄ¥]¾÷,¥i¥Î,¤@¯ë,Á`¶q¶i¦ì,¾AÀ³¯g: ÁDÓiÃþÃÄª«¡AªvÀø²Óµß©Ê·P¬V,,Indication: sulfa drug¡A treatment of infection.,,¥~ Æ[:¥Õ¦â¶ê¿õ¡A¤@­±¦³SR¨è²ª¡A¤@­±¥|¤è«¬¨è²ª,Appearance: White round tablet¡A with SR and square marked.,¥ú±Ó·P¡A ¸¡Âm¡A ÀY·w¡A ­¹¼¤¯Ê¥F¡A äú¤ß©Îäú¦R¡A ¯h­Â,Increased sensitivity of skin to sunlight¡A diarrhea¡A dizziness¡A headache.,,¬Ò¥i¥Î,©s§J§ö¿õ,Morcasin (Baktar) 400/80mg,,,,¬O,,ªAÃÄ´Á¶¡½Ð¦h¸É¥R¤ô¤À¡A ¨Ã¨Ì«ü¥ÜªA§¹¾ã­ÓÀøµ{,,Follow doctor's advice¡A drink plenty of fluids.,,ÁDÓiÃÄ¹L±Ó©ÎÅú¨§¯g±wªÌÁ×§K¨Ï¥Î,Avoid use in patients with sulfa drug allergy or G6PD deficiency.,2021.05[OCHE]¯Ê³f´À¥N,¤@¯ë,¤@¯ë,Äµ »y:ªAÃÄ´Á¶¡½Ð¦h¸É¥R¤ô¤À¡A¨Ã¨Ì«ü¥ÜªA§¹¾ã­ÓÀøµ{,,,0,0,§_,1.0,,§_,¬O,§_,½Æ¤è,,°±¥Î,°±¥Î,¥i¿i,¬O,,1.00,1.00,4.00,4.00,28,8,0,1,25.00,25.00,0.40,0.10,,¦³¹Ï¤ù,,0,,0,,J01EE01,J01EA01,J01EC01,,,0.48,g,0.96,g,TAB,,°·«Oµ¹¥I,°·«Oµ¹¥I,SULFAMETHOXAZOLE 400MG + TRIMETHOPRIM 80MG,J01EE01,AC249641G0,,SolidDrugForm,ORTAB,,,0,,0,,,,PH034,202204151159,2.00,3.00
OMTCB,20230531,99999999,¥i¥Î,METHYCOBAL 500mcg,METHYCOBAL 500mcg,Mecobalamin,PO,BID,CNEU,CN-03-11,¤fªA,CAP,Vitamin B12,«D²Õ®M,,,¤@¯ë¥i¥Î,¬O,¤£¥i¥ÎÃÄ¥]¾÷,±ø¥ó¤Uµ¹¥I,¤@¯ë,Á`¶q¶i¦ì,¾AÀ³¯g:¥½µy©Ê¯«¸g»ÙÃª,,Indication:Treatment of peripheral neuropathy,,¥~ Æ[:²`¬õ/ÂA¬õ¦â½¦Ån¡A¼Ð°OMB.50E¦r¼Ë¡A¤º§t·t¬õ¯»¥½,Appearance:Dark red/bright red capsule¡A marking MB.50E,­G³¡¤£¾A¡B­¹¼¤¤£®¶¡Bäú¤ß¡B¤Uµg¡Bµo¯l¡C,Stomach discomfort¡A loss of appetite¡A nausea¡A diarrhea¡A rash.,,¬Ò¥i¥Î,À±¥i«O½¦Ån500·L¤½§J,METHYCOBAL 500mcg,,,,¬O,,½ÐÁ×¥úÀx¦s©ó°®Àê³±²D³B¡C,­YµL®ÄªGÅã²{¡A¤£À³ªø´Á¨Ï¥Î¡C,Please store it away from light in a cool and dry place.,Avoid long-term use if there is no apparent effect.,±q¨Æ¤ô»È¤Î¨ä¤Æ¦Xª«¦³Ãö¤§Â¾·~ªÌ¡A½ÐÁ×§Kªø´ÁªA¥Î¡C,Occupational workers involved in mercury compounds should avoid long-term use.,202306 Maiyitong 500mcg¯Ê³f´À¥N,¤@¯ë,¤@¯ë,Äµ »y:¥»«~»Ý¸m©óÁ×¥ú³±²D°®Àê³B,SA «÷­µ¬Û¦ü,,0,0,§_,1.0,,§_,¬O,§_,³æ¤è,§_,¥i¥Î,¥i¥Î,¥i¿i,¬O,,1.00,1.00,2.00,2.00,999,999,1,1,4.00,4.00,0,0,,¦³¹Ï¤ù,,0,,0,,B03BA05,,,,,0.50,mg,1.50,mg,CAP,,°·«Oµ¹¥I,°·«Oµ¹¥I,VITAMIN B12 (=MECOBALAMIN),B03BA05,AC296301G0,§_,SolidDrugForm,ORCAP,,,0,,0,,,,PH008,202306071107,2.00,3.00
OMTD22,20230628,99999999,¥i¥Î,Methydur 22mg sustained release,Methydur 22mg sustained release,Methylphenidate,PO,QD,CNEU,CN-02-08,¤fªA,CAP,,«D²Õ®M,,,¤@¯ë¥i¥Î,¬O,¤£¥i¥ÎÃÄ¥]¾÷,±ø¥ó¤Uµ¹¥I,¤@¯ë,Á`¶q¶i¦ì,¾AÀ³¯g:ªvÀøª`·N¤O¤£¨¬¹L°Ê¯g¡C,,Indication:Treat attention deficit hyperactivity disorder.,,¥~ Æ[: ¶À¦â½¦Ån,Appearance: Yellow Capsule,ÀYµh¡A Åé­«´î»´¡A ­¹¼¤¤£®¶¡C¤ß¸õ¹L§Ö¡A ¦åÀ£¼W¥[¡C,Headache¡A weight loss¡A anorexia¡A and heartbeat/blood pressure increase.,,¥u¥Î©óªù¶E¤Î¦í°|STAT,«ä¦³±o«ùÄò©ÊÃÄ®Ä½¦Ån22²@§J,Methydur 22mg Capsule,,,,§_,,À³¾ã²É§]ªA¡A½Ð¤Å«rÄZ©ÎÀ£¸H¡C,­Y¥X²{³±²ô²§±`«k°_¡AÀ³¥ß§Y´NÂå¡C,Do not chew¡A split¡A or crush the capsule.,If there is abnormal penile erection¡A seek medical attention.,ªAÃÄ«á¡A½Ð¤Å¶}¨®©Î¾Þ§@¦MÀI¾÷±ñ¡C,Avoid driving or operating machines after taking the medication.,2023Q2 ÃÄ©e·s¶i,¤@¯ë,¤T¯ÅºÞ¨î,Äµ »y:À³¾ã²É§]ªA¡A¤Á¤Å«rÄZ©ÎÀ£¸H,,,0,0,§_,1.0,,§_,¬O,§_,³æ¤è,§_,¥i¥Î,¥i¥Î,¤£¥i¿i,§_,,1.00,1.00,2.00,2.00,30,30,28,28,2.00,2.00,0,0,,¦³¹Ï¤ù,,0,,0,,N06BA04,,,,,22.00,mg,30.00,mg,CAP,,°·«Oµ¹¥I,°·«Oµ¹¥I,METHYLPHENIDATE,N06BA04,AC60165100,§_,SolidDrugForm,ERCAP12,,,0,,0,,,,PH047,202308161505,55.00,69.00
OMTX,19960101,99999999,¥i¥Î,Methotrexate 2.5mg,Methotrexate 2.5mg,Methotrexate,PO,QW,RACA,ON-02-03,¤fªA,TAB,MTX,«D²Õ®M,,,¤@¯ë¥i¥Î,¬O,¤£¥i¥ÎÃÄ¥]¾÷,,¤@¯ë,Á`¶q¶i¦ì,¾AÀ³¯g:¬°¸­»Ä«ú§Ü¾¯,,Indication:Antineoplastic or rheumatoid arthritis,,¥~ Æ[:²H¶À¦â¶ê«ó§Î¿õ¾¯¡A ¤@­±¦L2.5¡A ¤@­±¦L¤¤¥¡¨è²ª¤ÎM1,Appearance:Light yellow round tablet,¥Õ¦å²y´î¤Ö¡A äú¤ß¡A ¯h­Â¡A ´HÅ¸¡A µo¼ö¡A ·w¯t,Leukopenia¡A nausea¡A fatigue¡A chills & fever¡A dizziness.,,,·À±þ°£ª¢¿õ2.5²@§J,Methotrexate 2.5mg,,,§_,¬O,,¥»«~¬°­«¯gªvÀøÃÄ¡A ½Ð¨Ì·ÓÂå®v«ü¥Ü¨Ï¥Î,,Take this medicine exactly as your doctor ordered.,,,,,¤@¯ë,¤@¯ë,Äµ »y:¥»«~¬°­«¯gªvÀøÃÄª«¡A½Ð¨Ì·ÓÂå®v«ü¥Ü¨Ï¥Î¡C,Äµ °ªÄµ°T,¤fªAÃÄ,,,§_,1.0,,§_,¬O,§_,³æ¤è,§_,¥i¥Î,¥i¥Î,¤£¥i¿i,¬O,,1.00,1.00,10.00,10.00,999,999,1,1,12.00,12.00,0,0,,¦³¹Ï¤ù,,0,,0,,L01BA01,,,,,,,,,TAB,§_,°·«Oµ¹¥I,°·«Oµ¹¥I,METHOTREXATE,L04AX03,BC22726100,§_,SolidDrugForm,ORTAB,¦M®`¤@¯Å(¡I¡I),,,,,,,,PH047,202303141756,4.34,6.00
OMUB,20090330,99999999,°±¥Î,Mubroxol 30mg,Mubroxol 30mg,Ambroxol,PO,TID,ERSP,RE-05-01,¤fªA,TAB,Mucosolvan,«D²Õ®M,°±¥Î,,¤@¯ë¥i¥Î,¬O,¥i¥ÎÃÄ¥]¾÷,¥i¥Î,¤@¯ë,Á`¶q¶i¦ì,¾AÀ³¯g:×¶·ð,,Indication:Expectorant.,,¥~ Æ[:¥Õ¦â¿õ¾¯¡A ¦³CCP/C40¨è²ª,Appearance:White tablet,¯h­Â¡A ¤f´÷¡A ¬y»ó¤ô¡A «K¯µ¡A ±Æ§¿§xÃø¡A ±µÄ²©Ê¥Ö½§ª¢,Fatigue¡A dry mouth¡A rhinorrhea¡A constipation¡A dysuria¡A and contact dermatitis,,¬Ò¥i¥Î,¥­·ð®§¿õ,Mubroxol 30mg,,,§_,¬O,,½Ð¿í·ÓÂå®v«ü¥Ü¨Ï¥Î¡A ­Yµo¥ÍºÃ¦üÃÄª«¤£¨}¤ÏÀ³½Ð§iª¾Âå¥Í,,Follow doctor's advice. Check with doctor if you notice any side effects.,,,,,¤@¯ë,¤@¯ë,Äµ »y:½Ð¿í·ÓÂå®v«ü¥Ü¨Ï¥Î¡A­Yµo¥ÍºÃ¦üÃÄª«¤£¨}¤ÏÀ³½Ð§iª¾Âå¥Í¡C,,,,,§_,1.0,,§_,§_,§_,³æ¤è,§_,°±¥Î,¥i¥Î,¥i¿i,¬O,,1.00,1.00,2.00,2.00,999,999,1,1,6.00,6.00,0,0,,¦³¹Ï¤ù,,0,,0,,R05CB06,,,,,,,,,TAB,,°·«Oµ¹¥I,°·«Oµ¹¥I,AMBROXOL,R05CB06,AC361511G0,§_,SolidDrugForm,ORTAB,,,,,,,,,PH047,202303141756,2.00,3.00
OMUCA,19960101,99999999,°±¥Î,Mucaine,Mucaine,Oxethazaine+Aluminum hydroxide+Magnesium oxide,PO,TIDAC,ALIM,GI-01-01,¤fªA,TAB,Strocaine,«D²Õ®M,¼t°Ó¯Ê³f¡A¥i¬dÃþ¦üÃÄ,,¤@¯ë¥i¥Î,¬O,¥i¥ÎÃÄ¥]¾÷,±ø¥ó¤Uµ¹¥I,¤@¯ë,Á`¶q¶i¦ì,¾AÀ³¯g:­GÃÄ,,Indication:Antacid,,¥~ Æ[:¦LWYETH¡A ¥Õ¦â¶ê§ÎÃÄ¿õ,Appearance:White round tablet,¹L±Ó©Ê¤ÏÀ³¡A ¥Ö½§ª¢¡A ëC³Â¯l¡A ·kÄo¯g¡A ¦Þª¢¡A ¦åºÞ¤ô¸~©Mµê²æ¡A ¸¡Âm¡A «K¯µ,Hypersensitity reactions¡A dermatitis¡A urticaria¡A pruritus¡A glossitis¡A angioedema,,,­G¥d¦]¿õ,Mucaine,,,§_,¬O,,À³¾ã²É§]ªA¡A ¤Á¤Å«rÄZ©ÎÀ£¸H,,Swallow the tablet whole. Do not crush¡A break or chew.,,,,,¤@¯ë,¤@¯ë,Äµ »y:À³¾ã²É§]ªA¡A¤Á¤Å«rÄZ©ÎÀ£¸H,,,,,§_,1.0,,¬O,¬O,§_,½Æ¤è,§_,¥i¥Î,°±¥Î,¥i¿i,¬O,,1.00,1.00,3.00,3.00,999,999,0,1,8.00,8.00,0,0,,¦³¹Ï¤ù,,0,,0,,C05AD06,A02AA01,A02AB01,,,,,,,TAB,§_,°·«Oµ¹¥I,°·«Oµ¹¥I,OXETHAZAINE 5MG + ALUMINUM HYDROXIDE 124.9MG + MAGNESIUM CARBONATE 83.8MG,A02AX,AC423661G0,§_,SolidDrugForm,ORTAB,,,,,,,,,PH006,202307281209,2.00,3.00
OMUCR,19960101,99999999,°±¥Î,Mucora 30mg,Mucora 30mg,Iodopropylidene Glycerol,PO,,ERSP,RE-05-01,¤fªA,TAB,Mucora,«D²Õ®M,°±¥Î,,¤@¯ë¥i¥Î,¬O,¤£¥i¥ÎÃÄ¥]¾÷,,¤@¯ë,Á`¶q¶i¦ì,¾AÀ³¯g:¬°¤Æ·ð¾¯,,Reduce the viscosity of sputum and expectorant,,¥~ Æ[:¥Õ¦â¶ê«ó§Î¿õ¾¯,Appearance:White Round Tablet,,,,,¼}¨Î¼Ö,Mucora 30mg,,,§_,¬O,,,,,,,,,¤@¯ë,¤@¯ë,Äµ »y:Ãh¥¥¡B±Â¨Åªº°ü¤k¤£¥i¨Ï¥Î¥»«~,,,,,§_,1.0,,§_,§_,§_,³æ¤è,§_,°±¥Î,¥i¥Î,¥i¿i,¬O,,1.00,1.00,2.00,2.00,999,999,1,1,0,0,0,0,,µL¹Ï¤ù,,0,,0,,,,,,,,,,,TAB,§_,°·«Oµ¹¥I,°·«Oµ¹¥I,IODINATED GLYCEROL,R05CB91,A028800100,§_,SolidDrugForm,ORTAB,,,,,,,,,PH047,202303141756,4.84,6.00
OMUCS,19960101,99999999,°±¥Î,Mucosolvan 30mg,Mucosolvan 30mg,Ambroxol,PO,,ERSP,RE-05-01,¤fªA,TAB,Mucosolvan,«D²Õ®M,°±¥Î,,¤@¯ë¥i¥Î,¬O,¤£¥i¥ÎÃÄ¥]¾÷,,¤@¯ë,Á`¶q¶i¦ì,¾AÀ³¯g:¬°¤Æ·ð¾¯,,Reduce the viscosity of sputum and expectorant,,¥~ Æ[:¥Õ¦â¶ê«ó§Î¿õ¾¯¤¤¥¡¨è²ª¦L67C,Appearance:White Round Tablet,,,,,¨NµÎ·ð,Mucosolvan 30mg,,,§_,¬O,,,,,,,,,¤@¯ë,¤@¯ë,Äµ »y:½Ð¿í·ÓÂå®v«ü¥Ü¨Ï¥Î¡A­Yµo¥ÍºÃ¦üÃÄª«¤£¨}¤ÏÀ³½Ð§iª¾Âå¥Í¡C,,,,,§_,1.0,,§_,§_,§_,³æ¤è,§_,°±¥Î,¥i¥Î,¥i¿i,¬O,,1.00,1.00,2.00,2.00,999,999,1,1,0,0,0,0,,µL¹Ï¤ù,,0,,0,,,,,,,,,,,TAB,§_,°·«Oµ¹¥I,°·«Oµ¹¥I,AMBROXOL,R05CB06,AC284531G0,§_,SolidDrugForm,ORTAB,,,,,,,,,PH047,202303141756,2.00,3.00
OMUL,20200305,99999999,¥i¥Î,Multaq 400mg,Multaq 400mg,Dronedarone,WM,BID,CAVS,CV-01-02,¤fªA,TAB,Multaq,«D²Õ®M,Á{±ÄÃÄ¡A½Ð³qª¾ÃÄ§½¥~ÁÊ,,¥»°|Á{±Ä²M³æ,¬O,¤£¥i¥ÎÃÄ¥]¾÷,±ø¥ó¤Uµ¹¥I,¤@¯ë,Á`¶q¶i¦ì,¾AÀ³¯g:¤ß«ß¤£¾ã,,Indication:Antiarrhythmias,,¥~ Æ[:¥Õ¦â¾ò¶ê§Î½¤¦ç¿õ¡A¦³ªi®ö¤Î4142¼Ð¥Ü.,Appearance:White elliptic tablet¡A waves/4142 marked.,¤ß¸õÅÜºC¡A¸¡Âm¡Aäú¤ß¡A¹Ã¦R¡A¸¡³¡¯kµh¡A¬õ¯l,Bradycardia¡A diarrhea¡A nausea¡A vomiting¡A abdominal pain¡A rash,,¬Ò¥i¥Î,¯ß®õ§J½¤¦ç¿õ400²@§J,Multaq 400mg film-coated,,,,¬O,,Åé­«¼W¥[¡A¤ô¸~©Î©I§l«æ«P±¡§Î¥[­«,¶·¥ß§Y¦^¶E.,Return to the hospital immediately if weight gain¡A edema¡A,or shortness of breath,­¹ª«¥æ¤¬§@¥Î: ªAÃÄ´Á¶¡Á×§K­¹¥Î¸²µå¬c¥Ä,Food interaction: Avoid grapefruit juice,2020/03­Ó®×Á{±Ä¡A2020¦~6¤ë³q¹LÁ{±Ä²M³æ,¤@¯ë,¤@¯ë,Åé­«¼W¥[¡A¤ô¸~©Î©I§l«æ«P±¡§Î¥[­«¡A¶·¥ß§Y¦^¶E.,,,0,0,§_,1.0,,§_,¬O,¬O,³æ¤è,§_,¥i¥Î,¥i¥Î,¥i¿i,¬O,,1.00,1.00,1.00,1.00,999,999,28,7,2.00,2.00,0,0,,¦³¹Ï¤ù,,0,,0,,C01BD07,,,,,0,,0,,TAB,,°·«Oµ¹¥I,°·«Oµ¹¥I,DRONEDARONE,C01BD07,BC25224100,§_,SolidDrugForm,ORTAB,¦M®`¤G¯Å(¡I),,0,,0,,,,PH047,202402140534,46.60,61.00
OMUS,19960101,99999999,°±¥Î,MusCalm S 50mg,MusCalm S 50mg,Tolperisone,PO,TID,CNEU,CN-03-02,¤fªA,TAB,Topownan,«D²Õ®M,°±¥Î,,¤@¯ë¥i¥Î,¬O,¤£¥i¥ÎÃÄ¥]¾÷,,¤@¯ë,Á`¶q¶i¦ì,¾AÀ³¯g:¬°¦Ù¦×ÃP¦¢¾¯,,Indication:Muscle relaxant,,¥~ Æ[:¥Õ¦â¶ê§ÎÃÄ¿õ¡A ¤@­±¦LNKM,Appearance:White Round Tablet,¥Ö½§¬õ¯l¡A ÀY·w¡A äú¤ß¡A ¹Ã¦R¡A ¸¡Âm¡A ¦Ù¦×»Äµh¡A ¶ÝºÎ¡A §C¦åÀ£,skin rash; dizzy; vomiting; diarrhea; muscle pain; sleepy; low blood pressure,,,±æ½ç±d·R´µ,MusCalm S 50mg,,,§_,¬O,,³¡¤À¤H¨Ï¥Î«á¥i¯à¤Þ°_¯h­Â¡A µtºÎªº²{¶H,,May cause fatigue¡A sleepiness.,,,,,¤@¯ë,¤@¯ë,Äµ »y:³¡¤À¤H¨Ï¥Î«á¥i¯à¤Þ°_¯h­Â¡BµtºÎªº²{¶H,,,,,§_,1.0,,§_,§_,§_,³æ¤è,§_,°±¥Î,¥i¥Î,¥i¿i,¬O,,1.00,1.00,1.00,1.00,999,999,1,1,0,0,0,0,,¦³¹Ï¤ù,,0,,0,,M03BX04,,,,,,,,,TAB,§_,°·«Oµ¹¥I,°·«Oµ¹¥I,TOLPERISONE,M03BX04,B019125100,§_,SolidDrugForm,ORTAB,,,,,,,,,PH047,202303141756,2.01,3.00
OMYC,20101001,99999999,°±¥Î,Mycros 0.5mg,Mycros 0.5mg,Metolazone,PO,QD,CAVS,CV-03-01,¤fªA,TAB,Mykrox,«D²Õ®M,°±¥Î,,¤@¯ë¥i¥Î,¬O,¤£¥i¥ÎÃÄ¥]¾÷,¥i¥Î,¤@¯ë,Á`¶q¶i¦ì,¾AÀ³¯g:§Q§¿©Ê­°¦åÀ£ÃÄ,,Indication:Treatment of hypertension and edema,,¥~ Æ[:¥Õ¦â¶ê«ó§Î¿õ¾¯¡A¤@­±¦³OEP¡A¤@­±¦³13,Appearance:White round tablet,©Ê¥\¯à»ÙÃª¡A ¸¡Âm¡A ¥Ñª×§¤«º°_¥ß®É·|ÀY·w¡A µL­¹¼¤,Sexual problem¡A diarrhea¡A dizzy when getting up from a lying or sitting position,,¬Ò¥i¥Î,¯ß¥i¬¥¾A¿õ,Mycros 0.5mg,,,¬O,¬O,,¥i¯à¤Þ°_¯t·w¡A ÀYµh¡A ¦Ù¦×µjÅË¡A ¯h­Â¡A Ãö¸`µh¡A ¯Ýµh,,May cause dizziness¡A headache¡A muscle cramps¡A weakness¡A neuropathy.,,,,,¤@¯ë,¤@¯ë,Äµ »y:¥i¯à¤Þ°_¯t·w¡BÀYµh¡B¦Ù¦×µjÅË¡B¯h­Â¡BÃö¸`µh¡B¯Ýµh,,,,,§_,1.0,,¬O,§_,§_,³æ¤è,§_,¥i¥Î,¥i¥Î,¥i¿i,¬O,,1.00,1.00,10.00,10.00,999,999,1,1,40.00,40.00,0,0,,¦³¹Ï¤ù,,0,,0,,C03BA08,,,,,,,,,TAB,,°·«Oµ¹¥I,°·«Oµ¹¥I,METOLAZONE,C03BA08,AC50772100,§_,SolidDrugForm,ORTAB,,,,,,,,,PH047,202303141757,2.58,4.00
OMYK,19960101,99999999,°±¥Î,Mykrox 0.5mg,Mykrox 0.5mg,Metolazone,PO,QD,CAVS,CV-03-01,¤fªA,TAB,Mykrox,«D²Õ®M,°±¥Î,OMYC,¤w°±¥Î,¬O,¤£¥i¥ÎÃÄ¥]¾÷,,¤@¯ë,Á`¶q¶i¦ì,¾AÀ³¯g:§Q§¿©Ê­°¦åÀ£ÃÄ,,Indication:Treatment of hypertension and edema,,¥~ Æ[:¥Õ¦â¶ê«ó§Î¿õ¾¯¡A¤@­±¦³MYKROX¡A¤@­±¦³1/2,Appearance:White Round Tablet,,,,,³Á¥i¾A,Mykrox 0.5mg,,,§_,¬O,,,,,,,,,¤@¯ë,¤@¯ë,Äµ »y: ½Ð¿íÂå®v«ü¥Ü«ö®É¥ÎÃÄ¡A¤Å¦Û¦æ§ïÅÜ¾¯¶q¡B¥Îªk©Î¥ô·N°±ÃÄ¡C,,,,,§_,1.0,,§_,§_,§_,³æ¤è,§_,¥i¥Î,¥i¥Î,¥i¿i,¬O,,1.00,1.00,4.00,4.00,999,999,1,1,0,0,0,0,,¦³¹Ï¤ù,,0,,0,,,,,,,,,,,TAB,§_,°·«Oµ¹¥I,°·«Oµ¹¥I,METOLAZONE,C03BA08,B018332100,§_,SolidDrugForm,ORTAB,,,,,,,,,PH047,202303141757,6.30,8.00
OMYL,19960101,99999999,°±¥Î,Myleran (Busulphan) 2mg,Myleran (Busulphan) 2mg,Busulphan,PO,,RACA,ON-01-09,¤fªA,TAB,Busulfan,«D²Õ®M,°±¥Î,,¤w°±¥Î,¬O,¤£¥i¥ÎÃÄ¥]¾÷,,¤@¯ë,Á`¶q¶i¦ì,¾AÀ³¯g:¬°§Ü¸~½FÃÄ,,,,,,,,,,,Myleran (Busulphan) 2mg,,,§_,¬O,,,,,,,,,¤@¯ë,¤@¯ë,,,,,,§_,1.0,,§_,§_,§_,³æ¤è,§_,¥i¥Î,¥i¥Î,¥i¿i,¬O,,1.00,1.00,999.00,999.00,999,999,1,1,0,0,0,0,,µL¹Ï¤ù,,0,,0,,,,,,,,,,,TAB,§_,°·«Oµ¹¥I,°·«Oµ¹¥I,BUSULFAN,L01AB01,B009115100,§_,SolidDrugForm,ORTAB,,,,,,,,,PH047,202303141757,6.90,9.00
OMYLI,20050317,99999999,°±¥Î,Mylin 40mg,Mylin 40mg,Ginkgo Biloba,PO,,CAVS,CV-11-00,¤fªA,TAB,Cerenin,«D²Õ®M,°±¥Î,OGIN9,¤@¯ë¥i¥Î,¬O,¥i¥ÎÃÄ¥]¾÷,¥i¥Î,¤@¯ë,Á`¶q¶i¦ì,¾AÀ³¯g:¬°¥½±é´`Àô§ïµ½¾¯,,Treatment of peripheral circulatory disorders,,¥~ Æ[:¾í¶À¦â¶ê¥Y§Î¿õ¾¯¡A¤@­±¦LG¡A ¤@­±¦LSD T84,Appearance:Yellow Round Tablet,,,,¬Ò¥i¥Î,¯ß§Q,Mylin 40mg,,,§_,¬O,,,,,,,,,¤@¯ë,¤@¯ë,Äµ »y:½Ð¿í·ÓÂå®v«ü¥Ü¨Ï¥Î¡A­Yµo¥ÍºÃ¦üÃÄª«¤£¨}¤ÏÀ³½Ð§iª¾Âå¥Í¡C,,,,,§_,1.0,,§_,§_,§_,³æ¤è,§_,°±¥Î,¥i¥Î,¥i¿i,¬O,,1.00,1.00,2.00,2.00,99,99,1,1,0,0,0,0,,µL¹Ï¤ù,,0,,0,,N06DX02,,,,,,,,,TAB,§_,°·«Oµ¹¥I,°·«Oµ¹¥I,GINKGO BILOBA EXTRACT,N06DX02,A035515100,§_,SolidDrugForm,ORTAB,,,,,,,,,PH047,202303141757,2.52,4.00
ONAHCO3,20080723,99999999,¥i¥Î,NaHCO3 300mg,NaHCO3 300mg,Sodium Bicarbonate,PO,TID,ALIM,GI-01-01,¤fªA,TAB,Sodium Bicarbonate,«D²Õ®M,,,¤@¯ë¥i¥Î,¬O,¥i¥ÎÃÄ¥]¾÷,±ø¥ó¤Uµ¹¥I,¤@¯ë,Á`¶q¶i¦ì,¾AÀ³¯g:­G»Ä¹L¦h¡A »Ä¤¤¬r,,Indication:Antacid & treatment of acidosis,,¥~ Æ[:¥Õ¦â¶ê«ó§Î¿õ¾¯¡A ¤@­±¦LAS 368¡A ¤@­±¦³¤¤¥¡¨è²ª,Appearance:White round tablet,¥NÁÂ©ÊÆP¤¤¬r¡A ±¡ºü§ïÅÜ¡A ¯h­Â¡A ©I§lµu«P,Metabolic alkalosis; mood changes¡A tiredness¡A shortness of breath,,¬Ò¥i¥Î,ºÒ»Ä²B¶u¿õ,NaHCO3 300mg,,,§_,¬O,,½Ð¿í·ÓÂå®v«ü¥Ü¨Ï¥Î¡A ­Yµo¥ÍºÃ¦üÃÄª«¤£¨}¤ÏÀ³½Ð§iª¾Âå¥Í,,Follow doctor's advice. Check with doctor if you notice any side effects.,,,,,¤@¯ë,¤@¯ë,Äµ »y:½Ð¿í·ÓÂå®v«ü¥Ü¨Ï¥Î¡A­Yµo¥ÍºÃ¦üÃÄª«¤£¨}¤ÏÀ³½Ð§iª¾Âå¥Í¡C,,¤fªAÃÄ,,,§_,1.0,,§_,¬O,§_,³æ¤è,§_,¥i¥Î,¥i¥Î,¥i¿i,¬O,,1.00,1.00,6.00,6.00,999,999,1,1,53.00,53.00,0,0,,¦³¹Ï¤ù,,0,,0,,A02AH,,,,,,,,,TAB,§_,°·«Oµ¹¥I,°·«Oµ¹¥I,SODIUM BICARBONATE,A02AH,AC21923100,§_,SolidDrugForm,ORTAB,,,,,,,,,PH047,202303141757,1.50,3.00
ONAL,20200215,99999999,¥i¥Î,Naltrexone 50mg (±M®×¶i¤f),Naltrexone 50mg (±M®×¶i¤f),Naltrexone,PO,QD,ZADT,AD-02-00,¤fªA,TAB,Naltrexone (¯Ç¦±à¬),«D²Õ®M,°±¥Î,ONOT,±M®×¶i¤fÃÄ«~,¬O,¤£¥i¥ÎÃÄ¥]¾÷,°·«O¤£µ¹¥I,¤@¯ë,Á`¶q¶i¦ì,¾AÀ³¯g:¥Î©ó°sºë¦¨Å}§ÙÂ_¤§»²§UªvÀø,,Indication:Alcohol use disorder,,¥~ Æ[:²H¾ï¦âªø¾ò¶ê¿õ¾¯,Appearance:Light orange elliptic tablet,äú¤ß¡B¹Ã¦R¡BÀYµh¡BºÎ¯v»ÙÃª¡BÀY·w,Nausea¡A vomiting¡A headache¡A insomnia¡A dizziness,,¬Ò¥i¥Î,Naltrexone 50mg (±M®×¶i¤f),Naltrexone 50mg (±M®×¶i¤f),,,,¬O,,ªAÃÄ«á¡A ½Ð¤Å¶}¨®©Î¾Þ§@¦MÀI¾÷±ñ,,Be careful driving or operating machinery.,,¦p±z¥¿¦b¨Ï¥Î¥ô¦ó¶Ü°ØÃþ»s¾¯¡A½Ð°È¥²§iª¾Âå®v¡C,If you are using opioid medicine¡A you should tell your doctor.,2022¦~¼t°Ó°±¤î¶i¤f,¤@¯ë,¤@¯ë,,,,0,0,§_,1.0,,§_,¬O,§_,³æ¤è,,°±¥Î,°±¥Î,¤£¥i¿i,¬O,,1.00,1.00,1.00,1.00,999,999,28,28,1.00,1.00,0,0,,¦³¹Ï¤ù,,0,,0,,N07BB04,,,,,0,,0,,TAB,,¤£µ¹¥I¶·¦Û¥I,¤£µ¹¥I¶·¦Û¥I,,,,,SolidDrugForm,ORTAB,,,0,,0,,,,PH008,202205121026,0,106.00
ONAT,19960101,99999999,¥i¥Î,Natrilix SR 1.5mg,Natrilix SR 1.5mg,Indapamide,PO,QD,CAVS,CV-03-01,¤fªA,TAB,Natrilix SR,«D²Õ®M,,,¤@¯ë¥i¥Î,¬O,¤£¥i¥ÎÃÄ¥]¾÷,,¤@¯ë,Á`¶q¶i¦ì,¾AÀ³¯g:§Q§¿©Ê­°¦åÀ£ÃÄ,,Indication:Treatment of hypertension,,¥~ Æ[:¥Õ¦â¶ê§Î¿õ¾¯¡A ¾Tºä¥]¸Ë,Appearance:White round tablet,¤f°®¡A ±¡ºü§ïÅÜ¡A ¦Ùµh¡A äú¤ß©Î¹Ã¦R¡A ¯h³Ò,Dry mouth¡A mood or mental changes¡A muscle cramps or pain¡A nausea or vomiting.,,,¶u¶ÊÂ÷ «ùÄò©ÊÃÄ®Ä½¤¦ç¿õ1.5²@§J,Natrilix SR 1.5mg,,,§_,§_,,¹ïÁDÓiÃÄ¹L±ÓªÌ¸T¥Î,,Notify your doctor if you are allergic to sulfa drugs.,,,,,¤@¯ë,¤@¯ë,Äµ »y:¹ïÁDÓiÃÄ¹L±ÓªÌ¸T¥Î,,,,,§_,1.0,,§_,¬O,§_,³æ¤è,§_,¥i¥Î,¥i¥Î,¤£¥i¿i,¬O,,1.00,1.00,3.00,3.00,999,999,1,1,6.00,6.00,0,0,,¦³¹Ï¤ù,,0,,0,,C03BA11,,,,,,,,,TAB,§_,°·«Oµ¹¥I,°·«Oµ¹¥I,INDAPAMIDE,C03BA11,BC223871G0,§_,SolidDrugForm,ERTAB12,,,,,,,,,PH034,202204141903,2.00,3.00
ONAV2,20080618,99999999,¥i¥Î,Navelbine 20mg (Á{±Ä),Navelbine 20mg,Vinorelbine,WM,QW,RACA,ON-04-02,¤fªA,CAP,Navelbine,«D²Õ®M,Á{±ÄÃÄ¡A½Ð³qª¾ÃÄ§½¥~ÁÊ,,¤@¯ë°ª»ùÃÄ,¬O,¤£¥i¥ÎÃÄ¥]¾÷,±ø¥ó¤Uµ¹¥I,¤@¯ë,Á`¶q¶i¦ì,¾AÀ³¯g:«D¤p²Ó­MªÍÀù¡A Âà²¾©Ê¨ÅÀù,,Indication:Cancer therapy.,,¥~ Æ[: ²L´Ä¦â³n½¦Ån,Appearance:Light brown capsule,³h¦å¡Bäú¤ß¹Ã¦R¡B¹½­¹¡B­Gª¢,Anemia¡A nausea¡A vomiting¡A diarrhea¡A anorexia¡A stomatitis,,¬Ò¥i¥Î,·Å¿Õ¥­³n½¦Ån,Navelbine 20mg,,,§_,§_,,¥»«~¬°­«¯gªvÀøÃÄ¡A½Ð¨Ì·ÓÂå®v«ü¥Ü¨Ï¥Î,,Take this medicine exactly as your doctor ordered.,,½Ðª`·N¥»«~¶·§NÂÃ2-8¢J¡C¥»«~¥²¶·¥H¤ô¾ãÁû§]ªA¡C,Store in a refrigerator (2-8¢XC). Must be swallowed whole with water.,,¤@¯ë,¤ÆÀø,Äµ »y:¥»«~¬°­«¯gªvÀøÃÄª«¡A½Ð¨Ì·ÓÂå®v«ü¥Ü¨Ï¥Î¡C,Äµ °ªÄµ°T,,,,§_,1.0,,§_,¬O,§_,³æ¤è,§_,¥i¥Î,¥i¥Î,¤£¥i¿i,¬O,,1.00,1.00,8.00,8.00,999,999,1,1,8.00,8.00,0,0,,¦³¹Ï¤ù,,0,,0,,L01CA04,,,,,,,,,CAP,§_,°·«Oµ¹¥I,°·«Oµ¹¥I,VINORELBINE,L01CA04,BC24269100,§_,SolidDrugForm,ORCAP,¦M®`¤@¯Å(¡I¡I),,,,,,,,PH047,202303141757,2272.00,2726.00
ONAV3,20080626,99999999,¥i¥Î,NAVELBINE 30mg,NAVELBINE 30mg,Vinorelbine,WM,QW,RACA,ON-04-02,¤fªA,CAP,NAVELBINE,«D²Õ®M,,,¤@¯ë¥i¥Î,¬O,¤£¥i¥ÎÃÄ¥]¾÷,±ø¥ó¤Uµ¹¥I,¤@¯ë,Á`¶q¶i¦ì,¾AÀ³¯g:«D¤p²Ó­MªÍÀù¡A Âà²¾©Ê¨ÅÀù,,Indication:Cancer therapy.,,¥~ Æ[:¯»¬õ¦â³n½¦Ån,Appearance:Pink capsule,³h¦å¡A äú¤ß¡A ¹Ã¦R¡A¸¡Âm¡A ¹½­¹¡A ­Gª¢,Anemia¡A nausea¡A vomiting¡A diarrhea¡A anorexia¡A stomatitis,,¬Ò¥i¥Î,·Å¿Õ¥­³n½¦Ån,NAVELBINE 30mg,,,§_,§_,,¥»«~¬°­«¯gªvÀøÃÄ¡A ½Ð¨Ì·ÓÂå®v«ü¥Ü¨Ï¥Î,,Take this medicine exactly as your doctor ordered.,,½Ðª`·N¥»«~¶·§NÂÃ2-8¢J¡C¥»«~¥²¶·¥H¤ô¾ãÁû§]ªA¡C,Store in a refrigerator (2-8¢XC). Must be swallowed whole with water.,,¤@¯ë,¤ÆÀø,Äµ »y:¥»«~¬°­«¯gªvÀøÃÄª«¡A½Ð¨Ì·ÓÂå®v«ü¥Ü¨Ï¥Î¡C,Äµ °ªÄµ°T,,,,§_,1.0,,§_,¬O,§_,³æ¤è,§_,¥i¥Î,¥i¥Î,¤£¥i¿i,¬O,,1.00,1.00,6.00,6.00,999,999,1,1,6.00,6.00,0,0,,¦³¹Ï¤ù,,0,,0,,L01CA04,,,,,,,,,CAP,§_,°·«Oµ¹¥I,°·«Oµ¹¥I,VINORELBINE,L01CA04,BC24268100,§_,SolidDrugForm,ORCAP,¦M®`¤@¯Å(¡I¡I),,,,,,,,PH047,202311211447,3287.00,3944.00
ONEG,19960101,99999999,°±¥Î,Negram 500mg,Negram 500mg,Nalidixic Acid,PO,,QANB,AI-01-08,¤fªA,TAB,Negacide,«D²Õ®M,°±¥Î,ONIC,¤@¯ë¥i¥Î,¬O,¤£¥i¥ÎÃÄ¥]¾÷,,¤@¯ë,Á`¶q¶i¦ì,¾AÀ³¯g:²Óµß©Ê·P¬V,,,,,,,,,,,Negram 500mg,,,§_,¬O,,,,,,,,,¤@¯ë,¤@¯ë,Äµ »y: ½Ð©ó¶º«e¤@¤p®É©Î¶º«á¨â¤p®ÉªA¥Î¡A¤Å»P¤@¯ë­GÃÄ¦PªA¡C,,,,,§_,1.0,,§_,§_,§_,³æ¤è,§_,¥i¥Î,¥i¥Î,¥i¿i,¬O,,1.00,1.00,999.00,999.00,999,999,1,1,0,0,0,0,,µL¹Ï¤ù,,0,,0,,J01MB02,,,,,,,,,TAB,§_,°·«Oµ¹¥I,°·«Oµ¹¥I,NALIDIXIC ACID,J01MB02,B021473100,§_,SolidDrugForm,ORTAB,,,,,,,,,PH047,202401261329,6.40,8.00
ONEO,19960101,99999999,¥i¥Î,Neomycin 250mg,Neomycin 250mg,Neomycin,PO,Q6H,QANB,AI-01-03,¤fªA,CAP,Neomycin,«D²Õ®M,,,¤@¯ë¥i¥Î,¬O,¥i¥ÎÃÄ¥]¾÷,,¤@¯ë,Á`¶q¶i¦ì,¾AÀ³¯g:¸z¹D§½³¡±þµß§@¥Î,,Indication:Antibiotic for infection,,¥~ Æ[: ·t¬õ»P²L¾ï¦â½¦Ån,Appearance:Red/orange capsule,®ø¤Æ¤£¨}¡A äú¤ß¡A ¸¡Âm,Dyspepsia¡A nausea¡A diarrhea.,,,¯Ã¶øÅð¯À,Neomycin 250mg,,,§_,¬O,,½Ð¿í«ü¥ÜªA§¹¾ã­ÓÀøµ{¡A ­Yµo¥Í¥ÎÃÄ¤£¨}¤ÏÀ³½Ð§iª¾Âå¥Í,,Follow doctor's advice. Check with doctor if you notice any side effects.,,,,,¤@¯ë,¤@¯ë,Äµ »y:½Ð¿í«ü¥ÜªA§¹¾ã­ÓÀøµ{¡A­Yµo¥Í¥ÎÃÄ¤£¨}¤ÏÀ³½Ð§iª¾Âå¥Í¡C,LA ¥~Æ[¬Û¦ü,,,,§_,1.0,,§_,¬O,§_,³æ¤è,§_,°±¥Î,°±¥Î,¥i¿i,¬O,,1.00,1.00,4.00,4.00,7,7,0,1,48.00,48.00,0.40,0.12,,¦³¹Ï¤ù,,0,,0,,J01GB05,,,,,0.25,g,1.00,g,CAP,§_,°·«Oµ¹¥I,°·«Oµ¹¥I,NEOMYCIN,J01GB05,AC11518100,§_,SolidDrugForm,ORCAP,,,,,,,,,PH047,202311301531,1.88,3.00
ONEOT,19960101,99999999,¥i¥Î,Neotigason 10mg,Neotigason 10mg,Acitretin,PO,QDPC,TDER,DE-09-00,¤fªA,CAP,Neotigason,«D²Õ®M,,,¤@¯ë¥i¥Î,¬O,¤£¥i¥ÎÃÄ¥]¾÷,±ø¥ó¤Uµ¹¥I,¤@¯ë,Á`¶q¶i¦ì,¾AÀ³¯g:ÄY­«©Ê¤û¥ÖÅ~¡A ¥Ö½§¨¤¤Æ¯gµ¥,,Indication:Psoriasis¡A disorders of keratinization.,,¥~ Æ[:·t¬õ¾í/¥Õ¦âªø¶ê¬W§Îµw½¦Ån,Appearance:Red/white cylinder hard capsule,»ó¥X¦å¡A »óª¢¡A ®Bª¢¡A ¤f°®,Nosebleeds¡A rhinitis¡A cheilitis¡A dry mouth,,,·s©w±dÅ~½¦Ån,Neotigason 10mg,,,§_,§_,½Ã±Ð³æ¤­,Ãh¥¥¡A ±Â¨Åªº°ü¤k¤£¥i¨Ï¥Î¥»«~,°±ÃÄ«á¤´¥²¶·«ùÄòÁ×¥¥3¦~¡C,Not recommended during pregnancy or breastfeeding.,Pregnancy must be avoided for at least 3 years after treatment discontinuation,ªAÃÄ´Á¶¡¤£¥i¶¼°s¡A¨ÃÀ³Á×§K­¹¥Î§t°sºëªº­¹«~¡C,Concomitant use of ethanol or ethanol-containing products is contraindicated.,,¤@¯ë,¤@¯ë,Äµ »y:Ãh¥¥¡B±Â¨Åªº°ü¤k¤£¥i¨Ï¥Î¥»«~,­¹ ­¹ª«¥æ¤¬,,,,§_,1.0,,§_,¬O,§_,³æ¤è,§_,¥i¥Î,¥i¥Î,¤£¥i¿i,¬O,,1.00,1.00,5.00,5.00,999,999,1,1,8.00,8.00,0,0,,¦³¹Ï¤ù,,0,,0,,D05BB02,,,,,,,,,CAP,§_,°·«Oµ¹¥I,°·«Oµ¹¥I,ACITRETIN,D05BB02,BC22118100,§_,SolidDrugForm,ORCAP,¦M®`¤G¯Å(¡I),,,,,,,,PH084,202403062059,37.20,48.00
ONEOV,19960101,99999999,°±¥Î,Neo-Vibon 50mg,Neo-Vibon 50mg,TTFD,PO,,NUTR,NU-02-00,¤fªA,TAB,,«D²Õ®M,°±¥Î,OALI,¤@¯ë¥i¥Î,¬O,¥i¥ÎÃÄ¥]¾÷,,¤@¯ë,Á`¶q¶i¦ì,¾AÀ³¯g:ºû¥Í¯ÀB1¯Ê¥F¯g­Ô¸s,,,,,,,,,,,Neo-Vibon 50mg,,,§_,¬O,,,,,,,,,¤@¯ë,¤@¯ë,,,,,,§_,1.0,,§_,§_,§_,³æ¤è,§_,¥i¥Î,¥i¥Î,¥i¿i,¬O,,1.00,1.00,999.00,999.00,999,999,1,1,0,0,0,0,,µL¹Ï¤ù,,0,,0,,,,,,,,,,,TAB,§_,°·«Oµ¹¥I,°·«Oµ¹¥I,VITAMIN B1 50MG + VITAMIN B2 2-5MG,A11EA,N003418100,§_,SolidDrugForm,ORTAB,,,,,,,,,PH047,202303141757,0.90,2.00
ONER,20210915,99999999,¥i¥Î,Nerlynx 40 mg (180 tablets/bot),Nerlynx 40 mg (180 tablets/bot),Neratinib,PC,QD,RACA,ON-08-08,¤fªA,TAB,Nerlynx,«D²Õ®M,Á{±ÄÃÄ¡A½Ð³qª¾ÃÄ§½¥~ÁÊ,,¥»°|Á{±Ä²M³æ,¬O,¥i¥ÎÃÄ¥]¾÷,°·«O¤£µ¹¥I,¤@¯ë,Á`¶q¶i¦ì,¾AÀ³¯g:¨ÅÀùªº»²§UªvÀø,,Indication: Breast cancer of adjuvant therapy.,,¥~ Æ[:¬õ¦â¾ò¶ê§ÎÃÄ¿õ¡A¤W¦³W104¼Ð°O,Appearance:Red elliptic tablet¡A with W104 marked.,¸¡Âm¡Aäú¤ß¡A¸¡µh¡A¯h­Â¡A¹Ã¦R,Diarrhea¡A nausea¡A abdominal pain¡A tiredness¡A vomiting,,¥u¥Î©óªù¶E¤Î¦í°|STAT,¶PÄ×¦w½¤¦ç¿õ40²@§J,Nerlynx 40 mg (180 Áû/²°),,,,§_,,ªAÃÄ´Á¶¡¤£¥i¨Ï¥Î¸²µå¬c¤Î¨ä»s«~,¥»ÃÄÀ³¾ã¿õ§]ªA¡A¤£¥i«r¸H©Î¼·¥b¡C,Avoid grapefruit and its products during the medication,Swallow whole¡A do not chew/crush.,µo¥Í­««×¸¡Âm©Î»Pµê®z¡BÀY·w©Îµo¿N¬ÛÃöªº¸¡Âm¡AÀ³¥ß§Y´NÂå,Inform your healthcare immediately if severe diarrhea/weakness/dizziness/fever,2021Q3ÃÄ©e·s¤JÁ{±Ä²M³æ,¤@¯ë,¤@¯ë,ªAÃÄ´Á¶¡¤£¥i¨Ï¥Î¸²µå¬c¤Î¨ä»s«~,,,0,0,§_,180.0,,§_,¬O,§_,³æ¤è,,°±¥Î,,¤£¥i¿i,¬O,,6.00,6.00,6.00,6.00,999,999,28,7,6.00,6.00,0,0,,µL¹Ï¤ù,,0,,0,,L01EH02,,,,,0,,0,,BOT,,¤£µ¹¥I¶·¦Û¥I,¤£µ¹¥I¶·¦Û¥I,,,,,SolidDrugForm,ORTAB,¦M®`¤@¯Å(¡I¡I),,0,,0,,,,PH034,202204131805,0,241920.00
ONES,20180917,99999999,¥i¥Î,NESINA 25mg,NESINA 25mg,Alogliptin,PO,QD,META,ME-02-06,¤fªA,TAB,Nesina,«D²Õ®M,,,¤@¯ë¥i¥Î,¬O,¤£¥i¥ÎÃÄ¥]¾÷,±ø¥ó¤Uµ¹¥I,¤@¯ë,Á`¶q¶i¦ì,¾AÀ³¯g:²Ä¤G«¬¿}§¿¯f,,Indication:Type 2 diabetes.,,¥~ Æ[:²L¬õ¦â¾ò¶ê«¬ÃÄ¿õ¡A¤@­±¦³TAK ALG-25,Appearance:Light red elliptic tablet¡A marking: TAK ALG-25,ÀYµh¡A¦å²MALT¤É°ª¡A»ó«|ª¢¡A¤W©I§l¹D·P¬V,Headache¡A increased serum ALT¡A nasopharyngitis¡Aupper respiratory tract infection,,¬Ò¥i¥Î,­@ÄÀ¿}½¤¦ç¿õ25²@§J,NESINA 25mg,,,§_,¬O,,­Y¥X²{¥ô¦ó°Æ§@¥Î¼x¶HÀ³¥ß§Y»PÂå®vÁpÃ´¡C,(¨x¥\¯à²§±`: ²§±`¯h­Â¡B¥Ö½§ÅÜ¶À¡B§¿²GÅÜ²`¡BÁT«KÅÜ¥Õ),Check with doctor if you notice any side effects.,(Signs of liver dysfunction: unusual fatigue¡Ajaundice¡A dark urine¡A or pale stool,ªAÃÄ´Á¶¡­Y¥X²{Ãö¸`µh¡AÀ³»PÂå®vÁpÃ´¡C,Precaution: Report to doctor if any severe and disabling arthralgia occur.,2018.09 ÃÄ©e·|·s¶i,¤@¯ë,¤@¯ë,­Y¥X²{¨x¥\¯à²§±`°Æ§@¥Î( ²§±`¯h­Â¡B¥Ö½§ÅÜ¶À¡B§¿²GÅÜ²`¡BÁT«KÅÜ¥Õ)À³¥ß§Y»PÂå®vÁpÃ´¡C,SA «÷­µ¬Û¦ü,,0,0,§_,1.0,,§_,¬O,§_,³æ¤è,,¥i¥Î,¥i¥Î,¥i¿i,¬O,,1.00,1.00,1.00,1.00,999,999,28,1,1.00,1.00,0,0,,¦³¹Ï¤ù,,0,,0,,A10BH04,,,,,0,,0,,TAB,,°·«Oµ¹¥I,°·«Oµ¹¥I,ALOGLIPTIN,A10BH04,BC26298100,,SolidDrugForm,ORTAB,,,0,,0,,,,PH047,202402121411,17.90,23.00
ONEU,20021218,99999999,¥i¥Î,Neurontin 300mg,Neurontin 300mg,Gabapentin,PO,TID,CNEU,CN-03-01,¤fªA,CAP,Neurontin,«D²Õ®M,°±¥Î,,­­¥æ¥I½Õ¾¯,¬O,¤£¥i¥ÎÃÄ¥]¾÷,±ø¥ó¤Uµ¹¥I,¤@¯ë,Á`¶q¶i¦ì,¾AÀ³¯g:¯«¸gµh¡A ¶g´Á©ÊªÏÅéÅ¸°Ê¡A ¦w©w¯«¸gµ¥,,Indication:Partial seizures¡A post-herpetic neuralgia.,,¥~ Æ[:²L¶À¦âªø¶ê¬W§Îµw½¦Ån,Appearance:Light yellow cylinder hard capsule,ÀY·w¡A «äºÎ¡A ¯h­Â,Dizziness¡A somnolence¡A fatigue,,¬Ò¥i¥Î,Âí¹xÅö,Neurontin 300mg,,­­ªù¶E¥æ¥I½Õ¾¯¥Î,§_,¬O,,¤Å¶¼°s©Î¸²µå¬c¥Ä,,Avoid alcohol or grapefruit juice.,,­Y¦³ªA¥Î¨î»Ä¾¯À³¶¡¹j¨â¤p®É,Avoid taking with antacid.,102¦~²Ä¤G¦¸ÃÄ©e·|§R°£ (¥»«~¶µ­­ªù¶E¥æ¥I½Õ¾¯¥Î),¤@¯ë,¤@¯ë,Äµ »y:¤Å¶¼°s©Î¸²µå¬c¥Ä,,,,,§_,1.0,,§_,§_,§_,³æ¤è,§_,¥i¥Î,¥i¥Î,¥i¿i,¬O,,1.00,1.00,4.00,6.00,999,999,1,1,12.00,12.00,0,0,,¦³¹Ï¤ù,,0,,0,,N03AX12,,,,,,,,,CAP,§_,°·«Oµ¹¥I,°·«Oµ¹¥I,GABAPENTIN,N03AX12,BC22821100,§_,SolidDrugForm,ORCAP,,,,,,,,,PH047,202303141757,7.90,11.00
ONEU1,20041201,99999999,¥i¥Î,Neurontin 100mg,Neurontin 100mg,Gabapentin,PO,TID,CNEU,CN-03-01,¤fªA,CAP,Neurontin,«D²Õ®M,,,¤@¯ë¥i¥Î,¬O,¤£¥i¥ÎÃÄ¥]¾÷,±ø¥ó¤Uµ¹¥I,¤@¯ë,Á`¶q¶i¦ì,¾AÀ³¯g:ªvÀø§½³¡Åöíw¡B±aª¬©´¯l«á¯«¸gµh¡C,,Indication: Focal seizures and postherpetic neuralgia.,,¥~ Æ[:¥Õ¦â½¦Ån¡A¦L¦³PD»PNeurontinR/100mg,Appearance:White capsule with "PD"¡A "NeurontinR/100mg",¶Ý¯v¡BÀY·w¡Bµo¿N¡Bäú¤ß/¹Ã¦R¡BµL¤O¡B¸¡Âm¡C,Drowsiness¡A dizziness¡A fever¡A nausea/vomiting¡A weakness¡A diarrhea.,,¬Ò¥i¥Î,Âí¹xÅö½¦Ån100²@§J,Neurontin 100mg,,,§_,¬O,,­Y¥X²{¥Ö¯l¡B¹L±Óµ¥¯gª¬¡AÀ³¥ß§Y§iª¾Âå®v¡C,¦¹ÃÄ¥i¯à³y¦¨§x­Â¡AÀ³Á×§K¶}¨®©Î¾Þ§@¦MÀI©Ê¾÷±ñ¡C,Report rash or allergies to your doctor promptly.,May cause drowsiness; avoid driving or operating machinery.,¨â¦¸µ¹ÃÄÀ³¶¡¹j®É¶¡¤£¥i¶W¹L12¤p®É¡A¥H§Kµo¥Í©âÝz¡C,Administer doses at intervals under 12 hours to prevent seizures.,2023Q4 ÃÄ©e·s¶i(¥æ¥I½Õ¾¯§ï¬°±`³Æ«~¶µ),¤@¯ë,¤@¯ë,Äµ »y: ­Y¥X²{¥Ö¯l¡B¹L±Óµ¥¯gª¬¡AÀ³¥ß§Y§iª¾Âå®v¡C,,,,,§_,1.0,,§_,¬O,§_,³æ¤è,§_,¥i¥Î,¥i¥Î,¤£¥i¿i,¬O,,1.00,1.00,8.00,8.00,999,999,1,1,36.00,36.00,0,0,,¦³¹Ï¤ù,,0,,0,,N02BF01,N03AX12,,,,0.10,g,1.80,g,CAP,,°·«Oµ¹¥I,°·«Oµ¹¥I,GABAPENTIN,N03AX12,BC22823100,§_,SolidDrugForm,ORCAP,,,,,,,,,PH006,202401121103,3.20,5.00
ONEW,19960101,99999999,°±¥Î,New Prenatal 30's/bot,New Prenatal 30's/bot,Multivitamins + Minerals + Fe,PO,QD,NUTR,NU-02-00,¤fªA,TAB,New Prenatal,«D²Õ®M,°±¥Î,ONEW2,¤@¯ë¥i¥Î,¬O,¤£¥i¥ÎÃÄ¥]¾÷,°·«O¤£µ¹¥I,¤@¯ë,Á`¶q¶i¦ì,¾AÀ³¯g:¥¥°ü¤Î­÷¨Å´Á¶¡¤§ºû¥L©R¡BÄqª«½è¸Éµ¹,,Indication:Vitamin supplement of pregnancy,,¥~ Æ[:²~¸Ë¡A ¨CÅø 30 Áû,Appearance: 30 capsules / bottle,»~­¹¹L¶q½Ð¿Ô¸ßÂå®v,In case of accidental overdose¡A see professional assistance immediately.,,¥u¥Î©óªù¶E¤Î¦í°|STAT,µ½¦s·sÄ_¯Ç¦h,New Prenatal 30's/bot,,,§_,¬O,,½Ð¤Å»P¤û¥¤¨ÖªA,,Avoid taking with milk.,,,,104-3 ÃÄ©e·|§ï¥HNew Prenatal 200's/bot´À¥N,¤@¯ë,¤@¯ë,Äµ »y:½Ð¤Å»P¤û¥¤¨ÖªA,,,,,§_,30.0,,§_,§_,§_,½Æ¤è,§_,¥i¥Î,¥i¥Î,¤£¥i¿i,§_,,1.00,1.00,1.00,1.00,999,999,30,30,2.00,2.00,0,0,,¦³¹Ï¤ù,,0,,0,,A11AA03,B03AA02,A11AA01,A11HA04,B03BB01,,,,,BOT,§_,¤£µ¹¥I¶·¦Û¥I,¤£µ¹¥I¶·¦Û¥I,,,,§_,SolidDrugForm,ORTAB,,,,,,,,,PH047,202303141757,0,192.00
ONEW2,20150721,99999999,°±¥Î,New Prenatal 200's/bot,New Prenatal 200's/bot,Multivitamins + Minerals + Fe,PO,QD,NUTR,NU-02-00,¤fªA,TAB,New Prenatal,«D²Õ®M,°±¥Î,,¤@¯ë¥i¥Î,¬O,¤£¥i¥ÎÃÄ¥]¾÷,°·«O¤£µ¹¥I,¤@¯ë,Á`¶q¶i¦ì,¾AÀ³¯g:¥¥°ü¤Î­÷¨Å´Á¶¡¤§ºû¥L©R¡BÄqª«½è¸Éµ¹,,Indication:Vitamin supplement of pregnancy,,¥~ Æ[:²~¸Ë¡A ¨CÅø 200 Áû,Appearance: 200 tablets / bottle,»~­¹¹L¶q½Ð¿Ô¸ßÂå®v,In case of accidental overdose¡A see professional assistance immediately.,,¥u¥Î©óªù¶E¤Î¦í°|STAT,µ½¦s·sÄ_¯Ç¦hºî¦X¥¥¸É¿õ,New Prenatal 200's,,,,¬O,,½Ð¤Å»P¤û¥¤¨ÖªA,,Avoid taking with milk.,,,,104-3 ÃÄ©e·|¨ú¥NNew Prenatal 30's/bot,¤@¯ë,¤@¯ë,Äµ »y:½Ð¤Å»P¤û¥¤¨ÖªA,,,0,0,,200.0,,§_,§_,§_,½Æ¤è,§_,°±¥Î,¥i¥Î,¥i¿i,§_,,1.00,1.00,1.00,1.00,999,999,200,200,2.00,2.00,0,0,,¦³¹Ï¤ù,,0,,0,,A11AA03,B03AA02,A11AA01,A11HA04,B03BB01,0,,0,,BOT,,¤£µ¹¥I¶·¦Û¥I,¤£µ¹¥I¶·¦Û¥I,,,,§_,SolidDrugForm,ORTAB,,,,,,,,,PH047,202303141758,0,1020.00
ONEX,20020228,99999999,¥i¥Î,Nexium 40mg (­@¾A®¦),Nexium 40mg,Esomeprazole,PO,QDAC,ALIM,GI-01-02,¤fªA,TAB,Nexium,«D²Õ®M,,,¤@¯ë¥i¥Î,¬O,¤£¥i¥ÎÃÄ¥]¾÷,±ø¥ó¤Uµ¹¥I,¤@¯ë,¤é¾¯¶q¶i¦ì,¾AÀ³¯g:­G°f¬y©Ê­¹¹D¯e¯f¤Î®ø¤Æ¹D¼ìºÅ,,Indication:Erosive esophagitis & gastroesophageal reflux,,¥~ Æ[:²L¬õ¾í¦â¾ò¶ê§Î¿õ¾¯,Appearance:Red orange elliptic tablet,¸¡µh¡A ¸¡Âm¡A ÀYµh¡A «K¯µ¡A ¤f°®¡A ±Æ®ð¡A äú¤ß,Abdominal pain¡A diarrhea¡A headache¡A constipation¡A dryness of mouth¡A gas¡A nausea,,¬Ò¥i¥Î,­@¾A®¦,Nexium 40mg,,,§_,¬O,,À³¾ã²É©Î·»©ó²GÅé§]ªA¡A ½Ð¤ÅÄZ¯},,Swallow the tablet whole or mix with fluid. Do not crush¡A break or chew.,,ªAÃÄ´Á¶¡­Y¥X²{ÄY­«¤ôÂm¡B¸¡µh©Îµo¿Nµ¥±¡§Î¡AÀ³¾¨³t¦^¶E´NÂå¡C,,,¤@¯ë,¤@¯ë,Äµ »y:À³¾ã²É©Î·»©ó²GÅé§]ªA¡A½Ð¤ÅÄZ¯},,¤fªAÃÄ,,,§_,1.0,,§_,¬O,§_,³æ¤è,§_,¥i¥Î,¥i¥Î,¤£¥i¿i,¬O,,1.00,1.00,1.00,1.00,999,999,7,1,4.00,4.00,0,0,,¦³¹Ï¤ù,,0,,0,,A02BC05,,,,,,,,,TAB,,°·«Oµ¹¥I,°·«Oµ¹¥I,OMEPRAZOLE/ESOMEPRAZOLE,A02BC05,BC23221100,§_,SolidDrugForm,DISINTAB,,,,,,,,,PH047,202303131923,6.10,9.00
ONIC,20020107,99999999,°±¥Î,Nice 100mg,Nice 100mg,Nitroxoline,PO,TID,QANB,AI-01-13,¤fªA,TAB,Nibiol,«D²Õ®M,°±¥Î,,¤@¯ë¥i¥Î,¬O,¥i¥ÎÃÄ¥]¾÷,¥i¥Î,¤@¯ë,Á`¶q¶i¦ì,¾AÀ³¯g:²Óµß©Ê·P¬V,,Indication:Treatment of urinary-tract infections,,¥~ Æ[:¾ï¶À¦â¶ê§ÎÃÄ¿õ,Appearance:Orange round tablet,¸¡³¡¤£¾A¡A ¸¡Âm,Abdominal disturbances¡A diarrhea,,¬Ò¥i¥Î,¼Ö³t,Nice 100mg,,,§_,¬O,,½Ð¿í«ü¥ÜªA§¹¾ã­ÓÀøµ{¡A ­Yµo¥Í¥ÎÃÄ¤£¨}¤ÏÀ³½Ð§iª¾Âå¥Í,,Follow doctor's advice. Check with doctor if you notice any side effects.,,,,,¤@¯ë,¤@¯ë,Äµ »y:½Ð¿í«ü¥ÜªA§¹¾ã­ÓÀøµ{¡A­Yµo¥Í¥ÎÃÄ¤£¨}¤ÏÀ³½Ð§iª¾Âå¥Í¡C,,,,,§_,1.0,,§_,§_,§_,³æ¤è,§_,¥i¥Î,¥i¥Î,¥i¿i,¬O,,1.00,1.00,1.00,1.00,99,99,1,1,0,0,0,0,,¦³¹Ï¤ù,,0,,0,,J01XX07,,,,,,,,,TAB,,°·«Oµ¹¥I,°·«Oµ¹¥I,NITROXOLINE,J01XX07,AC26763100,§_,SolidDrugForm,ORTAB,,,,,,,,,PH047,202303141758,2.52,4.00
ONIC2,20101203,99999999,¥i¥Î,Nicorette ©CÄZ¿õ 2mg (Á¡²ü¨ý),Nicorette Freshmint medicated chewing-gum 2mg,Nicotine,PO,QD,ZADT,AD-02-00,¤fªA,TAB,Nicorette Freshmint medicated chewing-gum,«D²Õ®M,°±¥Î,,­­¥æ¥I½Õ¾¯,§_,¤£¥i¥ÎÃÄ¥]¾÷,,¤£¦LÃÄÅÒ,Á`¶q¶i¦ì,¾AÀ³¯g: §ÙµÒ»²§U¾¯,,,,,,,,,¥u¥Î©óªù¶E,¥§¥j²M Á¡²ü©CÄZ¿õ 2 ²@§J,Nicorette Freshmint medicate,,­­ªù¶E¥æ¥I½Õ¾¯¥Î,§_,§_,,,,,,,,[Rx_x]­­¥æ¥I½Õ¾¯¡A³B¤è¶°¤£Åã¥Ü,¤@¯ë,¤@¯ë,Äµ »y:½Ð¸m©ó«Äµ£µLªk¨ú±o¤§³B,,,,,§_,1.0,,¬O,§_,§_,³æ¤è,§_,¥i¥Î,¥i¥Î,¤£¥i¿i,§_,,1.00,0,24.00,0,99,0,1,0,24.00,1.00,0,0,,µL¹Ï¤ù,,0,,0,,,,,,,,,,,TAB,,°·«Oµ¹¥I,°·«Oµ¹¥I,,,B024740100,§_,SolidDrugForm,CHEWTAB,,,,,,,,,PH047,202303141758,0,0
ONIC4,20101203,99999999,¥i¥Î,Nicorette ©CÄZ¿õ 4mg (Á¡²ü¨ý),Nicorette Freshmint medicated chewing-gum 4mg,Nicotine,PO,QD,ZADT,AD-02-00,¤fªA,TAB,Nicorette Freshmint medicated chewing-gum,«D²Õ®M,°±¥Î,,­­¥æ¥I½Õ¾¯,¬O,¤£¥i¥ÎÃÄ¥]¾÷,,¤£¦LÃÄÅÒ,Á`¶q¶i¦ì,¾AÀ³¯g: §ÙµÒ»²§U¾¯,,,,,,,,,¥u¥Î©óªù¶E,¥§¥j²M Á¡²ü©CÄZ¿õ 4 ²@§J,Nicorette Freshmint medicate,,­­ªù¶E¥æ¥I½Õ¾¯¥Î,§_,§_,,,,,,,,[Rx_x]­­¥æ¥I½Õ¾¯¡A³B¤è¶°¤£Åã¥Ü,¤@¯ë,¤@¯ë,Äµ »y:½Ð¸m©ó«Äµ£µLªk¨ú±o¤§³B,,,,,§_,1.0,,¬O,§_,§_,³æ¤è,§_,¥i¥Î,¥i¥Î,¤£¥i¿i,¬O,,1.00,0,24.00,0,99,0,1,0,24.00,1.00,0,0,,µL¹Ï¤ù,,0,,0,,,,,,,,,,,TAB,,°·«Oµ¹¥I,°·«Oµ¹¥I,,,B024741100,§_,SolidDrugForm,CHEWTAB,,,,,,,,,PH047,202303141758,0,0
ONIF,20180807,99999999,¥i¥Î,Nifedipine S.R.F.C. 30mg,Nifedipine S.R.F.C. 30mg,Nifedipine,PO,QD,CAVS,CV-05-00,¤fªA,TAB,Adalat,«D²Õ®M,,,¤@¯ë¥i¥Î,¬O,¥i¥ÎÃÄ¥]¾÷,¥i¥Î,¤@¯ë,Á`¶q¶i¦ì,¾AÀ³¯g:¯U¤ß¯g¡A °ª¦åÀ£,,Indication:Angina pectoris¡A hypertension.,,¥~ Æ[:²H¬õ¦â¶ê«ó§Î¿õ¾¯,Appearance:Light red round tablet,¤ß¸õ¤£³W«h¡A ¤UªÏ¤ô¸~¡A ÀY·w¡A ÀYµh¡A äú¤ß,Irregular or fast¡A pounding heartbeat¡A swelling of lower legs¡A dizziness,,¬Ò¥i¥Î,«í¯ß´`«ùÄò©Ê½¤¦ç¿õ30²@§J,Nifedipine S.R.F.C. 30mg,,,¬O,§_,½Ã±Ð³æ¤T,ªAÃÄ´Á¶¡Á×§K¦Y¸²µå¬c©Î¶¼¥Î¸²µå¬c¥Ä¡A¥H§K¼vÅTÃÄª«¥NÁÂ,¾ã²É§]ªA¡A¤£¥i©CÄZ©Î¿i¸H¡C,Avoid grapefruits or related products to prevent risk of interaction.,Should be swallowed whole tablet.,¥»«~¥~´ß·|ÀHÁT«K±Æ¥XÅé¥~¡C,The outer shell does not dissolve and is passed out in your stools.,2018.08 Adalat OROS 30mg ¯Ê³f¼È¥N,¤@¯ë,¤@¯ë,Äµ »y:ªAÃÄ´Á¶¡Á×§K¦Y¸²µå¬c©Î¶¼¥Î¸²µå¬c¥Ä¡A¥H§K¼vÅTÃÄª«¥NÁÂ,,,0,0,§_,1.0,,§_,¬O,§_,³æ¤è,,¥i¥Î,¥i¥Î,¤£¥i¿i,¬O,,1.00,1.00,2.00,2.00,999,999,1,1,6.00,6.00,0,0,,¦³¹Ï¤ù,,0,,0,,C08CA05,,,,,0,,0,,TAB,,°·«Oµ¹¥I,°·«Oµ¹¥I,NIFEDIPINE,C08CA05,AC57219100,§_,SolidDrugForm,ERTAB24,,,0,,0,,,,PH034,202203030938,4.57,6.00
ONIL,20070401,99999999,°±¥Î,Nilasen 16mg,Nilasen 16mg,Betahistine,PO,TID,CNEU,CN-03-08,¤fªA,TAB,Merislon,«D²Õ®M,°±¥Î,,¤@¯ë¥i¥Î,¬O,¤£¥i¥ÎÃÄ¥]¾÷,¥i¥Î,¤@¯ë,Á`¶q¶i¦ì,¾AÀ³¯g:ªvÀø¯t·w¡BÅ¥¤O»ÙÃª,,Treatment of vertigo¡A tinnitus and hearing loss,,¥~ Æ[: ¥Õ¦â¶ê«ó«¬¿õ¾¯¡A ¤@­±¦L¦³¤¤¥¡¨è²ª¤ÎAX 013,Appearance:White Round Tablet,,,,¬Ò¥i¥Î,¹ç¦Õ¯t¿õ,Nilasen 16mg,,,§_,¬O,,,,,,,,,¤@¯ë,¤@¯ë,Äµ »y:¨Ï¥Î¥»ÃÄ­Y¦³³y¦¨­G¸z¤£¾A¡A¥i»P­¹ª«¨ÖªA¨Ã¦h¸É¥R¤ô,,,,,§_,1.0,,§_,§_,§_,³æ¤è,§_,°±¥Î,¥i¥Î,¥i¿i,¬O,,1.00,1.00,1.00,1.00,99,99,1,1,0,0,0,0,,µL¹Ï¤ù,,0,,0,,,,,,,,,,,TAB,,°·«Oµ¹¥I,°·«Oµ¹¥I,BETAHISTINE,N07CA01,A047092100,§_,SolidDrugForm,ORTAB,,,,,,,,,PH047,202303141758,1.98,3.00
ONIL2,20091025,99999999,¥i¥Î,Nilasen 24mg,Nilasen 24mg,Betahistine,PO,BID,CNEU,CN-03-08,¤fªA,TAB,Betaserc,«D²Õ®M,,,¤@¯ë¥i¥Î,¬O,¤£¥i¥ÎÃÄ¥]¾÷,¥i¥Î,¤@¯ë,Á`¶q¶i¦ì,¾AÀ³¯g:±ö¥§º¸¤ó¯g¤Þ°_¤§¯t·w¡BÅ¥¤O»ÙÃª;«e®x©Ê·w¯tªº¯gª¬ªvÀø,,Indication:Treatment of vertigo¡A Meniere's disease.,,¥~ Æ[:¥Õ¦â¶ê§Î¿õ¾¯¡A ¤@­±¨è¦³"AX 038"¦r¼Ë,Appearance:White round tablet,»´«×­G¸z¤£¾A,Mild gastric complaints.,,¬Ò¥i¥Î,¹ç¦Õ¯t¿õ,Nilasen 24mg,,,§_,¬O,,¦³®ð³Ý©Î®ø¤Æ©Ê¼ìºÅ¯f¥vªº±wªÌÀ³¤p¤ß¨Ï¥Î¥»«~,,Caution use in patients with bronchial asthma & peptic ulcer.,,,,,¤@¯ë,¤@¯ë,Äµ »y:¦³®ð³Ý©Î®ø¤Æ©Ê¼ìºÅ¯f¥vªº±wªÌÀ³¤p¤ß¨Ï¥Î¥»«~,SA «÷­µ¬Û¦ü,,,,§_,1.0,,§_,¬O,§_,³æ¤è,§_,¥i¥Î,¥i¥Î,¥i¿i,¬O,,1.00,1.00,1.00,1.00,999,999,1,1,6.00,6.00,0,0,,¦³¹Ï¤ù,,0,,0,,N07CA01,,,,,,,,,TAB,,°·«Oµ¹¥I,°·«Oµ¹¥I,BETAHISTINE,N07CA01,AC47232100,§_,SolidDrugForm,ORTAB,,,,,,,,,PH047,202303141758,2.22,3.00
ONIM,19960101,99999999,¥i¥Î,Nimotop F.C 30mg,Nimotop F.C 30mg,Nimodipine,PO,TID,CAVS,CV-05-00,¤fªA,TAB,Nimotop,«D²Õ®M,,,¤@¯ë¥i¥Î,¬O,¤£¥i¥ÎÃÄ¥]¾÷,,¤@¯ë,Á`¶q¶i¦ì,¾AÀ³¯g:¹w¨¾©ÎªvÀø¯Ê¦å©Ê¯«¸g¯Ê·l,,Indication:Improve spasms of a brain hemorrhage,,¥~ Æ[:¿B¶À¦â¶ê«ó§Î¿õ¾¯,Appearance:Dark yellow round tablet,äú¤ß¡A ¸z­G¤£¾A¡A ·w¯t¡A ÀYµh¡A §C¦åÀ£,Nausea¡A GI discomfort¡A dizziness¡A headache¡A hypotension,,,¸£§´,Nimotop F.C 30mg,,,§_,¬O,½Ã±Ð³æ¤T,½Ð¿íÂå®v«ü¥Ü«ö®É¥ÎÃÄ¡A ¤Å¦Û¦æ§ïÅÜ¾¯¶q¡A ¥Îªk©Î¥ô·N°±ÃÄ,,Follow doctor's advice. Do not change your dose or schedule.,,­¹ª«¥æ¤¬§@¥Î: ªAÃÄ´Á¶¡Á×§K­¹¥Î¸²µå¬c¥Ä,Food interaction:Avoid grapefruit juice,,¤@¯ë,¤@¯ë,Äµ »y: ½Ð¿íÂå®v«ü¥Ü«ö®É¥ÎÃÄ¡A¤Å¦Û¦æ§ïÅÜ¾¯¶q¡B¥Îªk©Î¥ô·N°±ÃÄ¡C,­¹ ­¹ª«¥æ¤¬,¤fªAÃÄ,,,§_,1.0,,§_,¬O,§_,³æ¤è,§_,¥i¥Î,¥i¥Î,¥i¿i,¬O,,1.00,1.00,2.00,2.00,999,999,1,1,12.00,12.00,0,0,,¦³¹Ï¤ù,,0,,0,,C08CA06,,,,,,,,,TAB,§_,°·«Oµ¹¥I,°·«Oµ¹¥I,NIMODIPINE,C08CA06,BC18842100,§_,SolidDrugForm,ORTAB,,,,,,,,,PH047,202303141758,14.70,19.00
ONIQ2,20101203,99999999,°±¥Î,NiQuitin §ÙµÒ¤f§t¿õ 2mg,NiQuitin Mint Lozenges 2mg,Nicotine,PO,,ZADT,AD-02-00,¤fªA,TAB,NiQuitin Mint Lozenges,«D²Õ®M,°±¥Î,,­­¥æ¥I½Õ¾¯,¬O,¤£¥i¥ÎÃÄ¥]¾÷,,¤£¦LÃÄÅÒ,Á`¶q¶i¦ì,¾AÀ³¯g: §ÙµÒ»²§U¾¯,,,,,,,,,¬Ò¥i¥Î,¤O§ÜµÒ§ÙµÒÁ¡²ü¤ù¤f§t¿õ2²@§J,NiQuitin Mint Lozenges 2mg,,­­ªù¶E¥æ¥I½Õ¾¯¥Î,§_,¬O,,,,,,,,2016¦~²Ä¤G¦¸ÃÄ©e¨MÄ³ °±¤î¥æ¥I½Õ¾¯¡C,¤@¯ë,¤@¯ë,Äµ »y:½Ð¸m©ó«Äµ£µLªk¨ú±o¤§³B,,,,,§_,1.0,,¬O,§_,§_,³æ¤è,§_,¥i¥Î,¥i¥Î,¥i¿i,¬O,,1.00,0,15.00,0,99,0,1,0,15.00,1.00,0,0,,µL¹Ï¤ù,,0,,0,,,,,,,,,,,TAB,,°·«Oµ¹¥I,°·«Oµ¹¥I,,,B024574100,§_,SolidDrugForm,ORTROCHE,,,,,,,,,PH047,202303141758,0,0
ONIQ4,20101203,99999999,°±¥Î,NiQuitin §ÙµÒ¤f§t¿õ4mg (24's/Bot),NiQuitin Mint Lozenges 4mg (24's/Bot),Nicotine,PO,,ZADT,AD-02-00,¤fªA,TAB,,«D²Õ®M,°±¥Î,,­­¥æ¥I½Õ¾¯,¬O,¤£¥i¥ÎÃÄ¥]¾÷,,¤£¦LÃÄÅÒ,Á`¶q¶i¦ì,¾AÀ³¯g: §ÙµÒ»²§U¾¯,,,,,,,,,¬Ò¥i¥Î,¤O§ÜµÒ§ÙµÒÁ¡²ü¤ù¤f§t¿õ4²@§J,NiQuitin Mint Lozenges 4mg (,,­­ªù¶E¥æ¥I½Õ¾¯¥Î,§_,¬O,,,,,,,,2016¦~²Ä¤G¦¸ÃÄ©e¨MÄ³ °±¤î¥æ¥I½Õ¾¯¡C,¤@¯ë,¤@¯ë,Äµ »y:½Ð¸m©ó«Äµ£µLªk¨ú±o¤§³B,,,,,§_,1.0,,¬O,§_,§_,³æ¤è,§_,¥i¥Î,¥i¥Î,¥i¿i,¬O,,1.00,0,15.00,0,99,0,1,0,15.00,1.00,0,0,,µL¹Ï¤ù,,0,,0,,,,,,,,,,,TAB,,°·«Oµ¹¥I,°·«Oµ¹¥I,,,B024575100,§_,SolidDrugForm,ORTROCHE,,,,,,,,,PH047,202303141758,0,0
ONLD,20200915,99999999,¥i¥Î,Nolidin 200/2/300mg,Nolidin 200/2/300mg,Aluminum Hydroxide + Butinolin + Calcium carbonate,PO,TID,ALIM,GI-01-01,¤fªA,TAB,Nolidin,«D²Õ®M,,,,¬O,¥i¥ÎÃÄ¥]¾÷,±ø¥ó¤Uµ¹¥I,¤@¯ë,Á`¶q¶i¦ì,¾AÀ³¯g:­G»Ä¹L¦h¡B­Gª¢¡B¤Q¤G«ü¸zª¢¡B,­G¤Î¤Q¤G«ü¸z¼ìºÅ©Ò¤Þ°_¤§µjÅË¤Î¯kµh,Indication:Cramps and pain caused by hyperacidity¡A,gastritis¡A duodenitis¡A gastric and duodenal ulcers,¥~ Æ[:¶À¦â¶ê§Î¿õ¾¯¡A¤@­±¦³°Ó¼Ð¨è²ª.,Appearance:Yellow round tablet¡A with a trademark marked.,«K¯µ¡B¸¡Âm¡B´²Àû(§@¥Î®z),Constipation¡A diarrhea¡A mydriasis (rare).,,¬Ò¥i¥Î,­G·ç¬ü¿õ,Nolidin 200/2/300mg,,,,¬O,,½Ð¿í·ÓÂå®v«ü¥Ü¨Ï¥Î¡A ­Yµo¥ÍºÃ¦üÃÄª«¤£¨}¤ÏÀ³½Ð§iª¾Âå¥Í,,Follow doctor's advice. Check with doctor if you notice any side effects.,,µÇ°IºÜ¯f±wªø´ÁªA¥Î§t¾T­GÃÄ¥i¯à¾É­P°Æ§@¥Î¡AÀ³ÂÔ·V¤p¤ß¨Ï¥Î¡C,Avoid long-term use of aluminum containing antacids in renal impairment.,2020.09ÃÄ©e·s¶i,¤@¯ë,¤@¯ë,Äµ »y:½Ð¿í·ÓÂå®v«ü¥Ü¨Ï¥Î¡A­Yµo¥ÍºÃ¦üÃÄª«¤£¨}¤ÏÀ³½Ð§iª¾Âå¥Í¡C,,,0,0,§_,1.0,,§_,¬O,§_,½Æ¤è,§_,¥i¥Î,¥i¥Î,¥i¿i,¬O,,1.00,1.00,1.00,1.00,999,999,28,28,3.00,3.00,0,0,,¦³¹Ï¤ù,,0,,0,,A02AG,A02AB01,A02AC01,A03ED,,0,,0,,TAB,,°·«Oµ¹¥I,°·«Oµ¹¥I,BUTINOLIN 2MG + ALUMINUM HYDROXIDE 200MG + CALCIUM CARBONATE 300MG,A02AG,AC49763100,§_,,,,,0,,0,,,,PH022,202010201036,2.24,3.00
ONORE,19960101,99999999,°±¥Î,Nordette 21's/pk,Nordette 21's/pk,Ethinylestradiol + Levonorgestrel,PO,QD,HM,CT-01-00,¤fªA,TAB,Nordette,«D²Õ®M,°±¥Î,,¤@¯ë¥i¥Î,¬O,¤£¥i¥ÎÃÄ¥]¾÷,°·«O¤£µ¹¥I,¤@¯ë,Á`¶q¶i¦ì,¾AÀ³¯g:Á×¥¥¡B¤l®c¤º½¤²§¦ì¯g¡B¤ë¸g¶g´Á¤£³W«hµ¥,,Oral contraceptive & treatment of dysmenorrhea & menstrual i,,¥~ Æ[:¾Tºä¤ù¸Ë,,,,,,®R­},Nordette 21's/pk,,,§_,¬O,,,,,,,,,¤@¯ë,¤@¯ë,,,,,,§_,21.0,,§_,§_,§_,½Æ¤è,§_,¥i¥Î,¥i¥Î,¥i¿i,¬O,,1.00,1.00,999.00,999.00,999,999,21,21,0,0,0,0,,µL¹Ï¤ù,,0,,0,,,,,,,,,,,PK,§_,¤£µ¹¥I¶·¦Û¥I,¤£µ¹¥I¶·¦Û¥I,,,,§_,SolidDrugForm,ORTAB,,,,,,,,,PH047,202303141758,0,74.00
ONORM,19960101,99999999,°±¥Î,Normacol plus granules 7gm/pack,Normacol plus granules 7gm/pack,Sterculia + Frangula,PC,QD,ALIM,GI-03-00,¤fªA,PK,Normacol,«D²Õ®M,¼t°Ó¯Ê³f,,¤@¯ë¥i¥Î,¬O,¤£¥i¥ÎÃÄ¥]¾÷,¥i¥Î,¤@¯ë,Á`¶q¶i¦ì,¾AÀ³¯g:½w¸Ñ«K¯µ,,Indication:Treatment of constipation,,¥~ Æ[:7 §JÁû²É¥]¸Ë,Appearance:7gm of black granules/pack,¸¡µÈ·P,Abdominal distension.,,,¼Öº¿¥iÁû²É,Normacol plus granules,,,§_,¬O,,½Ð¥ý±N¾ã¥]Áû²É§t¤J¤f¤¤¡A ¦A¥H¥R¤Àªº¤ô©Î§N¶¼§]ªA,½Ðºû«ù¨¬¶q¤ô¤ÀÄá¨ú,Swallow the granules down immediately with plenty of water or cool drink.,Adequate fluid intake should be maintained.,¤Å©CÄZ©ÎÀ£¸HÁû²É.,Do not chew or crush the granules.,,¤@¯ë,¤@¯ë,Äµ »y:½Ð¥ý±N¾ã¥]Áû²É§t¤J¤f¤¤¡A ¦A¥H¥R¤Àªº¤ô©Î§N¶¼§]ªA,,,,,§_,1.0,,§_,¬O,§_,½Æ¤è,§_,¥i¥Î,°±¥Î,¤£¥i¿i,¬O,,1.00,1.00,2.00,2.00,999,999,1,1,8.00,8.00,0,0,,¦³¹Ï¤ù,,0,,0,,A06AC03,A06AC53,,,,,,,,PK,§_,°·«Oµ¹¥I,°·«Oµ¹¥I,STERCULIA 620MG/GM + FRANGULA 80MG/GM,A06AC53,B017218124,§_,SolidDrugForm,GRAN,,,,,,,,,PH006,202307281210,7.60,11.00
ONORV,19960101,99999999,¥i¥Î,Norvasc 5mg,Norvasc 5mg,Amlodipine,PO,QD,CAVS,CV-05-00,¤fªA,TAB,Norvasc,«D²Õ®M,,,¤@¯ë¥i¥Î,¬O,¥i¥ÎÃÄ¥]¾÷,,¤@¯ë,Á`¶q¶i¦ì,¾AÀ³¯g:°ª¦åÀ£¡A ¤ßµ±µh,,Indication:Treatment of hypertension & angina pectoris.,,¥~ Æ[:¥Õ¦âªø§Î¤KÃä§Î¿õ¾¯,Appearance:White octagon tablet,¸}½ï¸~µÈ¡A ¸¡³¡¯kµh¡A ÀYµh¡A ÀY·w¡A ¤ß±ª¡A äú¤ß,Swelling of ankles or feet¡A abdominal pain¡A headache¡A dizziness.,,,¯ßÀu,Norvasc 5mg,,,¬O,¬O,½Ã±Ð³æ¤T,½Ð¿íÂå®v«ü¥Ü«ö®É¥ÎÃÄ¡A ¤Å¦Û¦æ§ïÅÜ¾¯¶q¡A ¥Îªk©Î¥ô·N°±ÃÄ,,Follow doctor's advice. Do not change your dose or schedule.,,­¹ª«¥æ¤¬§@¥Î: ªAÃÄ´Á¶¡Á×§K­¹¥Î¸²µå¬c¥Ä,Food interaction:Avoid grapefruit juice,,¤@¯ë,¤@¯ë,Äµ »y: ½Ð¿íÂå®v«ü¥Ü«ö®É¥ÎÃÄ¡A¤Å¦Û¦æ§ïÅÜ¾¯¶q¡B¥Îªk©Î¥ô·N°±ÃÄ¡C,­¹ ­¹ª«¥æ¤¬,,,,§_,1.0,,§_,¬O,§_,³æ¤è,§_,¥i¥Î,¥i¥Î,¥i¿i,¬O,,1.00,1.00,2.00,2.00,999,999,28,1,4.00,4.00,0,0,,¦³¹Ï¤ù,,0,,0,,C08CA01,,,,,5.00,mg,5.00,mg,TAB,§_,°·«Oµ¹¥I,°·«Oµ¹¥I,AMLODIPINE,C08CA01,BC21571100,§_,SolidDrugForm,ORTAB,,,,,,,,,PH047,202402140201,3.42,5.00
ONOT,20220209,99999999,¥i¥Î,Notholic 50mg,Notholic 50mg,Naltrexone,PO,QD,ZADT,AD-02-00,¤fªA,TAB,Notholic (¦¨Å}ªvÀø­pµe),«D²Õ®M,,,¤@¯ë¥i¥Î,¬O,¤£¥i¥ÎÃÄ¥]¾÷,°·«O¤£µ¹¥I,¤@¯ë,Á`¶q¶i¦ì,¾AÀ³¯g:¥Î©ó±MªùºÞ²z¦¨Å}ªvÀø­pµe,,Indication:Plan of management for the addictions.,,¥~ Æ[:¶À¦âªø¾ò¶ê¿õ¾¯,Appearance:Yellow elliptic tablet,äú¤ß¡B¹Ã¦R¡BÀYµh¡BºÎ¯v»ÙÃª¡BÀY·w,Nausea¡A vomiting¡A headache¡A insomnia¡A dizziness,,¬Ò¥i¥Î,¯ÇÀN§Q50²@§J½¤¦ç¿õ,Notholic 50mg,,,¬O,¬O,,ªAÃÄ«á¡A ½Ð¤Å¶}¨®©Î¾Þ§@¦MÀI¾÷±ñ,,Be careful driving or operating machinery.,,¦p±z¥¿¦b¨Ï¥Î¥ô¦ó¶Ü°ØÃþ»s¾¯¡A½Ð°È¥²§iª¾Âå®v¡C,If you are using opioid medicine¡A you should tell your doctor.,2022.02¨ú±oÃÄÃÒ·s¼W¡A¨ú¥N[ONAL]¡A2022Q1ÃÄ©e·s¶i,¤@¯ë,¤@¯ë,ªAÃÄ«á¡A ½Ð¤Å¶}¨®©Î¾Þ§@¦MÀI¾÷±ñ,,,0,0,§_,1.0,,¬O,¬O,§_,³æ¤è,§_,°±¥Î,°±¥Î,¥i¿i,¬O,,1.00,1.00,3.00,3.00,30,30,7,7,3.00,3.00,0,0,,¦³¹Ï¤ù,,0,,0,,N07BB04,,,,,0,,0,,TAB,§_,¤£µ¹¥I¶·¦Û¥I,¤£µ¹¥I¶·¦Û¥I,,,,§_,SolidDrugForm,ORTAB,,,0,,0,,,,PH034,202208221536,0,106.00
ONOV,19960101,99999999,¥i¥Î,Novamin 5mg,Novamin 5mg,Prochlorperazine,PO,TID,CNEU,CN-03-08,¤fªA,TAB,Novamin,«D²Õ®M,,,¤@¯ë¥i¥Î,¬O,¤£¥i¥ÎÃÄ¥]¾÷,,¤@¯ë,Á`¶q¶i¦ì,¾AÀ³¯g:¥Dªväú¤ß¡A ¹Ã¦R,,Indication:Prevention and treatment of nausea and vomiting,,¥~ Æ[:¦L095¡A ¥Õ¦â¶ê«ó§Î¿õ¾¯,Appearance:White round tablet¡A marked "095",µø¤O¼Ò½k¡A ¦â±mµøÄ±§ïÅÜ©Î©]µø§xÃø,Blurred vision¡A change in color vision¡A or difficulty in seeing at night,,,¿Õ¦w©R,Novamin 5mg,,,¬O,¬O,,¥i¯à¤Þ°_¶ÝºÎ¡A Áy³¡¡BÀV©Î¨­Åé¦Ù¦×µjÅË,,May cause sleepiness¡A muscle spasms of face¡A neck¡A body.,,,,,¤@¯ë,¤@¯ë,Äµ »y:¥i¯à¤Þ°_¶ÝºÎ¡AÁy³¡¡BÀV©Î¨­Åé¦Ù¦×µjÅË,,¤fªAÃÄ,,,§_,1.0,,§_,¬O,§_,³æ¤è,§_,¥i¥Î,¥i¥Î,¥i¿i,¬O,,1.00,1.00,2.00,2.00,999,999,1,1,8.00,8.00,0.13,0.02,,¦³¹Ï¤ù,,0,,0,,N05AB04,,,,,,,,,TAB,§_,°·«Oµ¹¥I,°·«Oµ¹¥I,PROCHLORPERAZINE,N05AB04,AC45959100,§_,SolidDrugForm,ORTAB,,,,,,,,,PH047,202303141758,1.50,3.00
ONOVO,19960101,99999999,°±¥Î,NovoNorm (Repaglinide) 1mg,NovoNorm (Repaglinide) 1mg,Repaglinide,AC15,,META,ME-02-03,¤fªA,TAB,NovoNorm,«D²Õ®M,°±¥Î,,¤@¯ë¥i¥Î,¬O,¥i¥ÎÃÄ¥]¾÷,,¤@¯ë,Á`¶q¶i¦ì,¾AÀ³¯g:¿}§¿¯f,,Treatment of type 2 diabetes,,¥~ Æ[:²H¶À¾í¦â¶ê«ó«¬¿õ¾¯,Appearance:Light Yellow Round Tablet,,,,,¿Õ©M¶©,NovoNorm (Repaglinide) 1mg,,,§_,¬O,,,,,,,,,¤@¯ë,¤@¯ë,Äµ »y:ªAÃÄ«á30¤ÀÄÁ¤ºÀ³¶iÀ\¡A¥H§K¦å¿}¹L§C,,,,,§_,1.0,,§_,§_,§_,³æ¤è,§_,°±¥Î,¥i¥Î,¥i¿i,¬O,,1.00,1.00,4.00,4.00,999,999,30,1,0,0,0,0,,µL¹Ï¤ù,,0,,0,,A10BX02,,,,,,,,,TAB,§_,°·«Oµ¹¥I,°·«Oµ¹¥I,REPAGLINIDE 1MG + METFORMIN 0-500MG,A10BX02,B022641100,§_,SolidDrugForm,ORTAB,,,,,,,,,PH047,202303141758,5.70,7.00
ONTG6,19960101,99999999,¥i¥Î,Nitrostat (NTG) 0.6mg,Nitrostat (NTG) 0.6mg,Nitroglycerin,SL,ASORDER,CAVS,CV-02-00,¤fªA,TAB,NTG,«D²Õ®M,,,¤@¯ë¥i¥Î,¬O,¤£¥i¥ÎÃÄ¥]¾÷,,¤@¯ë,Á`¶q¶i¦ì,¾AÀ³¯g:¯U¤ß¯g¤§ªvÀø¤Î¹w¨¾,,Indication:Treatment and prophylaxis of angina pectoris,,¥~ Æ[:¥Õ¦â¶ê«ó§Î¿õ¾¯,Appearance:White round tablet,¥Ñª×«º©Î§¤«º°_¥ß®É·|ÀY·w¡A ¤ß¸õÅÜ§Ö¡A Áy¼é¬õ¡A äú¤ß,Dizziness or lightheadedness¡A especially when getting up from a lying or sitting,,¥u¥Î©óªù¶E¤Î¦í°|STAT,­@µ±¹ç,Nitrostat (NTG) 0.6mg,,,¬O,¬O,,¥i¯à·|¤Þ°_¥Ñª×«º©Î§¤«º°_¥ß®ÉÀY·w¡A ¤ß¸õÅÜ§Ö¡A Áy¼é¬õ¡A äú¤ßµ¥²{¶H,,May cause dizziness when getting up from a lying or sitting position.,,,,,¤@¯ë,¤@¯ë,Äµ »y:¥i¯à·|¤Þ°_¥Ñª×«º©Î§¤«º°_¥ß®ÉÀY·w¡B¤ß¸õÅÜ§Ö¡BÁy¼é¬õ¡Bäú¤ßµ¥²{¶H,,,,,§_,25.0,,§_,¬O,§_,³æ¤è,§_,¥i¥Î,¥i¥Î,¤£¥i¿i,§_,,1.00,1.00,1.00,1.00,25,25,25,25,25.00,25.00,0,0,,¦³¹Ï¤ù,,0,,0,,C01DA02,,,,,,,,,TAB,§_,°·«Oµ¹¥I,°·«Oµ¹¥I,NITROGLYCERIN,C01DA02,BC20802100,§_,SolidDrugForm,SLTAB,,,,,,,,,PH047,202303141758,4.97,7.00
ONUM,20231220,99999999,¥i¥Î,Numient 48.75/195mg extended-release,Numient 48.75/195mg extended-release,Carbidopa + Levodopa,AC,TID,CNEU,CN-03-05,¤fªA,CAP,Rytary,«D²Õ®M,,,¤@¯ë¥i¥Î,¬O,¤£¥i¥ÎÃÄ¥]¾÷,±ø¥ó¤Uµ¹¥I,¤@¯ë,Á`¶q¶i¦ì,¾AÀ³¯g: ±±¨î©¬ª÷´Ë¤ó¯g¡B©¬ª÷´Ë¤ó¼x­Ô¸s¡C,,Indication: Symptomatic treatment of parkinsonism.,,¥~ Æ[: ÂÅ¦â¶À¦â½¦Ån¡A¼Ð°O IPX066¡B195¡C,Appearance: Blue and yellow capsule¡A marked IPX066¡A 195.,¹B°Ê§xÃø¡Bäú¤ß¡B¹½­¹¡BÀY·w¡B¯h­Â¡B¦Ù¦×µjÅË¡B¯h³Ò¡C,Dyskinesia¡A nausea¡A anorexia¡A dizziness¡A asthenia¡A muscle cramps¡A fatigue.,,¬Ò¥i¥Î,·ç¦h¹ç½wÄÀ½¦Ån48.75/195²@§J,Numient 48.75/195mg extended,,,§_,¬O,,½wÄÀ½¦ÅnÀ³¾ãÁû§]¤U¡A¤£À³©CÄZ©ÎÀ£¸H¡C,¯¶¨¤«¬«C¥ú²´¸T¥Î¡C,Swallow extended-release capsules whole; do not chew or crush.,Do not use in narrow-angle glaucoma.,­¹ª«¥æ¤¬§@¥Î: Á×§K»P°ª³J¥Õ­¹ª«(§tºÞÄé¶¼­¹)¨ÖªA¡A¥iªÅ¸¡ªA¥Î¡C,Food interaction: Avoid with high-protein foods; take on an empty stomach.,2023Q4 ÃÄ©e·s¶i,¤@¯ë,¤@¯ë,Äµ »y:À³¾ã²É§]ªA¡A¤Á¤Å«rÄZ©ÎÀ£¸H,,,0,0,§_,1.0,,§_,¬O,§_,½Æ¤è,§_,¥i¥Î,¥i¥Î,¤£¥i¿i,¬O,,1.00,1.00,4.00,4.00,999,999,1,1,12.00,12.00,0,0,,¦³¹Ï¤ù,,0,,0,,N04BA02,N04BA01,,,,195.00,mg,600.00,mg,CAP,,°·«Oµ¹¥I,°·«Oµ¹¥I,LEVODOPA 95-245 MG + CARBIDOPA 23.75-61.25 MG,N04BA02,AC60307100,§_,SolidDrugForm,ERCAP,,,0,,0,,,,PH047,202403211749,64.00,80.00
ONUS,20180510,99999999,¥i¥Î,Nuspas 0.125mg,Nuspas 0.125mg,Hyoscyamine,PO,TID,ALIM,GI-05-00,¤fªA,TAB,Buscopan,«D²Õ®M,,,¤@¯ë¥i¥Î,¬O,¥i¥ÎÃÄ¥]¾÷,¥i¥Î,¤@¯ë,Á`¶q¶i¦ì,¾AÀ³¯g:¥Dªv¥­·Æ¦ÙµjÅË¤Î¹B°Ê¾÷¯à¤®¶i¡A ­G¸zµjÅË¡A ªc§¿¹DµjÅË,,Indication:Antispasmodics of smooth muscle,,¥~ Æ[:¥Õ¦â¶ê«ó§Î¿õ¾¯¡A¦L¦³SK¤Î100,Appearance:White round tablet¡A marking: SK and 100.,¤f°®¡A §¿²Gº¢¯d¡A ½Æµø¡A ¤ß±ª,Dry mouth¡A urinary hesitancy & retention¡A blurred vision¡A tachycardia,,¬Ò¥i¥Î,µj±o¹ç¿õ0.125²@§J,Nuspas 0.125mg,,,,¬O,,¥»«~¥i¯à·|­°§C±zªºª`·N¤O¡BÄµÄ±©Ê¤Î°Ê§@¨ó½Õ¯à¤O,,May cause dizziness¡A weakness¡A lack of coordination.,,,,107.05 Buwecon 0.125mg ¯Ê³f¼È¥N,¤@¯ë,¤@¯ë,Äµ »y:¥»«~¥i¯à·|­°§C±zªºª`·N¤O¡BÄµÄ±©Ê¤Î°Ê§@¨ó½Õ¯à¤O,,,0,0,§_,1.0,,§_,¬O,§_,³æ¤è,§_,¥i¥Î,¥i¥Î,¥i¿i,¬O,,1.00,1.00,2.00,2.00,999,999,0,1,12.00,12.00,0.30,0.10,,¦³¹Ï¤ù,,0,,0,,A03BA03,,,,,0,,0,,TAB,§_,°·«Oµ¹¥I,°·«Oµ¹¥I,HYOSCYAMINE,A03BA03,AC481501G0,§_,SolidDrugForm,ORTAB,,,0,,0,mL,,,PH006,202103011040,2.00,3.00
ONUX,20090622,99999999,°±¥Î,Nuxitam 1200mg,Nuxitam 1200mg,Piracetam,PO,QD,CNEU,CN-03-11,¤fªA,TAB,Knowful,«D²Õ®M,°±¥Î,OSYN1,¤@¯ë¥i¥Î,¬O,¤£¥i¥ÎÃÄ¥]¾÷,¥i¥Î,¤@¯ë,Á`¶q¶i¦ì,¾AÀ³¯g:¬°¸£¦åºÞ»ÙÃª§ïµ½¾¯,,Indication:Treatment of cerebral circulatory insufficiency,,¥~ Æ[:¬õ¾í¦âªø¶ê¬W§Î¿õ¾¯¡A ¤@­±¦LPM 009¡A ¤@­±¦³¤¤¥¡¨è²ª,Appearance:Red orange cylinder tablet,¹B°Ê¾÷¯à¤®¶i¡A Åé­«¼W¥[¡A µJÄ¼,Hyperkinesia¡A weight gain¡A nervousness,,¬Ò¥i¥Î,±Ó«ä²M½¤¦ç¿õ,Nuxitam 1200mg,,,§_,¬O,,­Y¦P®É¨Ö¥Î§Ü¾®¦å¾¯warfarin¤§±wªÌ¡A ½Ð°È¥²§iª¾Âå®v,,Imform your doctor if you are taking warfarin.,,,,,¤@¯ë,¤@¯ë,Äµ »y:­Y¦P®É¨Ö¥Î§Ü¾®¦å¾¯warfarin¤§±wªÌ¡A ½Ð°È¥²§iª¾Âå®v,,,,,§_,1.0,,§_,§_,§_,³æ¤è,§_,°±¥Î,°±¥Î,¥i¿i,¬O,,1.00,1.00,1.00,1.00,999,999,1,1,20.00,20.00,0,0,,¦³¹Ï¤ù,,0,,0,,N06BX03,,,,,,,,,TAB,,°·«Oµ¹¥I,°·«Oµ¹¥I,PIRACETAM,N06BX03,AC46525100,§_,SolidDrugForm,ORTAB,,,,,,,,,PH047,202303141759,1.91,3.00
ONYS,20120927,99999999,°±¥Î,Nystatin 50¸UU,Nystatin 50¸UU,Nystatin,PO,,QANB,AI-02-00,¤fªA,CAP,,«D²Õ®M,°±¥Î,,¤@¯ë¥i¥Î,¬O,¤£¥i¥ÎÃÄ¥]¾÷,¥i¥Î,¤@¯ë,Á`¶q¶i¦ì,¾AÀ³¯g:¥Õ¦â©À¯]µß·P¬V,,Indication:Monilial infection of oral cavity¡A intestinal,,¥~ Æ[:¯»¬õ/´Ä¦âªø¶ê¬W§Îµw½¦Ån,Appearance:Pink/brown hard capsule,«K¯µ¡A ¸¡Âm¡A ÀY·w¡A ©ü©ü±ýºÎ¡A ÀYµh¡A äú¤ß¡A ¹Ã¦R,Constipation¡A diarrhea¡A dizziness¡A drowsiness¡A headache¡A nausea¡A vomiting,,¬Ò¥i¥Î,¹ç¥q®õ©w,Nystatin 50¸UU,,,§_,¬O,,½Ð¸m©ó«Äµ£µLªk¨ú±o¤§³B,,Keep medicine out of reach of children.,,,,,¤@¯ë,¤@¯ë,Äµ »y:½Ð¸m©ó«Äµ£µLªk¨ú±o¤§³B,,,0,0,§_,1.0,,§_,§_,§_,³æ¤è,§_,¥i¥Î,¥i¥Î,¥i¿i,¬O,,1.00,1.00,2.00,2.00,999,999,1,1,6.00,6.00,0.48,0.12,,¦³¹Ï¤ù,,0,,0,,A07AA02,,,,,,,,,CAP,§_,°·«Oµ¹¥I,°·«Oµ¹¥I,NYSTATIN,A07AA02,AC18895100,§_,SolidDrugForm,CAP,,,,,,,,,PH047,202303141759,2.64,4.00
OOFE,20171120,99999999,¥i¥Î,Ofev 150mg,Ofev 150mg,Nintedanib,WM,Q12H,RACA,ON-08-99,¤fªA,CAP,Ofev,«D²Õ®M,Á{±ÄÃÄ¡A½Ð³qª¾ÃÄ§½¥~ÁÊ,,¥»°|Á{±Ä²M³æ,¬O,¤£¥i¥ÎÃÄ¥]¾÷,±ø¥ó¤Uµ¹¥I,¤@¯ë,¦¸­p¶q¶i¦ì,¾AÀ³¯g:¯Sµo©ÊªÍÅÖºû¤Æ,,Indication:Idiopathic pulmonary fibrosis.,,¥~ Æ[:¬õ´Ä¦âªø¶ê¬W§Î½¦Ån¡A¦L¦³150¦r¼Ë¡C,Appearance:Red-brown color soft capsule¡A marking:150,¸¡Âm¡Aäú¤ß¡A¸¡µh¡A¹Ã¦R¡A­¹¼¤¤U­°,Diarrhea¡A nausea¡A abdominal pain¡A vomiting¡A decreased appetite,,¬Ò¥i¥Î,§íªÍÅÖ³n½¦Ån150²@§J,Ofev 150mg,,,,§_,,À³¾ã²É§]ªA¡A¤Á¤Å«rÄZ©ÎÀ£¸H,¥X²{¨x¥\¯à²§±`¼x¶HÀ³¥ß§Y»PÂå®vÁpÃ´¡C,Precaution: Swallow the capsule whole. Do not crush¡A break or chew.,Check with doctor if you notice any sign of liver dysfunction,ªAÃÄ´Á¶¡½Ð¤Å§l·Ï¡CÃh¥¥¡A ±Â¨Å°ü¤k¤£¥i¨Ï¥Î¡C,Avoid smoking during therapy. Not recommended during pregnancy or breastfeeding.,,¤@¯ë,¤@¯ë,Äµ »y:À³¾ã²É§]ªA¡A¤Á¤Å«rÄZ©ÎÀ£¸H,,,0,0,§_,1.0,,§_,§_,§_,³æ¤è,§_,¥i¥Î,¥i¥Î,¤£¥i¿i,¬O,,1.00,1.00,1.00,1.00,60,168,0,0,2.00,2.00,0,0,,¦³¹Ï¤ù,,0,,0,,L01EX09,,,,,0.15,g,0.38,g,CAP,¬O,°·«Oµ¹¥I,°·«Oµ¹¥I,NINTEDANIB,L01EX09,BC26568100,§_,SolidDrugForm,ORCAP,,,,,,,,,PH047,202305101219,876.00,1051.00
OOKP,20160615,99999999,¥i¥Î,Okpine F.C. 5mg,Okpine F.C. 5mg,Olanzapine,PO,QD,CNEU,CN-02-01,¤fªA,TAB,Zyprexa,«D²Õ®M,,,¤@¯ë¥i¥Î,¬O,¤£¥i¥ÎÃÄ¥]¾÷,±ø¥ó¤Uµ¹¥I,¤@¯ë,Á`¶q¶i¦ì,¾AÀ³¯g:«äÄ±¥¢½Õ¯g¡A Âù·¥©Ê¯e±w¤§Ä¼¯gµo§@,,Indication:Treatment of psychotic symptoms,,¥~ Æ[:¥Õ¦â¶ê§Î¿õ¾¯¡A¤¤¶¡¦³­é¥b½u¡A¦L¦³NK¤Î501,Appearance:White color round tablet¡A marking: N I K¡A 501,µt­Â¡A Åé­«¼W¥[¡A ·w¯t¡A ÀR§¤¤£¯à¡A ­¹¼¤¼W¥[,Somnolence¡A weight gain¡A dizziness¡A akathisia¡A increased appetite,,¬Ò¥i¥Î,«ä§J©ú½¤¦ç¿õ 5 ²@§J,Okpine FC 5mg,,,¬O,¬O,,ªAÃÄ«á¥i¯àµo¥ÍÀY·w¡A ½Ð¤Å¶}¨®©Î¾Þ§@¦MÀI¾÷±ñ; ¤Å¶¼°s,,May induce dizziness or drowsiness. Be careful driving or operating machinery.,Avoid alcohol.,¦p¥ÎÃÄ«á¥X²{¥Ö¯l¯gª¬¡A¥ß§Y°±ÃÄ¦^¶E,If signs of skin rash occur¡A please consult doctor,105-2ÃÄ©e·|·s¶i,¤@¯ë,¤@¯ë,ªAÃÄ«á¥i¯àµo¥ÍÀY·w¡A ½Ð¤Å¶}¨®©Î¾Þ§@¦MÀI¾÷±ñ; ¤Å¶¼°s,,,0,0,§_,1.0,,§_,¬O,§_,³æ¤è,§_,¥i¥Î,¥i¥Î,¥i¿i,¬O,,1.00,1.00,5.00,5.00,999,999,1,1,10.00,10.00,0,0,,¦³¹Ï¤ù,,0,,0,,N05AH03,,,,,0,,0,,TAB,,°·«Oµ¹¥I,°·«Oµ¹¥I,OLANZAPINE,N05AH03,AC60237100,,SolidDrugForm,ORTAB,,,,,,,,,PH047,202303141759,34.10,44.00
OOKW,20201215,99999999,¥i¥Î,OKWE 20mg,OKWE 20mg,Omeprazole,PO,QD,ALIM,GI-01-02,¤fªA,CAP,Losec,«D²Õ®M,,,¤@¯ë¥i¥Î,¬O,¥i¥ÎÃÄ¥]¾÷,¥i¥Î,¤@¯ë,Á`¶q¶i¦ì,¾AÀ³¯g:¤Q¤G«ü¸z¼ìºÅ¡A­G¼ìºÅ¡A°f¬y©Ê­¹¹Dª¢,Zollinger-Ellison¯g­Ô¸s,Indication:Treatment of peptic ulcer¡Agastroesophageal reflux,Zollinger-Ellison Syndrome,¥~ Æ[:·t¬õ/²H¯»¬õ½¦Ån¡A¤W¦³N.K.P. 351¼Ð°O,Appearance:Dark red/pink capsule¡A with N.K.P. 351 marked.,¸¡Âm¡Aäú¤ß¡A«K¯µ¡AÀYµh,Diarrhea¡A Nausea¡A Constipation¡A Headache,,¬Ò¥i¥Î,¼Ú§J­G½¦Ån20²@§J,OKWE 20 mg,,,,¬O,,À³¾ã²É§]ªA¡A­Y»Ý©î½¦Ån½Ð¤ÅÄZ¯}½¦Ån¤º¤pÃÄ²y,,Swallow whole. Do not chew the contents of capsule if need to open the capsule.,,­¹ª«¤£¼vÅT¥»«~§l¦¬,The absorption of this medicine is not affected by food.,2020.Q4ÃÄ©e·s¶i,¤@¯ë,¤@¯ë,À³¾ã²É§]ªA¡A­Y»Ý©î½¦Ån½Ð¤ÅÄZ¯}½¦Ån¤º¤pÃÄ²y,,,0,0,§_,1.0,,§_,¬O,§_,³æ¤è,§_,¥i¥Î,¥i¥Î,¤£¥i¿i,¬O,,1.00,1.00,3.00,3.00,999,999,28,28,6.00,6.00,0.05,0.05,,¦³¹Ï¤ù,,0,,0,,A02BC01,,,,,0,,0,,CAP,,°·«Oµ¹¥I,°·«Oµ¹¥I,OMEPRAZOLE/ESOMEPRAZOLE,A02BC01,AC44270100,§_,SolidDrugForm,ENTCAP,,,0,,0,,,,PH022,202101211017,2.51,4.00
OOLB,19960101,99999999,°±¥Î,Olbetam 250mg,Olbetam 250mg,Acipimox,PO,,CAVS,CV-12-00,¤fªA,CAP,Olbetam,«D²Õ®M,°±¥Î,,¤@¯ë¥i¥Î,¬O,¤£¥i¥ÎÃÄ¥]¾÷,±ø¥ó¤Uµ¹¥I,¤@¯ë,Á`¶q¶i¦ì,¾AÀ³¯g:°ª¦å¯×,,,,,,,,,,,Olbetam 250mg,,,§_,¬O,,,,,,,,,¤@¯ë,¤@¯ë,,,,,,§_,1.0,,§_,§_,§_,³æ¤è,§_,¥i¥Î,¥i¥Î,¥i¿i,¬O,,1.00,1.00,999.00,999.00,999,999,1,1,0,0,0,0,,µL¹Ï¤ù,,0,,0,,,,,,,,,,,CAP,§_,°·«Oµ¹¥I,°·«Oµ¹¥I,ACIPIMOX,C10AD06,B017140100,§_,SolidDrugForm,ORCAP,,,,,,,,,PH047,202303141759,12.60,16.00
OOLM,20150615,99999999,¥i¥Î,Olmetec 40mg,Olmetec 40mg,Olmesartan medoxomil,PO,QD,CAVS,CV-08-00,¤fªA,TAB,,«D²Õ®M,,,¤@¯ë¥i¥Î,¬O,¤£¥i¥ÎÃÄ¥]¾÷,¥i¥Î,¤@¯ë,Á`¶q¶i¦ì,¾AÀ³¯g:°ª¦åÀ£,,Indication:Treatment of hypertension,,¥~ Æ[:¥Õ¦â¾ò¶ê§Î¿õ¡A¤@­±¦L¦³C15,Appearance:White elliptic tablet¡A marking: C15,ÀY·w¡AÀYµh¡A¸¡Âm¡A¸yµh¡A§C¦åÀ£,Dizziness¡A headache¡A diarrhea¡A back pain¡A hypotension,,¬Ò¥i¥Î,¶®¯ß ½¤¦ç¿õ 40 ²@§J,Olmetec 40mg,,,,¬O,,½Ð¿í·ÓÂå®v«ü¥Ü¥ÎÃÄ¡A ¤Å¦Û¦æ§ó§ï¾¯¶q©Î¥ÎÃÄ®É¶¡,,Follow doctor's advice. Do not change your dose or schedule.,,­¹ª«¥æ¤¬§@¥Î: ªAÃÄ´Á¶¡À³Á×§K¹L¶qÄá¨ú¹[ÆQ(¦p:¥NÆQ),Food interaction:Avoid over take potassium salt.,,¤@¯ë,¤@¯ë,,,,0,0,§_,1.0,,§_,¬O,§_,³æ¤è,§_,¥i¥Î,¥i¥Î,¥i¿i,¬O,,1.00,1.00,1.00,1.00,999,999,28,1,1.00,1.00,0,0,,¦³¹Ï¤ù,,0,,0,,C09CA08,,,,,0,,0,,TAB,,°·«Oµ¹¥I,°·«Oµ¹¥I,OLMESARTAN,C09CA08,BC25005100,§_,SolidDrugForm,ORTAB,,,,,,,,,PH047,202402221728,11.90,15.00
OOMA,20170315,99999999,¥i¥Î,Omacor Soft 1000mg,Omacor Soft 1000mg,Omega-3- Acid Ethyl Esters 90,PC,BID,CAVS,CV-12-00,¤fªA,CAP,,«D²Õ®M,,,¤@¯ë¥i¥Î,¬O,¤£¥i¥ÎÃÄ¥]¾÷,°·«O¤£µ¹¥I,¤@¯ë,Á`¶q¶i¦ì,¾AÀ³¯g:°ª¤T»Ä¥Ìªoà­¯g,,Indication:Treatment of hypertriglyceridemia,,¥~ Æ[:²H¶À¦â³z©ú³n½¦Ån¡A¦L¦³OMACOR,Appearance:soft capsules containing pale yellow oil.,äú¤ß¡A®ø¤Æ¤£¨}¡Aæ±Äo¡A¥Ö¯l¡A¦å²MALT©ÎAST¤É°ª,Nausea¡A dyspepsia¡A pruritus¡A skin rash¡A Increased serum ALT or AST,,¬Ò¥i¥Î,¯×§®²M³n½¦Ån 1000 ²@§J,Omacor Soft 1000 mg,,,,¬O,,­Y¥X²{¥ô¦ó°Æ§@¥Î¼x¶HÀ³¥ß§Y»PÂå®vÁpÃ´¡C,(¨x¥\¯à²§±`: ²§±`¯h­Â¡B¥Ö½§ÅÜ¶À¡B§¿²GÅÜ²`¡BÁT«KÅÜ¥Õ),Check with doctor if you notice any side effects.,(Signs of liver dysfunction: unusual fatigue¡Ajaundice¡A dark urine¡A or pale stool,¥X²{¥ô¦ó²§±`·ï«C©Î¥X¦å¡A¶Ë¤f¤£©ö¤î¦å¡A½Ð¾¨³t»PÂå®vÁpµ¸,Report any signs of unusual bruising or bleeding to doctor immediately.,2017¦~²Ä¤@¦¸ÃÄ©e·|³q¹L·s¶i,¤@¯ë,¤@¯ë,Äµ »y: ¥X²{¥ô¦ó²§±`·ï«C©Î¥X¦å¡A¶Ë¤f¤£©ö¤î¦å¡A½Ð¾¨³t»PÂå®vÁpµ¸,,,0,0,§_,1.0,,§_,¬O,§_,³æ¤è,§_,°±¥Î,°±¥Î,¤£¥i¿i,¬O,,1.00,1.00,4.00,4.00,999,999,1,1,4.00,4.00,0,0,,¦³¹Ï¤ù,,0,,0,,C10AX06,,,,,0,,0,,CAP,,¤£µ¹¥I¶·¦Û¥I,¤£µ¹¥I¶·¦Û¥I,,,,§_,SolidDrugForm,ORCAP,,,,,,,,,PH047,202303141759,0,60.00
OONE,19960101,99999999,°±¥Î,Onealfa 0.5mcg,Onealfa 0.5mcg,Alfacalcidol,PO,,META,ME-06-00,¤fªA,TAB,Onealfa,«D²Õ®M,°±¥Î,,¤@¯ë¥i¥Î,¬O,¥i¥ÎÃÄ¥]¾÷,,¤@¯ë,Á`¶q¶i¦ì,¾AÀ³¯g:¬°ºû¥L©RD3»s¾¯,,Vitamin D agent,,¥~ Æ[:¥Õ¦â¶ê«ó§Î¿õ¾¯,Appearance:White Round Tablet,,,,,©ôº¸µØ,Onealfa 0.5mcg,,,§_,¬O,,,,,,,,,¤@¯ë,¤@¯ë,Äµ »y:­Y¦P®É¨Ö¥Î§Ü¾®¦å¾¯warfarin¤§±wªÌ¡A ½Ð°È¥²§iª¾Âå®v,,,,,§_,1.0,,§_,§_,§_,³æ¤è,§_,¥i¥Î,¥i¥Î,¥i¿i,¬O,,1.00,1.00,8.00,8.00,999,999,1,1,0,0,0,0,,µL¹Ï¤ù,,0,,0,,,,,,,,,,,TAB,§_,¤£µ¹¥I¶·¦Û¥I,¤£µ¹¥I¶·¦Û¥I,ALFACALCIDOL,A11CC03,B023031100,§_,SolidDrugForm,ORTAB,,,,,,,,,PH047,202303141759,17.50,22.00
OONEH,19960101,99999999,°±¥Î,Onealfa 0.5mcg(µÇÅ¦¤º¬ì¨Ï¥Î),Onealfa 0.5mcg(µÇÅ¦¤º¬ì¨Ï¥Î),Alfacalcidol,PO,,META,ME-06-00,¤fªA,TAB,Onealfa,«D²Õ®M,°±¥Î,,¤@¯ë¥i¥Î,¬O,¥i¥ÎÃÄ¥]¾÷,,¤@¯ë,Á`¶q¶i¦ì,¾AÀ³¯g:¬°ºû¥L©RD3»s¾¯,,Osteoporosis¡A renal osteodystrophy¡A hypoparathyroidism¡A hype,,¥~ Æ[:¥Õ¦â¶ê«ó§Î¿õ¾¯,Appearance:White Round Tablet,,,,,©ôº¸µØ,Onealfa 0.5mcg(µÇÅ¦¤º¬ì¨Ï¥Î),,,§_,¬O,,,,,,,,,¤@¯ë,¤@¯ë,Äµ »y:­Y¦P®É¨Ö¥Î§Ü¾®¦å¾¯warfarin¤§±wªÌ¡A ½Ð°È¥²§iª¾Âå®v,,,,,§_,1.0,,§_,§_,§_,³æ¤è,§_,¥i¥Î,¥i¥Î,¥i¿i,¬O,,1.00,1.00,999.00,999.00,999,999,1,1,0,0,0,0,,µL¹Ï¤ù,,0,,0,,,,,,,,,,,TAB,§_,°·«Oµ¹¥I,°·«Oµ¹¥I,ALFACALCIDOL,A11CC03,B023031100,§_,SolidDrugForm,ORTAB,,,,,,,,,PH047,202303141759,20.10,25.00
OONG,20110710,99999999,°±¥Î,Onglyza 5mg,Onglyza 5mg,Saxagliptin,PO,QDPC,META,ME-02-06,¤fªA,TAB,Onglyza,«D²Õ®M,°±¥Î,,¤@¯ë¥i¥Î,¬O,¤£¥i¥ÎÃÄ¥]¾÷,¥i¥Î,¤@¯ë,Á`¶q¶i¦ì,¾AÀ³¯g:²Ä¤G«¬¿}§¿¯f,,Indication:Type 2 diabetes.,,¥~ Æ[:¯»¬õ¦â¶ê§Î½¤¦ç¿õ¡A ¦L¦³5¡A ¥t¤@­±4215ÂÅ¦â¦r¼Ë,Appearance:Pink round tablet,»ó«|ª¢¡A ÀYµh¡A §C¦å¿},Nasopharyngitis¡A headache¡A hypoglycemia,,¬Ò¥i¥Î,©ù®æ²ï½¤¦ç¿õ,Onglyza 5mg,,,§_,¬O,,¨Ï¥Î¥»ÃÄ­Y¦³³y¦¨­G¸z¤£¾A¡A ¥i»P­¹ª«¨ÖªA¨Ã¦h¸É¥R¤ô,,If have stomach upset¡A take with meals and increase water intake.,,,,,¤@¯ë,¤@¯ë,Äµ »y:¨Ï¥Î¥»ÃÄ­Y¦³³y¦¨­G¸z¤£¾A¡A¥i»P­¹ª«¨ÖªA¨Ã¦h¸É¥R¤ô,,,,,§_,1.0,,§_,§_,§_,³æ¤è,§_,¥i¥Î,¥i¥Î,¥i¿i,¬O,,1.00,1.00,1.00,1.00,999,999,1,1,2.00,2.00,0,0,,¦³¹Ï¤ù,,0,,0,,A10BH03,,,,,,,,,TAB,,°·«Oµ¹¥I,°·«Oµ¹¥I,saxagliptin,A10BH03,BC25221100,§_,SolidDrugForm,ORTAB,,,,,,,,,PH047,202303141759,21.40,28.00
OORF3,20060401,99999999,°±¥Î,Orfarin 3mg,Orfarin 3mg,Warfarin,PO,QD,HEMT,HE-02-00,¤fªA,TAB,Coumadin,«D²Õ®M,°±¥Î,,¤@¯ë¥i¥Î,¬O,¤£¥i¥ÎÃÄ¥]¾÷,¥i¥Î,¤@¯ë,Á`¶q¶i¦ì,¾AÀ³¯g:¬°§Ü¾®¦å¾¯,,Indication:Anticoagulant,,¥~ Æ[:²HÂÅ¦â¶ê«ó©Ê¿õ¾¯¡A ¤@­±¦LORN 17 ¤Î¤¤¥¡¨è²ª,Appearance: Light blue round tablet,±¼¾v¡A ¥Ö¯l¡A ¥X¦å©Ê¥Ö½§Ãa¦º,Alopecia¡A skin rashes of various kinds¡A hemorrhagic skin necrosis.,,¬Ò¥i¥Î,¼ÚªA¹ç¿õ-3,Orfarin 3mg,,,§_,¬O,½Ã±Ð³æ¤G,¥X²{¥ô¦ó²§±`·ï«C©Î¥X¦å¡A¶Ë¤f¤£©ö¤î¦å¡A½Ð¾¨³t»PÂå®vÁpµ¸,,Report any signs of unusual bruising or bleeding to doctor immediately.,,­¹ª«¥æ¤¬§@¥Î: ¥ÎÃÄ´Á¶¡ªººû¥Í¯ÀKÄá¨ú¶qÀ³«O«ù©T©w. ½Ð¿Ô¸ßÂåÀø±M·~¤H­û,Food interaction: Keep vitamin K intake similar from day to day.,102¦~²Ä¥|¦¸ÃÄ©e·|¨MÄ³§R°£,¤@¯ë,¤@¯ë,Äµ »y: ¥X²{¥ô¦ó²§±`·ï«C©Î¥X¦å¡A¶Ë¤f¤£©ö¤î¦å¡A½Ð¾¨³t»PÂå®vÁpµ¸,Äµ/­¹ °ªÄµ/­¹ª«,,,,§_,1.0,,§_,§_,§_,³æ¤è,§_,¥i¥Î,¥i¥Î,¤£¥i¿i,¬O,,1.00,1.00,2.00,2.00,999,999,1,1,6.00,6.00,0,0,,¦³¹Ï¤ù,,0,,0,,B01AA03,,,,,,,,,TAB,,°·«Oµ¹¥I,°·«Oµ¹¥I,WARFARIN,B01AA03,B023573100,§_,SolidDrugForm,ORTAB,,,,,,,,,PH047,202303141759,2.14,3.00
OORF5,20060401,99999999,°±¥Î,ORFARIN 5mg,ORFARIN 5mg,Warfarin,PO,QD,HEMT,HE-02-00,¤fªA,TAB,Coumadin,«D²Õ®M,°±¥Î,OCOF5,¤@¯ë¥i¥Î,¬O,¤£¥i¥ÎÃÄ¥]¾÷,¥i¥Î,¤@¯ë,Á`¶q¶i¦ì,¾AÀ³¯g:¬°§Ü¾®¦å¾¯,,Indication:Anticoagulant,,¥~ Æ[:¯»¬õ¦â¶ê«ó©Ê¿õ¾¯¡A ¤@­±¦LORN 18 ¤Î¤¤¥¡¨è²ª,Appearance: Pink round tablet,±¼¾v¡A ¥Ö¯l¡A ¥X¦å©Ê¥Ö½§Ãa¦º,Alopecia¡A skin rashes of various kinds¡A hemorrhagic skin necrosis.,,¬Ò¥i¥Î,¼ÚªA¹ç¿õ - 5,ORFARIN 5mg,,,§_,¬O,½Ã±Ð³æ¤G,¥X²{¥ô¦ó²§±`·ï«C©Î¥X¦å¡A ¶Ë¤f¤£©ö¤î¦å¡A ½Ð¾¨³t»PÂå®vÁpµ¸,,Report any signs of unusual bruising or bleeding to doctor immediately.,,­¹ª«¥æ¤¬§@¥Î: ¥ÎÃÄ´Á¶¡ªººû¥Í¯ÀKÄá¨ú¶qÀ³«O«ù©T©w. ½Ð¿Ô¸ßÂåÀø±M·~¤H­û,Food interaction: Keep vitamin K intake similar from day to day.,102¦~²Ä¥|¦¸ÃÄ©e·|¨MÄ³§R°£,¤@¯ë,¤@¯ë,Äµ »y: ¥X²{¥ô¦ó²§±`·ï«C©Î¥X¦å¡A¶Ë¤f¤£©ö¤î¦å¡A½Ð¾¨³t»PÂå®vÁpµ¸,Äµ/­¹ °ªÄµ/­¹ª«,,,,§_,1.0,,§_,§_,§_,³æ¤è,§_,°±¥Î,¥i¥Î,¤£¥i¿i,¬O,,1.00,1.00,2.00,2.00,999,999,1,1,6.00,6.00,0,0,,¦³¹Ï¤ù,,0,,0,,B01AA03,,,,,,,,,TAB,,°·«Oµ¹¥I,°·«Oµ¹¥I,WARFARIN,B01AA03,B023572100,§_,SolidDrugForm,ORTAB,,,,,,,,,PH047,202303141759,3.51,5.00
OOSC5,19960101,99999999,°±¥Î,Stanley Calcium(Ca= 500mg),Stanley Calcium(Ca= 500mg),Ca Carbonate from Oyster Shell,PO,,ALIM,GI-01-01,¤fªA,TAB,Os-cal,«D²Õ®M,°±¥Î,,¤@¯ë¥i¥Î,¬O,¥i¥ÎÃÄ¥]¾÷,±ø¥ó¤Uµ¹¥I,¤@¯ë,Á`¶q¶i¦ì,¾AÀ³¯g:¶t½è¯Ê¥F,,Calcium supplement,,¥~ Æ[:ºñ¦â¾ò¶ê§ÎÃÄ¿õ¡A¤@­±¦L¦³STANLEY¨è²ª,Appearance:Green Elliptic Tablet,,,,,¾i°©¶t,Stanley Calcium(Ca= 500mg),,,§_,¬O,,,,,,,,,¤@¯ë,¤@¯ë,Äµ »y:¥»«~¥iÄZ¸H«á§]ªA,,,,,§_,1.0,,§_,§_,§_,³æ¤è,§_,°±¥Î,¥i¥Î,¥i¿i,¬O,,1.00,1.00,1.00,1.00,999,999,1,1,0,0,0,0,,µL¹Ï¤ù,,0,,0,,,,,,,,,,,TAB,§_,¤£µ¹¥I¶·¦Û¥I,¤£µ¹¥I¶·¦Û¥I,,,,§_,SolidDrugForm,ORTAB,,,,,,,,,PH047,202303141759,0,7.00
OOTS,20060620,99999999,°±¥Î,Otsuka Abilify 10mg,Otsuka Abilify 10mg,Aripiprazole,PO,QD,CNEU,CN-02-01,¤fªA,TAB,Abilify,«D²Õ®M,°±¥Î,OZYD,¤@¯ë¥i¥Î,¬O,¤£¥i¥ÎÃÄ¥]¾÷,¥i¥Î,¤@¯ë,Á`¶q¶i¦ì,¾AÀ³¯g:ºë¯«¯f©Îºë¯«²§±`¤§¬ÛÃö¯gª¬¡A Âù·¥©Ê¯e±w¤§Ä¼´Áµo§@¡A,­«Æ{¯g¤§»²§UªvÀø,Indication:Treatment of psychotic symptoms¡A adjunctive,treatment of major depressive disorders.,¥~ Æ[:¯»¬õ¦â²¤¾ò¶ê§Î¿õ¾¯¡A¤@°¼¦³A-008©M10¦r¼Ë,Appearance:Pink elliptic tablet,«K¯µ¡A ·w¯t¡A ÀR§¤¤£¯à¡A µJ¼{¡A ¥¢¯v,Constipation¡A dizziness¡A akathisia¡A anxiety¡A insomnia¡A extrapyramidal disorder.,,¬Ò¥i¥Î,¤j¶ï¦w¥ß´_¿õ,Otsuka Abilify 10mg,,,¬O,¬O,,¥ÎÃÄ«á¥i¯àµo¥ÍÀY·w¡A ¤Å¶¼°s,,May induce dizziness or drowsiness.,Avoid drinking alcohol while taking medication.,,,,¤@¯ë,¤@¯ë,Äµ »y¡G¥ÎÃÄ«á¥i¯àµo¥ÍÀY·w¡A¤Å¶¼°s,,,,,§_,1.0,,§_,§_,§_,³æ¤è,§_,°±¥Î,¥i¥Î,¤£¥i¿i,¬O,,1.00,1.00,3.00,3.00,999,999,1,1,6.00,6.00,0,0,,¦³¹Ï¤ù,,0,,0,,N05AX12,,,,,,,,,TAB,,°·«Oµ¹¥I,°·«Oµ¹¥I,ARIPIPRAZOLE,N05AX12,BC24047100,§_,SolidDrugForm,ORTAB,,,,,,,,,PH047,202303141759,47.30,61.00
OOVE,19960101,99999999,°±¥Î,Ovestin 1mg,Ovestin 1mg,Estriol,PO,QD,HM,HR-03-02,¤fªA,TAB,Ovestin,«D²Õ®M,°±¥Î,,¤w°±¥Î,¬O,¤£¥i¥ÎÃÄ¥]¾÷,,¤@¯ë,Á`¶q¶i¦ì,¾AÀ³¯g:¬°¤k©Ê¶Pº¸»X¸É¥R¾¯,,Treatment of postmenopausal syndrome,,¥~ Æ[:¥Õ¦â¶ê«ó§Î¿õ¾¯,Appearance:White round tablet,,,,,¼Ú¾A¹F,Ovestin 1mg,,,§_,¬O,,,,,,,,,¤@¯ë,¤@¯ë,Äµ »y:½Ð¿í·ÓÂå®v«ü¥Ü¨Ï¥Î¡A­Yµo¥ÍºÃ¦üÃÄª«¤£¨}¤ÏÀ³½Ð§iª¾Âå¥Í¡C,,,,,§_,1.0,,§_,§_,§_,³æ¤è,§_,¥i¥Î,¥i¥Î,¥i¿i,¬O,,1.00,1.00,8.00,8.00,999,999,30,1,0,0,0,0,,µL¹Ï¤ù,,0,,0,,,,,,,,,,,TAB,§_,¤£µ¹¥I¶·¦Û¥I,¤£µ¹¥I¶·¦Û¥I,,,,§_,SolidDrugForm,ORTAB,,,,,,,,,PH047,202303141759,0,5.00
OOXB,20130916,99999999,¥i¥Î,Oxbu 5mg extended-release,Oxbu 5mg extended-release,Oxybutynin,PO,QD,SGU,UR-05-00,¤fªA,TAB,Ditropan,«D²Õ®M,,,¤@¯ë¥i¥Î,¬O,¤£¥i¥ÎÃÄ¥]¾÷,¥i¥Î,¤@¯ë,Á`¶q¶i¦ì,¾AÀ³¯g:ªvÀø¦ñ¦³«æ§¿¡BÀW§¿©Î«æ­¢©Ê§¿¥¢¸T¯gª¬ªº»H¯Ö¹L°Ê¯g¡C,,Indication:Treatment of urinary incontinence.,,¥~ Æ[:¶À¦â§Z§Î¿õ¾¯,Appearance:yellow oval tablet,«K¯µ¡A ¬y¦½¶q´î¤Ö¡A ©ü©ü±ýºÎ¡A ¤f»ó³ï°®Àê,Constipation¡A decreased sweating¡A drowsiness¡A dryness of mouth¡A nose¡A and throat,,¬Ò¥i¥Î,¼ÚµÎ½wÄÀ¿õ,Oxbu ER 5mg,,,¬O,§_,,¾ã²É§]ªA¡A°¸¦³¤f°®¡A µø¤O¼Ò½k¡A ¤ß¸õ¥[³tµ¥²{¶H¡A ¼Æ¤é«á·|¦ÛµM®ø¥¢,,Swallow whole tallet. May cause thirst¡A blurred vision¡A or rapid heartbeat.,,³Æµù: ¥i¯à·|¼vÅT¾r¾p©Î¾Þ§@¾÷±ñ¯à¤O,May impair ability to drive or operate machinery.,,¤@¯ë,¤@¯ë,Äµ »y:°¸¦³¤f°®¡Bµø¤O¼Ò½k¡B¤ß¸õ¥[³tµ¥²{¶H¡A¼Æ¤é«á·|¦ÛµM®ø¥¢,,,0,0,§_,1.0,,§_,¬O,§_,³æ¤è,§_,¥i¥Î,¥i¥Î,¤£¥i¿i,¬O,,1.00,1.00,6.00,6.00,999,999,7,1,6.00,6.00,0,0,,¦³¹Ï¤ù,,0,,0,,G04BD04,,,,,,,,,TAB,,°·«Oµ¹¥I,°·«Oµ¹¥I,OXYBUTYNIN,G04BD04,AC49153100,§_,SolidDrugForm,ORTAB,,,,,,,,,PH047,202303141800,5.70,8.00
OPAD,20180807,99999999,¥i¥Î,Padalin 100mg,Padalin 100mg,Mebeverine,AC,,ALIM,GI-05-00,¤fªA,TAB,Dobecon,«D²Õ®M,,ODOB,¤@¯ë¥i¥Î,¬O,¤£¥i¥ÎÃÄ¥]¾÷,¥i¥Î,¤@¯ë,Á`¶q¶i¦ì,¾AÀ³¯g:­G¸zµjÅË¡A¸zª¢¡A­Gª¢¡AÁxÅn¹B°ÊµL¤O¯g,,Indication:Gastrointestinal cramps¡A enteritis¡A gastritis¡A,irritable bowel syndrome.,¥~ Æ[: ºñ¦â¶ê§Î¿õ¾¯¡A¦L¦³¤Q¦r¨è²ª,Appearance: Green Round Tablet,ÀY·w¡AÀYµh¡A­G¸z¤£¾A¡A­¹¼¤¤£®¶,Dizziness¡A headache¡A GI disturbances¡A anorexia,,¬Ò¥i¥Î,¸¡¹F¹ç¿õ100²@§J,Padalin 100mg,,,§_,¬O,,ªAÃÄ«á¡A ½Ð¤Å¶}¨®©Î¾Þ§@¦MÀI¾÷±ñ,,Be careful driving or operating machinery.,,«C¥ú²´±wªÌ¨Ï¥Î»ÝÂÔ·V¡C,Use with caution in patients with glaucoma.,2018.08¡A 2023.01 Dobecon 100mg¯Ê³f¼È¥N,¤@¯ë,¤@¯ë,Äµ »y:¥i¯à·|³y¦¨¶ÝºÎ©Î·w¯t¡A ¶}¨®©Î¾Þ§@¦MÀI¾÷¾¹½Ð¤p¤ß,,,0,0,§_,1.0,,§_,¬O,§_,³æ¤è,§_,¥i¥Î,¥i¥Î,¥i¿i,¬O,,0,0,2.00,2.00,999,999,1,1,4.50,4.50,0,0,,¦³¹Ï¤ù,,0,,0,,A03AA04,,,,,0.10,g,0.30,g,TAB,,°·«Oµ¹¥I,°·«Oµ¹¥I,MEBEVERINE,A03AA04,AC354771G0,§_,SolidDrugForm,ORTAB,,,0,,0,,,,PH006,202302240824,2.00,3.00
OPAN,19960101,99999999,°±¥Î,Panamax 500mg,Panamax 500mg,Acetaminophen,PC,QID,CNEU,CN-01-05,¤fªA,TAB,Scanol,«D²Õ®M,°±¥Î,OFUCO,¤@¯ë¥i¥Î,¬O,¥i¥ÎÃÄ¥]¾÷,,¤@¯ë,Á`¶q¶i¦ì,¾AÀ³¯g:¨ã¸Ñ¼ö¡A Âíµh§@¥Î,,Indication:Relief of pain¡A fever,,¥~ Æ[:¥Õ¦â¶ê«ó§Î¿õ¾¯¡A ¤Ï­± PMX,Appearance:White round tablet,äú¤ß¡A ¹Ã¦R,Nausea; vomiting,,,¦Ê¹çµh,Panamax 500mg,,,§_,¬O,,¥ÎÃÄ´Á¶¡À³Á×§K¶¼¥Î§t°sºë¶¼®Æ,,Avoid alcohol while taking medication.,,,,,¤@¯ë,¤@¯ë,Äµ »y¡G¥ÎÃÄ´Á¶¡À³Á×§K¶¼¥Î§t°sºë¶¼®Æ,,,,,§_,1.0,,§_,§_,§_,³æ¤è,§_,°±¥Î,¥i¥Î,¥i¿i,¬O,,1.00,1.00,2.00,2.00,999,999,0,1,8.00,8.00,0.20,0.04,,¦³¹Ï¤ù,,0,,0,,N02BE01,,,,,,,,,TAB,§_,°·«Oµ¹¥I,°·«Oµ¹¥I,ACETAMINOPHEN,N02BE01,B023554100,§_,SolidDrugForm,ORTAB,,,,,,,,,PH047,202303141634,0.62,2.00
OPAN3,20040401,99999999,°±¥Î,Panagesic 30mg,Panagesic 30mg,Nefopam,PO,QID,CNEU,CN-01-05,¤fªA,TAB,Acupan,«D²Õ®M,°±¥Î,,¤@¯ë¥i¥Î,¬O,¤£¥i¥ÎÃÄ¥]¾÷,¥i¥Î,¤@¯ë,Á`¶q¶i¦ì,¾AÀ³¯g:¬°¤îµhÃÄ,,Indication:Relief of pain.,,¥~ Æ[:¥Õ¦â¶ê§Î¿õ¾¯¡A¤@­±¦³¤¤¥¡¨è²ª,Appearance:White round tablet,¤f°®¡A äú¤ß,Dry mouth; vomiting,,¬Ò¥i¥Î,«O¼Ö°·,Panagesic 30mg,,,§_,¬O,,¤ß¦Ù±ð¶ë±wªÌ¸T¤î¨Ï¥Î,,Avoid in patients with myocardial infarction.,,,,,¤@¯ë,¤@¯ë,Äµ »y:¤ß¦Ù±ð¶ë±wªÌ¸T¤î¨Ï¥Î,,,,,§_,1.0,,§_,§_,§_,³æ¤è,§_,¥i¥Î,¥i¥Î,¥i¿i,¬O,,1.00,1.00,2.00,2.00,999,999,1,1,10.00,10.00,0,0,,¦³¹Ï¤ù,,0,,0,,N02BG06,,,,,,,,,TAB,,°·«Oµ¹¥I,°·«Oµ¹¥I,NEFOPAM,N02BG06,B011051100,§_,SolidDrugForm,ORTAB,,,,,,,,,PH047,202303141634,5.80,8.00
OPANA,19960101,99999999,°±¥Î,Panadol for Children 80mg,Panadol for Children 80mg,Acetaminophen,PO,,CNEU,CN-01-05,¤fªA,TAB,Panadol,«D²Õ®M,°±¥Î,,¤@¯ë¥i¥Î,¬O,¤£¥i¥ÎÃÄ¥]¾÷,,¤@¯ë,Á`¶q¶i¦ì,¾AÀ³¯g:¨ã¸Ñ¼ö¡BÂíµh§@¥Î,,Analgesic and antipyretic,,¥~ Æ[:²H¶À¦â¶ê§Î¿õ¾¯¡A¤@­±¦³80¨è²ª¡A¤@­±¦L¤p¨à´¶®³¯k,Appearance:Light Yellow Round Tablet,,,,,¤p¨à´¶®³¯k,Panadol for Children 80mg,,,§_,¬O,,,,,,,,,¤@¯ë,¤@¯ë,Äµ »y:¤ß¦Ù±ð¶ë±wªÌ¸T¤î¨Ï¥Î,,,,,§_,1.0,,§_,§_,§_,³æ¤è,§_,¥i¥Î,¥i¥Î,¥i¿i,¬O,,1.00,1.00,6.00,6.00,999,999,1,1,0,0,0,0,,µL¹Ï¤ù,,0,,0,,,,,,,,,,,TAB,§_,¤£µ¹¥I¶·¦Û¥I,¤£µ¹¥I¶·¦Û¥I,,,,§_,SolidDrugForm,ORTAB,,,,,,,,,PH047,202303141634,0,2.00
OPANT,19960101,99999999,°±¥Î,Pantadin 60mg,Pantadin 60mg,Terfenadine,PO,,HIMM,IM-01-00,¤fªA,TAB,Harnic,«D²Õ®M,°±¥Î,OALL6,¤w°±¥Î,¬O,¤£¥i¥ÎÃÄ¥]¾÷,,¤@¯ë,Á`¶q¶i¦ì,¾AÀ³¯g:¹L±Ó©Ê¯gª¬,,,,,,,,,,,Pantadin 60mg,,,§_,¬O,,,,,,,,,¤@¯ë,¤@¯ë,Äµ »y:¤£¥i»P¸²µå¬c¥Ä©Î¬õÅð¯À¨ÖªA,,,,,§_,1.0,,§_,§_,§_,³æ¤è,§_,¥i¥Î,¥i¥Î,¥i¿i,¬O,,1.00,1.00,999.00,999.00,999,999,1,1,0,0,0,0,,µL¹Ï¤ù,,0,,0,,,,,,,,,,,TAB,§_,°·«Oµ¹¥I,°·«Oµ¹¥I,TERFENADINE,R06AX12,A030053100,§_,SolidDrugForm,ORTAB,,,,,,,,,PH047,202303141800,3.47,5.00
OPAR,20101216,99999999,°±¥Î,Parkryl 5mg,Parkryl 5mg,Selegiline,PO,BID,CNEU,CN-03-06,¤fªA,TAB,Jumexal,«D²Õ®M,°±¥Î,,¤@¯ë¥i¥Î,¬O,¤£¥i¥ÎÃÄ¥]¾÷,¥i¥Î,¤@¯ë,Á`¶q¶i¦ì,¾AÀ³¯g:¤Úª÷´Ë¯f¯g¤§»²§UªvÀø¾¯,,Indication:Treat the symptoms of Parkinson's disease,,¥~ Æ[:¤@­±¨èL.O.¥t¤@­±¨è1¦r¼Ë¥Õ¦â¿õ¾¯,Appearance:White round tablet,¦n°Ê¡A ±¡ºü§ïÅÜ¡A ¸¡µh¡A ©ü³Ö¡A ¤f°®¡A äú¤ß¡A ºÎ¯v»ÙÃª,hyperactive; emotional changes; abdominal pain; faint; dry mouth; nausea.,,¬Ò¥i¥Î,¤Ú¥iÂ¡¿õ,Parkryl 5mg,,,§_,¬O,½Ã±Ð³æ¥|,¤Å¶¼°s©M©@°Ø¦]¶¼®Æ¡A ¥H¤Î´I§t¹TÓi­¹ª«,,Avoid alcohol¡A caffeine-containing beverage or tyramine-containing foods.,,­¹ª«¥æ¤¬§@¥Î: ªAÃÄ´Á¶¡Á×§K­¹¥Î§t¤j¶q¹TÓi»Äªº­¹ª«,Food interaction: Avoid tyramine-containing foods,,¤@¯ë,¤@¯ë,Äµ»y¡G¤Å¶¼°s©M©@°Ø¦]¶¼®Æ¡A¥H¤Î´I§t¹TÓi­¹ª«,­¹ ­¹ª«¥æ¤¬,,,,§_,1.0,,§_,§_,§_,³æ¤è,§_,¥i¥Î,¥i¥Î,¥i¿i,¬O,,1.00,1.00,1.00,1.00,999,999,1,1,0,0,0,0,,¦³¹Ï¤ù,,0,,0,,N04BD01,,,,,,,,,TAB,,°·«Oµ¹¥I,°·«Oµ¹¥I,SELEGILINE,N04BD01,A036215100,§_,SolidDrugForm,ORTAB,,,,,,,,,PH047,202303141800,4.41,6.00
OPARL,19960101,99999999,¥i¥Î,Volbro 2.5mg,Volbro 2.5mg,Bromocriptine,WM,QD,CNEU,CN-03-04,¤fªA,CAP,Parlodel,«D²Õ®M,°±¥Î,,¤@¯ë¥i¥Î,¬O,¤£¥i¥ÎÃÄ¥]¾÷,,¤@¯ë,Á`¶q¶i¦ì,¾AÀ³¯g:¥Dªv©¬ª÷´Ë¤ó¯g¡A ªc¨Å¿E¯À¹L°ª,,Indication:Amenorrhea¡A galactorrhea¡A parkinsonism,,¥~ Æ[:¿BÂÅµµ¦âªø¶ê¬W§Îµw½¦Ån,Appearance:Purple cylinder hard capsule,·w¯t¡A ¯h­Â¡A ¹Ã¦R¡A «º¶Õ©Ê§C¦åÀ£¡A «K¯µ¡A ©ü©ü±ýºÎ,dizziness¡A fatigue¡A vomiting¡A orthostatic hypotension¡A constipation¡A drowsiness.,,,¼Ú´¶¹T,Volbro 2.5mg,,,¬O,¬O,,¥i¯à·|¤Þ°_¤f°®¡A äú¤ßµ¥²{¶H,,May cause dry mouth¡A nausea.,,,,,¤@¯ë,¤@¯ë,Äµ »y:¥i¯à·|¤Þ°_¤f°®¡Bäú¤ßµ¥²{¶H,,,,,§_,1.0,,§_,¬O,§_,³æ¤è,§_,°±¥Î,°±¥Î,¥i¿i,¬O,,1.00,1.00,4.00,4.00,999,999,1,1,40.00,40.00,0,0,,¦³¹Ï¤ù,,0,,0,,G02CB01,,,,,,,,,CAP,§_,°·«Oµ¹¥I,°·«Oµ¹¥I,BROMOCRIPTINE,G02CB01,AB27629100,§_,SolidDrugForm,ORCAP,,,,,,,,,PH006,202311120843,13.00,17.00
OPAX,20220429,99999999,¥i¥Î,Paxlovid 300/100mg¡A 10 doses (¤½¶O),Paxlovid 300/100mg¡A 10 doses (¤½¶O),Nirmatrelvir + Ritonavir,PO,BID,QANB,AI-03-09,¤fªA,DOSE,¤½¶OCOVID-19¤fªA§Ü¯f¬rÃÄ¾¯,«D²Õ®M,,,±M®×¶i¤fÃÄ«~,¬O,¤£¥i¥ÎÃÄ¥]¾÷,­­¥Î,¤@¯ë,¦¸­p¶q¶i¦ì,¾AÀ³¯g:12·³¥B40¤½¤ç¥H¤W¨àµ£¤Î¦¨¤H·s«¬«aª¬¯f¬r(SARS-CoV-2,,Indication:Infection of COVID-19(age>12¡A body weight>40kg),,¥~ Æ[:¯»¬õ¦âÃÄ¿õ¤W¦³PFE/3CL¼Ð°O¤Î¥Õ¦âÃÄ¿õ¤W¦³H/R9¼Ð°O,Appearance: pink tablet with PFE/3CL¡A white table with H/R9,¨ýÄ±»ÙÃª¡B¸¡Âm¡B°ª¦åÀ£¡B¦Ù¦×µh,dysgeusia¡A diarrhea¡A hypertension¡A myalgia.,,¥u¥Î©óªù¶E¤Î¦í°|STAT,½÷·çPaxlovid (¤½¶OCOVID-19¤fªAÃÄ),Paxlovid 300/100mg¡A 10 doses,,,,§_,,½ÐªA§¹5¤Ñ§¹¾ãÀøµ{¡C»Ý¾ãÁû§]ªA¡A¤£±o©CÄZ©ÎÀ£¸H.,¨Ï¥Î«e½Ð¸Ô¾\ "¯f¤H¡B¤÷¥À©M·ÓÅ@ªÌªº»¡©ú®Ñ",Should complete the full 5-day treatment course.,The tablets should be swallowed whole¡A not chewed¡A broken¡A or crushed.,¤@¯ë¾¯¶q¨C¦¸À³¦P®ÉªA¥Î2Áû¯»¬õ¦â¤Î1Áû¥Õ¦âÃÄ¿õ.,The usual dosage is 2 pink and 1 white tablet¡A taking them together each time.,2022.05¬F©²´£¨Ñ¡A»Ý¥Ñ·P±±¥Ó½Ð,¤@¯ë,¤@¯ë,½ÐªA§¹5¤Ñ§¹¾ãÀøµ{.»Ý¾ãÁû§]ªA¡A¤£±o©CÄZ©ÎÀ£¸H.,,,0,0,§_,10.0,,¬O,¬O,¬O,½Æ¤è,§_,°±¥Î,°±¥Î,¤£¥i¿i,§_,,1.00,1.00,1.00,1.00,5,5,5,5,2.00,2.00,0,0,,¦³¹Ï¤ù,,0,,0,,J05AE30,J05AE03,,,,0,,0,,BOX,,°·«Oµ¹¥I,°·«Oµ¹¥I,,,XCOVID0001,§_,SolidDrugForm,ORTAB,,,0,,0,,,,PH047,202305240918,0,0
OPAXS,20230102,99999999,¥i¥Î,Paxlovid (¦Û¶O) 300/100mg¡A 10 doses,Paxlovid (¦Û¶O) 300/100mg¡A 10 doses,Nirmatrelvir + Ritonavir,PO,BID,QANB,AI-03-09,¤fªA,DOSE,¥~°ê¤H¦Û¶OCOVID-19¤fªA§Ü¯f¬rÃÄ¾¯,«D²Õ®M,,,±M®×¶i¤fÃÄ«~,¬O,¤£¥i¥ÎÃÄ¥]¾÷,°·«O¤£µ¹¥I,¤@¯ë,¦¸­p¶q¶i¦ì,¾AÀ³¯g:12·³¥B40¤½¤ç¥H¤W¨àµ£¤Î¦¨¤H·s«¬«aª¬¯f¬r(SARS-CoV-,,Indication:Infection of COVID-19(age>12¡A body weight>40kg),,¥~ Æ[:¯»¬õ¦âÃÄ¿õ¤W¦³PFE/3CL¼Ð°O¤Î¥Õ¦âÃÄ¿õ¤W¦³H/R9¼Ð°O,Appearance: pink tablet with PFE/3CL¡A white table with H/R9,¨ýÄ±»ÙÃª¡B¸¡Âm¡B°ª¦åÀ£¡B¦Ù¦×µh,dysgeusia¡A diarrhea¡A hypertension¡A myalgia.,,¥u¥Î©óªù¶E¤Î¦í°|STAT,½÷·çPaxlovid (¯eºÞ¸p),(¦Û¶O)Paxlovid 300/100mg,,,,¬O,,½ÐªA§¹5¤Ñ§¹¾ãÀøµ{¡C»Ý¾ãÁû§]ªA¡A¤£±o©CÄZ©ÎÀ£¸H.,¨Ï¥Î«e½Ð¸Ô¾\ "¯f¤H¡B¤÷¥À©M·ÓÅ@ªÌªº»¡©ú®Ñ",Should complete the full 5-day treatment course.,The tablets should be swallowed whole¡A not chewed¡A broken¡A or crushed.,¤@¯ë¾¯¶q¨C¦¸À³¦P®ÉªA¥Î2Áû¯»¬õ¦â¤Î1Áû¥Õ¦âÃÄ¿õ.,The usual dosage is 2 pink and 1 white tablet¡A taking them together each time.,2023.01¬F©²´£¨Ñ¡A­­«D¥»°êÄy¯f±w¨Ï¥Î,¤@¯ë,¤@¯ë,½ÐªA§¹5¤Ñ§¹¾ãÀøµ{.»Ý¾ãÁû§]ªA¡A¤£±o©CÄZ©ÎÀ£¸H.,,,0,0,§_,10.0,,¬O,¬O,¬O,½Æ¤è,§_,°±¥Î,°±¥Î,¤£¥i¿i,§_,,1.00,1.00,1.00,1.00,5,5,5,5,2.00,2.00,0,0,,¦³¹Ï¤ù,,0,,0,,J05AE30,J05AE03,,,,0,,0,,BOX,,¤£µ¹¥I¶·¦Û¥I,¤£µ¹¥I¶·¦Û¥I,,,,§_,SolidDrugForm,ORTAB,,,0,,0,,,,PH047,202308220915,0,21979.00
OPCN,19960101,99999999,°±¥Î,Penicillin V 240mg,Penicillin V 240mg,Penicillin V,PO,Q6H,QANB,AI-01-01,¤fªA,TAB,Penicillin V,«D²Õ®M,°±¥Î,,¤@¯ë¥i¥Î,¬O,¤£¥i¥ÎÃÄ¥]¾÷,,¤@¯ë,Á`¶q¶i¦ì,¾AÀ³¯g:²Óµß©Ê·P¬V,,Indication:Antibiotic for infection,,¥~ Æ[:¦L D16¡A ¤¤¥¡¨è²ª¥Õ¦â¶ê«ó§Î¿õ¾¯,Appearance:White round tablet,¸¡Âm¡A äú¤ß¡A ¹Ã¦R¡A ¹L±Ó¤ÏÀ³,Diarrhea¡A nausea¡A vomiting¡A hypersensitivity reactions.,,,°t¥§¦èªL¢ä,Penicillin V 240mg,,,§_,¬O,,½Ð¿í«ü¥ÜªA§¹¾ã­ÓÀøµ{¡A ­Yµo¥Í¥ÎÃÄ¤£¨}¤ÏÀ³½Ð§iª¾Âå¥Í,,Follow doctor's advice. Check with doctor if you notice any side effects.,,,,2014¦~²Ä¤G¦¸ÃÄ©e·|¨MÄ³§R°£ (°±²£),¤@¯ë,¤@¯ë,Äµ »y:½Ð¿í«ü¥ÜªA§¹¾ã­ÓÀøµ{¡A­Yµo¥Í¥ÎÃÄ¤£¨}¤ÏÀ³½Ð§iª¾Âå¥Í¡C,LA ¥~Æ[¬Û¦ü,,,,§_,1.0,,§_,§_,§_,³æ¤è,§_,¥i¥Î,¥i¥Î,¥i¿i,¬O,,1.00,1.00,2.00,2.00,14,14,0,1,16.00,16.00,3.13,1.05,,¦³¹Ï¤ù,,0,,0,,J01CE02,,,,,,,,,TAB,§_,°·«Oµ¹¥I,°·«Oµ¹¥I,PENICILLIN V,J01CE02,NC02479100,§_,SolidDrugForm,ORTAB,,,,,,,,,PH047,202303141800,1.69,3.00
OPEA,19960101,99999999,¥i¥Î,Peace 2.5/60mg,Peace 2.5/60mg,Triprolidine + Pseudoephedrine,PO,TID,HIMM,IM-01-00,¤fªA,TAB,Peace,«D²Õ®M,¼t°Ó¯Ê³f,,¤@¯ë¥i¥Î,¬O,¥i¥ÎÃÄ¥]¾÷,,¤@¯ë,Á`¶q¶i¦ì,¾AÀ³¯g:¥Dªv¹L±Ó©Ê»óª¢¡A »ó¶ë¡A ¬y»ó¤ô¤§½w¸Ñ,,Indication:Relief of symptoms of allergic rhinitis,,¥~ Æ[:²L¶À¦â¥¿¤è§Î¿õ¾¯¡A ¤@­±¦LYS¡A ¤@­±¦³¤¤¥¡¨è²ª,Appearance:Light yellow square tablet,©ü©ü±ýºÎ¡A ·ð²GÂH¸Y,Sleepy; thickening of the bronchial secretions,,,»óºÖ,Peace 2.5/60mg,,,¬O,¬O,,³¡¤À¤H¨Ï¥Î«á¥i¯à¤Þ°_¯h­Â¡A µtºÎªº²{¶H,,May cause fatigue¡A sleepiness.,,,,,¤@¯ë,¤@¯ë,Äµ »y:³¡¤À¤H¨Ï¥Î«á¥i¯à¤Þ°_¯h­Â¡BµtºÎªº²{¶H,,¤fªAÃÄ,,,§_,1.0,,§_,¬O,§_,½Æ¤è,§_,¥i¥Î,¥i¥Î,¥i¿i,¬O,,1.00,1.00,1.00,1.00,999,999,1,1,8.00,8.00,0.12,0.04,,¦³¹Ï¤ù,,0,,0,,R01BA52,R06AX07,R01BA02,,,,,,,TAB,§_,°·«Oµ¹¥I,°·«Oµ¹¥I,TRIPROLIDINE HCL,R01BA52,AC269841G0,§_,SolidDrugForm,ORTAB,,,,,,,,,PH006,202403201502,2.00,3.00
OPER,19960101,99999999,°±¥Î,Persantin S.C. 50mg,Persantin S.C. 50mg,Dipyridamole,PO,TIDAC,HEMT,HE-03-00,¤fªA,TAB,Persantin,«D²Õ®M,°±¥Î,OSANC,¤@¯ë¥i¥Î,¬O,¤£¥i¥ÎÃÄ¥]¾÷,,¤@¯ë,Á`¶q¶i¦ì,¾AÀ³¯g:¹w¨¾¤ß¦Ù±ð¶ë¡A ´î§C¦å¤pªO¾®¶°¡A §¿³J¥Õ,,Indication:Prevention of stroke¡A myocardial infarction,,¥~ Æ[:¿j¬õ¦â¶ê§ÎÃÄ¿õ,Appearance:Brick red round tablet,¸¡³¡©Î­GµjÅË¡A ¸¡Âm¡A ÀY·w¡A Áy¼é¬õ¡A äú¤ß¹Ã¦R¡A µê®z,Abdominal or stomach cramps¡A diarrhea¡A dizziness or lightheadedness¡A flushing.,,,³ÆÂí¤ß,Persantin S.C. 50mg,,,§_,¬O,,¥i¯à¦³®É·|Ä±±oÀY·w¡A ©ü¯t¡A ½ÐÁ×§K§Ö³tªº°Ê§@©Î«º¶ÕÅÜ¤Æ,,May cause dizziness or drowsiness. Take care to avoid sudden movement.,,,,2013¦~²Ä¤T¦¸ÃÄ©e·|¨MÄ³§R°£,¤@¯ë,¤@¯ë,Äµ »y:¥i¯à¦³®É·|Ä±±oÀY·w¡B©ü¯t¡A½ÐÁ×§K§Ö³tªº°Ê§@©Î«º¶ÕÅÜ¤Æ,,,,,§_,1.0,,§_,§_,§_,³æ¤è,§_,¥i¥Î,¥i¥Î,¥i¿i,¬O,,1.00,1.00,2.00,2.00,999,999,1,1,8.00,8.00,0,0,,¦³¹Ï¤ù,,0,,0,,B01AC07,,,,,,,,,TAB,§_,°·«Oµ¹¥I,°·«Oµ¹¥I,DIPYRIDAMOLE,B01AC07,AC294321G0,§_,SolidDrugForm,ORTAB,,,,,,,,,PH047,202303141800,2.00,3.00
OPER2,19960101,99999999,°±¥Î,Persantin 25mg,Persantin 25mg,Dipyridamole,PO,,HEMT,HE-03-00,¤fªA,TAB,Persantin,«D²Õ®M,°±¥Î,OPER,¤@¯ë¥i¥Î,¬O,¥i¥ÎÃÄ¥]¾÷,,¤@¯ë,Á`¶q¶i¦ì,¾AÀ³¯g:¹w¨¾¤ß¦Ù±ð¶ë¡B´î§C¦å¤pªO¾®¶°,,,,,,,,,,,Persantin 25mg,,,§_,¬O,,,,,,,,,¤@¯ë,¤@¯ë,,,,,,§_,1.0,,§_,§_,§_,³æ¤è,§_,¥i¥Î,¥i¥Î,¥i¿i,¬O,,1.00,1.00,999.00,999.00,999,999,1,1,0,0,0,0,,µL¹Ï¤ù,,0,,0,,,,,,,,,,,TAB,§_,°·«Oµ¹¥I,°·«Oµ¹¥I,DIPYRIDAMOLE,B01AC07,A028454100,§_,SolidDrugForm,ORTAB,,,,,,,,,PH047,202303141800,1.84,3.00
OPER7,19960101,99999999,°±¥Î,Persantin 75mg,Persantin 75mg,Dipyridamole,PO,,HEMT,HE-03-00,¤fªA,TAB,Persantin,«D²Õ®M,°±¥Î,OPER,¤w°±¥Î,¬O,¥i¥ÎÃÄ¥]¾÷,,¤@¯ë,Á`¶q¶i¦ì,¾AÀ³¯g:¹w¨¾¤ß¦Ù±ð¶ë¡B´î§C¦å¤pªO¾®¶°¡B§¿³J¥Õ,,Coronary insufficiency; Inhibition of platelet aggregation.,,¥~ Æ[:¬õ¦â¶ê§Î¿}¦ç¿õ,Appearance:Red Round Tablet,,,,,,Persantin 75mg,,,§_,¬O,,,,,,,,,¤@¯ë,¤@¯ë,,,,,,§_,1.0,,§_,§_,§_,³æ¤è,§_,¥i¥Î,¥i¥Î,¥i¿i,¬O,,1.00,1.00,999.00,999.00,999,999,1,1,0,0,0,0,,µL¹Ï¤ù,,0,,0,,,,,,,,,,,TAB,§_,°·«Oµ¹¥I,°·«Oµ¹¥I,DIPYRIDAMOLE,B01AC07,A028507100,§_,SolidDrugForm,ORTAB,,,,,,,,,PH047,202303141800,5.50,7.00
OPERD,19960101,99999999,°±¥Î,Perdipine 20mg,Perdipine 20mg,Nicardipine,PO,,CAVS,CV-05-00,¤fªA,TAB,Perdipine,«D²Õ®M,°±¥Î,,¤@¯ë¥i¥Î,¬O,¤£¥i¥ÎÃÄ¥]¾÷,,¤@¯ë,Á`¶q¶i¦ì,¾AÀ³¯g:°ª¦åÀ£,,Indication:Treatment of hypertension,,¥~ Æ[:¦L¦³540¡A ¥Õ¦â¶ê¥Y§Î¿õ¾¯,Appearance:White Round Tablet,«y¹Â¡A ¤ß¸õ¤£³W«h¡A ¥Ö½§¬õ¯l¡A ¼ö¼é¬õ¡A ¯h­Â¡A ¤UªÏ¤ô¸~,coughing¡A or wheezing¡A irregular or fast¡A pounding heartbeat¡A skin rash¡A flushin,,,°öº¸¦N¥­,Perdipine 20mg,,,§_,¬O,,½Ð¿í·ÓÂå®v«ü¥Ü¥ÎÃÄ¡A ¤Å¦Û¦æ§ó§ï¾¯¶q©Î¥ÎÃÄ®É¶¡,,Follow doctor's advice. Do not change your dose or schedule.,,,,,¤@¯ë,¤@¯ë,Äµ »y:½Ð¿í·ÓÂå®v«ü¥Ü¥ÎÃÄ¡A¤Å¦Û¦æ§ó§ï¾¯¶q©Î¥ÎÃÄ®É¶¡¡C,,,,,§_,1.0,,§_,§_,§_,³æ¤è,§_,°±¥Î,¥i¥Î,¥i¿i,¬O,,1.00,1.00,1.00,1.00,999,999,1,1,0,0,0,0,,¦³¹Ï¤ù,,0,,0,,,,,,,,,,,TAB,,°·«Oµ¹¥I,°·«Oµ¹¥I,NICARDIPINE,C08CA04,A030804100,§_,SolidDrugForm,ORTAB,,,,,,,,,PH047,202303141800,2.40,4.00
OPHE,19960101,99999999,¥i¥Î,Phenobarbital 30mg,Phenobarbital 30mg,Phenobarbital,PO,TID,CNEU,CN-02-07,¤fªA,TAB,Luminal,«D²Õ®M,,,¤@¯ë¥i¥Î,¬O,¤£¥i¥ÎÃÄ¥]¾÷,,¤@¯ë,Á`¶q¶i¦ì,¾AÀ³¯g:¨ãÂíÀR§@¥Î,,Indication:Treatment of seizures & gastrointestinal disorder,,¥~ Æ[:¥Õ¦â¶ê§ÎÃÄ¿õ¡A ¤@­±¦L¦³¤Q¦r¨è²ª,Appearance:White round tablet,¸}¨B²Â©å©Î¤£Ã­¡A ÀY·w¡A ©ü©ü±ýºÎ¡A ±J¾K¡A µ¬°©»Äµh,Clumsiness or unsteadiness; dizzy; sleepy; hangover; joint or muscle pain,,,­f¤Ú¤ñ¯S¾|¿õ,Phenobarbital 30mg,,,¬O,¬O,,¥ÎÃÄ«á¥i¯à·|¦³ºÎ·N¡A ª`·N¤O¤£¶°¤¤¡A ¤Ï®g¯à¤O­°§Cµ¥²{¶H,,May cause dizziness¡A weakness¡A lack of coordination.,,,,,¤@¯ë,¥|¯ÅºÞ¨î,Äµ »y:¥ÎÃÄ«á¥i¯à·|¦³ºÎ·N¡Bª`·N¤O¤£¶°¤¤¡B¤Ï®g¯à¤O­°§Cµ¥²{¶H,,¤fªAÃÄ,,,§_,1.0,,§_,¬O,§_,³æ¤è,§_,¥i¥Î,¥i¥Î,¤£¥i¿i,¬O,,1.00,1.00,3.00,3.00,30,30,1,1,8.00,8.00,0,0,,¦³¹Ï¤ù,,0,,0,,N03AA02,,,,,,,,,TAB,§_,°·«Oµ¹¥I,°·«Oµ¹¥I,PHENOBARBITAL,N03AA02,NC017361G0,§_,SolidDrugForm,ORTAB,,,,,,,,,PH034,202204112003,2.00,3.00
OPHY,19960101,99999999,¥i¥Î,Phyllocontin 225mg,Phyllocontin 225mg,Aminophylline,PO,BID,ERSP,RE-01-00,¤fªA,TAB,Phyllocontin,«D²Õ®M,,,¤@¯ë¥i¥Î,¬O,¥i¥ÎÃÄ¥]¾÷,,¤@¯ë,Á`¶q¶i¦ì,¾AÀ³¯g:®ð³Ý¤Î¤ä®ðºÞµjÅË,,Indication:Treatment & prophylaxis of asthma¡A bronchospasm,,¥~ Æ[:²H¶À¦â¶ê«ó§Î¿õ¾¯¡A¤@­±¦³SA¡A¤@­±¦³NAPP,Appearance:Light yellow round tablet,¤ß¸õ¹L§Ö¡A ÀYµh¡A µo§Ý¡A äú¤ß¡A ¹Ã¦R¡A ¸¡³¡¤£¾A,Fast heartbeat¡A headache¡A trembling¡A nausea¡A vomiting¡A abdominal discomfort.,,,µá±d¥Å«ùÄò©ÊÃÄ®Ä¿õ,Phyllocontin 225mg,,,§_,§_,½Ã±Ð³æ¤­,½Ð¿í·ÓÂå®v«ü¥Ü¥ÎÃÄ¡A ¤Å¦Û¦æ§ó§ï¾¯¶q©Î¥ÎÃÄ®É¶¡,,Follow doctor's advice. Do not change your dose or schedule.,,­¹ª«¥æ¤¬§@¥Î: ªAÃÄ´Á¶¡Á×§K¶¼­¹§t©@°Ø¦]ªº¶¼®Æ©Î­¹ª«¡C,Food interaction: Avoid food or beverages containing caffeine.,,¤@¯ë,¤@¯ë,Äµ »y:½Ð¿í·ÓÂå®v«ü¥Ü¥ÎÃÄ¡A¤Å¦Û¦æ§ó§ï¾¯¶q©Î¥ÎÃÄ®É¶¡¡C,­¹ ­¹ª«¥æ¤¬,,,,§_,1.0,,§_,¬O,§_,³æ¤è,§_,¥i¥Î,¥i¥Î,¤£¥i¿i,¬O,,1.00,1.00,2.00,2.00,999,999,1,1,8.00,8.00,0.13,0.13,,¦³¹Ï¤ù,,0,,0,,R03DA05,,,,,,,,,TAB,§_,°·«Oµ¹¥I,°·«Oµ¹¥I,AMINOPHYLLINE,R03DA05,BC18279100,§_,SolidDrugForm,ERTAB12,,,,,,,,,PH047,202402121423,2.83,4.00
OPIL,20140528,99999999,¥i¥Î,Pilian 4mg,Pilian 4mg,Cyproheptadine,PO,TID,HIMM,IM-01-00,¤fªA,TAB,Antisemin (§Ü²ÕÂ´Ói),«D²Õ®M,,,¤@¯ë¥i¥Î,¬O,¤£¥i¥ÎÃÄ¥]¾÷,,¤@¯ë,Á`¶q¶i¦ì,¾AÀ³¯g:§Ü²ÕÂ´ÓiÃÄ;¥Dªv¹L±Ó©Ê»óª¢¡BëC³Â¯l¡B¹L±Ó©Ê¥Ö½§;»ó¶ëµ¥,,Indication:Antihistamines & antiallergics,,¥~ Æ[:¾ï¦â¶ê«ó§Î¿õ¾¯¡A ¤@­±¦LY¡A ¤@­±¦³¤¤¥¡¨è²ª,Appearance:Orange round tablet,©ü©ü±ýºÎ¡A ¤f°®¡A ­Gµh©Îäú¤ß¡A ÀYµh¡A Åé­«¼W¥[,Sleepy; dryness of mouth; stomach pain¡A or nausea; headache; weight gain,,¬Ò¥i¥Î,¨Ø§A¦w,Pilian 4mg,,,¬O,¬O,,³¡¤À¤H¨Ï¥Î«á¥i¯à¤Þ°_¯h­Â¡BµtºÎªº²{¶H,,May cause fatigue¡A sleepiness.,,,,,¤@¯ë,¤@¯ë,Äµ »y:³¡¤À¤H¨Ï¥Î«á¥i¯à¤Þ°_¯h­Â¡BµtºÎªº²{¶H,,,0,0,§_,1.0,,§_,¬O,§_,³æ¤è,§_,¥i¥Î,¥i¥Î,¥i¿i,¬O,,1.00,1.00,1.00,1.00,999,999,1,1,9.00,9.00,0.20,0.10,,¦³¹Ï¤ù,,0,,0,,R06AX02,,,,,,,,,TAB,§_,°·«Oµ¹¥I,°·«Oµ¹¥I,CYPROHEPTADINE,R06AX02,AC047371G0,§_,SolidDrugForm,ORTAB,,,,,,,,,PH047,202303141800,2.00,3.00
OPIM,19960101,99999999,°±¥Î,Pimozide(Orap)4mg,Pimozide(Orap)4mg,Pimozied,PO,,CNEU,CN-02-01,¤fªA,TAB,Orap,«D²Õ®M,°±¥Î,,¤w°±¥Î,¬O,¤£¥i¥ÎÃÄ¥]¾÷,,¤@¯ë,Á`¶q¶i¦ì,¾AÀ³¯g:ºë¯«»ÙÃª¤§ªvÀø,,,,,,,,,,,Pimozide(Orap)4mg,,,§_,¬O,,,,,,,,,¤@¯ë,¤@¯ë,,,,,,§_,1.0,,§_,§_,§_,³æ¤è,§_,¥i¥Î,¥i¥Î,¥i¿i,¬O,,1.00,1.00,999.00,999.00,999,999,1,1,0,0,0,0,,µL¹Ï¤ù,,0,,0,,N05AG02,,,,,,,,,TAB,§_,°·«Oµ¹¥I,°·«Oµ¹¥I,PIMOZIDE,N05AG02,B014893100,§_,SolidDrugForm,ORTAB,,,,,,,,,PH047,202303141800,19.30,24.00
OPKM,19960101,99999999,°±¥Î,PK-Merz 100mg,PK-Merz 100mg,Amantadine,PO,BID,CNEU,CN-03-06,¤fªA,TAB,PK-Merz,«D²Õ®M,°±¥Î,OENZI,¤@¯ë¥i¥Î,¬O,¥i¥ÎÃÄ¥]¾÷,,¤@¯ë,Á`¶q¶i¦ì,¾AÀ³¯g:©¬ª÷´Ë¤ó¯g¡A¹w¨¾¤ÎªvÀø¢Ï«¬¬y¦æ©Ê·P«_¯gª¬,,Indication:Treatment of parkinsonism¡A viral infection,,¥~ Æ[:¾ï¬õ¦â¶ê§ÎÃÄ¿õ¡A¤@­±¦³¤¤¥¡¨è²ª,Appearance:Orange round tablet,Ä¼°Ê¡A äú¤ß¡A «K¯µ¡A ©Ê¼¤­°§C¡A ¸¡Âm¡A ÀYµh¡A ¹Ã¦R,Agitation¡A nausea¡A constipation¡A decrease in sexual desire¡A diarrhea¡A headache.,,,³Á´µ§J,PK-Merz 100mg,,,§_,¬O,,¥i¯à·|³y¦¨¶ÝºÎ©Î·w¯t¡A ¶}¨®©Î¾Þ§@¦MÀI¾÷¾¹½Ð¤p¤ß,,May make you dizzy; use caution while driving or operating machinery.,,,,,¤@¯ë,¤@¯ë,Äµ »y:¥i¯à·|³y¦¨¶ÝºÎ©Î·w¯t¡A ¶}¨®©Î¾Þ§@¦MÀI¾÷¾¹½Ð¤p¤ß,,,,,§_,1.0,,§_,§_,§_,³æ¤è,§_,°±¥Î,°±¥Î,¥i¿i,¬O,,1.00,1.00,2.00,2.00,999,999,1,1,8.00,8.00,0,0,,¦³¹Ï¤ù,,0,,0,,N04BB01,,,,,,,,,TAB,§_,°·«Oµ¹¥I,°·«Oµ¹¥I,AMANTADINE,N04BB01,BC18952100,§_,SolidDrugForm,ORTAB,,,,,,,,,PH047,202303141801,4.80,7.00
OPLA,19960101,99999999,¥i¥Î,Plaquenil 200mg,Plaquenil 200mg,Hydroxychloroquine,PC,BID,QANP,AI-04-00,¤fªA,TAB,Plaquenil,«D²Õ®M,,OHYXQ,¤@¯ë¥i¥Î,¬O,¤£¥i¥ÎÃÄ¥]¾÷,,¤@¯ë,Á`¶q¶i¦ì,¾AÀ³¯g:¥Dªv­·Àã©ÊÃö¸`ª¢,,Indication:Arthritis¡A lupus erythematosus¡A malaria,,¥~ Æ[:¥Õ¦â¶ê«ó§Î¿õ¾¯¡A ¤@­±¦LHCQ¡A ¤@­±¦L200,Appearance:White round tablet,¸¡Âm¡A ÀYµh¡A ¥Ö½§Äo¡A ±¼¾v¼W¥[¡A ÀY·w¡A ¥Ö½§¬õ¯l,Diarrhea ¡A headache ¡A itching ¡A increasing hair loss,,,¥²¿à§Já½,Plaquenil 200mg,,,§_,¬O,,­Y¯gª¬¥¼¨£§ïµ½¡A ½Ð»PÂå®v³sµ¸,,Consult your doctor if symptoms persist within a few days.,,,,,¤@¯ë,¤@¯ë,Äµ »y:­Y¯gª¬¥¼¨£§ïµ½¡A½Ð»PÂå®v³sµ¸,,,,,§_,1.0,,§_,¬O,§_,³æ¤è,§_,¥i¥Î,¥i¥Î,¥i¿i,¬O,,1.00,1.00,4.00,2.00,999,999,1,1,8.00,8.00,0.05,0.05,,¦³¹Ï¤ù,,0,,0,,P01BA02,,,,,0.20,g,0.52,g,TAB,§_,°·«Oµ¹¥I,°·«Oµ¹¥I,HYDROXYCHLOROQUINE,P01BA02,BC22376100,§_,SolidDrugForm,ORTAB,,,,,,,,,PH047,202311061645,2.07,3.00
OPLAV,20020402,99999999,°±¥Î,Plavix 75mg,Plavix 75mg,Clopidogrel,PO,QD,HEMT,HE-03-00,¤fªA,TAB,Plavix,«D²Õ®M,°±¥Î,OCLOPD,¤@¯ë¥i¥Î,¬O,¥i¥ÎÃÄ¥]¾÷,±ø¥ó¤Uµ¹¥I,¤@¯ë,Á`¶q¶i¦ì,¾AÀ³¯g:¹w¨¾¤ÎªvÀøµ°ª¬°Ê¯ß®ê¶ë¤Î¦å®ê®ê¶ë¨Æ¥ó,,Indication:Reduction of atherosclerotic vascular disease,,¥~ Æ[:²H¬õ¦â¶ê«ó§Î¿õ¾¯,Appearance:Light red round tablet,¥X¦å¡A ¥Ö½§·kÄo,Bleeding¡A pruritus.,,¬Ò¥i¥Î,«O®ê³q½¤¦ç¿õ,Plavix 75mg,,,§_,¬O,,¥X²{¥ô¦ó²§±`·ï«C©Î¥X¦å¡A¶Ë¤f¤£©ö¤î¦å¡A½Ð¾¨³t»PÂå®vÁpµ¸,,Report any signs of unusual bruising or bleeding to doctor immediately.,,­¹ª«¥æ¤¬§@¥Î: ªAÃÄ´Á¶¡Á×§K­¹¥Î¸²µå¬c¥Ä,Food interaction:Avoid grapefruit juice,2018-Q2 ÃÄ©e·|§R°£,¤@¯ë,¤@¯ë,Äµ »y: ¥X²{¥ô¦ó²§±`·ï«C©Î¥X¦å¡A¶Ë¤f¤£©ö¤î¦å¡A½Ð¾¨³t»PÂå®vÁpµ¸,,,,,§_,1.0,,§_,§_,§_,³æ¤è,§_,¥i¥Î,¥i¥Î,¥i¿i,¬O,,1.00,1.00,4.00,4.00,999,999,1,1,8.00,8.00,0,0,,¦³¹Ï¤ù,,0,,0,,B01AC04,,,,,,,,,TAB,,°·«Oµ¹¥I,°·«Oµ¹¥I,CLOPIDOGREL 75MG + ACETYLSALICYLIC ACID 0-100MG,B01AC04,BC22932100,§_,SolidDrugForm,ORTAB,,,,,,,,,PH047,202303141801,32.10,42.00
OPLE,19960101,99999999,°±¥Î,Plendil 5mg,Plendil 5mg,Felodipine,PO,QD,CAVS,CV-05-00,¤fªA,TAB,Plendil,«D²Õ®M,°±¥Î,,¤@¯ë¥i¥Î,¬O,¤£¥i¥ÎÃÄ¥]¾÷,,¤@¯ë,Á`¶q¶i¦ì,¾AÀ³¯g:°ª¦åÀ£,,Indication:Treatment of hypertension.,,¥~ Æ[:²H¬õ¦â¶ê«ó§Î¿õ¾¯¡A ¤@­±¦L5¡A ¤@­±¦LA FM,Appearance:Light red round tablet,«y¹Â¡A ¤ß¸õ¤£³W«h¡A ¥Ö½§¬õ¯l¡A ¤UªÏ¤ô¸~¡A «K¯µ¡A ÀY·w,Coughing¡A irregular pounding heartbeat¡A skin rash¡A swelling of lower legs.,,,´¶¤ß¹ç«ùÄò¿õ,Plendil 5mg,,,¬O,§_,½Ã±Ð³æ¤T,À³¾ã²É§]ªA¡A ¤Á¤Å«rÄZ©ÎÀ£¸H,,Swallow the tablet whole. Do not crush¡A break or chew.,,­¹ª«¥æ¤¬§@¥Î: ªAÃÄ´Á¶¡Á×§K­¹¥Î¸²µå¬c¥Ä,Food interaction:Avoid grapefruit juice,,¤@¯ë,¤@¯ë,Äµ »y:À³¾ã²É§]ªA¡A¤Á¤Å«rÄZ©ÎÀ£¸H,­¹ ­¹ª«¥æ¤¬,,,,§_,1.0,,§_,§_,§_,³æ¤è,§_,¥i¥Î,¥i¥Î,¤£¥i¿i,¬O,,1.00,1.00,2.00,2.00,999,999,28,1,4.00,4.00,0,0,,¦³¹Ï¤ù,,0,,0,,C08CA02,,,,,,,,,TAB,§_,°·«Oµ¹¥I,°·«Oµ¹¥I,FELODIPINE,C08CA02,BC17488100,§_,SolidDrugForm,ERTAB12,,,,,,,,,PH006,202208021041,1.88,3.00
OPLET,20030710,99999999,°±¥Î,Pletaal 50mg,Pletaal 50mg,Cilostazol,PO,BIDAC,HEMT,HE-03-00,¤fªA,TAB,Pletaal,«D²Õ®M,°±¥Î,,¤@¯ë¥i¥Î,¬O,¤£¥i¥ÎÃÄ¥]¾÷,±ø¥ó¤Uµ¹¥I,¤@¯ë,Á`¶q¶i¦ì,¾AÀ³¯g:½w¸Ñ¶¡·²©Ê¶_¨¬ªº¯gª¬,,Indication:Treatment of intermittent claudication,,¥~ Æ[:¥Õ¦â¶ê«ó§Î¿õ¾¯¡A¤@­±¦³OG 31¦r¼Ë,Appearance:White round tablet,¸¡µh¡A ­Iµh¡A ÀYµh¡A ¤ß±ª,Abdominal pain¡A back pain¡A headache¡A palpitation,,¬Ò¥i¥Î,´¶¹F¿õ,Pletaal 50mg,,,§_,¬O,,ªAÃÄ´Á¶¡Á×§K¦Y¸²µå¬c©Î¶¼¥Î¸²µå¬c¥Ä¡A ¥H§K¼vÅTÃÄª«¥NÁÂ,,Avoid grapefruits or related products to prevent risk of interaction.,,,,105-2 ÃÄ©e·|§R°£,¤@¯ë,¤@¯ë,Äµ »y:ªAÃÄ´Á¶¡Á×§K¦Y¸²µå¬c©Î¶¼¥Î¸²µå¬c¥Ä¡A¥H§K¼vÅTÃÄª«¥NÁÂ,,,,,§_,1.0,,§_,§_,§_,³æ¤è,§_,¥i¥Î,¥i¥Î,¥i¿i,¬O,,1.00,1.00,2.00,2.00,999,999,1,1,4.00,4.00,0,0,,¦³¹Ï¤ù,,0,,0,,B01AC23,B01AC91,,,,,,,,TAB,,°·«Oµ¹¥I,°·«Oµ¹¥I,CILOSTAZOL,B01AC23,AB44136100,§_,SolidDrugForm,ORTAB,,,,,,,,,PH047,202303141801,5.50,8.00
OPLET1,20160615,99999999,¥i¥Î,Pletaal 100mg,Pletaal 100mg,Cilostazol,PO,BIDAC,HEMT,HE-03-00,¤fªA,TAB,Pletaal,«D²Õ®M,,,¤@¯ë¥i¥Î,¬O,¤£¥i¥ÎÃÄ¥]¾÷,±ø¥ó¤Uµ¹¥I,¤@¯ë,Á`¶q¶i¦ì,¾AÀ³¯g:½w¸Ñ¶¡·²©Ê¶_¨¬ªº¯gª¬,,Indication:Treatment of intermittent claudication,,¥~ Æ[:¥Õ¦â¶ê«ó§Î¿õ¾¯¡A¤@­±¦³OG 30¦r¼Ë,Appearance:White round tablet¡A marking: OG 30,¸¡µh¡A ­Iµh¡A ÀYµh¡A ¤ß±ª,Abdominal pain¡A back pain¡A headache¡A palpitation,,¬Ò¥i¥Î,´¶¹F¿õ100²@§J,Pletaal 100mg,,,,¬O,,ªAÃÄ´Á¶¡Á×§K¦Y¸²µå¬c©Î¶¼¥Î¸²µå¬c¥Ä¡A ¥H§K¼vÅTÃÄª«¥NÁÂ,,Avoid grapefruits or related products to prevent risk of interaction.,,,,105-2 ÃÄ©e·|·s¶i,¤@¯ë,¤@¯ë,Äµ »y:ªAÃÄ´Á¶¡Á×§K¦Y¸²µå¬c©Î¶¼¥Î¸²µå¬c¥Ä¡A¥H§K¼vÅTÃÄª«¥NÁÂ,,,0,0,§_,1.0,,§_,¬O,§_,³æ¤è,§_,¥i¥Î,¥i¥Î,¥i¿i,¬O,,1.00,1.00,1.00,1.00,999,999,1,1,2.00,2.00,0,0,,¦³¹Ï¤ù,,0,,0,,B01AC23,B01AC91,,,,0,,0,,TAB,,°·«Oµ¹¥I,°·«Oµ¹¥I,CILOSTAZOL,B01AC23,AB44124100,,SolidDrugForm,ORTAB,,,,,,,,,PH047,202303141801,10.30,13.00
OPLEY,20130320,99999999,°±¥Î,Pleya 100mg,Pleya 100mg,Cilostazol,AC,BID,HEMT,HE-03-00,¤fªA,TAB,Pletaal,«D²Õ®M,°±¥Î,,¤@¯ë¥i¥Î,¬O,¤£¥i¥ÎÃÄ¥]¾÷,±ø¥ó¤Uµ¹¥I,¤@¯ë,Á`¶q¶i¦ì,¾AÀ³¯g:½w¸Ñ¶¡·²©Ê¶_¨¬ªº¯gª¬,,Indication:Treatment of intermittent claudication,,¥~ Æ[: ¥Õ¦â¶ê«ó§Î¿õ¾¯¡A¤@­±¤¤¥¡¨è²ª¡A¤@­±¦L¦³YSP¡A 199,Appearance: White Round Tablet,¸¡µh¡A ­Iµh¡A ÀYµh¡A ¤ß±ª,Abdominal pain¡A back pain¡A headache¡A palpitation,,¬Ò¥i¥Î,ªY¦æ°·¿õ100 ²@§J,Pleya 100mg,,,§_,¬O,,ªAÃÄ´Á¶¡Á×§K¦Y¸²µå¬c©Î¶¼¥Î¸²µå¬c¥Ä¡A ¥H§K¼vÅTÃÄª«¥NÁÂ,,Avoid grapefruits or related products to prevent risk of interaction.,,,,,¤@¯ë,¤@¯ë,Äµ »y:ªAÃÄ´Á¶¡Á×§K¦Y¸²µå¬c©Î¶¼¥Î¸²µå¬c¥Ä¡A¥H§K¼vÅTÃÄª«¥NÁÂ,,,0,0,§_,1.0,,§_,§_,§_,³æ¤è,§_,¥i¥Î,¥i¥Î,¥i¿i,¬O,,1.00,1.00,1.00,1.00,999,999,1,1,4.00,4.00,0,0,,¦³¹Ï¤ù,,0,,0,,B01AC23,,,,,,,,,TAB,,°·«Oµ¹¥I,°·«Oµ¹¥I,CILOSTAZOL,B01AC23,AC50027100,§_,SolidDrugForm,ORTAB,,,,,,,,,PH047,202303141801,11.30,15.00
OPLK,20200529,99999999,°±¥Î,Proleak 5mg,Proleak 5mg,Finasteride,PO,QD,SGU,UR-04-00,¤fªA,TAB,Proscar,«D²Õ®M,°±¥Î,OPRS,¤@¯ë¥i¥Î,¬O,¤£¥i¥ÎÃÄ¥]¾÷,±ø¥ó¤Uµ¹¥I,¤@¯ë,Á`¶q¶i¦ì,¾AÀ³¯g:¥Dªv¨}©Ê«e¦C¸¢¼W¥Í,,Indication:Treatment of benign prostatic hyperplasia,,¥~ Æ[:ÂÅ¦â¤£³W«h¿õ¾¯¡A¤W¦³073¼Ð°O,Appearance:Blue irregular tablet with 073 marked.,®gºë©µ¿ð¡A ¨Å©ÐµÈ·P¡A ¥Ö¯l,Ejaculation disorder¡A breast tenderness & enlargement¡A rash.,,¬Ò¥i¥Î,«ÂºÖ¿õ5¤½µ·,Proleak 5mg,,,,¬O,,Ãh¥¥©Î§Y±NÃh¥¥°ü¤k¤£¥i±µÄ²ÃÄ¤Y,,Women who are or may become pregnant should avoid handling crushed tablet.,,,,202006[OPRS]¯Ê³f´À¥N,,¤@¯ë,Äµ »y:Ãh¥¥©Î§Y±NÃh¥¥°ü¤k¤£¥i±µÄ²ÃÄ¤Y,,,0,0,§_,1.0,,§_,¬O,§_,³æ¤è,,°±¥Î,°±¥Î,¤£¥i¿i,¬O,,1.00,1.00,1.00,1.00,999,999,1,1,2.00,2.00,0,0,,¦³¹Ï¤ù,,0,,0,,G04CB01,,,,,0,,0,,TAB,§_,°·«Oµ¹¥I,°·«Oµ¹¥I,FINASTERIDE,G04CB01,AB45387100,,SolidDrugForm,ORTAB,,,0,,0,,,,PH006,202106091020,11.30,15.00
OPOL2,19960101,99999999,°±¥Î,Polaramine 2mg,Polaramine 2mg,Chlorpheniramine,PO,,HIMM,IM-01-00,¤fªA,TAB,Polaramine,«D²Õ®M,°±¥Î,ODEL,¤@¯ë¥i¥Î,¬O,¥i¥ÎÃÄ¥]¾÷,,¤@¯ë,Á`¶q¶i¦ì,¾AÀ³¯g:¹L±Ó©Ê¯gª¬,,Allergic and vasomotor rhinitis¡A allergic conjunctivitis¡A,,¥~ Æ[:¬õ¦â¾ò¶ê§ÎÃÄ¿õ,Appearance:Red Elliptic Tablet,,,,,,Polaramine 2mg,,,§_,¬O,,,,,,,,,¤@¯ë,¤@¯ë,Äµ »y:³¡¤À¤H¨Ï¥Î«á¥i¯à¤Þ°_¯h­Â¡BµtºÎªº²{¶H,,,,,§_,1.0,,§_,§_,§_,³æ¤è,§_,¥i¥Î,¥i¥Î,¥i¿i,¬O,,1.00,1.00,999.00,999.00,999,999,1,1,0,0,0,0,,µL¹Ï¤ù,,0,,0,,,,,,,,,,,TAB,§_,°·«Oµ¹¥I,°·«Oµ¹¥I,DEXCHLORPHENIRAMINE,R06AB02,B011710100,§_,SolidDrugForm,ORTAB,,,,,,,,,PH047,202303141801,0,2.00
OPOLI0,19960101,99999999,°±¥Î,Polichinon,Polichinon,B1+ B12 + FA + Fe + Cu + Mg + Lysine,PO,,NUTR,NU-02-00,¤fªA,CAP,Polichinon,«D²Õ®M,°±¥Î,,¤@¯ë¥i¥Î,¬O,¤£¥i¥ÎÃÄ¥]¾÷,,¤@¯ë,Á`¶q¶i¦ì,¾AÀ³¯g:¬°³h¦å¤§Àç¾i¸É¥R¾¯,,,,,,,,,,,Polichinon,,,§_,¬O,,,,,,,,,¤@¯ë,¤@¯ë,,,,,,§_,1.0,,§_,§_,§_,³æ¤è,§_,¥i¥Î,¥i¥Î,¤£¥i¿i,¬O,,1.00,1.00,999.00,999.00,999,999,1,1,0,0,0,0,,µL¹Ï¤ù,,0,,0,,,,,,,,,,,CAP,§_,¤£µ¹¥I¶·¦Û¥I,¤£µ¹¥I¶·¦Û¥I,,,,§_,SolidDrugForm,ORCAP,,,,,,,,,PH047,202303141801,0,6.00
OPOLU,20071116,99999999,¥i¥Î,Polupi 50mg (PTU),Polupi 50mg (PTU),Propylthiouracil,PO,QD,META,ME-04-00,¤fªA,TAB,Procil,«D²Õ®M,,OPTU,¤@¯ë¥i¥Î,¬O,¥i¥ÎÃÄ¥]¾÷,,¤@¯ë,Á`¶q¶i¦ì,¾AÀ³¯g:¥Òª¬¸¢¾÷¯à¤®¶i,,Indication:Treatment of hyperthyroidism.,,¥~ Æ[:¥Õ¦â¶ê«ó§Î¿õ¾¯¡A ¤@­±¦³¤¤¥¡¨è²ª,Appearance:White round tablet,³h¦å¡A §C¥Õ³J¥Õ¦å¯g¡A¦å¤pªO´î¤Ö¡A µµ´³¯g,Anemia¡A hypoalbuminemia¡A thrombocytopenia¡A purpura.,,¬Ò¥i¥Î,¹²¼Ö©¼¿õ,Polupi 50mg (PTU),,,§_,¬O,,¦p¥X²{µo¿N¡A ²§±`¥X¦å¡A ¥Ö½§¶À¯n¡A ¹Ã¦R¡A ½Ð§iª¾Âå®v,,Notify your doctor if you experience fever¡A unusual bleeding¡A skin rash¡A,yellowing of the skin¡A vomiting.,,,,¤@¯ë,¤@¯ë,Äµ »y:¦p¥X²{µo¿N¡B²§±`¥X¦å¡B¥Ö½§¶À¯n¡B¹Ã¦R¡A½Ð§iª¾Âå®v,,,,,§_,1.0,,§_,¬O,§_,³æ¤è,§_,¥i¥Î,¥i¥Î,¥i¿i,¬O,,1.00,1.00,6.00,6.00,999,999,28,1,24.00,24.00,0,0,,¦³¹Ï¤ù,,0,,0,,H03BA02,,,,,,,,,TAB,,°·«Oµ¹¥I,°·«Oµ¹¥I,PROPYLTHIOURACIL,H03BA02,AC43335100,§_,SolidDrugForm,ORTAB,¦M®`¤G¯Å(¡I),,,,,,,,PH047,202303141801,1.90,3.00
OPON,19960101,99999999,¥i¥Î,Ponstan 250mg,Ponstan 250mg,Mefenamic Acid,PC,TID,CNEU,CN-01-02,¤fªA,CAP,Ponstan,«D²Õ®M,,,¤@¯ë¥i¥Î,¬O,¥i¥ÎÃÄ¥]¾÷,,¤@¯ë,Á`¶q¶i¦ì,¾AÀ³¯g:¸gµh¡B¸g¦å¹L¦h¡BÂíµh¡B§Üª¢¡B¸Ñ¼ö¡C,,Indication:Relief of pain¡A inflammation & fever.,,¥~ Æ[:²H«C/²H¶À¦âªø¶ê¬W§Îµw½¦Ån,Appearance:Blue/yellow cylinder capsule,¦å²G¤è­±¯e¯f¡A ¹L±Ó¤ÏÀ³,Hematologic disorders; hypersensitivity reactions.,,,³Õ²¨µh,Ponstan 250mg,,,§_,¬O,,¦pªGµo¥ÍÄY­«¸¡Âm¡A ¨ä¥L®ø¤Æ°ÝÃD©Î¥Ö¯l¡A À³°±ÃÄ¨Ã½Ð±ÐÂå®v,,May cause diarrhea¡A skin rash.,,¦p¥ÎÃÄ«á¥X²{³ïµh¡B¤fµÄ/ÂH½¤¼ìÄê¡B¥Ö¯lµ¥¯gª¬¡A¥ß§Y°±ÃÄ¦^¶E,If signs of sore throat¡A mouth ulcers or skin rash occur¡A please consult doctor,,¤@¯ë,¤@¯ë,Äµ »y:¦pªGµo¥ÍÄY­«¸¡Âm¡A¨ä¥L®ø¤Æ°ÝÃD©Î¥Ö¯l¡AÀ³°±ÃÄ¨Ã½Ð±ÐÂå®v,,,,,§_,1.0,,§_,¬O,§_,³æ¤è,§_,¥i¥Î,¥i¥Î,¥i¿i,¬O,,1.00,1.00,2.00,2.00,999,999,0,1,8.00,8.00,0.10,0.05,,¦³¹Ï¤ù,,0,,0,,M01AG01,,,,,,,,,CAP,§_,°·«Oµ¹¥I,°·«Oµ¹¥I,MEFENAMIC ACID,M01AG01,NB01043100,§_,SolidDrugForm,ORCAP,,,,,,,,,PH047,202303141801,1.50,3.00
OPOT2,20081216,99999999,°±¥Î,Protos 2gm 28pk/box,Protos 2gm 28pk/box,Strontium Ranelate,PO,HS,META,ME-06-00,¤fªA,PK,Protos,«D²Õ®M,°±¥Î,,¤@¯ë¥i¥Î,¬O,¤£¥i¥ÎÃÄ¥]¾÷,°·«O¤£µ¹¥I,¤@¯ë,Á`¶q¶i¦ì,¾AÀ³¯g:ªv°±¸g«á°ü¤k°©½è²¨ÃP,,Indication:Treatment of postmenopausal osteoporosis.,,¥~ Æ[:³æ¥]¸Ë¯»¾¯¡C,Appearance:Powder,äú¤ß¡A ¸¡Âm¡A ¤ô«K¡A ÀYµh¡A ¥Ö½§ª¢¡A Àã¯l,Nausea¡A diarrhea¡A loose stools¡A headache¡A dermatitis¡A eczema,,¥u¥Î©óªù¶E¤Î¦í°|STAT,¸É°©®¼²¨,Protos 2gm 28pk/box,,,§_,¬O,,­Y¦³¥Ö¯l¡A µo¿N¡A °_¤ôªw¡A ÂH½¤·l¶Ë²{¶H¡A À³¥ß§Y¦^¶E,,Report to doctor¡A if any severe hypersensitivity or skin rash occur.,,½ÐªÅ¸¡ªA¥Î¡A ¤Å»P¶t¤ù©Î¨ä¥LÃÄ«~¨ÖªA,Take this on an empty stomach¡A avoid taking with calcium or other medication.,,¤@¯ë,¤@¯ë,Äµ »y: ­Yµo¥ÍÄY­«¹L±Ó©Îµo¯lµ¥¤£¾A¯gª¬¡AÀ³§Y°±ÃÄ¨Ã½Ð±ÐÂå®v,,,,,§_,28.0,,§_,§_,§_,³æ¤è,§_,¥i¥Î,¥i¥Î,¥i¿i,¬O,,1.00,1.00,1.00,1.00,999,999,28,28,2.00,2.00,0,0,,¦³¹Ï¤ù,,0,,0,,M05BX03,,,,,,,,,BOX,§_,¤£µ¹¥I¶·¦Û¥I,¤£µ¹¥I¶·¦Û¥I,,,,§_,SolidDrugForm,POWD,,,,,,,,,PH047,202303141801,0,2150.00
OPR150,20121114,99999999,¥i¥Î,Pradaxa 150mg,Pradaxa 150mg,Dabigatran,PO,BID,HEMT,HE-02-00,¤fªA,CAP,,«D²Õ®M,Á{±ÄÃÄ¡A½Ð³qª¾ÃÄ§½¥~ÁÊ,,­Ó®×Á{±Ä,¬O,¥i¥ÎÃÄ¥]¾÷,,¤@¯ë,Á`¶q¶i¦ì,¹w¨¾«DÃ¤½¤©Ê¤ß©ÐÅÖºûÅ¸°Ê¯f±wµo¥Í¤¤­·»P¥þ¨­©Ê®ê¶ë,,reduce the risk of stroke and systemic embolism in patients,with nonvalvular atrial fibrillation,¥~ Æ[: ÂÅ/¥Õªø¶ê¬W§Îµw½¦Ån,Appearance:blue/white hard capsule,­G¸z¤£¾A¡A®ø¤Æ¤£¨}¡A ¥X¦å­·ÀI,Gastrointestinal hemorrhage¡A Gastrointestinal ulcer¡A Indigestio¡Ableeding,,¬Ò¥i¥Î,´¶®ê¹F½¦Ån,Pradaxa 150mg,,,§_,§_,,¶i¦æ¤â³N¡B©Þ¤úªvÀø¡B«I¤J©ÊÀË¬d®É¡A¶·§iª¾Âå®v¦³ªA¥Î¦¹¶µ§Ü¾®¦åÃÄ«~¡C,,Tell your doctor before having surgery¡A dental or other invasive procedures.,,¬°Á×§K¼W¥[¥X¦å­·ÀI¡A¥»ÃÄÀ³¾ã²É§]ªA¡A¤Á¤Å«rÄZ©Î¥´¶}½¦Ån¡C,Swallow the tablet whole. Do not crush¡A or open the capsule.,,¤@¯ë,¤@¯ë,Äµ »y:¦p¦³¤£¥¿±`¥X¦å¡A½Ð§iª¾Âå®v,,,0,0,§_,1.0,,§_,§_,§_,³æ¤è,§_,¥i¥Î,¥i¥Î,¤£¥i¿i,¬O,,1.00,1.00,1.00,1.00,999,999,1,1,2.00,2.00,0,0,,¦³¹Ï¤ù,,0,,0,,B01AE07,,,,,,,,,CAP,,°·«Oµ¹¥I,°·«Oµ¹¥I,dabigatran etexilate mesilate,B01AE07,BC25458100,§_,SolidDrugForm,ORCAP,,,,,,,,,PH047,202303141801,40.50,53.00
OPRA,19960101,99999999,°±¥Î,Pramet F.A 30's/bot,Pramet F.A 30's/bot,Multivitamins + Minerals,PO,QD,NUTR,NU-02-00,¤fªA,TAB,Pramet,«D²Õ®M,°±¥Î,,¤@¯ë¥i¥Î,¬O,¤£¥i¥ÎÃÄ¥]¾÷,°·«O¤£µ¹¥I,¤@¯ë,Á`¶q¶i¦ì,¾AÀ³¯g:¬°ºû¥L©R¤ÎÄqª«½è¯Ê¥F¤§¸É¥R¾¯,,Indication:Pregnancy nutrition supplement,,¥~ Æ[: 30Áû²~¸Ë,Appearance:30 tablets/bottle,»~­¹¹L¶q½Ð¿Ô¸ßÂå®v,In case of accidental overdose¡A see professional assistance immediately.,,¥u¥Î©óªù¶E¤Î¦í°|STAT,¤ß¬ü¤O¬ß¯Ç¸É,Pramet F.A 30's/bot,,,§_,¬O,,½Ð¤Å»P¤û¥¤¨ÖªA,,Avoid taking with milk.,,,,,¤@¯ë,¤@¯ë,Äµ »y:½Ð¤Å»P¤û¥¤¨ÖªA,,,,,§_,30.0,,§_,§_,¬O,½Æ¤è,§_,¥i¥Î,¥i¥Î,¤£¥i¿i,§_,,1.00,1.00,1.00,1.00,999,999,28,28,3.00,3.00,0,0,10.00,¦³¹Ï¤ù,,0,,0,,B03AA07,A11HA02,A11DA01,A12AA04,A11GA01,,,,,BOT,§_,¤£µ¹¥I¶·¦Û¥I,¤£µ¹¥I¶·¦Û¥I,,,,§_,SolidDrugForm,ORTAB,,,,,,,,,PH047,202303141801,0,320.00
OPRA1,20010723,99999999,°±¥Î,Pramet F.A 100'S/BOT,Pramet F.A 100'S/BOT,Multivitamins + Minerals,PO,,NUTR,NU-02-00,¤fªA,TAB,Pramet,«D²Õ®M,°±¥Î,OPRA,¤@¯ë¥i¥Î,¬O,¤£¥i¥ÎÃÄ¥]¾÷,¥i¥Î,¤@¯ë,Á`¶q¶i¦ì,¾AÀ³¯g:¬°ºû¥L©R¤ÎÄqª«½è¯Ê¥F¤§¸É¥R¾¯,,,,¥~ Æ[: 30 Áû²°(Åø)¸Ë,,,,,¬Ò¥i¥Î,¬ß¯Ç¸É,Pramet F.A 100'S/BOT,,,§_,¬O,,,,,,,,,¤@¯ë,¤@¯ë,,,,,,§_,100.0,,§_,§_,§_,½Æ¤è,§_,¥i¥Î,¥i¥Î,¥i¿i,¬O,,1.00,1.00,1.00,1.00,999,999,100,1,0,0,0,0,,µL¹Ï¤ù,,0,,0,,,,,,,,,,,BOX,,¤£µ¹¥I¶·¦Û¥I,¤£µ¹¥I¶·¦Û¥I,,,,§_,SolidDrugForm,ORTAB,,,,,,,,,PH047,202303141801,0,800.00
OPRAD,20130918,99999999,¥i¥Î,Pradaxa 110mg,Pradaxa 110mg,Dabigatran,WM,BID,HEMT,HE-02-00,¤fªA,CAP,,«D²Õ®M,,,¤@¯ë¥i¥Î,¬O,¤£¥i¥ÎÃÄ¥]¾÷,¥i¥Î,¤@¯ë,Á`¶q¶i¦ì,¾AÀ³¯g:¹w¨¾«DÃ¤½¤©Ê¤ß©ÐÅÖºûÅ¸°Ê¯f±wµo¥Í¤¤­·»P¥þ¨­©Ê®ê¶ë¡C,,Indication:Prevention of stroke and systemic embolism in,patients with atrial fibrillation¡A in whom anticoagulation is appropriate.,¥~ Æ[:ÂÅ¦âªø¶ê¬W§Îµw½¦Ån,Appearance:Blue cylinder hard capsule,¥X¦å¡A¸¡µh¡A¸¡Âm¡A®ø¤Æ¤£¨}¡Aäú¤ßµ¥¯gª¬,haemorrhage; abdominal pain¡A diarrhoea¡A dyspepsia¡A nausea.,,¬Ò¥i¥Î,´¶®ê¹F,Pradaxa 110mg,,,§_,§_,,¥i¯à¦³®É·|Ä±±oÀY·w¡A ©ü¯t¡A ½ÐÁ×§K§Ö³tªº°Ê§@©Î«º¶ÕÅÜ¤Æ,,May cause dizziness or drowsiness. Take care to avoid sudden movement.,,¬°Á×§K¼W¥[¥X¦å­·ÀI¡A¥»ÃÄÀ³¾ã²É§]ªA¡A¤Á¤Å«rÄZ©Î¥´¶}½¦Ån¡C,Swallow the tablet whole. Do not crush¡A or open the capsule.,,¤@¯ë,¤@¯ë,Äµ »y: ¥X²{¥ô¦ó²§±`·ï«C©Î¥X¦å¡A¶Ë¤f¤£©ö¤î¦å¡A½Ð¾¨³t»PÂå®vÁpµ¸,,,0,0,§_,1.0,,§_,¬O,§_,³æ¤è,§_,¥i¥Î,¥i¥Î,¤£¥i¿i,¬O,,1.00,1.00,1.00,1.00,999,999,1,1,2.00,2.00,0,0,,¦³¹Ï¤ù,,0,,0,,B01AE07,,,,,,,,,CAP,,°·«Oµ¹¥I,°·«Oµ¹¥I,dabigatran etexilate mesilate,B01AE07,BC25459100,§_,SolidDrugForm,ORCAP,,,,,,,,,PH047,202303141802,40.50,53.00
OPRE5,20020523,99999999,°±¥Î,Premelle cycle 5,Premelle cycle 5,Estrogen + Medroxyprogesterone,PO,QD,HM,HR-03-04,¤fªA,TAB,Premelle Cycle,«D²Õ®M,°±¥Î,,¤@¯ë¥i¥Î,¬O,¤£¥i¥ÎÃÄ¥]¾÷,¥i¥Î,¤@¯ë,Á`¶q¶i¦ì,¾AÀ³¯g:¬°»Û¿E¯À»P¶ÀÅé¯Àµ²¦X¿õ¡A¨C¤é¤@¿õ,,Treatment of postmenopausal syndrome,,¥~ Æ[:¾Tºä¥]¸Ë¡A¦³14¿õ¬õ´Ä¦â¿õ¾¯¡A¥H¤Î14¿õÂÅ¦â¿õ¾¯,Appearance:14 Brown Tab.+14 Blue Tab.,,,,¥u¥Î©óªù¶E¤Î¦í°|STAT,´¶¤O°¨ªL¡Ð¦X¶g´Á¿õ,Premelle cycle 5,,,§_,¬O,,,,,,,,,¤@¯ë,¤@¯ë,Äµ »y:½Ð¤Å»P¤û¥¤¨ÖªA,,,,,§_,28.0,,§_,§_,§_,³æ¤è,§_,°±¥Î,¥i¥Î,¥i¿i,§_,,1.00,1.00,2.00,2.00,99,99,28,28,0,0,0,0,,µL¹Ï¤ù,,0,,0,,,,,,,,,,,TAB,,°·«Oµ¹¥I,°·«Oµ¹¥I,ESTROGEN CONJUGATED 0.625MG + MEDROXYPROGESTERONE 5MG,G03FB06,B022625100,§_,SolidDrugForm,ORTAB,,,,,,,,,PH047,202303141802,8.50,11.00
OPRE6,19960101,99999999,°±¥Î,Premarin 0.625mg,Premarin 0.625mg,Conjugated Estrogen,PO,QD,HM,HR-03-02,¤fªA,TAB,Premarin,«D²Õ®M,°±¥Î,OEST6,¤@¯ë¥i¥Î,¬O,¤£¥i¥ÎÃÄ¥]¾÷,,¤@¯ë,Á`¶q¶i¦ì,¾AÀ³¯g:¤k©Ê¶Pº¸»X¯Ê¥F,,Treatment of estrogen deficiency,,¥~ Æ[:·t¬õ¾í¦â¾ò¶ê§Î¿õ¾¯,Appearance:Dark Red Elliptic Tablet,,,,,´¶¤O°¨ªL,Premarin 0.625mg,,,§_,¬O,,,,,,,,,¤@¯ë,¤@¯ë,Äµ »y:¤ß¦Ù±ð¶ë±wªÌ¸T¤î¨Ï¥Î,,,,,§_,1.0,,§_,§_,§_,³æ¤è,§_,¥i¥Î,¥i¥Î,¥i¿i,¬O,,1.00,1.00,2.00,2.00,999,999,1,1,0,0,0,0,,µL¹Ï¤ù,,0,,0,,,,,,,,,,,TAB,§_,¤£µ¹¥I¶·¦Û¥I,¤£µ¹¥I¶·¦Û¥I,,,,§_,SolidDrugForm,ORTAB,,,,,,,,,PH047,202303141802,0,14.00
OPRED,19960101,99999999,°±¥Î,Prednisolone 5mg,Prednisolone 5mg,Prednisolone,PO,,HM,HR-01-00,¤fªA,TAB,Prednisolone,«D²Õ®M,°±¥Î,OCOMP,¤@¯ë¥i¥Î,¬O,¤£¥i¥ÎÃÄ¥]¾÷,,¤@¯ë,Á`¶q¶i¦ì,¾AÀ³¯g:®ð³Ý¡BÃö¸`ª¢¡B¹L±Ó©Ê¯e¯fµ¥,,Indication: Treatment of asthma¡A allergy¡A rheumatic disease,,¥~ Æ[:¥Õ¦â¶ê«ó§Î¿õ¾¯¡A ¤@­±¦³¤¤¥¡¨è²ª,Appearance:White Round Tablet,,,,,«O§Q®Ô,Prednisolone 5mg,,,§_,¬O,,,,,,,,,¤@¯ë,¤@¯ë,Äµ »y:½Ð¿í·ÓÂå®v«ü¥Ü¥ÎÃÄ¡A¤Å¦Û¦æ§ó§ï¾¯¶q©Î¥ÎÃÄ®É¶¡¡C,,,,,§_,1.0,,§_,§_,§_,³æ¤è,§_,°±¥Î,¥i¥Î,¥i¿i,¬O,,1.00,1.00,12.00,12.00,999,999,1,1,12.00,12.00,0,0,,¦³¹Ï¤ù,,0,,0,,H02AB06,,,,,,,,,TAB,§_,°·«Oµ¹¥I,°·«Oµ¹¥I,PREDNISOLONE,H02AB06,A001226100,§_,SolidDrugForm,ORTAB,,,,,,,,,PH047,202303141802,0.60,2.00
OPREL,20070401,99999999,°±¥Î,Premelle LITE 0.3/1.5mg 28's,Premelle LITE 0.3/1.5mg 28's,Estrogen + Medroxyprogesterone,PO,QD,HM,HR-03-04,¤fªA,TAB,Premelle Lite,«D²Õ®M,°±¥Î,,¤@¯ë¥i¥Î,¬O,¤£¥i¥ÎÃÄ¥]¾÷,°·«O¤£µ¹¥I,¤@¯ë,Á`¶q¶i¦ì,¾AÀ³¯g:§ó¦~´Á¶Pº¸»X¸É¥R,,Indication:Treatment of postmenopausal syndrome,,¥~ Æ[:²H¶À¦â¿õ¾¯,Appearance:Light yellow tablet,·|³±³¡·kÄo©Î¦³¤Àªcª«¡A ¸g´Á²§±`,Vagina itching or discharge; menstrual change,,¥u¥Î©óªù¶E¤Î¦í°|STAT,´¶¬ü¨Ó¿õ,Premelle LITE 0.3/1.5mg 28',,,§_,¬O,,¦p¦³¤£¥¿±`¥X¦å¡A ½Ð§iª¾Âå®v,,Check with your doctor if you have vaginal bleeding that lasts a long time.,,³Æµù: ¨C¤ë©w´Á¦Û§Ú¨Å©ÐÀË¬d,Conduct regular breast self-exams monthly.,105-4 ÃÄ©e·|¨MÄ³§R°£,¤@¯ë,¤@¯ë,Äµ »y:¦p¦³¤£¥¿±`¥X¦å¡A½Ð§iª¾Âå®v,,,,,§_,28.0,,§_,§_,§_,½Æ¤è,§_,¥i¥Î,¥i¥Î,¤£¥i¿i,¬O,,1.00,1.00,1.00,1.00,999,999,28,28,2.00,2.00,0,0,,¦³¹Ï¤ù,,0,,0,,G03FB06,G03CA57,G03DA02,,,,,,,BOX,,¤£µ¹¥I¶·¦Û¥I,¤£µ¹¥I¶·¦Û¥I,,,,§_,SolidDrugForm,ORTAB,,,,,,,,,PH047,202303141802,0,1100.00
OPREM,19960101,99999999,°±¥Î,Premelle 2.5¡A 28's/pk,Premelle 2.5¡A 28's/pk,Estrogen + Medroxyprogesterone,PO,QD,HM,HR-03-04,¤fªA,TAB,Premelle,«D²Õ®M,°±¥Î,,¤@¯ë¥i¥Î,§_,¤£¥i¥ÎÃÄ¥]¾÷,,¤@¯ë,Á`¶q¶i¦ì,¾AÀ³¯g:¬°»Û¿E¯À»P¶ÀÅé¯Àµ²¦X¿õ,,Indication:Treatment of postmenopausal syndrome,,¥~ Æ[:²H¬õ¦â¾ò¶ê§Î¿õ¾¯,Appearance:Light red elliptic tablet,·|³±³¡·kÄo©Î¦³¤Àªcª«¡A ¸g´Á²§±`,vagina itching or discharge; menstrual change,,,´¶¤O°¨ªL¡Ð¦X³sÄò¿õ,Premelle 2.5¡A 28's/pk,,,§_,¬O,,¦p¦³¤£¥¿±`¥X¦å¡A ½Ð§iª¾Âå®v,,Check with your doctor if you have vaginal bleeding that lasts a long time.,,³Æµù: ¨C¤ë©w´Á¦Û§Ú¨Å©ÐÀË¬d,Conduct regular breast self-exams monthly.,,¤@¯ë,¤@¯ë,Äµ »y:¦p¦³¤£¥¿±`¥X¦å¡A½Ð§iª¾Âå®v,,,,,§_,28.0,,§_,§_,§_,½Æ¤è,§_,¥i¥Î,¥i¥Î,¤£¥i¿i,§_,,1.00,1.00,2.00,2.00,999,999,28,28,0,0,0,0,,¦³¹Ï¤ù,,0,,0,,G03FA12,,,,,,,,,TAB,§_,¤£µ¹¥I¶·¦Û¥I,¤£µ¹¥I¶·¦Û¥I,,,,§_,SolidDrugForm,ORTAB,,,,,,,,,PH047,202303141802,0,40.00
OPREP,19960101,99999999,°±¥Î,Prepulsid 5mg,Prepulsid 5mg,Cisapride,PO,,ALIM,GI-06-00,¤fªA,TAB,Cisapride,«D²Õ®M,°±¥Î,,¤@¯ë¥i¥Î,¬O,¥i¥ÎÃÄ¥]¾÷,,¤@¯ë,Á`¶q¶i¦ì,¾AÀ³¯g:¬°«P¶i­G¸zÄ¯°Ê¾¯,,Treatment of gastro-oesophageal reflux¡A gastroparesis,,¥~ Æ[:¥Õ¦â¶ê§Î¿õ¾¯,Appearance:White Round Tablet,,,,¥u¥Î©óªù¶E,¥­µÐ½ç,Prepulsid 5mg,,,§_,¬O,,,,,,,,,¤@¯ë,¤@¯ë,Äµ »y:¤£¥i»P¸²µå¬c¥Ä©Î¬õÅð¯À¨ÖªA,,,,,§_,1.0,,§_,§_,§_,³æ¤è,§_,°±¥Î,¥i¥Î,¥i¿i,¬O,,1.00,1.00,2.00,2.00,999,999,1,1,0,0,0,0,,µL¹Ï¤ù,,0,,0,,,,,,,,,,,TAB,§_,°·«Oµ¹¥I,°·«Oµ¹¥I,CISAPRIDE,A03FA02,B022632100,§_,SolidDrugForm,ORTAB,,,,,,,,,PH047,202303141802,6.40,8.00
OPRI,20140616,99999999,¥i¥Î,Priligy 30mg (3 tablets/box),Priligy 30mg (3 tablets/box),Dapoxetine,PO,ASORDER,SGU,UR-05-00,¤fªA,TAB,Priligy,«D²Õ®M,,,¤@¯ë¥i¥Î,¬O,¤£¥i¥ÎÃÄ¥]¾÷,°·«O¤£µ¹¥I,¤@¯ë,Á`¶q¶i¦ì,¾AÀ³¯g:¥Î©óªvÀø¦~ÄÖ18-64·³¦­µo©Ê®gºë¨k©Ê,,Indication:Treatment of premature ejaculation in men.,,¥~ Æ[: ²L¦Ç¦â¶ê§ÎÃÄ¿õ¡A¦L¦³¤T¨¤§Î®Ø¡A¤º¦³"30"¦r¼Ë,Appearance:light grey color round tablet; marking:30,ÀYµh¡Bäú¤ß¡B¯t·w¡B¸¡Âm,Headache¡A nausea¡A dizziness¡A diarrhea,,¬Ò¥i¥Î,¥²§Q«l,Priligy 30mg (3 tablets/box),,,,§_,,ªAÃÄ«á¡A ½Ð¤Å¶}¨®©Î¾Þ§@¦MÀI¾÷±ñ; ¤Å¶¼°s,,Be careful driving or operating machinery. Avoid alcohol.,,ªAÃÄ«e24¤p®É¤Å¶¼¥Î¸²µå¬c¥Ä,Do not drink grapefruit juice within 24 hours prior to taking PRILIGY,103¦~²Ä¤G¦¸ÃÄ©e·|·s¶iÃÄ«~,¤@¯ë,¤@¯ë,Äµ »y:ªAÃÄ«á¡A½Ð¤Å¶}¨®©Î¾Þ§@¦MÀI¾÷±ñ¡F¤Å¶¼°s,,,0,0,§_,3.0,,§_,¬O,§_,³æ¤è,§_,°±¥Î,°±¥Î,¤£¥i¿i,¬O,,1.00,1.00,1.00,1.00,999,999,1,1,1.00,1.00,0,0,,¦³¹Ï¤ù,,0,,0,,G04BX14,,,,,0,,0,,BOX,,¤£µ¹¥I¶·¦Û¥I,¤£µ¹¥I¶·¦Û¥I,,,,§_,SolidDrugForm,ORTAB,,,,,,,,,PH047,202303141802,0,1100.00
OPRIN,19960101,99999999,°±¥Î,Primolut-Nor 5mg,Primolut-Nor 5mg,Norethisterone,PO,,HM,HR-03-03,¤fªA,TAB,Primolut-Nor,«D²Õ®M,°±¥Î,OPRO5,¤@¯ë¥i¥Î,¬O,¥i¥ÎÃÄ¥]¾÷,,¤@¯ë,Á`¶q¶i¦ì,¾AÀ³¯g:¬°¶ÀÅé¯À,,Indication:treat symptoms due to a lack of progestin,,¥~ Æ[:¥Õ¦â¶ê«ó§Î¿õ¾¯¡A ¤@­±¨è¤Q¦r¡A ¤@­±¦LAP,Appearance:White Round Tablet,,,,,´¶¤k¸ô³q,Primolut-Nor 5mg,,,§_,¬O,,,,,,,,,¤@¯ë,¤@¯ë,Äµ »y:¥i¯à¤Þ°_¸g´Á²§±`¡A¤f°®¡AÀW§¿¡AµL­¹¼¤¡A²§±`¤f´÷µ¥²{¶H,,,,,§_,1.0,,§_,§_,§_,³æ¤è,§_,¥i¥Î,¥i¥Î,¥i¿i,¬O,,1.00,1.00,2.00,2.00,999,999,1,1,0,0,0,0,,¦³¹Ï¤ù,,0,,0,,,,,,,,,,,TAB,§_,°·«Oµ¹¥I,°·«Oµ¹¥I,NORETHINDRONE,G03DC02,B022725100,§_,SolidDrugForm,ORTAB,,,,,,,,,PH047,202303141802,2.43,4.00
OPRIP,19960101,99999999,°±¥Î,Primperan 5mg,Primperan 5mg,Metoclopramide,PO,TIDAC,ALIM,GI-06-00,¤fªA,TAB,Primperan,«D²Õ®M,°±¥Î,OPRM,¤@¯ë¥i¥Î,¬O,¥i¥ÎÃÄ¥]¾÷,¥i¥Î,¤@¯ë,Á`¶q¶i¦ì,¾AÀ³¯g:¹w¨¾¹Ã¦R¡B°f¬y©Ê®ø¤Æ©Ê­¹¹Dª¢¡A­G¸zÄ¯°Ê²§±`,,Indication:Prevention of nausea & vomiting¡A GERD,,¥~ Æ[:¥Õ¦â¶ê«ó«¬¿õ¾¯¡A ¤@­±¦LP5,Appearance:White round tablet,¸¡Âm¡A ¤ë¸g¶g´Á§ïÅÜ¡A ¨Å¥Ä¤Àªc¼W¥[¡A À@Åé¥~¯gª¬(¤f¦ÞªÏÅé¤£¦Û¥D¹B°Ê),Diarrhea changes in menstruation¡A hyperprolactinemia¡A extrapyrimidal symptoms.,,,¸¡¹ç®Ô,Primperan 5mg,,,§_,¬O,,³¡¤À¤H¨Ï¥Î«á¥i¯à¤Þ°_¯h­Â¡A µtºÎªº²{¶H,,May cause fatigue¡A sleepiness.,,,,,¤@¯ë,¤@¯ë,Äµ »y:³¡¤À¤H¨Ï¥Î«á¥i¯à¤Þ°_¯h­Â¡BµtºÎªº²{¶H,,¤fªAÃÄ,,,§_,1.0,,§_,§_,§_,³æ¤è,§_,¥i¥Î,¥i¥Î,¥i¿i,¬O,,1.00,1.00,2.00,2.00,999,999,1,1,8.00,8.00,0.16,0.04,,¦³¹Ï¤ù,,0,,0,,A03FA01,,,,,,,,,TAB,§_,¤£µ¹¥I¶·¦Û¥I,¤£µ¹¥I¶·¦Û¥I,,,,§_,SolidDrugForm,ORTAB,,,,,,,,,PH006,202304041453,0,3.00
OPRM,20221112,99999999,¥i¥Î,Promeran 3.84mg,Promeran 3.84mg,Metoclopramide,AC,TIDAC,ALIM,GI-06-00,¤fªA,TAB,Primperan,«D²Õ®M,,,¤@¯ë¥i¥Î,¬O,¥i¥ÎÃÄ¥]¾÷,¥i¥Î,¤@¯ë,Á`¶q¶i¦ì,¾AÀ³¯g:¹w¨¾¹Ã¦R¡A°f¬y©Ê®ø¤Æ©Ê­¹¹Dª¢¡A­G¸zÄ¯°Ê²§±`,,Indication:Prevention of vomiting¡A Gastroparesis,,¥~ Æ[:¥Õ¦â¶ê«¬¿õ¾¯¡A ¤@­±¦LS,Appearance:White round tablet¡A with S marked.,¹B°Ê»ÙÃª¡A¸¡Âm¡A¦Ù¦×»øµw¡AµJÄ¼·P,Dyskinesia¡A Diarrhea¡A,,¬Ò¥i¥Î,­G©ú®Ô½¤¦ç¿õ3.84¤½µ·,Promeran 3.84mg,,,,¬O,,³¡¤À¤H¨Ï¥Î«á¥i¯à¤Þ°_¯h­Â¡A µtºÎªº²{¶H,,May cause fatigue¡A sleepiness.,,¨Ï¥Î¶W¹L12¶g½Ðµû¦ôªvÀø®Ä¯q»P°Æ§@¥Îªº­·ÀI.,Used with longer-term(>12weeks)carefully causes increased risk of side effects.,2022.12¯Ê³f´À¥N[OPRIP],¤@¯ë,¤@¯ë,Äµ »y:³¡¤À¤H¨Ï¥Î«á¥i¯à¤Þ°_¯h­Â¡BµtºÎªº²{¶H,,,0,0,§_,1.0,,§_,¬O,§_,³æ¤è,,¥i¥Î,¥i¥Î,¥i¿i,¬O,,1.00,1.00,2.00,2.00,999,999,1,1,8.00,8.00,0.20,0.05,,¦³¹Ï¤ù,,0,,0,,A03FA01,,,,,0,,0,,TAB,§_,°·«Oµ¹¥I,°·«Oµ¹¥I,METOCLOPRAMIDE,A03FA01,AB033181G0,,SolidDrugForm,ORTAB,,,0,,0,,,,PH022,202302050857,2.00,3.00
OPRO2,20080916,99999999,°±¥Î,Progynova 2mg 21's/pk,Progynova 2mg 21's/pk,Estradiol Valerate,PO,QD,HM,HR-03-02,¤fªA,TAB,Progynova,«D²Õ®M,°±¥Î,OPROGY,¤@¯ë¥i¥Î,¬O,¤£¥i¥ÎÃÄ¥]¾÷,,¤@¯ë,Á`¶q¶i¦ì,¾AÀ³¯g: §ïµ½§ó¦~´Á¯gª¬,,Indication: Hormonal replacement therapy.,,¥~ Æ[: ÂÅ¦â¶ê¥Y«¬¿õ¾¯,Appearance:Blue Round Tablet,,,,¥u¥Î©óªù¶E¤Î¦í°|STAT,´¶¤kºa¿õ,Progynova 2mg 21's/pk,,,§_,¬O,,,,,,,,,¤@¯ë,¤@¯ë,Äµ »y:ªvÀø´Á¶¡­Yµo¥Í¦å®ê¯gª¬©ÎºÃ¦üª¬ªp®É¥²¶·¥ß§Y°±ÃÄ,,,,,§_,21.0,,§_,§_,¬O,³æ¤è,§_,¥i¥Î,¥i¥Î,¤£¥i¿i,¬O,,1.00,1.00,1.00,1.00,99,99,21,21,0,0,0,0,,¦³¹Ï¤ù,,0,,0,,,,,,,,,,,PK,,¤£µ¹¥I¶·¦Û¥I,¤£µ¹¥I¶·¦Û¥I,,,,§_,SolidDrugForm,ORTAB,,,,,,,,,PH047,202303141802,0,60.00
OPRO5,19960101,99999999,¥i¥Î,Provera 5mg,Provera 5mg,Medroxyprogesterone,PO,QD,HM,HR-03-03,¤fªA,TAB,Provera,«D²Õ®M,,,¤@¯ë¥i¥Î,¬O,¤£¥i¥ÎÃÄ¥]¾÷,¥i¥Î,¤@¯ë,Á`¶q¶i¦ì,¾AÀ³¯g:¤l®c²§±`¥X¦å¡A °±¸g,,Indication:Treat amenorrhea¡A dysmenorrhea.,,¥~ Æ[:ÂÅ¦â¶ê§Î¿õ¾¯¡A ¤@­±¦³¨è²ª¡A ¤@­±¦LPROVERA 5,Appearance:Blue round tablet,¸g´Á²§±`¡A µL­¹¼¤¡A µÈ®ð¡A ¯h­Â¡A ¤ô¸~,Menstrual change; loss of appetite; bloated feeling; edema,,,´¶ºû©Ô¿õ,Provera 5mg,,,§_,¬O,,¥i¯à·|¤Þ°_Åé²Gªºº¢¯d¡A ®ð³Ý¡B¤ßÅ¦©ÎµÇÅ¦¯f±w¶·¯d·N,,May cause fluid retention¡A caution in asthma¡A cardiac or renal dysfunction.,,,,,¤@¯ë,¤@¯ë,Äµ »y:¥i¯à·|¤Þ°_Åé²Gªºº¢¯d¡A®ð³Ý¡B¤ßÅ¦©ÎµÇÅ¦¯f±w¶·¯d·N,,,,,§_,1.0,,§_,¬O,§_,³æ¤è,§_,¥i¥Î,¥i¥Î,¤£¥i¿i,¬O,,1.00,1.00,2.00,2.00,999,999,1,1,100.00,100.00,0,0,,¦³¹Ï¤ù,,0,,0,,G03DA02,,,,,,,,,TAB,§_,°·«Oµ¹¥I,°·«Oµ¹¥I,MEDROXYPROGESTERONE,G03DA02,BC14860100,§_,SolidDrugForm,ORTAB,¦M®`¤G¯Å(¡I),,,,,,,,PH047,202303141802,1.50,3.00
OPRO6,20150422,99999999,¥i¥Î,Procal 667mg (¾L»Ä¶t),Procal 667mg,Calcium Acetate,PO,,NUTR,NU-03-00,¤fªA,TAB,Caphos,«D²Õ®M,,,¤@¯ë¥i¥Î,¬O,¤£¥i¥ÎÃÄ¥]¾÷,,¤@¯ë,Á`¶q¶i¦ì,¾AÀ³¯g: µÇ°IºÜ¥½´Á¤§°ªÁC»ÄÆQ¦å¯g¡C,,Indication: Control of hyperphosphatemia in end stage renal,failure.,¥~ Æ[:¥Õ¦â¶ê§Î¿õ¾¯¡A¤¤¶¡¦³¨è²ª¡A¦LPL¤ÎT26,Appearance: White round tablet,°ª¶t¦å¯g¡Bäú¤ß¡B«K¯¦¡B¹L±Ó¡C,Hypercalemia¡A nausea¡A constipation¡A allergy reaction,,¬Ò¥i¥Î,¡§°ö¤O¡¨´¶Ã¹¶t¿õ667²@§J¡]¾L»Ä¶t¡^,Procal 667mg,,,,¬O,,,,,,,,,¤@¯ë,¤@¯ë,Äµ »y:¥»«~¥iÄZ¸H«á§]ªA,,,0,0,§_,1.0,,§_,¬O,§_,³æ¤è,§_,¥i¥Î,¥i¥Î,¥i¿i,¬O,,1.00,1.00,4.00,4.00,999,999,1,1,12.00,12.00,0,0,,¦³¹Ï¤ù,,0,,0,,A12AA12,,,,,0,,0,,TAB,§_,°·«Oµ¹¥I,°·«Oµ¹¥I,CALCIUM ACETATE,V03AE07,AC367941G0,§_,SolidDrugForm,ORTAB,,,,,,,,,PH047,202312131203,2.00,3.00
OPROA,19960101,99999999,°±¥Î,Prostaphlin-A 250mg,Prostaphlin-A 250mg,Cloxacillin,PO,,QANB,AI-01-01,¤fªA,CAP,Prostaphlin-A,«D²Õ®M,°±¥Î,OZIE,¤@¯ë¥i¥Î,¬O,¤£¥i¥ÎÃÄ¥]¾÷,,¤@¯ë,Á`¶q¶i¦ì,¾AÀ³¯g:²Óµß©Ê·P¬V,,Antimicrobial agent,,¥~ Æ[:©úµµ¬õ/ÂA¶À¦âªø¶ê¬W§Îµw½¦Ån,Appearance:Red/Yellow Cylinder Capsule,,,,,¼³µåÅð¯À,Prostaphlin-A 250mg,,,§_,¬O,,,,,,,,,¤@¯ë,¤@¯ë,Äµ »y:½Ð¿í«ü¥ÜªA§¹¾ã­ÓÀøµ{¡A­Yµo¥Í¥ÎÃÄ¤£¨}¤ÏÀ³½Ð§iª¾Âå¥Í¡C,,,,,§_,1.0,,§_,§_,§_,³æ¤è,§_,¥i¥Î,¥i¥Î,¥i¿i,¬O,,1.00,1.00,24.00,24.00,14,999,1,1,0,0,0,0,,µL¹Ï¤ù,,0,,0,,J01CF02,,,,,,,,,CAP,§_,°·«Oµ¹¥I,°·«Oµ¹¥I,CLOXACILLIN,J01CF02,N006998100,§_,SolidDrugForm,ORCAP,,,,,,,,,PH047,202401261323,2.54,4.00
OPROG,20050627,99999999,°±¥Î,Progeffik 100mg,Progeffik 100mg,Progesterone,PO,AS,HM,HR-03-03,¤fªA,CAP,Utrogestan,«D²Õ®M,°±¥Î,OUTR,¤@¯ë¥i¥Î,¬O,¤£¥i¥ÎÃÄ¥]¾÷,±ø¥ó¤Uµ¹¥I,¤@¯ë,Á`¶q¶i¦ì,¾AÀ³¯g:¬°¶ÀÅé¯À,,Indication: Dysmenorrhea¡A endometriosis¡A uterine bleeding,,¥~ Æ[:¨Å¥Õ¦â¶ê§Î³n½¦Ån,Appearance:White Round Capsule,¨Å©ÐµÈµh¡B·|³±¯kµh¡BÀYµh¡B«K¯µ¡B¸¡Âm,Breast tenderness & pain¡A perineal pain¡A headache¡A constipation¡A diarrhea,,¬Ò¥i¥Î,·Rµ·½{,Progeffik 100mg,,,§_,¬O,,,,,,,,,¤@¯ë,¤@¯ë,Äµ »y:Á×§K©â·Ï¡A¦]¥i¯à¼W¥[¤¤­·¡B¦å¶ô¾®¶°¡B°ª¦åÀ£ªº¦MÀI©Ê,,,,,§_,1.0,,§_,§_,§_,³æ¤è,§_,°±¥Î,¥i¥Î,¤£¥i¿i,¬O,,1.00,1.00,4.00,4.00,999,999,1,1,0,0,0,0,,¦³¹Ï¤ù,,0,,0,,,,,,,,,,,CAP,§_,°·«Oµ¹¥I,°·«Oµ¹¥I,PROGESTERONE,G03DA04,B023601100,§_,SolidDrugForm,ORCAP,,,,,,,,,PH047,202303141803,9.20,12.00
OPROGY,20090907,99999999,°±¥Î,Progyluton 21's/box,Progyluton 21's/box,Estradiol Valerate + Norgestrel,PO,QD,HM,HR-03-04,¤fªA,TAB,,«D²Õ®M,°±¥Î,,³æ¦ìÁ{±Ä,¬O,¤£¥i¥ÎÃÄ¥]¾÷,°·«O¤£µ¹¥I,¤@¯ë,Á`¶q¶i¦ì,¾AÀ³¯g:½Õ¸`¤ë¸g»ÙÃª¡A ²üº¸»X¯Ê¥F¤§¤£¥¥¯g,,Indication:For irregularities of the menstrual cycle,,¥~ Æ[:¿j¬õ¦â/¥Õ¦â¶ê¤GºØÃC¦â¶ê§Î¿õ¾¯,Appearance:Red/white round tablet,³±¹D²§±`¥X¦å¡A ¸g´Á²§±`¡A ¨Å©ÐµÈµh©Î¦³¤Àªcª«¡A ÀYµh,vaginal bleeding change; menstrual change; breast enlargement; headache,,¬Ò¥i¥Î,´¶¦N¼Ö³q,Progyluton 21's/box,,,§_,¬O,,¨ÌÃÄ«~¥]¸Ë­I­±ªº§Ç¸¹ªA¥Î¡A ­Y«ùÄò¦³¤£©ú­ì¦]¥X¦å½Ð¦^¶E,,Taking in accordance with the serial number on the back of the package.,,,,98¦~¥Í´Þ¤¤¤ßÁ{±ÄÃÄProgynova 2mg 21's/pk°±²£¨ú¥N¡A104¦~©³°±²£ÃöÀÉ¡C,¤@¯ë,¤@¯ë,Äµ »y:¨ÌÃÄ«~¥]¸Ë­I­±ªº§Ç¸¹ªA¥Î¡A ­Y«ùÄò¦³¤£©ú­ì¦]¥X¦å½Ð¦^¶E,,,,,§_,21.0,,§_,§_,§_,½Æ¤è,§_,¥i¥Î,¥i¥Î,¤£¥i¿i,¬O,,1.00,1.00,1.00,1.00,999,999,21,21,2.00,2.00,0,0,,¦³¹Ï¤ù,,0,,0,,G03FB01,G03CA03,,,,,,,,TAB,§_,¤£µ¹¥I¶·¦Û¥I,¤£µ¹¥I¶·¦Û¥I,,,,§_,SolidDrugForm,ORTAB,,,,,,,,,PH047,202303141803,0,6.00
OPROP,19960101,99999999,¥i¥Î,Propecia 1mg (28 tablets/box),Propecia 1mg (28 tablets/box),Finasteride,PO,QD,TDER,DE-11-00,¤fªA,TAB,Propecia,«D²Õ®M,,,¤@¯ë¥i¥Î,¬O,¤£¥i¥ÎÃÄ¥]¾÷,°·«O¤£µ¹¥I,¤@¯ë,Á`¶q¶i¦ì,¾AÀ³¯g:¨r¾v,,Indication:Treatment of male pattern hair loss.,,¥~ Æ[:28Áû²°¸Ë,Appearance:28 tablets / box,©Ê¥\¯à»ÙÃª,Decreased libido; erectile dysfunction; ejaculation disorder.,,,¬X¨K,Propecia 1mg (28 tablets/box,,,§_,§_,,Ãh¥¥©Î§Y±NÃh¥¥°ü¤k¤£¥i±µÄ²ÃÄ¤Y,,Women who are or may become pregnant should avoid handling crushed tablet.,,,,,¤@¯ë,¤@¯ë,Äµ »y:Ãh¥¥©Î§Y±NÃh¥¥°ü¤k¤£¥i±µÄ²ÃÄ¤Y,,,,,§_,1.0,,¬O,¬O,§_,³æ¤è,§_,°±¥Î,°±¥Î,¤£¥i¿i,¬O,,1.00,1.00,1.00,1.00,999,999,28,28,2.00,2.00,0,0,,¦³¹Ï¤ù,,0,,0,,D11AX10,,,,,,,,,TAB,§_,¤£µ¹¥I¶·¦Û¥I,¤£µ¹¥I¶·¦Û¥I,,,,§_,SolidDrugForm,ORTAB,¦M®`¤G¯Å(¡I),,,,,,,,PH047,202311131744,0,70.00
OPROS,19960101,99999999,°±¥Î,Prostarmon-E 0.5mg,Prostarmon-E 0.5mg,Dinoprostone,PO,AS,SGU,UR-02-00,¤fªA,TAB,PGE2,«D²Õ®M,¼t°Ó¯Ê³f,,¤@¯ë¥i¥Î,¬O,¤£¥i¥ÎÃÄ¥]¾÷,,¤@¯ë,Á`¶q¶i¦ì,¾AÀ³¯g:§³®W¥½´Á¤§°}µh»¤µo¤Î°}µh«P¶i¡C,,Indication:Induction & augmentation of labor near term.,,¥~ Æ[:¥Õ¦â¶ê§Î¿õ¾¯¡A ¾Tºä¥]¸Ë,Appearance: White round tablet,·w¯t¡A ¥i¯àµo¥Í»´·L¦åÀ£¤W¤É,Dizziness & slight elevation or fall of BP may occasionally occur.,,¥u¥Î©óªù¶E¤Î¦í°|STAT,«O¼Ö­L»X¡E¥³¿õ0.5²@§J,Prostarmon-E 0.5mg,,,§_,¬O,,¨Ï¥Î«á»Ý½ö¤U¥ð®§,,You will need to lie on your back after taking this medicine.,,,,,¤@¯ë,¤@¯ë,Äµ»y:¨Ï¥Î«á»Ý½ö¤U¥ð®§,,,,,§_,1.0,,¬O,§_,§_,³æ¤è,§_,°±¥Î,°±¥Î,¤£¥i¿i,§_,,1.00,1.00,2.00,3.00,999,999,1,1,6.00,6.00,0,0,,¦³¹Ï¤ù,,0,,0,,G02AD02,,,,,,,,,TAB,§_,¤£µ¹¥I¶·¦Û¥I,¤£µ¹¥I¶·¦Û¥I,,,,§_,SolidDrugForm,ORTAB,¦M®`¤G¯Å(¡I),,,,,,,,PH047,202303141803,0,88.00
OPROT,20060925,99999999,¥i¥Î,Protase 280mg enteric coated,Protase 280mg enteric coated,Pancrelipase,WM,TID,ALIM,GI-04-00,¤fªA,CAP,Protease,«D²Õ®M,,,¤@¯ë¥i¥Î,¬O,¤£¥i¥ÎÃÄ¥]¾÷,¥i¥Î,¤@¯ë,Á`¶q¶i¦ì,¾AÀ³¯g:¦]µoª¢¡A¤â³N¡A¯e¯fµ¥©Ò¾É­Pªº¯Ø²G¤Àªc¤£¥þ,,Indication:Aid digestion.,,¥~ Æ[:¤@ºÝ¬õ¦â¸z·»·L²É½¦Ån¡A¦L¦³"YSP"¤Î"PCC"¡C,Appearance:Red/transparent capsule¡A marking:YSP¡A PCC,äú¤ß¡A ¹Ã¦R¡A µÈ·P¡A µ±µh¡A «K¯µ¡A ¸¡Âm,Nausea¡A vomiting¡A bloating¡A cramping¡A constipation or diarrhea.,,¬Ò¥i¥Î,Àu§®¤Æ¸z·»·L²É½¦Ån,Protase E.C. 280mg,,,§_,¬O,,À³¾ã²É§]ªA¡A ¤Á¤Å«rÄZ©ÎÀ£¸H,,Swallow the tablet whole. Do not crush¡A break or chew.,,,,104-3 ÃÄ©e·|³q¹L¶iÃÄ,¤@¯ë,¤@¯ë,Äµ »y:À³¾ã²É§]ªA¡A¤Á¤Å«rÄZ©ÎÀ£¸H,,,,,§_,1.0,,§_,¬O,§_,½Æ¤è,§_,¥i¥Î,¥i¥Î,¤£¥i¿i,¬O,,1.00,1.00,2.00,2.00,999,999,1,1,8.00,8.00,0,0,,¦³¹Ï¤ù,,0,,0,,A09AA02,,,,,,,,,CAP,,°·«Oµ¹¥I,°·«Oµ¹¥I,AMYLASE 66.4KIU + LIPASE 20KIU + PANCRELIPASE 280MG + PROTASE 75KIU,A09AA02,AC46067100,§_,SolidDrugForm,ENTCAP,,,,,,,,,PH047,202303141803,7.80,11.00
OPROV,20081122,99999999,°±¥Î,Provigil 200mg,Provigil 200mg,Modafinil,PO,QDPC,CNEU,CN-02-08,¤fªA,TAB,Provigil,«D²Õ®M,°±¥Î,,­­¥æ¥I½Õ¾¯,¬O,¤£¥i¥ÎÃÄ¥]¾÷,,¤£¦LÃÄÅÒ,Á`¶q¶i¦ì,¾AÀ³¯g: ªv¤é¶¡¹L«×ºÎ¯vªÌ¥¢¯v,,,,,,,,,¥u¥Î©óªù¶E,´¶½Ã¿ô¿õ,Provigil 200mg,,,§_,¬O,,,,,,,,¥»ÃÄ­­ªù¶E¥æ¥I½Õ¾¯¥Î,¤@¯ë,¤@¯ë,Äµ »y:½Ð¸m©ó«Äµ£µLªk¨ú±o¤§³B,,,,,§_,1.0,,¬O,§_,§_,³æ¤è,§_,¥i¥Î,¥i¥Î,¥i¿i,¬O,,1.00,0,2.00,0,99,0,7,0,2.00,2.00,0,0,,µL¹Ï¤ù,,0,,0,,,,,,,,,,,TAB,§_,°·«O¤£¥Ó³ø¤£­p»ù,°·«O¤£¥Ó³ø¤£­p»ù,MODAFINIL,N06BA07,V000010100,§_,SolidDrugForm,ORTAB,,,,,,,,,PH047,202303141803,166.00,200.00
OPROZ,19960101,99999999,°±¥Î,Prozac 20mg,Prozac 20mg,Fluoxetine,PO,BID,CNEU,CN-02-04,¤fªA,TAB,Prozac,«D²Õ®M,°±¥Î¡A¥i¬dÃþ¦üÃÄ,OFLU2,¤@¯ë¥i¥Î,¬O,¤£¥i¥ÎÃÄ¥]¾÷,±ø¥ó¤Uµ¹¥I,¤@¯ë,Á`¶q¶i¦ì,¾AÀ³¯g:§íÆ{¯g¡A ¼É­¹¯g¡A ±j­¢¯g,,Indication:Treatment of depression¡A anxiety,,¥~ Æ[:¦L4400¡A ¥Õ¦â¾ò¶ê§Î¿õ¾¯,Appearance:White round tablet,ÀR§¤¤£¯à¡A ¥Ö½§¬õ¯l¡A ëC³Â¯l©ÎÄo¡A «äºÎ,Unable sitting still; skin rash¡A hives¡A or itching¡A sleepy,,,¦Ê¼~¸Ñ,Prozac 20mg,,,¬O,¬O,½Ã±Ð³æ¥|,ªAÃÄ«á¡A ½Ð¤Å¶}¨®©Î¾Þ§@¦MÀI¾÷±ñ; ¤Å¶¼°s,,Be careful driving or operating machinery. Avoid alcohol.,,,,,¤@¯ë,¤@¯ë,Äµ »y:ªAÃÄ«á¡A½Ð¤Å¶}¨®©Î¾Þ§@¦MÀI¾÷±ñ¡F¤Å¶¼°s,­¹ ­¹ª«¥æ¤¬,,,,,1.0,,§_,§_,§_,³æ¤è,§_,¥i¥Î,¥i¥Î,¥i¿i,¬O,,1.00,1.00,2.00,2.00,999,999,1,1,8.00,8.00,0,0,,¦³¹Ï¤ù,,0,,0,,N06AB03,,,,,,,,,TAB,§_,°·«Oµ¹¥I,°·«Oµ¹¥I,FLUOXETINE,N06AB03,BC22064100,§_,SolidDrugForm,ORTAB,,,,,,,,,PH047,202303141803,1.96,3.00
OPRS,19960101,99999999,¥i¥Î,Proscar 5mg,Proscar 5mg,Finasteride,PO,QD,SGU,UR-04-00,¤fªA,TAB,Proscar,«D²Õ®M,,OPLK,¤@¯ë¥i¥Î,¬O,¤£¥i¥ÎÃÄ¥]¾÷,±ø¥ó¤Uµ¹¥I,¤@¯ë,Á`¶q¶i¦ì,¾AÀ³¯g:¥Dªv¨}©Ê«e¦C¸¢¼W¥Í,,Indication:Treatment of benign prostatic hyperplasia,,¥~ Æ[:²L«C¦â¤£³W«h¿õ¾¯,Appearance:Lighit blue irregular tablet,®gºë©µ¿ð¡A ¨Å©ÐµÈ·P¡A ¥Ö¯l,Ejaculation disorder¡A breast tenderness & enlargement¡A rash.,,,ªi´µ¥d,Proscar 5mg,,,§_,¬O,,Ãh¥¥©Î§Y±NÃh¥¥°ü¤k¤£¥i±µÄ²ÃÄ¤Y,,Women who are or may become pregnant should avoid handling crushed tablet.,,,,,¤@¯ë,¤@¯ë,Äµ »y:Ãh¥¥©Î§Y±NÃh¥¥°ü¤k¤£¥i±µÄ²ÃÄ¤Y,,,,,§_,1.0,,§_,¬O,§_,³æ¤è,§_,¥i¥Î,¥i¥Î,¤£¥i¿i,¬O,,1.00,1.00,1.00,1.00,999,999,1,1,2.00,2.00,0,0,,¦³¹Ï¤ù,,0,,0,,G04CB01,,,,,,,,,TAB,§_,°·«Oµ¹¥I,°·«Oµ¹¥I,FINASTERIDE,G04CB01,BC20198100,§_,SolidDrugForm,ORTAB,¦M®`¤G¯Å(¡I),,,,,,,,PH047,202303141803,11.30,15.00
OPTU,19960101,99999999,°±¥Î,Procil 50mg,Procil 50mg,Propylthiouracil,PO,,META,ME-04-00,¤fªA,TAB,Procil,«D²Õ®M,°±¥Î,OPOLU,¤@¯ë¥i¥Î,¬O,¥i¥ÎÃÄ¥]¾÷,,¤@¯ë,Á`¶q¶i¦ì,¾AÀ³¯g:¥Òª¬¸¢¾÷¯à¤®¶i,,Indication: Treatment of hyperthyroidism.,,¥~ Æ[:¥Õ¦â¶ê«ó§Î¿õ¾¯¡A ¤@­±¦L Nysco¡A ¤@­±¦³¤¤¥¡¨è²ª,Appearance:White round tablet,³h¦å¡A §C¥Õ³J¥Õ¦å¯g¡A¦å¤pªO´î¤Ö¡A µµ´³¯g,Anemia¡A hypoalbuminemia¡A thrombocytopenia¡A purpura.,,¬Ò¥i¥Î,´¶¼Öªv,Procil 50mg,,,§_,¬O,,¦p¥X²{µo¿N¡A ²§±`¥X¦å¡A ¥Ö½§¶À¯n¡A ¹Ã¦R¡A ½Ð§iª¾Âå®v,,Notify your doctor if you experience fever¡A unusual bleeding¡A skin rash¡A,yellowing of the skin¡A vomiting.,,,,¤@¯ë,¤@¯ë,Äµ »y:¦p¥X²{µo¿N¡B²§±`¥X¦å¡B¥Ö½§¶À¯n¡B¹Ã¦R¡A½Ð§iª¾Âå®v,,,,,§_,1.0,,§_,§_,§_,³æ¤è,§_,°±¥Î,¥i¥Î,¥i¿i,¬O,,1.00,1.00,6.00,6.00,999,999,28,1,24.00,24.00,0,0,,¦³¹Ï¤ù,,0,,0,,H03BA02,,,,,,,,,TAB,§_,°·«Oµ¹¥I,°·«Oµ¹¥I,PROPYLTHIOURACIL,H03BA02,NC07870100,§_,SolidDrugForm,ORTAB,,,,,,,,,PH047,202303141803,1.90,3.00
OPYR,19960101,99999999,¥i¥Î,Pyridoxine (B6) 50mg,Pyridoxine (B6) 50mg,Pyridoxine,PO,TID,NUTR,NU-02-00,¤fªA,TAB,Vitamin B6,«D²Õ®M,,,¤@¯ë¥i¥Î,¬O,¥i¥ÎÃÄ¥]¾÷,,¤@¯ë,Á`¶q¶i¦ì,¾AÀ³¯g:ºû¥L©RB6¯Ê¥F¯g¤Î§³®W´Á¹Ã¦R¤§¹w¨¾¤ÎªvÀø,,Indication:Treatment of vitamin B6 deficiency,,¥~ Æ[:¥Õ¦â¶ê§ÎÃÄ¿õ¡A ¨è¦³JCP¥t¤@­±011¦r¼Ë,Appearance:White round tablet,ªø´Á¤j¶q¨Ï¥Î·|¤Þ°_©PÃä¯«¸g¯fÅÜ,Severe peripheral neuropathies (long-term administration of large doses).,,,ÆQ»Ä¤ñ¦h¨¯¿õ,Pyridoxine (B6) 50mg (Privat,,,§_,¬O,,½Ð¿í·ÓÂå®v«ü¥Ü¨Ï¥Î¡A ­Yµo¥ÍºÃ¦üÃÄª«¤£¨}¤ÏÀ³½Ð§iª¾Âå¥Í,,Follow doctor's advice. Check with doctor if you notice any side effects.,,,,,¤@¯ë,¤@¯ë,Äµ »y:½Ð¿í·ÓÂå®v«ü¥Ü¨Ï¥Î¡A­Yµo¥ÍºÃ¦üÃÄª«¤£¨}¤ÏÀ³½Ð§iª¾Âå¥Í¡C,,,,,§_,1.0,,§_,¬O,§_,³æ¤è,§_,¥i¥Î,¥i¥Î,¥i¿i,¬O,,1.00,1.00,4.00,4.00,999,999,1,1,9.00,9.00,0,0,,¦³¹Ï¤ù,,0,,0,,A11HA02,,,,,,,,,TAB,§_,°·«Oµ¹¥I,°·«Oµ¹¥I,VITAMIN B6 (=PYRIDOXINE),A11HA02,NC01821100,§_,SolidDrugForm,ORTAB,,,,,,,,,PH047,202303141803,1.50,3.00
OPYRZ,20200313,99999999,¥i¥Î,Pyrazinamide 500mg,Pyrazinamide 500mg,Pyrazinamide,PO,QD,QANB,AI-01-12,¤fªA,TAB,Pyramide,«D²Õ®M,,,¤@¯ë¥i¥Î,¬O,¤£¥i¥ÎÃÄ¥]¾÷,¥i¥Î,¤@¯ë,Á`¶q¶i¦ì,¾AÀ³¯g:ªÍµ²®Ö¤Î¨ä¥L¤§µ²®Ö¯g,,Indication:Treatment of tuberculosis,,¥~ Æ[:¥Õ¦â¶ê§Î¿õ¾¯¡A¤@­±¦L¦³P,Appearance:White round tablet¡A P marked.,¨x¬r©Ê¡A §¿»Ä¼W¥[¤Þ°_µh­·,Hepatotoxicity¡A hyperuricemia leading to attacks of gout,,¬Ò¥i¥Î,¤Ç¤«±ô¦w¿õ500²@§J,Pyrazinamide 500mg,,,,¬O,,½Ð¿í«ü¥ÜªA§¹¾ã­ÓÀøµ{¡A ­Yµo¥Í¥ÎÃÄ¤£¨}¤ÏÀ³½Ð§iª¾Âå¥Í,,Follow doctor's advice. Check with doctor if you notice any side effects.,,,,2019Q4 [OPZAT]°·«Oµ¹¥I¦Ü3¤ë©³¡A´À¥NÃÄª«,¤@¯ë,¤@¯ë,Äµ »y:½Ð¿í«ü¥ÜªA§¹¾ã­ÓÀøµ{¡A­Yµo¥Í¥ÎÃÄ¤£¨}¤ÏÀ³½Ð§iª¾Âå¥Í¡C,,,0,0,§_,1.0,,§_,¬O,§_,³æ¤è,§_,¥i¥Î,¥i¥Î,¥i¿i,¬O,,1.00,1.00,6.00,6.00,28,28,1,1,6.00,6.00,0.10,0.10,,¦³¹Ï¤ù,,0,,0,,J04AK01,,,,,0.50,g,1.50,g,TAB,§_,°·«Oµ¹¥I,°·«Oµ¹¥I,PYRAZINAMIDE,J04AK01,AC38104100,§_,SolidDrugForm,ORTAB,,,0,,0,,,,PH047,202401101439,4.68,7.00
OPZA,19960101,99999999,°±¥Î,Pyramide 250mg,Pyramide 250mg,Pyrazinamide,PO,,QANB,AI-01-12,¤fªA,TAB,Pyramide,«D²Õ®M,°±¥Î,OMID,¤@¯ë¥i¥Î,¬O,¥i¥ÎÃÄ¥]¾÷,,¤@¯ë,Á`¶q¶i¦ì,¾AÀ³¯g:ªÍµ²®Ö,,Treatment of TB,,¥~ Æ[:¥Õ¦â¶ê§ÎÃÄ¿õ¡A¤@­±¦L¦³SANKYO¤Î536ªº¨è²ª,Appearance:White Round Tablet,,,,,,Pyramide 250mg,,,§_,¬O,,,,,,,,,¤@¯ë,¤@¯ë,Äµ »y:½Ð¿í«ü¥ÜªA§¹¾ã­ÓÀøµ{¡A­Yµo¥Í¥ÎÃÄ¤£¨}¤ÏÀ³½Ð§iª¾Âå¥Í¡C,,,,,§_,1.0,,§_,§_,§_,³æ¤è,§_,¥i¥Î,¥i¥Î,¥i¿i,¬O,,1.00,1.00,999.00,999.00,999,999,1,1,0,0,0,0,,µL¹Ï¤ù,,0,,0,,J04AK01,,,,,,,,,TAB,§_,°·«Oµ¹¥I,°·«Oµ¹¥I,PYRAZINAMIDE,J04AK01,B019703100,§_,SolidDrugForm,ORTAB,,,,,,,,,PH047,202401261330,2.60,4.00
OPZA5,20170716,99999999,°±¥Î,Piramide 500mg,Piramide 500mg,Pyrazinamide,PO,QID,QANB,AI-01-12,¤fªA,TAB,Pyramide,«D²Õ®M,°±¥Î,OPZAT,¤@¯ë¥i¥Î,¬O,¤£¥i¥ÎÃÄ¥]¾÷,¥i¥Î,¤@¯ë,Á`¶q¶i¦ì,¾AÀ³¯g:ªÍµ²®Ö,,Indication:Treatment of tuberculosis,,¥~ Æ[:¥Õ¦â¶ê§Î¿õ¾¯¡A¤@­±¦L¦³P,Appearance:White round tablet¡A marking:P,¨x¬r©Ê¡A §¿»Ä¼W¥[¤Þ°_µh­·,Hepatotoxicity¡A hyperuricemia leading to attacks of gout,,¬Ò¥i¥Î,¤Ç¤«¦w¿õ,Piramide 500mg,,,,¬O,,½Ð¿í«ü¥ÜªA§¹¾ã­ÓÀøµ{¡A ­Yµo¥Í¥ÎÃÄ¤£¨}¤ÏÀ³½Ð§iª¾Âå¥Í,,Follow doctor's advice. Check with doctor if you notice any side effects.,,,,2018.12 ÃÄ©e·|§R°£ (°±²£),¤@¯ë,¤@¯ë,Äµ »y:½Ð¿í«ü¥ÜªA§¹¾ã­ÓÀøµ{¡A­Yµo¥Í¥ÎÃÄ¤£¨}¤ÏÀ³½Ð§iª¾Âå¥Í¡C,,,0,0,§_,1.0,,§_,§_,§_,³æ¤è,§_,¥i¥Î,¥i¥Î,¥i¿i,¬O,,1.00,1.00,6.00,6.00,28,28,1,1,6.00,6.00,0.10,0.10,,¦³¹Ï¤ù,,0,,0,,J04AK01,,,,,0.50,g,1.50,g,TAB,§_,°·«Oµ¹¥I,°·«Oµ¹¥I,PYRAZINAMIDE,J04AK01,AC15837100,§_,SolidDrugForm,ORTAB,,,,,,,,,PH047,202303141803,3.74,6.00
OPZAT,20181203,99999999,°±¥Î,Pyrazinamide 500mg,Pyrazinamide 500mg,Pyrazinamide,PO,QID,QANB,AI-01-12,¤fªA,TAB,Pyramide,«D²Õ®M,°±¥Î,OPYRZ,¤@¯ë¥i¥Î,¬O,¤£¥i¥ÎÃÄ¥]¾÷,¥i¥Î,¤@¯ë,Á`¶q¶i¦ì,¾AÀ³¯g:ªÍµ²®Ö,,Indication:Treatment of tuberculosis,,¥~ Æ[:¥Õ¦â¶ê§Î¿õ¾¯¡A¤@­±¦L¦³GCPC/1614,Appearance:White round tablet¡A marking:GCPC/1614,¨x¬r©Ê¡A §¿»Ä¼W¥[¤Þ°_µh­·,Hepatotoxicity¡A hyperuricemia leading to attacks of gout,,¬Ò¥i¥Î,¼ÄÀ÷·sÁÚ¿õ0.5§J,Pyrazinamide 500mg,,,,¬O,,½Ð¿í«ü¥ÜªA§¹¾ã­ÓÀøµ{¡A ­Yµo¥Í¥ÎÃÄ¤£¨}¤ÏÀ³½Ð§iª¾Âå¥Í,,Follow doctor's advice. Check with doctor if you notice any side effects.,,,,2018.12 ÃÄ©e·|³q¹L¨ú¥NPiramide 500mg,¤@¯ë,¤@¯ë,Äµ »y:½Ð¿í«ü¥ÜªA§¹¾ã­ÓÀøµ{¡A­Yµo¥Í¥ÎÃÄ¤£¨}¤ÏÀ³½Ð§iª¾Âå¥Í¡C,,,0,0,§_,1.0,,§_,,§_,³æ¤è,,¥i¥Î,¥i¥Î,¥i¿i,¬O,,1.00,1.00,6.00,6.00,28,28,1,1,6.00,6.00,0.10,0.10,,¦³¹Ï¤ù,,0,,0,,J04AK01,,,,,0.50,g,1.50,g,TAB,,°·«Oµ¹¥I,°·«Oµ¹¥I,PYRAZINAMIDE,J04AK01,NC06256100,,SolidDrugForm,ORTAB,,,0,,0,,,,PH006,202005040815,3.74,6.00
OQTE,20211215,99999999,¥i¥Î,Qtern 5/10mg,Qtern 5/10mg,Saxagliptin + Dapagliflozin,PO,QD,META,ME-02-09,¤fªA,TAB,Qtern,«D²Õ®M,,,¤@¯ë¥i¥Î,¬O,¤£¥i¥ÎÃÄ¥]¾÷,±ø¥ó¤Uµ¹¥I,¤@¯ë,Á`¶q¶i¦ì,¾AÀ³¯g:²Ä¤G«¬¿}§¿¯f,,Indication:Type 2 diabetes mellitus.,,¥~ Æ[:´Ä¦â¶ê¿õ¡A¤W¦³5/10¤Î1122¼Ð¥Ü,Appearance:Brown round tablet¡A with 5/10 and 1122 marked.,ÀYµh¡A¸¡Âm¡A§¿¸ô·P¬V¡Aà¬»Ä¤¤¬r¡A¥Ö¯l,Headache¡A diarrhea¡A urinary tract infection¡A ketoacidosis¡A skin rash,,¬Ò¥i¥Î,±±¿}Ã­½¤¦ç¿õ5/10²@§J,Qtern 5/10mg,,,,§_,,­Y¥Í´Þ¾¹ªþªñ¦³À£µh¡Bµo¬õ¡B¸~µÈ¥B¦ñÀHµo¿N©Î§¿¸ô·P¬V¯gª¬¡A½Ð¥ß§Y¦^¶E¡C,Á×§K°Æ§@¥Îµo¥Í¡A½Ð¾A¶q¸É¥R¤ô¤À¡C,Monitor for signs and symptoms of Urinary tract infection and treat as needed.,Drinking plenty of water can prevent side effects.,ªA¥ÎQternªº±wªÌ§¿²G¸²µå¿}´ú¸Õ·|§e¶§©Ê¡C,Taking Qtern will test positive for glucose in their urine.,2021Q4ÃÄ©e·|·s¶i,¤@¯ë,¤@¯ë,­Y¥Í´Þ¾¹ªþªñ¦³À£µh¡Bµo¬õ¡B¸~µÈ¥B¦ñÀHµo¿N©Î§¿¸ô·P¬V¯gª¬¡A½Ð¥ß§Y¦^¶E¡C,,,0,0,§_,1.0,,§_,¬O,§_,½Æ¤è,§_,¥i¥Î,¥i¥Î,¤£¥i¿i,¬O,,1.00,1.00,1.00,1.00,999,999,28,1,1.00,1.00,0,0,,¦³¹Ï¤ù,,0,,0,,A10BK01,A10BH03,A10BD21,,,0,,0,,TAB,,°·«Oµ¹¥I,°·«Oµ¹¥I,SAXAGLIPTIN 5 MG + DAPAGLIFLOZIN 10 MG,A10BD21,BC27467100,§_,SolidDrugForm,ORTAB,,,0,,0,,,,PH034,202205301100,33.70,44.00
OQUE,19960101,99999999,°±¥Î,Questran 4gm/pk,Questran 4gm/pk,Cholestyramine,PO,,CAVS,CV-12-00,¤fªA,PK,Questran,«D²Õ®M,°±¥Î,,¤@¯ë¥i¥Î,¬O,¤£¥i¥ÎÃÄ¥]¾÷,,¤@¯ë,Á`¶q¶i¦ì,¾AÀ³¯g:¬°¤îÂm¡B­°Áx©T¾JÃÄª«,,Indication: Treatment of hypercholesterolemia¡A diarrhea,,¥~ Æ[:4§J¯»¾¯¥]¸Ë,Appearance:Powder,,,,,¶QµÎ¾J,Questran 4gm/pk,,,§_,¬O,,,,,,,,,¤@¯ë,¤@¯ë,Äµ »y:½Ð¸m©ó«Äµ£µLªk¨ú±o¤§³B,,,,,§_,1.0,,§_,§_,§_,³æ¤è,§_,¥i¥Î,¥i¥Î,¥i¿i,¬O,,1.00,1.00,6.00,6.00,999,999,1,1,0,0,0,0,,µL¹Ï¤ù,,0,,0,,,,,,,,,,,PK,§_,°·«Oµ¹¥I,°·«Oµ¹¥I,CHOLESTYRAMINE,C10AC01,A034796127,§_,SolidDrugForm,POWD,,,,,,,,,PH047,202303141803,15.40,19.00
OQUEP,20200610,99999999,°±¥Î,Quelip XR 200mg,Quelip XR 200mg,Quetiapine,PO,HS,CNEU,CN-02-01,¤fªA,TAB,Seroquel,«D²Õ®M,°±¥Î,OUTA,¤@¯ë¥i¥Î,¬O,¤£¥i¥ÎÃÄ¥]¾÷,¥i¥Î,¤@¯ë,Á`¶q¶i¦ì,¾AÀ³¯g:«äÄ±¥¢½Õ¯g¡AÂù·¥©Ê¯e±w¡A­«Æ{¯gµo§@ªºªþ¥[ªvÀø,,Indication:Schizophrenia¡A Bipolar disorder¡A,Adjunctive therapy for major depressive disorder,¥~ Æ[:¶À¦â¾ò¶ê§Î¿õ¾¯¡A ¦L¦³ "16" ¤Î "PH",Appearance:Yellow Elliptic tablet¡A marking: "16" and "PH",¶Ý¯v¡A¤f°®¡AÀY·w¡A®ø¤Æ¤£¨}¡A À@Åé¥~®|¯gª¬,Sleepiness¡A dry mouth¡A dizziness¡A digestive disorders¡A extrapyramidal reaction,,¬Ò¥i¥Î,¼ì¯q¥­«ùÄò©ÊÃÄ®Ä½¤¦ç¿õ200²@§J,Quelip XR 200mg,,,¬O,§_,,«ùÄò©ÊÃÄ®Ä¿õÀ³¾ã²É§]ªA¡A ¤Å«rÄZ©ÎÀ£¸H,,Swallow whole¡A do not chew or crush.,,©yªÅ¸¡ªA¥Î©Î»P²M²H­¹ª«(¬ù 300 ¤j¥d)¨ÖªA.,Should be taken before meals or with light food (about 300 kcal).,2020Q2ÃÄ©e·s¶i¡A111-1ÃÄ©e·|§R°£,¤@¯ë,¤@¯ë,À³¾ã²É§]ªA¡A ¤Á¤Å«rÄZ©ÎÀ£¸H,,,0,0,§_,1.0,,§_,¬O,§_,³æ¤è,§_,°±¥Î,¥i¥Î,¤£¥i¿i,¬O,,1.00,1.00,4.00,4.00,999,999,28,1,4.00,4.00,0,0,,¦³¹Ï¤ù,,0,,0,,N05AH04,,,,,0,,0,,TAB,,°·«Oµ¹¥I,°·«Oµ¹¥I,QUETIAPINE,N05AH04,AC59212100,§_,SolidDrugForm,ERTAB,,,0,,0,,,,PH006,202208021047,29.40,38.00
OQUIN,19960101,99999999,°±¥Î,Quinaglute 324mg,Quinaglute 324mg,Quinidine Gluconate,PO,,CAVS,CV-01-02,¤fªA,TAB,Quinaglute,«D²Õ®M,°±¥Î,,¤@¯ë¥i¥Î,¬O,¤£¥i¥ÎÃÄ¥]¾÷,,¤@¯ë,Á`¶q¶i¦ì,¾AÀ³¯g:¤ß«ß¤£¾ã¡B¤ß¸õ¹L³t,,,,¥~ Æ[:ªñ¥Õ¦â¶ê§Î¿õ¾¯,Appearance:White Round Tablet,,,,,,Quinaglute 324mg,,,§_,¬O,,,,,,,,,¤@¯ë,¤@¯ë,Äµ »y:½Ð¸m©ó«Äµ£µLªk¨ú±o¤§³B,,,,,§_,1.0,,§_,§_,§_,³æ¤è,§_,¥i¥Î,¥i¥Î,,¬O,,1.00,1.00,999.00,999.00,999,999,1,1,0,0,0,0,,µL¹Ï¤ù,,0,,0,,,,,,,,,,,TAB,§_,°·«Oµ¹¥I,°·«Oµ¹¥I,QUINIDINE,C01BA01,B012478100,§_,SolidDrugForm,ORTAB,,,,,,,,,PH047,202303141804,15.50,19.00
OQUIS,20021104,99999999,°±¥Î,Quinidine sulfate 200mg,Quinidine sulfate 200mg,Quinidine,PO,,CAVS,CV-01-02,¤fªA,TAB,Quinidine Sulfate,«D²Õ®M,°±¥Î,,¤@¯ë¥i¥Î,¬O,¥i¥ÎÃÄ¥]¾÷,¥i¥Î,¤@¯ë,Á`¶q¶i¦ì,¾AÀ³¯g¡G¤ß«ß¤£¾ã¡B¤ß¸õ¹L³t,,Treatment of arrhythmia,,¥~ Æ[:¥Õ¦â¤£³W«h¤»Ãä§Î¿õ¾¯,Appearance:White Hexagon Tablet,,,,¬Ò¥i¥Î,²¸»Ä«¶¥§¤B¿õ,Quinidine sulfate 200mg,,,§_,¬O,,,,,,,,,¤@¯ë,¤@¯ë,Äµ »y:½Ð¸m©ó«Äµ£µLªk¨ú±o¤§³B,,,,,§_,1.0,,§_,§_,§_,³æ¤è,§_,¥i¥Î,¥i¥Î,¥i¿i,¬O,,1.00,1.00,3.00,3.00,99,99,1,1,0,0,0,0,,µL¹Ï¤ù,,0,,0,,,,,,,,,,,TAB,§_,°·«Oµ¹¥I,°·«Oµ¹¥I,QUINIDINE,C01BA01,A027172100,§_,SolidDrugForm,ORTAB,,,,,,,,,PH047,202303141804,3.87,5.00
ORAD,20131231,99999999,°±¥Î,Radi-K (2.54 mEq K+/tab),Radi-K (2.54 mEq K+/tab),Potassium Gluconate,PC,QD,NUTR,NU-04-04,¤fªA,TAB,Slow-K,«D²Õ®M,°±¥Î¡A¥i¬dÃþ¦üÃÄ,,¤@¯ë¥i¥Î,¬O,¥i¥ÎÃÄ¥]¾÷,¥i¥Î,¤@¯ë,Á`¶q¶i¦ì,¾AÀ³¯g: ¹[Â÷¤l¸É¥R¾¯,,Indication: Potassium Supplement,,¥~ Æ[: ¥Õ¦â¶ê§ÎÃÄ¿õ¡A¦L¦³PBF¤Î104¦r¼Ë¡C,Appearance:white color round tablet¡Amarking:PBF¡A 104,¸z­G¤£¾A¡A Äo¡A ¥Ö¯l,GI disturbances¡A itch¡A rash.,,¬Ò¥i¥Î,¹[¶¶¿õ,Radi-K (2.54 mEq K+/tab),,,§_,¬O,,³Ì¦n»P­¹ª«¤@°_ªA¥Î¥H´î¤Ö­G¨ë¿E¡A ¦h³Ü¤ô,,Take with meals and increase water intake.,,,,,¤@¯ë,¤@¯ë,Äµ »y:³Ì¦n»P­¹ª«¤@°_ªA¥Î¥H´î¤Ö­G¨ë¿E¡A¦h³Ü¤ô¡C,,,0,0,,1.0,,¬O,§_,§_,³æ¤è,§_,¥i¥Î,¥i¥Î,¥i¿i,¬O,,1.00,1.00,9.00,9.00,999,999,1,1,9.00,16.00,0,0,,¦³¹Ï¤ù,,0,,0,,A12BA05,,,,,,,,,TAB,,°·«Oµ¹¥I,°·«Oµ¹¥I,POTASSIUM GLUCONATE,A12BA05,AC22314100,§_,,,,,,,,,,,PH047,202303141804,1.72,3.00
ORAK,20140317,99999999,¥i¥Î,Rakinson 1mg,Rakinson 1mg,Rasagiline,PO,QD,CNEU,CN-03-06,¤fªA,TAB,Rakinson,«D²Õ®M,,,¤@¯ë¥i¥Î,¬O,¤£¥i¥ÎÃÄ¥]¾÷,¥i¥Î,¤@¯ë,Á`¶q¶i¦ì,¾AÀ³¯g:¤Úª÷´Ë¤ó¯g,,Indication:Parkinsonism.,,Æ[:¥Õ¦â¶ê«ó§Î¿õ¾¯¡A¤@­±¦L¦³R¦r¼Ë,Appearance:White round tablet,¹B°Ê»ÙÃª¡BÀYµh¡Bäú¤ß¡BÃö¸`µh,Dyskinesia¡A Headache¡A Nausea¡A Arthralgia,,¬Ò¥i¥Î,«ß²ï¿õ,Rakinson,,,,¬O,,Á×§K­¹¥Î§t¦³¤j¶q°®¹TÓi­¹«~¡A¦p³¯¦~°_¤h,,Avoid concomitant use with foods high in tyramine.,,,,,¤@¯ë,¤@¯ë,Äµ »y:ªø´Á§ë»PÀ³¯d·N¨xÅ¦¥\¯àÅÜ¤Æ¡A¤Å¶¼°s¡C,­¹ ­¹ª«¥æ¤¬,,0,0,§_,1.0,,§_,¬O,§_,³æ¤è,§_,¥i¥Î,¥i¥Î,¥i¿i,¬O,,1.00,1.00,1.00,1.00,999,999,1,1,1.00,1.00,0,0,,¦³¹Ï¤ù,,0,,0,,N04BD02,,,,,,,,,TAB,,°·«Oµ¹¥I,°·«Oµ¹¥I,rasagiline,N04BD02,AC57731100,§_,SolidDrugForm,TAB,¦M®`¤G¯Å(¡I),,,,,,,,PH047,202402140518,59.00,74.00
ORANC,20201215,99999999,¥i¥Î,Rancad 500mg extended release,Rancad 500mg extended release,Ranolazine,PO,BID,CAVS,CV-02-00,¤fªA,TAB,Rancad,«D²Õ®M,Á{±ÄÃÄ¡A½Ð³qª¾ÃÄ§½¥~ÁÊ,,¥»°|Á{±Ä²M³æ,¬O,¤£¥i¥ÎÃÄ¥]¾÷,°·«O¤£µ¹¥I,¤@¯ë,Á`¶q¶i¦ì,¾AÀ³¯g:Ã­©w«¬¤ßµ±µh,,Indication: Stable angina,,¥~ Æ[:¾ï¦âªø¾ò¶ê¿õ¾¯¡A¤W¦³L31¤ÎLU¼Ð°O.,Appearance:Orange elliptic tablet¡A marked with L31 and LU.,·w¯t¡Aäú¤ß¡AµL¤O¡A«K¯µ¡AÀYµh,Dizziness¡A nausea¡A weakness¡A constipation¡A headache,,¬Ò¥i¥Î,¿Õ·ç¤ß¹ç«ùÄò©ÊÃÄ®Ä¿õ500²@§J,Rancad 500mg,,,,§_,,À³¾ãÁû§]ªA¡A¤£¥iÀ£¸H¡A§éÂ_©ÎÄZ¸H,,Should be swallowed whole¡A not crushed¡A broken or chewed,,,,2020.Q4ÃÄ©e·s¶i,¤@¯ë,¤@¯ë,À³¾ãÁû§]ªA¡A¤£¥iÀ£¸H¡A§éÂ_©ÎÄZ¸H,,,0,0,§_,1.0,,§_,¬O,§_,³æ¤è,§_,°±¥Î,°±¥Î,¤£¥i¿i,¬O,,1.00,1.00,2.00,2.00,999,999,28,1,4.00,4.00,0,0,,¦³¹Ï¤ù,,0,,0,,C01EB18,,,,,0,,0,,TAB,,¤£µ¹¥I¶·¦Û¥I,¤£µ¹¥I¶·¦Û¥I,,,,,SolidDrugForm,ERTAB,,,0,,0,,,,PH008,202401100909,0,39.00
ORE15,20070611,99999999,°±¥Î,REDUCTIL 15mg 28's/box,REDUCTIL 15mg 28's/box,Sibutramine,PO,,META,ME-05-00,¤fªA,CAP,REDUCTIL,«D²Õ®M,°±¥Î,,¤w°±¥Î,§_,¤£¥i¥ÎÃÄ¥]¾÷,°·«O¤£µ¹¥I,¤@¯ë,Á`¶q¶i¦ì,¾AÀ³¯g: Åé­«±±¨î¾¯,,Indication: Appetite suppressant,,¥~ Æ[: 28Áû²°¸Ë,Appearance: 28 Capsules / Box,,,,¬Ò¥i¥Î,¿Õ¬ü´@ 15 mg,REDUCTIL 15mg 28's/box,,,§_,¬O,,,,,,,,,¤@¯ë,¤@¯ë,Äµ »y:½Ð¯d·N¤ß¸õ¤Î¦åÀ£ÅÜ¤Æ,,,,,§_,28.0,,§_,§_,§_,³æ¤è,§_,¥i¥Î,¥i¥Î,¤£¥i¿i,¬O,,1.00,1.00,1.00,1.00,99,99,28,28,0,0,0,0,,¦³¹Ï¤ù,,0,,0,,,,,,,,,,,CAP,,¤£µ¹¥I¶·¦Û¥I,¤£µ¹¥I¶·¦Û¥I,,,,§_,SolidDrugForm,ORCAP,,,,,,,,,PH047,202303141804,0,132.00
OREB,20071018,99999999,°±¥Î,Rebetol 200mg,Rebetol 200mg,Ribavirin,PO,BID,QANB,AI-03-04,¤fªA,CAP,Rebetol,«D²Õ®M,°±¥Î,,¤w°±¥Î,§_,¤£¥i¥ÎÃÄ¥]¾÷,±ø¥ó¤Uµ¹¥I,¤@¯ë,Á`¶q¶i¦ì,¾AÀ³¯g:ºC©ÊC«¬¨xª¢,,Indication: Treatment of hepatitis C virus infection,,,,,,,¬Ò¥i¥Î,·ç¤ñ¹F½¦Ån,Rebetol 200mg,,,§_,¬O,,,,,,,,,¤@¯ë,¤@¯ë,Äµ »y:¥¥°ü©Î±NÃh¥¥¤§°ü¤kÁ×§K¨Ï¥Î,,,,,§_,1.0,,§_,§_,§_,³æ¤è,§_,¥i¥Î,¥i¥Î,¤£¥i¿i,§_,,1.00,1.00,6.00,6.00,60,60,1,1,0,0,0,0,,µL¹Ï¤ù,,0,,0,,J05AB04,,,,,,,,,CAP,,°·«Oµ¹¥I,°·«Oµ¹¥I,RIBAVIRIN,J05AP01,B023208100,§_,SolidDrugForm,ORCAP,,,,,,,,,PH047,202401261331,28.40,36.00
ORED,20020526,99999999,°±¥Î,Reductil 10mg 28's/box,Reductil 10mg 28's/box,Sibutramine,PO,QD,META,ME-05-00,¤fªA,CAP,Reductil,«D²Õ®M,°±¥Î,,¤w°±¥Î,¬O,¤£¥i¥ÎÃÄ¥]¾÷,°·«O¤£µ¹¥I,¤@¯ë,Á`¶q¶i¦ì,¾AÀ³¯g: Åé­«±±¨î¾¯,,Indication: Appetite suppressant,,¥~ Æ[: 28Áû²°¸Ë,Appearance: 28 Capsules / Box,,,,¥u¥Î©óªù¶E¤Î¦í°|STAT,¿Õ¬ü´@,Reductil 10mg 28's/box,,,§_,¬O,,,,,,,,,¤@¯ë,¤@¯ë,Äµ »y:½Ð¯d·N¤ß¸õ¤Î¦åÀ£ÅÜ¤Æ,,,,,§_,28.0,,§_,§_,§_,³æ¤è,§_,¥i¥Î,¥i¥Î,¥i¿i,¬O,,1.00,1.00,1.00,1.00,999,999,28,28,0,0,0,0,,¦³¹Ï¤ù,,0,,0,,,,,,,,,,,CAP,,¤£µ¹¥I¶·¦Û¥I,¤£µ¹¥I¶·¦Û¥I,,,,§_,SolidDrugForm,ORCAP,,,,,,,,,PH047,202303141804,0,100.00
OREL,19960101,99999999,°±¥Î,Relac 5mg,Relac 5mg,Buspirone,PO,BID,CNEU,CN-02-02,¤fªA,TAB,Buspar,«D²Õ®M,°±¥Î,,¤@¯ë¥i¥Î,¬O,¥i¥ÎÃÄ¥]¾÷,,¤@¯ë,Á`¶q¶i¦ì,¾AÀ³¯g:µJ¼{ª¬ºA,,Indication:Treatment of anxiety,,¥~ Æ[:ÂÅ¦â¤­¨¤§ÎÃÄ¿õ,Appearance:Blue pentagon tablet,ÀY·w¡A ÀYµh,Dizziness¡A headache,,,§J·Ð¿õ,Relac 5mg,,,§_,¬O,,¤Å¶}¨®©Î¾Þ§@¦MÀI¾÷±ñ; ¤Å¶¼°s©Î¸²µå¬c¥Ä,,Caution in driving or using machinery¡A avoid alcohol or grapefruit juice.,,,,2015¦~²Ä¤@¦¸ÃÄ©e·|³q¹L§R°£,¤@¯ë,¤@¯ë,Äµ »y¡G¤Å¶}¨®©Î¾Þ§@¦MÀI¾÷±ñ¡F¤Å¶¼°s©Î¸²µå¬c¥Ä,,,,,§_,1.0,,§_,§_,§_,³æ¤è,§_,¥i¥Î,¥i¥Î,¥i¿i,¬O,,1.00,1.00,4.00,4.00,999,999,1,1,12.00,12.00,0,0,,¦³¹Ï¤ù,,0,,0,,N05BE01,,,,,,,,,TAB,§_,°·«Oµ¹¥I,°·«Oµ¹¥I,BUSPIRONE,N05BE01,AC34610100,§_,,,,,,,,,,,PH047,202303141804,1.50,3.00
ORELA,20020107,99999999,°±¥Î,RelaX 175/350mg,RelaX 175/350mg,Carisoprodol + Acetaminophen,PO,HS,CNEU,CN-03-02,¤fªA,CAP,Relax,«D²Õ®M,°±¥Î,OACH,¤@¯ë¥i¥Î,¬O,¥i¥ÎÃÄ¥]¾÷,¥i¥Î,¤@¯ë,Á`¶q¶i¦ì,¾AÀ³¯g:¦Ù¦×ÃP¦¢¡A Âíµh¸Ñ¼ö§@¥Î,,Indication:Relief of painful musculoskeletal conditions,,¥~ Æ[:²`´Ä¦âªø¶ê¬W§Îµw½¦Ån¡A ¦L¦³HCT CM01,Appearance:Dark brown cylinder hard capsule,§x­Â¡A ·w¯t¡A ¹B°Ê¥¢½Õ,Drowsiness¡A dizziness¡A ataxia,,¬Ò¥i¥Î,¦p¨ÓµÎ½¦Ån,RelaX,,,¬O,¬O,,³¡¤À¤H¨Ï¥Î«á¥i¯à¤Þ°_¯h­Â¡A µtºÎªº²{¶H,,May cause fatigue¡A sleepiness.,,¤£±o¨ÖªA§t°sºë¶¼®Æ¡A¦]¬°¥i¯à³y¦¨¨x·l®`,Avoid alcohol while taking medication.,,¤@¯ë,¤@¯ë,Äµ »y:³¡¤À¤H¨Ï¥Î«á¥i¯à¤Þ°_¯h­Â¡BµtºÎªº²{¶H,,,,,§_,1.0,,§_,§_,§_,½Æ¤è,§_,°±¥Î,¥i¥Î,¥i¿i,¬O,,1.00,1.00,1.00,1.00,999,999,1,1,8.00,8.00,0,0,,¦³¹Ï¤ù,,0,,0,,M03BA52,N02BE01,M03BA02,,,,,,,CAP,,°·«Oµ¹¥I,°·«Oµ¹¥I,ACETAMINOPHEN 350MG + CARISOPRODOL 175MG + CAFFEINE 0-32MG,M03BA52,AC29037100,§_,SolidDrugForm,ORCAP,,,,,,,,,PH047,202303141804,2.95,4.00
OREM,20030623,99999999,°±¥Î,RemeRon 30mg Sol Tab,RemeRon 30mg Sol Tab,Mirtazapine,PO,HS,CNEU,CN-02-06,¤fªA,TAB,Remeron,«D²Õ®M,°±¥Î,,¤@¯ë¥i¥Î,¬O,¤£¥i¥ÎÃÄ¥]¾÷,±ø¥ó¤Uµ¹¥I,¤@¯ë,Á`¶q¶i¦ì,¾AÀ³¯g:Æ{¯g,,Indication: Treat mental depressive symptoms,,¥~ Æ[:¥Õ¦â¶ê«¬¿õ¾¯¡A ¦L¦³TZ 2,Appearance:White Round Tablet,,,,¬Ò¥i¥Î,¼Ö¬¡¼~¤f·»¿õ,RemeRon 30mg Sol Tab,,,§_,¬O,,,,,,,,,¤@¯ë,¤@¯ë,Äµ »y¡GªAÃÄ«á¡A¥i¯àµo¥Íµu¼È©Ê·w¯t¡F¤Å¶¼°s,,,,,§_,1.0,,§_,§_,¬O,³æ¤è,§_,¥i¥Î,¥i¥Î,¤£¥i¿i,¬O,,1.00,1.00,2.00,2.00,99,99,28,28,0,0,0,0,,¦³¹Ï¤ù,,0,,0,,,,,,,,,,,TAB,§_,°·«Oµ¹¥I,°·«Oµ¹¥I,MIRTAZAPINE,N06AX11,B024009100,§_,SolidDrugForm,DISINTAB,,,,,,,,,PH047,202303141804,28.80,36.00
OREN2,19960101,99999999,°±¥Î,Renitec 20mg,Renitec 20mg,Enalapril,PO,,CAVS,CV-07-00,¤fªA,TAB,Renitec,«D²Õ®M,°±¥Î,,¤@¯ë¥i¥Î,¬O,¥i¥ÎÃÄ¥]¾÷,,¤@¯ë,Á`¶q¶i¦ì,¾AÀ³¯g:°ª¦åÀ£¡B¥R¦å©Ê¤ßÅ¦°IºÜµ¥,,,,,,,,,,,Renitec 20mg,,,§_,¬O,,,,,,,,,¤@¯ë,¤@¯ë,,,,,,§_,1.0,,§_,§_,§_,³æ¤è,§_,¥i¥Î,¥i¥Î,¥i¿i,¬O,,1.00,1.00,999.00,999.00,999,999,1,1,0,0,0,0,,µL¹Ï¤ù,,0,,0,,C09AA02,,,,,,,,,TAB,§_,°·«Oµ¹¥I,°·«Oµ¹¥I,ENALAPRIL,C09AA02,B021609100,§_,LiquidSolidSuspension,TOPGEL,,,,,,,,,PH047,202303141804,20.50,26.00
OREN5,19960101,99999999,°±¥Î,Renitec 5mg,Renitec 5mg,Enalapril,PO,QD,CAVS,CV-07-00,¤fªA,TAB,Renitec,«D²Õ®M,°±¥Î,,¤@¯ë¥i¥Î,¬O,¥i¥ÎÃÄ¥]¾÷,,¤@¯ë,Á`¶q¶i¦ì,¾AÀ³¯g:°ª¦åÀ£¡B¥R¦å©Ê¤ßÅ¦°IºÜµ¥,,Essential hypertension¡A renovascular hypertension¡A congestiv,,¥~ Æ[:¾Tºä¥]¸Ë,,,,,,,Renitec 5mg,,,§_,¬O,,,,,,,,,¤@¯ë,¤@¯ë,Äµ »y:½Ð¿í·ÓÂå®v«ü¥Ü¥ÎÃÄ¡A¤Å¦Û¦æ§ó§ï¾¯¶q©Î¥ÎÃÄ®É¶¡¡C,,,,,§_,1.0,,§_,§_,§_,³æ¤è,§_,°±¥Î,¥i¥Î,¥i¿i,¬O,,1.00,1.00,5.00,5.00,999,999,1,1,0,0,0,0,,µL¹Ï¤ù,,0,,0,,,,,,,,,,,TAB,§_,°·«Oµ¹¥I,°·«Oµ¹¥I,ENALAPRIL,C09AA02,B021607100,§_,SolidDrugForm,ORTAB,,,,,,,,,PH047,202303141804,13.70,17.00
OREOS,20200915,99999999,°±¥Î,Reosteo 150mg,Reosteo 150mg,Risedronic acid,AC,Q1M,META,ME-06-00,¤fªA,TAB,Reosteo,«D²Õ®M,°±¥Î,,,¬O,¤£¥i¥ÎÃÄ¥]¾÷,±ø¥ó¤Uµ¹¥I,¤@¯ë,Á`¶q¶i¦ì,¾AÀ³¯g:ªvÀø¤Î¹w¨¾°±¸g«á°ü¤k¤§°©½è²¨ÃP¯g¡C,,Indication:Treatment or prevention of Osteoporosis,for postmenopausal females,¥~ Æ[:²HÂÅ¦â¾ò¶ê¿õ¾¯¡A¤W¦³RS¤Î150¼Ð¥Ü,Appearance:Light blue elliptic tablet¡A RS 150 marked.,¸¡µh¡A ÃE°©Ãö¸`Ãa¦º¡A «D¨å«¬ªÑ°©°©§é,Abdominal pain¡A jaw osteonecrosis¡A atypical femur fractures.,,¬Ò¥i¥Î,·ç°©¨ô150²@§J½¤¦ç¿õ,Reosteo 150mg,,,,§_,,À³«O«ùª½¥ß«º¶Õ¡AªAÃÄ«á30¤ÀÄÁ¤º¤£¥i¥­½ö,¥H¤j¶q¥Õ¶}¤ô(180-240mL)§]ªA,NOT lie down for at least 30 minutes after taking drug.,Take drug with 180-240mL water in an upright position.,¤£¥i©CÄZ©Î§l§mÃÄ¤ù¡A¥i¯à¨ë¿E¤f«|³¡,Do not to break¡A chew¡A cut¡A or crush.,2020Q3ÃÄ©e·s¶i,¤@¯ë,¤@¯ë,Äµ »y:½Ð¦b¦­±áªÅ¸¡®É»P¤j¶q¶}¤ô¨ÖªA ¡AªAÃÄ«á¥b¤p®É½Ð¤Å½ö¤U¡C¶·¾ã²É§]ªA¡C,,,0,0,§_,1.0,,§_,¬O,¬O,³æ¤è,,¥i¥Î,¥i¥Î,¤£¥i¿i,¬O,,1.00,1.00,1.00,1.00,999,999,28,28,1.00,1.00,0,0,,¦³¹Ï¤ù,,0,,0,,M05BA07,,,,,0,,0,,TAB,,°·«Oµ¹¥I,°·«Oµ¹¥I,RISEDRONATE SODIUM,M05BA07,BC27022100,,SolidDrugForm,ORTAB,,,0,,0,,,,PH006,202307281210,617.00,740.00
OREQ,20111225,99999999,°±¥Î,ReQuip PD 2mg PR,ReQuip PD 2mg PR,Ropinirole,PO,QD,CNEU,CN-03-04,¤fªA,TAB,,«D²Õ®M,°±¥Î,,¤@¯ë¥i¥Î,¬O,¤£¥i¥ÎÃÄ¥]¾÷,¥i¥Î,¤@¯ë,Á`¶q¶i¦ì,¾AÀ³¯g:©¬ª÷´Ë¤ó¯g,,Indication:Symptoms of Parkinson's disease,,¥~ Æ[:¯»¬õ¦â½¦Ånª¬½¤¦ç¿õ¡A¦L¦³"GS"¥H¤Î"3V2",Appearance:Pink elliptic tablet,·NÃÑ²V²c¡A ÀY·w¡A ©ü©ü±ýºÎ¡A äú¤ß¡A ¤ÛÄ±,Confusion¡A dizzy¡A nausea¡A hallucinations,,¬Ò¥i¥Î,¤O¥²¥­,ReQuip PD 2mg PR,,,¬O,§_,,À³¾ã²É§]ªA¡A ¤Á¤Å«rÄZ©ÎÀ£¸H,,Swallow the tablet whole. Do not crush¡A break or chew.,,,,2017¦~²Ä¤@¦¸ÃÄ©e·|¨MÄ³§R°£,¤@¯ë,¤@¯ë,Äµ »y:À³¾ã²É§]ªA¡A¤Á¤Å«rÄZ©ÎÀ£¸H,,,0,0,§_,1.0,,§_,§_,§_,³æ¤è,§_,¥i¥Î,¥i¥Î,¤£¥i¿i,¬O,,1.00,1.00,12.00,12.00,999,999,1,1,12.00,12.00,0,0,,¦³¹Ï¤ù,,0,,0,,N04BC04,,,,,,,,,TAB,,°·«Oµ¹¥I,°·«Oµ¹¥I,ROPINIROLE,N04BC04,BC25118100,§_,SolidDrugForm,ERTAB24,,,,,,,,,PH047,202303141804,15.20,20.00
ORES,20010827,99999999,°±¥Î,Restandol 40mg,Restandol 40mg,Testosterone,PO,,HM,HR-03-01,¤fªA,CAP,Restandol,«D²Õ®M,°±¥Î,OAND4,¤w°±¥Î,¬O,¤£¥i¥ÎÃÄ¥]¾÷,°·«O¤£µ¹¥I,¤@¯ë,Á`¶q¶i¦ì,¾AÀ³¯g:¨k©Ê§ó¦~´Á»ÙÃª©Î¾÷¯à´î°h,,Androgen replacement therapy,,¥~ Æ[:¿j¬õ¦â§Z¶ê§Î³n½¦Ån¡A¤@­±¦³ORG¤Ï­±¦³DV3¦r¼Ë,Appearance:Brick Red Round Capsule,,,,¬Ò¥i¥Î,¼F³Ó¹F,Restandol 40mg,,,§_,¬O,,,,,,,,,¤@¯ë,¤@¯ë,Äµ »y:½Ð¸m©óÄá¤ó 2-8 «×¦B½cÁ×¥ú§NÂÃ«O¦s¡C,,,,,§_,1.0,,§_,§_,§_,³æ¤è,§_,¥i¥Î,¥i¥Î,¤£¥i¿i,¬O,,1.00,1.00,4.00,4.00,999,999,1,1,0,0,0,0,,µL¹Ï¤ù,,0,,0,,,,,,,,,,,CAP,,¤£µ¹¥I¶·¦Û¥I,¤£µ¹¥I¶·¦Û¥I,,,,§_,SolidDrugForm,ORCAP,,,,,,,,,PH047,202303141804,0,72.00
OREV,20190731,99999999,¥i¥Î,Revatio 20mg,Revatio 20mg,Sildenafil,PO,TID,CAVS,CV-06-00,¤fªA,TAB,Revatio,«D²Õ®M,Á{±ÄÃÄ¡A½Ð³qª¾ÃÄ§½¥~ÁÊ,,¥»°|Á{±Ä²M³æ,¬O,¤£¥i¥ÎÃÄ¥]¾÷,±ø¥ó¤Uµ¹¥I,¤@¯ë,Á`¶q¶i¦ì,¾AÀ³¯g:¦¨¤HªÍ°Ê¯ß°ª¦åÀ£,,Indication:Pulmonary arterial hypertension,,¥~ Æ[:¥Õ¦â¶ê§ÎÃÄ¿õ¡A¦³RVT20¤Îpfizer¨è²ª,Appearance:White round tablet¡A RVT20 and pfizer marked.,ÀY¯k¡AÁy¼é¬õ¡A®ø¤Æ¤£¨}¡A¦Ù¦×¯kµh,Headache¡A facial flushing¡A indigestion¡A muscle pain,,¬Ò¥i¥Î,·çªÍ±o½¤¦ç¿õ,Revatio 20mg,,,,¬O,,¸T¤î»P¥ô¦ó§Î¦¡ªºµv»ÄÆQ¨Ö¥Î,,Prohibit the use of nitrate drugs in any form,,­Yµo¥Íµø¤O©ÎÅ¥¤O§ïÅÜ½Ð¥ß§Y´NÂå,If vision or hearing changes¡A please seek medical attention immediately,,¤@¯ë,¤@¯ë,Äµ »y:¥»ÃÄ«~¤£¥i»Pµv»ÄÆQÃþ¨Ö¥Î,,,0,0,,1.0,,§_,¬O,§_,³æ¤è,,¥i¥Î,¥i¥Î,¥i¿i,¬O,,1.00,1.00,1.00,1.00,28,28,7,7,3.00,3.00,0,0,,¦³¹Ï¤ù,,0,,0,,G04BE03,,,,,0,,0,,TAB,§_,°·«Oµ¹¥I,°·«Oµ¹¥I,SILDENAFIL,G04BE03,BC24622100,,SolidDrugForm,TAB,,,0,,0,mL,,,PH047,202303131704,200.00,240.00
OREX,20210327,99999999,¥i¥Î,Rexulti 1mg,Rexulti 1mg,Brexpiprazole,PO,QD,CNEU,CN-02-01,¤fªA,TAB,Rexulti,«D²Õ®M,,,¤@¯ë¥i¥Î,¬O,¤£¥i¥ÎÃÄ¥]¾÷,±ø¥ó¤Uµ¹¥I,¤@¯ë,Á`¶q¶i¦ì,¾AÀ³¯g:«äÄ±¥¢½Õ¯g,,Indication:Schizophrenia,,¥~ Æ[:¶À¦â¶ê§Î¿õ¾¯¡A¤W¦³BRX¤Î1¼Ð°O,Appearance:Yellow round tablet¡A marked BRX and 1,ÀR§¤¤£¯à¡A¸z­G¤£¾A¡AÅé­«¼W¥[,Akathisia¡A gastrointestinal discomfort¡A weight gain,,¬Ò¥i¥Î,¾U«ä©w½¤¦ç¿õ,Rexulti 1mg,,,¬O,¬O,,¨Ö¦³¥¢´¼¯g¤§¦Ñ¦~¯f±w½ÐÂÔ·V¨Ï¥Î,­¹ª«¤£¼vÅT¥»ÃÄ§l¦¬,Please use caution for elderly patients with dementia.,the absorption of this medicine is not be affected by food.,¶i¦æ»Ý­nÄµÄ±©Êªº¬¡°Ê ( ¨Ò¦p¾Þ§@¦MÀI¾÷¾¹©Î¶}¨® ) ®ÉÀ³ÂÔ·V,cautioned about performing tasks that require mental alertness. eg¡A driving,2021.Q1ÃÄ©e·s¶i,¤@¯ë,¤@¯ë,¨Ö¦³¥¢´¼¯g¤§¦Ñ¦~¯f±w½ÐÂÔ·V¨Ï¥Î,,,0,0,§_,1.0,,§_,¬O,§_,³æ¤è,§_,¥i¥Î,¥i¥Î,¥i¿i,¬O,,1.00,1.00,4.00,4.00,999,999,28,1,4.00,4.00,0,0,,¦³¹Ï¤ù,,0,,0,,N05AX16,,,,,1.00,mg,3.00,mg,TAB,,°·«Oµ¹¥I,°·«Oµ¹¥I,BREXPIPRAZOLE,N05AX16,BC27365100,§_,SolidDrugForm,ORTAB,,,0,,0,,,,PH034,202109011210,42.00,55.00
ORHY,20190906,99999999,¥i¥Î,Rhynorm 150mg («ß¿Õ),Rhynorm 150mg,Propafenone,PC,BID,CAVS,CV-01-02,¤fªA,TAB,Rytmonorm,«D²Õ®M,,,¤@¯ë¥i¥Î,¬O,¤£¥i¥ÎÃÄ¥]¾÷,¥i¥Î,¤@¯ë,Á`¶q¶i¦ì,¾AÀ³¯g:¤ß«ß¤£¾ã,,Indication:Antiarrhythmic agent,,¥~ Æ[:¥Õ¦â¶ê§ÎÃÄ¿õ¡A¤@­±¦³R¦r¼Ë,Appearance: White round tablet¡A marked R on one side.,¨ýÄ±§ïÅÜ¡A ¤ß¸õ½wºC¡A ÀY·w¡A µø¤O¼Ò½k¡A ­G¸z¤£¾A¡A ¤f°®,Change in taste or bitter or metallic taste¡A irregular¡A or slow heartbeat.,,¬Ò¥i¥Î,«ß¿Õ½¤¦ç¿õ,Rhynorm 150mg,,,,¬O,,½Ð³W«ßªAÃÄ. ­Y¦³ÀY·w¡A ¤ß±ª¡A µø¤O¼Ò½k©Î©I§l«æ«P½ÐÁpµ¸Âå®v,,Inform doctor if you experience dizziness¡A rapid heartbeat or shortness of breat,,³Æµù: ¥»ÃÄ«~¨ã¦³­W¨ý¤Îªí­±³Â¾K§@¥Î¡A ©y¾ãÁû§]ªA,Bitter taste and local anesthetic effect.Swallow whole¡A do not chew/crush.,2019.09 Rytmonorm¯Ê³f¨ú¥N,¤@¯ë,¤@¯ë,Äµ»y¡G½Ð³W«ßªAÃÄ¡C­Y¦³ÀY·w¡B¤ß±ª¡Bµø¤O¼Ò½k©Î©I§l«æ«P½ÐÁpµ¸Âå®v¡C,,,0,0,,1.0,,§_,¬O,§_,³æ¤è,§_,¥i¥Î,¥i¥Î,¥i¿i,¬O,,1.00,1.00,2.00,2.00,999,999,1,1,16.00,16.00,0,0,,¦³¹Ï¤ù,,0,,0,,C01BC03,,,,,0,,0,,TAB,§_,°·«Oµ¹¥I,°·«Oµ¹¥I,PROPAFENONE,C01BC03,AC50210100,§_,SolidDrugForm,ORTAB,,,0,,0,,,,PH047,202303131900,9.30,13.00
ORIB,20161228,99999999,¥i¥Î,Ribelite 200mg,Ribelite 200mg,Amisulpride,PO,BID,CNEU,CN-02-01,¤fªA,TAB,Solian,«D²Õ®M,,,¤@¯ë¥i¥Î,¬O,¤£¥i¥ÎÃÄ¥]¾÷,±ø¥ó¤Uµ¹¥I,¤@¯ë,Á`¶q¶i¦ì,¾AÀ³¯g:«äÄ±¥¢½Õ¯g,,Indication:Treatment of psychotic symptoms,,¥~ Æ[:¥Õ¦â¶ê§Î¿õ¾¯¡A ¤@­±¦L¦³RIBELITE 200¦r¼Ë,Appearance:White round tablet¡A marking:RIBELITE 200,¥¢¯v¡A µJ¼{¡A À@Åé¥~¯gª¬(¤f¦ÞªÏÅé¤£¦Û¥D¹B°Ê)¡A ªc¨Å,Insomnia¡A anxiety¡A extrapyramidal symptoms¡A galactorrhea,,¬Ò¥i¥Î,¼Ö©¼¨Ó¿õ 200²@§J,Ribelite 200mg,,,¬O,¬O,,¥i¯à¦³®É·|Ä±±oÀY·w¡B©ü¯t¡A ½ÐÁ×§K§Ö³tªº°Ê§@©Î«º¶ÕÅÜ¤Æ,,May cause dizziness or drowsiness. Take care to avoid sudden movement.,,,,105-4 ÃÄ©e·|³q¹L·s¶i,¤@¯ë,¤@¯ë,Äµ »y:¥i¯à¦³®É·|Ä±±oÀY·w¡B©ü¯t¡A½ÐÁ×§K§Ö³tªº°Ê§@©Î«º¶ÕÅÜ¤Æ,,,0,0,§_,1.0,,§_,¬O,§_,³æ¤è,§_,¥i¥Î,¥i¥Î,¥i¿i,¬O,,1.00,1.00,4.00,4.00,999,999,1,1,6.00,6.00,0,0,,¦³¹Ï¤ù,,0,,0,,N05AL05,,,,,0,,0,,TAB,,°·«Oµ¹¥I,°·«Oµ¹¥I,AMISULPRIDE,N05AL05,AC48867100,,SolidDrugForm,ORTAB,,,,,,,,,PH047,202402140159,16.30,21.00
ORIBA,20170615,99999999,¥i¥Î,Ribarin 200mg (¼¯µÎ¨x²M),Ribarin 200mg,Ribavirin,PO,BID,QANB,AI-03-04,¤fªA,CAP,Ribavirin,«D²Õ®M,,,¤@¯ë¥i¥Î,¬O,¤£¥i¥ÎÃÄ¥]¾÷,±ø¥ó¤Uµ¹¥I,¤@¯ë,Á`¶q¶i¦ì,¾AÀ³¯g:ºC©ÊC«¬¨xª¢,,Indication:Hepatitis C virus infection,,¥~ Æ[:¥Õ¦âªø¶ê¬W§Îµw½¦Ån¡A¦L¦³tsh¤ÎRB¦r¼Ë,Appearance:White cylinder hard capsule¡A marking:tsh and RB.,ÀYµh¡A ¯h­Â¡A µo¼ö¡A µL¤O¡A Åé­«´î¤Ö¡A ¸z­G¤£¾A,headache¡A fatigue¡A fever¡A asthenia¡A weight loss¡A GI disturbances,,¬Ò¥i¥Î,¼¯µÎ¨x²M½¦Ån,Ribarin 200mg,,,,¬O,,¥»ÃÄ»P£\¤zÂZ¯À¦X¨Ö¨Ï¥ÎªvÀøºC©ÊC«¬¨xª¢,Ãh¥¥¸T¤î¨Ï¥Î,Combined therapy with interferon £\ for hepatitis C treatment,Avoid using during pregnancy.,¨C¤é¾¯¶q¤À¤G¦¸¨Ã»P­¹ª«¤@¦PªA¥Î¡]¦­±á©M³Ä±ß¡^,Please divide the daily dose into twice a day with meal (morning and evening),2017¦~²Ä¤G¦¸ÃÄ©e·|·s¶i¡A2023.01¹L´Á°h³fÃöÀÉ¡A¤w³qª¾½²«C©¥¡A202306¶}ÀÉ,¤@¯ë,¤@¯ë,Äµ »y:¥»ÃÄ»Ý»P£\¤zÂZ¯À¦X¨Ö¨Ï¥Î,,,0,0,§_,1.0,,¬O,§_,§_,³æ¤è,§_,¥i¥Î,¥i¥Î,¥i¿i,¬O,,1.00,1.00,6.00,6.00,168,168,1,1,6.00,6.00,0,0,,¦³¹Ï¤ù,,0,,0,,J05AB04,J05AP01,,,,0.20,g,1.00,g,CAP,,°·«Oµ¹¥I,°·«Oµ¹¥I,RIBAVIRIN,J05AP01,AB48027100,§_,SolidDrugForm,ORCAP,¦M®`¤G¯Å(¡I),,,,,,,,PH007,202306191145,74.00,93.00
ORIF3,19960101,99999999,°±¥Î,Rifampicin 300mg,Rifampicin 300mg,Rifampicin,AC,QD,QANB,AI-01-12,¤fªA,CAP,Rifampin,«D²Õ®M,°±¥Î,ORIF5,¤@¯ë¥i¥Î,¬O,¥i¥ÎÃÄ¥]¾÷,,¤@¯ë,Á`¶q¶i¦ì,¾AÀ³¯g:ªvÀøµ²®Öµß·P¬V¡B©`·æ¤ó¸£½¤ª¢²yµß±a­ìªÌ,,Indication:Treatment of tuberculosis,,¥~ Æ[:¬õ¦â½¦Ån,Appearance:Red capsule,¥Ö½§¹L±Ó¡A ¸z­G¤£¾A¡A ¨xª¢,Skin reactions; GI discomfort; hepatitis.,,,¥ß¦ÆÅð¯À½¦Ån,Rifampicin 300mg,,,§_,¬O,,­Yµo¥ÍÄY­«¹L±Ó©Îµo¯lµ¥¤£¾A¯gª¬¡A À³§Y°±ÃÄ¨Ã½Ð±ÐÂå®v,,Report to doctor¡A if any severe hypersensitivity or skin rash occur.,,¥i¯à·|¨Ï§¿²G¡B¦½²G¡B·ð¤Î²\²GÃC¦âÅÜ¬õ¡C,Medicine may produce a reddish coloration of the urine¡A sweat¡A sputum¡A and tears,,¤@¯ë,¤@¯ë,Äµ »y: ­Yµo¥ÍÄY­«¹L±Ó©Îµo¯lµ¥¤£¾A¯gª¬¡AÀ³§Y°±ÃÄ¨Ã½Ð±ÐÂå®v,SA «÷­µ¬Û¦ü,,,,§_,1.0,,§_,§_,§_,³æ¤è,§_,¥i¥Î,¥i¥Î,¥i¿i,¬O,,0,0,2.00,2.00,28,28,28,1,4.00,4.00,0.07,0.07,,¦³¹Ï¤ù,,0,,0,,J04AB02,,,,,0.30,g,0.60,g,CAP,§_,°·«Oµ¹¥I,°·«Oµ¹¥I,RIFAMPICIN,J04AB02,AC16953100,§_,SolidDrugForm,ORCAP,,,,,,,,,PH047,202303141805,8.00,11.00
ORIF5,20210219,99999999,¥i¥Î,Rifampicin 300mg (¥ß¦ÆÅð¯À),Rifampicin 300mg (¥ß¦ÆÅð¯À),Rifampicin,AC,QD,QANB,AI-01-12,¤fªA,CAP,Rifampin,«D²Õ®M,,,¤@¯ë¥i¥Î,¬O,¥i¥ÎÃÄ¥]¾÷,¥i¥Î,¤@¯ë,Á`¶q¶i¦ì,¾AÀ³¯g:ªvÀøµ²®Öµß·P¬V¡B©`·æ¤ó¸£½¤ª¢²yµß±a­ìªÌ,,Indication:Treatment of tuberculosis,,¥~ Æ[:¬õ¦â½¦Ån,Appearance:Red capsule,¥Ö½§¹L±Ó¡A ¸z­G¤£¾A¡A ¨xª¢,Skin reactions; GI discomfort; hepatitis.,,¬Ò¥i¥Î,·ç¤ñ·s½¦Ån,Rifampicin 300mg,,,,¬O,,­Yµo¥ÍÄY­«¹L±Ó©Îµo¯lµ¥¤£¾A¯gª¬¡A À³§Y°±ÃÄ¨Ã½Ð±ÐÂå®v,,Report to doctor¡A if any severe hypersensitivity or skin rash occur.,,¥i¯à·|¨Ï§¿²G¡B¦½²G¡B·ð¤Î²\²GÃC¦âÅÜ¬õ¡C,Medicine may produce a reddish coloration of the urine¡A sweat¡A sputum¡A and tears,2021.02[ORIF3]¯Ê³f´À¥N,¤@¯ë,¤@¯ë,Äµ »y: ­Yµo¥ÍÄY­«¹L±Ó©Îµo¯lµ¥¤£¾A¯gª¬¡AÀ³§Y°±ÃÄ¨Ã½Ð±ÐÂå®v,SA «÷­µ¬Û¦ü,,0,0,§_,1.0,,§_,¬O,§_,³æ¤è,,¥i¥Î,¥i¥Î,¤£¥i¿i,¬O,,0,0,2.00,2.00,28,28,28,1,4.00,4.00,0.07,0.07,,¦³¹Ï¤ù,,0,,0,,J04AB02,,,,,0.30,g,0.60,g,CAP,,°·«Oµ¹¥I,°·«Oµ¹¥I,RIFAMPICIN,J04AB02,AC24838100,,SolidDrugForm,ORCAP,,,0,,0,mL,,,PH047,202303131700,8.10,11.00
ORIFA,19960101,99999999,°±¥Î,(½Æ¤è) RifaTER 80/250/120mg,RifaTER 80/250/120mg (½Æ¤è),Isoniazid + Pyrazinamide + Rifampicin,AC,QD,QANB,AI-01-12,¤fªA,TAB,Rifater,«D²Õ®M,¼t°Ó¯Ê³f,,¤@¯ë¥i¥Î,¬O,¤£¥i¥ÎÃÄ¥]¾÷,,¤@¯ë,Á`¶q¶i¦ì,¾AÀ³¯g:ªvÀø15·³¥H¤Wªº«C¤Ö¦~»P¦¨¤HªÍµ²®Ö,,Indication:Treatment of tuberculosis,,¥~ Æ[:¿j¬õ¦â¶ê§Î¿}¦ç¿õ,Appearance:Brick red round tablet,¸¡Âm¡A ­Gµh¡A ¤fµÄÂH½¤¨ë¿E·P,Diarrhea; stomach pain; mouth irritation,,,½ÃªÍ¯S¿}¦ç¿õ,RifaTER 80/250/120mg (½Æ¤è),,,§_,¬O,,½Ð¿íÂå®v«ü¥Ü«ö®É¥ÎÃÄ¡A ¤Å¦Û¦æ§ïÅÜ¾¯¶q¡A ¥Îªk©Î¥ô·N°±ÃÄ,,Follow doctor's advice. Do not change your dose or schedule.,,¥i¯à·|¨Ï§¿²G¡B¦½²G¡B·ð¤Î²\²GÃC¦âÅÜ¬õ¡C,Rifater may produce a reddish coloration of the urine¡A sweat¡A sputum¡A and tears.,,¤@¯ë,¤@¯ë,Äµ »y: ½Ð¿íÂå®v«ü¥Ü«ö®É¥ÎÃÄ¡A¤Å¦Û¦æ§ïÅÜ¾¯¶q¡B¥Îªk©Î¥ô·N°±ÃÄ¡C,SA «÷­µ¬Û¦ü,,,,§_,1.0,,§_,§_,§_,½Æ¤è,§_,¥i¥Î,¥i¥Î,¥i¿i,¬O,,1.00,1.00,5.00,5.00,28,28,28,1,5.00,5.00,0,0,,¦³¹Ï¤ù,,0,,0,,J04AM05,J04AB02,J04AK01,J04AC01,J04AM02,,,,,TAB,§_,°·«Oµ¹¥I,°·«Oµ¹¥I,ISONIAZID 80MG + PYRAZINAMIDE 250MG + RIFAMPICIN 120MG,J04AM05,BC22060100,§_,SolidDrugForm,ORTAB,,,,,,,,,PH047,202303141805,11.50,15.00
ORIFI,20170915,99999999,°±¥Î,RifiNAH 300/150mg (¤G¦X¤@),RifiNAH 300/150mg (¤G¦X¤@),Rifampicin + Isoniazid,PO,QDAC,QANB,AI-01-12,¤fªA,TAB,Rifinah,«D²Õ®M,°±¥Î,,¤@¯ë¥i¥Î,¬O,¤£¥i¥ÎÃÄ¥]¾÷,,¤@¯ë,Á`¶q¶i¦ì,¾AÀ³¯g:ªÍµ²®Ö,,Indication:Treatment of tuberculosis,,¥~ Æ[:¾ï¦âªø¶ê¬W«¬¿õ¾¯,Appearance:Orange cylinder tablet,¥Ö½§¹L±Ó¡A ¸z­G¤£¾A¡A ¨xª¢,Skin reactions; GI discomfort; hepatitis.,,¬Ò¥i¥Î,¼ÖªÍ¹ç¿}¦ç¿õ,Rifinah 300/150mg,,,,¬O,,­Y¥X²{¥ô¦ó°Æ§@¥Î¼x¶HÀ³¥ß§Y»PÂå®vÁpÃ´¡C,(¨x¥\¯à²§±`: ²§±`¯h­Â¡B¥Ö½§ÅÜ¶À¡B§¿²GÅÜ²`¡BÁT«KÅÜ¥Õ),Check with doctor if you notice any side effects.,(Signs of liver dysfunction: unusual fatigue¡A jaundice¡A dark urine or pale stool,¥i¯à·|¨Ï§¿²G¡B¦½²G¡B·ð¤Î²\²GÃC¦âÅÜ¬õ¡C,Rifinah may produce a reddish coloration of the urine¡A sweat¡A sputum¡A and tears.,2017¦~²Ä¤T¦¸ÃÄ©e·|·s¶i¡A2021Q1ÃÄ©e·|§R°£,¤@¯ë,¤@¯ë,­Y¥X²{¨x¥\¯à²§±`°Æ§@¥Î( ²§±`¯h­Â¡B¥Ö½§ÅÜ¶À¡B§¿²GÅÜ²`¡BÁT«KÅÜ¥Õ)À³¥ß§Y»PÂå®vÁpÃ´¡C,SA «÷­µ¬Û¦ü,,0,0,§_,1.0,,¬O,§_,§_,½Æ¤è,§_,¥i¥Î,¥i¥Î,¤£¥i¿i,¬O,,0,0,2.00,2.00,28,28,28,1,2.00,2.00,0,0,,¦³¹Ï¤ù,,0,,0,,J04AM02,J04AB02,J04AC01,,,0.45,g,0.90,g,TAB,,¤£µ¹¥I¶·¦Û¥I,¤£µ¹¥I¶·¦Û¥I,,,,§_,SolidDrugForm,TAB,,,,,,,,,PH047,202303141805,0,18.00
ORIS,19960101,99999999,°±¥Î,Risperdal 2mg,Risperdal 2mg,Risperidone,PO,QD,CNEU,CN-02-01,¤fªA,TAB,Risperdal,«D²Õ®M,°±¥Î,ORISD,¤@¯ë¥i¥Î,¬O,¥i¥ÎÃÄ¥]¾÷,±ø¥ó¤Uµ¹¥I,¤@¯ë,Á`¶q¶i¦ì,¾AÀ³¯g:«äÄ±¥¢½Õ¯g¡A Âù·¥©Ê¯e±w¤§Ä¼¯gµo§@,,Indication:Treatment of psychotic symptoms¡A mania,,¥~ Æ[:²H¾ï¦âªø¶ê¬W«¬¿õ¾¯¡A¤@­±¦³¤¤¥¡¨è²ª¥[Ris 2,Appearance:Light orange cylinder tablet,°Ê§@¿ð½w¡A §¤¥ß¤£¦w¡A µø¤O¼Ò½k¡A ¤ë¸g¶g´Á§ïÅÜ¡A ¤âµo§Ý,slow movement; inability to sit still; blurred vision; menstrual changes; restle,,,²z«ä¥²§´,Risperdal 2mg,,,¬O,¬O,,¥ÎÃÄ«á¥i¯àµo¥ÍÀY·w¡A ¤Å¶¼°s,,May induce dizziness or drowsiness.,Avoid drinking alcohol while taking medication.,,,,¤@¯ë,¤@¯ë,Äµ »y¡G¥ÎÃÄ«á¥i¯àµo¥ÍÀY·w¡A¤Å¶¼°s,,¤fªAÃÄ,,,§_,1.0,,§_,§_,§_,³æ¤è,§_,¥i¥Î,¥i¥Î,¥i¿i,¬O,,1.00,1.00,2.00,2.00,999,999,1,1,8.00,8.00,0,0,,¦³¹Ï¤ù,,0,,0,,N05AX08,,,,,,,,,TAB,§_,°·«Oµ¹¥I,°·«Oµ¹¥I,RISPERIDONE,N05AX08,BC22768100,§_,SolidDrugForm,ORTAB,,,,,,,,,PH047,202303141805,7.70,11.00
ORISD,20151220,99999999,¥i¥Î,Apa-Risdol 2mg,Apa-Risdol 2mg,Risperidone,PO,QD,CNEU,CN-02-01,¤fªA,TAB,Risperdal,«D²Õ®M,,,¤@¯ë¥i¥Î,¬O,¤£¥i¥ÎÃÄ¥]¾÷,±ø¥ó¤Uµ¹¥I,¤@¯ë,Á`¶q¶i¦ì,¾AÀ³¯g:«äÄ±¥¢½Õ¯g¡A Âù·¥©Ê¯e±w¤§Ä¼¯gµo§@,,Indication:Treatment of psychotic symptoms¡A mania,,¥~ Æ[:¾ï¦âªø¶ê¬W«¬¿õ¾¯¡A¦L¦³W.WIN¤ÎRiS / 2,Appearance:orange cylinder tablet¡A marking: W.WIN¡BRiS / 2,ÂíÀR¡A¥¢¯v¡AÀYµh¡AµJ¼{¡AÅé­«¼W¥[¡A­¹¼¤¼W¥[¡A¾_Å¸,Sedation¡A insomnia¡A headache¡A anxiety¡A weight gain¡A increased appetite¡A tremor,,¬Ò¥i¥Î,ÂE¨Z²z«ä±o½¤¦ç¿õ2²@§J,Apa-Risdol 2mg,,,¬O,¬O,,¥ÎÃÄ«á¥i¯àµo¥ÍÀY·w¡A ¤Å¶¼°s,,May induce dizziness or drowsiness.,Avoid drinking alcohol while taking medication.,,,2015¦~²Ä¥|¦¸ÃÄ©e·|·s¶iÃÄ«~,¤@¯ë,¤@¯ë,Äµ »y¡G¥ÎÃÄ«á¥i¯àµo¥ÍÀY·w¡A¤Å¶¼°s,,¤fªAÃÄ,0,0,§_,1.0,,§_,¬O,§_,³æ¤è,§_,¥i¥Î,¥i¥Î,¥i¿i,¬O,,1.00,1.00,2.00,2.00,999,999,1,1,8.00,8.00,0,0,,¦³¹Ï¤ù,,0,,0,,N05AX08,,,,,0,,0,,TAB,,°·«Oµ¹¥I,°·«Oµ¹¥I,RISPERIDONE,N05AX08,AB47294100,§_,SolidDrugForm,ORTAB,,,,,,,,,PH047,202303141805,6.10,9.00
ORISU,20040120,99999999,°±¥Î,Risumic 10mg,Risumic 10mg,Amezinium,PO,,CAVS,CV-10-00,¤fªA,TAB,Risumic,«D²Õ®M,°±¥Î,,¤w°±¥Î,¬O,¤£¥i¥ÎÃÄ¥]¾÷,¥i¥Î,¤@¯ë,Á`¶q¶i¦ì,¾AÀ³¯g:§C¦åÀ£¡B§ïµ½³zªR¬I¦æ®Éªº¦åÀ£§C¤U,,Treatment of hypotension during dialysis,,¥~ Æ[:¥Õ¦â¶ê§ÎÃÄ¿õ¡A¤@­±¨èP915¡A¤@­±¨è10,Appearance:White Round Tablet,,,,¬Ò¥i¥Î,²zµÇ±Ó,Risumic 10mg,,,§_,¬O,,,,,,,,,¤@¯ë,¤@¯ë,Äµ »y:¥»ÃÄ·|¾É­P¦åÀ£¤É°ª,,,,,§_,1.0,,§_,§_,§_,³æ¤è,§_,¥i¥Î,¥i¥Î,¥i¿i,¬O,,1.00,1.00,2.00,2.00,999,999,30,30,0,0,0,0,,µL¹Ï¤ù,,0,,0,,,,,,,,,,,TAB,,¤£µ¹¥I¶·¦Û¥I,¤£µ¹¥I¶·¦Û¥I,,,,§_,SolidDrugForm,ORTAB,,,,,,,,,PH047,202303141805,0,38.00
ORIT,19960101,99999999,°±¥Î,Ritalin 10mg,Ritalin 10mg,Methylphenidate,PO,BID,CNEU,CN-02-08,¤fªA,TAB,Ritalin,«D²Õ®M,°±¥Î,OMET1,­­¥æ¥I½Õ¾¯,¬O,¤£¥i¥ÎÃÄ¥]¾÷,,¤@¯ë,Á`¶q¶i¦ì,¾AÀ³¯g:ª`·N¤O¥¢½Õ¯g¡A ¹L°Ê¨à¯g­Ô¸s¡A µo§@©Ê¶ÝºÎ¯g,,Indication:Treat attention deficit disorder¡A nacrolepsy,,¥~ Æ[:¥Õ¦â¶ê«ó§Î¿õ¾¯¡A¤@­±¦³¤¤¥¡¨è²ª¥[AB¡A¤@­±¦³CG,Appearance: White round tablet,¤ß¸õ¹L§Ö¡A ¦åÀ£¼W¥[¡CÅé­«´î»´¡B­¹¼¤¤£®¶¡C,Fast heartbeat¡A increased blood pressure. Weight loss¡A anorexia.,,¥u¥Î©óªù¶E¤Î¦í°|STAT,§Q¥L¯à,Ritalin 10mg,,­­ªù¶E¥æ¥I½Õ¾¯¥Î,§_,¬O,,1.ªAÃÄ«á¡A½Ð¤Å¶}¨®©Î¾Þ§@¦MÀI¾÷±ñ 2.¥¼¸gÂå®v«ü¥Ü¤Å°±ÃÄ,,1.No driving or operating machines while on this medication,2.do not suddenly stop taking without asking your doctor,,,,¤@¯ë,¤T¯ÅºÞ¨î,Äµ »y¡G¥¼¸gÂå®v«ü¥Ü¤Å°±ÃÄ¡F¥i¯à¤Þ°_¤ß¸õ¹L§Ö¡B¦åÀ£ª@°ª,,,,,§_,1.0,,§_,§_,§_,³æ¤è,§_,°±¥Î,¥i¥Î,¤£¥i¿i,§_,,1.00,1.00,2.00,2.00,30,30,1,1,6.00,6.00,0,0,,¦³¹Ï¤ù,,0,,0,,N06BA04,,,,,,,,,TAB,§_,°·«Oµ¹¥I,°·«Oµ¹¥I,METHYLPHENIDATE,N06BA04,AC30740100,§_,SolidDrugForm,ORTAB,,,,,,,,,PH047,202303141805,2.66,4.00
ORIT2,20140905,99999999,¥i¥Î,Ritalin LA 20mg,Ritalin LA 20mg,Methylphenidate,PO,,CNEU,CN-02-08,¤fªA,CAP,Ritalin,«D²Õ®M,¼t°Ó¯Ê³f,,¤@¯ë¥i¥Î,¬O,¤£¥i¥ÎÃÄ¥]¾÷,¥i¥Î,¤@¯ë,Á`¶q¶i¦ì,¾AÀ³¯g:ª`·N¤O¥¢½Õ¯g¡A ¹L°Ê¨à¯g­Ô¸s¡A µo§@©Ê¶ÝºÎ¯g,,Indication:Treat attention deficit disorder¡A nacrolepsy,,¥~ Æ[:¥Õ¦âªø¶ê¬W§Îµw½¦Ån,Appearance:White hard capsule,¤ß¸õ¹L§Ö¡A ¦åÀ£¼W¥[¡CÅé­«´î»´¡B­¹¼¤¤£®¶¡C,Fast heartbeat¡A increased blood pressure. Weight loss¡A anorexia.,,¥u¥Î©óªù¶E¤Î¦í°|STAT,§Qªø¯à«ùÄò©ÊÃÄ®Ä½¦Ån20²@§J,Ritalin LA 20mg,,,,§_,,1.ªAÃÄ«á¡A½Ð¤Å¶}¨®©Î¾Þ§@¦MÀI¾÷±ñ 2.¥¼¸gÂå®v«ü¥Ü¤Å°±ÃÄ,,1.No driving or operating machines while on this medication,2.do not suddenly stop taking without asking your doctor,,,,¤@¯ë,¤T¯ÅºÞ¨î,Äµ »y¡G¥¼¸gÂå®v«ü¥Ü¤Å°±ÃÄ¡F¥i¯à¤Þ°_¤ß¸õ¹L§Ö¡B¦åÀ£ª@°ª,,,0,0,§_,1.0,,§_,¬O,§_,³æ¤è,§_,°±¥Î,¥i¥Î,¤£¥i¿i,¬O,,1.00,1.00,3.00,3.00,30,30,1,1,3.00,3.00,0,0,,¦³¹Ï¤ù,,0,,0,,N06BA04,,,,,0,,0,,CAP,,°·«Oµ¹¥I,°·«Oµ¹¥I,METHYLPHENIDATE,N06BA04,BC25333100,§_,SolidDrugForm,ERCAP12,,,,,,,,,PH070,202402052128,29.70,39.00
ORIV5,19960101,99999999,¥i¥Î,Rivotril 0.5mg,Rivotril 0.5mg,Clonazepam,PO,QD,CNEU,CN-03-01,¤fªA,TAB,Rivotril,«D²Õ®M,,OCLON,¤@¯ë¥i¥Î,¬O,¥i¥ÎÃÄ¥]¾÷,,¤@¯ë,Á`¶q¶i¦ì,¾AÀ³¯g:´î»´µJ¼{¡A §U¯v¡A Åöíw¤Î¨ä¥L§@¥Î,,Indication:Control seizures¡A help to sleep¡A relieve anxiety,,¥~ Æ[:²L¾í¦â¶ê§ÎÃÄ¿õ¡A ¤@­±¦³¤¤¥¡¨è²ª¡A¤@­±¦³0.5,Appearance:Light orange round tablet,ÀY·w¡A ©ü©ü±ýºÎ,Dizzy; sleepy,,,§QºÖ¥þ,Rivotril 0.5mg,,,¬O,¬O,½Ã±Ð³æ¥|,ªAÃÄ«á¡A ½Ð¤Å¶}¨®©Î¾Þ§@¦MÀI¾÷±ñ; ¤Å¶¼°s,,Be careful driving or operating machinery. Avoid alcohol.,,­¹ª«¥æ¤¬§@¥Î: ªAÃÄ´Á¶¡Á×§K­¹¥Î¸²µå¬c¥Ä»P¶¼°s,Food interaction: Avoid grapefruit juice and alcohol.,,¤@¯ë,¥|¯ÅºÞ¨î,Äµ »y:ªAÃÄ«á¡A½Ð¤Å¶}¨®©Î¾Þ§@¦MÀI¾÷±ñ¡F¤Å¶¼°s,­¹ ­¹ª«¥æ¤¬,,,,§_,1.0,,§_,¬O,§_,³æ¤è,§_,¥i¥Î,¥i¥Î,¤£¥i¿i,¬O,,1.00,1.00,8.00,8.00,30,30,1,1,40.00,40.00,0,0,,¦³¹Ï¤ù,,0,,0,,N03AE01,,,,,,,,,TAB,§_,°·«Oµ¹¥I,°·«Oµ¹¥I,CLONAZEPAM,N03AE01,BC030771G0,§_,SolidDrugForm,ORTAB,¦M®`¤G¯Å(¡I),,,,,,,,PH047,202307031733,2.00,3.00
ORIZ,20161228,99999999,¥i¥Î,Rizatan 5mg,Rizatan 5mg,Rizatriptan,PO,ASORDER,CNEU,CN-03-07,¤fªA,TAB,Maxalt,«D²Õ®M,,,¤@¯ë¥i¥Î,¬O,¤£¥i¥ÎÃÄ¥]¾÷,±ø¥ó¤Uµ¹¥I,¤@¯ë,Á`¶q¶i¦ì,¾AÀ³¯g:°¾ÀYµhµo§@¤§«æ©Ê½w¸Ñ,,Indication:Acute treatment of migraine,,¥~ Æ[:¥Õ¦âªø¾ò¶ê§Î¿õ¾¯¡A ¦L¦³UN¤Î488,Appearance:White elliptic tablet¡A marking: UN and 488,ÀY·w¡A¶ÝºÎ¡A¯h³Ò,Dizziness¡A drowsiness¡A fatigue,,¬Ò¥i¥Î,Ã¹²ï¯k¿õ 5 ²@§J,Rizatan 5mg,,,,¬O,,¥i¯à·|³y¦¨¶ÝºÎ©Î·w¯t¡A ¶}¨®©Î¾Þ§@¦MÀI¾÷¾¹½Ð¤p¤ß,,May make you dizzy; use caution while driving or operating machinery.,,,,105-4 ÃÄ©e·|·s¶i,¤@¯ë,¤@¯ë,Äµ »y:¥i¯à·|³y¦¨¶ÝºÎ©Î·w¯t¡A ¶}¨®©Î¾Þ§@¦MÀI¾÷¾¹½Ð¤p¤ß,,,0,0,§_,1.0,,§_,¬O,§_,³æ¤è,§_,¥i¥Î,¥i¥Î,¥i¿i,¬O,,1.00,1.00,2.00,2.00,30,30,7,1,6.00,6.00,0,0,,¦³¹Ï¤ù,,0,,0,,N02CC04,,,,,0,,0,,TAB,,°·«Oµ¹¥I,°·«Oµ¹¥I,RIZATRIPTAN,N02CC04,AC52537100,§_,SolidDrugForm,ORTAB,,,,,,,,,PH047,202403051043,47.60,62.00
OROA,19960101,99999999,¥i¥Î,Roaccutane 10mg,Roaccutane 10mg,Isotretinoin,PC,QD,TDER,DE-07-00,¤fªA,CAP,Roaccutane,«D²Õ®M,,,¤@¯ë¥i¥Î,¬O,¤£¥i¥ÎÃÄ¥]¾÷,±ø¥ó¤Uµ¹¥I,¤@¯ë,Á`¶q¶i¦ì,¾AÀ³¯g:ÄY­««C¬Kµk,,Indication:Treatment of nodulocystic acne,,¥~ Æ[:²Hµµ¦âªø¶ê¬W§Î³n½¦Ån,Appearance:Light purple cylinder capsule,¼L®B¥Ö½§°®Àê¡A »ó¥X¦å¡A µ²½¤ª¢¡A ¥i°f©Ê¨¤½¤²V¿B,Dry lips & skin¡A epistaxis¡A conjunctivitis¡A reversible corneal opacity,,,Ã¹¥i©Z ³n½¦Ån10²@§J,Roaccutane 10mg,,,§_,§_,,Ãh¥¥¡A ±Â¨Åªº°ü¤k¤£¥i¨Ï¥Î¥»«~¡C¦¹ÃÄ«~¤£¥iµ¹¤©§O¤H¨Ï¥Î¡C,,Not recommended during pregnancy or breastfeeding.,Never share your medicine with anyone.,ª`·N¨Æ¶µ¡G¥ÎÃÄ´Á¶¡¤Î°±ÃÄ«á¤@­Ó¤ë¤º¤£¥i®½¦å¡C,Do not donate blood during treatment or for 1 month after your last dose.,,¤@¯ë,¤@¯ë,Äµ »y:Ãh¥¥¡B±Â¨Åªº°ü¤k¤£¥i¨Ï¥Î¥»«~,,,,,§_,1.0,,§_,¬O,§_,³æ¤è,§_,¥i¥Î,¥i¥Î,¤£¥i¿i,¬O,,1.00,1.00,2.00,2.00,30,30,1,1,10.00,10.00,0,0,,¦³¹Ï¤ù,,0,,0,,D10BA01,,,,,,,,,CAP,¬O,°·«Oµ¹¥I,°·«Oµ¹¥I,ISOTRETINOIN,D10BA01,BC14967100,§_,SolidDrugForm,ORCAP,¦M®`¤G¯Å(¡I),,,,,,,,PH047,202303131850,37.90,49.00
OROB,20020826,99999999,°±¥Î,Robatrol 200mg,Robatrol 200mg,Ribavirin,PO,BID,QANB,AI-03-04,¤fªA,CAP,Ribavirin,«D²Õ®M,°±¥Î,ORIBA,¤@¯ë¥i¥Î,¬O,¤£¥i¥ÎÃÄ¥]¾÷,,¤@¯ë,Á`¶q¶i¦ì,¾AÀ³¯g:¥DªvºC©ÊC«¬¨xª¢,,Indication:Treatment of hepatitis C virus infection,,¥~ Æ[:ÂAºñ¦âªø¶ê¬W§Îµw½¦Ån,Appearance:Green cylinder hard capsule,ÀYµh¡A ¯h­Â¡A µo¼ö¡A µL¤O¡A Åé­«´î¤Ö¡A ¸z­G¤£¾A,headache¡A fatigue¡A fever¡A asthenia¡A weight loss¡A GI disturbances,,¬Ò¥i¥Î,Ã¹©Þ°£,Robatrol 200mg,,,§_,¬O,,¥»ÃÄ»P£\¤zÂZ¯À¦X¨Ö¨Ï¥ÎªvÀøºC©ÊC«¬¨xª¢,,Combined therapy with interferon £\ for hepatitis C treatment,,,,,¤@¯ë,¤@¯ë,Äµ »y:¥»ÃÄ»Ý»P£\¤zÂZ¯À¦X¨Ö¨Ï¥Î,,,,,§_,1.0,,§_,§_,§_,³æ¤è,§_,¥i¥Î,¥i¥Î,¥i¿i,¬O,,1.00,1.00,3.00,3.00,999,999,1,1,6.00,6.00,0,0,,¦³¹Ï¤ù,,0,,0,,J05AB04,,,,,,,,,CAP,,°·«Oµ¹¥I,°·«Oµ¹¥I,RIBAVIRIN,J05AP01,AC44650100,§_,SolidDrugForm,ORCAP,,,,,,,,,PH047,202303141805,10.80,14.00
OROC,19960101,99999999,°±¥Î,Rocaltrol 0.25mcg,Rocaltrol 0.25mcg,Calcitriol,PO,,META,ME-06-00,¤fªA,CAP,Rocaltrol,«D²Õ®M,°±¥Î,OMACA,¤@¯ë¥i¥Î,¬O,¤£¥i¥ÎÃÄ¥]¾÷,±ø¥ó¤Uµ¹¥I,¤@¯ë,Á`¶q¶i¦ì,¾AÀ³¯g:¬°ºû¥L©RD3»s¾¯,,Hypoparathyroidism; Renal osteodystroghy.,,¥~ Æ[:¬õ¥Õ¦â¾ò¶ê§Î³n½¦Ån,Appearance:Red/White Elliptic Capsule,,,,,,Rocaltrol 0.25mcg,,,§_,¬O,,,,,,,,,¤@¯ë,¤@¯ë,,,,,,§_,1.0,,§_,§_,§_,³æ¤è,§_,¥i¥Î,¥i¥Î,¥i¿i,¬O,,1.00,1.00,999.00,999.00,999,999,1,1,0,0,0,0,,µL¹Ï¤ù,,0,,0,,,,,,,,,,,CAP,§_,¤£µ¹¥I¶·¦Û¥I,¤£µ¹¥I¶·¦Û¥I,CALCITRIOL,A11CC04,B009032100,§_,SolidDrugForm,ORCAP,,,,,,,,,PH047,202303141806,11.70,15.00
OROCH,19960101,99999999,°±¥Î,Rocaltrol 0.25mcg(Hemodialysis,Rocaltrol 0.25mcg(Hemodialysis,Calcitriol,PO,,META,ME-06-00,¤fªA,CAP,Rocaltrol,«D²Õ®M,°±¥Î,OMACA,¤@¯ë¥i¥Î,¬O,¤£¥i¥ÎÃÄ¥]¾÷,,¤@¯ë,Á`¶q¶i¦ì,¾AÀ³¯g:¬°ºû¥L©RD3»s¾¯,,Hypoparathyroidism; Renal osteodystroghy.,,¥~ Æ[:¬õ¥Õ¦â¾ò¶ê§Î³n½¦Ån,Appearance:Red/White Elliptic Capsule,,,,,,Rocaltrol 0.25mcg(Hemodialys,,,§_,¬O,,,,,,,,,¤@¯ë,¤@¯ë,,,,,,§_,1.0,,§_,§_,§_,³æ¤è,§_,¥i¥Î,¥i¥Î,¥i¿i,¬O,,1.00,1.00,999.00,999.00,999,999,1,1,0,0,0,0,,µL¹Ï¤ù,,0,,0,,,,,,,,,,,CAP,§_,°·«Oµ¹¥I,°·«Oµ¹¥I,CALCITRIOL,A11CC04,B009032100,§_,SolidDrugForm,ORCAP,,,,,,,,,PH047,202303141806,14.80,19.00
OROMA,20200601,99999999,¥i¥Î,Romicon-A 20/20/90mg,Romicon-A 20/20/90mg,Dextromethorphan+Lysozyme+K Cresolsulfonate,PO,TID,ERSP,RE-05-03,¤fªA,CAP,Medicon,«D²Õ®M,,,¤@¯ë¥i¥Î,¬O,¥i¥ÎÃÄ¥]¾÷,¥i¥Î,¤@¯ë,Á`¶q¶i¦ì,¾AÀ³¯g:¤î«y¡A ¤Æ·ðÃÄ,,Indication:Cough suppressant and antitussive agent,,¥~ Æ[:¥Õ¦â½¦Ån¡A¤W¦³G-4776¼Ð¥Ü,Appearance:White capsule with G-4776 marked.,·w¯t¡A äú¤ß¡A ¹Ã¦R¡A µo¯l,Dizziness¡A nausea¡A vomiting¡A skin rash,,¬Ò¥i¥Î,¼Ö·À«y½Æ¤è½¦Ån,Romicon-A 20/20/90mg,,,,¬O,,½Ð¿í·ÓÂå®v«ü¥Ü¨Ï¥Î¡A ­Yµo¥ÍºÃ¦üÃÄª«¤£¨}¤ÏÀ³½Ð§iª¾Âå¥Í,,Follow doctor's advice. Check with doctor if you notice any side effects.,,,,202005 [OMEDA]¯Ê³f¨ú¥N,¤@¯ë,¤@¯ë,Äµ »y:½Ð¿í·ÓÂå®v«ü¥Ü¨Ï¥Î¡A­Yµo¥ÍºÃ¦üÃÄª«¤£¨}¤ÏÀ³½Ð§iª¾Âå¥Í¡C,,,0,0,§_,1.0,,§_,¬O,§_,½Æ¤è,§_,¥i¥Î,¥i¥Î,¥i¿i,¬O,,1.00,1.00,2.00,2.00,999,999,1,1,6.00,6.00,0.15,0.05,,¦³¹Ï¤ù,,0,,0,,R05FA02,R05DA09,R05CA09,J05AX02,,0,,0,,CAP,,°·«Oµ¹¥I,°·«Oµ¹¥I,DEXTROMETHORPHAN 20MG + POTASSIUM CRESOLSULFONATE 90MG + LYSOZYME 20MG,R05FA02,AC388191G0,§_,SolidDrugForm,ORCAP,,,0,,0,,,,PH052,202211041932,2.00,3.00
OROWA,19960101,99999999,°±¥Î,Rowapraxin 10mg,Rowapraxin 10mg,Pipoxolan,PO,BID,ALIM,GI-05-00,¤fªA,TAB,Rowapraxin,«D²Õ®M,°±¥Î,,¤@¯ë¥i¥Î,¬O,¥i¥ÎÃÄ¥]¾÷,¥i¥Î,¤@¯ë,Á`¶q¶i¦ì,¾AÀ³¯g:¦]µjÅË©Ò¤Þ°_¤§¤£¾A,,Indication:Smooth muscle relaxant,,¥~ Æ[:¥Õ¦â¶ê¥Y§Î¿õ¾¯¡A ¤@­±¦L¦³ROWA-P¦r¼Ë,Appearance:White round tablet,ÀYµh¡A ·w¯t¡A ¯h­Â¡A äú¤ß¡A ¹Ã¦R,Headache¡A dizziness¡Afatigue¡A nausea¡A vomiting,,,¬X¥Ë©ÔªY½¤¦ç¿õ,Rowapraxin 10mg,,,§_,¬O,,½Ð¿íÂå®v«ü¥Ü¨Ï¥Î¡A «C¥ú²´±wªÌ»ÝÂÔ·V¨Ï¥Î,,Follow doctor's advice. Avoid in case of glaucoma.,,,,104-3 ÃÄ©e·|§R°£,¤@¯ë,¤@¯ë,Äµ »y:½Ð¿íÂå®v«ü¥Ü¨Ï¥Î¡A «C¥ú²´±wªÌ¸T¥Î¥»«~,,,,,§_,1.0,,§_,§_,§_,³æ¤è,§_,¥i¥Î,¥i¥Î,¥i¿i,¬O,,1.00,1.00,3.00,3.00,999,999,1,1,9.00,9.00,0,0,,¦³¹Ï¤ù,,0,,0,,G04BD91,,,,,,,,,TAB,§_,°·«Oµ¹¥I,°·«Oµ¹¥I,PIPOXOLAN,G04BD,AC42272100,§_,SolidDrugForm,ORTAB,,,,,,,,,PH047,202303141806,2.94,4.00
OROX,19960101,99999999,°±¥Î,Roxane 75mg,Roxane 75mg,Roxatidine Acetate,PO,,ALIM,GI-01-03,¤fªA,CAP,Roxane,«D²Õ®M,°±¥Î,,¤@¯ë¥i¥Î,¬O,¤£¥i¥ÎÃÄ¥]¾÷,,¤@¯ë,Á`¶q¶i¦ì,¾AÀ³¯g:­G¤Q¤G«ü¸z¼ìºÅ¡B°f¬y©Ê­¹¹Dª¢,,,,,,,,,,,Roxane 75mg,,,§_,¬O,,,,,,,,,¤@¯ë,¤@¯ë,,,,,,§_,1.0,,§_,§_,§_,³æ¤è,§_,¥i¥Î,¥i¥Î,,¬O,,1.00,1.00,2.00,2.00,999,999,1,1,0,0,0,0,,µL¹Ï¤ù,,0,,0,,,,,,,,,,,CAP,§_,°·«Oµ¹¥I,°·«Oµ¹¥I,ROXATIDINE,A02BA06,B021613100,§_,SolidDrugForm,ORCAP,,,,,,,,,PH047,202303141806,34.20,43.00
ORPT,20190201,99999999,¥i¥Î,Priftin 150mg (¬F©²´£¨Ñ),Priftin 150mg (Government),Rifapentine,PO,QW,QANB,AI-01-12,¤fªA,TAB,,«D²Õ®M,,,¤@¯ë¥i¥Î,¬O,¤£¥i¥ÎÃÄ¥]¾÷,¥i¥Î,¤@¯ë,Á`¶q¶i¦ì,¾AÀ³¯g:¬°§Üµ²®Ö¯fÃÄª«,,Indication:Treatment of tuberculosis.,,¥~ Æ[:¶ê§Î¬õ¿j¦â¿õ¾¯,Appearance: Red brick round tablet.,¥Ö½§¹L±Ó¡A ¸z­G¤£¾A¡A ¨xª¢,Skin reactions; GI discomfort; hepatitis.,,¬Ò¥i¥Î,ªÍ®¼½¤¦ç¿õ150²@§J (¬F©²´£¨Ñ),Priftin 150mg (Government),,,§_,¬O,,§¿²G©ÎÁô§Î²´Ãè§e¬õ¾ï¦â¦¹¤D¥¿±`²{¶H,,May discolor urine¡A contact lens to reddish orange,,µµ½è¯g±wªÌ¸T¥Î,Don't use it in patients with porphyria.,,¤@¯ë,¤@¯ë,Äµ »y:ªA¥Î¥»ÃÄ­Y¤Þ°_§¿²GÅÜ¦â¡A¬O¦]ÃÄ«~¥NÁÂ©Ò³y¦¨,,,0,0,§_,1.0,,§_,¬O,¬O,³æ¤è,,¥i¥Î,¥i¥Î,¥i¿i,¬O,,0,0,6.00,6.00,28,999,0,0,6.00,6.00,4.70,4.70,,¦³¹Ï¤ù,,0,,0,,J04AB05,,,,,0.15,g,0.11,g,TAB,,°·«O¤£¥Ó³ø¤£­p»ù,°·«O¤£¥Ó³ø¤£­p»ù,,,,§_,SolidDrugForm,TAB,,,0,,0,mL,,,PH047,202401041423,0,0
ORYB,20230331,99999999,¥i¥Î,Rybelsus 7mg,Rybelsus 7mg,Semaglutide,AC,,META,ME-02-07,¤fªA,TAB,Rybelsus,«D²Õ®M,,,¤@¯ë¥i¥Î,¬O,¤£¥i¥ÎÃÄ¥]¾÷,°·«O¤£µ¹¥I,¤@¯ë,Á`¶q¶i¦ì,¾AÀ³¯g: ¦¨¤H²Ä¤G«¬¿}§¿¯fªº»²§UªvÀø¡C,,Indication: Adjunctive therapy for adult type 2 diabetes.,,¥~ Æ[:¥Õ¦â¾ò¶ê§Î¿õ¾¯¡A¤@­±¨è²ª¬°"7"¡B¤@­±¬°"novo",Appearance: white oval shaped tablets,§C¦å¿}¡B­¹¼¤´î§C¡Bäú¤ß¡B¸¡Âm¡B¸z­G¤£¾A¡C,Hypoglycemia¡A decreased appetite¡A nausea¡A diarrhea¡A and abdominal discomforts,,¬Ò¥i¥Î,·ç­¿¾A¿õ7²@§J,Rybelsus 7mg,,,,§_,,ªÅ¸¡§]ªA¾ãÁûÃÄ¿õ¡C¤£¥i­é¶}¡BÀ£¸H©Î©CÄZ¡C,ªAÃÄ«áÀ³µ¥«Ý¦Ü¤Ö 30 ¤ÀÄÁ¦A¶i­¹¡C,Swallow tablets whole on an empty stomach. Do not cut¡A crush¡A or chew tablets.,After taking medication¡A avoid eating for 30 minutes.,­Y¥X²{ÀV³¡¸~¶ô¡B§]Ã`§xÃø¡B©I§l§xÃø©ÎÁn­µ«ùÄò¨F°×¯gª¬¡A½Ð§iª¾Âå®v¡C,Inform a doctor of difficulty swallowing¡A breathing or persistent hoarseness.,2023Q1 ÃÄ©e·s¶i,¤@¯ë,¤@¯ë,ªAÃÄ«áÀ³µ¥«Ý¦Ü¤Ö 30 ¤ÀÄÁ¦A¶i­¹¡B³Ü¤ô©ÎªA¥Î¨ä¥L¤fªAÃÄª«¡C,,,0,0,§_,1.0,,§_,¬O,§_,³æ¤è,§_,°±¥Î,°±¥Î,¤£¥i¿i,¬O,,1.00,1.00,2.00,2.00,999,999,0,0,2.00,2.00,0,0,,¦³¹Ï¤ù,,0,,0,,A10BJ06,,,,,7.00,mg,10.50,mg,TAB,,¤£µ¹¥I¶·¦Û¥I,¤£µ¹¥I¶·¦Û¥I,,,,§_,SolidDrugForm,ORTAB,,,0,,0,,,,PH006,202304241021,0,176.00
ORYT,19960101,99999999,°±¥Î,Rytmonorm 150mg,Rytmonorm 150mg,Propafenone,PC,BID,CAVS,CV-01-02,¤fªA,TAB,Rytmonorm,«D²Õ®M,°±¥Î,ORHY,¤@¯ë¥i¥Î,¬O,¤£¥i¥ÎÃÄ¥]¾÷,,¤@¯ë,Á`¶q¶i¦ì,¾AÀ³¯g:¥Dªv¤ß¸õ¹L³t,,Indication:Antiarrhythmic agent,,¥~ Æ[:¥Õ¦â¶ê§ÎÂù¥Y ½¤¦ç¿õ¡A¤@­±¦³150¦r¼Ë,Appearance:White round tablet,¨ýÄ±§ïÅÜ¡A ¤ß¸õ½wºC¡A ÀY·w¡A µø¤O¼Ò½k¡A ­G¸z¤£¾A¡A ¤f°®,Change in taste or bitter or metallic taste¡A irregular¡A or slow heartbeat.,,,¤ß§Q¥¿,Rytmonorm 150mg,,,§_,¬O,,½Ð³W«ßªAÃÄ. ­Y¦³ÀY·w¡A ¤ß±ª¡A µø¤O¼Ò½k©Î©I§l«æ«P½ÐÁpµ¸Âå®v,,Inform docotr if you experience dizziness¡A rapid heartbeat or shortness of breat,,³Æµù: ¥»ÃÄ«~¨ã¦³­W¨ý¤Îªí­±³Â¾K§@¥Î¡A ©y¾ãÁû§]ªA,Bitter taste and local anesthetic effect.Swallow whole¡A do not chew/crush.,,¤@¯ë,¤@¯ë,Äµ»y¡G½Ð³W«ßªAÃÄ¡C­Y¦³ÀY·w¡B¤ß±ª¡Bµø¤O¼Ò½k©Î©I§l«æ«P½ÐÁpµ¸Âå®v¡C,,,,,§_,1.0,,§_,§_,§_,³æ¤è,§_,°±¥Î,¥i¥Î,¥i¿i,¬O,,1.00,1.00,2.00,2.00,999,999,1,1,16.00,16.00,0,0,,¦³¹Ï¤ù,,0,,0,,C01BC03,,,,,,,,,TAB,§_,°·«Oµ¹¥I,°·«Oµ¹¥I,PROPAFENONE,C01BC03,BC19918100,§_,SolidDrugForm,ORTAB,,,,,,,,,PH047,202303141806,9.30,13.00
OSAB,19960101,99999999,¥i¥Î,Sabril 500mg,Sabril 500mg,Vigabatrin,PO,BID,CNEU,CN-03-01,¤fªA,TAB,Sabril,«D²Õ®M,¼t°Ó¯Ê³f,,¤@¯ë¥i¥Î,¬O,¤£¥i¥ÎÃÄ¥]¾÷,,¤@¯ë,Á`¶q¶i¦ì,¾AÀ³¯g:Åöíw,,Indication:Treatment of epilepsy,,¥~ Æ[:¥Õ¦â¾ò¶ê§Î¿õ¾¯¡A ¤@­±¦³¤¤¥¡¨è²ª¡A¤@­±¦³SABRIL,Appearance:White round tablet,ÀY·w¡A ½Æµø¡A ¯h­Â¡A ¹L°Ê¡A Ãö¸`µh¡A ¨`¼ö¡A µo§Ý¡A ¸}¨B¤£Ã­,Dizzy; double vision; tiredness; hyperactive; joint pain; burning; shaking.,,,³jÅö©ö,Sabril 500mg,,,¬O,¬O,,¥²¶·¨ÌÂå®v«ü¥Ü³v¦¸ªº´î¶q¡A ¤Å¬ðµM°±ÃÄ,,Follow doctor's orders. Do not discontinue abruptly.,,,,,¤@¯ë,¤@¯ë,Äµ »y:¥²¶·¨ÌÂå®v«ü¥Ü³v¦¸ªº´î¶q¡A¤Å¬ðµM°±ÃÄ,,,,,§_,1.0,,§_,§_,§_,³æ¤è,§_,¥i¥Î,¥i¥Î,¥i¿i,¬O,,1.00,1.00,3.00,3.00,999,999,1,1,8.00,8.00,0,0,,¦³¹Ï¤ù,,0,,0,,N03AG04,,,,,,,,,TAB,§_,°·«Oµ¹¥I,°·«Oµ¹¥I,VIGABATRIN,N03AG04,BC21847100,§_,SolidDrugForm,ORTAB,¦M®`¤G¯Å(¡I),,,,,,,,PH049,202303191014,25.20,33.00
OSAL,19960101,99999999,°±¥Î,Salazopyrin EN 0.5gm,Salazopyrin EN 0.5gm,Sulfasalazine,PO,TID,CNEU,GI-09-00,¤fªA,TAB,Salazopyrin,«D²Õ®M,°±¥Î,OSAL5,¤@¯ë¥i¥Î,¬O,¤£¥i¥ÎÃÄ¥]¾÷,,¤@¯ë,Á`¶q¶i¦ì,¾AÀ³¯g:¥Dªv¼ìºÅ©Êµ²¸zª¢¡BÃþ­·Àã©ÊÃö¸`ª¢,,Indication:Ulcerative colitis¡A Crohn's disease¡A arthritis,,¥~ Æ[:ÂA¶À¾í¦â¾ò¶ê§Î¿õ¾¯¡A¤@­±¦³KPh¡A¤@­±¦³102,Appearance:Orange elliptic tablet,¥ú±Ó·P¡A ¸¡Âm¡A ÀY·w¡A ­¹¼¤¯Ê¥F¡A äú¤ß©Îäú¦R¡A ¯h­Â,Photosensitivity¡A diarrhea¡A dizziness¡A headache¡A anorexia,,,´µ¼Ö¸z·»¿õ,Salazopyrin EN 0.5gm,,,§_,§_,,À³¾ã²É§]ªA¡A ¤Á¤Å«rÄZ©ÎÀ£¸H,,Swallow the tablet whole. Do not crush¡A break or chew.,,,,,¤@¯ë,¤@¯ë,Äµ »y:À³¾ã²É§]ªA¡A¤Á¤Å«rÄZ©ÎÀ£¸H,,,,,§_,1.0,,§_,§_,§_,³æ¤è,§_,°±¥Î,¥i¥Î,¤£¥i¿i,¬O,,1.00,1.00,3.00,3.00,999,999,1,1,12.00,12.00,0,0,,¦³¹Ï¤ù,,0,,0,,A07EC01,,,,,,,,,TAB,§_,°·«Oµ¹¥I,°·«Oµ¹¥I,SULFASALAZINE,A07EC01,BC19749100,§_,SolidDrugForm,ECTAB,,,,,,,,,PH047,202303141806,2.52,4.00
OSAL5,20140905,99999999,¥i¥Î,Salazine 500mg,Salazine 500mg,Sulfasalazine,PO,TID,CNEU,GI-09-00,¤fªA,TAB,Salazopyrin,«D²Õ®M,,,¤@¯ë¥i¥Î,¬O,¤£¥i¥ÎÃÄ¥]¾÷,,¤@¯ë,Á`¶q¶i¦ì,¾AÀ³¯g:¥Dªv¼ìºÅ©Êµ²¸zª¢¡BÃþ­·Àã©ÊÃö¸`ª¢,,Indication:Ulcerative colitis¡A Rheumatoid arthritis.,,¥~ Æ[:¶À¾í¦â¾ò¶ê§Î¿õ¾¯¡A¦L¦³344¤ÎST,Appearance:Orange elliptic tablet¡A marking:344 and ST,¥ú±Ó·P¡A ¸¡Âm¡A ÀY·w¡A ­¹¼¤¯Ê¥F¡A äú¤ß©Îäú¦R¡A ¯h­Â,Photosensitivity¡A diarrhea¡A dizziness¡A headache¡A anorexia,,¬Ò¥i¥Î,"«HªF" ¼»¼Ö¸z·»¿õ500¤½µ·,Salazine 500mg,,,,§_,,À³¾ã²É§]ªA¡A ¤Á¤Å«rÄZ©ÎÀ£¸H,,Swallow the tablet whole. Do not crush¡A break or chew.,,¹ïÁDÓiÃÄ¹L±ÓªÌ¸T¥Î,Avoid if allergy to sulfa drugs.,,¤@¯ë,¤@¯ë,Äµ »y:À³¾ã²É§]ªA¡A¤Á¤Å«rÄZ©ÎÀ£¸H,,,0,0,§_,1.0,,§_,¬O,§_,³æ¤è,§_,¥i¥Î,¥i¥Î,¤£¥i¿i,¬O,,1.00,1.00,3.00,3.00,999,999,1,1,12.00,12.00,0,0,,¦³¹Ï¤ù,,0,,0,,A07EC01,J01E,,,,0,,0,,TAB,,°·«Oµ¹¥I,°·«Oµ¹¥I,SULFASALAZINE,A07EC01,AB43929100,§_,SolidDrugForm,ECTAB,,,,,,,,,PH047,202303141806,2.45,4.00
OSALA,20120326,99999999,¥i¥Î,Salagen 5mg,Salagen 5mg,Pilocarpine,PO,TID,CNEU,CN-06-00,¤fªA,TAB,,«D²Õ®M,,,¤@¯ë¥i¥Î,¬O,¤£¥i¥ÎÃÄ¥]¾÷,¥i¥Î,¤@¯ë,Á`¶q¶i¦ì,¾AÀ³¯g:ªvÀø­×®æÄõ¤ó¯g¤Þ°_ªº¤f°®¯g,,Indication:Treat dry mouth in patient with Sjogren's syndrom,,¥~ Æ[:¥Õ¦â¶ê§Î¿õ¾¯¡A¤@­±¨èSAL¡A ¥t¤@­±¨è5¦r¼Ë,Appearance:White round tablet,¥X¦½¡A äú¤ß¡A ¸¡Âm¡A ´HÅ¸¡A ¼é¬õ¡A ÀW§¿,Sweating¡A nausea¡A diarrhea¡A chills¡A flushing¡A urinary frequency.,,¬Ò¥i¥Î,µÎ¼Ö¬z,Salagen 5mg,,,§_,¬O,,¦¹ÃÄ«~·|¤zÂZµøÄ±¡A ±ß¤W¥i¯à·|¼vÅT¦æ¨®¦w¥þ,,Make sure your vision is clear before you drive at night.,,,,,¤@¯ë,¤@¯ë,Äµ»y:À³Á×§K¶}¨®©Î»Ý­nµøÄ±©Êªº¤u§@,,,0,0,§_,1.0,,§_,¬O,§_,³æ¤è,§_,¥i¥Î,¥i¥Î,¥i¿i,¬O,,1.00,1.00,2.00,2.00,999,999,1,1,9.00,9.00,0,0,,¦³¹Ï¤ù,,0,,0,,N07AX01,,,,,,,,,TAB,§_,°·«Oµ¹¥I,°·«Oµ¹¥I,PILOCARPINE,N07AX01,BC23548100,§_,SolidDrugForm,ORTAB,,,,,,,,,PH047,202303141806,13.60,18.00
OSAM,20140317,99999999,¥i¥Î,Samsca 15mg,Samsca 15mg,Tolvaptan,PO,QD,CAVS,CV-03-06,¤fªA,TAB,Samsca,«D²Õ®M,Á{±ÄÃÄ¡A½Ð³qª¾ÃÄ§½¥~ÁÊ,,ÃÄ©e·|Á{±Ä,¬O,¤£¥i¥ÎÃÄ¥]¾÷,±ø¥ó¤Uµ¹¥I,¤@¯ë,Á`¶q¶i¦ì,¾AÀ³¯g:§C¶u¦å¯g,,Indication:Hyponatremia,,¥~ Æ[:ÂÅ¦â¤T¨¤§Î¿õ¾¯¡A ¤@­±¦L¦³OTSUKA 15,Appearance:Blue triangle tablet,¤f´÷¡A¤f°®¡A§¿ÀW©Î§¿¡A¥F¤O¡A«K¯µ,Thirst¡A dry mouth¡A pollakiuria or polyuria¡A asthenia¡A constipation,,¬Ò¥i¥Î,¦ùµÎ±d,Samsca 15mg,,,§_,¬O,,ªAÃÄ´Á¶¡Á×§K¨Ï¥Î¸²µå¬c¥Ä,,Avoid grapefruit juice.,,,,2016¦~²Ä¤T¦¸ÃÄ©e·|§ï¬°°·«OÁ{±Ä,¤@¯ë,¤@¯ë,Äµ »y:ªAÃÄ´Á¶¡Á×§K¦Y¸²µå¬c©Î¶¼¥Î¸²µå¬c¥Ä¡A¥H§K¼vÅTÃÄª«¥NÁÂ,­¹ ­¹ª«¥æ¤¬,,0,0,¬O,1.0,,§_,§_,§_,³æ¤è,§_,¥i¥Î,¥i¥Î,¥i¿i,¬O,,1.00,1.00,4.00,4.00,999,999,28,1,4.00,4.00,0,0,,¦³¹Ï¤ù,,0,,0,,C03XA01,,,,,,,,,TAB,§_,°·«Oµ¹¥I,°·«Oµ¹¥I,TOLVAPTAN,C03XA01,BC25296100,§_,SolidDrugForm,ORTAB,,,,,,,,,PH047,202303141806,540.00,648.00
OSAN1,20120822,99999999,¥i¥Î,Sandimmun Neoral 100mg,Sandimmun Neoral 100mg,Ciclosporin,PO,BID,HIMM,IM-04-00,¤fªA,CAP,Cyclosporin,«D²Õ®M,,,¤@¯ë¥i¥Î,¬O,¤£¥i¥ÎÃÄ¥]¾÷,±ø¥ó¤Uµ¹¥I,¤@¯ë,Á`¶q¶i¦ì,¾AÀ³¯g:°®Å~¡A Ãþ­··Ã©ÊÃö¸`ª¢¡A µÇ¯f¯g­Ô¸s¡A §K¬Ì§í¨î¾¯,,Indication:Psoriasis¡A rheumatoid arthritis¡A nephrotic,syndrome¡A immunosuppression in organ transplant.,¥~ Æ[: ¦Ç¦âªø¾ò¶ê§Î³n½¦Ån,Appearance: Gray elliptic capsule,°ª¦åÀ£¡A ¨x¬r©Ê¡A Å¸§Ý¡A ·PÄ±²§±`¡A Áy³¡¤ô¸~,Hypertension; hepatoxicity; tremor; paraesthesia¡A hypertrichosis¡A facial oedema.,,¬Ò¥i¥Î,·sÅé·ü,Sandimmun Neoral 100mg,,,§_,§_,½Ã±Ð³æ¤»,À³¾ã²É§]ªA¡A ¤Á¤Å«rÄZ©ÎÀ£¸H,¥¼·Ç³ÆªA¥Î«e¡A¤£À³±N½¦Ån¦Û¾Tºä¤¤¨ú¥X¡C,Swallow the capsule whole. Do not crush¡A break or chew.,Capsules should be left in blister pack until required for use.,­¹ª«¥æ¤¬§@¥Î: ªAÃÄ´Á¶¡Á×§K­¹¥Î¸²µå¬c¥Ä ³Æµù:¶JÂÃ·Å«×¤£¥i°ª©ó25¢J,Food interaction: Avoid grapefruit juice Storage: < 25¢J,102¦~²Ä¥|¦¸ÃÄ©e·|¨MÄ³§R°£¡A108¦~²Ä¤G¦¸ÃÄ©e·|³q¹LÁ{±Ä§ï¥¿¦¡,¤@¯ë,¤@¯ë,Äµ »y:À³¾ã²É§]ªA¡A¤Á¤Å«rÄZ©ÎÀ£¸H,,,0,0,§_,1.0,,§_,¬O,§_,³æ¤è,§_,¥i¥Î,¥i¥Î,¤£¥i¿i,¬O,,1.00,1.00,2.00,2.00,30,30,1,1,18.00,18.00,0,0,,¦³¹Ï¤ù,,0,,0,,L04AD01,,,,,,,,,CAP,,°·«Oµ¹¥I,°·«Oµ¹¥I,CYCLOSPORIN,L04AD01,BC21188100,§_,SolidDrugForm,CAP,¦M®`¤@¯Å(¡I¡I),,,,,,,,PH047,202303141806,117.00,140.00
OSANC,20131211,99999999,¥i¥Î,Sancin F.C. 50mg,Sancin F.C. 50mg,Dipyridamole,PO,TIDAC,HEMT,HE-03-00,¤fªA,TAB,Persantin,«D²Õ®M,,,¤@¯ë¥i¥Î,¬O,¥i¥ÎÃÄ¥]¾÷,,¤@¯ë,Á`¶q¶i¦ì,¾AÀ³¯g:¹w¨¾¤ß¦Ù±ð¶ë¡A ´î§C¦å¤pªO¾®¶°¡A³J¥Õ§¿,,Indication:Prevention of stroke¡A myocardial infarction,,¥~ Æ[:¾ï¦â¶ê§ÎÃÄ¿õ,Appearance: Orange round tablet,¸¡³¡©Î­GµjÅË¡A ¸¡Âm¡A ÀY·w¡A Áy¼é¬õ¡A äú¤ß¹Ã¦R¡A µê®z,Abdominal or stomach cramps¡A diarrhea¡A dizziness or lightheadedness¡A flushing.,,¬Ò¥i¥Î,ºZ¤ß½¤¦ç¿õ,Sancin F.C. 50mg,,,§_,¬O,,¥i¯à¦³®É·|Ä±±oÀY·w¡A ©ü¯t¡A ½ÐÁ×§K§Ö³tªº°Ê§@©Î«º¶ÕÅÜ¤Æ,,May cause dizziness or drowsiness. Take care to avoid sudden movement.,,,,102¦~²Ä¥|¦¸ÃÄ©e·|·s¶i,¤@¯ë,¤@¯ë,Äµ »y:¥i¯à¦³®É·|Ä±±oÀY·w¡B©ü¯t¡A½ÐÁ×§K§Ö³tªº°Ê§@©Î«º¶ÕÅÜ¤Æ,,,0,0,§_,1.0,,§_,¬O,§_,³æ¤è,§_,¥i¥Î,¥i¥Î,¥i¿i,¬O,,1.00,1.00,2.00,2.00,999,999,1,1,8.00,8.00,0,0,,¦³¹Ï¤ù,,0,,0,,B01AC07,,,,,,,,,TAB,§_,°·«Oµ¹¥I,°·«Oµ¹¥I,DIPYRIDAMOLE,B01AC07,AC425351G0,§_,SolidDrugForm,ORTAB,,,,,,,,,PH047,202303141806,2.00,3.00
OSB,20060808,99999999,°±¥Î,Sod. Benzoate 250 mg,Sod. Benzoate 250 mg,Benzoate,PO,,META,ME-07-00,¤fªA,CAP,Sod. Benzoate,«D²Õ®M,°±¥Î,,¤w°±¥Î,¬O,¤£¥i¥ÎÃÄ¥]¾÷,,¤@¯ë,Á`¶q¶i¦ì,¾AÀ³¯g: ¹w¨¾¤ÎªvÀø¥ý¤Ñ«Dà¬©Ê°ª¥Ì®ò»Ä¦å¯g,,Indication: Treatment of non-ketotic hyperglycinemia,,¥~ Æ[: ¤ôÂÅ¦â½¦Ån,Appearance:Blue capsule,,,,¬Ò¥i¥Î,¯Â¦w®§­»»Ä¯Ç½¦Ån,Sod. Benzoate 250 mg,,,§_,¬O,,,,,,,,,¤@¯ë,¤@¯ë,Äµ »y:À³¾ã²É§]ªA¡A¤Á¤Å«rÄZ©ÎÀ£¸H,,,,,§_,1.0,,§_,§_,§_,³æ¤è,§_,¥i¥Î,¥i¥Î,¥i¿i,¬O,,1.00,1.00,12.00,12.00,99,99,1,1,0,0,0,0,,µL¹Ï¤ù,,0,,0,,A16AX,,,,,,,,,CAP,,°·«Oµ¹¥I,°·«Oµ¹¥I,SODIUM BENZOATE,A16AX96,WC00001100,§_,SolidDrugForm,ORCAP,,,,,,,,,PH047,202303141806,24.10,31.00
OSCA,19960101,99999999,°±¥Î,Scanol 500mg,Scanol 500mg,Acetaminophen,PO,,CNEU,CN-01-05,¤fªA,TAB,Panadol,«D²Õ®M,°±¥Î,OPAN,¤@¯ë¥i¥Î,¬O,¥i¥ÎÃÄ¥]¾÷,,¤@¯ë,Á`¶q¶i¦ì,¾AÀ³¯g:¨ã¤îµh¡B°h¿N§@¥Î,,Analgesic and antipyretic actions¡A no anti-inflammatory prop,,¥~ Æ[:¶À¦â¾ò¶ê§Î¿õ¾¯¡A¤@­±¦L¦³SCANOL¨è²ª,Appearance:Yellow elliptic tablet,,,,,,Scanol 500mg,,,§_,¬O,,,,,,,,,¤@¯ë,¤@¯ë,,,,,,§_,1.0,,§_,§_,§_,³æ¤è,§_,¥i¥Î,¥i¥Î,¥i¿i,¬O,,1.00,1.00,999.00,999.00,999,999,1,1,0,0,0,0,,µL¹Ï¤ù,,0,,0,,,,,,,,,,,TAB,§_,°·«Oµ¹¥I,°·«Oµ¹¥I,ACETAMINOPHEN,N02BE01,B014294100,§_,SolidDrugForm,ORTAB,,,,,,,,,PH047,202303141806,0.54,2.00
OSCAN,19960101,99999999,°±¥Î,Scanduretic,Scanduretic,Hydrochlorothiazide + Amiloride,PO,QD,CAVS,CV-03-06,¤fªA,TAB,Moduretic,«D²Õ®M,°±¥Î,OMOD,¤@¯ë¥i¥Î,¬O,¤£¥i¥ÎÃÄ¥]¾÷,,¤@¯ë,Á`¶q¶i¦ì,¾AÀ³¯g:¬°§Q§¿©Ê­°¦åÀ£¾¯,,Treatment of hypertension¡A edema,,¥~ Æ[:¤@­±¬°²H¾ï¦â¡A¤Ï­±¦Ì¶À¦â¶ê§Î¿õ¾¯,Appearance:Light orange round tablet,,,,,µÎ§¿,Scanduretic,,,§_,¬O,,,,,,,,,¤@¯ë,¤@¯ë,Äµ »y:«Äµ£¡B¥¥°ü¤Î±Â¨Å°üÀ³Á×§K¨Ï¥Î¥»«~,,,,,§_,1.0,,§_,§_,§_,½Æ¤è,§_,°±¥Î,¥i¥Î,¥i¿i,¬O,,1.00,1.00,2.00,2.00,999,999,1,1,0,0,0,0,,µL¹Ï¤ù,,0,,0,,,,,,,,,,,TAB,§_,¤£µ¹¥I¶·¦Û¥I,¤£µ¹¥I¶·¦Û¥I,,,,§_,SolidDrugForm,ORTAB,,,,,,,,,PH047,202303141807,0,5.00
OSE200,20090701,99999999,¥i¥Î,SEROQUEL XR 200mg,SEROQUEL XR 200mg,Quetiapine,PO,QD,CNEU,CN-02-01,¤fªA,TAB,,«D²Õ®M,°±¥Î,OUTA,­­¥æ¥I½Õ¾¯,¬O,¤£¥i¥ÎÃÄ¥]¾÷,¥i¥Î,¤@¯ë,Á`¶q¶i¦ì,¾AÀ³¯g:ºë¯«¯f¡A ºë¯«²§±`¥H¤Î¨ä¥L¾AÀ³¥ÎÃÄ,­«Æ{¯gµo§@ªºªþ¥[ªvÀø,Indication:Treatment of psychotic symptoms¡A,major depressive disorder.,¥~ Æ[:²H¶À¦â¾ò¶ê«¬¿õ¾¯¡A ¤@­±¦L¦³"XR 200"¦r¼Ë,Appearance:Light yellow elliptic tablet,«K¯µ¡A ©ü©ü±ýºÎ¡A ¤f°®,constipation; sleepy; dry mouth,,,«ä¼Ö±d«ùÄò©ÊÃÄ®Ä¿õ,SEROQUEL XR 200mg,,­­ªù¶E¥æ¥I½Õ¾¯¥Î,§_,¬O,,¥ÎÃÄ«á¥i¯àµo¥ÍÀY·w¡A ¤Å¶¼°s,,May induce dizziness or drowsiness.,Avoid drinking alcohol while taking medication.,,Avoid acute withdrawal.,½Ð¤Å¶}ÀÉ¡I­­ªù¶E¥æ¥I½Õ¾¯¥Î,¤@¯ë,¤@¯ë,Äµ »y¡G¥ÎÃÄ«á¥i¯àµo¥ÍÀY·w¡A¤Å¶¼°s,,,,,§_,1.0,,§_,§_,§_,³æ¤è,§_,°±¥Î,¥i¥Î,¤£¥i¿i,¬O,,1.00,1.00,2.00,2.00,999,999,1,1,4.00,4.00,0,0,,¦³¹Ï¤ù,,0,,0,,N05AH04,,,,,,,,,TAB,,°·«Oµ¹¥I,°·«Oµ¹¥I,QUETIAPINE,N05AH04,BC24887100,§_,SolidDrugForm,ERTAB12,,,,,,,,,PH047,202303141807,32.10,42.00
OSEB,20090622,99999999,°±¥Î,Sebivo 600mg,Sebivo 600mg,Telbivudine,PO,QD,QANB,AI-03-03,¤fªA,TAB,,«D²Õ®M,°±¥Î,,¤@¯ë¥i¥Î,¬O,¤£¥i¥ÎÃÄ¥]¾÷,±ø¥ó¤Uµ¹¥I,¤@¯ë,Á`¶q¶i¦ì,¾AÀ³¯g:ªvÀøºC©ÊB«¬¨xª¢,,Indication:Treatment of chronic hepatitis B,,¥~ Æ[:¥Õ¦â¾ò¶ê§Î½¤¦ç¿õ¡A ¤@­±¦L¦³"LDT"¦r¼Ë,Appearance:White elliptic tablet,ÀYµh¡A ·w¯t¡A ¸¡Âm¡A äú¤ß¡A ¥Ö¯l¡A ¯h­Â,Headache¡A dizziness¡A diarrhea¡A nausea¡A rash¡A fatigue.,,¬Ò¥i¥Î,³ß¥²ºÖ,Sebivo 600mg,,,§_,¬O,,­Y¦³¤£©ú­ì¦]ªº¦Ù¦×µh¡A Ä²µh©ÎµL¤O¡A ¥B¨Ö¦³µo¿N®É¡A ½Ð°±ÃÄ¦^¶E,,Notify your doctor if you have any unexplained muscle pain or tenderness.,,,,,¤@¯ë,¤@¯ë,Äµ »y:­Y¦³¤£©ú­ì¦]ªº¦Ù¦×µh¡BÄ²µh©ÎµL¤O¡A¥B¨Ö¦³µo¿N®É¡A½Ð¥ß¨è¦^¶E,SA «÷­µ¬Û¦ü,,,,§_,1.0,,§_,§_,§_,³æ¤è,§_,°±¥Î,°±¥Î,¥i¿i,¬O,,1.00,1.00,1.00,1.00,999,999,1,1,1.00,1.00,0,0,,¦³¹Ï¤ù,,0,,0,,J05AF11,,,,,,,,,TAB,,°·«Oµ¹¥I,°·«Oµ¹¥I,TELBIVUDINE,J05AF11,BC24662100,§_,SolidDrugForm,ORTAB,,,,,,,,,PH047,202303141807,82.00,103.00
OSEC4,19960101,99999999,°±¥Î,Sectral 400mg,Sectral 400mg,Acebutolol,PO,QD,CAVS,CV-04-02,¤fªA,TAB,Sectral,«D²Õ®M,°±¥Î,,¤@¯ë¥i¥Î,¬O,¤£¥i¥ÎÃÄ¥]¾÷,,¤@¯ë,Á`¶q¶i¦ì,¾AÀ³¯g:°ª¦åÀ£¡A ¤ß«ß¤£¾ã;¥i½w¸Ñ¤ßµ±µhµ¥,,Indication:Hypertension¡A ventricular arrhythmia¡A angina,,¥~ Æ[:¥Õ¦â¶ê«ó§Î¿õ¾¯,Appearance:White round tablet,©I§l§xÃø¡A ¤â¸}¦B§N¡A ¤ß±¡Æ{¨ò¡A ¤ß¸õ´îºC¡A ©Ê¥\¯à»ÙÃª,Wheezing¡A cold hands and feet¡A mental depression¡Aslow heartbeat.,,,¤ß¬I¼w,Sectral 400mg,,,§_,¬O,,½Ð¿íÂå®v«ü¥Ü«ö®É¥ÎÃÄ¡A ¤Å¦Û¦æ§ïÅÜ¾¯¶q¡A ¥Îªk©Î¥ô·N°±ÃÄ,,Notify your doctor if you have any unexplained muscle pain or tenderness.,,,,,¤@¯ë,¤@¯ë,Äµ »y: ½Ð¿íÂå®v«ü¥Ü«ö®É¥ÎÃÄ¡A¤Å¦Û¦æ§ïÅÜ¾¯¶q¡B¥Îªk©Î¥ô·N°±ÃÄ¡C,,,,,§_,1.0,,§_,§_,§_,³æ¤è,§_,°±¥Î,¥i¥Î,¥i¿i,¬O,,1.00,1.00,3.00,3.00,999,999,30,1,2.00,2.00,0,0,,¦³¹Ï¤ù,,0,,0,,C07AB04,,,,,,,,,TAB,§_,°·«Oµ¹¥I,°·«Oµ¹¥I,ACEBUTOLOL,C07AB04,B006049100,§_,SolidDrugForm,ORTAB,,,,,,,,,PH047,202303141807,7.50,11.00
OSEF,20161228,99999999,°±¥Î,Seftem 100mg,Seftem 100mg,Ceftibuten,PO,BID,QANB,AI-01-02,¤fªA,CAP,Cedax,«D²Õ®M,°±¥Î¡A¥i¬dÃþ¦üÃÄ,,¤@¯ë¥i¥Î,¬O,¤£¥i¥ÎÃÄ¥]¾÷,¥i¥Î,¤@¯ë,Á`¶q¶i¦ì,¾AÀ³¯g:²Óµß©Ê·P¬V,,Indication:Antimicrobial agent,,¥~ Æ[:¥Õ¦âÂÅ±øªø¶ê¬W«¬½¦Ån¡A ¦L¦³653¤Î100,Appearance:White cylinder capsule¡A marking: 653 and 100,ÀYµh¡AÀY·w¡Aäú¤ß¡A¸¡Âm¡A®ø¤Æ¤£¨}¡A¸¡µh¡A¹Ã¦R,Headache¡A dizziness¡A nausea¡A diarrhea¡A dyspepsia¡A abdominal pain¡A vomiting,,¬Ò¥i¥Î,¨ó´_¹©½¦Ån,Seftem 100mg,,,,¬O,,½Ð¿í«ü¥ÜªA§¹¾ã­ÓÀøµ{¡A ­Yµo¥Í¥ÎÃÄ¤£¨}¤ÏÀ³½Ð§iª¾Âå¥Í,,Follow doctor's advice. Check with doctor if you notice any side effects.,,,,105-4 ÃÄ©e·|³q¹L·s¶i,¤@¯ë,¤@¯ë,Äµ »y:½Ð¿í«ü¥ÜªA§¹¾ã­ÓÀøµ{¡A­Yµo¥Í¥ÎÃÄ¤£¨}¤ÏÀ³½Ð§iª¾Âå¥Í¡C,,,0,0,§_,1.0,,§_,§_,§_,³æ¤è,§_,°±¥Î,°±¥Î,¥i¿i,¬O,,1.00,1.00,4.00,4.00,7,7,7,7,8.00,8.00,0.11,0.11,,¦³¹Ï¤ù,,0,,0,,J01DD14,,,,,0.10,g,0.40,g,CAP,,°·«Oµ¹¥I,°·«Oµ¹¥I,CEFTIBUTEN,J01DD14,BC22366100,§_,SolidDrugForm,ORCAP,,,,,,,,,PH047,202303141807,15.00,20.00
OSEL,19960101,99999999,°±¥Î,Seladin 250mg,Seladin 250mg,Naproxen,PO,BID,CNEU,CN-01-02,¤fªA,CAP,Naposin,«D²Õ®M,°±¥Î,OSELA,¤@¯ë¥i¥Î,¬O,¥i¥ÎÃÄ¥]¾÷,,¤@¯ë,Á`¶q¶i¦ì,¾AÀ³¯g:¬°¤îµh®øª¢ÃÄ,,,,,,¥Ö½§¬õ¯l,,,,¬Ùªvµh,Seladin 250mg,,,§_,¬O,,,,,,,,,¤@¯ë,¤@¯ë,,,,,,§_,1.0,,§_,§_,§_,³æ¤è,§_,¥i¥Î,¥i¥Î,¥i¿i,¬O,,1.00,1.00,999.00,999.00,999,999,1,1,0,0,0,0,,µL¹Ï¤ù,,0,,0,,,,,,,,,,,CAP,§_,°·«Oµ¹¥I,°·«Oµ¹¥I,NAPROXEN,M01AE02,AC17890100,§_,SolidDrugForm,ORCAP,,,,,,,,,PH047,202303141807,2.37,5.00
OSELA,20011204,99999999,¥i¥Î,Seladin 250mg,Seladin 250mg,Naproxen,PC,BID,CNEU,CN-01-02,¤fªA,TAB,Naposin,«D²Õ®M,,,¤@¯ë¥i¥Î,¬O,¥i¥ÎÃÄ¥]¾÷,¥i¥Î,¤@¯ë,Á`¶q¶i¦ì,¾AÀ³¯g:¤îµh¡A §Üµoª¢,,Indication:Relief of pain¡A inflammation & fever.,,¥~ Æ[:²L¶À¦â¶ê§ÎÃÄ¿õ¡A ¤@­±¨ã¦³¤¤¥¡¨è²ª,Appearance:Light yellow round tablet,¸z­G¾÷¯à»ÙÃª¡A ®ø¤Æ©Ê¼ìºÅ¡A ÀYµh¡A ·w¯t,GI disturbances & bleeding¡A peptic ulceration¡A headache¡A dizziness.,,¬Ò¥i¥Î,¬Ùªvµh,Seladin 250mg,,,§_,¬O,,±µ¨ü¥ô¦ó¤â³N©Î©Þ¤ú«e¡A ½Ð§iª¾Âå®v¥¿¦bªA¥Î¥»ÃÄ,,Inform your doctor if you are taking this medication prior to any surgery.,,¦p¥ÎÃÄ«á¥X²{³ïµh¡B¤fµÄ/ÂH½¤¼ìÄê¡B¥Ö¯lµ¥¯gª¬¡A¥ß§Y°±ÃÄ¦^¶E,If signs of sore throat¡A mouth ulcers or skin rash occur¡A please consult doctor,,¤@¯ë,¤@¯ë,Äµ »y:±µ¨ü¥ô¦ó¤â³N©Î©Þ¤ú«e¡A½Ð§iª¾Âå®v¥¿¦bªA¥Î¥»ÃÄ¡C,,,,,§_,1.0,,§_,¬O,§_,³æ¤è,§_,¥i¥Î,¥i¥Î,¥i¿i,¬O,,1.00,1.00,3.00,3.00,999,999,0,1,5.00,5.00,0.10,0.04,,¦³¹Ï¤ù,,0,,0,,M01AE02,,,,,,,,,TAB,,°·«Oµ¹¥I,°·«Oµ¹¥I,NAPROXEN,M01AE02,AC27558100,§_,SolidDrugForm,ORTAB,,,,,,,,,PH047,202303141807,1.50,3.00
OSEN,19960101,99999999,°±¥Î,Sennoside 12mg,Sennoside 12mg,Sennosides,PO,HS,ALIM,GI-03-00,¤fªA,TAB,Senokot,«D²Õ®M,°±¥Î,OTHR,¤@¯ë¥i¥Î,¬O,¥i¥ÎÃÄ¥]¾÷,,¤@¯ë,Á`¶q¶i¦ì,¾AÀ³¯g:«K¯µ,,Indication: Constipation,,¥~ Æ[:²L¬õµµ¦â¶ê¥Y§Î¿õ¾¯¡A ¤@­±¦L¦³"SW 157"¦r¼Ë,Appearance:Pink round tablet,¥´ÜÐ¡A µjÅË¡A ¸¡Âm¡A äú¤ß,Belching¡A cramping¡A diarrhea¡A nausea,,,¥P¶ë¸¨,Sennoside 12mg,,,§_,¬O,,ªA¥Î«á¬ù7¦Ü10¤p®É¡A ©lµo´§¥\®Ä,,The onset time of this medicine is about 7-10 hours.,,,,,¤@¯ë,¤@¯ë,Äµ »y:ªA¥Î«á¬ù7¦Ü10¤p®É¡A©lµo´§¥\®Ä,,,,,§_,1.0,,§_,§_,§_,³æ¤è,§_,¥i¥Î,¥i¥Î,¥i¿i,¬O,,1.00,1.00,4.00,4.00,999,999,1,1,8.00,8.00,0,0,,¦³¹Ï¤ù,,0,,0,,A06AB06,,,,,,,,,TAB,§_,°·«Oµ¹¥I,°·«Oµ¹¥I,SENNOSIDE (A+B),A06AB06,B008780100,§_,SolidDrugForm,ORTAB,,,,,,,,,PH047,202303141807,1.02,2.00
OSENN,19960101,99999999,°±¥Î,Sennapur 12.5mg,Sennapur 12.5mg,Sennosides,PO,HS,ALIM,GI-03-00,¤fªA,TAB,Senokot,«D²Õ®M,°±¥Î,OSEN,¤@¯ë¥i¥Î,¬O,¥i¥ÎÃÄ¥]¾÷,,¤@¯ë,Á`¶q¶i¦ì,¾AÀ³¯g:«K¯µ,,Relief of functional constipation¡A chronic geriatric¡A antepa,,¥~ Æ[:¦Ç¦â¶ê§ÎÃÄ¿õ,Appearance:Grey Round Tablet,,,,,,Sennapur 12.5mg,,,§_,¬O,,,,,,,,,¤@¯ë,¤@¯ë,,,,,,§_,1.0,,§_,§_,§_,³æ¤è,§_,¥i¥Î,¥i¥Î,¥i¿i,¬O,,1.00,1.00,999.00,999.00,999,999,1,1,0,0,0,0,,µL¹Ï¤ù,,0,,0,,,,,,,,,,,TAB,§_,°·«Oµ¹¥I,°·«Oµ¹¥I,SENNOSIDE (A+B),A06AB06,B013212100,§_,SolidDrugForm,ORTAB,,,,,,,,,PH047,202303141807,2.40,4.00
OSER,19960101,99999999,°±¥Î,Serenal 10mg,Serenal 10mg,Oxazolam,PO,,CNEU,CN-02-02,¤fªA,TAB,Serenal,«D²Õ®M,°±¥Î,,¤w°±¥Î,¬O,¤£¥i¥ÎÃÄ¥]¾÷,,¤@¯ë,Á`¶q¶i¦ì,¾AÀ³¯g¡G¥DªvµJ¼{¡A¨ãÂíÀR»P¦Ù¦×ÃP¦¢§@¥Î,,Indication: Relieve anxious symptoms,,¥~ Æ[:¥Õ¦â¶ê§Î¿}¦ç¿õ¡A¤W¦³SANKYO 107 ¦r¼Ë,Appearance:White Round Tablet,,,,¬Ò¥i¥Î,¤ß¯q,Serenal 10mg,,,§_,¬O,,,,,,,,,¤@¯ë,¥|¯ÅºÞ¨î,Äµ »y¡Gªì¦¸¨Ï¥Î¥i¯àÀY·w¡A¤Å¶¼°s,,,,,§_,1.0,,§_,§_,§_,³æ¤è,§_,¥i¥Î,¥i¥Î,¥i¿i,¬O,,1.00,1.00,2.00,2.00,999,999,1,1,0,0,0,0,,¦³¹Ï¤ù,,0,,0,,,,,,,,,,,TAB,§_,°·«Oµ¹¥I,°·«Oµ¹¥I,OXAZOLAM,N05BA91,A0432111G0,§_,SolidDrugForm,ORTAB,,,,,,,,,PH047,202303141807,1.50,3.00
OSER1,20131223,99999999,°±¥Î,Seroxat CR 12.5mg,Seroxat CR 12.5mg,Paroxetine,PO,,CNEU,CN-02-04,¤fªA,TAB,Seroxat,«D²Õ®M,¼t°Ó¯Ê³f¡A¥i¬dÃþ¦üÃÄ,,¤@¯ë¥i¥Î,¬O,¤£¥i¥ÎÃÄ¥]¾÷,±ø¥ó¤Uµ¹¥I,¤@¯ë,Á`¶q¶i¦ì,¾AÀ³¯g:­«Æ{¯g¡A®£·W¯g¡AªÀ¥æµJ¼{¯g¡A¸g«e¤£®®¯g,,Indication:major depression¡A panic disorder¡A social phobia¡A,premenstrual dysphoric disorder,¥~ Æ[: ¶À¦â¶ê§Î¿õ¾¯¡A¤@­±¨è¦³"GSK"¡A¥t¤@­±¨è¦³12.5,Appearance: Yellow round tablet,«K¯¦¡A¸¡Âm¡AÀYµh¡A¥¢¯v¡A¶ÝºÎ¡Aäú¤ß,Constipation¡Adiarrhoea¡Aheadache¡Ainsomnia¡Asomnolence¡Anausea,,¬Ò¥i¥Î,§J¼~ªG«ùÄò©ÊÃÄ®Ä¿õ12.5²@§J,Seroxat CR 12.5mg,,,¬O,§_,,ªAÃÄ´Á¶¡À³ÄY±KºÊµø±wªÌ¤§¼~Æ{¯g±¡§Î¡A¥H¨¾¨äµo¥Í¦Û±þ¦æ¬°¡C,,Monitor for worsening of depressive symptoms or the emergence of suicidal,behaviour.,¾ã²É§]ªA¡A ¤ÅÄZ¸H¡C¤Å¶¼°s,Swallow whole¡A do not chew. Avoid alcohol.,,¤@¯ë,¤@¯ë,,,,0,0,§_,1.0,,§_,¬O,§_,³æ¤è,§_,¥i¥Î,¥i¥Î,¤£¥i¿i,¬O,,1.00,1.00,6.00,6.00,999,999,1,1,6.00,6.00,0,0,,¦³¹Ï¤ù,,0,,0,,N06AB05,,,,,,,,,TAB,,°·«Oµ¹¥I,°·«Oµ¹¥I,PAROXETINE,N06AB05,BC24256100,§_,SolidDrugForm,ORTAB,¦M®`¤G¯Å(¡I),,,,,,,,PH006,202307271315,8.20,11.00
OSER2,20021218,99999999,¥i¥Î,Seroquel 25mg,Seroquel 25mg,Quetiapine,PO,BID,CNEU,CN-02-01,¤fªA,TAB,,«D²Õ®M,,,¤@¯ë¥i¥Î,¬O,¤£¥i¥ÎÃÄ¥]¾÷,±ø¥ó¤Uµ¹¥I,¤@¯ë,Á`¶q¶i¦ì,¾AÀ³¯g:«äÄ±¥¢½Õ¯g¡AÂù¦V±¡ºü»ÙÃª¯g,,Indication:Treatment of psychotic symptoms,,¥~ Æ[:²L¬õ¦â¶ê«ó§Î¿õ¾¯¡A¤@­±¦³SEROQUEL 25,Appearance:Light round tablet,«K¯µ¡A ©ü©ü±ýºÎ¡A ¤f°®,constipation; sleepy; dry mouth,,¬Ò¥i¥Î,«ä¼Ö±d½¤¦ç¿õ,Seroquel 25mg,,,¬O,¬O,,¥ÎÃÄ«á¥i¯àµo¥ÍÀY·w¡A ¤Å¶¼°s,,May induce dizziness or drowsiness.,Avoid drinking alcohol while taking medication.,³Æµù: Á×§K«æ©Ê°±ÃÄ,Avoid acute withdrawal.,,¤@¯ë,¤@¯ë,Äµ »y¡G¥ÎÃÄ«á¥i¯àµo¥ÍÀY·w¡A¤Å¶¼°s,,,,,§_,1.0,,§_,¬O,§_,³æ¤è,§_,¥i¥Î,¥i¥Î,¥i¿i,¬O,,1.00,1.00,4.00,4.00,999,999,1,1,32.00,32.00,0,0,,¦³¹Ï¤ù,,0,,0,,N05AH04,,,,,,,,,TAB,§_,°·«Oµ¹¥I,°·«Oµ¹¥I,QUETIAPINE,N05AH04,BC22543100,§_,SolidDrugForm,ORTAB,,,,,,,,,PH008,202304251834,6.00,8.00
OSERE,19960101,99999999,°±¥Î,Serenace 0.5mg,Serenace 0.5mg,Haloperidol,PO,,CNEU,CN-02-01,¤fªA,TAB,Hadol,«D²Õ®M,°±¥Î,,¤@¯ë¥i¥Î,¬O,¤£¥i¥ÎÃÄ¥]¾÷,,¤@¯ë,Á`¶q¶i¦ì,¾AÀ³¯g¡Gºë¯«¬ì¥ÎÃÄ¡C,,,,¥~ Æ[:¾Tºä¥]¸Ë,,,,,,¬I¹ç,Serenace 0.5mg,,,§_,¬O,,,,,,,,,¤@¯ë,¤@¯ë,,,,,,§_,1.0,,§_,§_,§_,³æ¤è,§_,¥i¥Î,¥i¥Î,¥i¿i,¬O,,1.00,1.00,999.00,999.00,999,999,1,1,0,0,0,0,,µL¹Ï¤ù,,0,,0,,,,,,,,,,,TAB,§_,°·«Oµ¹¥I,°·«Oµ¹¥I,HALOPERIDOL,N05AD01,B020093100,§_,SolidDrugForm,ORTAB,,,,,,,,,PH047,202303141807,1.55,3.00
OSERM,20131216,99999999,°±¥Î,Sermion 5mg,Sermion 5mg,Nicergoline,PO,TID,CAVS,CV-11-00,¤fªA,TAB,Sermion,«D²Õ®M,°±¥Î,,¤@¯ë¥i¥Î,¬O,¤£¥i¥ÎÃÄ¥]¾÷,¥i¥Î,¤@¯ë,Á`¶q¶i¦ì,¾AÀ³¯g:¥½±é¦åºÞ´`Àô»ÙÃª,,Indication:Treatment of cerebral circulation disorders.,,¥~ Æ[: ¾ï¦â¶ê§Î¿}¦ç¿õ¾¯,Appearance:orange round tables,§C¦åÀ£¡A ·w¯t¡A ®ø¤Æ¹D¤£¾A¡A ¼ö¼é¬õ¡A ¥Ö½§·kÄo¡A ¶ÝºÎ¡A ¥¢¯v,Hypotension¡A dizziness¡A gastrointestinal discomfort¡A flushing¡A drowsiness,,¬Ò¥i¥Î,¾A¯ß©ô¿}¦ç¿õ,Sermion 5mg,,,¬O,¬O,,¦¹ÃÄ¥i¯à¼W±j­°À£ÃÄ®ÄªG¡C,,The drug may potentiate the action of antihypertensive drugs.,,,,102¦~²Ä¥|¦¸ÃÄ©e·|·s¶i¡A110¦~Q1ÃÄ©e·|§R°£,¤@¯ë,¤@¯ë,¦¹ÃÄ¥i¯à¼W±j­°À£ÃÄ®ÄªG¡C,,,0,0,§_,1.0,,§_,§_,§_,³æ¤è,§_,¥i¥Î,°±¥Î,¥i¿i,¬O,,1.00,1.00,4.00,4.00,999,999,1,1,12.00,12.00,0,0,,¦³¹Ï¤ù,,0,,0,,C04AE02,,,,,,,,,TAB,§_,°·«Oµ¹¥I,°·«Oµ¹¥I,NICERGOLINE,C04AE02,BC14029100,§_,,,,,,,,,,,PH006,202307281212,2.41,4.00
OSERM1,20210325,99999999,¥i¥Î,Sermion 10mg,Sermion 10mg,Nicergoline,PO,TID,CAVS,CV-11-00,¤fªA,TAB,Sermion,«D²Õ®M,,,¤@¯ë¥i¥Î,¬O,¤£¥i¥ÎÃÄ¥]¾÷,¥i¥Î,¤@¯ë,Á`¶q¶i¦ì,¾AÀ³¯g:¥½±é¦åºÞ´`Àô»ÙÃª,,Indication:Treatment of cerebral circulation disorders.,,¥~ Æ[: ¥Õ¦â¶ê§Î¿}¦ç¿õ¾¯,Appearance:white round tables,§C¦åÀ£¡A ·w¯t¡A ®ø¤Æ¹D¤£¾A¡A ¼ö¼é¬õ¡A ¶ÝºÎ,Hypotension¡A dizziness¡A gastrointestinal discomfort¡A flushing¡A drowsiness,,¬Ò¥i¥Î,¾A¯ß©ô¿}¦ç¿õ10²@§J,Sermion 10mg,,,¬O,¬O,,¦¹ÃÄ¥i¯à¼W±j­°À£ÃÄ®ÄªG¡C,¹ï³Á¨¤ÆPÃþ¦¨¤À¹L±ÓªÌ¤Å¨Ï¥Î¡C,The drug may potentiate the action of antihypertensive drugs.,Do not use if allergy to ergot alkaloids.,¶i¦æ»Ý­nÄµÄ±©Êªº¬¡°Ê ( ¨Ò¦p¾Þ§@¦MÀI¾÷¾¹©Î¶}¨® ) ®ÉÀ³ÂÔ·V,Cautioned about performing tasks that require mental alertness. eg¡A driving,2021.Q1ÃÄ©e·s¶i,¤@¯ë,¤@¯ë,¦¹ÃÄ¥i¯à¼W±j­°À£ÃÄ®ÄªG¡C,,,0,0,§_,1.0,,§_,¬O,§_,³æ¤è,§_,¥i¥Î,¥i¥Î,¥i¿i,¬O,,1.00,1.00,2.00,2.00,999,999,1,1,6.00,6.00,0,0,,¦³¹Ï¤ù,,0,,0,,C04AE02,,,,,0,,0,,TAB,,°·«Oµ¹¥I,°·«Oµ¹¥I,NICERGOLINE,C04AE02,BC15290100,§_,SolidDrugForm,ORTAB,,,0,,0,,,,PH006,202212221056,4.07,6.00
OSERO,19960101,99999999,¥i¥Î,Seroxat 20mg,Seroxat 20mg,Paroxetine,PO,,CNEU,CN-02-04,¤fªA,TAB,Seroxat,«D²Õ®M,,,¤@¯ë¥i¥Î,¬O,¤£¥i¥ÎÃÄ¥]¾÷,±ø¥ó¤Uµ¹¥I,¤@¯ë,Á`¶q¶i¦ì,¾AÀ³¯g:­«Æ{¯g¡A®£·W¯g¡AªÀ¥æµJ¼{¯g¡A¸g«e¤£®®¯g¡C,,Indication:Major depression¡A panic disorder¡A social phobia¡A,premenstrual dysphoric disorder.,¥~ Æ[: ¥Õ¦â¾ò¶êÂù¥Y¿õ¾¯¡A¤@­±¨è20¡A¤@­±¨è |,Appearance: White¡A oval¡A biconvex tablet,«K¯¦¡B¸¡Âm¡BÀYµh¡B¥¢¯v¡B¶ÝºÎ¡Bäú¤ß,Constipation¡A diarrhea¡A headache¡A insomnia¡A somnolence¡A nausea.,,¬Ò¥i¥Î,§J¼~ªG½¤¦ç¿õ20²@§J,Seroxat 20mg,,,¬O,§_,,ªAÃÄ´Á¶¡À³ÄY±KºÊµø±wªÌ¤§¼~Æ{¯g±¡§Î¡A¥H¨¾¨äµo¥Í¦Û±þ¦æ¬°¡C,,Monitor for worsening of depressive symptoms or the emergence of suicidal,behaviors.,¾ã²É§]ªA¡B¤ÅÄZ¸H¡C¤Å¶¼°s¡C,Swallow the whole tablet. Do not chew. Avoid alcohol.,202303 Seroxat 12.5mg¯Ê³f´À¥N,¤@¯ë,¤@¯ë,°£Âå®v«ü¥Ü¥~¡A½ÐÁ×§K¬ðµM°±ÃÄ¡C,,,,,§_,1.0,,§_,¬O,§_,³æ¤è,§_,¥i¥Î,¥i¥Î,¤£¥i¿i,¬O,,1.00,1.00,3.00,3.00,999,999,1,1,3.00,3.00,0,0,,¦³¹Ï¤ù,,0,,0,,N06AB05,,,,,20.00,mg,20.00,mg,TAB,§_,°·«Oµ¹¥I,°·«Oµ¹¥I,PAROXETINE,N06AB05,BC21536100,§_,SolidDrugForm,ORTAB,¦M®`¤G¯Å(¡I),,,,,,,,PH006,202306191515,4.61,6.00
OSERQ,20040102,99999999,°±¥Î,SEROQUEL 200 mg,SEROQUEL 200 mg,Quetiapine,PO,QD,CNEU,CN-02-01,¤fªA,TAB,Seroquel,«D²Õ®M,°±¥Î,,¤w°±¥Î,¬O,¤£¥i¥ÎÃÄ¥]¾÷,¥i¥Î,¤@¯ë,Á`¶q¶i¦ì,¾AÀ³¯g¡G«äÄ±¥¢½Õ¯g¡AÂù¦V±¡ºü»ÙÃª¯g,,,,¥~ Æ[:¥Õ¦â¶ê«ó§Î¿õ¾¯¡A¤@­±¦³SEROQUEL 200,Appearance:White Round Tablet,,,,¬Ò¥i¥Î,«ä¼Ö±d 200,SEROQUEL 200 mg,,,§_,§_,,,,,,,,,¤@¯ë,¤@¯ë,Äµ »y:¥i¯à¦³®É·|Ä±±oÀY·w¡B©ü¯t¡A½ÐÁ×§K§Ö³tªº°Ê§@©Î«º¶ÕÅÜ¤Æ,,,,,§_,1.0,,§_,§_,§_,³æ¤è,§_,¥i¥Î,¥i¥Î,¥i¿i,¬O,,1.00,1.00,4.00,4.00,99,99,1,1,0,0,0,0,,µL¹Ï¤ù,,0,,0,,N05AH04,,,,,,,,,TAB,§_,°·«Oµ¹¥I,°·«Oµ¹¥I,QUETIAPINE,N05AH04,B022544100,§_,SolidDrugForm,ORTAB,,,,,,,,,PH047,202303141808,51.00,61.00
OSES,20070907,99999999,°±¥Î,Sesden 30mg,Sesden 30mg,Timepidium,PO,,ALIM,GI-05-00,¤fªA,CAP,Sesden,«D²Õ®M,°±¥Î,,¤@¯ë¥i¥Î,¬O,¤£¥i¥ÎÃÄ¥]¾÷,¥i¥Î,¤@¯ë,Á`¶q¶i¦ì,¾AÀ³¯g: ½w¸Ñ¦]®ø¤Æ¹D¯gª¬©Ò¤Þ°_¤§¯kµh,,Indication: Pain associated with smooth muscle spasm,,¥~ Æ[: ¾ï¥Õ¦âªø¶ê¬W§Îµw½¦Ån¡A ¦L¦³ TA,Appearance:Orange/White Cylinder Capsule,¬õ¯l¡A¬È¥ú¡AÀYµh¡A¤ß±ª¡A±Æ§¿§xÃø¡AµøÄ±²§±`¡A«K¯µ¡A¤f´÷,skin rash; sensitive to light; headache; rapid pulse; difficult urinating; abnor,,¬Ò¥i¥Î,¥ÍµÎ¿õ½¦Ån,Sesden 30mg,,,§_,¬O,,,,,,,,,¤@¯ë,¤@¯ë,Äµ »y:¥i¯à·|³y¦¨¶ÝºÎ©Î·w¯t¡A ¶}¨®©Î¾Þ§@¦MÀI¾÷¾¹½Ð¤p¤ß,,,,,§_,1.0,,§_,§_,§_,³æ¤è,§_,°±¥Î,¥i¥Î,¥i¿i,¬O,,1.00,1.00,99.00,99.00,99,99,1,1,0,0,0,0,,¦³¹Ï¤ù,,0,,0,,,,,,,,,,,CAP,,°·«Oµ¹¥I,°·«Oµ¹¥I,TIMEPIDIUM,A03AB19,A015674100,§_,SolidDrugForm,ORCAP,,,,,,,,,PH047,202303141808,3.49,5.00
OSET,20220315,99999999,¥i¥Î,Setron 2mg,Setron 2mg,Granisetron,PO,QD,CNEU,CN-03-08,¤fªA,TAB,Setron,«D²Õ®M,,,¤@¯ë¥i¥Î,¬O,¤£¥i¥ÎÃÄ¥]¾÷,¥i¥Î,¤@¯ë,Á`¶q¶i¦ì,¾AÀ³¯g:¹w¨¾¤ÎªvÀø¤Æ¾Ç©ñ®g½uÀøªk¤Þ°_ªºäú¤ß¡B¹Ã¦R¡C,,Indication:Nausea/vomiting with chemo/radiation therapy.,,¥~ Æ[:¥Õ¦â¤T¨¤§Î¿õ¾¯¡A¤W¦³NK¤Î608¼Ð¥Ü,Appearance:White triangle tablet¡A with NK and 608 marked.,ÀYµh¡A«K¯¦¡A¥Ö¯l,Headache¡A constipation¡Askin rash,,¬Ò¥i¥Î,½ç¦w¯S½¤¦ç¿õ2²@§J,Setron 2mg,,,,¬O,,¦pªG¥¿¦b¨Ï¥Î¦å²M¯À¬ÛÃöÃÄª«¡A½Ð§iª¾±zªºÂå®v,,If you are using serotonin-related drugs¡A please inform your physician,,­Yµo¥Í¹L±Ó¯gª¬½Ð§iª¾Âå®v¡C,Tell your doctor if you have any signs of an allergic reaction.,2022Q1ÃÄ©e·s¶i,¤@¯ë,¤@¯ë,¦pªG¥¿¦b¨Ï¥Î¦å²M¯À¬ÛÃöÃÄª«¡A½Ð§iª¾±zªºÂå®v,,,0,0,§_,1.0,,¬O,¬O,§_,³æ¤è,§_,°±¥Î,°±¥Î,¥i¿i,¬O,,1.00,1.00,1.00,1.00,7,7,1,1,1.00,1.00,0,0,,¦³¹Ï¤ù,,0,,0,,A04AA02,,,,,0,,0,,TAB,§_,°·«Oµ¹¥I,°·«Oµ¹¥I,GRANISETRON,A04AA02,AC60159100,§_,SolidDrugForm,ORTAB,,,0,,0,,,,PH047,202402150653,245.00,294.00
OSEV,20110710,99999999,¥i¥Î,Sevikar 5/20mg(¤p¾¯¶q),Sevikar 5/20mg(¤p¾¯¶q),Amlodipine + Olmesartan,PO,QD,CAVS,CV-09-00,¤fªA,TAB,Sevikar,«D²Õ®M,°±¥Î,,¤@¯ë¥i¥Î,¬O,¤£¥i¥ÎÃÄ¥]¾÷,,¤@¯ë,Á`¶q¶i¦ì,¾AÀ³¯g:ªvÀø°ª¦åÀ£,,Indication:Treatment of HTN.,,¥~ Æ[:¥Õ¦â¶ê§Î¿õ¡A ¨è¦³C73¦r¼Ë,Appearance:White round tablet,¤ô¸~¡A ·w¯t¡A ¼é¬õ¡A ¤ß±ª¡A §x­Â,Edema¡A dizziness¡A flushing¡A palpitation¡A somnolence.,,¬Ò¥i¥Î,µÎ¯ß±d½¤¦ç¿õ,SEVIkar 5/20mg,,,¬O,¬O,,ªAÃÄ´Á¶¡Á×§K¦Y¸²µå¬c©Î¶¼¥Î¸²µå¬c¥Ä¡A ¥H§K¼vÅTÃÄª«¥NÁÂ,,Avoid grapefruits or related products to prevent risk of interaction.,,­¹ª«¥æ¤¬§@¥Î: ªAÃÄ´Á¶¡À³Á×§K¹L¶qÄá¨ú¹[ÆQ (¦p: ¥NÆQ),Food interaction: Avoid over take potassium salt.,,¤@¯ë,¤@¯ë,Äµ »y:ªAÃÄ´Á¶¡Á×§K¦Y¸²µå¬c©Î¶¼¥Î¸²µå¬c¥Ä¡A¥H§K¼vÅTÃÄª«¥NÁÂ,,,,,§_,1.0,,§_,¬O,§_,½Æ¤è,§_,¥i¥Î,¥i¥Î,¥i¿i,¬O,,1.00,1.00,2.00,2.00,999,999,1,1,2.00,2.00,0,0,,¦³¹Ï¤ù,,0,,0,,C09CA08,C08CA01,C09DB02,,,,,,,TAB,,°·«Oµ¹¥I,°·«Oµ¹¥I,OLMESARTAN 20MG + AMLODIPINE 5MG + HYDROCHLOROTHIAZIDE 0-12.5MG,C09DB02,BC24929100,§_,SolidDrugForm,ORTAB,,,,,,,,,PH008,202308180934,8.80,12.00
OSEV3,20230331,99999999,¥i¥Î,SEVIKAR 5/40mg,SEVIKAR 5/40mg,Amlodipine + Olmesartan,PO,QD,CAVS,CV-09-00,¤fªA,TAB,Sevikar,«D²Õ®M,,,¤@¯ë¥i¥Î,¬O,¤£¥i¥ÎÃÄ¥]¾÷,¥i¥Î,¤@¯ë,Á`¶q¶i¦ì,¾AÀ³¯g: ªvÀø°ª¦åÀ£,,Indication: Management of hypertension.,,¥~ Æ[: ²H¶À¦â¶ê§Î¿õ¡A ¨è¦³C75¦r¼Ë,Appearance: Light yellow round tablets,¤ô¸~¡BÀYµh¡B¯t·w¡B¼é¬õ¡B¤ß±ª¡B¶ÝºÎ¡C,Edema¡A headache¡A dizziness¡A flushing¡A palpitations¡A drowsiness.,,¬Ò¥i¥Î,µÎ¯ß±d½¤¦ç¿õ5/40²@§J,Sevikar 5/40mg,,,¬O,¬O,,ªAÃÄ´Á¶¡Á×§K¦Y¸²µå¬c©Î¶¼¥Î¸²µå¬c¥Ä¡A¥H§K¼vÅTÃÄª«¥NÁÂ¡C,­Yµo²{Ãh¥¥¡AÀ³¥ß§Y°±¥Î¡C,Avoid grapefruits or related products to prevent risk of interaction.,If pregnant¡A should immediately discontinue use.,­¹ª«¥æ¤¬§@¥Î: ªAÃÄ´Á¶¡À³Á×§K¹L¶qÄá¨ú¹[ÆQ (¦p: ¥NÆQ),Food interaction: Avoid overtaking potassium salt.,2023Q1 ÃÄ©e·s¶i,¤@¯ë,¤@¯ë,Äµ »y:ªAÃÄ´Á¶¡Á×§K¦Y¸²µå¬c©Î¶¼¥Î¸²µå¬c¥Ä¡A¥H§K¼vÅTÃÄª«¥NÁÂ,,,0,0,§_,1.0,,§_,¬O,§_,½Æ¤è,,¥i¥Î,¥i¥Î,¥i¿i,¬O,,1.00,1.00,1.00,1.00,999,999,1,1,1.00,1.00,0,0,,¦³¹Ï¤ù,,0,,0,,C09DB02,C08CA01,C09CA08,,,0,,0,,TAB,,°·«Oµ¹¥I,°·«Oµ¹¥I,OLMESARTAN 40MG + AMLODIPINE 5MG + HYDROCHLOROTHIAZIDE 0-25MG,C09DB02,BC26520100,,SolidDrugForm,ORTAB,,,0,,0,,,,PH047,202402221728,16.30,21.00
OSIB,19960101,99999999,°±¥Î,Sibelium (Flunarizine) 5mg,Sibelium (Flunarizine) 5mg,Flunarizine,PO,HS,CAVS,CV-11-00,¤fªA,CAP,Sibelium,«D²Õ®M,°±¥Î,OSUZ,¤@¯ë¥i¥Î,¬O,¤£¥i¥ÎÃÄ¥]¾÷,,¤@¯ë,Á`¶q¶i¦ì,¾AÀ³¯g:¥Dªväú¤ß¡B¯t·w¡B·w°Ê¯f¡B¥½±é¦åºÞ´`Àô»ÙÃªµ¥,,Treatment of vertigo¡A peripheral vascular disease¡A migraine,,¥~ Æ[:·t¦Ç¦â»P¬õ¦â½¦Ån,Appearance:Grey/Red Capsule,,,,,¦å­Ú¯q,Sibelium (Flunarizine) 5mg,,,§_,¬O,,,,,,,,,¤@¯ë,¤@¯ë,Äµ »y:½Ð¿í·ÓÂå®v«ü¥Ü¨Ï¥Î¡A­Yµo¥ÍºÃ¦üÃÄª«¤£¨}¤ÏÀ³½Ð§iª¾Âå¥Í¡C,,,,,§_,1.0,,§_,§_,§_,³æ¤è,§_,°±¥Î,¥i¥Î,¥i¿i,¬O,,1.00,1.00,4.00,4.00,999,999,1,1,0,0,0,0,,µL¹Ï¤ù,,0,,0,,,,,,,,,,,CAP,§_,°·«Oµ¹¥I,°·«Oµ¹¥I,FLUNARIZINE,N07CA03,B022622100,§_,SolidDrugForm,ORCAP,,,,,,,,,PH047,202303141808,2.41,4.00
OSIL,19960101,99999999,°±¥Î,Silimin 150mg,Silimin 150mg,Silymarin,PO,BID,ALIM,GI-07-00,¤fªA,CAP,Silimin,«D²Õ®M,°±¥Î,,¤@¯ë¥i¥Î,¬O,¤£¥i¥ÎÃÄ¥]¾÷,±ø¥ó¤Uµ¹¥I,¤@¯ë,Á`¶q¶i¦ì,¾AÀ³¯g:¬°¨x«OÅ@¾¯,,Indication:Adjuvant of liver disease,,¥~ Æ[:¦LKJ150¡A·t¬õµµ¦âªø¶ê¬W§Îµw½¦Ån,Appearance:Purple cylinder hard capsule,¨u¨£­G¸z¤£¾A (äú¤ß¡B¹Ã¦R¡B¸¡³¡¿±µÈ·P),GI disturbance,,¥u¥Î©óªù¶E,½ç±o°·,Silimin 150mg,,,§_,¬O,,½Ð¿í·ÓÂå®v«ü¥Ü¨Ï¥Î¡A ­Yµo¥ÍºÃ¦üÃÄª«¤£¨}¤ÏÀ³½Ð§iª¾Âå¥Í,,Follow doctor's advice. Check with doctor if you notice any side effects.,,,,,¤@¯ë,¤@¯ë,Äµ »y:½Ð¿í·ÓÂå®v«ü¥Ü¨Ï¥Î¡A­Yµo¥ÍºÃ¦üÃÄª«¤£¨}¤ÏÀ³½Ð§iª¾Âå¥Í¡C,,,,,§_,1.0,,§_,§_,§_,³æ¤è,§_,¥i¥Î,¥i¥Î,¥i¿i,¬O,,1.00,1.00,1.00,1.00,999,999,1,1,6.00,6.00,0,0,,¦³¹Ï¤ù,,0,,0,,A05BA03,,,,,,,,,CAP,§_,°·«Oµ¹¥I,°·«Oµ¹¥I,SILYMARIN,A05BA03,AC33468100,§_,SolidDrugForm,ORCAP,,,,,,,,,PH047,202303141808,1.52,3.00
OSILY,20200306,99999999,¥i¥Î,Silygen 70mg(½Æ¤è),Silygen 70mg,Silymarin,PO,,ALIM,GI-07-00,¤fªA,CAP,Luckyhepa,«D²Õ®M,,,,¬O,¥i¥ÎÃÄ¥]¾÷,¥i¥Î,¤@¯ë,Á`¶q¶i¦ì,¾AÀ³¯g:ºC©Ê¨x¯f¡B¨xµwÅÜ¤Î¯×ªÕ¨x¤§¦õÃÄ,,Indication:Chronic liver diseases¡A liver cirrhosis,¡A fatty liver.,¥~ Æ[:¬õ/¯»¬õ¦â½¦Ån¡A¤W¦³STD 512¼Ð°O,Appearance:Red / pink capsules¡A STD 512 marked.,¸z­G¤£¾A,GI disturbance,,¬Ò¥i¥Î,¬I¥ß°·½¦Ån,Silygen 70mg (½Æ¤è),,,,¬O,,½Ð¿í·ÓÂå®v«ü¥Ü¨Ï¥Î¡A ­Yµo¥ÍºÃ¦üÃÄª«¤£¨}¤ÏÀ³½Ð§iª¾Âå¥Í,,Follow doctor's advice. Check with doctor if you notice any side effects.,,,,2020/03 Luckyhepa 70mg ¯ÊÃÄ´À¥N,¤@¯ë,¤@¯ë,Äµ »y:½Ð¿í·ÓÂå®v«ü¥Ü¨Ï¥Î¡A­Yµo¥ÍºÃ¦üÃÄª«¤£¨}¤ÏÀ³½Ð§iª¾Âå¥Í¡C,,,0,0,§_,1.0,,§_,¬O,§_,½Æ¤è,§_,¥i¥Î,¥i¥Î,¥i¿i,¬O,,1.00,1.00,2.00,2.00,999,999,28,28,6.00,6.00,0,0,,¦³¹Ï¤ù,,0,,0,,A05BA03,A11DA01,B03BA01,A11HA04,A11HA02,0,,0,,CAP,,°·«Oµ¹¥I,°·«Oµ¹¥I,SILYMARIN 70MG + MULTIVITAMINES,A05BA,AC213281G0,,SolidDrugForm,CAP,,,0,,0,mL,,,PH022,202007151527,2.00,3.00
OSIM,19960101,99999999,°±¥Î,Simagal,Simagal,Polysiloxane + Co-dried Gel,PO,,ALIM,GI-01-01,¤fªA,TAB,Simagel,«D²Õ®M,°±¥Î,OAMZ,¤@¯ë¥i¥Î,¬O,¥i¥ÎÃÄ¥]¾÷,,¤@¯ë,Á`¶q¶i¦ì,¾AÀ³¯g:¬°­GÃÄ,,For hyperacidity¡A heartburn¡A flatulence.,,¥~ Æ[:²Hºñ¦â»P¥Õ¦âÂù¼hÃÄ¿õ,Appearance:Green/White Tablet,,,,¥u¥Î©óªù¶E,,Simagal,,,§_,¬O,,,,,,,,,¤@¯ë,¤@¯ë,Äµ »y:¥»«~¥iÄZ¸H«á§]ªA,,,,,§_,1.0,,§_,§_,§_,³æ¤è,§_,¥i¥Î,¥i¥Î,¥i¿i,¬O,,1.00,1.00,999.00,999.00,999,999,1,1,0,0,0,0,,µL¹Ï¤ù,,0,,0,,,,,,,,,,,TAB,§_,°·«Oµ¹¥I,°·«Oµ¹¥I,DIMETHICONE 20MG + MAGALDRATE 480MG,A02AF01,A036697100,§_,SolidDrugForm,ORTAB,,,,,,,,,PH047,202303141808,1.50,3.00
OSIN,20010713,99999999,¥i¥Î,SINGULAIR Chewable 5mg,SINGULAIR Chewable 5mg,Montelukast,PO,HS,ERSP,RE-02-00,¤fªA,TAB,Singulair,«D²Õ®M,,,¤@¯ë¥i¥Î,¬O,¤£¥i¥ÎÃÄ¥]¾÷,±ø¥ó¤Uµ¹¥I,¤@¯ë,Á`¶q¶i¦ì,¾AÀ³¯g:®ð³Ý (6-14 Years),,Indication:Prophylaxis and chronic treatment of asthma,,¥~ Æ[:²H¬õµµ¦â¶ê«ó§Î¿õ¾¯,Appearance:Light purple round tablet,ÀYµh¡A ¸¡µh¡A ­Gµh¡A «y¹Â¡A ¤úµh¡A ÀY©ü¡A µo¿N¡A ¥Ö½§¬õ¯l,Headache¡A abdominal or stomach pain¡A cough¡A dental pain¡A dizziness¡A fever¡Askin r,,¬Ò¥i¥Î,ªY¬y,SINGULAIR Chewable 5mg,,,§_,¬O,,­Y¯gª¬¥¼§ïµ½©Î§óÄY­«¡A ½Ð§iª¾Âå®v,,Consult your doctor if symptoms persist or get worse.,,,,,¤@¯ë,¤@¯ë,Äµ»y¡G­Y¯gª¬¥¼§ïµ½©Î§óÄY­«¡A½Ð§iª¾Âå®v,SA «÷­µ¬Û¦ü,,,,§_,1.0,,§_,¬O,§_,³æ¤è,§_,¥i¥Î,¥i¥Î,¤£¥i¿i,¬O,,1.00,1.00,1.00,1.00,999,999,1,1,1.00,1.00,0,0,,¦³¹Ï¤ù,,0,,0,,R03DC03,,,,,,,,,TAB,,°·«Oµ¹¥I,°·«Oµ¹¥I,MONTELUKAST,R03DC03,BC22779100,§_,SolidDrugForm,CHEWTAB,,,,,,,,,PH047,202311061645,9.30,13.00
OSIN1,20090622,99999999,¥i¥Î,SINGULAIR 10mg,SINGULAIR 10mg,Montelukast,PO,HS,ERSP,RE-02-00,¤fªA,TAB,Singulair,«D²Õ®M,,,¤@¯ë¥i¥Î,¬O,¤£¥i¥ÎÃÄ¥]¾÷,±ø¥ó¤Uµ¹¥I,¤@¯ë,Á`¶q¶i¦ì,¾AÀ³¯g:®ð³Ý,,Indication:Prophylaxis and chronic treatment of asthma,,¥~ Æ[:¶À¦â¤è§Î¿õ,Appearance:Yellow square tablet,ÀYµh¡A ¸¡µh¡A ­Gµh¡A «y¹Â¡A ¤úµh¡A ÀY©ü¡A µo¿N¡A ¥Ö½§¬õ¯l,Headache¡A abdominal or stomach pain¡A cough¡A dental pain¡A dizziness¡A fever¡Askin r,,¬Ò¥i¥Î,ªY¬y½¤¦ç¿õ10¤½µ·¡@,SINGULAIR 10mg,,,§_,¬O,,­Y¯gª¬¥¼§ïµ½©Î§óÄY­«¡A ½Ð§iª¾Âå®v,,Consult your doctor if symptoms persist or get worse.,,,,,¤@¯ë,¤@¯ë,Äµ»y¡G­Y¯gª¬¥¼§ïµ½©Î§óÄY­«¡A½Ð§iª¾Âå®v,SA «÷­µ¬Û¦ü,,,,§_,1.0,,¬O,¬O,§_,³æ¤è,§_,¥i¥Î,¥i¥Î,¥i¿i,¬O,,1.00,1.00,1.00,1.00,999,999,1,1,1.00,1.00,0,0,,¦³¹Ï¤ù,,0,,0,,R03DC03,,,,,,,,,TAB,,°·«Oµ¹¥I,°·«Oµ¹¥I,MONTELUKAST,R03DC03,BC22778100,§_,SolidDrugForm,ORTAB,,,,,,,,,PH047,202311131753,12.30,16.00
OSIN4,20061230,99999999,°±¥Î,Singulair 4mg,Singulair 4mg,Montelukast,PO,HS,ERSP,RE-02-00,¤fªA,TAB,Singulair,«D²Õ®M,¼t°Ó¯Ê³f,OMONT4,¤@¯ë¥i¥Î,¬O,¤£¥i¥ÎÃÄ¥]¾÷,±ø¥ó¤Uµ¹¥I,¤@¯ë,Á`¶q¶i¦ì,¾AÀ³¯g:®ð³Ý,,Indication:Prophylaxis and chronic treatment of asthma,,¥~ Æ[:¯»¬õ¦â¾ò¶ê§Î¿õ,Appearance:Pink elliptic tablet,ÀYµh¡A ¸¡µh¡A ­Gµh¡A «y¹Â¡A ¤úµh¡A ÀY©ü¡A µo¿N¡A ¥Ö½§¬õ¯l,Headache¡A abdominal or stomach pain¡A cough¡A dental pain¡A dizziness¡A fever¡Askin r,,¬Ò¥i¥Î,ªY¬y©CÄZ¿õ4²@§J,Singulair 4mg,,,§_,¬O,,­Y¯gª¬¥¼§ïµ½©Î§óÄY­«¡A ½Ð§iª¾Âå®v,,Consult your doctor if symptoms persist or get worse.,,,,,¤@¯ë,¤@¯ë,Äµ»y¡G­Y¯gª¬¥¼§ïµ½©Î§óÄY­«¡A½Ð§iª¾Âå®v,SA «÷­µ¬Û¦ü,,,,§_,1.0,,§_,¬O,§_,³æ¤è,§_,°±¥Î,¥i¥Î,¥i¿i,¬O,,1.00,1.00,1.00,1.00,999,999,1,1,1.00,1.00,0,0,,¦³¹Ï¤ù,,0,,0,,R03DC03,,,,,,,,,TAB,,°·«Oµ¹¥I,°·«Oµ¹¥I,MONTELUKAST,R03DC03,BC23398100,§_,SolidDrugForm,ORTAB,,,,,,,,,PH006,202307281212,9.10,13.00
OSINC,20020924,99999999,°±¥Î,SINEMET CR(«ùÄò¿õ) 50/200MG,SINEMET CR(«ùÄò¿õ) 50/200MG,Levodopa + Carbidopa,PO,,CNEU,CN-03-05,¤fªA,TAB,,«D²Õ®M,°±¥Î,,¤@¯ë¥i¥Î,¬O,¤£¥i¥ÎÃÄ¥]¾÷,¥i¥Î,¤@¯ë,Á`¶q¶i¦ì,¾AÀ³¯g:±±¨î¶g´Á©ÊªÏÅéÅ¸°Ê¡B¸£¯«¸g¿E¯À½Õ¾ãµ¥,,Indication: Symptomatic treatment of parkinsonism,,¥~ Æ[:²H¬õ¾í¦â¾ò¶ê§Î¿õ¾¯¡A¤@­±¤¤¥¡¨è²ª¥[521¡A¤@­±SINEMET CR,Appearance:Red Orange Elliptic Tablet,,,,¬Ò¥i¥Î,¤ß¹ç¬ü«ùÄò¿õ¡@,SINEMET CR(«ùÄò¿õ) 50/200MG,,,§_,¬O,½Ã±Ð³æ¥|,,,,,,,,¤@¯ë,¤@¯ë,Äµ »y:¥i¾ã²É©Î¥b²É§]ªA¡A¤Á¤Å«rÄZ©ÎÀ£¸H,­¹ ­¹ª«¥æ¤¬,,,,§_,1.0,,§_,§_,§_,½Æ¤è,§_,¥i¥Î,¥i¥Î,¤£¥i¿i,¬O,,1.00,1.00,2.00,2.00,99,99,1,1,0,0,0,0,,¦³¹Ï¤ù,,0,,0,,N04BA02,,,,,,,,,TAB,,°·«Oµ¹¥I,°·«Oµ¹¥I,LEVODOPA 200MG + CARBIDOPA 50MG,N04BA02,B021644100,§_,SolidDrugForm,ERTAB12,,,,,,,,,PH047,202303141808,15.50,19.00
OSINE,20120326,99999999,°±¥Î,Sinequan 25mg,Sinequan 25mg,Doxepin,PO,TID,CNEU,CN-02-03,¤fªA,TAB,,«D²Õ®M,°±¥Î,,¤@¯ë¥i¥Î,¬O,¤£¥i¥ÎÃÄ¥]¾÷,¥i¥Î,¤@¯ë,Á`¶q¶i¦ì,¾AÀ³¯g:µJ¼{ª¬ºA¡A ¼~Æ{¯g¡A ¥Ö½§·kÄo,,Indication:Anxiety or depression¡A pruritus,,¥~ Æ[:ÂÅ/®ç¬õ¦âªø¶ê¬W§Îµw½¦Ån,Appearance:Blue/red cylinder hard capsule,¤f°®¡A ½Æµø¡A «K¯µ¡A ¶ÝºÎ¡A §x´b,Dry mouth¡A blurred vision¡A constipation¡A drowsiness¡A confusion.,,¬Ò¥i¥Î,¯«¹ç°·,Sinequan 25mg,,,¬O,¬O,,ªAÃÄ«á¡A ¥i¯àµo¥Íµu¼È©Ê·w¯t; ¤Å¶¼°s,,May cause temporary dizziness. Avoid taking with alcohol.,,¦³«C¥ú²´¡A§¿²Gº¢¯dªº±wªÌ¤£©y¨Ï¥Î,,104-3 ÃÄ©e·|§R°£,¤@¯ë,¤@¯ë,Äµ »y¡GªAÃÄ«á¡A¥i¯àµo¥Íµu¼È©Ê·w¯t¡F¤Å¶¼°s,,,0,0,§_,1.0,,§_,§_,§_,³æ¤è,§_,¥i¥Î,¥i¥Î,¥i¿i,¬O,,1.00,1.00,4.00,4.00,999,999,1,1,9.00,9.00,0,0,,¦³¹Ï¤ù,,0,,0,,N06AA12,,,,,,,,,CAP,,°·«Oµ¹¥I,°·«Oµ¹¥I,DOXEPIN,N06AA12,BC21159100,§_,SolidDrugForm,ORCAP,,,,,,,,,PH047,202303141808,1.83,3.00
OSINM,19960101,99999999,¥i¥Î,Sinemet 25/100mg,Sinemet 25/100mg,Carbidopa + Levodopa,AC,TID,CNEU,CN-03-05,¤fªA,TAB,Sinemet,«D²Õ®M,,,¤@¯ë¥i¥Î,¬O,¤£¥i¥ÎÃÄ¥]¾÷,,¤@¯ë,Á`¶q¶i¦ì,¾AÀ³¯g:±±¨î¶g´Á©ÊªÏÅéÅ¸°Ê¡A ¸£¯«¸g¿E¯À½Õ¾ãµ¥,,Indication:Symptomatic treatment of parkinsonism,,¥~ Æ[:²L¶À¦â¾ò¶ê§Î¿õ¾¯¡A¤@­±¨è¦³650,Appearance:Light yellow elliptic tablet,¹B°Ê¿ð½w¡A ¦n°Ê¡A ¤Ûµø¡A ¤ÛÅ¥©Î¤ÛÄ±¡A ¨­Åé¤£¦Û¥D­«½Æ¹B°Ê,Decrease movement; hyperactive; seeing¡A hearing.,,,¤ß¹ç¬ü25/100¿õ,Sinemet 25/100mg,,,§_,¬O,½Ã±Ð³æ¥|,¿õ¾¯¤Wªº¨è²ª¡A¬O«K©ó­é¥b§]Ã`¡A¦Ó«D¥Î©ó¤À¦¨¬Ûµ¥ªº¾¯¶q¡C,­Y¸g­é¥b«á¡AÀ³ªA¥Î§¹¾ã¾¯¶q¡C,Follow doctor's advice. Do not change your dose or schedule.,,­¹ª«¥æ¤¬§@¥Î: Á×§K»P°ª³J¥Õ­¹ª«(¥]§tºÞÄé¶¼­¹)¨ÖªA¡A «ØÄ³©óªÅ¸¡©Î¶º«á¤@¤p®ÉªA¥Î,Food interaction: Avoid with high-protein foods; take on an empty stomach.,,¤@¯ë,¤@¯ë,Äµ »y:½Ð¿í·ÓÂå®v«ü¥Ü¥ÎÃÄ¡A¤Å¦Û¦æ§ó§ï¾¯¶q©Î¥ÎÃÄ®É¶¡¡C,­¹ ­¹ª«¥æ¤¬,,,,§_,1.0,,¬O,¬O,§_,½Æ¤è,§_,¥i¥Î,¥i¥Î,¤£¥i¿i,¬O,,1.00,1.00,3.00,3.00,999,999,1,1,8.00,8.00,0,0,,¦³¹Ï¤ù,,0,,0,,N04BA02,N04BA01,,,,,,,,TAB,§_,°·«Oµ¹¥I,°·«Oµ¹¥I,LEVODOPA 100MG + CARBIDOPA 25MG,N04BA02,BC20251100,§_,SolidDrugForm,ORTAB,,,,,,,,,PH047,202401101348,4.58,6.00
OSINM2,20181030,99999999,°±¥Î,25/250mg SINEMET,25/250mg SINEMET,Carbidopa + Levodopa,AC,TID,CNEU,CN-03-05,¤fªA,TAB,Sinemet,«D²Õ®M,°±¥Î,,¤@¯ë¥i¥Î,¬O,¤£¥i¥ÎÃÄ¥]¾÷,±ø¥ó¤Uµ¹¥I,¤@¯ë,Á`¶q¶i¦ì,¾AÀ³¯g:±±¨î¶g´Á©ÊªÏÅéÅ¸°Ê¡A ¸£¯«¸g¿E¯À½Õ¾ãµ¥,,Indication:Symptomatic treatment of parkinsonism,,¥~ Æ[:ÂÅ¦â¶ê§Î¿õ¾¯¡A¤@­±¨è¦³654,Appearance:Blue round tablet¡A marking: 654,¹B°Ê¿ð½w¡A ¦n°Ê¡A ¤Ûµø¡A ¤ÛÅ¥©Î¤ÛÄ±¡A ¨­Åé¤£¦Û¥D­«½Æ¹B°Ê,Decrease movement; hyperactive; seeing¡A hearing.,,¬Ò¥i¥Î,¤ß¹ç¬ü25/250 ¿õ,SINEMET 25/250mg,,,,,½Ã±Ð³æ¥|,½Ð¿í·ÓÂå®v«ü¥Ü¥ÎÃÄ¡A ¤Å¦Û¦æ§ó§ï¾¯¶q©Î¥ÎÃÄ®É¶¡,,Follow doctor's advice. Do not change your dose or schedule.,,­¹ª«¥æ¤¬§@¥Î: Á×§K»P°ª³J¥Õ­¹ª«(¥]§tºÞÄé¶¼­¹)¨ÖªA¡A «ØÄ³©óªÅ¸¡©Î¶º«á,Food interaction: Take without food and avoid high protein food.,2018.11 Sinemet 25/100mg ¯Ê³f¼È¥N,¤@¯ë,¤@¯ë,Äµ »y:½Ð¿í·ÓÂå®v«ü¥Ü¥ÎÃÄ¡A¤Å¦Û¦æ§ó§ï¾¯¶q©Î¥ÎÃÄ®É¶¡¡C,­¹ ­¹ª«¥æ¤¬,,0,0,§_,1.0,,§_,,§_,½Æ¤è,,¥i¥Î,¥i¥Î,¤£¥i¿i,¬O,,1.00,1.00,4.00,4.00,999,999,1,1,8.00,8.00,0,0,,¦³¹Ï¤ù,,0,,0,,N04BA02,N04BA01,,,,0,,0,,TAB,§_,°·«Oµ¹¥I,°·«Oµ¹¥I,LEVODOPA 250MG + CARBIDOPA 25MG,N04BA02,BC20162100,,SolidDrugForm,ORTAB,,,0,,0,,,,PH006,202003111228,8.30,12.00
OSLOF,19960101,99999999,°±¥Î,Slow-Fe Folic160mg/400mcg,Slow-Fe Folic160mg/400mcg,Dried FeSO4 + Folic Acid,PO,QD,NUTR,NU-01-00,¤fªA,TAB,Slow-Fe,«D²Õ®M,°±¥Î,,¤@¯ë¥i¥Î,¬O,¤£¥i¥ÎÃÄ¥]¾÷,±ø¥ó¤Uµ¹¥I,¤@¯ë,Á`¶q¶i¦ì,¾AÀ³¯g:¬°³h¦å¤§Àç¾i¸É¥R¾¯,,uring the second and third trimesters of pregnancy for proph,,¥~ Æ[:²H¶À¦â¶ê«ó§Î¿õ¾¯,Appearance:Light Yellow Round Tablet,,,,,½wÄÀÅK¸­»Ä½¤¦ç¿õ,Slow-Fe Folic160mg/400mcg,,,§_,¬O,,,,,,,,,¤@¯ë,¤@¯ë,Äµ »y:½Ð¿í·ÓÂå®v«ü¥Ü¥ÎÃÄ¡A¤Å¦Û¦æ§ó§ï¾¯¶q©Î¥ÎÃÄ®É¶¡¡C,,,,,§_,1.0,,§_,§_,§_,³æ¤è,§_,¥i¥Î,¥i¥Î,¥i¿i,¬O,,1.00,1.00,1.00,1.00,999,999,1,1,0,0,0,0,,µL¹Ï¤ù,,0,,0,,,,,,,,,,,TAB,§_,°·«Oµ¹¥I,°·«Oµ¹¥I,FERROUS SULFATE 160MG + FOLIC ACID 0.4MG,B03AD03,B010086100,§_,SolidDrugForm,ERTAB,,,,,,,,,PH047,202303141808,6.00,8.00
OSLOK,19960101,99999999,°±¥Î,Slow-K 600mg/8mEq,Slow-K 600mg/8mEq,Potassium Chloride,PC,QD,NUTR,NU-04-04,¤fªA,TAB,Slow-K,«D²Õ®M,°±¥Î,,¤@¯ë¥i¥Î,¬O,¤£¥i¥ÎÃÄ¥]¾÷,°·«O¤£µ¹¥I,¤@¯ë,Á`¶q¶i¦ì,¾AÀ³¯g:¹[Â÷¤l¸É¥R¾¯,,Indication:Potassium Supplement,,¥~ Æ[:²L½Å¦âÂù¥Y¶ê§ÎÃÄ¿õ,Appearance:Light brown round tablet,¸z­G¤£¾A¡A Äo¡A ¥Ö¯l,GI disturbances¡A itch¡A rash.,,,½wÄÀ¹[,Slow-K 600mg/8mEq,,,§_,¬O,,³Ì¦n»P­¹ª«¤@°_ªA¥Î¥H´î¤Ö­G¨ë¿E¡A ¦h³Ü¤ô,,Take with meals and increase water intake.,,³Æµù: ¦³¸z­G¼ìºÅ¯gª¬§YÀ³°±¤îªA¥Î,Discontinue if symptoms of GI ulceration or perforation occurs.,,¤@¯ë,¤@¯ë,Äµ »y:³Ì¦n»P­¹ª«¤@°_ªA¥Î¥H´î¤Ö­G¨ë¿E¡A¦h³Ü¤ô¡C,,,,,§_,1.0,,¬O,§_,§_,³æ¤è,§_,¥i¥Î,¥i¥Î,¤£¥i¿i,¬O,,1.00,1.00,3.00,3.00,999,999,1,1,30.00,30.00,0,0,,¦³¹Ï¤ù,,0,,0,,A12BA01,,,,,,,,,TAB,§_,¤£µ¹¥I¶·¦Û¥I,¤£µ¹¥I¶·¦Û¥I,,,,§_,SolidDrugForm,ERTAB12,,,,,,,,,PH047,202303141808,0,3.00
OSMA,19960101,99999999,°±¥Î,Smarten 25mg,Smarten 25mg,Captopril,PO,,CAVS,CV-07-00,¤fªA,TAB,,«D²Õ®M,°±¥Î,OCEPO,¤@¯ë¥i¥Î,¬O,¤£¥i¥ÎÃÄ¥]¾÷,,¤@¯ë,Á`¶q¶i¦ì,¾AÀ³¯g:°ª¦åÀ£¡B¤ßÅ¦°IºÜ,,,,,,,,,,,Smarten 25mg,,,§_,¬O,,,,,,,,,¤@¯ë,¤@¯ë,,,,,,§_,1.0,,§_,§_,§_,³æ¤è,§_,¥i¥Î,¥i¥Î,¥i¿i,¬O,,1.00,1.00,999.00,999.00,999,999,1,1,0,0,0,0,,µL¹Ï¤ù,,0,,0,,,,,,,,,,,TAB,§_,°·«Oµ¹¥I,°·«Oµ¹¥I,CAPTOPRIL,C09AA01,A035420100,§_,SolidDrugForm,ORTAB,,,,,,,,,PH047,202303141809,8.90,12.00
OSME,20021218,99999999,¥i¥Î,Smecta 3gm/pack,Smecta 3gm/pack,Dioctahedral Smectite,PO,ASORDER,ALIM,GI-02-00,¤fªA,PK,Smecta,«D²Õ®M,,,¤@¯ë¥i¥Î,¬O,¤£¥i¥ÎÃÄ¥]¾÷,¥i¥Î,¤@¯ë,Á`¶q¶i¦ì,¾AÀ³¯g:2·³¥H¤W¨àµ£¤Î¦¨¤H¤§«æ©Ê¸¡Âm¡C,¯gª¬©ÊªvÀø¦¨¤HªººC©Ê¥\¯à©Ê¸¡Âm¡C,Indication:Treatment of acute diarrhea in 2 years and older,or chronic diarrhea in adults.,¥~ Æ[:3§J¯»¾¯¥]¸Ë,Appearance:Powder,«K¯µ,Constipation,,¬Ò¥i¥Î,µÎ¸¡¹F,Smecta 3gm/pack,,,§_,¬O,,­Y¸¡Âm°±¤î½Ð°±ÃÄ. ¨àµ£Á×§Kªø´Á¨Ï¥Î,À³Á×§K»P¨ä¥LÃÄ«~¦P®É¨Ï¥Î¡A¥i¯à¤zÂZ¨ä¥LÃÄª«ªº§l¦¬,Should stop medicine if diarrhea is controlled. Avoid long-term use in children.,Avoid using with other drugs cause it interferes with the absorption of others.,³Æµù: ¨C¥]¯»¾¯»Ý¥[50ml¤ô©Î¥b¬y½è¦p¦×´ö¡BªG¥Ä²V¦X«áªA¥Î,Mix each package thoroughly with 50ml fluid before taking.,,¤@¯ë,¤@¯ë,Äµ »y:­Y¸¡Âm°±¤î¡A½Ð°±ÃÄ,,,,,§_,1.0,,§_,¬O,§_,³æ¤è,§_,¥i¥Î,¥i¥Î,¥i¿i,¬O,,1.00,1.00,2.00,2.00,999,999,1,1,9.00,9.00,0.30,0.10,,¦³¹Ï¤ù,,0,,0,,A07BC05,,,,,,,,,PK,§_,°·«Oµ¹¥I,°·«Oµ¹¥I,DIOCTAHEDRAL SMECTITE (=DIOSMECTITE),A07BC05,BC23349116,§_,SolidDrugForm,POWD,,,,,,,,,PH047,202308161121,6.00,8.00
OSMO2,20140905,99999999,°±¥Î,Smokquit Mint Lozenges 2mg¤f§t¿õ,Smokquit Mint Lozenges 2mg,Nicotine,PO,QD,ZADT,AD-02-00,¤fªA,TAB,,«D²Õ®M,°±¥Î,,­­¥æ¥I½Õ¾¯,¬O,¤£¥i¥ÎÃÄ¥]¾÷,,¤£¦LÃÄÅÒ,Á`¶q¶i¦ì,¾AÀ³¯g: §ÙµÒ»²§U¾¯,,Indication:Treatment to aid smoking cessation for the relief,of nicotine withdrawal symptoms.,¥~ Æ[:¥Õ¦â¶ê«ó§Î¿õ¾¯,Appearance:White round tablet,ÀYµh¡A¤fµÄ/«|³ï¨ë¿E¡A«y¹Â,Headache¡A mouth/throat irritation¡A cough,,¬Ò¥i¥Î,°±µÒ§ÙµÒÁ¡²ü¤ù¤f§t¿õ,Smokquit Minet Lozenges 2mg,,­­ªù¶E¥æ¥I½Õ¾¯¥Î,,,,¤f§t¿õ¤£¥i¥H©CÄZ©Î§]ªA¡C,,,,·í¤f¤º¦³§ÙµÒ¤f§t¿õ®É¡A¤£¥i¥H¶¼­¹¡A¦]¬°¥i¯à·|¼vÅT¨ì¥§¥j¤Bªº§l¦¬¡C,,­­¥æ¥I½Õ¾¯,¤@¯ë,¤@¯ë,Äµ »y:½Ð¸m©ó«Äµ£µLªk¨ú±o¤§³B,,,0,0,§_,1.0,,§_,§_,§_,³æ¤è,§_,¥i¥Î,¥i¥Î,¥i¿i,¬O,,1.00,0,24.00,0,99,0,1,0,24.00,0,0,0,,µL¹Ï¤ù,,0,,0,,,,,,,0,,0,,TAB,,°·«Oµ¹¥I,°·«Oµ¹¥I,,,A058046100,§_,SolidDrugForm,ORTROCHE,,,,,,,,,PH047,202303141809,0,0
OSMO4,20140905,99999999,°±¥Î,Smokquit Mint Lozenges 4mg¤f§t¿õ,Smokquit Mint Lozenges 4mg,Nicotine,PO,QD,ZADT,AD-02-00,¤fªA,TAB,,«D²Õ®M,°±¥Î,,­­¥æ¥I½Õ¾¯,¬O,¥i¥ÎÃÄ¥]¾÷,¥i¥Î,¤£¦LÃÄÅÒ,Á`¶q¶i¦ì,¾AÀ³¯g: §ÙµÒ»²§U¾¯,,Indication:Treatment to aid smoking cessation for the relief,of nicotine withdrawal symptoms.,¥~ Æ[:¥Õ¦â¶ê«ó§Î¿õ¾¯,Appearance:White round tablet,ÀYµh¡A¤fµÄ/«|³ï¨ë¿E¡A«y¹Â,Headache¡A mouth/throat irritation¡A cough,,¬Ò¥i¥Î,°±µÒ§ÙµÒÁ¡²ü¤ù¤f§t¿õ,Smokquit Minet Lozenges 4mg,,­­ªù¶E¥æ¥I½Õ¾¯¥Î,,,,¤f§t¿õ¤£¥i¥H©CÄZ©Î§]ªA¡C,,,,·í¤f¤º¦³§ÙµÒ¤f§t¿õ®É¡A¤£¥i¥H¶¼­¹¡A¦]¬°¥i¯à·|¼vÅT¨ì¥§¥j¤Bªº§l¦¬¡C,,­­¥æ¥I½Õ¾¯,¤@¯ë,¤@¯ë,Äµ »y:½Ð¸m©ó«Äµ£µLªk¨ú±o¤§³B,,,0,0,§_,1.0,,§_,§_,§_,³æ¤è,§_,¥i¥Î,¥i¥Î,¥i¿i,¬O,,1.00,0,12.00,0,99,0,1,0,12.00,0,0,0,,µL¹Ï¤ù,,0,,0,,,,,,,4.00,mg,30.00,mg,TAB,,°·«Oµ¹¥I,°·«Oµ¹¥I,,,A058047100,§_,SolidDrugForm,ORTROCHE,,,,,,,,,PH047,202303141809,0,0
OSOL,20030717,99999999,°±¥Î,Solian 200mg,Solian 200mg,Amisulpride,PO,BID,CNEU,CN-02-01,¤fªA,TAB,Solian,«D²Õ®M,°±¥Î,ORIB,¤@¯ë¥i¥Î,¬O,¤£¥i¥ÎÃÄ¥]¾÷,¥i¥Î,¤@¯ë,Á`¶q¶i¦ì,¾AÀ³¯g:«äÄ±¥¢½Õ¯g,,Indication:Treatment of psychotic symptoms,,¥~ Æ[:¥Õ¦â¶ê§Î¿õ¾¯¡A ¤@­±¦L¦³"AMI 200"¦r¼Ë,Appearance:White round tablet,¥¢¯v¡A µJ¼{¡A À@Åé¥~¯gª¬(¤f¦ÞªÏÅé¤£¦Û¥D¹B°Ê)¡A ªc¨Å,Insomnia¡A anxiety¡A extrapyramidal symptoms; galactorrhea,,¬Ò¥i¥Î,­º§Q¦w,Solian 200mg,,,¬O,¬O,,¥i¯à¦³®É·|Ä±±oÀY·w¡B©ü¯t¡A ½ÐÁ×§K§Ö³tªº°Ê§@©Î«º¶ÕÅÜ¤Æ,,May cause dizziness or drowsiness. Take care to avoid sudden movement.,,,,105-4 ÃÄ©e·|¨MÄ³§R°£,¤@¯ë,¤@¯ë,Äµ »y:¥i¯à¦³®É·|Ä±±oÀY·w¡B©ü¯t¡A½ÐÁ×§K§Ö³tªº°Ê§@©Î«º¶ÕÅÜ¤Æ,,,,,§_,1.0,,§_,§_,§_,³æ¤è,§_,¥i¥Î,¥i¥Î,¥i¿i,¬O,,1.00,1.00,4.00,4.00,999,999,1,1,9.00,9.00,0,0,,¦³¹Ï¤ù,,0,,0,,N05AL05,,,,,,,,,TAB,,°·«Oµ¹¥I,°·«Oµ¹¥I,AMISULPRIDE,N05AL05,BC23492100,§_,SolidDrugForm,ORTAB,,,,,,,,,PH047,202303141809,18.40,24.00
OSON,20050317,99999999,¥i¥Î,Songora 50mg,Songora 50mg,Nicametate,PC,BID,CAVS,CV-11-00,¤fªA,TAB,Euclidan,«D²Õ®M,,,¤@¯ë¥i¥Î,¬O,¥i¥ÎÃÄ¥]¾÷,¥i¥Î,¤@¯ë,Á`¶q¶i¦ì,¾AÀ³¯g:¥Dªv¥½±é¦åºÞ´`Àô»ÙÃª¤§¯f¯g,,Indication:Treatment of peripheral vascular disorders,,¥~ Æ[:²L¬õ¶ê«ó§Î¿õ¾¯.,Appearance:Light red round tablet,­G¸z¤£¾A¡A ÀYµh¡A ÀY·w,Gastrointestinal effects¡A headache¡A dizziness,,¬Ò¥i¥Î,²n¤O,Songora 50mg,,,¬O,¬O,,¤Ö¼Æ¯f¤H·|µo¥Í¼È®É©Êªº­G¸z¤£¾A¡A Áy³¡¼é¬õµ¥¯gª¬,,May cause stomach upset¡A or hot flashes.,,,,,¤@¯ë,¤@¯ë,Äµ »y:¤Ö¼Æ¯f¤H·|µo¥Í¼È®É©Êªº­G¸z¤£¾A¡BÁy³¡¼é¬õµ¥¯gª¬,,,,,§_,1.0,,§_,¬O,§_,³æ¤è,§_,¥i¥Î,¥i¥Î,¥i¿i,¬O,,1.00,1.00,2.00,2.00,999,999,1,1,9.00,9.00,0,0,,¦³¹Ï¤ù,,0,,0,,C04AD91,,,,,,,,,TAB,§_,°·«Oµ¹¥I,°·«Oµ¹¥I,NICAMETATE,C04AC,AC200371G0,§_,SolidDrugForm,ORTAB,,,,,,,,,PH047,202303141809,2.00,3.00
OSONI,20091027,99999999,°±¥Î,Sonimax 10mg,Sonimax 10mg,Zaleplon,PO,HS,CNEU,CN-02-07,¤fªA,CAP,,«D²Õ®M,°±¥Î,,­­¥æ¥I½Õ¾¯,¬O,¤£¥i¥ÎÃÄ¥]¾÷,¥i¥Î,¤@¯ë,Á`¶q¶i¦ì,¾AÀ³¯g:¥¢¯v¯g,,Indication:Insomnia,,¥~ Æ[:ºñ¦â¤Î²Hºñ¦âµw½¦Ån¡A ¼Ð¦³¡¨OEP10¡¨¤Î"10mg"¦r¼Ë,Appearance:Green/Light Green Capsule,¥¢¾Ð¡A §íÆ{,Memory loss¡A depression,,¬Ò¥i¥Î,µÎ¹ç¯v,Sonimax 10mg,,­­ªù¶E¥æ¥I½Õ¾¯¥Î,§_,¬O,,ºÎ«e¥ß§YªA¥Î¡A Á×§K¶¼°s,,Take this drug immediately prior to going to bed. Do not drink alcohol.,,,,,¤@¯ë,¥|¯ÅºÞ¨î,­Y¥X²{½ÆÂø©ÊºÎ¯v¦æ¬°¡A¦p¹Ú¹C¡BºÎ¹Ú¤¤¶}¨®µ¥¡AÀ³°±ÃÄ¨Ã¾¨³t¦^¶E¡C,,,,,§_,1.0,,§_,§_,§_,³æ¤è,§_,¥i¥Î,¥i¥Î,¥i¿i,¬O,,1.00,1.00,2.00,2.00,30,30,1,1,2.00,2.00,0,0,,¦³¹Ï¤ù,,0,,0,,N05CF03,,,,,,,,,CAP,,°·«Oµ¹¥I,°·«Oµ¹¥I,ZALEPLON,N05CF03,A049425100,§_,SolidDrugForm,ORCAP,,,,,,,,,PH047,202303141809,2.31,3.00
OSOO,20140708,99999999,°±¥Î,Soonmelt 625mg,Soonmelt 625mg,Amoxicillin + Clavulanic Acid,WM,TID,QANB,AI-01-01,¤fªA,TAB,Augmentin,«D²Õ®M,°±¥Î,,¤@¯ë¥i¥Î,¬O,¤£¥i¥ÎÃÄ¥]¾÷,¥i¥Î,¤@¯ë,Á`¶q¶i¦ì,¾AÀ³¯g:²Óµß©Ê·P¬V,,Indication:Antibiotic for infection.,,¥~ Æ[:¥Õ¦â¾ò¶ê§Î¿õ¾¯,Appearance:White elliptic tablet,»´·L¸¡Âm¡A ÀYµh¡A ­Gµh¡A ¸¡µÈ ¡A ´HÅ¸,Diarrhea (mild)¡A hedache¡A stomach pain¡A swelling of abdomen¡A chills.,,¬Ò¥i¥Î,Âù¦XÅð¯À½¤¦ç¿õ 625¤½µ·,Soonmelt 625mg,,,,¬O,,½Ð¿í«ü¥ÜªA§¹¾ã­ÓÀøµ{¡A ­Yµo¥Í¥ÎÃÄ¤£¨}¤ÏÀ³½Ð§iª¾Âå¥Í,,Follow doctor's advice. Check with doctor if you notice any side effects.,,,,,¤@¯ë,¤@¯ë,Äµ »y:½Ð¿í«ü¥ÜªA§¹¾ã­ÓÀøµ{¡A­Yµo¥Í¥ÎÃÄ¤£¨}¤ÏÀ³½Ð§iª¾Âå¥Í¡C,,,0,0,§_,1.0,,§_,§_,§_,½Æ¤è,§_,¥i¥Î,¥i¥Î,¥i¿i,¬O,,1.00,1.00,2.00,2.00,14,14,7,7,4.00,4.00,0,0,,¦³¹Ï¤ù,,0,,0,,J01CR02,J01CA04,,,,0,,0,,TAB,,°·«Oµ¹¥I,°·«Oµ¹¥I,AMOXICILLIN 500MG + CLAVULANIC ACID 125MG,J01CR02,AC45276100,§_,SolidDrugForm,ORTAB,,,,,,,,,PH047,202303141809,6.60,9.00
OSOR,19960101,99999999,°±¥Î,Sorbitrate 10mg,Sorbitrate 10mg,Isosorbide Dinitrate,PO,,CAVS,CV-02-00,¤fªA,TAB,Isordil,«D²Õ®M,°±¥Î,,¤@¯ë¥i¥Î,¬O,¥i¥ÎÃÄ¥]¾÷,,¤@¯ë,Á`¶q¶i¦ì,¾AÀ³¯g:¹w¨¾¯U¤ß¯g¤§µo§@,,,,,,,,,,,Sorbitrate 10mg,,,§_,¬O,,,,,,,,,¤@¯ë,¤@¯ë,,,,,,§_,1.0,,§_,§_,§_,³æ¤è,§_,¥i¥Î,¥i¥Î,¥i¿i,¬O,,1.00,1.00,999.00,999.00,999,999,1,1,0,0,0,0,,µL¹Ï¤ù,,0,,0,,,,,,,,,,,TAB,§_,°·«Oµ¹¥I,°·«Oµ¹¥I,ISOSORBIDE DINITRATE,C01DA08,B005895100,§_,SolidDrugForm,ORTAB,,,,,,,,,PH047,202303141809,1.09,3.00
OSOT,19960101,99999999,°±¥Î,Sotalex 80mg,Sotalex 80mg,Sotalol,PO,,CAVS,CV-04-02,¤fªA,TAB,Sotalex,«D²Õ®M,°±¥Î,,¤w°±¥Î,¬O,¤£¥i¥ÎÃÄ¥]¾÷,,¤@¯ë,Á`¶q¶i¦ì,¾AÀ³¯g:°ª¦åÀ£¡B«a¤ß¯g¡B¤ß«ß¤£¾ãµ¥,,Treatment of hypertension¡A ventricular arrhythmias¡A angina,,¥~ Æ[:¥Õ¦â¶ê§Î¿õ¾¯¡A¤¤¶¡¦³¤@¨è²ª,Appearance:White Round Tablet,,,,,¤ß¹F¥i,Sotalex 80mg,,,§_,¬O,,,,,,,,,¤@¯ë,¤@¯ë,­Y¥X²{½ÆÂø©ÊºÎ¯v¦æ¬°¡A¦p¹Ú¹C¡BºÎ¹Ú¤¤¶}¨®µ¥¡AÀ³°±ÃÄ¨Ã¾¨³t¦^¶E¡C,,,,,§_,1.0,,§_,§_,§_,³æ¤è,§_,°±¥Î,¥i¥Î,¥i¿i,¬O,,1.00,1.00,4.00,4.00,999,999,1,1,0,0,0,0,,µL¹Ï¤ù,,0,,0,,,,,,,,,,,TAB,§_,°·«Oµ¹¥I,°·«Oµ¹¥I,SOTALOL,C07AA07,B023088100,§_,SolidDrugForm,ORTAB,,,,,,,,,PH047,202303141809,13.40,17.00
OSOV,20180101,99999999,°±¥Î,Sovaldi FC 400mg,Sovaldi FC 400mg,Sofosbuvir,PO,QD,QANB,AI-03-04,¤fªA,TAB,Sovaldi,«D²Õ®M,Á{±ÄÃÄ¡A½Ð³qª¾ÃÄ§½¥~ÁÊ,,ÃÄ©e·|Á{±Ä,¬O,¤£¥i¥ÎÃÄ¥]¾÷,±ø¥ó¤Uµ¹¥I,¤@¯ë,Á`¶q¶i¦ì,¾AÀ³¯g:ºC©ÊC«¬¨xª¢,,Indication:Chronic hepatitis C virus infection,,¥~ Æ[:¶À¦â½¦Ån§Î½¤¦ç¿õ¡A¤@­±¨è¦³GSI¦r¼Ë¡A¥t¤@­±¨è¦³7977¦r¼Ë,Appearance:Yellow capsule-shaped film-coated tablets,ÀYµh¡A¯h­Â¡Aäú¤ß¡A¥¢¯v¡A³h¦å,Headache¡A fatigue¡A nausea¡A insomnia¡A anemia,¯S®íÃþ§Ü¥Í¯À,¥u¥Î©óªù¶E¤Î¦í°|STAT,¯ÁµØ­}400²@§J½¤¦ç¿õ,Sovaldi FC 400mg,,,,¬O,,¥»«~»Ý»P¨ä¥LC«¬¨xª¢ÃÄª«¦X¨Ö¨Ï¥Î,,Combined therapy with other chronic hepatitis C drugs.,,,,,¤@¯ë,¤@¯ë,¥»«~»Ý»P¨ä¥LC«¬¨xª¢ÃÄª«¦X¨Ö¨Ï¥Î,,,0,0,§_,1.0,,§_,§_,§_,³æ¤è,§_,°±¥Î,°±¥Î,¥i¿i,¬O,,1.00,1.00,1.00,1.00,168,168,28,1,1.00,1.00,0,0,,¦³¹Ï¤ù,,0,,0,,J05AX15,J05AP08,,,,0.40,g,0.40,g,TAB,,°·«Oµ¹¥I,°·«Oµ¹¥I,SOFOSBUVIR + RIBAVIRIN,J05APX8,HCVDAA0011,§_,SolidDrugForm,ORTAB,,,,,,,,,PH047,202401261312,2380.00,2856.00
OSPA6,20091220,99999999,°±¥Î,SpasMOL 60mg,SpasMOL 60mg,Alverine,PO,TID,ALIM,GI-05-00,¤fªA,CAP,Spasmonal,«D²Õ®M,°±¥Î,,¤@¯ë¥i¥Î,¬O,¥i¥ÎÃÄ¥]¾÷,¥i¥Î,¤@¯ë,Á`¶q¶i¦ì,¾AÀ³¯g:¹L±Ó©Ê¸z¯g­Ô¸s¡A ¥­·Æ¦ÙµjÅË,,Indication:Treatment of GI tract spasm¡A smooth muscle spasm,,¥~ Æ[:²L¦Ç/²LÂÅ¦âªø¶ê¬W§Îµw½¦Ån,Appearance:Grey/blue cylinder hard capsule,äú¤ß¡A ÀYµh¡A ·kÄo¡A ¥Ö½§¬õ¯l¡A ÀY·w¡A ¹L±Ó¤ÏÀ³,Nausea¡A headache¡A itching¡A skin rash¡A dizziness¡A hypersensitivity,,¬Ò¥i¥Î,³t©öµj,SpasMOL 60mg,,,§_,¬O,,°¸¦³§C¦åÀ£¡A «äºÎ¡A ¯t·w¡A ÀYµh¡A ¤f´÷µ¥°Æ§@¥Î¥X²{,,May cause hypotention¡A sleepiness¡A dizziness¡A headache¡A thirst.,,,,,¤@¯ë,¤@¯ë,Äµ »y: °¸¦³§C¦åÀ£¡B«äºÎ¡B¯t·w¡BÀYµh¡B¤f´÷µ¥°Æ§@¥Î¥X²{,,,,,§_,1.0,,§_,§_,§_,³æ¤è,§_,¥i¥Î,¥i¥Î,¥i¿i,¬O,,1.00,1.00,2.00,2.00,999,999,1,1,0,0,0,0,,¦³¹Ï¤ù,,0,,0,,A03AX08,,,,,,,,,CAP,,°·«Oµ¹¥I,°·«Oµ¹¥I,ALVERINE CITRATE,A03AX08,A043326100,§_,SolidDrugForm,ORCAP,,,,,,,,,PH047,202303141809,3.16,5.00
OSPAE,19960101,99999999,°±¥Î,SPASMO-Euvernil 500/50,SPASMO-Euvernil 500/50,Sulfacarbamide + Phenazopyridine,PO,TID,QANB,AI-01-09,¤fªA,TAB,Spasmo-Euvernil,«D²Õ®M,°±¥Î,,¤@¯ë¥i¥Î,¬O,¤£¥i¥ÎÃÄ¥]¾÷,,¤@¯ë,Á`¶q¶i¦ì,¾AÀ³¯g:¥Dªv§¿¹Dª¢¡A »H¯Öª¢¡A µÇª»ª¢µ¥,,Indication:Urethritis¡A cystitis and cystopyelitis.,,¥~ Æ[:¾ï¶À¦âªø¤è§ÎÃÄ¿õ,Appearance:orange rectangle tablet,¸z­G¾÷¯à»ÙÃª¡A ¹L±Ó¤ÏÀ³¡A ¦å²G¤è­±¯e¯f¡A §C¦å¿}¡A ¥Òª¬¸¢¾÷¯à§C¤U,GI disturbances¡A hypersensitivity reactions¡A blood disorders¡A hypoglycaemia.,,,ÀuºÖ¥§º¸-·R´µ,SPASMO-Euvernil 500/50,,,§_,¬O,,¹ïÁDÓiÃÄ¹L±ÓªÌ¸T¥Î¡A ¥»ÃÄ·|¨Ï§¿²G§e¾ï¬õ¦â,,Avoid if allergy to sulfa drugs. May discolor urine to reddish-orange/brown.,,,,,¤@¯ë,¤@¯ë,Äµ »y:¹ïÁDÓiÃÄ¹L±ÓªÌ¸T¥Î¡A ¥»ÃÄ·|¨Ï§¿²G§e¾ï¬õ¦â,,,,,§_,1.0,,§_,§_,§_,½Æ¤è,§_,¥i¥Î,¥i¥Î,¥i¿i,¬O,,1.00,1.00,2.00,2.00,999,999,1,1,8.00,8.00,0,0,,¦³¹Ï¤ù,,0,,0,,G01AE10,G01AE01,G04BX06,,,,,,,TAB,§_,°·«Oµ¹¥I,°·«Oµ¹¥I,SULFANILYLUREA (=SULFAUREA) 500MG + PHENAZOPYRIDINE 50MG,G04BX,A040656100,§_,SolidDrugForm,ORTAB,,,,,,,,,PH047,202303141809,3.03,5.00
OSPAS,20100301,99999999,°±¥Î,Spasmonal 60mg,Spasmonal 60mg,Alverine,PO,,ALIM,GI-05-00,¤fªA,CAP,,«D²Õ®M,°±¥Î,OSPA6,¤@¯ë¥i¥Î,¬O,¥i¥ÎÃÄ¥]¾÷,,¤@¯ë,Á`¶q¶i¦ì,¾AÀ³¯g:¥­·Æ¦ÙµjÅË,,Treatment of smooth muscle spasm,,¥~ Æ[:²L¦Ç/²L«C¦âªø¶ê¬W§Îµw½¦Ån,Appearance:Grey/Blue Cylinder Hard Capsule,,,,,,Spasmonal 60mg,,,§_,¬O,,,,,,,,,¤@¯ë,¤@¯ë,Äµ »y:½Ð¿í·ÓÂå®v«ü¥Ü¨Ï¥Î¡A­Yµo¥ÍºÃ¦üÃÄª«¤£¨}¤ÏÀ³½Ð§iª¾Âå¥Í¡C,,,,,§_,1.0,,§_,§_,§_,³æ¤è,§_,°±¥Î,¥i¥Î,¥i¿i,¬O,,1.00,1.00,2.00,2.00,999,999,1,1,0,0,0,0,,µL¹Ï¤ù,,0,,0,,,,,,,,,,,TAB,§_,°·«Oµ¹¥I,°·«Oµ¹¥I,ALVERINE CITRATE,A03AX08,B014823100,§_,SolidDrugForm,ORCAP,,,,,,,,,PH047,202303141810,4.52,6.00
OSPI,20070401,99999999,¥i¥Î,Spironolactone 25mg,Spironolactone 25mg,Spironolactone,PO,QD,CAVS,CV-03-03,¤fªA,TAB,Aldactone,«D²Õ®M,,,¤@¯ë¥i¥Î,¬O,¥i¥ÎÃÄ¥]¾÷,¥i¥Î,¤@¯ë,Á`¶q¶i¦ì,¾AÀ³¯g:§Q§¿¡B°ª¦åÀ£¡B­ìµo©ÊîÇÃþ¯×¾J¹L¦h¯g¡C,,Indication:Diuretics¡A hypertension¡A primary aldosteronism,,¥~ Æ[:¥Õ¦â¶ê§Î¿õ¾¯¡A ¤@­±¦LRP¡A ¤@­±¦LS07,Appearance:White round tablet,©Ê¯à¤O»ÙÃª¡A «K¯µ¡A ¨Å©Ð¸~µÈ¡A ¤k©Ê¦h¤ò¯g¡A ¤ë¸g¤£³W«h,Sexual problem¡A constipation¡A breast tenderness in female¡A increased hair growth,,¬Ò¥i¥Î,¼Ú±o³q¿õ,Spironolactone 25mg,,,§_,¬O,½Ã±Ð³æ¤T,½Ð¿í·ÓÂå®v«ü¥Ü¨Ï¥Î¡A ­Yµo¥ÍºÃ¦üÃÄª«¤£¨}¤ÏÀ³½Ð§iª¾Âå¥Í,,Follow doctor's advice. Check with doctor if you notice any side effects.,,­¹ª«¥æ¤¬§@¥Î: ªAÃÄ´Á¶¡À³Á×§K¹L¶qÄá¨ú¹[ÆQ(¦p:¥NÆQ),Food interaction:Avoid over take potassium salt.,,¤@¯ë,¤@¯ë,Äµ »y:½Ð¿í·ÓÂå®v«ü¥Ü¨Ï¥Î¡A­Yµo¥ÍºÃ¦üÃÄª«¤£¨}¤ÏÀ³½Ð§iª¾Âå¥Í¡C,­¹ ­¹ª«¥æ¤¬,,,,§_,1.0,,§_,¬O,§_,³æ¤è,§_,¥i¥Î,¥i¥Î,¥i¿i,¬O,,1.00,1.00,4.00,4.00,999,999,1,1,8.00,8.00,0,0,,¦³¹Ï¤ù,,0,,0,,C03DA01,,,,,,,,,TAB,,°·«Oµ¹¥I,°·«Oµ¹¥I,SPIRONOLACTONE,C03DA01,AC305261G0,§_,SolidDrugForm,ORTAB,¦M®`¤G¯Å(¡I),,,,,,,,PH047,202311231638,2.00,3.00
OSPL,20230306,99999999,¥i¥Î,Splotin 50mg,Splotin 50mg,Sulpiride,PO,TID,CNEU,CN-02-01,¤fªA,TAB,Dogmatyl,«D²Õ®M,,,¤@¯ë¥i¥Î,¬O,¤£¥i¥ÎÃÄ¥]¾÷,¥i¥Î,¤@¯ë,Á`¶q¶i¦ì,¾AÀ³¯g:½Õ¸`±¡ºü¡B®ø¤Æ¹D¼ìºÅ,,Indications: Treat psychotic symptoms¡A peptic ulcer,,¥~ Æ[:²HÂÅ¦â¶ê«ó§Î¿õ¾¯,Appearance:Light blue round tablet,¤f´÷¡B­Â«å·P¡B¶ÝºÎ¡B¯t·w¡B¦åÀ£ÅÜ¤Æ¡B§]Ã`§xÃø¡B¾_Å¸,Dry mouth¡A fatigue¡A dizziness¡A dysphagia¡A blood pressure change¡A tremors,,¬Ò¥i¥Î,¾A¼ìºÅ¿õ,Splotin 50mg,,,¬O,¬O,,¥i¯à·|³y¦¨¶ÝºÎ©Î·w¯t¡A ¶}¨®©Î¾Þ§@¦MÀI¾÷¾¹½Ð¤p¤ß,,May cause drowsiness. Use caution when driving or operating machinery.,,³Æµù: ¤Å¶¼°s,Avoid alcohol,202303 [ODOG5] °±²£´À¥N,¤@¯ë,¤@¯ë,Äµ »y:¥i¯à·|³y¦¨¶ÝºÎ©Î·w¯t¡A ¶}¨®©Î¾Þ§@¦MÀI¾÷¾¹½Ð¤p¤ß,,,0,0,§_,1.0,,§_,¬O,§_,³æ¤è,,¥i¥Î,¥i¥Î,¥i¿i,¬O,,1.00,1.00,4.00,4.00,999,999,1,1,24.00,24.00,0.01,0.01,,¦³¹Ï¤ù,,0,,0,,N05AL01,,,,,0.05,g,0.80,g,TAB,,°·«Oµ¹¥I,°·«Oµ¹¥I,SULPIRIDE,N05AL01,AC238251G0,,SolidDrugForm,ORTAB,,,0,,0,,,,PH047,202402061003,2.00,3.00
OSPO,19960101,99999999,°±¥Î,Sporanox 100mg,Sporanox 100mg,Itraconazole,PO,,QANB,AI-02-00,¤fªA,CAP,Sporanox,«D²Õ®M,°±¥Î,OICO,¤@¯ë¥i¥Î,¬O,¤£¥i¥ÎÃÄ¥]¾÷,±ø¥ó¤Uµ¹¥I,¤@¯ë,Á`¶q¶i¦ì,¾AÀ³¯g:Åðµß·P¬V,,Antifungal agent,,¥~ Æ[:²HÂÅ/©ú¬õµµ¦âªø¶ê¬W§Îµw½¦Ån,Appearance:Blue/Purple Cylinder Hard Capsule,,,,,¾A¼³¿Õ,Sporanox 100mg,,,§_,¬O,,,,,,,,,¤@¯ë,¤@¯ë,Äµ »y:½Ð¿í«ü¥ÜªA§¹¾ã­ÓÀøµ{¡A­Yµo¥Í¥ÎÃÄ¤£¨}¤ÏÀ³½Ð§iª¾Âå¥Í¡C,,,,,§_,1.0,,§_,§_,§_,³æ¤è,§_,°±¥Î,¥i¥Î,¥i¿i,¬O,,1.00,1.00,2.00,2.00,999,999,1,1,0,0,0,0,,µL¹Ï¤ù,,0,,0,,J02AC02,,,,,,,,,CAP,§_,°·«Oµ¹¥I,°·«Oµ¹¥I,ITRACONAZOLE,J02AC02,B022816100,§_,SolidDrugForm,ORCAP,,,,,,,,,PH047,202401261326,26.70,33.00
OSQL2,20211015,99999999,¥i¥Î,Smokquit 2mg (24 tablets/box),Smokquit 2mg (24 tablets/box),Nicotine,SL,Q2H,ZADT,AD-02-00,¤fªA,TAB,Smokquit,«D²Õ®M,,,¤@¯ë¥i¥Î,¬O,¤£¥i¥ÎÃÄ¥]¾÷,¥i¥Î,¤@¯ë,Á`¶q¶i¦ì,¾AÀ³¯g:§ÙµÒ»²§U¾¯,,Indication:To aid smoking cessation.,,¥~ Æ[:¥Õ¦â¶ê¿õ¡A¤W¦³ST 052¼Ð¥Ü,Appearance:White round tablet¡A with ST 052 marked.,¤fµÄ¤£¾A¡Aäú¤ß¡A«K¯µ¡A¸¡Âm,Oral discomfort¡A nausea¡A constipation¡A diarrhea,,¥u¥Î©óªù¶E¤Î¦í°|STAT,°±µÒ§ÙµÒÁ¡²ü¤ù¤f§t¿õ2²@§J,Smokquit 2mg (24 tablets/box,,,,§_,,ªAÃÄ«á±N¤f§t¿õ§t¦b¤fµÄ¨â°¼²¾°Ê¡A«ùÄò20-30¤ÀÄÁª½¨ì§¹¥þ·»¸Ñ,¤£¥i©CÄZ©Î§]ªA¡C¥ÎÃÄ®É¤£¥i¶¼­¹¡C,Move this drug to the other side of the mouth every so often while it dissolves.,About 20-30minutes. Don't chew¡Abreak¡Acrush it. Don't take it with food or drink.,¤@¤Ñ³Ì¤j¾¯¶q¬°15¿õ,The recommended maximum dose: 15 tablets/day.,2021.10 [OCHA1]¯Ê³f´À¥N,¤@¯ë,¤@¯ë,,SA «÷­µ¬Û¦ü,,0,0,§_,24.0,,§_,¬O,§_,³æ¤è,,°±¥Î,°±¥Î,¤£¥i¿i,§_,,1.00,1.00,1.00,1.00,28,28,7,7,15.00,15.00,0,0,,¦³¹Ï¤ù,,0,,0,,N07BA01,,,,,2.00,mg,30.00,mg,TAB,,°·«Oµ¹¥I,°·«Oµ¹¥I,,,A058046100,,SolidDrugForm,ORTROCHE,¦M®`¤G¯Å(¡I),,0,,0,,,,PH047,202302221503,6.00,8.00
OSQL4,20211015,99999999,¥i¥Î,SMOKQUIT 4mg (24 tablets/box),SMOKQUIT 4mg (24 tablets/box),Nicotine,SL,Q2H,ZADT,AD-02-00,¤fªA,TAB,Smokquit,«D²Õ®M,,,¤@¯ë¥i¥Î,¬O,¤£¥i¥ÎÃÄ¥]¾÷,±ø¥ó¤Uµ¹¥I,¤@¯ë,Á`¶q¶i¦ì,¾AÀ³¯g:§ÙµÒ»²§U¾¯,,Indication:To aid smoking cessation.,,¥~ Æ[:¥Õ¦â¶ê¿õ¡A¤W¦³ST 054¼Ð¥Ü,Appearance:White round tablet¡A with ST 054 marked.,¤fµÄ¤£¾A¡Aäú¤ß¡A«K¯µ¡A¸¡Âm,Oral discomfort¡A nausea¡A constipation¡A diarrhea,,¥u¥Î©óªù¶E¤Î¦í°|STAT,°±µÒ§ÙµÒÁ¡²ü¤ù¤f§t¿õ4²@§J,SMOKQUIT 4mg (24 tablets/box,,,,§_,,ªAÃÄ«á±N¤f§t¿õ§t¦b¤fµÄ¨â°¼²¾°Ê¡A«ùÄò20-30¤ÀÄÁª½¨ì§¹¥þ·»¸Ñ,¤£¥i©CÄZ©Î§]ªA¡C¥ÎÃÄ®É¤£¥i¶¼­¹¡C,Move this drug to the other side of the mouth every so often while it dissolves.,About 20-30minutes. Don't chew¡Abreak¡Acrush it. Don't take it with food or drink.,¤@¤Ñ³Ì¤j¾¯¶q¬°15¿õ,The recommended maximum dose: 15 tablets/day.,2021.10 [OCHA5]¯Ê³f´À¥N,¤@¯ë,¤@¯ë,,SA «÷­µ¬Û¦ü,,0,0,¬O,24.0,,§_,¬O,§_,³æ¤è,,°±¥Î,°±¥Î,¤£¥i¿i,§_,,1.00,1.00,1.00,1.00,28,28,7,7,15.00,15.00,0,0,,¦³¹Ï¤ù,,0,,0,,N07BA01,,,,,4.00,mg,30.00,mg,TAB,,°·«Oµ¹¥I,°·«Oµ¹¥I,,,A058047100,,SolidDrugForm,ORTROCHE,¦M®`¤G¯Å(¡I),,0,,0,,,,PH047,202302221503,8.00,11.00
OSTA,20060321,99999999,°±¥Î,Starlix 120mg,Starlix 120mg,Nateglinide,AC,,META,ME-02-03,¤fªA,TAB,Starlix,«D²Õ®M,°±¥Î,,¤@¯ë¥i¥Î,¬O,¤£¥i¥ÎÃÄ¥]¾÷,¥i¥Î,¤@¯ë,Á`¶q¶i¦ì,¾AÀ³¯g:¿}§¿¯f,,Indication:Treatment of type 2 diabetes,,¥~ Æ[:¶À¦â¾ò¶ê«¬¿õ¾¯¡A ¤@­±¦LSTARLIX¡A ¤@­±¦L120,Appearance:Yellow Elliptic Tablet,«y¹Â¡A »ó¶ë©Î¬y»ó¤ô¡A ³ïÄVµh,cough; runny or stuffy nose; sore throat,,¬Ò¥i¥Î,¨Ï¿}¥ßÄÀ¿õ,Starlix 120mg,,,§_,¬O,,ªAÃÄ«á30¤ÀÄÁ¤ºÀ³¶iÀ\¡A¥H§K¦å¿}¹L§C,,Take this medication within 30 minutes before the start of each meal.,,,,,¤@¯ë,¤@¯ë,Äµ »y:ªAÃÄ«á30¤ÀÄÁ¤ºÀ³¶iÀ\¡A¥H§K¦å¿}¹L§C,,,,,§_,1.0,,§_,§_,§_,³æ¤è,§_,°±¥Î,¥i¥Î,¥i¿i,¬O,,1.00,1.00,2.00,2.00,999,999,30,1,0,0,0,0,,¦³¹Ï¤ù,,0,,0,,A10BX03,,,,,,,,,TAB,,°·«Oµ¹¥I,°·«Oµ¹¥I,NATEGLINIDE,A10BX03,B023245100,§_,SolidDrugForm,ORTAB,,,,,,,,,PH047,202303141810,4.84,7.00
OSTE,19960101,99999999,°±¥Î,Stelazine 5mg,Stelazine 5mg,Trifluoperazine,PO,,CNEU,CN-02-01,¤fªA,TAB,Stelazine,«D²Õ®M,°±¥Î,,¤w°±¥Î,¬O,¤£¥i¥ÎÃÄ¥]¾÷,,¤@¯ë,Á`¶q¶i¦ì,¾AÀ³¯g:ºë¯«¬ì¥ÎÃÄ,,,,¥~ Æ[:ÂÅ¦â¶ê§ÎÃÄ¿õ,Appearance:Blue Round Tablet,,,,,,Stelazine 5mg,,,§_,¬O,,,,,,,,,¤@¯ë,¤@¯ë,,,,,,§_,1.0,,§_,§_,§_,³æ¤è,§_,¥i¥Î,¥i¥Î,¥i¿i,¬O,,1.00,1.00,999.00,999.00,999,999,1,1,0,0,0,0,,µL¹Ï¤ù,,0,,0,,,,,,,,,,,TAB,§_,°·«Oµ¹¥I,°·«Oµ¹¥I,TRIFLUOPERAZINE,N05AB06,B020487100,§_,SolidDrugForm,ORTAB,,,,,,,,,PH047,202303141810,2.00,3.00
OSTI,19960101,99999999,¥i¥Î,Stilnox 10mg,Stilnox 10mg,Zolpidem,PO,HS,CNEU,CN-02-07,¤fªA,TAB,Stilnox,«D²Õ®M,,,¤@¯ë¥i¥Î,¬O,¤£¥i¥ÎÃÄ¥]¾÷,,¤@¯ë,Á`¶q¶i¦ì,¾AÀ³¯g:¥¢¯v¯g,,Indication:Insomnia,,¥~ Æ[:¥Õ¦âªø¶ê¬W§Î¿õ¾¯¡A¤@­±¦³¤¤¥¡¨è²ª¡A¤@­±STILNOX,Appearance:White elliptic tablet,¸}¨B²Â©å©Î¤£Ã­¡A ·NÃÑ²V²c¡A§íÆ{¡A ¿³¾Ä¡A ¥¢¾Ð,Clumsiness or unsteadiness; confusion; depression¡Airritability or agitation.,,¬Ò¥i¥Î,¨Ï¸¦¿Õ´µ,Stilnox,,,¬O,¬O,½Ã±Ð³æ¥|,­Y¥X²{½ÆÂø©ÊºÎ¯v¦æ¬°¡A¦p¹Ú¹C¡BºÎ¹Ú¤¤¶}¨®µ¥¡AÀ³°±ÃÄ¨Ã¾¨³t¦^¶E¡C,,complex sleep behaviors (sleepwalking¡A sleep-driving¡A etc.) stop taking,and call your doctor.,ºÎ«e¥ß§YªA¥Î¡CªAÃÄ´Á¶¡Á×§K­¹¥Î¸²µå¬c¥Ä»P¶¼°s,Taking immediately prior to going to bed. Avoid grapefruit juice and alcohol.,,¤@¯ë,¥|¯ÅºÞ¨î,­Y¥X²{½ÆÂø©ÊºÎ¯v¦æ¬°¡A¦p¹Ú¹C¡BºÎ¹Ú¤¤¶}¨®µ¥¡AÀ³°±ÃÄ¨Ã¾¨³t¦^¶E¡C,­¹ ­¹ª«¥æ¤¬,,,,§_,1.0,,§_,¬O,¬O,³æ¤è,§_,¥i¥Î,¥i¥Î,¤£¥i¿i,¬O,,1.00,1.00,2.00,2.00,30,30,1,1,2.00,2.00,0.01,0.01,,¦³¹Ï¤ù,,0,,0,,N05CF02,,,,,10.00,mg,10.00,mg,TAB,§_,°·«Oµ¹¥I,°·«Oµ¹¥I,ZOLPIDEM,N05CF02,BC215311G0,§_,SolidDrugForm,ORTAB,,,,,,,,,PH047,202303141810,2.00,3.00
OSTR1,20080111,99999999,°±¥Î,Strattera 10mg,Strattera 10mg,Atomoxetine,PO,QD,CNEU,CN-02-08,¤fªA,CAP,Strattera,«D²Õ®M,°±¥Î,OATM10,¤@¯ë¥i¥Î,¬O,¤£¥i¥ÎÃÄ¥]¾÷,¥i¥Î,¦C¦Lªù¶EÃÄÅÒ,Á`¶q¶i¦ì,¾AÀ³¯g:ª`·N¤O¥¢½Õ¯g,,Indication:Attention deficit hyperactivity disorder,,¥~ Æ[:¥Õ¦âªø¶ê¬W«¬½¦Ån¡A ¦L¦³10 mg¤ÎLilly 3227,Appearance:White cylinder capsule,äú¤ß¡A ¹Ã¦R¡A ¯h­Â¡A ­¹¼¤´î°h¡A ¸¡µh,Nausea¡A vomiting¡A fatigue¡A decreased appetite¡A abdominal pain,,,«ä¾U½¦Ån,Strattera 10mg,,,§_,§_,½Ã±Ð³æ¥|,¥i¯à¤Þ°_¯h­Â¡A ¶ÝºÎ¡A ­¹¼¤­°§Cµ¥²{¶H,,May cause fatigue¡A sleepiness¡A decreased appetite.,,­¹ª«¥æ¤¬§@¥Î: ªAÃÄ´Á¶¡Á×§K¶¼­¹§t©@°Ø¦]ªº¶¼®Æ©Î­¹ª«¡C,Food interaction: Avoid food or beverages containing caffeine.,,¤@¯ë,¤@¯ë,Äµ »y¡G¥i¯à¤Þ°_¯h­Â¡B¶ÝºÎ¡B­¹¼¤­°§Cµ¥²{¶H,SA/­¹ «÷­µ/­¹ª«,,,,§_,1.0,,§_,§_,§_,³æ¤è,§_,¥i¥Î,¥i¥Î,¤£¥i¿i,¬O,,1.00,1.00,1.00,1.00,999,999,1,1,1.00,1.00,0,0,,¦³¹Ï¤ù,,0,,0,,N06BA09,,,,,,,,,CAP,,°·«Oµ¹¥I,°·«Oµ¹¥I,ATOMOXETINE,N06BA09,BC24514100,§_,SolidDrugForm,ORCAP,,,,,,,,,PH006,202307281213,58.00,73.00
OSTR2,20071001,99999999,°±¥Î,Strattera 25mg,Strattera 25mg,Atomoxetine,PO,QD,CNEU,CN-02-08,¤fªA,CAP,Strattera,«D²Õ®M,°±¥Î,OATM25,¤@¯ë¥i¥Î,¬O,¤£¥i¥ÎÃÄ¥]¾÷,¥i¥Î,¦C¦Lªù¶EÃÄÅÒ,Á`¶q¶i¦ì,¾AÀ³¯g:ª`·N¤O¥¢½Õ¯g,,Indication:Attention deficit hyperactivity disorder,,¥~ Æ[:ÂÅ¥Õ¦âªø¶ê¬W«¬µw½¦Ån¡A ¦L¦³25 mg¤ÎLilly 3228,Appearance:Blue/white cylinder hard capsule,äú¤ß¡A ¹Ã¦R¡A ¯h­Â¡A ­¹¼¤´î°h¡A ¸¡µh,Nausea¡A vomiting¡A fatigue¡A decreased appetite¡A abdominal pain,,¥u¥Î©óªù¶E,«ä¾U½¦Ån 25 mg,Strattera 25mg,,,§_,§_,½Ã±Ð³æ¥|,¥i¯à¤Þ°_¯h­Â¡A ¶ÝºÎ¡A ­¹¼¤­°§Cµ¥²{¶H,,May cause fatigue¡A sleepiness¡A decreased appetite.,,­¹ª«¥æ¤¬§@¥Î: ªAÃÄ´Á¶¡Á×§K¶¼­¹§t©@°Ø¦]ªº¶¼®Æ©Î­¹ª«¡C,Food interaction: Avoid food or beverages containing caffeine.,2021.09.01ÃÄ©e·|§R°£,¤@¯ë,¤@¯ë,Äµ »y¡G¥i¯à¤Þ°_¯h­Â¡B¶ÝºÎ¡B­¹¼¤­°§Cµ¥²{¶H,SA/­¹ «÷­µ/­¹ª«,,,,§_,1.0,,§_,§_,§_,³æ¤è,§_,°±¥Î,¥i¥Î,¤£¥i¿i,¬O,,1.00,1.00,1.00,1.00,999,999,28,1,1.00,1.00,0,0,,¦³¹Ï¤ù,,0,,0,,N06BA09,,,,,,,,,CAP,§_,°·«Oµ¹¥I,°·«Oµ¹¥I,ATOMOXETINE,N06BA09,BC24516100,§_,SolidDrugForm,ORCAP,,,,,,,,,PH047,202303141810,58.00,73.00
OSTR4,20080118,99999999,°±¥Î,STRATTERA 40MG,STRATTERA 40MG,Atomoxetine,PO,QD,CNEU,CN-02-08,¤fªA,CAP,Strattera,«D²Õ®M,°±¥Î,OATM40,¤@¯ë¥i¥Î,¬O,¤£¥i¥ÎÃÄ¥]¾÷,¥i¥Î,¦C¦Lªù¶EÃÄÅÒ,Á`¶q¶i¦ì,¾AÀ³¯g:ª`·N¤O¥¢½Õ¯g,,Indication:Attention deficit hyperactivity disorder,,¥~ Æ[:ÂÅ¦âªø¶ê¬W«¬µw½¦Ån¡A ¦L¦³40 mg¤ÎLilly 3229,Appearance:Blue cylinder hard capsule,äú¤ß¡A ¹Ã¦R¡A ¯h­Â¡A ­¹¼¤´î°h¡A ¸¡µh,Nausea¡A vomiting¡A fatigue¡A decreased appetite¡A abdominal pain,,¥u¥Î©óªù¶E,«ä¾U½¦Ån 40 mg,STRATTERA 40MG,,,§_,§_,½Ã±Ð³æ¥|,¥i¯à¤Þ°_¯h­Â¡A ¶ÝºÎ¡A ­¹¼¤­°§Cµ¥²{¶H,,May cause fatigue¡A sleepiness¡A decreased appetite.,,­¹ª«¥æ¤¬§@¥Î: ªAÃÄ´Á¶¡Á×§K¶¼­¹§t©@°Ø¦]ªº¶¼®Æ©Î­¹ª«¡C,Food interaction: Avoid food or beverages containing caffeine.,,¤@¯ë,¤@¯ë,Äµ »y¡G¥i¯à¤Þ°_¯h­Â¡B¶ÝºÎ¡B­¹¼¤­°§Cµ¥²{¶H,SA/­¹ «÷­µ/­¹ª«,,,,§_,1.0,,§_,§_,§_,³æ¤è,§_,°±¥Î,¥i¥Î,¤£¥i¿i,¬O,,1.00,1.00,1.00,1.00,999,999,28,1,1.00,1.00,0,0,,¦³¹Ï¤ù,,0,,0,,N06BA09,,,,,,,,,CAP,§_,°·«Oµ¹¥I,°·«Oµ¹¥I,ATOMOXETINE,N06BA09,BC24517100,§_,SolidDrugForm,ORCAP,,,,,,,,,PH047,202303141810,58.00,73.00
OSTR6,20080320,99999999,¥i¥Î,Strattera 60mg,Strattera 60mg,Atomoxetine,PO,,CNEU,CN-02-08,¤fªA,CAP,Strattera,«D²Õ®M,°±¥Î,,­­¥æ¥I½Õ¾¯,§_,¤£¥i¥ÎÃÄ¥]¾÷,¥i¥Î,¤£¦LÃÄÅÒ,Á`¶q¶i¦ì,¾AÀ³¯g¡Gª`·N¤O¥¢½Õ¯g,,Indication: Attention deficit hyperactivity disorder,,,,,,,,«ä¾U½¦Ån,Strattera 60mg,,­­ªù¶E¥æ¥I½Õ¾¯¥Î,§_,§_,½Ã±Ð³æ¥|,,,,,­¹ª«¥æ¤¬§@¥Î: ªAÃÄ´Á¶¡Á×§K¶¼­¹§t©@°Ø¦]ªº¶¼®Æ©Î­¹ª«¡C,Food interaction: Avoid food or beverages containing caffeine.,¥»ÃÄ­­ªù¶E¥æ¥I½Õ¾¯¥Î,¤@¯ë,¤@¯ë,Äµ »y¡G¥i¯à¤Þ°_¯h­Â¡B¶ÝºÎ¡B­¹¼¤­°§Cµ¥²{¶H,SA/­¹ «÷­µ/­¹ª«,,,,§_,1.0,,¬O,§_,§_,³æ¤è,§_,¥i¥Î,¥i¥Î,¤£¥i¿i,¬O,,1.00,0,1.00,0,99,0,1,0,1.00,1.00,0,0,,µL¹Ï¤ù,,0,,0,,N06BA09,,,,,,,,,CAP,,°·«Oµ¹¥I,°·«Oµ¹¥I,ATOMOXETINE,N06BA09,BC24518100,§_,SolidDrugForm,ORCAP,,,,,,,,,PH047,202402140412,63.00,79.00
OSTR8,20080111,99999999,°±¥Î,Strattera 18mg,Strattera 18mg,Atomoxetine,PO,QD,CNEU,CN-02-08,¤fªA,CAP,Strattera,«D²Õ®M,¼t°Ó¯Ê³f¡A¥i¬dÃþ¦üÃÄ,OATMX,¤@¯ë¥i¥Î,¬O,¤£¥i¥ÎÃÄ¥]¾÷,¥i¥Î,¦C¦Lªù¶EÃÄÅÒ,Á`¶q¶i¦ì,¾AÀ³¯g:ª`·N¤O¥¢½Õ¯g,,Indication:Attention deficit hyperactivity disorder,,¥~ Æ[:¶À¥Õ¦âªø¶ê¬W«¬½¦Ån¡A ¦L¦³18 mg¤ÎLilly 3238,Appearance:Yellow/white cylinder capsule,äú¤ß¡A ¹Ã¦R¡A ¯h­Â¡A ­¹¼¤´î°h¡A ¸¡µh,Nausea¡A vomiting¡A fatigue¡A decreased appetite¡A abdominal pain,,¥u¥Î©óªù¶E,«ä¾U½¦Ån 18 mg,Strattera 18mg,,,§_,§_,½Ã±Ð³æ¥|,¥i¯à¤Þ°_¯h­Â¡A ¶ÝºÎ¡A ­¹¼¤­°§Cµ¥²{¶H,,May cause fatigue¡A sleepiness¡A decreased appetite.,,­¹ª«¥æ¤¬§@¥Î: ªAÃÄ´Á¶¡Á×§K¶¼­¹§t©@°Ø¦]ªº¶¼®Æ©Î­¹ª«¡C,Food interaction: Avoid food or beverages containing caffeine.,,¤@¯ë,¤@¯ë,Äµ »y¡G¥i¯à¤Þ°_¯h­Â¡B¶ÝºÎ¡B­¹¼¤­°§Cµ¥²{¶H,SA/­¹ «÷­µ/­¹ª«,,,,§_,1.0,,§_,§_,§_,³æ¤è,§_,°±¥Î,°±¥Î,¤£¥i¿i,¬O,,1.00,1.00,1.00,1.00,999,999,28,1,1.00,1.00,0,0,,¦³¹Ï¤ù,,0,,0,,N06BA09,,,,,,,,,CAP,,°·«Oµ¹¥I,°·«Oµ¹¥I,ATOMOXETINE,N06BA09,BC24515100,§_,SolidDrugForm,ORCAP,,,,,,,,,PH047,202303141810,58.00,73.00
OSTRM,20200915,99999999,¥i¥Î,Stromectol 3mg,Stromectol 3mg,Ivermectin,AC,QD,TDER,DE-11-00,¤fªA,TAB,Stromectol,«D²Õ®M,,,¤@¯ë¥i¥Î,¬O,¥i¥ÎÃÄ¥]¾÷,±ø¥ó¤Uµ¹¥I,¤@¯ë,Á`¶q¶i¦ì,¾AÀ³¯g:¬Î½H¡A ÂÏ§Àµ·ÂÎ·P¬V¡A¸z¹DÁT¤p½uÂÎ·P¬V,,Indication:Scabies¡A Onchocerciasis¡A,Intestinal strongyloidiasis,¥~ Æ[:¥Õ¦â¶ê§Î¿õ¾¯¡A¤W¦³MSD 32¼Ð¥Ü.,Appearance:White round tablet¡A MSD 32 marked.,¸¡Âm¡Aäú¤ß¡A·w¯t¡Aæ±Äo,Diarrhea¡A nausea¡A dizziness¡A itching.,,¬Ò¥i¥Î,µ·¨C§´¿õ3²@§J,Stromectol 3mg,,,,¬O,,½ÐªÅ¸¡¨Ï¥Î¡A¦]°ª¯×ªÕ¶¼­¹·|¼W¥[ÃÄª«§l¦¬,,Take this drug before meal. A high-fat diet will increase its absorption.,,­Yµo¥ÍÃÄª«¤£¨}¤ÏÀ³½Ð§iª¾Âå®v,Check with doctor if you notice any side effects.,2020Q3ÃÄ©e·s¶i,¤@¯ë,¤@¯ë,½ÐªÅ¸¡¨Ï¥Î¡A¦]°ª¯×ªÕ¶¼­¹·|¼W¥[ÃÄª«§l¦¬,,,0,0,§_,1.0,,¬O,¬O,¬O,³æ¤è,,¥i¥Î,¥i¥Î,¥i¿i,¬O,,1.00,1.00,6.00,6.00,2,2,1,1,6.00,6.00,0.13,0.13,,¦³¹Ï¤ù,,0,,0,,P02CF01,,,,,3.00,mg,12.00,mg,TAB,,°·«Oµ¹¥I,°·«Oµ¹¥I,IVERMECTIN,P02CF01,BC27134100,,SolidDrugForm,ORTAB,,,0,,0,,,,PH047,202309191535,180.00,216.00
OSTU,20091124,99999999,°±¥Î,Stugeron 25mg,Stugeron 25mg,Cinnarizine,PO,TID,CAVS,CV-11-00,¤fªA,TAB,,«D²Õ®M,°±¥Î,,­­¥æ¥I½Õ¾¯,¬O,¤£¥i¥ÎÃÄ¥]¾÷,¥i¥Î,¤£¦LÃÄÅÒ,Á`¶q¶i¦ì,¾AÀ³¯g:äú¤ß¡B¯t·w¡B°g¸ô»ÙÃª¡B·w°Ê¯f¡B¥½±é¦åºÞ´`Àô»ÙÃª¡C,,,,,,,,,¬Ò¥i¥Î,¯Ç§Q¦N,Stugeron 25mg,,­­ªù¶E¥æ¥I½Õ¾¯¥Î,§_,¬O,,,,,,,,­­¥æ¥I½Õ¾¯,¤@¯ë,¤@¯ë,Äµ »y¡G¥i¯à¤Þ°_¯h­Â¡B¶ÝºÎ¡B­¹¼¤­°§Cµ¥²{¶H,,,,,§_,1.0,,¬O,§_,§_,³æ¤è,§_,¥i¥Î,¥i¥Î,¥i¿i,§_,,1.00,1.00,3.00,3.00,99,99,1,1,0,0,0,0,,µL¹Ï¤ù,,0,,0,,,,,,,,,,,TAB,§_,°·«Oµ¹¥I,°·«Oµ¹¥I,CINNARIZINE,N07CA02,B022053100,§_,SolidDrugForm,ORTAB,,,,,,,,,PH047,202303141810,1.50,3.00
OSTV,20140630,99999999,¥i¥Î,Stivarga 40mg (28#/Bot),Stivarga 40mg (28#/Bot),Regorafenib,PO,QD,RACA,ON-08-99,¤fªA,TAB,Stivarga,«D²Õ®M,Á{±ÄÃÄ¡A½Ð³qª¾ÃÄ§½¥~ÁÊ,,¤@¯ë°ª»ùÃÄ,¬O,¤£¥i¥ÎÃÄ¥]¾÷,¥i¥Î,¤@¯ë,Á`¶q¶i¦ì,¾AÀ³¯g:¬°§Ü¸~½FÃÄ,,Indication:Cancer therapy.,,¥~ Æ[:²H¯»¬õ¦â¾ò¶ê§Î½¤¦ç¿õ,Appearance:light pink color elliptic tablet,°ª¦åÀ£¡A¯h³Ò¡AµoÁn§xÃø¡Aµo¿N¡AÀYµh,Hypertension¡A Fatigue¡A dysphonia¡A fever¡A headache,,¬Ò¥i¥Î,Àù·ç®æ½¤¦ç¿õ40²@§J,Stivarga 40mg,,,,¬O,,ªvÀø«e¤ÎªvÀø´Á¶¡¬Ò¶·ºÊ´ú¨x¥\¯à¡C,¶·°t¦X¯×ªÕ§t¶q§C©ó30%ªº§C¯×¦­À\¡C,closely monitor for liver function.,Take with a low-fat breakfast.,¶}²~28¤Ñ«á¡A½Ð±N²~¤¤¥¼¨Ï¥ÎªºÃÄª«¥á±ó¡CªAÃÄ´Á¶¡Á×§K­¹¥Î¸²µå¬c¥Ä,Avoid grapefruit juice.Discard any unused tablets 28 days after opening.,106-2ÃÄ©e·|³q¹LÁ{±Ä¡A¤£³]°ò¥»®w¦s¡C,¤@¯ë,¤@¯ë,Äµ »y:ªAÃÄ´Á¶¡Á×§K¦Y¸²µå¬c©Î¶¼¥Î¸²µå¬c¥Ä¡A¥H§K¼vÅTÃÄª«¥NÁÂ,,,0,0,,28.0,,§_,§_,§_,³æ¤è,§_,¥i¥Î,¥i¥Î,¤£¥i¿i,¬O,,4.00,4.00,4.00,4.00,999,999,21,21,4.00,4.00,0,0,,¦³¹Ï¤ù,,0,,0,,L01EX05,,,,,0,,0,,TAB,¬O,°·«Oµ¹¥I,°·«Oµ¹¥I,REGORAFENIB,L01EX05,BC26168100,§_,SolidDrugForm,ORTAB,¦M®`¤G¯Å(¡I),,,,,,,,PH032,202303261036,885.00,1062.00
OSUB,20140905,99999999,¥i¥Î,Suboxone 8/2mg,Suboxone 8/2mg,Buprenorphine + Naloxone,SL,,CNEU,CN-01-01,¤fªA,TAB,Suboxone,«D²Õ®M,¼t°Ó¯Ê³f,,¤@¯ë¥i¥Î,¬O,¥i¥ÎÃÄ¥]¾÷,¥i¥Î,¤@¯ë,Á`¶q¶i¦ì,¾AÀ³¯g:¾~¤ùÃþª«½è¦¨Å}¤§´À¥NÀøªk¡C,,Indication:Treatment of opioid dependence.,,¥~ Æ[:¥Õ¦â¤»¨¤§Î¿õ¾¯¡A¦L¦³+¤ÎN8,Appearance:White hexagon tablet¡A marking: + and N2,ÀYµh¡A§ÙÂ_¯gª¬¡A¥X¦½¡A¯kµh,Headache¡A withdrawal syndrome¡A diaphoresis¡A pain,,¥u¥Î©óªù¶E¤Î¦í°|STAT,µÎ­¿¥Í,Suboxone 8/2mg,,,,¬O,,ªAÃÄ«á¡A ½Ð¤Å¶}¨®©Î¾Þ§@¦MÀI¾÷±ñ,,patients must be cautioned about performing tasks which require mental alertness,(eg¡A operating machinery or driving).,¥»ÃÄ¬°¦Þ¤U¿õ¡A¤£¥i©CÄZ©Î§]ªA,Sublingual use only¡A don't chew or swallow the tablet,2022.06.08¹L´ÁÃÄª«°h¼t°Ó¡A½²¨Øã¸Âå®v»¡¦³­Ó®×¦A³qª¾ÃÄ§½¶RÃÄ,¤@¯ë,¤T¯ÅºÞ¨î,Äµ »y:¥»«~¥i¯à·|­°§C±zªºª`·N¤O¡BÄµÄ±©Ê¤Î°Ê§@¨ó½Õ¯à¤O,Äµ °ªÄµ°T,,0,0,§_,1.0,,§_,¬O,§_,³æ¤è,§_,°±¥Î,°±¥Î,¤£¥i¿i,¬O,,1.00,1.00,2.00,2.00,30,30,28,1,2.00,2.00,0,0,,¦³¹Ï¤ù,,0,,0,,N07BC01,V03AB15,N07BC51,,,0,,0,,TAB,,¤£µ¹¥I¶·¦Û¥I,¤£µ¹¥I¶·¦Û¥I,,,,§_,SolidDrugForm,SLTAB,,,,,,,,,PH047,202303141810,0,160.00
OSUL,19960101,99999999,°±¥Î,Sulindec 200mg,Sulindec 200mg,Sulindac,PC,BID,CNEU,CN-01-02,¤fªA,TAB,Clinoril,«D²Õ®M,°±¥Î¡A¥i¬dÃþ¦üÃÄ,,¤@¯ë¥i¥Î,¬O,¤£¥i¥ÎÃÄ¥]¾÷,,¤@¯ë,Á`¶q¶i¦ì,¾AÀ³¯g:¤îµh¡A §Üµoª¢,,Indication:Relief of pain¡A inflammation & fever.,,¥~ Æ[:¶À¦â¤»¨¤§ÎÃÄ¿õ¡A¤@­±¦³¤¤¥¡¨è²ª¡A¤@­±SDS,Appearance:Yellow hexagon tablet,¸z­G¾÷¯à»ÙÃª¡A ÀYµh¡A ·w¯t¡A ¼ìºÅ,GI disturbances¡A headache¡A dizziness¡A GI ulceration,,,½ç¤Oµh§J,Sulindec 200mg,,,§_,¬O,,­Yµo¥Í³ïµh¡B¤fµÄ/ÂH½¤¼ìÄê¡BÄY­«¹L±Ó©Îµo¯lµ¥¤£¾A¯gª¬¡A À³§Y°±ÃÄ¨Ã½Ð±ÐÂå®v,,Report to doctor¡A if any sore throat¡A mouth ulcers or skin rash occur.,,,,,¤@¯ë,¤@¯ë,Äµ »y: ­Yµo¥ÍÄY­«¹L±Ó©Îµo¯lµ¥¤£¾A¯gª¬¡AÀ³§Y°±ÃÄ¨Ã½Ð±ÐÂå®v,,,,,§_,1.0,,§_,§_,§_,³æ¤è,§_,¥i¥Î,¥i¥Î,¥i¿i,¬O,,1.00,1.00,1.00,1.00,999,999,0,1,2.00,2.00,0.04,0.02,,¦³¹Ï¤ù,,0,,0,,M01AB02,,,,,,,,,TAB,§_,°·«Oµ¹¥I,°·«Oµ¹¥I,SULINDAC,M01AB02,AC26677100,§_,SolidDrugForm,ORTAB,,,,,,,,,PH047,202303141810,1.98,3.00
OSULF,20020523,99999999,°±¥Î,Sulfin 100mg,Sulfin 100mg,Sulfinpyrazone,PO,,CNEU,CN-01-04,¤fªA,TAB,Sulfin,«D²Õ®M,°±¥Î,,¤@¯ë¥i¥Î,¬O,¤£¥i¥ÎÃÄ¥]¾÷,¥i¥Î,¤@¯ë,Á`¶q¶i¦ì,¾AÀ³¯g:¬°­°§¿»Ä¾¯,,Chronic gouty arthritis and intermittent gouty arthritis,,¥~ Æ[:¾Tºä¥]¸Ë¡A¤º¬°¥Õ¦â¶ê§Î¿õ¾¯,Appearance:White Round Tablet,,,,¬Ò¥i¥Î,,Sulfin 100mg,,,§_,¬O,,,,,,,,,¤@¯ë,¤@¯ë,,,,,,§_,1.0,,§_,§_,§_,³æ¤è,§_,¥i¥Î,¥i¥Î,¥i¿i,¬O,,1.00,1.00,99.00,99.00,99,99,1,1,0,0,0,0,,µL¹Ï¤ù,,0,,0,,,,,,,,,,,TAB,,°·«Oµ¹¥I,°·«Oµ¹¥I,SULFINPYRAZONE,M04AB02,A041673100,§_,SolidDrugForm,ORTAB,,,,,,,,,PH047,202303141811,7.50,10.00
OSUN,20160615,99999999,°±¥Î,Sunvepra 100mg,Sunvepra 100mg,Asunaprevir,PO,BID,QANB,AI-03-04,¤fªA,CAP,Sunvepra,«D²Õ®M,Á{±ÄÃÄ¡A½Ð³qª¾ÃÄ§½¥~ÁÊ,,ÃÄ©e·|Á{±Ä,¬O,¤£¥i¥ÎÃÄ¥]¾÷,±ø¥ó¤Uµ¹¥I,¤@¯ë,Á`¶q¶i¦ì,¾AÀ³¯g:ºC©ÊC«¬¨xª¢,,Indication:Chronic hepatitis C virus infection in adults,,¥~ Æ[:¶À¦â¾ò¶ê§Î³n½¦Ån¡A ¤@­±¦LBMS¡A 711,Appearance:Yellow elliptic capsule¡A marking: BMS and 711,¯h³Ò¡AÀYµh¡A¥¢¯v¡A·ÐÄ¼¡A¥Ö¯l¡A²æ¾v¡Aäú¤ß,Fatigue¡A headache¡A insomnia¡A irritability¡A skin rash¡A alopecia¡A nausea,¯S®íÃþ§Ü¥Í¯À,¥u¥Î©óªù¶E¤Î¦í°|STAT,³t«Â¤z³n½¦Ån100²@§J,Sunvepra 100mg,,­­¦Û¶O,,¬O,,­Y¥X²{¥ô¦ó°Æ§@¥Î¼x¶HÀ³¥ß§Y»PÂå®vÁpÃ´¡C,(¨x¥\¯à²§±`: ²§±`¯h­Â¡B¥Ö½§ÅÜ¶À¡B§¿²GÅÜ²`¡BÁT«KÅÜ¥Õ),Check with doctor if you notice any side effects.,(Signs of liver dysfunction: unusual fatigue¡Ajaundice¡A dark urine¡A or pale stool,»Ý¦X¨Ö¨Ï¥Î Daclatasvir,Combination with Daclatasvir.,,¤@¯ë,¤@¯ë,­Y¥X²{¨x¥\¯à²§±`°Æ§@¥Î( ²§±`¯h­Â¡B¥Ö½§ÅÜ¶À¡B§¿²GÅÜ²`¡BÁT«KÅÜ¥Õ)À³¥ß§Y»PÂå®vÁpÃ´¡C,,,0,0,§_,1.0,,§_,§_,§_,³æ¤è,§_,¥i¥Î,¥i¥Î,¤£¥i¿i,¬O,,1.00,1.00,1.00,1.00,168,168,28,1,2.00,2.00,0,0,,¦³¹Ï¤ù,,0,,0,,J05AE15,J05AP06,,,,0,,0,,CAP,,°·«Oµ¹¥I,°·«Oµ¹¥I,ASUNAPREVIR,J05AP06,BC26660100,§_,SolidDrugForm,ORCAP,,,,,,,,,PH047,202401261313,149.00,179.00
OSUR,19960101,99999999,°±¥Î,Surgam 200mg,Surgam 200mg,Tiaprofenic Acid,PO,,CNEU,CN-01-02,¤fªA,TAB,Surgem,«D²Õ®M,°±¥Î,,¤@¯ë¥i¥Î,¬O,¥i¥ÎÃÄ¥]¾÷,,¤@¯ë,Á`¶q¶i¦ì,¾AÀ³¯g:¬°¤îµh®øª¢ÃÄ,,Antiinflammatory agent with analgesic and antipyretic,,¥~ Æ[:¥Õ¦â¶ê«ó§Î¿õ¾¯,Appearance:White Round Tablet,,,,,¥q°·,Surgam 200mg,,,§_,¬O,,,,,,,,,¤@¯ë,¤@¯ë,Äµ »y: ­Yµo¥ÍÄY­«¹L±Ó©Îµo¯lµ¥¤£¾A¯gª¬¡AÀ³§Y°±ÃÄ¨Ã½Ð±ÐÂå®v,,,,,§_,1.0,,§_,§_,§_,³æ¤è,§_,¥i¥Î,¥i¥Î,¥i¿i,¬O,,1.00,1.00,1.00,1.00,999,999,1,1,0,0,0,0,,µL¹Ï¤ù,,0,,0,,,,,,,,,,,TAB,§_,°·«Oµ¹¥I,°·«Oµ¹¥I,TIAPROFENIC ACID,M01AE11,B022728100,§_,SolidDrugForm,ORTAB,,,,,,,,,PH047,202303141811,4.13,5.00
OSUR2,20010726,99999999,°±¥Î,Surin 200mg,Surin 200mg,Sulpiride,PO,,CNEU,CN-02-01,¤fªA,TAB,Dogmatyl,«D²Õ®M,°±¥Î,ODOG2,¤@¯ë¥i¥Î,¬O,¥i¥ÎÃÄ¥]¾÷,¥i¥Î,¤@¯ë,Á`¶q¶i¦ì,¾AÀ³¯g:¼~Æ{¯gª¬,,,,¥~ Æ[:¥Õ¦â¶ê§ÎÃÄ¿õ,Appearance:White Round Tablet,,,,¬Ò¥i¥Î,,Surin 200mg,,,§_,¬O,,,,,,,,,¤@¯ë,¤@¯ë,,,,,,§_,1.0,,§_,§_,§_,³æ¤è,§_,¥i¥Î,¥i¥Î,¥i¿i,¬O,,1.00,1.00,999.00,999.00,999,999,1,1,0,0,0,0,,µL¹Ï¤ù,,0,,0,,,,,,,,,,,TAB,,°·«Oµ¹¥I,°·«Oµ¹¥I,SULPIRIDE,N05AL01,A033387100,§_,SolidDrugForm,ORTAB,,,,,,,,,PH047,202303141811,8.10,11.00
OSUT,20070401,99999999,¥i¥Î,Sutent 12.5mg,Sutent 12.5mg,Sunitinib,PO,QD,RACA,ON-08-99,¤fªA,CAP,Sutent,«D²Õ®M,Á{±ÄÃÄ¡A½Ð³qª¾ÃÄ§½¥~ÁÊ,,­Ó®×Á{±Ä,¬O,¤£¥i¥ÎÃÄ¥]¾÷,,¤@¯ë,Á`¶q¶i¦ì,¾AÀ³¯g:ªvÀø¸z­G¹D¶¡½è¸~½F¡AµÇ²Ó­MÀù¡A¯ØÅ¦¯«¸g¤º¤Àªc¸~½F,,Indication:Cancer therapy.,,¥~ Æ[:¾í¦âªø¶ê¬W§Îµw½¦Ån¡A ¦L¦³Pfizer¤ÎSTN 12.5mg,Appearance:Orange Cylinder Hard Capsule,¯h­Â¡A µL¤O¡A ¸¡Âm¡A äú¤ß¡A Öß½¤ª¢¡A ¤fµÄª¢,Fatigue¡A asthenia¡A diarrhea¡A nausea¡A mucositis/stomatitis,,¬Ò¥i¥Î,ÓVÀù¯S½¦Ån12.5²@§J,Sutent 12.5mg,,,§_,¬O,,¥»«~¬°­«¯gªvÀøÃÄ¡A ½Ð¨Ì·ÓÂå®v«ü¥Ü¨Ï¥Î,ªvÀø´Á¶¡¤ò¾v©Î¥Ö½§¥i¯à·|ÅÜ¦â¡C,Follow doctor's advice. Check with doctor if you notice any side effects.,Hair or skin may change color during treatment.,­Y¥Ö½§¥X²{¤ôªw¡B¥Ö¯l©ÎÄY­«¥Ö½§¤ÏÀ³¡A¶·¥ß¨è³qª¾Âå®v©ÎÂåÀø±M·~¤H­û¡C,If skin blisters¡A rash or severe skin reaction occurs¡A notify doctor immediately,,¤@¯ë,¤@¯ë,Äµ »y:¥»«~¬°­«¯gªvÀøÃÄª«¡A½Ð¨Ì·ÓÂå®v«ü¥Ü¨Ï¥Î¡C,,,,,§_,1.0,,§_,§_,§_,³æ¤è,§_,¥i¥Î,¥i¥Î,¤£¥i¿i,¬O,,1.00,1.00,4.00,4.00,28,28,1,1,0,0,0,0,,¦³¹Ï¤ù,,0,,0,,L01EX01,,,,,,,,,CAP,¬O,°·«Oµ¹¥I,°·«Oµ¹¥I,SUNITINIB,L01EX01,BC24593100,§_,SolidDrugForm,ORCAP,¦M®`¤G¯Å(¡I),,,,,,,,PH047,202306121740,424.00,509.00
OSUZ,20091001,99999999,¥i¥Î,Suzin 5mg,Suzin 5mg,Flunarizine,PO,HS,CAVS,CV-11-00,¤fªA,CAP,Sibelium,«D²Õ®M,,,¤@¯ë¥i¥Î,¬O,¥i¥ÎÃÄ¥]¾÷,¥i¥Î,¤@¯ë,Á`¶q¶i¦ì,¾AÀ³¯g:¥Dªväú¤ß¡A ¯t·w¡A ·w°Ê¯f¡A ¥½±é¦åºÞ´`Àô»ÙÃªµ¥,,Indication:Treatment of cerebral circulation disorders.,,¥~ Æ[:¾ï¬õ/¦Ç¶Â¦âªø¶ê¬W§Î½¦Ån¡A ¦L¦³STD520,Appearance:Orange/grey cylinder capsule,©ü©ü±ýºÎ¡A ­¹¼¤¼W¥[¡A Åé­«¼W¥[,Drowsiness¡A increased appetite and/or weight gain.,,¬Ò¥i¥Î,µÎ¸£½¦Ån,Suzin 5mg,,,¬O,¬O,,¥i¯à·|³y¦¨¶ÝºÎ©Î·w¯t¡A ¶}¨®©Î¾Þ§@¦MÀI¾÷¾¹½Ð¤p¤ß,,May make you dizzy; use caution while driving or operating machinery.,,,,,¤@¯ë,¤@¯ë,Äµ »y:¥i¯à·|³y¦¨¶ÝºÎ©Î·w¯t¡A ¶}¨®©Î¾Þ§@¦MÀI¾÷¾¹½Ð¤p¤ß,,,,,§_,1.0,,§_,¬O,§_,³æ¤è,§_,¥i¥Î,¥i¥Î,¥i¿i,¬O,,1.00,1.00,2.00,2.00,999,999,1,1,2.00,2.00,0,0,,¦³¹Ï¤ù,,0,,0,,N07CA03,,,,,,,,,CAP,§_,°·«Oµ¹¥I,°·«Oµ¹¥I,FLUNARIZINE,N07CA03,AC295721G0,§_,SolidDrugForm,ORCAP,,,,,,,,,PH047,202303141811,2.00,3.00
OSWI,20110801,99999999,¥i¥Î,Switane 2mg,Switane 2mg,Trihexyphenidyl,PO,BID,CNEU,CN-03-03,¤fªA,TAB,Artane,«D²Õ®M,,,¤@¯ë¥i¥Î,¬O,¤£¥i¥ÎÃÄ¥]¾÷,¥i¥Î,¤@¯ë,Á`¶q¶i¦ì,¾AÀ³¯g:©¬ª÷´Ë¤ó¯g­Ô¸s,,Indication:Parkinsonism.,,¥~ Æ[:¥Õ¦â¶ê«ó§Î¿õ¾¯¡A ¤@­±¦³¤¤¥¡¨è²ª¡A ¤@­±¦LSWISS2,Appearance:White round tablet,«K¯µ¡A ¬y¦½´î¤Ö¡A ±Æ§¿¯kµh¡A ©ü©ü±ýºÎ¡A ¤f°®¡A ¬È¥ú¡A ¹Ã¦R,Constipation; sweat less; difficult urination; sleepy; dryness of mouth.,,¬Ò¥i¥Î,·ç¤¦¿õ,Switane,,,§_,¬O,,ªAÃÄ«á¡A ½Ð¤Å¶}¨®©Î¾Þ§@¦MÀI¾÷±ñ; ¤Å¶¼°s,,Be careful driving or operating machinery. Avoid alcohol.,,,,,¤@¯ë,¤@¯ë,Äµ »y:ªAÃÄ«á¡A½Ð¤Å¶}¨®©Î¾Þ§@¦MÀI¾÷±ñ¡F¤Å¶¼°s,,,,,§_,1.0,,§_,¬O,§_,³æ¤è,§_,¥i¥Î,¥i¥Î,¥i¿i,¬O,,1.00,1.00,2.00,2.00,999,999,1,1,7.00,7.00,0,0,,¦³¹Ï¤ù,,0,,0,,N04AA01,,,,,,,,,TAB,,°·«Oµ¹¥I,°·«Oµ¹¥I,TRIHEXYPHENIDYL,N04AA01,AC395971G0,§_,SolidDrugForm,ORTAB,,,,,,,,,PH047,202303141811,2.00,3.00
OSYN,19960101,99999999,°±¥Î,Synorid 100mg,Synorid 100mg,Allopurinol,PO,,CNEU,CN-01-04,¤fªA,TAB,,«D²Õ®M,°±¥Î,OTON,¤@¯ë¥i¥Î,¬O,¥i¥ÎÃÄ¥]¾÷,,¤@¯ë,Á`¶q¶i¦ì,¾AÀ³¯g:¬°­°§¿»Ä¾¯,,,,,,,,,,,Synorid 100mg,,,§_,¬O,,,,,,,,,¤@¯ë,¤@¯ë,,,,,,§_,1.0,,§_,§_,§_,³æ¤è,§_,¥i¥Î,¥i¥Î,¥i¿i,¬O,,1.00,1.00,999.00,999.00,999,999,1,1,0,0,0,0,,µL¹Ï¤ù,,0,,0,,,,,,,,,,,TAB,§_,°·«Oµ¹¥I,°·«Oµ¹¥I,ALLOPURINOL,M04AA01,A040106100,§_,SolidDrugForm,ORTAB,,,,,,,,,PH047,202303141811,5.20,8.00
OSYN1,20201202,99999999,¥i¥Î,Syntam F.C. 1200mg(ªY©Z),Syntam F.C. 1200mg(ªY©Z),Piracetam,PO,QD,CNEU,CN-03-11,¤fªA,TAB,Nuxitam,«D²Õ®M,,,¤@¯ë¥i¥Î,¬O,¤£¥i¥ÎÃÄ¥]¾÷,¥i¥Î,¤@¯ë,Á`¶q¶i¦ì,¾AÀ³¯g:¸£¦åºÞ»ÙÃª§ïµ½¾¯,,Indication:Treatment of cerebral circulatory insufficiency,,¥~ Æ[:¥Õ¦âªø¶ê¬W§Î¿õ¾¯¡A ¤@­±¦LS¤ÎY¡A ¨â­±³£¦³¤¤¥¡¨è²ª,Appearance:White cylinder tablet,¹B°Ê¾÷¯à¤®¶i¡A Åé­«¼W¥[¡A µJÄ¼,Hyperkinesia¡A weight gain¡A nervousness,,¬Ò¥i¥Î,ªY©Z½¤¦ç¿õ1200²@§J,Syntam F.C. 1200mg,,,,¬O,,­Y¦P®É¨Ö¥Î§Ü¾®¦å¾¯warfarin¤§±wªÌ¡A ½Ð°È¥²§iª¾Âå®v,,Imform your doctor if you are taking warfarin.,,,,2020/12 [ONUX]¯Ê³f´À¥N,¤@¯ë,¤@¯ë,Äµ »y:­Y¦P®É¨Ö¥Î§Ü¾®¦å¾¯warfarin¤§±wªÌ¡A ½Ð°È¥²§iª¾Âå®v,,¤fªAÃÄ,0,0,§_,1.0,,§_,¬O,§_,³æ¤è,§_,¥i¥Î,¥i¥Î,¥i¿i,¬O,,1.00,1.00,1.00,1.00,999,999,1,1,20.00,20.00,0,0,,¦³¹Ï¤ù,,0,,0,,N06BX03,,,,,0,,0,,TAB,,°·«Oµ¹¥I,°·«Oµ¹¥I,PIRACETAM,N06BX03,AC466811G0,,SolidDrugForm,ORTAB,,,0,,0,,,,PH047,202309031403,2.00,3.00
OSYN2,20120625,99999999,°±¥Î,Syntam granules 2400mg,Syntam granules 2400mg,Piracetam,PO,QD,CNEU,CN-03-11,¤fªA,PK,Knowful,«D²Õ®M,°±¥Î,,¤@¯ë¥i¥Î,¬O,¤£¥i¥ÎÃÄ¥]¾÷,¥i¥Î,¤@¯ë,Á`¶q¶i¦ì,¾AÀ³¯g:¬°¸£¦åºÞ»ÙÃª§ïµ½¾¯,,Indication:Treatment of cerebral circulatory insufficiency.,,¥~ Æ[:¾ï¥Õ¦â¬Û¶¡¾Tºä¥]¸Ë,Appearance:White granules,¹B°Ê¾÷¯à¤®¶i¡A Åé­«¼W¥[¡A µJÄ¼,Hyperkinesia¡A weight gain¡A nervousness,,¬Ò¥i¥Î,°q´¼ ¤fªAÁû²É¾¯,Syntam granules 2400mg,,,§_,¬O,,­Y¦P®É¨Ö¥Î§Ü¾®¦å¾¯warfarin¤§±wªÌ¡A ½Ð°È¥²§iª¾Âå®v,,Imform your doctor if you are taking warfarin.,,¨C¥]¥[¤J50~100mL¤ô¤¤·»¸ÑªA¥Î¡A ©Î¥iª½±µ¨ì¤J¤f¤¤¨Ã³Ü¾A¶q¤ô§]ªA,Mix each package thoroughly with 50~100mL fluid before taking.,105-4 ÃÄ©e·|¨MÄ³§R°£,¤@¯ë,¤@¯ë,Äµ »y:­Y¦P®É¨Ö¥Î§Ü¾®¦å¾¯warfarin¤§±wªÌ¡A ½Ð°È¥²§iª¾Âå®v,,,0,0,§_,1.0,,§_,§_,§_,³æ¤è,§_,¥i¥Î,¥i¥Î,¥i¿i,¬O,,1.00,1.00,2.00,2.00,999,999,1,1,10.00,10.00,0,0,,¦³¹Ï¤ù,,0,,0,,N06BX03,,,,,,,,,PK,,°·«Oµ¹¥I,°·«Oµ¹¥I,PIRACETAM,N06BX03,AC48727113,§_,SolidDrugForm,GRAN,,,,,,,,,PH047,202303141811,6.00,8.00
OSYN3,20150312,99999999,¥i¥Î,Syndoman 30mg,Syndoman 30mg,Flurazepam,PO,HS,CNEU,CN-02-02,¤fªA,CAP,Dalmane,«D²Õ®M,,,¤@¯ë¥i¥Î,¬O,¤£¥i¥ÎÃÄ¥]¾÷,,¤@¯ë,Á`¶q¶i¦ì,¾AÀ³¯g:¥¢¯v,,Indication:Treatment of insomnia.,,¥~ Æ[:¶Â/¦Ç¦â½¦Ån¡A¦L¦³ST¤Î30,Appearance:Black/Gray color capsule¡A marking:"ST" and "30",ÀY·w¡A¶ÝºÎ¡A°O¾Ð»ÙÃª¡A¨¥»y¤£²M,dizziness¡A drowsiness¡A memory impairment¡A slurred speech,,¬Ò¥i¥Î,ªY±o¯v½¦Ån30²@§J,Syndoman 30mg,,,¬O,¬O,,ªAÃÄ«á¡A ½Ð¤Å¶}¨®©Î¾Þ§@¦MÀI¾÷±ñ; ¤Å¶¼°s,,Be careful driving or operating machinery. Avoid alcohol.,,,,2015¦~²Ä¤@¦¸ÃÄ©e·|³q¹L·s¶i¨ú¥N,¤@¯ë,¥|¯ÅºÞ¨î,Äµ »y:ªAÃÄ«á¡A½Ð¤Å¶}¨®©Î¾Þ§@¦MÀI¾÷±ñ¡F¤Å¶¼°s,­¹ ­¹ª«¥æ¤¬,,0,0,§_,1.0,,§_,¬O,§_,³æ¤è,§_,¥i¥Î,¥i¥Î,¤£¥i¿i,¬O,,1.00,1.00,2.00,2.00,30,30,1,1,2.00,2.00,0,0,,¦³¹Ï¤ù,,0,,0,,N05CD01,,,,,0,,0,,CAP,§_,°·«Oµ¹¥I,°·«Oµ¹¥I,FLURAZEPAM,N05CD01,AC42222100,§_,SolidDrugForm,ORCAP,,,,,,,,,PH047,202303141811,3.52,5.00
OSYNG,20191215,99999999,¥i¥Î,Syntam granules 1200mg/¥],Syntam granules 1200mg,Piracetam,PO,QD,CNEU,CN-03-11,¤fªA,PK,Knowful,«D²Õ®M,,,¤@¯ë¥i¥Î,¬O,¤£¥i¥ÎÃÄ¥]¾÷,¥i¥Î,¤@¯ë,Á`¶q¶i¦ì,¾AÀ³¯g:¬°¸£¦åºÞ»ÙÃª§ïµ½¾¯,,Indication:Treatment of cerebral circulatory insufficiency.,,¥~ Æ[:µµ¥Õ¦â¬Û¶¡¾Tºä¥]¸Ë,Appearance:White granules,¹B°Ê¾÷¯à¤®¶i¡A Åé­«¼W¥[¡A µJÄ¼,Hyperkinesia¡A weight gain¡A nervousness,,¬Ò¥i¥Î,°q´¼ ¤fªAÁû²É¾¯ 1200mg,Syntam granules 1200mg,,,,¬O,,­Y¦P®É¨Ö¥Î§Ü¾®¦å¾¯warfarin¤§±wªÌ¡A ½Ð°È¥²§iª¾Âå®v,,Inform your doctor if you are taking warfarin.,,­Ë¤J¾A¶q(¬ù50mL)¤ô¤¤·»¸Ñ«áªA¥Î.,Mix each package thoroughly with water (about 50mL) before taking it.,2019.Q4ÃÄ©e·s¶i,¤@¯ë,¤@¯ë,Äµ »y:­Y¦P®É¨Ö¥Î§Ü¾®¦å¾¯warfarin¤§±wªÌ¡A ½Ð°È¥²§iª¾Âå®v,,Áû²É¾¯,0,0,§_,1.0,,§_,¬O,§_,³æ¤è,,¥i¥Î,¥i¥Î,¥i¿i,¬O,,1.00,1.00,4.00,4.00,999,999,1,1,20.00,20.00,0,0,,¦³¹Ï¤ù,,0,,0,,N06BX03,,,,,0,,0,,¥],,°·«Oµ¹¥I,°·«Oµ¹¥I,PIRACETAM,N06BX03,AC48082197,,SolidDrugForm,GRAN,,,0,,0,,,,PH047,202303131825,6.00,8.00
OSYNS,20091025,99999999,¥i¥Î,Synseq (28 tablets/box),Synseq (28 tablets/box),Estradiol + Medroxyprogesterone,PO,QD,HM,HR-03-04,¤fªA,TAB,Diviseq,«D²Õ®M,,,¤@¯ë¥i¥Î,¬O,¤£¥i¥ÎÃÄ¥]¾÷,¥i¥Î,¤@¯ë,Á`¶q¶i¦ì,¾AÀ³¯g:°±¸g¯g­Ô¸s²üº¸»X¤§¸É¥R,,Indication:Hormonal replacement therapy.,,¥~ Æ[:¥Õ/ÂÅ/¯»¬õ¤TºØÃC¦â¶ê§Î¿õ¾¯,Appearance:White/blue/red round tablet,¥Ö½§¬õ¯l¡A ¤UªÏ¤ô¸~¡A ÀY·w¡A ÀYµh¡A ¤£³W«h¥X¦å,Skin rash¡A swelling of lower legs¡A dizziness¡A headache¡A irregular bleeding,,¬Ò¥i¥Î,ªY©y­Å¿õ,Synseq (28 tablets/box),,,§_,¬O,,¨ÌÃÄ«~¥]¸Ë­I­±ªº§Ç¸¹ªA¥Î¡A ­Y«ùÄò¦³¤£©ú­ì¦]¥X¦å¡A ½Ð¦^¶E,,Taking in accordance with the serial number on the back of the package.,,,,,¤@¯ë,¤@¯ë,Äµ »y:¨ÌÃÄ«~¥]¸Ë­I­±ªº§Ç¸¹ªA¥Î¡A ­Y«ùÄò¦³¤£©ú­ì¦]¥X¦å½Ð¦^¶E,,,,,§_,28.0,,§_,¬O,§_,½Æ¤è,§_,¥i¥Î,¥i¥Î,¤£¥i¿i,¬O,,1.00,1.00,2.00,2.00,999,999,28,28,4.00,4.00,0,0,,¦³¹Ï¤ù,,0,,0,,G03CA03,,,,,,,,,TAB,§_,°·«Oµ¹¥I,°·«Oµ¹¥I,ESTRADIOL VALERATE 2MG + MEDROXYPROGESTERONE 10MG,G03CA03,AC50089100,§_,SolidDrugForm,ORTAB,¦M®`¤G¯Å(¡I),,,,,,,,PH047,202303141811,4.04,6.00
OSYNT,20181109,99999999,°±¥Î,Syntrend 25mg,Syntrend 25mg,Carvedilol,PO,QD,CAVS,CV-04-02,¤fªA,TAB,Dilatrend,«D²Õ®M,°±¥Î,ODILA,¤@¯ë¥i¥Î,¬O,¤£¥i¥ÎÃÄ¥]¾÷,,¤@¯ë,Á`¶q¶i¦ì,¾AÀ³¯g:¥Dªv°ª¦åÀ£¡A Æ{¦å©Ê¤ß°IºÜ,,Indication:Hypertention¡A congestive heart failure.,,¥~ Æ[:¥Õ¦â¶ê«ó§Î¿õ¾¯¡A¦L¦³SYNTREND¤ÎS Y,Appearance:White round tablet; Markings:SYNTREND¡A S Y,¹L±Ó¡A ÀY·w¡A ©I§l§xÃø¡A ¤ß¸õÅÜºC¡A ¤ô¸~¡A Åé­«¼W¥[,Allergy¡A chest pain¡A dizziness¡A shortness of breath¡A slow heartbeat¡A edema,,¬Ò¥i¥Î,¤ß¥þ¿õ25²@§J,Syntrend 25mg,,,¬O,¬O,,½Ð¿í·ÓÂå®v«ü¥Ü¥ÎÃÄ¡A ¤Å¦Û¦æ§ó§ï¾¯¶q©Î¥ÎÃÄ®É¶¡,,Follow doctor's advice. Do not change your dose or schedule.,,,,2018.11 Dilatrend 25mg ¯Ê³f¼È¥N,¤@¯ë,¤@¯ë,Äµ »y:½Ð¿í·ÓÂå®v«ü¥Ü¥ÎÃÄ¡A¤Å¦Û¦æ§ó§ï¾¯¶q©Î¥ÎÃÄ®É¶¡¡C,,,0,0,§_,1.0,,§_,,§_,³æ¤è,,°±¥Î,¥i¥Î,¥i¿i,¬O,,1.00,1.00,2.00,2.00,999,999,1,1,2.00,2.00,0,0,,¦³¹Ï¤ù,,0,,0,,C07AG02,,,,,0,,0,,TAB,,°·«Oµ¹¥I,°·«Oµ¹¥I,CARVEDILOL,C07AG02,AC46404100,,SolidDrugForm,ORTAB,,,0,,0,,,,PH006,201904030759,3.19,5.00
OTAG4,19960101,99999999,°±¥Î,Tagamet 400mg,Tagamet 400mg,Cimetidine,PO,,ALIM,GI-01-03,¤fªA,TAB,,«D²Õ®M,°±¥Î,,¤@¯ë¥i¥Î,¬O,¥i¥ÎÃÄ¥]¾÷,±ø¥ó¤Uµ¹¥I,¤@¯ë,Á`¶q¶i¦ì,¾AÀ³¯g:­G©Î¤Q¤G«ü¸z¼ìºÅ¡B°f¬y©Ê­¹¹Dª¢,,,,,,,,,,,Tagamet 400mg,,,§_,¬O,,,,,,,,,¤@¯ë,¤@¯ë,,,,,,§_,1.0,,§_,§_,§_,³æ¤è,§_,¥i¥Î,¥i¥Î,¥i¿i,¬O,,1.00,1.00,999.00,999.00,999,999,1,1,0,0,0,0,,µL¹Ï¤ù,,0,,0,,,,,,,,,,,TAB,§_,°·«Oµ¹¥I,°·«Oµ¹¥I,CIMETIDINE,A02BA01,A034059100,§_,SolidDrugForm,ORTAB,,,,,,,,,PH047,202303141811,14.70,20.00
OTAI,20221223,99999999,¥i¥Î,Taigexyn 250mg,Taigexyn 250mg,Nemonoxacin,AC,QD,QANB,AI-01-08,¤fªA,CAP,Taigexyn,«D²Õ®M,,,¤@¯ë¥i¥Î,¬O,¤£¥i¥ÎÃÄ¥]¾÷,±ø¥ó¤Uµ¹¥I,¤@¯ë,Á`¶q¶i¦ì,¾AÀ³¯g:¦¨¤H²Óµß©Ê·P¬V,,Indication:Antibiotic for infection in adult patients.,,¥~ Æ[:²HÂÅ¦â½¦Ån¡A¤W¦³TG¤Î250¼Ð¥Ü,Appearance:light blue capsule¡A with TG and 250 marked,äú¤ß¡A¸¡Âm¡A¸¡³¡¤£¾A¡AÀY·w¡AÀYµh¡A¥Ö¯l,nausea¡A diarrhea¡A abdominal discomfort¡A dizziness¡A headache¡A rash,,¬Ò¥i¥Î,¤Ó±¶«H½¦Ån250²@§J(©`¿Õ¨F¬P),Taigexyn 250mg,,,,,,¤Å»PÅKÆQ¡B¶t¤ù¡B¨î»Ä¾¯¡B§t©@°Ø¦]¤Î¨Å»s«~ªº­¹ª«¨ÖªA,­«¯g¦ÙµL¤O±wªÌ¡BÃh¥¥¡B­÷¨Å¤£«ØÄ³¨Ï¥Î,Avoid taking with Ferrous¡A Calcium or caffeine and dairy foods.,It is not recommended for patients with myasthenia gravis¡A pregnancy¡A lactation,¥»ÃÄ»ÝªÅ¸¡ªA¥Î(¶¡¹j¦Ü¤Ö2¤p®É),Should be taken on an empty stomach (at least 2 hours apart),2022Q4ÃÄ©e·s¶i,¤@¯ë,¤@¯ë,Äµ »y:½Ð¤Å©MÅKÆQ©Î¨î»Ä¾¯¤@°_ªA¥Î¡C,,,0,0,§_,1.0,,§_,¬O,§_,³æ¤è,,°±¥Î,,¤£¥i¿i,¬O,,2.00,2.00,2.00,2.00,10,10,0,1,2.00,2.00,0.01,0.01,,¦³¹Ï¤ù,,0,,0,,J01MB08,,,,,0.25,g,0.50,g,CAP,,°·«Oµ¹¥I,°·«Oµ¹¥I,NEMONOXACIN,J01MB08,AC58540100,,SolidDrugForm,ORCAP,,,0,,0,,,,PH047,202401261229,161.00,193.00
OTAK,20060201,99999999,¥i¥Î,Takepron OD 30mg,Takepron OD 30mg,Lansoprazole,PO,QDAC,ALIM,GI-01-02,¤fªA,TAB,Takepron,«D²Õ®M,,,¤@¯ë¥i¥Î,¬O,¤£¥i¥ÎÃÄ¥]¾÷,±ø¥ó¤Uµ¹¥I,¤@¯ë,Á`¶q¶i¦ì,¾AÀ³¯g:ªvÀø®ø¤Æ©Ê¼ìºÅ¡B°f¬y©Ê­¹¹Dª¢¡B­G­¹¹D°f¬y¡C,,Indication:Peptic ulcers¡A gastroesophageal reflux disease,,¥~ Æ[:¥Õ¦â¶ê«ó§Î¿õ¾¯¡A´²§G¾í¬õ¦â´³ÂI,Appearance:White round tablet,¸¡µh¡B«K¯µ¡B¸¡Âm¡Bäú¤ß¡BÀYµh¡C,Abdominal pain¡A constipation¡A diarrhea¡A nausea¡A headache.,,¬Ò¥i¥Î,®õ§J­G³q¤f·»¿õ30²@§J,Takepron OD 30mg,,,§_,¬O,,¥»ÃÄ©ö©ó¤f¤¤±Y´²¡A¥i³Ü¤ô©Î¤£³Ü¤ô§]ªA¡C,­fà¬§¿¯g±wªÌÀ³ÂÔ·V¨Ï¥Î¡A¨CÁû¿õ¾¯§t¦³3²@§Jªü´µ¤Ú²¢¡C,Easily dissolves in the mouth¡A can be taken with or without water.,Caution for phenylketonuria patients; each tablet contains 3mg aspartame.,ªAÃÄ´Á¶¡­Y¥X²{ÄY­«¤ôÂm¡B¸¡µh©Îµo¿Nµ¥±¡§Î¡AÀ³ºÉ§Ö¦^¶E´NÂå¡C,If severe diarrhea¡A abdominal pain¡A or fever occurs¡A seek medical help.,2023Q3 ¦A±Ò¥Î,¤@¯ë,¤@¯ë,Äµ »y:¥»ÃÄ©ö©ó¤f¤¤±Y´²¡A ¥i³Ü¤ô©Î¤£³Ü¤ô§]ªA,,¤fªAÃÄ,,,§_,1.0,,§_,¬O,§_,³æ¤è,§_,¥i¥Î,¥i¥Î,¤£¥i¿i,¬O,,1.00,1.00,3.00,3.00,999,999,7,1,6.00,6.00,0,0,,¦³¹Ï¤ù,,0,,0,,A02BC03,,,,,30.00,mg,30.00,mg,TAB,§_,°·«Oµ¹¥I,°·«Oµ¹¥I,LANSOPRAZOLE,A02BC03,BC24273100,§_,SolidDrugForm,DISINTAB,,,,,,,,,PH047,202311131134,10.00,14.00
OTAM,19960101,99999999,¥i¥Î,Nolvadex 10mg,Nolvadex 10mg,Tamoxifen,PO,BID,RACA,ON-05-03,¤fªA,TAB,Nolvadex,«D²Õ®M,,,¤@¯ë¥i¥Î,¬O,¤£¥i¥ÎÃÄ¥]¾÷,,¤@¯ë,Á`¶q¶i¦ì,¾AÀ³¯g:¨ÅÀù¤§ªvÀø,,Indication:Treatment of breast cancer,,¥~ Æ[:¥Õ¦â¶ê«ó§Î¿õ¾¯,Appearance:White round tablet,¼ö¼é¬õ¡A ³±¹D¥X¦å¡A ³±³¡·kÄo,Hot flushes¡A vag bleeding¡A pruritus vulvae,,,¿Õ¥Ë±o¤h,Nolvadex 10mg,,,§_,¬O,,½Ð¿íÂå®v«ü¥Ü«ö®É¥ÎÃÄ¡A ¤Å¦Û¦æ§ïÅÜ¾¯¶q¡A ¥Îªk©Î¥ô·N°±ÃÄ,,Follow doctor's advice. Do not change your dose or schedule.,,,,,¤@¯ë,¤@¯ë,Äµ »y: ½Ð¿íÂå®v«ü¥Ü«ö®É¥ÎÃÄ¡A¤Å¦Û¦æ§ïÅÜ¾¯¶q¡B¥Îªk©Î¥ô·N°±ÃÄ¡C,,,,,§_,1.0,,§_,¬O,§_,³æ¤è,§_,¥i¥Î,¥i¥Î,¤£¥i¿i,¬O,,1.00,1.00,1.00,1.00,999,999,28,1,8.00,8.00,0,0,,¦³¹Ï¤ù,,0,,0,,L02BA01,,,,,,,,,TAB,§_,°·«Oµ¹¥I,°·«Oµ¹¥I,TAMOXIFEN,L02BA01,BC22154100,§_,SolidDrugForm,ORTAB,¦M®`¤@¯Å(¡I¡I),,,,,,,,PH047,202305191044,4.77,7.00
OTAM0,20051117,99999999,°±¥Î,Tamiflu 75mg (¦X¬ù±M®×),Tamiflu 75mg (Contract),Oseltamivir,PO,BID,QANB,AI-03-01,¤fªA,CAP,Tamiflu,«D²Õ®M,°±¥Î,,¤@¯ë¥i¥Î,¬O,¤£¥i¥ÎÃÄ¥]¾÷,°·«O¤£µ¹¥I,¤@¯ë,Á`¶q¶i¦ì,¾AÀ³¯g:ªvÀø¬y¦æ©Ê·P«_,,Indication: Treatment of influenza,,¥~ Æ[:©ú¶À/²L¦Ç¦âªø¶ê¬W§Îµw½¦Ån,Appearance:Yellow/grey cylinder hard capsule,,,,¥u¥Î©óªù¶E,§J¬y·P½¦Ån,Tamiflu 75mg (Contract),,,§_,¬O,,,,,,,,,¤@¯ë,¤@¯ë,Äµ »y:½Ð¿í«ü¥ÜªA§¹¾ã­ÓÀøµ{¡A­Yµo¥Í¥ÎÃÄ¤£¨}¤ÏÀ³½Ð§iª¾Âå¥Í¡C,,,,,§_,1.0,,§_,§_,§_,³æ¤è,§_,°±¥Î,¥i¥Î,¥i¿i,¬O,,1.00,1.00,1.00,1.00,10,10,5,5,0,0,0,0,,µL¹Ï¤ù,,0,,0,,J05AH02,,,,,,,,,CAP,,°·«O¤£¥Ó³ø¤£­p»ù,°·«O¤£¥Ó³ø¤£­p»ù,,,,§_,SolidDrugForm,ORCAP,,,,,,,,,PH047,202401261330,0,0
OTAM7,20050915,99999999,¥i¥Î,Tamiflu 75mg (¦Û¶O),Tamiflu 75mg (Private),Oseltamivir,PO,,QANB,AI-03-01,¤fªA,CAP,Tamiflu,«D²Õ®M,,,¤@¯ë¥i¥Î,¬O,¤£¥i¥ÎÃÄ¥]¾÷,°·«O¤£µ¹¥I,¤@¯ë,Á`¶q¶i¦ì,¾AÀ³¯g:ªvÀø¬y¦æ©Ê·P«_,,Indication:Treatment of influenza,,¥~ Æ[:©ú¶À/²L¦Ç¦âªø¶ê¬W§Îµw½¦Ån,Appearance:Yellow/grey cylinder hard capsule,äú¤ß¡A ¹Ã¦R¡A ¸¡µh¡A ÀYµh¡A ¥¢¯v¡A ¸¡Âm,Nausea¡A vomiting¡A abdominal pain¡A headache. Insomnia¡A diarrhea.,,¥u¥Î©óªù¶E¤Î¦í°|STAT,§J¬y·P½¦Ån,Tamiflu 75mg (Private),,,§_,¬O,,½Ð¿í«ü¥ÜªA§¹¾ã­ÓÀøµ{¡A ­Yµo¥Í¥ÎÃÄ¤£¨}¤ÏÀ³½Ð§iª¾Âå¥Í,,Follow doctor's advice. Check with doctor if you notice any side effects.,,³Æµù: Á×§K¥ô·N°±ÃÄ,Avoid withdrawal during therapy.,,¤@¯ë,¤@¯ë,Äµ »y:½Ð¿í«ü¥ÜªA§¹¾ã­ÓÀøµ{¡A­Yµo¥Í¥ÎÃÄ¤£¨}¤ÏÀ³½Ð§iª¾Âå¥Í¡C,,,,,§_,1.0,,§_,¬O,¬O,³æ¤è,§_,°±¥Î,°±¥Î,¥i¿i,¬O,,1.00,1.00,1.00,1.00,10,10,5,5,2.00,2.00,0.10,0.05,,¦³¹Ï¤ù,,0,,0,,J05AH02,,,,,75.00,mg,150.00,mg,CAP,,¤£µ¹¥I¶·¦Û¥I,¤£µ¹¥I¶·¦Û¥I,,,B025285100,§_,SolidDrugForm,ORCAP,,,,,,,,,PH047,202303141812,0,119.00
OTAMI,20031203,99999999,¥i¥Î,Tamiflu 75mg (¬F©²´£¨Ñ),Tamiflu 75mg (Government),Oseltamivir,PO,BID,QANB,AI-03-01,¤fªA,CAP,Tamiflu,«D²Õ®M,,,¤@¯ë¥i¥Î,§_,¤£¥i¥ÎÃÄ¥]¾÷,,¤@¯ë,Á`¶q¶i¦ì,¾AÀ³¯g:§Ü¯f¬r·P¬V¥Î,,Indication:Treatment of influenza,,¥~ Æ[:©ú¶À/²L¦Ç¦âªø¶ê¬W§Îµw½¦Ån,Appearance:Yellow/grey cylinder hard capsule,äú¤ß¡A ¹Ã¦R¡A ¸¡µh¡A ÀYµh¡A ¥¢¯v¡A ¸¡Âm,Nausea¡A vomiting¡A abdominal pain¡A headache. Insomnia¡A diarrhea.,,¥u¥Î©óªù¶E¤Î¦í°|STAT,§J¬y·P½¦Ån,Tamiflu 75mg (Government),,,§_,¬O,,½Ð¿í«ü¥ÜªA§¹¾ã­ÓÀøµ{¡A ­Yµo¥Í¥ÎÃÄ¤£¨}¤ÏÀ³½Ð§iª¾Âå¥Í,,Follow doctor's advice. Check with doctor if you notice any side effects.,,³Æµù: Á×§K¥ô·N°±ÃÄ,Avoid withdrawal during therapy.,,¤@¯ë,¤@¯ë,Äµ »y:½Ð¿í«ü¥ÜªA§¹¾ã­ÓÀøµ{¡A­Yµo¥Í¥ÎÃÄ¤£¨}¤ÏÀ³½Ð§iª¾Âå¥Í¡C,,,,,§_,1.0,,§_,¬O,¬O,³æ¤è,§_,°±¥Î,°±¥Î,¥i¿i,¬O,,1.00,1.00,1.00,1.00,5,5,5,5,2.00,2.00,0.10,0.05,,¦³¹Ï¤ù,,0,,0,,J05AH02,,,,,75.00,mg,150.00,mg,CAP,,¥Ó³ø¤£­p»ù,¥Ó³ø¤£­p»ù,,,B025285100,§_,SolidDrugForm,ORCAP,,,,,,,,,PH073,202403121316,0,0
OTAN,20040108,99999999,°±¥Î,Tanatril 10mg,Tanatril 10mg,Imidapril,PO,QD,CAVS,CV-07-00,¤fªA,TAB,Tanatril,«D²Õ®M,°±¥Î,,¤@¯ë¥i¥Î,¬O,¤£¥i¥ÎÃÄ¥]¾÷,¥i¥Î,¤@¯ë,Á`¶q¶i¦ì,¾AÀ³¯g: ªvÀø°ª¦åÀ£¡C,,Indication:Treatment of hypertension.,,¥~ Æ[:¥Õ¦â¶ê«ó§Î¿õ¾¯¡A ¤@­±¦L TT 136,Appearance:White round tablet,«ùÄò°®«y¡A ÀY·w¡A ¥Ö½§Äo©Î¬õ¯l¡A µo¿N¡A ¸¡Âm¡A ¨ýÄ±³à¥¢,Persistent dry cough¡A dizziness¡A skin rash (with or without itching)¡A fever.,,¬Ò¥i¥Î,¥Ð¯Ç´þ,Tanatril 10mg,,,¬O,¬O,½Ã±Ð³æ¤T,­Y¨Ï¥Î¥»ÃÄµo¥Í¤[«y¤£Â¡À³½Ð±ÐÂå®v,,Inform your doctor if you experience cough (dry¡A persistent).,,­¹ª«¥æ¤¬§@¥Î: ªAÃÄ´Á¶¡À³Á×§K¹L¶qÄá¨ú¹[ÆQ(¦p:¥NÆQ),Food interaction:Avoid over take potassium salt.,,¤@¯ë,¤@¯ë,Äµ »y:­Y¨Ï¥Î¥»ÃÄµo¥Í¤[«y¤£Â¡À³½Ð±ÐÂå®v,SA/­¹ «÷­µ/­¹ª«,,,,§_,1.0,,§_,§_,§_,³æ¤è,§_,¥i¥Î,¥i¥Î,¥i¿i,¬O,,1.00,1.00,2.00,2.00,999,999,1,1,4.00,4.00,0,0,,¦³¹Ï¤ù,,0,,0,,C09AA16,,,,,,,,,TAB,§_,°·«Oµ¹¥I,°·«Oµ¹¥I,IMIDAPRIL,C09AA16,AC43951100,§_,SolidDrugForm,ORTAB,,,,,,,,,PH047,202303141812,6.50,9.00
OTANL,20070626,99999999,°±¥Î,Tanleeg F.C. 500mg,Tanleeg F.C. 500mg,Nabumetone,PO,,CNEU,CN-01-02,¤fªA,TAB,Tanleeg,«D²Õ®M,°±¥Î,,¤@¯ë¥i¥Î,¬O,¥i¥ÎÃÄ¥]¾÷,¥i¥Î,¤@¯ë,Á`¶q¶i¦ì,¾AÀ³¯g:°h¤Æ©ÊÃö¸`ª¢¤§®øª¢ÂíµhÃÄ,,Osteoarthritis anti-inflammatory treatment,,,,,,,¬Ò¥i¥Î,¯k¥ß¸Ñ,Tanleeg F.C. 500mg,,,§_,¬O,,,,,,,,,,¤@¯ë,Äµ »y:À³¾ã²É§]ªA¡A¤Á¤Å«rÄZ©ÎÀ£¸H,,,,,§_,1.0,,§_,§_,§_,³æ¤è,§_,°±¥Î,¥i¥Î,¤£¥i¿i,¬O,,1.00,1.00,2.00,2.00,99,99,1,1,0,0,0,0,,µL¹Ï¤ù,,0,,0,,,,,,,,,,,TAB,,°·«Oµ¹¥I,°·«Oµ¹¥I,NABUMETONE,M01AX01,A044832100,§_,SolidDrugForm,ORTAB,,,,,,,,,PH047,202303141812,5.20,7.00
OTAPL,19960101,99999999,°±¥Î,Tapal 100mg (Aspirin),Tapal (Aspirin)100mg,Acetylsalicylic Acid,PO,,HEMT,HE-03-00,¤fªA,TAB,Aspirin,«D²Õ®M,°±¥Î,OASP,¤@¯ë¥i¥Î,¬O,¤£¥i¥ÎÃÄ¥]¾÷,,¤@¯ë,Á`¶q¶i¦ì,¾AÀ³¯g:¬°¸Ñ¼öÂíµhÃÄ¡A¥i§í¨î¦å¤pªO¾®¶°§@¥Î¡A¹w¨¾¤ß¦åºÞ®ê¶ë,,Prophylaxis of stroke & analgesic¡A antipyretic,,¥~ Æ[:¶À¦â¶ê§ÎÃÄ¿õ¡AÂù­±¤À§O¦L¦³100»PTAPALªº¨è²ª,Appearance:Yellow Round Tablet,,,,,·Å¨èµh,Tapal (Aspirin)100mg,,,§_,¬O,,,,,,,,,¤@¯ë,¤@¯ë,Äµ »y:Åú¨§¯g±wªÌ¤£±oªA¥Î¥»ÃÄ,,,,,§_,1.0,,§_,§_,§_,³æ¤è,§_,°±¥Î,¥i¥Î,¥i¿i,¬O,,1.00,1.00,3.00,4.00,999,999,1,1,0,0,0,0,,µL¹Ï¤ù,,0,,0,,,,,,,,,,,TAB,§_,°·«Oµ¹¥I,°·«Oµ¹¥I,ACETYLSALICYLIC ACID,N02BA01,B023619100,§_,SolidDrugForm,ORTAB,,,,,,,,,PH047,202303141812,0.70,2.00
OTAPZ,19960101,99999999,°±¥Î,Tapazole 5mg,Tapazole 5mg,Methimazole,PO,,META,ME-04-00,¤fªA,TAB,Tapazole,«D²Õ®M,°±¥Î,OBAS,¤@¯ë¥i¥Î,¬O,¥i¥ÎÃÄ¥]¾÷,,¤@¯ë,Á`¶q¶i¦ì,¾AÀ³¯g:¥Òª¬¸¢¾÷¯à¤®¶i,,,,,,,,,,,Tapazole 5mg,,,§_,¬O,,,,,,,,,¤@¯ë,¤@¯ë,,,,,,§_,1.0,,§_,§_,§_,³æ¤è,§_,¥i¥Î,¥i¥Î,¥i¿i,¬O,,1.00,1.00,999.00,999.00,999,999,1,1,0,0,0,0,,µL¹Ï¤ù,,0,,0,,,,,,,,,,,TAB,§_,°·«Oµ¹¥I,°·«Oµ¹¥I,METHIMAZOLE,H03BB02,B023058100,§_,SolidDrugForm,ORTAB,,,,,,,,,PH047,202303141812,0.96,2.00
OTAR,20100315,99999999,°±¥Î,Tarceva 150mg,Tarceva 150mg,Erlotinib,PO,QDAC,RACA,ON-08-02,¤fªA,TAB,Tarceva,«D²Õ®M,Á{±ÄÃÄ¡A½Ð³qª¾ÃÄ§½¥~ÁÊ,,¥»°|Á{±Ä²M³æ,¬O,¤£¥i¥ÎÃÄ¥]¾÷,±ø¥ó¤Uµ¹¥I,¤@¯ë,Á`¶q¶i¦ì,¾AÀ³¯g:«D¤p²Ó­MªÍÀù,,Indication:Non-small cell lung cancer,,¥~ Æ[:¥Õ¦â¶ê§Î½¤¦ç¿õ¡A¦L¦³TARCEVA 150,Appearance:White round tablet,¸¡Âm¡A ¹½­¹¡A ¯h­Â¡A ©I§l§xÃø¡A «y¹Â¡A äú¤ß¡A ¹Ã¦R,Diarrhea¡A anorexia¡A fatigue¡A dyspnea¡A cough¡A nausea¡A vomiting,,¬Ò¥i¥Î,±oµÎ½w½¤¦ç¿õ,Tarceva 150mg,,,§_,¬O,,¥»«~½ÐªÅ¸¡ªA¥Î(¶º«e¤@¤p®É©Î¶º«á¨â¤p®É),,administer on an empty stomach 1 hour before or 2 hours after food.,,³Æµù: Ãh¥¥°ü¤k¤£¥i¨Ï¥Î,The drug is contraindicated in women who are or may become pregnant.,,¤@¯ë,¤@¯ë,Äµ »y: ½Ð©ó¶º«e¤@¤p®É©Î¶º«á¨â¤p®ÉªA¥Î¡A¤Å»P¤@¯ë­GÃÄ¦PªA¡C,,,,,,1.0,,§_,§_,§_,³æ¤è,§_,°±¥Î,¥i¥Î,¤£¥i¿i,¬O,,1.00,1.00,1.00,1.00,999,999,1,1,2.00,2.00,0,0,,¦³¹Ï¤ù,,0,,0,,L01EB02,,,,,,,,,TAB,§_,°·«Oµ¹¥I,°·«Oµ¹¥I,ERLOTINIB,L01EB02,BC26874100,§_,SolidDrugForm,ORTAB,¦M®`¤G¯Å(¡I),,,,,,,,PH008,202309221539,766.00,919.00
OTAR1,20230725,99999999,¥i¥Î,Tarceva 150mg,Tarceva 150mg,Erlotinib,PO,QDAC,RACA,ON-08-02,¤fªA,TAB,Tarceva,«D²Õ®M,Á{±ÄÃÄ¡A½Ð³qª¾ÃÄ§½¥~ÁÊ,,¥»°|Á{±Ä²M³æ,¬O,¤£¥i¥ÎÃÄ¥]¾÷,±ø¥ó¤Uµ¹¥I,¤@¯ë,Á`¶q¶i¦ì,¾AÀ³¯g:ªvÀø«D¤p²Ó­MªÍÀù¡C,,Indication:Treatment of Non-small cell lung cancer (NSCLC).,,¥~ Æ[: ¥Õ¦â¶ê§Î½¤¦ç¿õ¡A¦L¦³TARCEVA 150,Appearance: White round tablet,¸¡Âm¡A ¹½­¹¡A ¯h­Â¡A ©I§l§xÃø¡A «y¹Â¡A äú¤ß¡A ¹Ã¦R,Diarrhea¡A anorexia¡A fatigue¡A dyspnea¡A cough¡A nausea¡A vomiting,,¬Ò¥i¥Î,±oµÎ½w½¤¦ç¿õ150²@§J,Tarceva 150mg,,,,¬O,,¥»«~½ÐªÅ¸¡ªA¥Î(¶º«e¤@¤p®É©Î¶º«á¨â¤p®É)¡C,¥»«~¬°­«¯gªvÀøÃÄ¡A½Ð¨Ì·ÓÂå®v«ü¥Ü¨Ï¥Î,Administer on an empty stomach (1 hour before or 2 hours after food).,This is a cancer treatment medication; use as directed by your physician.,³Æµù: Ãh¥¥°ü¤k¤£¥i¨Ï¥Î¡C,The drug is contraindicated in women who are or may become pregnant.,2023Q3 ¨ú¥N[OTAR]¥N½X,¤@¯ë,¤@¯ë,Äµ »y: ½Ð©ó¶º«e¤@¤p®É©Î¶º«á¨â¤p®ÉªA¥Î¡A¤Å»P¤@¯ë­GÃÄ¦PªA¡C,,,0,0,§_,1.0,,§_,¬O,§_,³æ¤è,§_,¥i¥Î,¥i¥Î,¤£¥i¿i,¬O,,1.00,1.00,1.00,1.00,99,99,1,1,2.00,2.00,0,0,,µL¹Ï¤ù,,0,,0,,L01EB02,,,,,150.00,mg,150.00,mg,TAB,§_,°·«Oµ¹¥I,°·«Oµ¹¥I,ERLOTINIB,L01EB02,BC25071100,§_,SolidDrugForm,ORTAB,¦M®`¤G¯Å(¡I),,0,,0,,,,PH047,202312071614,766.00,919.00
OTED,20111225,99999999,¥i¥Î,Tedalin 100mg Chewable,Tedalin 100mg Chewable,Fe (III) Hydroxide Polymaltose Complex,PC,QD,NUTR,NU-01-00,¤fªA,TAB,,«D²Õ®M,,,¤@¯ë¥i¥Î,¬O,¤£¥i¥ÎÃÄ¥]¾÷,¥i¥Î,¤@¯ë,Á`¶q¶i¦ì,¾AÀ³¯g:¹w¨¾¤ÎªvÀøÅK½è¯Ê¥F¯g,,Indication:Fe-deficiency anaemia.,,¥~ Æ[:¶Â½Å¦â¶ê«ó«¬¿õ¾¯,Appearance: Dark brown round tablet,°¸·|¦³­G¹¡µÈ·P¡A äú¤ß¡A «K¯µ©Î¤Uµg,GI irritation¡A nausea¡A constipation¡A diarrhea.,,¬Ò¥i¥Î,ÅK¹F¹ç©CÄZ¿õ,Tedalin 100mg Chewable,,,§_,¬O,,¥»ÃÄ«~¥i¯àÅýÁT«K§e¶Â¦â,,This medicine may cause black stools,,½Ð¤Å»P¤û¥¤¤Î¨î»Ä¾¯¨ÖªA,Avoid taking with milk or antacid.,,¤@¯ë,¤@¯ë,Äµ»y:ÁT«K§e¶Â¦â¬O¥¿±`²{¶H,,,0,0,§_,1.0,,§_,¬O,§_,³æ¤è,§_,¥i¥Î,¥i¥Î,¥i¿i,¬O,,1.00,1.00,1.00,1.00,999,999,1,1,6.00,6.00,0,0,,¦³¹Ï¤ù,,0,,0,,B03AB05,B03AB04,,,,,,,,TAB,,°·«Oµ¹¥I,°·«Oµ¹¥I,FERRIC HYDROXIDE POLYMALTOSE COMPLEX,B03AB04,AC46166100,§_,SolidDrugForm,CHEWTAB,,,,,,,,,PH047,202303141812,3.01,5.00
OTEG1,19960101,99999999,°±¥Î,Tegretol 100mg ''Chewable'',Tegretol 100mg ''Chewable'',Carbamazepine,PO,,CNEU,CN-03-01,¤fªA,TAB,Tegretol,«D²Õ®M,°±¥Î,,¤@¯ë¥i¥Î,¬O,¤£¥i¥ÎÃÄ¥]¾÷,,¤@¯ë,Á`¶q¶i¦ì,¾AÀ³¯g:¥Dªv¤T¤e¯«¸gµh¡BÅöíw¡B¤Î¨ä¥L¥Î³~,,Treatment of trigeminal neuralgia¡A epilepsy,,¥~ Æ[:¥Õ©³¬õÂI¦â¶ê«ó§Î¿õ¾¯,Appearance:White Round Tablet,,,,,Åö³qÄZ¿õ,Tegretol 100mg ''Chewable'',,,§_,¬O,,,,,,,,,¤@¯ë,¤@¯ë,Äµ »y:ªAÃÄ´Á¶¡Á×§K¦Y¸²µå¬c©Î¶¼¥Î¸²µå¬c¥Ä¡A¥H§K¼vÅTÃÄª«¥NÁÂ,,,,,§_,1.0,,§_,§_,§_,³æ¤è,§_,°±¥Î,¥i¥Î,¥i¿i,¬O,,1.00,1.00,5.00,5.00,999,999,1,1,0,0,0,0,,µL¹Ï¤ù,,0,,0,,,,,,,,,,,TAB,§_,°·«Oµ¹¥I,°·«Oµ¹¥I,CARBAMAZEPINE,N03AF01,B016032100,§_,SolidDrugForm,CHEWTAB,,,,,,,,,PH047,202303141812,2.90,4.00
OTEG2,19960101,99999999,°±¥Î,Tegretol 200mg,Tegretol 200mg,Carbamazepine,PO,,CNEU,CN-03-01,¤fªA,TAB,Tegretol,«D²Õ®M,°±¥Î,,¤@¯ë¥i¥Î,¬O,¤£¥i¥ÎÃÄ¥]¾÷,,¤@¯ë,Á`¶q¶i¦ì,¾AÀ³¯g:¥Dªv¤T¤e¯«¸gµh¡BÅöíw¡B¤Î¨ä¥L¥Î³~,,Treatment of trigeminal neuralgia¡A epilepsy,,¥~ Æ[:¥Õ¦â¶ê«ó§Î¿õ¾¯,Appearance:White Round Tablet,,,,,Åö³q,Tegretol 200mg,,,§_,¬O,,,,,,,,,¤@¯ë,¤@¯ë,Äµ »y:ªAÃÄ´Á¶¡Á×§K¦Y¸²µå¬c©Î¶¼¥Î¸²µå¬c¥Ä¡A¥H§K¼vÅTÃÄª«¥NÁÂ,,,,,§_,1.0,,§_,§_,§_,³æ¤è,§_,¥i¥Î,¥i¥Î,¥i¿i,¬O,,1.00,1.00,3.00,3.00,999,999,1,1,0,0,0,0,,µL¹Ï¤ù,,0,,0,,,,,,,,,,,TAB,§_,°·«Oµ¹¥I,°·«Oµ¹¥I,CARBAMAZEPINE,N03AF01,A036020100,§_,SolidDrugForm,ORTAB,,,,,,,,,PH047,202303141812,4.01,5.00
OTEGCR,19960101,99999999,¥i¥Î,Tegretol CR 200mg,Tegretol CR 200mg,Carbamazepine,PO,BID,CNEU,CN-03-01,¤fªA,TAB,Tegretol,«D²Õ®M,,,¤@¯ë¥i¥Î,¬O,¤£¥i¥ÎÃÄ¥]¾÷,,¤@¯ë,Á`¶q¶i¦ì,¾AÀ³¯g:¤T¤e¯«¸gµh¡A ­ìµo©Ê¦Þ«|¯«¸gµh¡A Åöíw¡A ±¡ºüÃ­©w¡A,¤ÎµÇ­ì©Ê§¿±Y¯g,Indication:Control seizure attacks¡Arelieve facial nerve pain,¡A glossopharyngeal neuralgia¡A mood stabilizers¡A nephrogenic diabetes insipidus.,¥~ Æ[:²L¶À¾í¦âªø¶ê¬W§Î¿õ¾¯¡A¤G­±¦³¤¤¥¡¨è²ª¡A¤@­±CG¡A¤@­±HC,Appearance:Orange cylinder tablet,·w¯t¡A ¥Ö½§¹L±Ó¤ÏÀ³¡A ¥Õ¦å²y´î¤Ö¯g,Dizziness¡A allergic skin reactions¡A leucopenia.,,,Åö³qªø®Ä½¤¦ç¿õ,Tegretol CR 200mg,,,¬O,§_,,¦p¥X²{³ïÄVµh¡A¼L¤Ú¯}¡A ²´·úÄo¥Ö½§¬õ¯lµ¥¡A ¥ß§Y°±ÃÄ¦^¶E; ¤Å¨Ö¥Î¸²µå¬c¥Ä,,Sore throat¡A eye itching¡A or skin rash please STOP MEDICATIONS,then consulting your physician.,,,,¤@¯ë,¤@¯ë,Äµ »y¡G¦p¥X²{³ïÄVµh¡A¼L¤Ú¯}¡A²´·úÄo¥Ö½§¬õ¯lµ¥¥ß§Y°±ÃÄ¦^¶E;¤Å¨Ö¥Î¸²µå¬c¥Ä,,,,,§_,1.0,,§_,¬O,§_,³æ¤è,§_,¥i¥Î,¥i¥Î,¤£¥i¿i,¬O,,1.00,1.00,3.00,3.00,999,999,1,1,8.00,8.00,0,0,,¦³¹Ï¤ù,,0,,0,,N03AF01,,,,,,,,,TAB,§_,°·«Oµ¹¥I,°·«Oµ¹¥I,CARBAMAZEPINE,N03AF01,BC16028100,§_,SolidDrugForm,ERTAB12,¦M®`¤G¯Å(¡I),,,,,,,,PH047,202401161032,2.20,3.00
OTELO,20180520,99999999,¥i¥Î,Telowsin 2mg,Telowsin 2mg,Terazosin,PO,HS,CAVS,CV-04-01,¤fªA,TAB,Hytrin,«D²Õ®M,,OHYT,¤@¯ë¥i¥Î,¬O,¤£¥i¥ÎÃÄ¥]¾÷,¥i¥Î,¤@¯ë,Á`¶q¶i¦ì,¾AÀ³¯g:¥Dªv¨}©Ê«e¦C¸¢ªÎ¤j¡A °ª¦åÀ£,,Indication:Benign prostatic hyperplasia¡A hypertension.,,¥~ Æ[:¾í¦â¶ê«ó§Î¿õ¾¯¡A¦L¦³YSP¤Î25,Appearance:Orange round tablet¡A marking: YSP and 25.,ÀY·w¡A©PÃä¤ô¸~¡AÅé¦ì©Ê§C¦åÀ£¡A»ó¶ë,Dizziness¡A peripheral edema¡A orthostatic hypotension¡A nasal congestion.,,¬Ò¥i¥Î,¯ß­°¿õ¢±¤½µ·,Telowsin 2mg,,,¬O,¬O,,¥i¯à¦³®É·|Ä±±oÀY·w¡A ©ü¯t. ½ÐÁ×§K§Ö³tªº°Ê§@©Î«º¶ÕÅÜ¤Æ,,May cause dizziness or drowsiness. Take care to avoid sudden movement.,,,,2018.05.20 Hytrin 2mg ¯ÊÃÄ¼È¥N,¤@¯ë,¤@¯ë,Äµ »y:¥i¯à¦³®É·|Ä±±oÀY·w¡B©ü¯t¡A½ÐÁ×§K§Ö³tªº°Ê§@©Î«º¶ÕÅÜ¤Æ,,,0,0,§_,1.0,,§_,¬O,¬O,³æ¤è,§_,¥i¥Î,¥i¥Î,¥i¿i,¬O,,1.00,1.00,5.00,5.00,999,999,28,1,10.00,10.00,0.25,0.25,,¦³¹Ï¤ù,,0,,0,,G04CA03,,,,,0,,0,,TAB,§_,°·«Oµ¹¥I,°·«Oµ¹¥I,TERAZOSIN,G04CA03,AC44547100,§_,SolidDrugForm,ORTAB,,,0,,0,,,,PH008,202012290918,1.92,3.00
OTEM,20031013,99999999,°±¥Î,Temgesic Sublingual 0.2mg,Temgesic Sublingual 0.2mg,Buprenorphine,SL,,CNEU,CN-01-01,¤fªA,TAB,,«D²Õ®M,°±¥Î,,¤w°±¥Î,¬O,¤£¥i¥ÎÃÄ¥]¾÷,¥i¥Î,¤@¯ë,Á`¶q¶i¦ì,¾AÀ³¯g:¬°³Â¾K©Ê¤îµh¾¯,,Relief of pain,,,,,,,¥u¥Î©óªù¶E¤Î¦í°|STAT,¤B°ò­ì°Ø¦],Temgesic Sublingual 0.2mg,,,§_,¬O,,,,,,,,,¤@¯ë,¤T¯ÅºÞ¨î,Äµ »y¡G¦p¥X²{³ïÄVµh¡A¼L¤Ú¯}¡A²´·úÄo¥Ö½§¬õ¯lµ¥¥ß§Y°±ÃÄ¦^¶E;¤Å¨Ö¥Î¸²µå¬c¥Ä,,,,,§_,1.0,,§_,§_,§_,³æ¤è,§_,¥i¥Î,¥i¥Î,¥i¿i,§_,,1.00,1.00,2.00,2.00,99,99,1,1,0,0,0,0,,µL¹Ï¤ù,,0,,0,,,,,,,,,,,TAB,,°·«Oµ¹¥I,°·«Oµ¹¥I,BUPRENORPHINE,N02AE01,B021625100,§_,SolidDrugForm,SLTAB,,,,,,,,,PH047,202303141812,23.30,29.00
OTEN5,20110615,99999999,°±¥Î,Tenormin 50mg,Tenormin 50mg,Atenolol,PO,QD,CAVS,CV-04-02,¤fªA,TAB,Tenormin,«D²Õ®M,°±¥Î,,¤@¯ë¥i¥Î,¬O,¤£¥i¥ÎÃÄ¥]¾÷,,¤@¯ë,Á`¶q¶i¦ì,¾AÀ³¯g:°ª¦åÀ£¡A ¯U¤ß¯g,,Indication:Hypertension¡A angina,,¥~ Æ[:¥Õ¦â¶ê«ó§Î¿õ¾¯¡A¤@­±¤¤¥¡¨è²ª¡A¤@­±TENORMIN,Appearance:White Round Tablet,¥|ªÏ¦B§N¡A ¯h­Â¡A ¸z­G¾÷¯à»ÙÃª¡A ¤ß¸õ®}½w,Cold extremities¡A fatigue¡A GI disturbances¡A bradycardia.,,¬Ò¥i¥Î,¤Ñ¿Õ±Ó50,Tenormin 50mg,,,§_,¬O,,½Ð¿íÂå®v«ü¥Ü«ö®É¥ÎÃÄ¡A ¤Å¦Û¦æ§ïÅÜ¾¯¶q¡A ¥Îªk©Î¥ô·N°±ÃÄ,,Follow doctor's advice. Do not change your dose or schedule.,,,,,¤@¯ë,¤@¯ë,Äµ »y: ½Ð¿íÂå®v«ü¥Ü«ö®É¥ÎÃÄ¡A¤Å¦Û¦æ§ïÅÜ¾¯¶q¡B¥Îªk©Î¥ô·N°±ÃÄ¡C,,,,,¬O,1.0,,§_,§_,§_,³æ¤è,§_,¥i¥Î,¥i¥Î,¥i¿i,¬O,,1.00,1.00,2.00,2.00,999,999,30,1,0,0,0,0,,¦³¹Ï¤ù,,0,,0,,,,,,,,,,,TAB,,¤£µ¹¥I¶·¦Û¥I,¤£µ¹¥I¶·¦Û¥I,,,,§_,SolidDrugForm,ORTAB,,,,,,,,,PH047,202303141812,0,3.00
OTENO,19960101,99999999,°±¥Î,Tenormin 100mg,Tenormin 100mg,Atenolol,PO,QD,CAVS,CV-04-02,¤fªA,TAB,Tenormin,«D²Õ®M,°±¥Î,,¤@¯ë¥i¥Î,¬O,¤£¥i¥ÎÃÄ¥]¾÷,,¤@¯ë,Á`¶q¶i¦ì,¾AÀ³¯g:°ª¦åÀ£¡A ¤ß«ß¤£¾ã; ¥i½w¸Ñ¤ßµ±µh,,Indication:Hypertension¡A ventricular arrhythmia¡A angina,,¥~ Æ[:¥Õ¦â¶ê«ó§Î¿õ¾¯¡A ¤@­±¤¤¥¡¨è²ª¡A¤@­±TENORMIN,Appearance:White round tablet,¥|ªÏ¦B§N¡A ¯h­Â¡A ¸z­G¾÷¯à»ÙÃª¡A ¤ß¸õ®}½w,Cold extremities¡A fatigue¡A GI disturbances¡A bradycardia.,,,¤Ñ¿Õ±Ó,Tenormin 100mg,,,¬O,¬O,,½Ð¿íÂå®v«ü¥Ü«ö®É¥ÎÃÄ¡A ¤Å¦Û¦æ§ïÅÜ¾¯¶q¡A ¥Îªk©Î¥ô·N°±ÃÄ,,Follow doctor's advice. Do not change your dose or schedule.,,,,,¤@¯ë,¤@¯ë,Äµ »y: ½Ð¿íÂå®v«ü¥Ü«ö®É¥ÎÃÄ¡A¤Å¦Û¦æ§ïÅÜ¾¯¶q¡B¥Îªk©Î¥ô·N°±ÃÄ¡C,,,,,§_,1.0,,§_,§_,§_,³æ¤è,§_,¥i¥Î,¥i¥Î,¥i¿i,¬O,,1.00,1.00,2.00,2.00,999,999,30,1,2.00,2.00,0,0,,¦³¹Ï¤ù,,0,,0,,C07AB03,,,,,,,,,TAB,§_,¤£µ¹¥I¶·¦Û¥I,¤£µ¹¥I¶·¦Û¥I,,,,§_,SolidDrugForm,ORTAB,,,,,,,,,PH047,202303141813,0,3.00
OTET2,20181212,99999999,°±¥Î,Tetracycline 250mg,Tetracycline 250mg,Tetracycline,PO,QID,QANB,AI-01-04,¤fªA,CAP,Tetracycline,«D²Õ®M,°±¥Î,OTET3,¤@¯ë¥i¥Î,¬O,¥i¥ÎÃÄ¥]¾÷,¥i¥Î,¤@¯ë,Á`¶q¶i¦ì,¾AÀ³¯g:²Óµß©Ê·P¬V,,Indication:Antibiotic for infection.,,¥~ Æ[:¾ï¦âªø¶ê¬W«¬½¦Ån¡A ¦L¦³KDM-TE¤Î250,Appearance:Orange cylinder capsule¡A marking: KDM-TE and 250,¥ú±Ó·P¡A ¤ú¾¦ÅÜ¦â(¥®¦~),Photosensitivity¡A tooth discoloration.,,¬Ò¥i¥Î,ÆQ»Ä¥|Àô¯À½¦Ån,Tetracycline 250mg,,,,¬O,½Ã±Ð³æ¤­,½Ð¤Å»P¤û¥¤¤Î¨î»Ä¾¯¨ÖªA,,Avoid taking with milk or antacid.,,,,2018.12ÃÄ©e·s¶i,¤@¯ë,¤@¯ë,Äµ »y:½Ð¤Å»P¤û¥¤¤Î¨î»Ä¾¯¨ÖªA,­¹ ­¹ª«¥æ¤¬,,0,0,§_,1.0,,§_,¬O,§_,³æ¤è,§_,°±¥Î,°±¥Î,¥i¿i,¬O,,1.00,1.00,2.00,2.00,14,7,0,1,8.00,8.00,0.20,0.10,,¦³¹Ï¤ù,,0,,0,,J01AA07,,,,,250.00,mg,1000.00,mg,CAP,,°·«Oµ¹¥I,°·«Oµ¹¥I,TETRACYCLINE,J01AA07,NC01542100,§_,SolidDrugForm,ORCAP,,,0,,0,,,,PH047,202401261311,1.50,3.00
OTET3,20230626,99999999,¥i¥Î,Tetracycline 250mg,Tetracycline 250mg,Tetracycline,AC,QID,QANB,AI-01-04,¤fªA,CAP,,«D²Õ®M,,,¤@¯ë¥i¥Î,¬O,¤£¥i¥ÎÃÄ¥]¾÷,¥i¥Î,¤@¯ë,Á`¶q¶i¦ì,¾AÀ³¯g: ªvÀø·P¬V¯g¡C,,Indication: Treat infections.,,¥~ Æ[:¶Â¾í¦âªø«¬½¦Ån¡A ¦L¦³184,Appearance:Black & orange capsule printed with 184,¥ú±Ó·P¡A ¤ú¾¦ÅÜ¦â(¥®¦~)¡A ¸z­G¤£¾A,Photosensitivity¡A tooth discoloration¡A gastrointestinal discomfort.,,¬Ò¥i¥Î,ÆQ»Ä¥|Àô¯À½¦Ån250²@§J,Tetracycline 250mg,,,,¬O,½Ã±Ð³æ¤­,½ÐªÅ¸¡(¶º«e1¤p®É©Î¶º«á2¤p®É)¥H¤@ªM240mL¤ô¨ÖªA¡C,À¦¨à©Î8·³¥H¤U¨àµ£¤£©y¨Ï¥Î¡C,Take on an empty stomach with a glass of 240mL of water.,Avoid use in infants or children under 8 years old.,½Ð¤Å»P¤û¥¤¡B¨ä¥L¨Å»s«~©Î¨î»Ä¾¯¨ÖªA¡C,Do not take this medication with milk¡A dairy products or antacids.,202306 OTET2 ¯Ê³f´À¥N,¤@¯ë,¤@¯ë,Äµ »y:½Ð¤Å»P¤û¥¤¤Î¨î»Ä¾¯¨ÖªA,­¹ ­¹ª«¥æ¤¬,,0,0,§_,1.0,,§_,¬O,§_,³æ¤è,§_,°±¥Î,°±¥Î,¥i¿i,¬O,,1.00,1.00,2.00,2.00,14,7,0,1,16.00,16.00,0.20,0.10,,¦³¹Ï¤ù,,0,,0,,J01AA07,,,,,0.25,g,1.00,g,CAP,,°·«Oµ¹¥I,°·«Oµ¹¥I,TETRACYCLINE,J01AA07,AC15791100,§_,SolidDrugForm,ORCAP,,,0,,0,,,,PH047,202401261311,1.50,3.00
OTHA,20020526,99999999,°±¥Î,Thado 50mg,Thado 50mg,Thalidomide,PO,HS,HIMM,IM-03-00,¤fªA,CAP,Thalidomide,«D²Õ®M,°±¥Î,,¤w°±¥Î,¬O,¤£¥i¥ÎÃÄ¥]¾÷,°·«O¤£µ¹¥I,¤@¯ë,Á`¶q¶i¦ì,,,Indication: Treatment of erythema nodosum leprosum.,,¥~ Æ[:¾Tºä¥]¸Ë,,,,,¥u¥Î©óªù¶E¤Î¦í°|STAT,,Thado 50mg,,,§_,¬O,,,,,,,,,¤@¯ë,¤@¯ë,Äµ »y:ªA¥Î¥»«~¤£¥i¨ü¥¥,,,,,§_,1.0,,§_,§_,§_,³æ¤è,§_,¥i¥Î,¥i¥Î,¥i¿i,¬O,,1.00,1.00,99.00,99.00,99,99,1,1,0,0,0,0,,µL¹Ï¤ù,,0,,0,,L04AX02,,,,,,,,,CAP,,¤£µ¹¥I¶·¦Û¥I,¤£µ¹¥I¶·¦Û¥I,,,,§_,SolidDrugForm,ORCAP,,,,,,,,,PH047,202303141813,0,71.00
OTHR,20140317,99999999,¥i¥Î,Through (Sennosides) 12mg,Through (Sennosides) 12mg,Sennosides,PO,HS,ALIM,GI-03-00,¤fªA,TAB,Senokot,«D²Õ®M,,,¤@¯ë¥i¥Î,¬O,¥i¥ÎÃÄ¥]¾÷,¥i¥Î,¤@¯ë,Á`¶q¶i¦ì,¾AÀ³¯g:«K¯µ,,Indication: Constipation,,¥~ Æ[:²L½Å¦â¶ê¥Y§Î¿õ¾¯,Appearance:Light brown color round tablet,¥´ÜÐ¡A µjÅË¡A ¸¡Âm¡A äú¤ß,Belching¡A cramping¡A diarrhea¡A nausea,,¬Ò¥i¥Î,«K³q¼Ö½¤¦ç¿õ,Through 12mg,,,§_,¬O,,ªA¥Î«á¬ù7¦Ü10¤p®É¡A ©lµo´§¥\®Ä,,The onset time of this medicine is about 7-10 hours.,,¥»«~·|¨ÏÆP©Ê§¿²G§e¯»¬õ©Î¯»µµ¦â¡A»Ä©Ê§¿²G§e¶À¡B´Ä¦â,May discolor alkaline urine to pink or light purple¡A acidic urine to dark yellow,,¤@¯ë,¤@¯ë,Äµ »y:ªA¥Î«á¬ù7¦Ü10¤p®É¡A©lµo´§¥\®Ä,,,0,0,§_,1.0,,§_,¬O,§_,³æ¤è,§_,¥i¥Î,¥i¥Î,¥i¿i,¬O,,1.00,1.00,4.00,4.00,999,999,1,1,8.00,8.00,0.10,0.10,,¦³¹Ï¤ù,,0,,0,,A06AB06,,,,,,,,,TAB,§_,°·«Oµ¹¥I,°·«Oµ¹¥I,SENNOSIDE (A+B),A06AB06,A037697100,§_,,,,,,,,,,,PH047,202303141813,0.98,2.00
OTIC,19960101,99999999,°±¥Î,PanalDine 100mg,PanalDine 100mg,Ticlopidine,PO,,HEMT,HE-03-00,¤fªA,TAB,Panaldine,«D²Õ®M,°±¥Î,OLIC,¤@¯ë¥i¥Î,¬O,¥i¥ÎÃÄ¥]¾÷,±ø¥ó¤Uµ¹¥I,¤@¯ë,Á`¶q¶i¦ì,¾AÀ³¯g:¹w¨¾¤ÎªvÀø¦åºÞ®ê¶ë,,Indication: Anticoagulant¡A antithrombotic & fibrinolytic,,¥~ Æ[:¥Õ¦â¶ê«ó§Î¿õ¾¯¡A¤@­±¦³D¹Ï§Î¥[613,Appearance:White Round Tablet,,,,,§Ü¦å©w,PanalDine 100mg,,,§_,¬O,,,,,,,,,¤@¯ë,¤@¯ë,Äµ »y: ¥X²{¥ô¦ó²§±`·ï«C©Î¥X¦å¡A¶Ë¤f¤£©ö¤î¦å¡A½Ð¾¨³t»PÂå®vÁpµ¸,,,,,§_,1.0,,§_,§_,§_,³æ¤è,§_,¥i¥Î,¥i¥Î,¥i¿i,¬O,,1.00,1.00,2.00,2.00,999,999,1,1,0,0,0,0,,µL¹Ï¤ù,,0,,0,,,,,,,,,,,TAB,§_,°·«Oµ¹¥I,°·«Oµ¹¥I,TICLOPIDINE,B01AC05,A028034100,§_,SolidDrugForm,ORTAB,,,,,,,,,PH047,202303141813,6.10,8.00
OTIN,19960101,99999999,°±¥Î,Tinset 30mg,Tinset 30mg,Oxatomide,PO,BID,HIMM,IM-01-00,¤fªA,TAB,Tinset,«D²Õ®M,°±¥Î,,¤@¯ë¥i¥Î,¬O,¥i¥ÎÃÄ¥]¾÷,,¤@¯ë,Á`¶q¶i¦ì,¾AÀ³¯g:¬°§Ü²ÕÂ´ÓiÃÄ,,,,,,,,,,,Tinset 30mg,,,§_,¬O,,,,,,,,,¤@¯ë,¤@¯ë,,,,,,§_,1.0,,§_,§_,§_,³æ¤è,§_,¥i¥Î,¥i¥Î,¥i¿i,¬O,,1.00,1.00,999.00,999.00,999,999,1,1,0,0,0,0,,µL¹Ï¤ù,,0,,0,,,,,,,,,,,TAB,§_,°·«Oµ¹¥I,°·«Oµ¹¥I,OXATOMIDE,R06AE06,B022633100,§_,SolidDrugForm,ORTAB,,,,,,,,,PH047,202303141813,8.40,11.00
OTIN5,20110118,99999999,°±¥Î,Tinidazole 500mg,Tinidazole 500mg,Tinidazole,PO,,QANB,AI-01-13,¤fªA,TAB,,«D²Õ®M,°±¥Î,,¤w°±¥Î,¬O,¤£¥i¥ÎÃÄ¥]¾÷,¥i¥Î,¤@¯ë,Á`¶q¶i¦ì,¾AÀ³¯g:ºwÂÎ¡BÅÜ§ÎÂÎ¤ÎÂÅ¤ó¸ë²Ä(±ù§Î)Ã@¤òÂÎµ¥·L¥Íª«·P¬V,,,,,,,,,¬Ò¥i¥Î,ªA³ß½¤¦ç¿õ¡]±è¥§¹F¿Õ),Tinidazole 500mg,,,§_,¬O,,,,,,,,,¤@¯ë,¤@¯ë,Äµ »y¡G¥ÎÃÄ´Á¶¡À³Á×§K¶¼¥Î§t°sºë¶¼®Æ,,,,,§_,1.0,,§_,§_,§_,³æ¤è,§_,°±¥Î,¥i¥Î,¤£¥i¿i,¬O,,1.00,1.00,4.00,4.00,5,5,1,1,0,0,0,0,,µL¹Ï¤ù,,0,,0,,J01XD02,,,,,,,,,TAB,,°·«Oµ¹¥I,°·«Oµ¹¥I,TINIDAZOLE,P01AB02,AC29627100,§_,SolidDrugForm,ORTAB,,,,,,,,,PH047,202401261332,2.09,3.00
OTOF,19960101,99999999,¥i¥Î,Tofranil 25mg,Tofranil 25mg,Imipramine,PO,HS,CNEU,CN-02-03,¤fªA,TAB,Tofranil,«D²Õ®M,,,¤@¯ë¥i¥Î,¬O,¥i¥ÎÃÄ¥]¾÷,,¤@¯ë,Á`¶q¶i¦ì,¾AÀ³¯g:¼~Æ{¯f¡A ©]§¿,,Indication:Treat mental of depressive symptoms¡A enuresis,,¥~ Æ[:¿j¬õ¦â¶ê§ÎÃÄ¿õ,Appearance:Brick red rond tablet,ÀY·w¡A ©ü©ü±ýºÎ¡A ¤f°®¡A äú¤ß,Dizziness¡A drowsiness¡A dry mouse¡A nausea.,,,§´´I¸£,ToFRAnil 25mg,,,¬O,¬O,,ªAÃÄ«á¡A ¥i¯àµo¥Íµu¼È©Ê·w¯t; ¤Å¶¼°s,,May cause temporary dizziness. Avoid taking with alcohol.,,Àx¦s©ó«Ç·Å(¤£¥i¶W¹L25¢J)¡C,Store in room temperature ( < 25¢XC).,,¤@¯ë,¤@¯ë,Äµ »y¡GªAÃÄ«á¡A¥i¯àµo¥Íµu¼È©Ê·w¯t¡F¤Å¶¼°s,,,,,§_,1.0,,§_,¬O,§_,³æ¤è,§_,¥i¥Î,¥i¥Î,¥i¿i,¬O,,1.00,1.00,3.00,3.00,999,999,1,1,12.00,12.00,0.08,0.08,,¦³¹Ï¤ù,,0,,0,,N06AA02,,,,,,,,,TAB,§_,°·«Oµ¹¥I,°·«Oµ¹¥I,IMIPRAMINE,N06AA02,AC308941G0,§_,SolidDrugForm,ORTAB,,,,,,,,,PH047,202303141813,2.00,3.00
OTON,19960101,99999999,¥i¥Î,Tonsaric 100mg,Tonsaric 100mg,Allopurinol,PC,QD,CNEU,CN-01-04,¤fªA,TAB,Zyloric,«D²Õ®M,,,¤@¯ë¥i¥Î,¬O,¥i¥ÎÃÄ¥]¾÷,,¤@¯ë,Á`¶q¶i¦ì,¾AÀ³¯g:µh­·¡A µh­·©ÊÃö¸`ª¢¡A §¿»Äµ²¥Û¡A °ª§¿»Ä¦å¯g,,Indication:Treatment of gout,,¥~ Æ[:¥Õ¦â¶ê«ó§Î¿õ¾¯¡A¤@­±¦³¤¤¥¡¨è²ª¥[TONS 100,Appearance:White round tablet,¸¡Âm¡A ¶ÝºÎ¡A äú¤ß¡A ¹Ã¦R¡A ­Gµh¡A ²§±`±¼¾v¡A ¹L±Ó¤ÏÀ³,Diarrhea; sleepy; nausea; vomiting; stomachache; unusual hair loss;allergy,,,µh»Ä¥ß§J,Tonsaric 100mg,,,§_,¬O,,ªA¥Î¦¹ÃÄ®É¡A ¤ÅªA¥Î¹L¦hºû¥L©RC,,Prevent kidney stones¡A limit vitamin C intake.,,¦p¥ÎÃÄ«á¥X²{³ïµh¡B¤fµÄÂH½¤¼ìÄê¡B¥Ö¯lµ¥¯gª¬¡A¥ß§Y°±ÃÄ¦^¶E,If signs of sore throat¡A mouth ulcers or skin rash occur¡A please consult doctor,,¤@¯ë,¤@¯ë,¦p¥X²{³ïµh¡B¤fµÄ/ÂH½¤¼ìÄê¡B¥Ö¯lµ¥¯gª¬¡A¥ß§Y°±ÃÄ¦^¶E§iª¾Âå¥Í,,,,,§_,1.0,,§_,¬O,§_,³æ¤è,§_,¥i¥Î,¥i¥Î,¥i¿i,¬O,,1.00,1.00,3.00,3.00,999,999,1,1,8.00,8.00,0,0,,¦³¹Ï¤ù,,0,,0,,M04AA01,,,,,,,,,TAB,§_,°·«Oµ¹¥I,°·«Oµ¹¥I,ALLOPURINOL,M04AA01,AC430741G0,§_,SolidDrugForm,ORTAB,,,,,,,,,PH047,202402121410,2.00,3.00
OTONE,20060321,99999999,¥i¥Î,Tonec 100mg,Tonec 100mg,Aceclofenac,PC,BID,CNEU,CN-01-02,¤fªA,TAB,Aceclofenac,«D²Õ®M,,,¤@¯ë¥i¥Î,¬O,¥i¥ÎÃÄ¥]¾÷,¥i¥Î,¤@¯ë,Á`¶q¶i¦ì,¾AÀ³¯g:¸Ñ¼ö¡A Âíµh¡A ®øª¢§@¥Î,,Indication:Relief of pain¡A inflammation & fever.,,¥~ Æ[:¥Õ¦â¶ê«ó§Î¿õ¾¯¡A ¤@­±¦L UC 25,Appearance: White round tablet,¸z­G¾÷¯à»ÙÃª¡A ¥X¦å©Î¼ìºÅ¡A ·w¯t¡A ¥Ö¯l,GI disturbances¡A ulceration or bleeding; dizziness; skin rash,,¬Ò¥i¥Î,µh°±¿õ,Tonec 100mg,,,§_,¬O,,­Yµo¥Í³ïµh¡B¤fµÄ/ÂH½¤¼ìÄê¡BÄY­«¹L±Ó©Îµo¯lµ¥¤£¾A¯gª¬¡A À³§Y°±ÃÄ¨Ã½Ð±ÐÂå®v,,Report to doctor¡A if any sore throat¡A mouth ulcers or skin rash occur.,,³Æµù: »PÃþ©T¾J¨Ã¥Î·|¼W¥[¸z­G¼ìºÅ©Î¥X¦å¦M¾÷,Caution when used with corticosteroids¡A which increase the risk of GI ulceration,,¤@¯ë,¤@¯ë,Äµ »y: ­Yµo¥ÍÄY­«¹L±Ó©Îµo¯lµ¥¤£¾A¯gª¬¡AÀ³§Y°±ÃÄ¨Ã½Ð±ÐÂå®v,,,,,§_,1.0,,§_,¬O,§_,³æ¤è,§_,¥i¥Î,¥i¥Î,¥i¿i,¬O,,1.00,1.00,1.00,1.00,999,999,0,1,4.00,4.00,0,0,,¦³¹Ï¤ù,,0,,0,,M01AB16,,,,,,,,,TAB,,°·«Oµ¹¥I,°·«Oµ¹¥I,ACECLOFENAC,M01AB16,AB46613100,§_,SolidDrugForm,ORTAB,,,,,,,,,PH047,202305181543,2.79,4.00
OTOP,20051115,99999999,°±¥Î,Topaal chewable Tab,Topaal chewable Tab,Alginic Acid+Colloidal Al(OH)3+MgHCO3,PC,TID,ALIM,GI-01-01,¤fªA,TAB,Topaal,«D²Õ®M,°±¥Î,OALGI,¤@¯ë¥i¥Î,¬O,¤£¥i¥ÎÃÄ¥]¾÷,,¤@¯ë,Á`¶q¶i¦ì,¾AÀ³¯g:°f¬y©Ê­¹¹Dª¢¡A ­G¨`¼ö¡A ­G¤Î¤Q¤G«ü¸z¼ìºÅ¡A ­G»Ä¹L¦h,,Indication:Gastro-oesophageal reflux¡A pyrosis¡A peptic ulcer,,¥~ Æ[:¥Õ¦â¶ê§Î¤jÃÄ¿õ,Appearance:White round tablet,«K¯µ©Î¸¡Âm,Constipation or diarrhea.,,,¦hÄ_­G±d,Topaal chewable Tab,,,§_,¬O,,¥»«~¥iÄZ¸H«á§]ªA,,Chew thoroughly and swallow.,,,,,¤@¯ë,¤@¯ë,Äµ »y:¥»«~¥iÄZ¸H«á§]ªA,,,,,§_,1.0,,§_,§_,§_,½Æ¤è,§_,°±¥Î,¥i¥Î,¥i¿i,¬O,,1.00,1.00,2.00,2.00,999,999,1,1,8.00,8.00,0,0,,¦³¹Ï¤ù,,0,,0,,A02EA01,A02BX13,A02AB01,,,,,,,TAB,§_,°·«Oµ¹¥I,°·«Oµ¹¥I,ALUMINUM HYDROXIDE 30MG + MAGNESIUM CARBONATE 40MG + ALGINIC ACID 200MG,A02BX13,A031800100,§_,SolidDrugForm,CHEWTAB,,,,,,,,,PH047,202303141813,3.29,5.00
OTOP1,20051031,99999999,°±¥Î,Topaal chewable Tab (¦Û¶O),Topaal chewable Tab (¦Û¶O),Alginic Acid+Colloidal Al(OH)3+MgHCO3,PO,,ALIM,GI-01-01,¤fªA,TAB,Topaal,«D²Õ®M,°±¥Î,,¤@¯ë¥i¥Î,¬O,¥i¥ÎÃÄ¥]¾÷,¥i¥Î,¤@¯ë,Á`¶q¶i¦ì,¾AÀ³¯g:¬°­G¸zÃÄ,,Antacid,,,,,,,¬Ò¥i¥Î,¦hÄ_­G±d,Topaal chewable Tab (¦Û¶O),,,§_,¬O,,,,,,,,,¤@¯ë,¤@¯ë,Äµ »y:¥»«~¥iÄZ¸H«á§]ªA,,,,,§_,1.0,,§_,§_,§_,³æ¤è,§_,°±¥Î,¥i¥Î,¥i¿i,¬O,,1.00,1.00,2.00,2.00,999,999,1,1,0,0,0,0,,µL¹Ï¤ù,,0,,0,,,,,,,,,,,TAB,,¤£µ¹¥I¶·¦Û¥I,¤£µ¹¥I¶·¦Û¥I,,,,§_,SolidDrugForm,CHEWTAB,,,,,,,,,PH047,202303141813,0,6.00
OTOP5,20131216,99999999,°±¥Î,Topamax film-coated 50mg,Topamax film-coated 50mg,Topiramate,PO,HS,CNEU,CN-03-01,¤fªA,TAB,Topamax,«D²Õ®M,¼t°Ó¯Ê³f¡A¥i¬dÃþ¦üÃÄ,OTRO,¤@¯ë¥i¥Î,¬O,¤£¥i¥ÎÃÄ¥]¾÷,,¤@¯ë,Á`¶q¶i¦ì,¾AÀ³¯g:Åöíw¡A ¹w¨¾°¾ÀYµh,,Indication:Epilepsy¡A Prophylaxis of migraine headache,,¥~ Æ[: ²L¶À¦â¶ê§Î¿õ¾¯¡A¦L¦³"TOP"¤Î"50"¦r¼Ë,Appearance:Light yellow round tablet,ÀY·w¡A ¯h³Ò¡A ½Æµø¡A äú¤ß,dizziness¡A fatigue¡A diplopia¡A nausea,,¬Ò¥i¥Î,§´®õ,Topamax 50mg,,,¬O,§_,,½Ð¾ã²É§]ªA¡A¤£­n«r¸H¡C,,May be taken with or without food: Swallow whole¡A do not chew/crush.,,¥²¶·¨ÌÂå®v«ü¥Ü³v¦¸ªº´î¶q¡A ¤Å¬ðµM°±ÃÄ,Follow doctor's orders. Do not discontinue abruptly.,102¦~²Ä¥|¦¸ÃÄ©e·|·s¶i,¤@¯ë,¤@¯ë,Äµ »y¡G¾ã²É§]ªA¡A¤ÅÄZ¸H¡FªAÃÄ«á¡A½Ð¤p¤ß¶}¨®©Î¾Þ§@¦MÀI¾÷±ñ,,,0,0,§_,1.0,,§_,§_,§_,³æ¤è,§_,¥i¥Î,¥i¥Î,¤£¥i¿i,¬O,,1.00,1.00,4.00,4.00,999,999,1,7,32.00,32.00,0,0,,¦³¹Ï¤ù,,0,,0,,N03AX11,,,,,,,,,TAB,,°·«Oµ¹¥I,°·«Oµ¹¥I,TOPIRAMATE,N03AX11,BC22507100,§_,SolidDrugForm,ORTAB,,,,,,,,,PH047,202303141813,9.90,14.00
OTOPA,20010731,99999999,°±¥Î,Topamax 25mg,Topamax 25mg,Topiramate,PO,BID,CNEU,CN-03-01,¤fªA,TAB,Topamax,«D²Õ®M,°±¥Î,,¤w°±¥Î,¬O,¤£¥i¥ÎÃÄ¥]¾÷,±ø¥ó¤Uµ¹¥I,¤@¯ë,Á`¶q¶i¦ì,¾AÀ³¯g:Åöíw»²§UªvÀø¡A ¹w¨¾°¾ÀYµh,,Indication:Antiepileptic agent,,¥~ Æ[:¥Õ¦â¶ê§Î¿õ¾¯¡A ¾Tºä¥]¸Ë,Appearance:White round tablet,µø¤O¼Ò½k¡A ¸}¨B¤£Ã­¡A ²´²yÅ¸°Ê¡A ÀY·w¡A °O¾Ð¤Î»¡¸Ü»ÙÃª,Blurred vision¡A clumsiness ¡A uncontrolled eye rolling¡A dizzy.,,¬Ò¥i¥Î,§´®õ,Topamax 25mg,,,§_,¬O,,¥²¶·¨ÌÂå®v«ü¥Ü³v¦¸ªº´î¶q¡A ¤Å¬ðµM°±ÃÄ,,Follow doctor's orders. Do not discontinue abruptly.,,,,102¦~²Ä¥|¦¸ÃÄ©e·|¨MÄ³§R°£,¤@¯ë,¤@¯ë,Äµ »y:¥²¶·¨ÌÂå®v«ü¥Ü³v¦¸ªº´î¶q¡A¤Å¬ðµM°±ÃÄ,,,,,§_,1.0,,§_,§_,§_,³æ¤è,§_,¥i¥Î,¥i¥Î,¥i¿i,¬O,,1.00,1.00,6.00,6.00,999,999,1,1,32.00,32.00,0,0,,¦³¹Ï¤ù,,0,,0,,N03AX11,,,,,,,,,TAB,§_,°·«Oµ¹¥I,°·«Oµ¹¥I,TOPIRAMATE,N03AX11,B022509100,§_,SolidDrugForm,ORTAB,,,,,,,,,PH047,202303141813,12.40,16.00
OTRA2,19960101,99999999,¥i¥Î,Transamin 250mg,Transamin 250mg,Tranexamic Acid,PO,TID,HEMT,HE-05-00,¤fªA,CAP,Transamin,«D²Õ®M,,,¤@¯ë¥i¥Î,¬O,¥i¥ÎÃÄ¥]¾÷,,¤@¯ë,Á`¶q¶i¦ì,¾AÀ³¯g:¥Dªv¥X¦å©Ê¯e¯f¡A ¹L±Ó©Êµoª¢µ¥¯gª¬,,Indication:Preventing bleeding and hemorrhage,,¥~ Æ[:¾ï¶À¦â½¦Ån,Appearance:Orange/yellow capsule,¸¡Âm¡A ©Ê¥\¯à»ÙÃª¡A äú¤ß¡A ¹Ã¦R¡A ¤ë¸g¤£¶¶¡A ²\²G¤Àªc¼W¥[¡A ¥Ö½§¬õ¯l©ÎÄo,Diarrhea; sexual problem; nausea or vomiting; unusual menstrual discomfort.,,,Â_¦åª¢½¦Ån,Transamin 250mg,,,§_,¬O,,½Ð¿í·ÓÂå®v«ü¥Ü¨Ï¥Î¡A ­Yµo¥ÍºÃ¦üÃÄª«¤£¨}¤ÏÀ³½Ð§iª¾Âå¥Í,,Follow doctor's advice. Check with doctor if you notice any side effects.,,,,,¤@¯ë,¤@¯ë,Äµ »y:½Ð¿í·ÓÂå®v«ü¥Ü¨Ï¥Î¡A­Yµo¥ÍºÃ¦üÃÄª«¤£¨}¤ÏÀ³½Ð§iª¾Âå¥Í¡C,,¤fªAÃÄ,,,§_,1.0,,§_,¬O,§_,³æ¤è,§_,¥i¥Î,¥i¥Î,¥i¿i,¬O,,1.00,1.00,2.00,2.00,999,999,1,1,15.00,15.00,0.30,0.10,,¦³¹Ï¤ù,,0,,0,,B02AA02,,,,,,,,,CAP,§_,°·«Oµ¹¥I,°·«Oµ¹¥I,TRANEXAMIC ACID,B02AA02,NC15392100,§_,SolidDrugForm,ORCAP,,,,,,,,,PH047,202401091559,1.83,3.00
OTRAC,19960101,99999999,°±¥Î,Trancolon 7.5mg,Trancolon 7.5mg,Mepenzolate,PO,,ALIM,GI-05-00,¤fªA,TAB,Trancolon,«D²Õ®M,°±¥Î,,¤@¯ë¥i¥Î,¬O,¥i¥ÎÃÄ¥]¾÷,,¤@¯ë,Á`¶q¶i¦ì,¾AÀ³¯g:¥Dªv¿EÄ¼¤j¸z¯g­Ô¸s,,Treatment of irritable colon syndrome,,¥~ Æ[:²H¬õ¦â¶ê«ó§Î¿õ¾¯,Appearance:Light Red Round Tablet,,,,¥u¥Î©óªù¶E,¯S¨}°ª®Ô,Trancolon 7.5mg,,,§_,¬O,,,,,,,,,¤@¯ë,¤@¯ë,Äµ »y:¥»ÃÄ¦³®É·|¤Þ°_µø¤O¼Ò½k¡A ¶}¨®©Î¾Þ§@¦MÀI¾÷¾¹½Ð¯d·N,,,,,§_,1.0,,§_,§_,§_,³æ¤è,§_,°±¥Î,¥i¥Î,¥i¿i,¬O,,1.00,1.00,2.00,2.00,999,999,1,1,0,0,0,0,,µL¹Ï¤ù,,0,,0,,,,,,,,,,,TAB,§_,°·«Oµ¹¥I,°·«Oµ¹¥I,MEPENZOLATE,A03AB12,AC00844100,§_,SolidDrugForm,ORTAB,,,,,,,,,PH047,202303141814,1.49,3.00
OTRAD,19960101,99999999,°±¥Î,Trandate 200mg,Trandate 200mg,Labetalol,PO,BID,CAVS,CV-04-02,¤fªA,TAB,Trandate,«D²Õ®M,°±¥Î,OLAB,¤@¯ë¥i¥Î,¬O,¥i¥ÎÃÄ¥]¾÷,,¤@¯ë,Á`¶q¶i¦ì,¾AÀ³¯g:¥Dªv°ª¦åÀ£,,Indication:Treatment of hypertension,,¥~ Æ[:²L¶À¾í¦â¶ê«ó§Î¿õ¾¯¡A¤@­±¦³T T 02,Appearance:Light orange round tablet,©I§l§xÃø¡A ¤â¸}¦B§N¡A ¤ß±¡Æ{¨ò¡A ¤ß¸õÅÜºC¡A ©Ê¥\¯à»ÙÃª,Breathing difficulty and/or wheezing¡A cold hands and feet¡A mental depression¡A sl,,,´ø®õ§C,Trandate 200mg,,,¬O,¬O,,½Ð¿íÂå®v«ü¥Ü«ö®É¥ÎÃÄ¡A ¤Å¦Û¦æ§ïÅÜ¾¯¶q¡A ¥Îªk©Î¥ô·N°±ÃÄ,,Follow doctor's advice. Do not change your dose or schedule.,,,,,¤@¯ë,¤@¯ë,Äµ »y: ½Ð¿íÂå®v«ü¥Ü«ö®É¥ÎÃÄ¡A¤Å¦Û¦æ§ïÅÜ¾¯¶q¡B¥Îªk©Î¥ô·N°±ÃÄ¡C,,¤fªAÃÄ,,,§_,1.0,,§_,§_,§_,³æ¤è,§_,¥i¥Î,¥i¥Î,¥i¿i,¬O,,1.00,1.00,2.00,2.00,999,999,1,1,12.00,12.00,0,0,,¦³¹Ï¤ù,,0,,0,,C07AG01,,,,,,,,,TAB,§_,°·«Oµ¹¥I,°·«Oµ¹¥I,LABETALOL,C07AG01,BC24532100,§_,SolidDrugForm,ORTAB,,,,,,,,,PH006,202301301424,2.82,4.00
OTRAJ,20120924,99999999,¥i¥Î,Trajenta 5mg,Trajenta 5mg,Linagliptin,PO,QD,META,ME-02-06,¤fªA,TAB,,«D²Õ®M,,,¤@¯ë¥i¥Î,¬O,¥i¥ÎÃÄ¥]¾÷,¥i¥Î,¤@¯ë,Á`¶q¶i¦ì,¾AÀ³¯g:²Ä¤G«¬¿}§¿¯f,,Indication:Type 2 diabetes.,,¥~ Æ[:²H¬õ¦â¶ê§Î¿õ¾¯¡A ¤@­±¦L¦³D5¦r¼Ë,Appearance:Light red round tablet,§C¦å¿}¡A ÀYµh¡A Ãö¸`µh¡A ­Iµh,Hypoglycemia¡A headache¡A arthralgia¡A back pain.,,¬Ò¥i¥Î,¿}º¥¥­,Trajenta 5mg,,,§_,¬O,,½Ð¿í·ÓÂå®v«ü¥Ü¨Ï¥Î¡A½Ð¿í·ÓÂå®v«ü¥Ü¨Ï¥Î¡A ­Yµo¥ÍºÃ¦üÃÄª«¤£¨}¤ÏÀ³½Ð§iª¾Âå¥Í,,Follow doctor's advice. Check with doctor if you notice any side effects.,,,,,¤@¯ë,¤@¯ë,Äµ »y:½Ð¿í·ÓÂå®v«ü¥Ü¨Ï¥Î¡A­Yµo¥ÍºÃ¦üÃÄª«¤£¨}¤ÏÀ³½Ð§iª¾Âå¥Í¡C,,,0,0,§_,1.0,,§_,¬O,§_,³æ¤è,§_,¥i¥Î,¥i¥Î,¥i¿i,¬O,,1.00,1.00,1.00,1.00,999,999,28,1,1.00,1.00,0,0,,¦³¹Ï¤ù,,0,,0,,A10BH05,,,,,,,,,TAB,,°·«Oµ¹¥I,°·«Oµ¹¥I,LINAGLIPTIN,A10BH05,BC25537100,§_,SolidDrugForm,ORTAB,,,,,,,,,PH047,202311061657,16.10,21.00
OTRAM,20090624,99999999,°±¥Î,Tramtor 50mg,Tramtor 50mg,Tramadol,PO,,CNEU,CN-01-01,¤fªA,CAP,Limadol,«D²Õ®M,°±¥Î,OULT,¤w°±¥Î,¬O,¤£¥i¥ÎÃÄ¥]¾÷,­­¥Î,¤@¯ë,Á`¶q¶i¦ì,¾AÀ³¯g:¬°³Â¾K©Ê¤îµh¾¯,,Indication: Management of moderate to sever pain,,¥~ Æ[:·tºñ/²Lºñ¦âªø¶ê¬W§Îµw½¦Ån¡A¦L¦³¡¨Patron 602¡¨¦r¼Ë,Appearance:Dark Green/Light Green Cylinder Capsule,«K¯µ¡A©ü©ü±ýºÎ¡A¤f°®¡AÀYµh¡A¤ß¨`¼ö¡A¡Aäú¤ß¡A¹Ã¦R¡Aµs¦½,constipation; sleepy; dry mouth; headache; heartburn; nausea; vomiting; sweating,,¬Ò¥i¥Î,¹yµh¯S,Tramtor 50mg,,,§_,¬O,,¥»«~¥i¯à·|­°§C±zªºª`·N¤O¡BÄµÄ±©Ê¤Î°Ê§@¨ó½Õ¯à¤O,,May cause dizziness¡A weakness¡A lack of coordination.,,,,,¤@¯ë,¥|¯ÅºÞ¨î,Äµ »y:¥»«~¥i¯à·|­°§C±zªºª`·N¤O¡BÄµÄ±©Ê¤Î°Ê§@¨ó½Õ¯à¤O,,,,,§_,1.0,,§_,§_,§_,³æ¤è,§_,¥i¥Î,¥i¥Î,¤£¥i¿i,¬O,,1.00,1.00,2.00,2.00,999,999,1,1,0,0,0,0,,¦³¹Ï¤ù,,0,,0,,N02AX02,,,,,,,,,CAP,,°·«Oµ¹¥I,°·«Oµ¹¥I,TRAMADOL,N02AX02,A041557100,§_,SolidDrugForm,ORCAP,,,,,,,,,PH047,202303141814,3.20,5.00
OTRAZ,19960101,99999999,¥i¥Î,Mesyrel 50mg,Mesyrel 50mg,Trazodone,PO,BID,CNEU,CN-02-06,¤fªA,TAB,Mesyrel,«D²Õ®M,,OCIZO,¤@¯ë¥i¥Î,¬O,¥i¥ÎÃÄ¥]¾÷,,¤@¯ë,Á`¶q¶i¦ì,¾AÀ³¯g:¦UºØ«¬ºA¤§§íÆ{¯g¤Î¨ä¥L¥Î³~,,Indication:Treat mental depressive symptoms,,¥~ Æ[:²H¬õ¾í¦â¶ê«ó§Î¿õ¾¯¡A ¤@­±¦³¤¤¥¡¨è²ª¡A ¤@­±¦LLO,Appearance:Light red round tablet,ÀY·w¡A ©ü©ü±ýºÎ¡A ¤f°®¡A ±Æ§¿§xÃø,Dizzy¡A Sleepy¡A Dry mouth¡A Difficult urinating.,,¬Ò¥i¥Î,¬üµÎÆ{,Mesyrel 50mg,,,¬O,¬O,,ªAÃÄ«á¡A ¥i¯àµo¥Íµu¼È©Ê·w¯t; ¤Å¶¼°s,,May cause temporary dizziness. Avoid taking with alcohol.,,,,,¤@¯ë,¤@¯ë,Äµ »y¡GªAÃÄ«á¡A¥i¯àµo¥Íµu¼È©Ê·w¯t¡F¤Å¶¼°s,,,,,§_,1.0,,§_,§_,§_,³æ¤è,§_,¥i¥Î,¥i¥Î,¥i¿i,¬O,,1.00,1.00,4.00,4.00,999,999,1,1,12.00,12.00,0,0,,¦³¹Ï¤ù,,0,,0,,N06AX05,,,,,,,,,TAB,§_,°·«Oµ¹¥I,°·«Oµ¹¥I,TRAZODONE,N06AX05,AC336641G0,§_,SolidDrugForm,ORTAB,,,,,,,,,PH047,202303141814,2.00,3.00
OTRAZB,20220218,99999999,°±¥Î,,,Trazodone,PC,BID,CNEU,CN-02-06,¤fªA,TAB,Mesyrel,«D²Õ®M,°±¥Î,,¤@¯ë¥i¥Î,¬O,¥i¥ÎÃÄ¥]¾÷,¥i¥Î,¤@¯ë,Á`¶q¶i¦ì,¾AÀ³¯g:¦UºØ«¬ºA¤§§íÆ{¯g¤Î¨ä¥L¥Î³~,,Indication:Treat mental depressive symptoms,,¥~ Æ[:²H¬õ¾í¦â¶ê«ó§Î¿õ¾¯¡A ¤@­±¦³¤¤¥¡¨è²ª¡A ¤@­±¦LLO,Appearance:Light red round tablet,ÀY·w¡A ©ü©ü±ýºÎ¡A ¤f°®¡A ±Æ§¿§xÃø,Dizzy;sleepy; dry mouth; difficult urinating.,,¬Ò¥i¥Î,¬üµÎÆ{¿õ50²@§J,Mesyrel 50mg,,,¬O,¬O,,ªAÃÄ«á¡A ¥i¯àµo¥Íµu¼È©Ê·w¯t; ¤Å¶¼°s,,May cause temporary dizziness. Avoid taking with alcohol.,,,,2022.02 [OTRAZ]±Æ¸Ë¯Ê³f¡A¥H²~¸Ë´À¥N,¤@¯ë,¤@¯ë,Äµ »y¡GªAÃÄ«á¡A¥i¯àµo¥Íµu¼È©Ê·w¯t¡F¤Å¶¼°s,,,0,0,§_,1.0,,§_,¬O,§_,³æ¤è,,¥i¥Î,¥i¥Î,¥i¿i,¬O,,1.00,1.00,4.00,4.00,999,999,1,1,12.00,12.00,0,0,,µL¹Ï¤ù,,0,,0,,N06AX05,,,,,0,,0,,,,,,,,,,SolidDrugForm,ORTAB,,,0,,0,,,,PH034,202202181049,0,0
OTRCT,20211215,99999999,¥i¥Î,Traceton 37.5/325mg,Traceton 37.5/325mg,Tramadol + Acetaminophen,PO,TID,CNEU,CN-01-01,¤fªA,TAB,Ultracet,«D²Õ®M,,,¤@¯ë¥i¥Î,¬O,¥i¥ÎÃÄ¥]¾÷,±ø¥ó¤Uµ¹¥I,¤@¯ë,Á`¶q¶i¦ì,¾AÀ³¯g:¨Ï¥Î«D¾~¤ùÃþ¤îµh¾¯µL®Äªº¤¤«×¦ÜÄY­«©Ê¯kµh,,Indication:Management of moderate to severe pain,,¥~ Æ[:²H¶À¦â½¤¦ç¿õ¡A¤W¦³YSP 186¼Ð¥Ü,Appearance:Light yellow tablet¡A with YSP 186 marked,äú¤ß¡A ·w¯t¡A §x­Â¡A µL¤O¡A ¯h­Â¡A ¼ö¼é¬õ,Nausea¡A dizziness¡A somnolence¡A asthenia¡A fatigue¡A hot flushes,,¬Ò¥i¥Î,ªA¦wµh½¤¦ç¿õ,Traceton 37.5/325mg,,,¬O,¬O,,³¡¤À¤H¨Ï¥Î«á¥i¯à¤Þ°_¯h­Â¡A µtºÎªº²{¶H,¥X²{©I§l½wºC©Î§xÃøµ¥¯gª¬¡A½Ð¥ß§Y¦^¶E,May cause fatigue¡A sleepiness.,Call your doctor right away if you have slow¡A shallow¡A or trouble breathing.,¤£±o¨ÖªA§t°sºë¶¼®Æ¡A¥i¯à³y¦¨¨x·l®`.,Avoid alcohol while taking medication.,2021Q4ÃÄ©e·|·s¶i,¤@¯ë,¥|¯ÅºÞ¨î,Äµ »y:³¡¤À¤H¨Ï¥Î«á¥i¯à¤Þ°_¯h­Â¡BµtºÎªº²{¶H,,,0,0,§_,1.0,,§_,¬O,§_,½Æ¤è,,¥i¥Î,¥i¥Î,¤£¥i¿i,¬O,,1.00,1.00,2.00,2.00,30,30,1,1,8.00,8.00,0,0,,¦³¹Ï¤ù,,0,,0,,N02AX02,N02BE01,N02AX52,N02AJ13,,0,,0,,TAB,,°·«Oµ¹¥I,°·«Oµ¹¥I,ACETAMINOPHEN 325MG + TRAMADOL 37.5MG,N02AJ13,AC56706100,,SolidDrugForm,ORTAB,,,0,,0,,,,PH032,202205181012,3.32,5.00
OTRE,20080617,99999999,°±¥Î,Trenfylline 400mg,Trenfylline 400mg,Pentoxifylline,PC,BID,CAVS,CV-11-00,¤fªA,TAB,Trental,«D²Õ®M,°±¥Î,OCER4,¤@¯ë¥i¥Î,¬O,¤£¥i¥ÎÃÄ¥]¾÷,¥i¥Î,¤@¯ë,Á`¶q¶i¦ì,¾AÀ³¯g:¥½±é¦åºÞ´`Àô»ÙÃª,,Indication:Treatment of peripheral vascular disease,,¥~ Æ[:¥Õ¦â¾ò¶ê§Î¿õ¾¯¡A ¤@­±¦L CCP,Appearance:White elliptic tablet,ÀY·w¡A ÀYµh¡A äú¤ß©Î¹Ã¦R,Dizzy; headache; nausea or vomiting,,¬Ò¥i¥Î,´`¦å±Ó«ùÄò©Ê½¤¦ç¿õ,Trenfylline 400mg,,,§_,¬O,,½Ð¿í·ÓÂå®v«ü¥Ü¨Ï¥Î¡A ­Yµo¥ÍºÃ¦üÃÄª«¤£¨}¤ÏÀ³½Ð§iª¾Âå¥Í,,Follow doctor's advice. Check with doctor if you notice any side effects.,,,,,¤@¯ë,¤@¯ë,Äµ »y:½Ð¿í·ÓÂå®v«ü¥Ü¨Ï¥Î¡A­Yµo¥ÍºÃ¦üÃÄª«¤£¨}¤ÏÀ³½Ð§iª¾Âå¥Í¡C,,,,,§_,1.0,,§_,§_,§_,³æ¤è,§_,°±¥Î,¥i¥Î,¤£¥i¿i,¬O,,1.00,1.00,1.00,1.00,999,999,1,1,3.00,3.00,0,0,,¦³¹Ï¤ù,,0,,0,,C04AD03,,,,,,,,,TAB,§_,°·«Oµ¹¥I,°·«Oµ¹¥I,PENTOXIFYLLINE,C04AD03,AC39087100,§_,SolidDrugForm,ERTAB12,,,,,,,,,PH047,202303141814,1.82,3.00
OTRE4,19960101,99999999,°±¥Î,Trental 400mg,Trental 400mg,Pentoxifylline,PO,,CAVS,CV-11-00,¤fªA,TAB,Trental,«D²Õ®M,°±¥Î,OCER4,¤@¯ë¥i¥Î,¬O,¤£¥i¥ÎÃÄ¥]¾÷,,¤@¯ë,Á`¶q¶i¦ì,¾AÀ³¯g:¥½±é¦åºÞ´`Àô»ÙÃª,,Treatment of peripheral vascular disease,,¥~ Æ[:®ç¬õ¦âªø¶ê§ÎÃÄ¿õ,Appearance:Red Ellipic Tablet,,,,,´`¯à®õ,Trental 400mg,,,§_,¬O,,,,,,,,,¤@¯ë,¤@¯ë,Äµ »y:½Ð¿í·ÓÂå®v«ü¥Ü¨Ï¥Î¡A­Yµo¥ÍºÃ¦üÃÄª«¤£¨}¤ÏÀ³½Ð§iª¾Âå¥Í¡C,,,,,§_,1.0,,§_,§_,§_,³æ¤è,§_,°±¥Î,¥i¥Î,¤£¥i¿i,¬O,,1.00,1.00,1.00,1.00,999,999,1,1,0,0,0,0,,µL¹Ï¤ù,,0,,0,,,,,,,,,,,TAB,§_,°·«Oµ¹¥I,°·«Oµ¹¥I,PENTOXIFYLLINE,C04AD03,A028470100,§_,SolidDrugForm,ORTAB,,,,,,,,,PH047,202303141814,3.65,5.00
OTRIL,20060321,99999999,¥i¥Î,Trileptal 300mg,Trileptal 300mg,Oxcarbazepine,PO,BID,CNEU,CN-03-01,¤fªA,TAB,Trileptal,«D²Õ®M,,,¤@¯ë¥i¥Î,¬O,¤£¥i¥ÎÃÄ¥]¾÷,¥i¥Î,¤@¯ë,Á`¶q¶i¦ì,¾AÀ³¯g:¥DªvÅöíw¤Î¯«¸gµh,,Indication:Treatment of partial seizures.,,¥~ Æ[:¶À¦â¾ò¶ê§Î¿õ¾¯¡A ¤@­±¦L TE¡A ¤@­±¦L CG,Appearance:Yellow elliptic tablet,§x­Â¡A ÀYµh¡A ·w¯t¡A ½Æµø¡A äú¤ß¡A ¹Ã¦R¡A ¯h­Â,Drowsiness¡A headache¡A dizziness¡A diplopia¡A nausea¡A vomiting¡A fatigue.,,¬Ò¥i¥Î,°£Åö¹F,Trileptal 300mg,,,¬O,¬O,,³¡¤À¤H¨Ï¥Î«á¥i¯à¤Þ°_¯h­Â¡A µtºÎªº²{¶H,,May cause fatigue¡A sleepiness.,,,,,¤@¯ë,¤@¯ë,Äµ »y:³¡¤À¤H¨Ï¥Î«á¥i¯à¤Þ°_¯h­Â¡BµtºÎªº²{¶H,,,,,§_,1.0,,§_,¬O,§_,³æ¤è,§_,¥i¥Î,¥i¥Î,¥i¿i,¬O,,1.00,1.00,4.00,4.00,999,999,1,1,8.00,8.00,0,0,,¦³¹Ï¤ù,,0,,0,,N03AF02,,,,,,,,,TAB,,°·«Oµ¹¥I,°·«Oµ¹¥I,OXCARBAZEPINE,N03AF02,BC23524100,§_,SolidDrugForm,ORTAB,¦M®`¤G¯Å(¡I),,,,,,,,PH047,202303141814,7.30,10.00
OTRIO,20020118,99999999,°±¥Î,Trinordiol 21's/pk,Trinordiol 21's/pk,Ethinylestradiol + Levonorgestrel,PO,QD,HM,CT-01-00,¤fªA,TAB,Trinordiol,«D²Õ®M,°±¥Î,,¤w°±¥Î,¬O,¤£¥i¥ÎÃÄ¥]¾÷,°·«O¤£µ¹¥I,¤@¯ë,Á`¶q¶i¦ì,¾AÀ³¯g:¬°Á×¥¥ÃÄ,,Contrceptives,,¥~ Æ[:¾Tºä¤ù¸Ë,,,,,¬Ò¥i¥Î,¯S©w°¸,Trinordiol 21's/pk,,,§_,¬O,,,,,,,,,¤@¯ë,¤@¯ë,Äµ »y:³¡¤À¤H¨Ï¥Î«á¥i¯à¤Þ°_¯h­Â¡BµtºÎªº²{¶H,,,,,§_,21.0,,§_,§_,§_,½Æ¤è,§_,¥i¥Î,¥i¥Î,¥i¿i,¬O,,1.00,1.00,2.00,2.00,99,99,21,21,0,0,0,0,,µL¹Ï¤ù,,0,,0,,,,,,,,,,,PK,§_,¤£µ¹¥I¶·¦Û¥I,¤£µ¹¥I¶·¦Û¥I,,,B018740100,§_,SolidDrugForm,ORTAB,,,,,,,,,PH047,202303141814,0,90.00
OTRO,20200610,99999999,¥i¥Î,Trokendi XR 50mg,Trokendi XR 50mg,Topiramate,PO,HS,CNEU,CN-03-01,¤fªA,CAP,Topamax,«D²Õ®M,,,¤@¯ë¥i¥Î,¬O,¤£¥i¥ÎÃÄ¥]¾÷,±ø¥ó¤Uµ¹¥I,¤@¯ë,Á`¶q¶i¦ì,¾AÀ³¯g:Åöíw³æ¤@©Î»²§UÀøªk¡A¹w¨¾°¾ÀYµh,,Indication:Epilepsy monotherapy or adjuvant therapy,¡A migraine prophylaxis,¥~ Æ[:ºñ/¾í¦â½¦Ån¡A¦L¦³"SPN"¤Î"50"¦r¼Ë,Appearance:Green/orange capsules with "SPN" and "50" marked,ÀY·w¡A ¯h³Ò¡A ¶ÝºÎ¡A ½Æµø¡A äú¤ß,dizziness¡A fatigue¡A somnolence¡A diplopia¡A nausea,,¬Ò¥i¥Î,§´°¾°±«ùÄò©ÊÄÀ©ñ½¦Ån50²@§J,Trokendi XR 50mg,,,¬O,¬O,,½¦Ån½Ð¾ãÁû§]ªA¡A½Ð¤ÅÅx©ó­¹ª«¤W¡B©CÄZ©Î«r¸H,,Please swallow the whole capsule¡A do not sprinkle on food¡A chew or crush,,ªA¥Î¥»ÃÄ«e«á6¤p®É¤º¤£¥i¶¼°s.,Avoid alcohol within 6 hours before and after taking the medicine.,2020Q2ÃÄ©e·s¶i,¤@¯ë,¤@¯ë,½¦Ån½Ð¾ãÁû§]ªA¡A½Ð¤ÅÅx©ó­¹ª«¤W¡B©CÄZ©Î«r¸H,,,0,0,¬O,1.0,,§_,¬O,§_,³æ¤è,§_,¥i¥Î,¥i¥Î,¤£¥i¿i,¬O,,1.00,1.00,8.00,8.00,999,999,28,7,8.00,8.00,0,0,,¦³¹Ï¤ù,,0,,0,,N03AX11,,,,,0,,0,,CAP,,°·«Oµ¹¥I,°·«Oµ¹¥I,TOPIRAMATE,N03AX11,AC60265100,,SolidDrugForm,ERCAP,¦M®`¤G¯Å(¡I),,0,,0,,,,PH047,202402261142,15.50,20.00
OTRYN,19960101,99999999,¥i¥Î,Trynol 10mg,Trynol 10mg,Amitriptyline,PO,BID,CNEU,CN-02-03,¤fªA,TAB,Tryptanol,«D²Õ®M,,,¤@¯ë¥i¥Î,¬O,¥i¥ÎÃÄ¥]¾÷,,¤@¯ë,Á`¶q¶i¦ì,¾AÀ³¯g:¼~Æ{¯g¡A ±j­¢¯g¤Î¨ä¥¦§@¥Îµ¥,,Indication:Depression¡A gastrointestinal disorder & others,,¥~ Æ[: ºñ¦â¶ê§Î¿}¦ç¿õ,Appearance: green round tablet,ÀY·w¡A ©ü©ü±ýºÎ¡A ¤f°®¡A äú¤ß,Dizzy; sleepy; dry mouth; nausea,,,¼w§Q¯à,Trynol 10mg,,,¬O,¬O,,ªAÃÄ«á¡A ¥i¯àµo¥Íµu¼È©Ê·w¯t; ¤Å¶¼°s,,May cause temporary dizziness. Avoid taking with alcohol.,,,,,¤@¯ë,¤@¯ë,Äµ »y¡GªAÃÄ«á¡A¥i¯àµo¥Íµu¼È©Ê·w¯t¡F¤Å¶¼°s,,,,,§_,1.0,,§_,¬O,§_,³æ¤è,§_,¥i¥Î,¥i¥Î,¥i¿i,¬O,,1.00,1.00,10.00,10.00,999,999,1,1,30.00,30.00,0.16,0.16,,¦³¹Ï¤ù,,0,,0,,N06AA09,,,,,,,,,TAB,§_,°·«Oµ¹¥I,°·«Oµ¹¥I,AMITRIPTYLINE,N06AA09,AC00649100,§_,SolidDrugForm,ORTAB,,,,,,,,,PH047,202402140200,1.50,3.00
OTS1,20120413,99999999,¥i¥Î,TS-1 20mg,TS-1 20mg,Tegafur + Gimeracil + Oteracil K,PC,BID,RACA,ON-02-01,¤fªA,CAP,TS-1,«D²Õ®M,Á{±ÄÃÄ¡A½Ð³qª¾ÃÄ§½¥~ÁÊ,,¥»°|Á{±Ä²M³æ,¬O,¤£¥i¥ÎÃÄ¥]¾÷,±ø¥ó¤Uµ¹¥I,¤@¯ë,Á`¶q¶i¦ì,¾AÀ³¯g:¬°§Ü¸~½FÃÄ,,Indication: Cancer therapy.,,¥~ Æ[:¥Õ¦â½¦Ån¡A¦L¦³TC442¦r¼Ë,,¥Õ¦å²y´î¤Ö¡A ¹½­¹¡A äú¤ß¡A ¹Ã¦R¡A ¸¡Âm¡A ¸¡µh,Leukopenia¡A anorexia¡A nausea¡A vomiting¡A diarrhea¡A abdominal pain.,,¬Ò¥i¥Î,·R´µ¸U,TS-1 capsules 20mg,,,§_,¬O,,ªA¥Î´Á¶¡¥X²{²´²yÅÜ¶À²{¶H¡A À³°±ÃÄ¥ß§Y¦^¶E,,If jaundice (yellow ocular coloring) appears¡A TS-1 should be discontinued,immediately and appropriate measures should be taken.,ªA¥Î28¤Ñ°±¥Î14¤Ñ,,,¤@¯ë,¤@¯ë,Äµ »y:ªA¥Î´Á¶¡¥X²{²´²yÅÜ¶À²{¶H¡A À³°±ÃÄ¥ß§Y¦^¶E,Äµ °ªÄµ°T,,0,0,,1.0,,§_,§_,§_,½Æ¤è,§_,¥i¥Î,¥i¥Î,¤£¥i¿i,¬O,,1.00,1.00,4.00,4.00,999,28,28,1,8.00,8.00,0,0,,¦³¹Ï¤ù,,0,,0,,L01BC53,L01BC03,,,,,,,,CAP,¬O,°·«Oµ¹¥I,°·«Oµ¹¥I,TEGAFUR 20 MG + GIMERACIL 5.80 MG + OTERACIL 19.6 MG,L01BC53,BC25243100,§_,SolidDrugForm,CAP,¦M®`¤@¯Å(¡I¡I),,,,,,,,PH047,202303141814,140.00,168.00
OTS11,20140325,99999999,°±¥Î,TS-1 capsules 25mg,TS-1 capsules 25mg,Tegafur + Gimeracil + Oteracil K,PC,BID,RACA,ON-02-01,¤fªA,CAP,TS-1,«D²Õ®M,Á{±ÄÃÄ¡A½Ð³qª¾ÃÄ§½¥~ÁÊ,,­Ó®×Á{±Ä,¬O,¤£¥i¥ÎÃÄ¥]¾÷,°·«O¤£µ¹¥I,¤@¯ë,Á`¶q¶i¦ì,¾AÀ³¯g:­GÀù³N«á»²§U©Ê¤ÆÀø,,Indication: advanced Inoperable or recurrent gastric cancer.,,¥~ Æ[:¾ï¦â/¥Õ¦â½¦Ån¡A¦L¦³TC443¦r¼Ë,Appearance:Orange/white¡A TC443¡A capsule,¥Õ¦å²y´î¤Ö¡A ¹½­¹¡A äú¤ß¡A ¹Ã¦R¡A ¸¡Âm¡A ¸¡µh,Leukopenia¡A anorexia¡A nausea¡A vomiting¡A diarrhea¡A abdominal pain.,,¬Ò¥i¥Î,·R´µ¸U,TS-1 capsules 25mg,,,,¬O,,ªA¥Î´Á¶¡¥X²{²´²yÅÜ¶À²{¶H¡A À³°±ÃÄ¥ß§Y¦^¶E,,If jaundice (yellow ocular coloring) appears¡A TS-1 should be discontinued,immediately and appropriate measures should be taken.,ªA¥Î28¤Ñ°±¥Î14¤Ñ,,,¤@¯ë,¤@¯ë,Äµ »y:ªA¥Î´Á¶¡¥X²{²´²yÅÜ¶À²{¶H¡A À³°±ÃÄ¥ß§Y¦^¶E,Äµ °ªÄµ°T,,0,0,§_,1.0,,§_,§_,§_,½Æ¤è,§_,¥i¥Î,¥i¥Î,¤£¥i¿i,¬O,,1.00,1.00,3.00,3.00,999,999,28,1,300.00,300.00,0,0,,¦³¹Ï¤ù,,0,,0,,L01BC03,,,,,,,,,CAP,¬O,°·«Oµ¹¥I,°·«Oµ¹¥I,TEGAFUR 25 MG + GIMERACIL 7.25 MG + OTERACIL 24.5 MG,L01BC53,BC25242100,§_,SolidDrugForm,CAP,¦M®`¤@¯Å(¡I¡I),,,,,,,,PH047,202303141814,160.00,192.00
OTYK,20131023,99999999,¥i¥Î,Tykerb 250mg,Tykerb 250mg,Lapatinib ditosylate,PO,,RACA,ON-08-08,¤fªA,TAB,Tykerb,«D²Õ®M,Á{±ÄÃÄ¡A½Ð³qª¾ÃÄ§½¥~ÁÊ,,­Ó®×Á{±Ä,¬O,¤£¥i¥ÎÃÄ¥]¾÷,,¤@¯ë,Á`¶q¶i¦ì,¾AÀ³¯g:ªvÀø¸~½F¦³HER2 (ErbB2)¹L«×ªí,²{¨Ã¥B´¿±µ¨üanthracycline¡A taxane ¥H¤Îtrastuzumab ªvÀø«á¯fªp´c¤Æ¤§±wªÌ¡C,Indication:breast cancer whose tumours overexpress HER2,& who have received prior therapy including anthracycline¡Ataxane & trastuzumab.,¥~ Æ[:¾ï¦â¾ò¶ê§Î¿õ¾¯,Appearance:Orange elliptic tablet,µL­¹¼¤¡A ¸¡Âm¡A äú¤ß¡A ¹Ã¦R¡A ¥Ö½§Äo,Anorexia¡A diarrhea¡A nausea¡A vomiting¡A itch,,¬Ò¥i¥Î,®õ¹Å¿õ,Tykerb 250mg,,,§_,¬O,½Ã±Ð³æ¤»,¥»«~¬°­«¯gªvÀøÃÄ¡A ½Ð¨Ì·ÓÂå®v«ü¥Ü¨Ï¥Î,,Take this medicine exactly as your doctor ordered.,,­¹ª«¥æ¤¬§@¥Î: ªAÃÄ´Á¶¡Á×§K­¹¥Î¸²µå¬c¥Ä,Food interaction:Avoid grapefruit juice,,¤@¯ë,¤@¯ë,,­¹ ­¹ª«¥æ¤¬,,0,0,§_,1.0,,§_,§_,§_,³æ¤è,§_,¥i¥Î,¥i¥Î,¤£¥i¿i,¬O,,10.00,10.00,10.00,10.00,999,999,1,7,10.00,10.00,0,0,,¦³¹Ï¤ù,,0,,0,,L01EH01,,,,,,,,,TAB,§_,°·«Oµ¹¥I,°·«Oµ¹¥I,LAPATINIB,L01EH01,BC24878100,§_,SolidDrugForm,ORTAB,,,,,,,,,PH032,202303261033,502.00,602.00
OUCA,19960101,99999999,°±¥Î,U-Cal 500mg,U-Cal 500mg,Calcium Carbonate,PO,QD,NUTR,NU-03-00,¤fªA,TAB,Calcium Carbonate,«D²Õ®M,°±¥Î,OACAL,¤@¯ë¥i¥Î,¬O,¥i¥ÎÃÄ¥]¾÷,°·«O¤£µ¹¥I,¤@¯ë,Á`¶q¶i¦ì,¾AÀ³¯g:¸É¥R¶t½è,,Indication:Calcium supplement,,¥~ Æ[:²H¶À¦â¶ê«ó§Î¿õ¾¯¡A ¨â­±¦LCOSAI,Appearance:Light yellow round tablet,»´·L¸z­G¤£¾A,Mild GI disturbances.,,,Àu¶t,U-Cal 500mg,,,§_,¬O,,¥»«~¥iÄZ¸H«á§]ªA,,Chew thoroughly and swallow.,,,,,¤@¯ë,¤@¯ë,Äµ »y:¥»«~¥iÄZ¸H«á§]ªA,,,,,§_,1.0,,§_,§_,§_,³æ¤è,§_,¥i¥Î,¥i¥Î,¥i¿i,¬O,,1.00,1.00,3.00,3.00,999,999,1,1,14.00,14.00,0.30,0.08,,¦³¹Ï¤ù,,0,,0,,A02AC01,,,,,,,,,TAB,§_,¤£µ¹¥I¶·¦Û¥I,¤£µ¹¥I¶·¦Û¥I,CALCIUM CARBONATE,A12AA04,A033885100,§_,SolidDrugForm,CHEWTAB,,,,,,,,,PH047,202303141814,0.99,2.00
OUCE,19960101,99999999,°±¥Î,Ucefa 500mg,Ucefa 500mg,Cefadroxil,PO,BID,QANB,AI-01-02,¤fªA,CAP,Ucefa,«D²Õ®M,°±¥Î,OWIN,¤@¯ë¥i¥Î,¬O,¥i¥ÎÃÄ¥]¾÷,,¤@¯ë,Á`¶q¶i¦ì,¾AÀ³¯g:²Óµß©Ê·P¬V,,Antimicrobial agent,,¥~ Æ[:©ú«C/¥Õ¦âªø¶ê¬W§Îµw½¦Ån,Appearance:Blue/White Cylinder Capsule,,,,,Àu§JÅð¯À,Ucefa 500mg,,,§_,¬O,,,,,,,,,¤@¯ë,¤@¯ë,Äµ »y:½Ð¿í«ü¥ÜªA§¹¾ã­ÓÀøµ{¡A­Yµo¥Í¥ÎÃÄ¤£¨}¤ÏÀ³½Ð§iª¾Âå¥Í¡C,,,,,§_,1.0,,§_,§_,§_,³æ¤è,§_,°±¥Î,¥i¥Î,¥i¿i,¬O,,1.00,1.00,2.00,2.00,14,14,1,1,0,0,0,0,,µL¹Ï¤ù,,0,,0,,J01DB05,,,,,,,,,CAP,§_,°·«Oµ¹¥I,°·«Oµ¹¥I,CEFADROXIL,J01DB05,A025083100,§_,SolidDrugForm,ORCAP,,,,,,,,,PH047,202401261337,3.31,5.00
OUFR,20161228,99999999,°±¥Î,UFree ER 500mg,UFree ER 500mg,Levetiracetam,PO,QD,CNEU,CN-03-01,¤fªA,TAB,Keppra,«D²Õ®M,°±¥Î,OKEP,¤@¯ë¥i¥Î,¬O,¤£¥i¥ÎÃÄ¥]¾÷,±ø¥ó¤Uµ¹¥I,¤@¯ë,Á`¶q¶i¦ì,¾AÀ³¯g:¤Q¤G·³¥H¤WÅöíw§½³¡µo§@¤§»²§UªvÀø,,Indication:Antiepileptic.,,¥~ Æ[:¥Õ¦â¾ò¶ê«¬½¤¦ç¿õ¡A¦L¦³LP332,Appearance:White elliptic tablet¡A marking: LP332,ÀY·w¡A¯t·w¡A¶ÝºÎ¡A¯h³Ò¡A·P¬V,dizziness¡A vertigo¡A drowsiness¡A fatigue¡A infection,,¬Ò¥i¥Î,Àu¬¡«ùÄòÄÀ©ñ½¤¦ç¿õ 500²@§J,Ufree ER 500mg,,,¬O,§_,,¥i¯à·|³y¦¨¶ÝºÎ©Î·w¯t¡A¶}¨®©Î¾Þ§@¦MÀI¾÷¾¹½Ð¤p¤ß¡C,³Æµù: Á×§K¬ðµM°±ÃÄ¡C,May make you dizzy; use caution while driving or operating machinery.,Avoid abrupt withdrawal.,­Y¥X²{¬õ¯l¡Bµo¿N¡B²O¤Úµ²¸~µÈ¡Bµê®zÀ³°±ÃÄ¨Ã¥ß§Y´M¨DÂåÀø¨ó§U¡C,Discontinue for rash¡A fever¡A or swollen lymph nodes; seek medical help.,105-4 ÃÄ©e·|³q¹L·s¶i,¤@¯ë,¤@¯ë,Äµ »y:¥i¯à·|³y¦¨¶ÝºÎ©Î·w¯t¡A ¶}¨®©Î¾Þ§@¦MÀI¾÷¾¹½Ð¤p¤ß,,,0,0,§_,1.0,,§_,§_,§_,³æ¤è,§_,°±¥Î,¥i¥Î,¤£¥i¿i,¬O,,1.00,1.00,6.00,6.00,999,999,1,1,6.00,6.00,0,0,,¦³¹Ï¤ù,,0,,0,,N03AX14,,,,,0,,0,,TAB,,°·«Oµ¹¥I,°·«Oµ¹¥I,LEVETIRACETAM,N03AX14,AC56702100,,SolidDrugForm,ERTAB24,,,,,,,,,PH047,202401231145,20.80,27.00
OUFU,20020107,99999999,¥i¥Î,UFUR 100/224mg,UFUR 100/224mg,Tegafur + Uracil,PO,BIDAC,RACA,ON-02-01,¤fªA,CAP,,«D²Õ®M,,,¤@¯ë¥i¥Î,¬O,¤£¥i¥ÎÃÄ¥]¾÷,¥i¥Î,¤@¯ë,Á`¶q¶i¦ì,¾AÀ³¯g:§Ü¸~½FÃÄ,,Indication:Cancer therapy.,,¥~ Æ[:¥Õ¦âªø¶ê¬W§Îµw½¦Ån,Appearance:White cylinder hard capsule,µL­¹¼¤¡A ¸¡Âm¡A äú¤ß¡A ¹Ã¦R¡A ¥Ö½§Äo,Anorexia¡A diarrhea¡A nausea¡A vomiting¡A itch,,¬Ò¥i¥Î,¤Í´_,UFUR 100/224mg,,,§_,¬O,,¥»«~¬°­«¯gªvÀøÃÄ¡A ½Ð¨Ì·ÓÂå®v«ü¥Ü¨Ï¥Î,,Take this medicine exactly as your doctor ordered.,,,,,¤@¯ë,¤@¯ë,Äµ »y:¥»«~¬°­«¯gªvÀøÃÄª«¡A½Ð¨Ì·ÓÂå®v«ü¥Ü¨Ï¥Î¡C,Äµ °ªÄµ°T,,,,§_,1.0,,§_,¬O,§_,³æ¤è,§_,¥i¥Î,¥i¥Î,¤£¥i¿i,¬O,,1.00,1.00,3.00,3.00,999,999,1,1,6.00,6.00,0,0,,¦³¹Ï¤ù,,0,,0,,L01BC03,L01BC53,,,,,,,,CAP,,°·«Oµ¹¥I,°·«Oµ¹¥I,TEGAFUR 100MG + URACIL 224MG,L01BC53,AC43698100,§_,SolidDrugForm,ORCAP,¦M®`¤@¯Å(¡I¡I),,,,,,,,PH047,202303141815,65.00,81.00
OULE,20061201,99999999,°±¥Î,Ulex 250mg,Ulex 250mg,Cephalexin,PO,,QANB,AI-01-02,¤fªA,CAP,Keflex,«D²Õ®M,°±¥Î,OCEPH,¤@¯ë¥i¥Î,¬O,¤£¥i¥ÎÃÄ¥]¾÷,¥i¥Î,¤@¯ë,Á`¶q¶i¦ì,¾AÀ³¯g:²Óµß©Ê·P¬V,,Antibacterial agent,,¥~ Æ[: ¥Õ¦â/ºñ¦âªø¶ê¬W§Î½¦Ån¡A ¦L¦³ UL 004,Appearance:White/Green Cylinder Capsule,,,,¬Ò¥i¥Î,Àu¤OÅð¯À½¦Ån,Ulex 250mg,,,§_,¬O,,,,,,,,,¤@¯ë,¤@¯ë,Äµ »y:½Ð¿í«ü¥ÜªA§¹¾ã­ÓÀøµ{¡A­Yµo¥Í¥ÎÃÄ¤£¨}¤ÏÀ³½Ð§iª¾Âå¥Í¡C,,,,,§_,1.0,,§_,§_,§_,³æ¤è,§_,°±¥Î,¥i¥Î,¥i¿i,¬O,,1.00,1.00,16.00,16.00,999,999,1,1,0,0,0,0,,µL¹Ï¤ù,,0,,0,,J01DB01,,,,,,,,,CAP,,°·«Oµ¹¥I,°·«Oµ¹¥I,CEPHALEXIN,J01DB01,A016706100,§_,SolidDrugForm,ORCAP,,,,,,,,,PH047,202401261321,1.17,3.00
OULT,20110711,99999999,°±¥Î,Ultracet 37.5/325mg,Ultracet 37.5/325mg,Tramadol + Acetaminophen,PO,TID,CNEU,CN-01-01,¤fªA,TAB,Ultracet,«D²Õ®M,°±¥Î,OTRCT,¤@¯ë¥i¥Î,¬O,¥i¥ÎÃÄ¥]¾÷,,¤@¯ë,Á`¶q¶i¦ì,¾AÀ³¯g:¨Ï¥Î«D¾~¤ùÃþ¤îµh¾¯µL®Äªº¤¤«×¦ÜÄY­«©Ê¯kµh,,Indication:Management of moderate to severe pain,,¥~ Æ[:²H¶À¦â½¤¦ç¿õ¡A¤W¦³J-C¤ÎT/P¼Ð¥Ü,Appearance:Light yellow tablet¡A with J-C and T/P marked,äú¤ß¡A ·w¯t¡A §x­Â¡A µL¤O¡A ¯h­Â¡A ¼ö¼é¬õ,Nausea¡A dizziness¡A somnolence¡A asthenia¡A fatigue¡A hot flushes,,¬Ò¥i¥Î,¤Î³q¦w¿õ,Ultracet 37.5/325mg,,,¬O,¬O,,³¡¤À¤H¨Ï¥Î«á¥i¯à¤Þ°_¯h­Â¡A µtºÎªº²{¶H,¥X²{©I§l½wºC©Î§xÃøµ¥¯gª¬¡A½Ð¥ß§Y¦^¶E,May cause fatigue¡A sleepiness.,Call your doctor right away if you have slow¡A shallow¡A or trouble breathing.,¤£±o¨ÖªA§t°sºë¶¼®Æ¡A¥i¯à³y¦¨¨x·l®`.,Avoid alcohol while taking medication.,,¤@¯ë,¥|¯ÅºÞ¨î,Äµ »y:³¡¤À¤H¨Ï¥Î«á¥i¯à¤Þ°_¯h­Â¡BµtºÎªº²{¶H,,,,,§_,1.0,,§_,§_,§_,½Æ¤è,§_,°±¥Î,¥i¥Î,¤£¥i¿i,¬O,,1.00,1.00,2.00,2.00,30,30,1,1,10.00,10.00,0,0,,¦³¹Ï¤ù,,0,,0,,N02AX02,N02BE01,N02AX52,N02AJ13,,,,,,TAB,§_,°·«Oµ¹¥I,°·«Oµ¹¥I,ACETAMINOPHEN 325MG + TRAMADOL 37.5MG,N02AJ13,BC23917100,§_,SolidDrugForm,ORTAB,,,,,,,,,PH006,202208031310,3.32,5.00
OUNA,20021218,99999999,°±¥Î,Unasyn 375mg,Unasyn 375mg,Sultamicillin,PO,,QANB,AI-01-01,¤fªA,TAB,,«D²Õ®M,°±¥Î,,¤@¯ë¥i¥Î,¬O,¤£¥i¥ÎÃÄ¥]¾÷,±ø¥ó¤Uµ¹¥I,¤@¯ë,Á`¶q¶i¦ì,¾AÀ³¯g:²Óµß©Ê·P¬V,,Respiratory tract infections¡A skin and soft tissue infectio,,¥~ Æ[:¥Õ¦âªø§Î½¤¦ç¿õ¡A¤@­±¦³PTU02 ¨è¦L,Appearance:White Rectangle Tablet,,,,¬Ò¥i¥Î,,Unasyn 375mg,,,§_,¬O,,,,,,,,,¤@¯ë,¤@¯ë,Äµ »y:½Ð¿í«ü¥ÜªA§¹¾ã­ÓÀøµ{¡A­Yµo¥Í¥ÎÃÄ¤£¨}¤ÏÀ³½Ð§iª¾Âå¥Í¡C,,,,,§_,1.0,,§_,§_,§_,³æ¤è,§_,¥i¥Î,¥i¥Î,¥i¿i,¬O,,1.00,1.00,1.00,1.00,10,10,1,1,0,0,0,0,,µL¹Ï¤ù,,0,,0,,J01CR04,,,,,,,,,TAB,§_,°·«Oµ¹¥I,°·«Oµ¹¥I,SULTAMICILLIN,J01CR04,B019086100,§_,SolidDrugForm,ORTAB,,,,,,,,,PH047,202401261332,24.20,30.00
OURA,20120924,99999999,¥i¥Î,Uracare 10mg,Uracare 10mg,Trospium,PO,BIDAC,SGU,UR-05-00,¤fªA,TAB,,«D²Õ®M,,,¤@¯ë¥i¥Î,¬O,¤£¥i¥ÎÃÄ¥]¾÷,,¤@¯ë,Á`¶q¶i¦ì,¾AÀ³¯g:¥­·Æ¦ÙµjÅË½w¸Ñ¤ÎÂíµh¡A »H¯Ö¹L°Ê¯g,,Indication:Antispasmodics of smooth muscle.,,¥~ Æ[:ÂÅ¦â¶ê«ó§Î¿õ¾¯¡A ¤@­±¨è¦LTP10,Appearance:blue round tablet,¤f°®¡A ²´°®¡A ½Æµø¡A µÈ®ð¡A «K¯µ¡A ¸¡µh,Dry mouth¡A dry eyes¡A blurred vision¡A flatulence¡A constipation¡A abdominal pain.,,¬Ò¥i¥Î,¤Í¼Ö¥i,Uracare 10mg,,,¬O,¬O,,¥»«~¥i¯à·|­°§C±zªºª`·N¤O¡BÄµÄ±©Ê¤Î°Ê§@¨ó½Õ¯à¤O,,May cause dizziness¡A weakness¡A lack of coordination.,,¥»ÃÄ½Ð©óªÅ¸¡¨Ï¥Î,,,¤@¯ë,¤@¯ë,Äµ »y:¥»«~¥i¯à·|­°§C±zªºª`·N¤O¡BÄµÄ±©Ê¤Î°Ê§@¨ó½Õ¯à¤O,,,0,0,§_,1.0,,§_,¬O,§_,³æ¤è,§_,¥i¥Î,¥i¥Î,¥i¿i,¬O,,1.00,1.00,2.00,2.00,999,999,7,1,8.00,8.00,0,0,,¦³¹Ï¤ù,,0,,0,,G04BD09,A03AB20,,,,,,,,TAB,,°·«Oµ¹¥I,°·«Oµ¹¥I,TROSPIUM CHLORIDE,A03AB20,AC50008100,§_,SolidDrugForm,ORTAB,,,,,,,,,PH047,202303141815,4.01,6.00
OURI,20111225,99999999,°±¥Î,Urief 4mg,Urief 4mg,Silodosin,PC,BID,SGU,UR-04-00,¤fªA,CAP,,«D²Õ®M,°±¥Î,OURI2,¤@¯ë¥i¥Î,¬O,¥i¥ÎÃÄ¥]¾÷,¥i¥Î,¤@¯ë,Á`¶q¶i¦ì,¾AÀ³¯g:«e¦C¸¢ªÎ¤j¯g©Ò¦ñÀHªº±Æ§¿»ÙÃª,,Indication:Benign prostatic hyperplasia,,¥~ Æ[:¥Õ¦âªø¶ê¬W§Îµw½¦Ån¡A ¦L¦³"URIEF 4"©M"SYN",Appearance:White cylinder hard capsule,¤f´÷¡A ¤Uµg¡A °_¥ß®ÉÀY·w¡A »ó¶ë¡A ÀYµh,Dry mouth¡A diarrhea¡A postural hypotension¡A nasal congestion¡A headache,,¬Ò¥i¥Î,Àu¦C§ß,Urief 4mg,,,¬O,¬O,,©w´ÁºÊ´ú¦åÀ£¡C¶}¨®©Î¾Þ§@¾÷±ñ¶·¤p¤ß¡C,,Monitor BP regularly. May affect ability to drive or operate machinery.,,,,,¤@¯ë,¤@¯ë,Äµ»y:©w´ÁºÊ´ú¦åÀ£¡C¶}¨®©Î¾Þ§@¾÷±ñ¶·¤p¤ß¡C,,,0,0,§_,1.0,,§_,§_,§_,³æ¤è,§_,°±¥Î,°±¥Î,¥i¿i,¬O,,1.00,1.00,2.00,2.00,999,999,1,1,4.00,4.00,0,0,,¦³¹Ï¤ù,,0,,0,,G04CA04,,,,,,,,,CAP,§_,°·«Oµ¹¥I,°·«Oµ¹¥I,SILODOSIN,G04CA04,AC55118100,§_,SolidDrugForm,ORCAP,,,,,,,,,PH047,202401300851,5.70,8.00
OURI2,20180315,99999999,°±¥Î,Urief 4mg,Urief 4mg,Silodosin,PC,BID,SGU,UR-04-00,¤fªA,TAB,Rapaflo,«D²Õ®M,°±¥Î¡A¥i¬dÃþ¦üÃÄ,OURI8,¤@¯ë¥i¥Î,¬O,¤£¥i¥ÎÃÄ¥]¾÷,¥i¥Î,¤@¯ë,Á`¶q¶i¦ì,¾AÀ³¯g:«e¦C¸¢ªÎ¤j¯g©Ò¦ñÀHªº±Æ§¿»ÙÃª,,Indication:Benign prostatic hyperplasia,,¥~ Æ[:¥Õ¦â¾ò¶ê§Î¿õ¾¯¡A¦L¦³SYN¤Î053,Appearance:White elliptic tablet¡A marking: SYN¡A 053,¤f´÷¡A ¤Uµg¡A °_¥ß®ÉÀY·w¡A »ó¶ë¡A ÀYµh,Dry mouth¡A diarrhea¡A postural hypotension¡A nasal congestion¡A headache,,¬Ò¥i¥Î,Àu¦C§ß,Urief 4mg,,,¬O,¬O,,©w´ÁºÊ´ú¦åÀ£¡C¶}¨®©Î¾Þ§@¾÷±ñ¶·¤p¤ß¡C,,Monitor BP regularly. May affect ability to drive or operate machinery.,,,,,¤@¯ë,¤@¯ë,Äµ»y:©w´ÁºÊ´ú¦åÀ£¡C¶}¨®©Î¾Þ§@¾÷±ñ¶·¤p¤ß¡C,,,0,0,§_,1.0,,§_,¬O,§_,³æ¤è,,¥i¥Î,,¥i¿i,¬O,,1.00,1.00,2.00,2.00,999,999,1,1,4.00,4.00,0,0,,¦³¹Ï¤ù,,0,,0,,G04CA04,,,,,0,,0,,TAB,¬O,°·«Oµ¹¥I,°·«Oµ¹¥I,SILODOSIN,G04CA04,AC58838100,,SolidDrugForm,ORTAB,,,0,,0,,,,PH006,201910100814,5.70,8.00
OURI8,20190315,99999999,¥i¥Î,Urief F.C. 8mg,Urief F.C. 8mg,Silodosin,PC,HS,SGU,UR-04-00,¤fªA,TAB,Rapaflo,«D²Õ®M,,,¤@¯ë¥i¥Î,¬O,¥i¥ÎÃÄ¥]¾÷,¥i¥Î,¤@¯ë,Á`¶q¶i¦ì,¾AÀ³¯g:«e¦C¸¢ªÎ¤j¯g©Ò¦ñÀHªº±Æ§¿»ÙÃª,,Indication:Benign prostatic hyperplasia,,¥~ Æ[:¥Õ¦â¶ê§Î¿õ¾¯¡A¦L¦³SYN¤Î038,Appearance:White round tablet¡A marking: SYN¡A 038,¤f´÷¡A ¤Uµg¡A °_¥ß®ÉÀY·w¡A »ó¶ë¡A ÀYµh,Dry mouth¡A diarrhea¡A postural hypotension¡A nasal congestion¡A headache,,¬Ò¥i¥Î,Àu¦C§ß½¤¦ç¿õ8²@§J,Urief F.C. 8mg,,,¬O,¬O,,©w´ÁºÊ´ú¦åÀ£¡C¶}¨®©Î¾Þ§@¾÷±ñ¶·¤p¤ß¡C,,Monitor BP regularly. May affect ability to drive or operate machinery.,,­Y»Ý¶i¦æ¥Õ¤º»Ù¤â³N¡A½Ð§iª¾²´¬ìÂå®v¦³ªA¥Î¥»ÃÄ«~¡C,If you are having cataract surgery or eye procedure¡A talk with your doctor.,2019²Ä¤@¦¸ÃÄ©e·s¶i,¤@¯ë,¤@¯ë,Äµ»y:©w´ÁºÊ´ú¦åÀ£¡C¶}¨®©Î¾Þ§@¾÷±ñ¶·¤p¤ß¡C,,,0,0,§_,1.0,,§_,¬O,§_,³æ¤è,,¥i¥Î,¥i¥Î,¥i¿i,¬O,,1.00,1.00,1.00,1.00,999,999,1,1,1.00,1.00,0,0,,¦³¹Ï¤ù,,0,,0,,G04CA04,,,,,0,,0,,TAB,¬O,°·«Oµ¹¥I,°·«Oµ¹¥I,SILODOSIN,G04CA04,AC58393100,,SolidDrugForm,ORTAB,,,0,,0,,,,PH047,202401300850,11.00,14.00
OURO1,20030915,99999999,°±¥Î,UROCIT-K 10meq,UROCIT-K 10meq,Potassium Citrate,PO,,SGU,UR-05-00,¤fªA,TAB,,«D²Õ®M,°±¥Î,OCRAS,¤@¯ë¥i¥Î,¬O,¤£¥i¥ÎÃÄ¥]¾÷,±ø¥ó¤Uµ¹¥I,¤@¯ë,Á`¶q¶i¦ì,¾AÀ³¯g:¥Dªv§¿¸ôµ²¥Û¡B§¿»ÄµÇ¥Û¯g¡Bµh­·,,Management of renal tubular acidosis with calcium stones,,¥~ Æ[:²H¶À¦âªø¶ê¬W§Î¿õ¾¯,Appearance:Light Yellow Cylinder Tablet,,,,¬Ò¥i¥Î,§J¥Û¸t,UROCIT-K 10meq,,,§_,¬O,,,,,,,,,¤@¯ë,¤@¯ë,Äµ »y:½Ð¿í·ÓÂå®v«ü¥Ü¨Ï¥Î¡A­Yµo¥ÍºÃ¦üÃÄª«¤£¨}¤ÏÀ³½Ð§iª¾Âå¥Í¡C,,,,,§_,1.0,,§_,§_,§_,³æ¤è,§_,¥i¥Î,¥i¥Î,¥i¿i,¬O,,1.00,1.00,2.00,2.00,99,99,1,1,0,0,0,0,,µL¹Ï¤ù,,0,,0,,,,,,,,,,,TAB,§_,°·«Oµ¹¥I,°·«Oµ¹¥I,POTASSIUM CITRATE,G04BC,B022477100,§_,SolidDrugForm,ORTAB,,,,,,,,,PH047,202303141815,10.90,14.00
OUROC,19960101,99999999,°±¥Î,Urocit K 5meq,Urocit K 5meq,Potassium Citrate,PO,,SGU,UR-05-00,¤fªA,TAB,Urocit K,«D²Õ®M,°±¥Î,OCRAS,¤@¯ë¥i¥Î,¬O,¤£¥i¥ÎÃÄ¥]¾÷,±ø¥ó¤Uµ¹¥I,¤@¯ë,Á`¶q¶i¦ì,¾AÀ³¯g:¥Dªv§¿¸ôµ²¥Û¡B§¿»ÄµÇ¥Û¯g¡Bµh­·,,Renal tubular acidosis (RTA) with calcium stones¡A,,¥~ Æ[:²L¶À¦â¶ê§ÎÃÄ¿õ¡A¤@­±¦L¦³MPC»P600ªº¨è²ª,Appearance:Light Yellow Round Tablet,,,,,,Urocit K 5meq,,,§_,¬O,,,,,,,,,¤@¯ë,¤@¯ë,,,,,,§_,1.0,,§_,§_,§_,³æ¤è,§_,¥i¥Î,¥i¥Î,¥i¿i,¬O,,1.00,1.00,999.00,999.00,999,999,1,1,0,0,0,0,,µL¹Ï¤ù,,0,,0,,,,,,,,,,,TAB,§_,°·«Oµ¹¥I,°·«Oµ¹¥I,POTASSIUM CITRATE,G04BC,B017881100,§_,SolidDrugForm,ORTAB,,,,,,,,,PH047,202303141815,7.70,10.00
OUROD,20210908,99999999,¥i¥Î,Urodine 100mg,Urodine 100mg,Phenazopyridine,PC,TID,SGU,UR-05-00,¤fªA,TAB,Uroprin,«D²Õ®M,,,¤@¯ë¥i¥Î,¬O,¥i¥ÎÃÄ¥]¾÷,¥i¥Î,¤@¯ë,Á`¶q¶i¦ì,¾AÀ³¯g:§¿¸ô¤îµh¾¯¡A ´î»´±Æ§¿¨`¼ö·P,,Indication:Pain and irritability in cystitis and urethritis.,,¥~ Æ[: ²`©@°Ø¦â¶ê§ÎÃÄ¿õ¡A¤@­±¦³TF/100¼Ð¥Ü,Appearance: Dark brown round tablet¡A with TF/100 marked.,ÀY·w¡BÀYµh¡Bäú¤ß¡B¹Ã¦R¡B­¹¼¤¤£®¶,Dizziness¡A headache¡A nausea¡A vomiting¡A poor appetite,,¬Ò¥i¥Î,Â¡§¿¹ç½¤¦ç¿õ100²@§J,Urodine 100mg,,,,¬O,,§¿²G©ÎÁô§Î²´Ãè§e¬õ¾ï¦â¦¹¤D¥¿±`²{¶H,½Ð»P­¹ª«¨ÖªA´î¤Ö¸z­G¤£¾A,May discolor urine¡A contact lens to reddish orange.,Taking with or following food (a meal or a snack) to reduce gastric upset,G6PD¯Ê¥F¸T¥Î,Don't use in G6PD deficiency patient.,202109 [OUROP]¯Ê³f´À¥N,¤@¯ë,¤@¯ë,Äµ »y:ªA¥Î¥»ÃÄ­Y¤Þ°_§¿²GÅÜ¦â¡A¬O¦]ÃÄ«~¥NÁÂ©Ò³y¦¨,,,0,0,§_,1.0,,§_,¬O,§_,³æ¤è,,¥i¥Î,¥i¥Î,¥i¿i,¬O,,1.00,1.00,2.00,2.00,14,14,1,1,6.00,6.00,0,0,,¦³¹Ï¤ù,,0,,0,,G04BX06,,,,,0,,0,,TAB,§_,°·«Oµ¹¥I,°·«Oµ¹¥I,PHENAZOPYRIDINE,G04BX06,AC26175100,,SolidDrugForm,ORTAB,,,0,,0,,,,PH047,202306051459,1.50,3.00
OUROP,19960101,99999999,°±¥Î,Uroprin 100mg,Uroprin 100mg,Phenazopyridine,PC,TID,SGU,UR-05-00,¤fªA,TAB,Uropyridine,«D²Õ®M,°±¥Î,,¤@¯ë¥i¥Î,¬O,¤£¥i¥ÎÃÄ¥]¾÷,¥i¥Î,¤@¯ë,Á`¶q¶i¦ì,¾AÀ³¯g:§¿¸ô¤îµh¾¯¡A ´î»´±Æ§¿¨`¼ö·P,,Indication:Pain and irritability in cystitis¡A prostatitis,and urethritis.,¥~ Æ[: ²`µµ¦â¶ê§ÎÃÄ¿õ,Appearance: Purple round tablet,ÀY·w¡A ÀYµh¡A ®ø¤Æ¤£¨}¡A ¥Ö½§Äo¡A ­Gµh©ÎµjÅË,Dizziness¡A headache¡A indigestion¡A itching of the skin¡A stomach cramps or pain,,¬Ò¥i¥Î,¸ô¥²²b¿}¦ç¿õ,Uroprin 100mg,,,§_,¬O,,1. §¿²G©ÎÁô§Î²´Ãè§e¬õ¾ï¦â¦¹¤D¥¿±`²{¶H 2. ½Ð»P­¹ª«¨ÖªA´î¤Ö¸z­G¤£¾A,,1. May discolor urine¡A contact lens to reddish orange 2. Taking with or,following food (a meal or a snack) to reduce gastric upset,G6PD¯Ê¥F¸T¥Î,Don't use in G6PD deficiency patient.,,¤@¯ë,¤@¯ë,Äµ »y:ªA¥Î¥»ÃÄ­Y¤Þ°_§¿²GÅÜ¦â¡A¬O¦]ÃÄ«~¥NÁÂ©Ò³y¦¨,,,,,§_,1.0,,§_,§_,§_,³æ¤è,§_,¥i¥Î,¥i¥Î,¥i¿i,¬O,,1.00,1.00,2.00,2.00,14,14,1,1,6.00,6.00,0,0,,¦³¹Ï¤ù,,0,,0,,G04BX06,,,,,,,,,TAB,,°·«Oµ¹¥I,°·«Oµ¹¥I,PHENAZOPYRIDINE,G04BX06,NC00102100,§_,SolidDrugForm,ORTAB,,,,,,,,,PH047,202303141815,1.50,3.00
OUROS,20230628,99999999,¥i¥Î,Urosan 100mg,Urosan 100mg,Sodium Pentosan Polysulfate,PO,TIDAC,SGU,UR-04-00,¤fªA,CAP,,«D²Õ®M,,,¤@¯ë¥i¥Î,¬O,¤£¥i¥ÎÃÄ¥]¾÷,±ø¥ó¤Uµ¹¥I,¤@¯ë,Á`¶q¶i¦ì,¾AÀ³¯g:¸Ñ°£¦]¶¡½è©Ê»H¯Öª¢¤Þ°_ªº»H¯Ö¯kµh©Î¤£¾A¡C,,Indication:Relieves symptoms of interstitial cystitis.,,¥~ Æ[:¥Õ¦â/²HÂÅ¦â½¦Ån¡A¨â°¼¦L¦³PPS100,Appearance:White & pale blue capsule printed with "PPS100",¨rÀY¡B¤Uµg¡Bäú¤ß¡BÀYµh¡B¥Ö¯l¡B¥X¦å¡Bµøºô½¤¯e¯f,Alopecia¡A diarrhea¡A nausea¡A headache¡A rash¡A hemorrhage¡A retinal disorders.,,¬Ò¥i¥Î,Àu¦Ó¶¶½¦Ån100²@§J,Urosan 100mg,,,,¬O,,½Ð©ó¶º«e1¤p®É©Î¶º«á2¤p®ÉªA¥Î¡C,¨ã·L®z§Ü¾®¦å§@¥Î¡A¨x¥\¯à¤£¥þªÌÀ³ÂÔ·V¨Ï¥Î¡C,Take at least 1 hour before a meal or 2 hours after a meal.,Caution advised in impaired liver function due to mild anticoagulant effect.,­Y¦³¥ô¦óµøÄ±ÅÜ¤Æ½Ð°±¥Î¨Ã¦^¶E§iª¾Âå®v¡C,Discontinue use and consult a physician if there are any visual changes.,2023Q2ÃÄ©e·s¼W,¤@¯ë,¤@¯ë,½Ð©ó¶º«e1¤p®É©Î¶º«á2¤p®ÉªÅ¸¡ªA¥Î¡C,,,0,0,§_,1.0,,§_,¬O,§_,³æ¤è,§_,¥i¥Î,¥i¥Î,¥i¿i,¬O,,1.00,1.00,3.00,3.00,999,999,0,0,3.00,3.00,0,0,,¦³¹Ï¤ù,,0,,0,,G04BX15,,,,,0.10,g,0.30,g,CAP,¬O,°·«Oµ¹¥I,°·«Oµ¹¥I,SODIUM PENTOSAN POLYSULPHATE,G04BX15,AC57862100,§_,SolidDrugForm,CAP,,,0,,0,,,,PH047,202307241644,59.00,74.00
OUROT,20050317,99999999,°±¥Î,Urotrol 15mg,Urotrol 15mg,Propiverine,PO,BID,SGU,UR-05-00,¤fªA,TAB,,«D²Õ®M,°±¥Î,,¤@¯ë¥i¥Î,¬O,¤£¥i¥ÎÃÄ¥]¾÷,¥i¥Î,¤@¯ë,Á`¶q¶i¦ì,¾AÀ³¯g:¬°±Æ§¿¾÷¯à§ïµ½¾¯,,Urinary tract antispasmodic,,¥~ Æ[:ÂA¶À¦â¶ê«ó§Î¿õ¾¯¡A ¤@­±¦LGBL,Appearance:Yellow Round Tablet,,,,¬Ò¥i¥Î,Àu¦X,Urotrol 15mg,,,§_,¬O,,,,,,,,,¤@¯ë,¤@¯ë,Äµ »y:½Ð¿í·ÓÂå®v«ü¥Ü¨Ï¥Î¡A­Yµo¥ÍºÃ¦üÃÄª«¤£¨}¤ÏÀ³½Ð§iª¾Âå¥Í¡C,,,,,§_,1.0,,§_,§_,§_,³æ¤è,§_,°±¥Î,¥i¥Î,¥i¿i,¬O,,1.00,1.00,1.00,1.00,99,99,1,1,0,0,0,0,,µL¹Ï¤ù,,0,,0,,,,,,,,,,,TAB,§_,°·«Oµ¹¥I,°·«Oµ¹¥I,PROPIVERINE,G04BD06,A045700100,§_,SolidDrugForm,ORTAB,,,,,,,,,PH047,202303141815,10.10,13.00
OURS,19960101,99999999,°±¥Î,Ursolic tab 100 mg,Ursolic tab 100 mg,Ursodeoxycholic Acid,PO,,ALIM,GI-07-00,¤fªA,TAB,Urso,«D²Õ®M,°±¥Î,,¤@¯ë¥i¥Î,¬O,¤£¥i¥ÎÃÄ¥]¾÷,±ø¥ó¤Uµ¹¥I,¤@¯ë,Á`¶q¶i¦ì,¾AÀ³¯g:¥DªvÁx¥ÄÆ{º¢¡BºC©Ê¨xª¢¡BÁx©T¾J¨tÁxµ²¥Ûµ¥,,Dissolution of cholesterol-rich gallstones.,,,,,,,,,Ursolic tab 100 mg,,,§_,¬O,,,,,,,,,¤@¯ë,¤@¯ë,Äµ »y:½Ð¿í·ÓÂå®v«ü¥Ü¨Ï¥Î¡A­Yµo¥ÍºÃ¦üÃÄª«¤£¨}¤ÏÀ³½Ð§iª¾Âå¥Í¡C,,,,,§_,1.0,,§_,§_,§_,³æ¤è,§_,¥i¥Î,¥i¥Î,¥i¿i,¬O,,1.00,1.00,2.00,2.00,99,99,1,1,0,0,0,0,,µL¹Ï¤ù,,0,,0,,,,,,,,,,,TAB,§_,°·«Oµ¹¥I,°·«Oµ¹¥I,URSODEOXYCHOLIC ACID,A05AA02,A037720100,§_,SolidDrugForm,ORTAB,,,,,,,,,PH047,202303141815,1.90,3.00
OUTA,20120924,99999999,¥i¥Î,Utapine 200mg,Utapine 200mg,Quetiapine,PO,QD,CNEU,CN-02-01,¤fªA,TAB,Seroquel,«D²Õ®M,,,¤@¯ë¥i¥Î,¬O,¤£¥i¥ÎÃÄ¥]¾÷,±ø¥ó¤Uµ¹¥I,¤@¯ë,Á`¶q¶i¦ì,¾AÀ³¯g:«äÄ±¥¢½Õ¯g¡AÂù·¥©Ê¯e±w,,Indication:Treatment of psychotic symptoms¡A,Bipolar disorder¡A major depressive disorder.,¥~ Æ[:¥Õ¦â¶ê§Î¿õ¾¯¡A ¤W¦³UN453¤Î200mg¼Ð¥Ü,Appearance:White round tablet¡A with UN453 and 200mg marked.,«K¯µ¡A ©ü©ü±ýºÎ¡A ¤f°®,constipation; sleepy; dry mouth,,¬Ò¥i¥Î,Àu¹F¥­½¤¦ç¿õ200²@§J,Utapine 200mg,,,¬O,¬O,,¥ÎÃÄ«á¥i¯àµo¥ÍÀY·w¡A¤Å¶¼°s,,May induce dizziness or drowsiness.,Avoid drinking alcohol while taking medication.,³Æµù: Á×§K¬ðµM°±ÃÄ,Avoid acute withdrawal.,2022.Q1ÃÄ©e¦A±Ò¥Î,¤@¯ë,¤@¯ë,Äµ »y¡G¥ÎÃÄ«á¥i¯àµo¥ÍÀY·w¡A¤Å¶¼°s,,,0,0,§_,1.0,,§_,¬O,§_,³æ¤è,§_,¥i¥Î,¥i¥Î,¥i¿i,¬O,,1.00,1.00,2.00,2.00,999,999,1,1,4.00,4.00,0,0,,¦³¹Ï¤ù,,0,,0,,N05AH04,,,,,,,,,TAB,,°·«Oµ¹¥I,°·«Oµ¹¥I,QUETIAPINE,N05AH04,AC48467100,§_,SolidDrugForm,ORTAB,,,,,,,,,PH006,202204181405,13.50,18.00
OUTR,19960101,99999999,°±¥Î,Utrogestan 100mg,Utrogestan 100mg,Progesterone,PO,TID,HM,HR-03-03,¤fªA,CAP,Utrogestan,«D²Õ®M,°±¥Î,OUTRO,¤@¯ë¥i¥Î,¬O,¤£¥i¥ÎÃÄ¥]¾÷,±ø¥ó¤Uµ¹¥I,¤@¯ë,Á`¶q¶i¦ì,¾AÀ³¯g:¸É¥R¶ÀÅé¯À¤£¨¬©Ò¤Þ°_ªº¯f¼x,,Indication: dysmenorrhea¡A endometriosis¡A uterine bleeding,,¥~ Æ[:¨Å¥Õ¦â¶ê§Î³n½¦Ån,Appearance:Milk white round capsule,©ü©ü±ýºÎ¡A »´·LÂIª¬¥X¦å,Drowsiness¡A slight spotting before menstruation or a clear shortening of the cyc,,,Àu¼ä³q½¦Ån,Utrogestan 100mg,,,§_,¬O,,Á×§K©â·Ï¡A ¦]¥i¯à¼W¥[¤¤­·¡A ¦å¶ô¾®¶°¡A °ª¦åÀ£ªº¦MÀI©Ê,,Avoid smoking.,,,,,¤@¯ë,¤@¯ë,Äµ »y:Á×§K©â·Ï¡A¦]¥i¯à¼W¥[¤¤­·¡B¦å¶ô¾®¶°¡B°ª¦åÀ£ªº¦MÀI©Ê,,,,,§_,1.0,,§_,§_,§_,³æ¤è,§_,¥i¥Î,¥i¥Î,¤£¥i¿i,¬O,,1.00,1.00,4.00,4.00,999,999,1,1,8.00,8.00,0,0,,¦³¹Ï¤ù,,0,,0,,G03DA04,,,,,,,,,CAP,§_,°·«Oµ¹¥I,°·«Oµ¹¥I,PROGESTERONE,G03DA04,B013497100,§_,SolidDrugForm,ORCAP,,,,,,,,,PH047,202303141815,8.10,11.00
OUTRO,20140731,99999999,¥i¥Î,Utrogestan 100mg,Utrogestan 100mg,Progesterone,PO,TID,HM,HR-03-03,¤fªA,CAP,Utrogestan,«D²Õ®M,,,¤@¯ë¥i¥Î,¬O,¤£¥i¥ÎÃÄ¥]¾÷,±ø¥ó¤Uµ¹¥I,¤@¯ë,Á`¶q¶i¦ì,¾AÀ³¯g:¸É¥R¶ÀÅé¯À¤£¨¬©Ò¤Þ°_ªº¯f¼x,,Indication: dysmenorrhea¡A endometriosis¡A uterine bleeding,,¥~ Æ[:¨Å¥Õ¦â¶ê§Î³n½¦Ån,Appearance:Milk white round capsule,ÀY·w¡AÀYµh,Dizziness¡A Headache,,¬Ò¥i¥Î,Àu¼ä³q³n½¦Ån100²@§J,Capsugel utrogestan,,,,§_,,Á×§K©â·Ï¡A ¦]¥i¯à¼W¥[¤¤­·¡A ¦å¶ô¾®¶°¡A °ª¦åÀ£ªº¦MÀI©Ê,,Avoid smoking.,,,,,¤@¯ë,¤@¯ë,Äµ »y:Á×§K©â·Ï¡A¦]¥i¯à¼W¥[¤¤­·¡B¦å¶ô¾®¶°¡B°ª¦åÀ£ªº¦MÀI©Ê,,,0,0,,1.0,,§_,¬O,§_,³æ¤è,§_,¥i¥Î,¥i¥Î,¤£¥i¿i,¬O,,1.00,1.00,4.00,4.00,999,999,1,1,8.00,8.00,0,0,,¦³¹Ï¤ù,,0,,0,,G03DA04,,,,,0,,0,,CAP,,°·«Oµ¹¥I,°·«Oµ¹¥I,PROGESTERONE,G03DA04,BC25923100,§_,SolidDrugForm,ORCAP,¦M®`¤G¯Å(¡I),,,,,,,,PH047,202303141816,6.30,9.00
OVAL,20090330,99999999,¥i¥Î,Valtrex 500mg,Valtrex 500mg,Valaciclovir,PO,BID,QANB,AI-03-02,¤fªA,TAB,zovirax,«D²Õ®M,,,¤@¯ë¥i¥Î,¬O,¤£¥i¥ÎÃÄ¥]¾÷,±ø¥ó¤Uµ¹¥I,¤@¯ë,Á`¶q¶i¦ì,¾AÀ³¯g:¯p¯l¤§¹w¨¾¤ÎªvÀø,,Indication:Treatment of herpes zoster & herpes labialis.,,¥~ Æ[:¥Õ¦âªø¾ò¶ê§Î¿õ¾¯¡A¤@­±¦³GX CF1,Appearance:White round tablet,ÀYµh¡A äú¤ß¡A ·w¯t¡A §x´b¡A ¤ÛÄ±,Headache¡A nausea¡A dizziness¡A confusion¡A hallucinations,,¬Ò¥i¥Î,×¶¯l©ö¿õ,Valtrex 500mg,,,§_,¬O,,½Ð¿íÂå®v«ü¥Ü«ö®É¥ÎÃÄ¡A ¤Å¦Û¦æ§ïÅÜ¾¯¶q¡A ¥Îªk©Î¥ô·N°±ÃÄ,,Follow doctor's advice. Do not change your dose or schedule.,,,,,¤@¯ë,¤@¯ë,Äµ »y: ½Ð¿íÂå®v«ü¥Ü«ö®É¥ÎÃÄ¡A¤Å¦Û¦æ§ïÅÜ¾¯¶q¡B¥Îªk©Î¥ô·N°±ÃÄ¡C,,,,,§_,1.0,,§_,¬O,§_,³æ¤è,§_,°±¥Î,°±¥Î,¥i¿i,¬O,,1.00,1.00,2.00,2.00,180,28,1,1,8.00,8.00,0.18,0.06,,¦³¹Ï¤ù,,0,,0,,J05AB11,,,,,0.50,g,3.00,g,TAB,,°·«Oµ¹¥I,°·«Oµ¹¥I,VALACICLOVIR,J05AB11,BC21788100,§_,SolidDrugForm,ORTAB,,,,,,,,,PH047,202303141816,47.80,62.00
OVALD,20130107,99999999,¥i¥Î,Valdoxan 25mg,Valdoxan 25mg,Agomelatine,PO,HS,CNEU,CN-02-06,¤fªA,TAB,Valdoxan,«D²Õ®M,,,¤@¯ë¥i¥Î,¬O,¤£¥i¥ÎÃÄ¥]¾÷,¥i¥Î,¤@¯ë,Á`¶q¶i¦ì,¾AÀ³¯g: ¦¨¤HÆ{¯g¡B¼sªx©ÊµJ¼{¯g,,Indications: Depression and anxiety disorder in adults.,,¥~ Æ[: ¾ï¶À¦â¾ò¶ê§Î½¤¦ç¿õ¡A¤@­±¦³ÂÅ¦â¼Ð»x,Appearance: Orange elliptic tablet,ÀYµh¡BÀY·w¡B¸z­G¤£¾A¡B¦h¦½¡B¥Ö½§¬õ¯l¡B¯h­Â,Headache¡A dizziness¡A GI upset¡A sweating¡A skin rash¡A fatigue,,¬Ò¥i¥Î,·Ð¦h°{½¤¦ç¿õ25²@§J,Valdoxan 25mg,,,§_,¬O,,­Y¥X²{¥ô¦ó°Æ§@¥Î¼x¶HÀ³¥ß§Y»PÂå®vÁpÃ´¡C,(¨x¥\¯à²§±`: ²§±`¯h­Â¡B¥Ö½§ÅÜ¶À¡B§¿²GÅÜ²`¡BÁT«KÅÜ¥Õ),Check with doctor if you notice any side effects.,(Signs of liver dysfunction: unusual fatigue¡Ajaundice¡A dark urine¡A or pale stool,ªAÃÄ«á¡A ¥i¯à¤Þ°_¯h­Â¡BµtºÎªº²{¶H; ¤Å»P°sºë¨Ö¥Î,May cause fatigue¡A sleepiness. Avoid taking with alcohol.,,¤@¯ë,¤@¯ë,­Y¥X²{¥ô¦ó°Æ§@¥Î¼x¶HÀ³¥ß§Y»PÂå®vÁpÃ´¡C(¨x¥\¯à²§±`: ²§±`¯h­Â¡B¥Ö½§ÅÜ¶À),,,0,0,§_,1.0,,§_,¬O,§_,³æ¤è,§_,¥i¥Î,¥i¥Î,¥i¿i,¬O,,1.00,1.00,2.00,2.00,999,999,1,1,2.00,2.00,0,0,,¦³¹Ï¤ù,,0,,0,,N06AX22,,,,,,,,,TAB,,°·«Oµ¹¥I,°·«Oµ¹¥I,agomelatine,N06AX22,BC25451100,§_,SolidDrugForm,ORTAB,,,,,,,,,PH047,202308231024,35.10,46.00
OVB1,19960101,99999999,°±¥Î,Vitamin B1 100mg,Vitamin B1 100mg,Thiamine,PO,,NUTR,NU-02-00,¤fªA,TAB,Vitamin B1,«D²Õ®M,°±¥Î,,¤w°±¥Î,¬O,¥i¥ÎÃÄ¥]¾÷,,¤@¯ë,Á`¶q¶i¦ì,¾AÀ³¯g:¬°ºû¥L©RB1»s¾¯,,Vitamin B1 supplement,,¥~ Æ[: ¥Õ¦â¶ê§ÎÃÄ¿õ,Appearance:White Round Tablet,,,,,ºû¥Í¯ÀB1,Vitamin B1 100mg,,,§_,¬O,,,,,,,,,¤@¯ë,¤@¯ë,Äµ »y: ½Ð¿íÂå®v«ü¥Ü«ö®É¥ÎÃÄ¡A¤Å¦Û¦æ§ïÅÜ¾¯¶q¡B¥Îªk©Î¥ô·N°±ÃÄ¡C,,,,,§_,1.0,,§_,§_,§_,³æ¤è,§_,°±¥Î,¥i¥Î,¥i¿i,¬O,,1.00,1.00,3.00,3.00,999,999,1,1,0,0,0,0,,µL¹Ï¤ù,,0,,0,,,,,,,,,,,TAB,§_,°·«Oµ¹¥I,°·«Oµ¹¥I,VITAMIN B1 (THIAMINE),A11DA01,N002529100,§_,SolidDrugForm,ORTAB,,,,,,,,,PH047,202303141816,0.35,2.00
OVBC,20130110,99999999,°±¥Î,Vitamin B complex,Vitamin B complex,Vitamin B complex,PO,QD,NUTR,NU-02-00,¤fªA,CAP,B complex,«D²Õ®M,°±¥Î,ODCA,¤@¯ë¥i¥Î,¬O,¥i¥ÎÃÄ¥]¾÷,°·«O¤£µ¹¥I,¤@¯ë,Á`¶q¶i¦ì,¾AÀ³¯g:ºû¥Í¯ÀB¸s¯Ê¥F¸É¥R,,Indication:Treatment of vit B complex deficiencies,,¥~ Æ[:¬õ¾í/¶Â¦âªø¶ê¬W§Îµw½¦Ån,Appearance:Red/black hard capsule,¤j¾¯¶q·|¤Þ°_¸z­G¤£¾A,GI complaints at high doses.,,¬Ò¥i¥Î,ºû¥L©R¤A½Æ¤è½¦Ån,Vitamin B complex,,­­¦Û¶O,§_,¬O,,ªA¥Î¥»ÃÄ­Y¤Þ°_§¿²GÅÜ¦â¡A ¬O¦]ÃÄ«~¥NÁÂ©Ò³y¦¨,,May discolor urine to bright yellow.,,,,,¤@¯ë,¤@¯ë,Äµ »y:ªA¥Î¥»ÃÄ­Y¤Þ°_§¿²GÅÜ¦â¡A¬O¦]ÃÄ«~¥NÁÂ©Ò³y¦¨,,,0,0,§_,1.0,,§_,§_,§_,½Æ¤è,§_,°±¥Î,°±¥Î,¥i¿i,¬O,,1.00,1.00,2.00,2.00,999,999,1,1,10.00,10.00,0,0,,¦³¹Ï¤ù,,0,,0,,B03BA01,B03BB01,A11HA02,A11DA01,A11HA04,,,,,CAP,,¤£µ¹¥I¶·¦Û¥I,¤£µ¹¥I¶·¦Û¥I,,,,§_,SolidDrugForm,ORCAP,,,,,,,,,PH047,202303141816,0,2.00
OVC,19960101,99999999,°±¥Î,Vitamin C 200mg,Vitamin C 200mg,Ascorbic Acid,PO,QD,NUTR,NU-02-00,¤fªA,TAB,Vitamin C,«D²Õ®M,°±¥Î,,¤@¯ë¥i¥Î,¬O,¤£¥i¥ÎÃÄ¥]¾÷,°·«O¤£µ¹¥I,¤@¯ë,Á`¶q¶i¦ì,¾AÀ³¯g:¬°ºû¥L©RC»s¾¯,,Indication: Vitamin C supplement,,¥~ Æ[:¶À¦â¶ê§ÎÃÄ¿õ¡A¤@­±¦L¦³Gªº¨è²ª,Appearance:Yellow Round Tablet,,,,,¦Æ³ß,Vitamin C 200mg,,,§_,¬O,,,,,,,,,¤@¯ë,¤@¯ë,Äµ »y:Äá¨ú¹L¦h¥i¯à·|¤Þ°_¸¡Âm¡Aäú¤ß¡A¹Ã¦Rµ¥²{¶H,,,,,¬O,1.0,,§_,§_,§_,³æ¤è,§_,¥i¥Î,¥i¥Î,¥i¿i,¬O,,1.00,1.00,2.00,2.00,999,999,1,1,0,0,0,0,,¦³¹Ï¤ù,,0,,0,,,,,,,,,,,TAB,§_,¤£µ¹¥I¶·¦Û¥I,¤£µ¹¥I¶·¦Û¥I,,,,§_,SolidDrugForm,ORTAB,,,,,,,,,PH047,202303141816,0,2.00
OVEM,20171215,99999999,¥i¥Î,Vemlidy 25mg,Vemlidy 25mg,Tenofovir alafenamide,WM,QD,QANB,AI-03-03,¤fªA,TAB,Vemlidy,«D²Õ®M,,,¤@¯ë¥i¥Î,¬O,¤£¥i¥ÎÃÄ¥]¾÷,±ø¥ó¤Uµ¹¥I,¤@¯ë,Á`¶q¶i¦ì,¾AÀ³¯g:ªvÀøºC©ÊB«¬¨xª¢,,Indication:Treatment of chronic hepatitis B,,¥~ Æ[:¶À¦â¶ê§Î½¤¦ç¿õ¡A ¤@­±¦L¦³"GSI"¤Î"25"¦r¼Ë,Appearance:Yellow round tablet¡A marking: GSI and 25.,ÀYµh¡A ¸¡µh¡A ¯h­Â¡A «y¹Â¡A äú¤ß¡A ­Iµh,Headache¡A abdominal pain¡A fatigue¡A cough¡A nausea¡A back pain.,,¬Ò¥i¥Î,­³¥ß±o½¤¦ç¿õ,Vemlidy 25mg,,,,¬O,,­Y¦³¤£©ú­ì¦]ªº¦Ù¦×µh¡A ¯h­Â¡A ¸Ñ¦Ç«K¡A ¯ù¦â§¿¡A ²´·ú©Î¥Ö½§ÅÜ¶Àµ¥¡A ½Ð¦^¶E§iª¾Âå®v,,Notify your doctor if you have any unexplained muscle pain¡A feeling tired¡A,light-colored stools¡A dark urine or yellow skin or eyes.,,,,¤@¯ë,¤@¯ë,­Y¦³¤£©ú­ì¦]ªº¦Ù¦×µh¡A ¯h­Â¡A ¸Ñ¦Ç«K¡A ¯ù¦â§¿¡A ²´·ú©Î¥Ö½§ÅÜ¶Àµ¥¡A ½Ð¦^¶E§iª¾Âå®v,,,0,0,§_,1.0,,§_,¬O,§_,³æ¤è,§_,¥i¥Î,¥i¥Î,¥i¿i,¬O,,1.00,1.00,1.00,1.00,999,999,1,1,1.00,1.00,0,0,,¦³¹Ï¤ù,,0,,0,,J05AF13,,,,,0,,0,,TAB,,°·«Oµ¹¥I,°·«Oµ¹¥I,TENOFOVIR ALAFENAMIDE,J05AF13,BC27086100,§_,SolidDrugForm,ORTAB,,,,,,,,,PH047,202303131738,115.00,138.00
OVEN,19960101,99999999,°±¥Î,Venalot depot,Venalot depot,Coumarin + Troxerutin,PO,TID,HEMT,HE-02-00,¤fªA,TAB,Venalot,«D²Õ®M,°±¥Î,,¤@¯ë¥i¥Î,¬O,¥i¥ÎÃÄ¥]¾÷,,¤@¯ë,Á`¶q¶i¦ì,¾AÀ³¯g:®ê¶ë©ÊÀR¯ßª¢¡A ÀR¯ß¦åº¢¡A ²©½Hµ¥,,Indication:Treatment of venostasis¡A hemorrhoids.,,¥~ Æ[:¶À¦â¶ê§ÎÂù­±¥YÃÄ¿õ,Appearance:Yellow round tablet,¹Ã¦R¡A ¥Ö½§Äo¡A ²`¦â§¿¡A ²´·ú©Î¥Ö½§ÅÜ¶À,Vomiting; itching; dark urine; yellow eyes or skin,,,ºû®³³£¤O«O,Venalot depot,,,§_,¬O,,·í¥X²{¹Ã¦R¨ÖµoÄo¡A §¿²GÃC¦âÅÜ²`¡A ²´²y©Î¥Ö½§ÅÜ¶À¡A ½Ð°±ÃÄ,,Inform doctor if experience vomiting¡A itching¡A dark urine¡A or yellow eyes (skin,,,,,¤@¯ë,¤@¯ë,Äµ »y:·í¥X²{¹Ã¦R¨ÖµoÄo¡A §¿²GÃC¦âÅÜ²`¡A ²´²y©Î¥Ö½§ÅÜ¶À¡A ½Ð°±ÃÄ,,,,,§_,1.0,,§_,§_,§_,³æ¤è,§_,¥i¥Î,¥i¥Î,¤£¥i¿i,¬O,,1.00,1.00,2.00,2.00,999,999,1,1,8.00,8.00,0,0,,¦³¹Ï¤ù,,0,,0,,C05CA04,C05CA54,,,,,,,,TAB,§_,°·«Oµ¹¥I,°·«Oµ¹¥I,,,,§_,SolidDrugForm,ORTAB,,,,,,,,,PH047,202303141816,0,9.00
OVEN2,20090814,99999999,¥i¥Î,Venina 1/2.5mg (28 tablets/pack),Venina 1/2.5mg (28 tablets/pack),Estradiol + Medroxyprogesterone,PO,QD,HM,HR-03-04,¤fªA,TAB,Indivina,«D²Õ®M,,,¤@¯ë¥i¥Î,¬O,¤£¥i¥ÎÃÄ¥]¾÷,¥i¥Î,¤@¯ë,Á`¶q¶i¦ì,¾AÀ³¯g:°±¸g¯g­Ô¸s²üº¸»X¤§¸É¥R,,Indication:Hormone replacement therapy(HRT),,¥~ Æ[:¥Õ¦â¶ê«ó«¬¿õ¾¯¡A¤@­±¨è¦³1+ 2.5¡A¤@­±¨è¦³SY,Appearance:White round tablet,¨Å©ÐµÈµh¡A ÀYµh¡A äú¤ß¡A ³±¹D¥X¦å¡A Åé­«¼W¥[,Breast tenderness¡A headache¡A nausea¡A vag bleeding¡A weight gain.,,¥u¥Î©óªù¶E¤Î¦í°|STAT,ºû©g®R¿õ,Venina 1/2.5mg (28 tablets/p,,,§_,¬O,,¨ÌÃÄ«~¥]¸Ë­I­±ªº§Ç¸¹ªA¥Î¡A ­Y«ùÄò¦³¤£©ú­ì¦]¥X¦å½Ð¦^¶E,,Taking in accordance with the serial number on the back of the package.,,,,,¤@¯ë,¤@¯ë,Äµ »y:¨ÌÃÄ«~¥]¸Ë­I­±ªº§Ç¸¹ªA¥Î¡A ­Y«ùÄò¦³¤£©ú­ì¦]¥X¦å½Ð¦^¶E,,,,,§_,28.0,,§_,¬O,§_,½Æ¤è,§_,¥i¥Î,¥i¥Î,¤£¥i¿i,¬O,,1.00,1.00,2.00,2.00,999,999,28,28,4.00,4.00,0,0,,¦³¹Ï¤ù,,0,,0,,G03DA02,G03FA12,G03CA03,,,,,,,TAB,,°·«Oµ¹¥I,°·«Oµ¹¥I,ESTRADIOL VALERATE 1-2MG + MEDPROXYPROGESTERONE 2.5-5MG,G03CA03,AC48181100,§_,SolidDrugForm,ORTAB,¦M®`¤G¯Å(¡I),,,,,,,,PH047,202309081113,6.30,9.00
OVEP,20140423,99999999,°±¥Î,Vepesid 50mg,Vepesid 50mg,Etoposide,PO,,RACA,ON-07-02,¤fªA,CAP,VP-16,«D²Õ®M,Á{±ÄÃÄ¡A½Ð³qª¾ÃÄ§½¥~ÁÊ,,­Ó®×Á{±Ä,¬O,¤£¥i¥ÎÃÄ¥]¾÷,¥i¥Î,¤@¯ë,Á`¶q¶i¦ì,¾AÀ³¯g:§Ü¸~½FÃÄ,,Indication:Cancer therapy.,,¥~ Æ[:¯»¬õ¦â¡Aªø¶ê¬W§Î³n½¦Ån¡A¦L¦³BRISTOL 3019,Appearance:Pink color capsule,°©ÀH§í¨î¡A äú¤ß¡A ¹Ã¦R¡A ¹½­¹¡A ¤fµÄª¢,Myelosuppression¡A nausea¡A vomiting¡A anorexia¡A stomatitis.,,¬Ò¥i¥Î,·À¥²ªv³n½¦Ån,Vepesid 50mg,,,,§_,,¥»«~¬°­«¯gªvÀøÃÄ¡A ½Ð¨Ì·ÓÂå®v«ü¥Ü¨Ï¥Î,,Take this medicine exactly as your doctor ordered.,,,,,¤@¯ë,¤@¯ë,,Äµ °ªÄµ°T,,0,0,§_,1.0,,§_,§_,§_,³æ¤è,§_,¥i¥Î,¥i¥Î,¤£¥i¿i,¬O,,1.00,1.00,4.00,4.00,999,999,1,1,8.00,8.00,0,0,,¦³¹Ï¤ù,,0,,0,,L01CB01,,,,,,,,,CAP,,°·«Oµ¹¥I,°·«Oµ¹¥I,ETOPOSIDE,L01CB01,BC20882100,§_,SolidDrugForm,CAP,,,,,,,,,PH047,202303141816,372.00,446.00
OVEP5,20181101,99999999,°±¥Î,Vepesid 50mg (±M®×¶i¤f),Vepesid 50mg (±M®×¶i¤f),Etoposide,AC,,RACA,ON-07-02,¤fªA,CAP,VP-16 (±M®×¶i¤f),«D²Õ®M,Á{±ÄÃÄ¡A½Ð³qª¾ÃÄ§½¥~ÁÊ,,­Ó®×Á{±Ä,¬O,¤£¥i¥ÎÃÄ¥]¾÷,±ø¥ó¤Uµ¹¥I,¤@¯ë,Á`¶q¶i¦ì,¾AÀ³¯g:§Ü¸~½FÃÄ,,Indication:Cancer therapy.,,¥~ Æ[:¯»¬õ¦â¡Aªø¶ê¬W§Î³n½¦Ån,Appearance:Pink color soft capsule,°©ÀH§í¨î¡A äú¤ß¡A ¹Ã¦R¡A ¹½­¹¡A ¤fµÄª¢,Myelosuppression¡A nausea¡A vomiting¡A anorexia¡A stomatitis.,,¬Ò¥i¥Î,Vepesid 50mg (±M®×¶i¤f),Vepesid 50mg (±M®×¶i¤f),,,,§_,,¥»«~¬°­«¯gªvÀøÃÄ¡A ½Ð¨Ì·ÓÂå®v«ü¥Ü¨Ï¥Î,,Take this medicine exactly as your doctor ordered.,,,,2018.11 ±M®×¶i¤f,¤@¯ë,¤@¯ë,¥»«~¬°­«¯gªvÀøÃÄ¡A ½Ð¨Ì·ÓÂå®v«ü¥Ü¨Ï¥Î,Äµ °ªÄµ°T,,0,0,§_,1.0,,¬O,§_,§_,³æ¤è,§_,°±¥Î,°±¥Î,¤£¥i¿i,¬O,,1.00,1.00,4.00,4.00,999,999,1,1,8.00,8.00,0,0,,¦³¹Ï¤ù,,0,,0,,L01CB01,,,,,0,,0,,CAP,,¤£µ¹¥I¶·¦Û¥I,¤£µ¹¥I¶·¦Û¥I,ETOPOSIDE,L01CB01,X000171100,§_,SolidDrugForm,ORCAP,¦M®`¤@¯Å(¡I¡I),,0,,0,mL,,,PH034,202204122000,0,446.00
OVERM,19960101,99999999,°±¥Î,Vermox 100mg,Vermox 100mg,Mebendazole,PO,,QANP,AI-04-00,¤fªA,TAB,Vermox,«D²Õ®M,°±¥Î,OCONQ,¤@¯ë¥i¥Î,¬O,¤£¥i¥ÎÃÄ¥]¾÷,,¤@¯ë,Á`¶q¶i¦ì,¾AÀ³¯g:¬°ÅXÂÎÃÄ,,Treament of pinworm¡A whipworm¡A roundworm¡A hookworm¡A in singl,,¥~ Æ[:¯»¾ï¦â¶ê§ÎÃÄ¿õ,Appearance:Orange Round Tablet,,,,,,Vermox 100mg,,,§_,¬O,,,,,,,,,¤@¯ë,¤@¯ë,,,,,,§_,1.0,,§_,§_,§_,³æ¤è,§_,¥i¥Î,¥i¥Î,¥i¿i,¬O,,1.00,1.00,999.00,999.00,999,999,1,1,0,0,0,0,,µL¹Ï¤ù,,0,,0,,P02CA01,,,,,,,,,TAB,§_,°·«Oµ¹¥I,°·«Oµ¹¥I,MEBENDAZOLE,P02CA01,B022984100,§_,SolidDrugForm,ORTAB,,,,,,,,,PH047,202401261328,3.00,5.00
OVERZ,20220608,99999999,¥i¥Î,Verzenio 150mg,Verzenio 150mg,Abemaciclib,PO,BID,RACA,ON-08-06,¤fªA,TAB,Verzenio,«D²Õ®M,Á{±ÄÃÄ¡A½Ð³qª¾ÃÄ§½¥~ÁÊ,,¥»°|Á{±Ä²M³æ,¬O,¤£¥i¥ÎÃÄ¥]¾÷,°·«O¤£µ¹¥I,¤@¯ë,Á`¶q¶i¦ì,¾AÀ³¯g: ¨ÅÀùªº³æ¿W©Î»²§UªvÀø,,Indication:For breast cancer as monotherapy or combination.,,¥~ Æ[:²H¶À¦â¿õ¾¯¡A¤W¦³Lilly»P150¼Ð¥Ü,Appearance:Light yellow tablet¡A with Lilly and 150 marked.,¸¡Âm¡B·P¬V¡B¶Ý¤¤©Ê²y§C¤U¯g¡B³h¦å¡B¯h­Â¡Bäú¤ß¡B¹Ã¦R,Diarrhea¡A infections¡A neutropenia¡A anemia¡A tiredness¡A nausea¡A vomiting,,¥u¥Î©óªù¶E¤Î¦í°|STAT,±¶Àù¹ç½¤¦ç¿õ150²@§J,Verzenio 150mg,,,,§_,,¥iÀHÀ\©ÎªÅ¸¡¨Ï¥Î¡CÀ³¾ãÁû§]ªA¡C,ªvÀø´Á¶¡À³Á×§K­¹¥Î¸²µå¬c»s«~¡C,Could taken with or without food. Swallow whole¡A do not crush¡A chew¡A or split.,Avoid grapefruit products during therapy.,¸¡Âm°Æ§@¥Îªºµ{«×¥i¯à»Ý­n¤¶¤JªvÀø¡A½Ð¦V±zªºÂå®v¤ÏÀ³¡C,Tell your doctor if diarrhea.(may be severe and need antidiarrheal therapy),2022.06­Ó®×Á{±Ä¡A2022Q3³q¹LÁ{±Ä²M³æ,¤@¯ë,¤@¯ë,¥iÀHÀ\©ÎªÅ¸¡¨Ï¥Î¡CªvÀø´Á¶¡À³Á×§K­¹¥Î¸²µå¬c»s«~¡C,,,0,0,§_,28.0,,§_,¬O,§_,³æ¤è,§_,°±¥Î,°±¥Î,¤£¥i¿i,§_,,1.00,1.00,1.00,1.00,99,99,28,28,2.00,2.00,0,0,,¦³¹Ï¤ù,,0,,0,,L01EF03,,,,,150.00,mg,300.00,mg,BOX,,¤£µ¹¥I¶·¦Û¥I,¤£µ¹¥I¶·¦Û¥I,,,,§_,SolidDrugForm,ORTAB,,,0,,0,,,,PH047,202403170839,0,68600.00
OVERZ0,20220916,99999999,¥i¥Î,Verzenio 150mg (sample) (28 tablets/box),Verzenio 150mg (sample) (28 tablets/box),Abemaciclib,PO,BID,RACA,ON-08-06,¤fªA,TAB,Verzenio,«D²Õ®M,Á{±ÄÃÄ¡A½Ð³qª¾ÃÄ§½¥~ÁÊ,,¥»°|Á{±Ä²M³æ,¬O,¤£¥i¥ÎÃÄ¥]¾÷,°·«O¤£µ¹¥I,¤@¯ë,Á`¶q¶i¦ì,¾AÀ³¯g: ¨ÅÀùªº³æ¿W©Î»²§UªvÀø,,Indication:For breast cancer as monotherapy or combination.,,¥~ Æ[:²H¶À¦â¿õ¾¯¡A¤W¦³Lilly»P150¼Ð¥Ü,Appearance:Light yellow tablet¡A with Lilly and 150 marked.,¸¡Âm¡B·P¬V¡B¶Ý¤¤©Ê²y§C¤U¯g¡B³h¦å¡B¯h­Â¡Bäú¤ß¡B¹Ã¦R,Diarrhea¡A infections¡A neutropenia¡A anemia¡A tiredness¡A nausea¡A vomiting,,¥u¥Î©óªù¶E¤Î¦í°|STAT,±¶Àù¹ç½¤¦ç¿õ150²@§J,Verzenio 150mg (sample),,,,,,¥iÀHÀ\©ÎªÅ¸¡¨Ï¥Î¡CÀ³¾ãÁû§]ªA¡C,ªvÀø´Á¶¡À³Á×§K­¹¥Î¸²µå¬c»s«~¡C,Could taken with or without food. Swallow whole¡A do not crush¡A chew¡A or split.,Avoid grapefruit products during therapy.,¸¡Âm°Æ§@¥Îªºµ{«×¥i¯à»Ý­n¤¶¤JªvÀø¡A½Ð¦V±zªºÂå®v¤ÏÀ³¡C,Tell your doctor if diarrhea.(may be severe and need antidiarrheal therapy),[Rx_x]ÃØÃÄ¤£Åã¥Ü2022Q3ÃÄ©e³q¹LÃØÃÄ,¤@¯ë,¤@¯ë,¥iÀHÀ\©ÎªÅ¸¡¨Ï¥Î¡CªvÀø´Á¶¡À³Á×§K­¹¥Î¸²µå¬c»s«~¡C,,,0,0,§_,28.0,,§_,¬O,§_,³æ¤è,§_,°±¥Î,°±¥Î,¤£¥i¿i,§_,,1.00,1.00,1.00,1.00,28,28,28,28,2.00,2.00,0,0,,¦³¹Ï¤ù,,0,,0,,L01EF03,,,,,150.00,mg,300.00,mg,BOX,,°·«O¤£¥Ó³ø¤£­p»ù,°·«O¤£¥Ó³ø¤£­p»ù,,,,§_,SolidDrugForm,ORTAB,,,0,,0,,,,PH047,202402121325,0,0
OVES,20140317,99999999,°±¥Î,VesYCA 150mg,VesYCA 150mg,Ranitidine,PO,BID,ALIM,GI-01-03,¤fªA,TAB,,«D²Õ®M,°±¥Î¡A¥i¬dÃþ¦üÃÄ,,¤@¯ë¥i¥Î,¬O,¥i¥ÎÃÄ¥]¾÷,,¤@¯ë,Á`¶q¶i¦ì,¾AÀ³¯g:­G¤Î¤Q¤G«ü¸z¼ìºÅ¡BÄjº©©Ê­¹¹Dª¢µ¥,,Indication:Duodenal and gastrac ulcer¡A erosive esophagitis,,¥~ Æ[:©ú¶À¦â¶ê«ó§Î¿õ¾¯,Appearance:Yellow Roudn Tablet,¸¡µh¡A«K¯µ¡A¸¡Âm¡AÀYµh,Abdominal pain¡A Constipation¡A Diarrhea¡A Headache,,¬Ò¥i¥Î,­Gªv¼ì½¤¦ç¿õ,Vesyca 150mg,,,§_,¬O,,µÇ¥\¯à»ÙÃªªÌ©y­°§C¾¯¶q¡C,,Renal dysfunction are advised to reduce the dose.,,,,104-3 ÃÄ©e·|¨ú¥NGaster D 20mg¡A109-3ÃÄ©e·|§R°£,¤@¯ë,¤@¯ë,,SA «÷­µ¬Û¦ü,,0,0,§_,1.0,,§_,§_,§_,³æ¤è,§_,°±¥Î,¥i¥Î,¥i¿i,¬O,,1.00,1.00,4.00,4.00,999,999,7,1,4.00,4.00,0,0,,¦³¹Ï¤ù,,0,,0,,A02BA02,,,,,,,,,TAB,§_,°·«Oµ¹¥I,°·«Oµ¹¥I,RANITIDINE,A02BA02,AB326481G0,§_,SolidDrugForm,ORTAB,,,,,,,,,PH008,202012291013,2.00,3.00
OVESI,20070401,99999999,¥i¥Î,Vesicare 5mg,Vesicare 5mg,Solifenacin,PO,QD,SGU,UR-04-00,¤fªA,TAB,Vesicare,«D²Õ®M,,,¤@¯ë¥i¥Î,¬O,¤£¥i¥ÎÃÄ¥]¾÷,±ø¥ó¤Uµ¹¥I,¤@¯ë,Á`¶q¶i¦ì,¾AÀ³¯g:»H¯Ö¹L°Ê¯g,,Indication:Overactive bladder with urge incontinence,,¥~ Æ[:²L¶À¦â¶ê§Î¿õ¾¯¡A ¤@­±¼Ð¥Ü150,Appearance:Light yellow round tablet,¤f°®¡A «K¯µ¡A µø¤O¼Ò½k¡A ²´·ú°®Àß¡A ¹L±Ó¡A ¦åºÞ¤ô¸~,Dry mouth¡A constipation¡A blurred vision¡A dry eyes¡A rash¡A angioedema,,¬Ò¥i¥Î,½Ã³ß±d½¤¦ç¿õ,Vesicare 5mg,,,¬O,§_,,¤£¥i»P¸²µå¬c¥Ä©Î¬õÅð¯À¨ÖªA,®ð·Å¹L¼ö©Î¼@¯P¹B°ÊÀ³ª`·NÅé·Å½Õ¸`¡C,Avoid grapefruit juice or erythromycin.,Use caution in hot weather and/or exercise,¦³¤ßÅ¦QTªi¹Lªø¯g­Ô¸s©Î¦MÀI¦]¤lªº¯f±wÀ³¤p¤ß¨Ï¥Î,Use with caution in patients with a known history of QT prolongation,105.08¦]°·«O³W©w¤@¤Ñ­­¥Î¤@²É¡A¨C¤é³Ì¤j¶q§ï³]¤@²É,¤@¯ë,¤@¯ë,Äµ »y:¤£¥i»P¸²µå¬c¥Ä©Î¬õÅð¯À¨ÖªA,,,,,§_,1.0,,§_,¬O,§_,³æ¤è,§_,¥i¥Î,¥i¥Î,¤£¥i¿i,¬O,,1.00,1.00,1.00,1.00,999,999,1,1,1.00,1.00,0,0,,¦³¹Ï¤ù,,0,,0,,G04BD08,,,,,,,,,TAB,,°·«Oµ¹¥I,°·«Oµ¹¥I,SOLIFENACIN SUCCINATE,G04BD08,BC24437100,§_,SolidDrugForm,ORTAB,,,,,,,,,PH047,202303141816,7.50,11.00
OVGR,20040114,99999999,°±¥Î,Viagra 50mg (4 tablets/box),Viagra 50mg (4 tablets/box),Sildenafil,PO,PRN,SGU,UR-03-00,¤fªA,TAB,,«D²Õ®M,°±¥Î,,¤@¯ë¥i¥Î,¬O,¤£¥i¥ÎÃÄ¥]¾÷,°·«O¤£µ¹¥I,¤@¯ë,Á`¶q¶i¦ì,¾AÀ³¯g:©Ê¥\¯à»ÙÃª,,Indication:Treatment of erectile dysfuntion.,,¥~ Æ[:ÂÅ¦âµÙ§ÎÃÄ¿õ,Appearance:Blue diamond tablet,ÀYµh¡A ¼é¬õ¡A ®ø¤Æ¤£¨}¡A »ó¥R¦å,Headache¡A flushing¡A dyspepsia¡A nasal congestion,,¥u¥Î©óªù¶E¤Î¦í°|STAT,«Â¦Ó¿û 50,Viagra 50mg (4 tablets/box),,,§_,¬O,,¥»ÃÄ«~¤£¥i»Pµv»ÄÆQÃþ¨Ö¥Î,­Yµo¥Í«ùÄò«k°_¡AÀ³¥ß§Y´M¨DÂåÀø¨ó§U¡C,Avoid taking with nitrates.,Seek emergency treatment for prolonged erections,³Æµù: Á×§K»P¸²µå¬c¥Ä¡B°sºë¨ÃªA,Food interaction:Avoid grapefruit juice or alcohol use,,¤@¯ë,¤@¯ë,Äµ »y:¥»ÃÄ«~¤£¥i»Pµv»ÄÆQÃþ¨Ö¥Î,SA «÷­µ¬Û¦ü,,,,§_,4.0,,§_,§_,§_,³æ¤è,§_,¥i¥Î,¥i¥Î,¤£¥i¿i,§_,,1.00,1.00,1.00,1.00,999,999,1,1,2.00,2.00,0,0,,¦³¹Ï¤ù,,0,,0,,G04BE03,,,,,,,,,BOX,§_,¤£µ¹¥I¶·¦Û¥I,¤£µ¹¥I¶·¦Û¥I,,,,§_,SolidDrugForm,ORTAB,,,,,,,,,PH047,202303141816,0,1400.00
OVGR1,20040114,99999999,¥i¥Î,VIAGRA 100mg (4 tablets/box),VIAGRA 100mg (4 tablets/box),Sildenafil,PO,ASORDER,SGU,UR-03-00,¤fªA,TAB,,«D²Õ®M,,,¤@¯ë¥i¥Î,¬O,¤£¥i¥ÎÃÄ¥]¾÷,°·«O¤£µ¹¥I,¤@¯ë,Á`¶q¶i¦ì,¾AÀ³¯g:©Ê¥\¯à»ÙÃª,,Indication:Treatment of erectile dysfuntion.,,¥~ Æ[:ÂÅ¦âµÙ§ÎÃÄ¿õ,Appearance:Blue diamond tablet,ÀYµh¡A ¼é¬õ¡A ®ø¤Æ¤£¨}¡A »ó¥R¦å,Headache¡A flushing¡A dyspepsia¡A nasal congestion,,¥u¥Î©óªù¶E¤Î¦í°|STAT,«Â¦Ó¿û,VIAGRA 100mg (4 tablets/box),,,§_,§_,,¥»ÃÄ«~¤£¥i»Pµv»ÄÆQÃþ¨Ö¥Î,­Yµo¥Í«ùÄò«k°_¡AÀ³¥ß§Y´M¨DÂåÀø¨ó§U¡C,Avoid taking with nitrates.,Seek emergency treatment for prolonged erections,³Æµù: Á×§K»P¸²µå¬c¥Ä¡B°sºë¨ÃªA,Food interaction:Avoid grapefruit juice or alcohol use,,¤@¯ë,¤@¯ë,Äµ »y:¥»ÃÄ«~¤£¥i»Pµv»ÄÆQÃþ¨Ö¥Î,SA «÷­µ¬Û¦ü,,,,§_,4.0,,§_,¬O,§_,³æ¤è,§_,°±¥Î,°±¥Î,¤£¥i¿i,§_,,1.00,1.00,1.00,1.00,999,999,1,1,2.00,2.00,0,0,,¦³¹Ï¤ù,,0,,0,,G04BE03,,,,,,,,,BOX,§_,¤£µ¹¥I¶·¦Û¥I,¤£µ¹¥I¶·¦Û¥I,,,,§_,SolidDrugForm,ORTAB,,,,,,,,,PH047,202401171651,0,1700.00
OVGRO,20151220,99999999,¥i¥Î,Viagra ODT 50mg (4 tablets/box),Viagra ODT 50mg (4 tablets/box),Sildenafil,PO,ASORDER,SGU,UR-03-00,¤fªA,TAB,Viagra,«D²Õ®M,,,¤@¯ë¥i¥Î,¬O,¤£¥i¥ÎÃÄ¥]¾÷,°·«O¤£µ¹¥I,¤@¯ë,Á`¶q¶i¦ì,¾AÀ³¯g:©Ê¥\¯à»ÙÃª,,Indication:Treatment of erectile dysfuntion.,,¥~ Æ[:ÂÅ¦âµÙ§ÎÃÄ¿õ¡A¤@­±¦LV50,Appearance:Blue diamond tablet¡A marked V50 on one side,ÀYµh¡A ¼é¬õ¡A ®ø¤Æ¤£¨}¡A »ó¥R¦å,Headache¡A flushing¡A dyspepsia¡A nasal congestion,,¥u¥Î©óªù¶E¤Î¦í°|STAT,«Â¦Ó¿û¤f·»¿õ50²@§J,Viagra ODT 50mg (4 tablets/b,,,,§_,,¥»ÃÄ«~¤£¥i»Pµv»ÄÆQÃþ¨Ö¥Î¡C,­Yµo¥Í«ùÄò«k°_¡AÀ³¥ß§Y´M¨DÂåÀø¨ó§U¡C,Avoid taking with nitrates.,Seek emergency treatment for prolonged erections,³Æµù: «ØÄ³ªÅ¸¡¨Ï¥Î¡CÁ×§K»P¸²µå¬c¥Ä¡B°sºë¨ÖªA¡C,Administer without Food. Avoid grapefruit juice or alcohol use.,,¤@¯ë,¤@¯ë,Äµ »y:¥»ÃÄ«~¤£¥i»Pµv»ÄÆQÃþ¨Ö¥Î,SA «÷­µ¬Û¦ü,,0,0,§_,4.0,,§_,¬O,§_,³æ¤è,§_,°±¥Î,°±¥Î,¤£¥i¿i,§_,,1.00,1.00,2.00,2.00,999,999,1,1,2.00,3.00,0,0,,¦³¹Ï¤ù,,0,,0,,G04BE03,,,,,0,,0,,BOX,,¤£µ¹¥I¶·¦Û¥I,¤£µ¹¥I¶·¦Û¥I,,,,§_,SolidDrugForm,ORTAB,,,,,,,,,PH047,202401171652,0,1345.00
OVIA,19960101,99999999,°±¥Î,Viartril-S 250mg,Viartril-S 250mg,Glucosamine Sulphate,PO,TID,CNEU,CN-05-00,¤fªA,CAP,Viartril-S,«D²Õ®M,°±¥Î,,¤@¯ë¥i¥Î,¬O,¥i¥ÎÃÄ¥]¾÷,°·«O¤£µ¹¥I,¤@¯ë,Á`¶q¶i¦ì,¾AÀ³¯g:°h¤Æ©ÊÃö¸`¯e¯f,,Treatment of degenerative osteoarticular disease,,¥~ Æ[:¬õ¥Õ¦â½¦Ån,Appearance:Red/white capsule,,,,,,Viartril-S 250mg,,,§_,¬O,,,,,,,,,¤@¯ë,¤@¯ë,,,,,,§_,1.0,,§_,§_,§_,³æ¤è,§_,¥i¥Î,¥i¥Î,¥i¿i,¬O,,1.00,1.00,2.00,2.00,999,999,1,1,0,0,0,0,,µL¹Ï¤ù,,0,,0,,,,,,,,,,,CAP,§_,¤£µ¹¥I¶·¦Û¥I,¤£µ¹¥I¶·¦Û¥I,GLUCOSAMINE,M01AX05,B010641100,§_,SolidDrugForm,ORCAP,,,,,,,,,PH047,202303141817,0,13.00
OVIA1,20050317,99999999,°±¥Î,Viartril-S powder 1.5gm,Viartril-S powder 1.5gm,Glucosamine Sulphate,WM,QD,CNEU,CN-05-00,¤fªA,PK,Viartril-S powder,«D²Õ®M,°±¥Î,,¤@¯ë¥i¥Î,¬O,¤£¥i¥ÎÃÄ¥]¾÷,±ø¥ó¤Uµ¹¥I,¤@¯ë,Á`¶q¶i¦ì,¾AÀ³¯g:¥Dªv°h¤Æ©ÊÃö¸`¯e¯f,,Indication:Treatment of osteoarthritis,,¥~ Æ[:¯»¾¯¥]¸Ë,Appearance:Powder,»´·L¸z­G¤£¾A,Mild GI disturbances.,,¬Ò¥i¥Î,ºû°©¤O¥[±j«¬¤fªA·»²G¥Î¯»¾¯,Viartril-S powder 1.5gm,,,§_,¬O,,¨C¦¸½Ð¥H100mL¥H¤W²GÅé½Õ¤Ã«á¦AªA¥Î,,Before taking¡A mix each pack with 100mL water.,,,,,¤@¯ë,¤@¯ë,Äµ »y:¨C¦¸½Ð¥H100 CC¥H¤W²GÅé½Õ¤Ã«á¦AªA¥Î,,,,,§_,1.0,,§_,§_,¬O,³æ¤è,§_,¥i¥Î,¥i¥Î,¤£¥i¿i,¬O,,0.50,0.50,1.00,1.00,999,999,1,1,1.00,1.00,0,0,,¦³¹Ï¤ù,,0,,0,,M01AX05,,,,,,,,,PK,§_,°·«Oµ¹¥I,°·«Oµ¹¥I,GLUCOSAMINE,M01AX05,B023724110,§_,SolidDrugForm,POWD,,,,,,,,,PH034,202001071532,30.50,40.00
OVIAS,20181001,99999999,¥i¥Î,Viartril-S powder 1.5gm (¦Û¶O),Viartril-S powder 1.5gm (¦Û¶O),Glucosamine Sulphate,WM,QD,CNEU,CN-05-00,¤fªA,PK,Viartril-S,«D²Õ®M,,,¤@¯ë¥i¥Î,¬O,¤£¥i¥ÎÃÄ¥]¾÷,°·«O¤£µ¹¥I,¤@¯ë,Á`¶q¶i¦ì,¾AÀ³¯g:¥Dªv°h¤Æ©ÊÃö¸`¯e¯f,,Indication:Treatment of osteoarthritis,,¥~ Æ[:¯»¾¯¥]¸Ë,Appearance:Powder,»´·L¸z­G¤£¾A,Mild GI disturbances.,,¬Ò¥i¥Î,ºû°©¤O¥[±j«¬¤fªA·»²G¥Î¯»¾¯,Viartril-S powder 1.5gm,,,,¬O,,¨C¦¸½Ð¥H100mL¥H¤W²GÅé½Õ¤Ã«á¦AªA¥Î,,Before taking¡A mix each pack with 100mL water.,,,,,¤@¯ë,¤@¯ë,Äµ »y:¨C¦¸½Ð¥H100 CC¥H¤W²GÅé½Õ¤Ã«á¦AªA¥Î,,,0,0,,1.0,,§_,¬O,¬O,³æ¤è,,°±¥Î,,¤£¥i¿i,¬O,,0.50,0.50,1.00,1.00,999,999,1,1,1.00,1.00,0,0,,¦³¹Ï¤ù,,0,,0,,M01AX05,,,,,0,,0,,PK,,¤£µ¹¥I¶·¦Û¥I,¤£µ¹¥I¶·¦Û¥I,,,,,SolidDrugForm,POWD,,,0,,0,,,,PH047,202303131655,0,41.00
OVIE,20161228,99999999,°±¥Î,Viekirax FC 12.5/75/50mg,Viekirax FC 12.5/75/50mg,Ombitasvir + Paritaprevir + Ritonavir,WM,QD,QANB,AI-03-04,¤fªA,TAB,Technivie,«D²Õ®M,°±¥Î,,ÃÄ©e·|Á{±Ä,¬O,¤£¥i¥ÎÃÄ¥]¾÷,±ø¥ó¤Uµ¹¥I,¤@¯ë,Á`¶q¶i¦ì,¾AÀ³¯g:C«¬¨xª¢»²§UÀøªk,,Indication:Chronic hepatitis C virus infection in adults,,¥~ Æ[:¯»¬õ¦â¾ò¶ê§Î¿õ¾¯¡A¦L¦³AV1¦r¼Ë,Appearance:Pink elliptic tablet¡A marking: AV1,¥¢¯v¡Aäú¤ß¡Aæ±Äo¡Aµê®z¡A¯h³Ò¡A³h¦å,Insomnia¡A nausea¡A pruritus¡A asthenia¡A fatigue¡A anaemia.,¯S®íÃþ§Ü¥Í¯À,¬Ò¥i¥Î,ºû«Ø¼Ö12.5²@§J/75²@§J/50²@§J½¤¦ç¿õ,Viekirax FC 12.5/75/50mg,,,,,,­Y¥X²{¥ô¦ó°Æ§@¥Î¼x¶HÀ³¥ß§Y»PÂå®vÁpÃ´¡C,(¨x¥\¯à²§±`: ²§±`¯h­Â¡B¥Ö½§ÅÜ¶À¡B§¿²GÅÜ²`¡BÁT«KÅÜ¥Õ),Check with doctor if you notice any side effects.,(Signs of liver dysfunction: unusual fatigue¡Ajaundice¡A dark urine¡A or pale stool,ªvÀø´Á¶¡°È¥²©w´Á¦^¶E¡A­Y¥X²{¥Ö½§©Î²´¥ÕÅÜ¶À¡B¯ù¦â§¿µ¥¡A½Ð¥ß§Y¦^¶E,,105-4ÃÄ©e·|·s¶i [µ´¹ï¦Û¶O¡AÁ{±Ä],¤@¯ë,¤@¯ë,Äµ »y:½Ð¿í«ü¥ÜªA§¹¾ã­ÓÀøµ{¡A­Yµo¥Í¥ÎÃÄ¤£¨}¤ÏÀ³½Ð§iª¾Âå¥Í¡C,,,0,0,§_,1.0,,¬O,§_,§_,½Æ¤è,§_,°±¥Î,°±¥Î,¤£¥i¿i,¬O,,2.00,2.00,2.00,2.00,168,168,28,1,2.00,2.00,0,0,,¦³¹Ï¤ù,,0,,0,,J05AX67,J05AE03,,,,0,,0,,TAB,,¤£µ¹¥I¶·¦Û¥I,¤£µ¹¥I¶·¦Û¥I,,,,,SolidDrugForm,ORTAB,,,,,,,,,PH047,202401261313,0,1575.00
OVIM,20170615,99999999,¥i¥Î,Vimpat 100mg,Vimpat 100mg,Lacosamide,PO,BID,CNEU,CN-03-01,¤fªA,TAB,Vimpat,«D²Õ®M,,,¤@¯ë¥i¥Î,¬O,¥i¥ÎÃÄ¥]¾÷,±ø¥ó¤Uµ¹¥I,¤@¯ë,Á`¶q¶i¦ì,¾AÀ³¯g:¥|·³¥H¤W§½³¡Åöíwµo§@¤§³æ¿WªvÀø©Î»²§UªvÀø,,Indication:Partial seizure monotherapy or adjuvant therapy,,¥~ Æ[:¶À¦â¾ò¶ê§Î¿õ¾¯¡A ¦L¦³SP¤Î100,Appearance:yellow elliptic tablet¡A marking: SP and 100,ÀY·w¡A¯h³Ò¡AÀYµh¡Aäú¤ß¡A¹Ã¦R¡A¾_Å¸¡A½Æµø¡Aµø¤O¼Ò½k,Dizziness¡A fatigue¡A headache¡A nausea¡A vomiting¡A tremor¡A diplopia¡A blurred vision,,¬Ò¥i¥Î,ºû©¬¯S100²@§J½¤¦ç¿õ,Vimpat film-coated 100mg,,,¬O,¬O,,¥i¯à·|³y¦¨¶ÝºÎ©Î·w¯t¡A ¶}¨®©Î¾Þ§@¦MÀI¾÷¾¹½Ð¤p¤ß,,May make you dizzy; use caution while driving or operating machinery.,,¦p¦³¹L±Ó¤ÏÀ³©Î¤ßÅ¦¯e¯f½Ð§iª¾Âå®v,Tell your doctor if you have allergic reaction or heart problems.,2017¦~²Ä¤G¦¸ÃÄ©e·s¶i,¤@¯ë,¤@¯ë,Äµ »y:¥i¯à·|³y¦¨¶ÝºÎ©Î·w¯t¡A ¶}¨®©Î¾Þ§@¦MÀI¾÷¾¹½Ð¤p¤ß,,,0,0,§_,1.0,,§_,¬O,§_,³æ¤è,§_,¥i¥Î,¥i¥Î,¥i¿i,¬O,,1.00,1.00,2.00,2.00,999,999,1,1,4.00,4.00,0.12,0.06,,¦³¹Ï¤ù,,0,,0,,N03AX18,,,,,0,,0,,TAB,,°·«Oµ¹¥I,°·«Oµ¹¥I,LACOSAMIDE,N03AX18,BC26285100,§_,SolidDrugForm,ORTAB,,,,,,,,,PH047,202309050829,52.00,65.00
OVIO,20020529,99999999,°±¥Î,Vioxx 25mg,Vioxx(rofecoxib) 25mg,Rofecoxib,PO,QD,CNEU,CN-01-03,¤fªA,TAB,Vioxx,«D²Õ®M,°±¥Î,,¤@¯ë¥i¥Î,¬O,¤£¥i¥ÎÃÄ¥]¾÷,±ø¥ó¤Uµ¹¥I,¤@¯ë,Á`¶q¶i¦ì,¾AÀ³¯g¡G§Üµoª¢¡BÂíµh¤Î¸Ñ¼ö§@¥Î,,Relief of the signs & symptoms of osteoarthritis. Pain relie,,¥~ Æ[:²H¶À¾í¦â¶ê«ó§Î¿õ¾¯,Appearance:Light Orange Round Tablet,,,,¬Ò¥i¥Î,°¶§J¾A¿õ,Vioxx(rofecoxib) 25mg,,,§_,¬O,,,,,,,,,¤@¯ë,¤@¯ë,,,,,,§_,1.0,,§_,§_,¬O,³æ¤è,§_,°±¥Î,¥i¥Î,¥i¿i,¬O,,1.00,1.00,2.00,2.00,999,30,1,1,0,0,0,0,,µL¹Ï¤ù,,0,,0,,,,,,,,,,,TAB,,°·«Oµ¹¥I,°·«Oµ¹¥I,ROFECOXIB,M01AH02,B023113100,§_,SolidDrugForm,ORTAB,,,,,,,,,PH047,202303141817,33.40,42.00
OVIR3,20111001,99999999,¥i¥Î,Viread 300mg,Viread 300mg,Tenofovir,PO,QD,QANB,AI-03-03,¤fªA,TAB,Viread,«D²Õ®M,,,¤@¯ë¥i¥Î,¬O,¤£¥i¥ÎÃÄ¥]¾÷,,¤@¯ë,Á`¶q¶i¦ì,¾AÀ³¯g:ªvÀøºC©ÊB«¬¨xª¢©Î¦X¨Ö¨ä¥LÃÄª«¥Î©óHIV·P¬VªvÀø,,Indication:Chronic hepatitis B.,,¥~ Æ[:²HÂÅ¦â§ö¤¯ª¬¿õ¾¯,Appearance:Light blue elliptic tablet,µL¤O¡A ÀYµh¡A ¸¡µh¡A ­Iµh¡A ¯Ýµh,Asthenia¡A pain¡A headache¡A abdominal pain¡A back pain¡A chest pain¡A fever; diarrhea,,¬Ò¥i¥Î,´f¥ß§´,Viread 300mg,,,§_,¬O,,¦p¥X²{¨Å»Ä¤¤¬r¯gª¬¡G©I§l§xÃø¡A³Ý»ï©Î¯Ý´e½Ð¾¨³t´NÂå,,If wheezing¡Adifficulty breathing¡Achest tightness¡A call your doctor immediatetly.,,,,,¤@¯ë,¤@¯ë,Äµ»y¡G¦p¥X²{¨Å»Ä¤¤¬r¯gª¬¡G©I§l§xÃø¡A³Ý»ï©Î¯Ý´e½Ð¾¨³t´NÂå,,,0,0,§_,1.0,,§_,¬O,§_,³æ¤è,§_,¥i¥Î,¥i¥Î,¥i¿i,¬O,,1.00,1.00,1.00,1.00,180,180,7,1,1.00,1.00,0,0,,¦³¹Ï¤ù,,0,,0,,J05AF07,,,,,300.00,mg,245.00,mg,TAB,,°·«Oµ¹¥I,°·«Oµ¹¥I,TENOFOVIR DISOPROXIL,J05AF07,BC24690100,§_,SolidDrugForm,ORTAB,,,,,,,,,PH047,202303141817,111.00,133.00
OVIRO,20110516,99999999,°±¥Î,Viread 300mg (¤Å¥Î),Viread 300mg (¤Å¥Î),Tenofovir,PO,QD,QANB,AI-03-03,¤fªA,TAB,Viread,«D²Õ®M,°±¥Î,,¤@¯ë¥i¥Î,¬O,¤£¥i¥ÎÃÄ¥]¾÷,,¤@¯ë,Á`¶q¶i¦ì,¾AÀ³¯g¡GºC©ÊB«¬¨xª¢©Î¦X¨Ö¨Ï¥ÎHIV·P¬VªvÀø,,Indication:treatment of chronic HBV or combination with,,¥~ Æ[: ²HÂÅ¦â§ö¤¯ª¬¿õ¾¯,Appearance:light blue elliptic tablet,,,,¬Ò¥i¥Î,´f¥ß§´,Viread 300mg (¤Å¥Î),,,§_,¬O,,,,,,,,,¤@¯ë,¤@¯ë,Äµ»y¡G¥i¯à¥X²{¨Å»Ä©Ê»Ä¤¤¬r,,,,,§_,1.0,,§_,§_,§_,³æ¤è,§_,¥i¥Î,¥i¥Î,¥i¿i,¬O,,1.00,1.00,1.00,1.00,999,999,7,1,0,0,0,0,,µL¹Ï¤ù,,0,,0,,J05AF07,,,,,,,,,TAB,,°·«O¤£¥Ó³ø¤£­p»ù,°·«O¤£¥Ó³ø¤£­p»ù,,,,§_,SolidDrugForm,ORTAB,,,,,,,,,PH047,202401261332,0,0
OVIS2,20171215,99999999,¥i¥Î,Visanne 2mg,Visanne 2mg,Dienogest,PO,QD,HM,HR-03-03,¤fªA,TAB,Visanne,«D²Õ®M,,,¤@¯ë¥i¥Î,¬O,¤£¥i¥ÎÃÄ¥]¾÷,¥i¥Î,¤@¯ë,Á`¶q¶i¦ì,¾AÀ³¯g:ªvÀø¤l®c¤º½¤²§¦ì¯g¦ñÀH¤§°©¬ÖµÄ¯kµh¡C,,Indication:Management of pelvic pain associated with,endometriosis.,¥~ Æ[:¥Õ¦â¶ê§Î¿õ¾¯,Appearance:White round tablet,ÀYµh¡AÅé­«¼W¥[¡Aäú¤ß¡A¸¡µh¡A³±¹D¥X¦å,Headache¡A weight gain¡A nausea¡A abdominal pain¡A vaginal hemorrhage,,¬Ò¥i¥Î,²§¦ì¹ç2²@§J,Visanne 2mg,,,,¬O,,¥»ÃÄ«~»Ý¨C¤Ñ¦P¤@®É¶¡³sÄòªA¥Î¡C,¦³§Î¦¨¶À½Å´³¶É¦VªÌªA¥Î´Á¶¡À³¨¾ÅÎ¡C,Tablets should be taken continuously at the same time each day.,Avoid sunlight for women who tend to form chloasma.,¥»ÃÄ¤£¾A¥Î©óªì¸g«eªº¨àµ£¡C,Not for use prior to menarche.,,¤@¯ë,¤@¯ë,¥»ÃÄ«~»Ý¨C¤Ñ¦P¤@®É¶¡³sÄòªA¥Î¡C,,,0,0,§_,1.0,,§_,¬O,§_,³æ¤è,§_,¥i¥Î,¥i¥Î,¤£¥i¿i,¬O,,1.00,1.00,1.00,1.00,480,480,1,1,1.00,1.00,0,0,,¦³¹Ï¤ù,,0,,0,,G03DB08,,,,,0,,0,,TAB,,°·«Oµ¹¥I,°·«Oµ¹¥I,dienogest¤@¯ë¿õ¾¯½¦Ån¾¯,G03DB08,BC27029100,§_,SolidDrugForm,ORTAB,,,,,,,,,PH047,202305250949,44.80,58.00
OVOC,20220921,99999999,¥i¥Î,Vocinti 20mg,Vocinti 20mg,Vonoprazan,PO,QD,ALIM,GI-01-02,¤fªA,TAB,Vocinti,«D²Õ®M,,,¤@¯ë¥i¥Î,¬O,¤£¥i¥ÎÃÄ¥]¾÷,°·«O¤£µ¹¥I,¤@¯ë,Á`¶q¶i¦ì,¾AÀ³¯g:ÁSÄê©Ê­¹¹Dª¢¡A­G¡B¤Q¤G«ü¸z¼ìºÅ¡A»²§U®Ú°£«ÕªùÁ³±Û±ìµß,,Indication:Erosive esophagitis¡A gastric or duodenal ulcer,,¥~ Æ[:²H¬õ¦â¾ò¶ê§Î¿õ¾¯¡AÂù­±¨è²ª¡AB218¼Ð°O¡C,Appearance:Light red elliptic tablet (mark:B218),«K¯µ¡B¸¡Âm¡B¸¡µÈ¡Bäú¤ß¡B¥Ö¯l,Constipation¡A diarrhea¡A abdominal discomfort¡A rash,,¬Ò¥i¥Î,ºÖ¬P©w½¤¦ç¿õ20²@§J,Vocinti 20mg,,,,§_,,­Y¥X²{¥ô¦ó°Æ§@¥Î¼x¶HÀ³¥ß§Y»PÂå®vÁpÃ´¡C,(¨x¥\¯à²§±`: ²§±`¯h­Â¡B¥Ö½§ÅÜ¶À¡B§¿²GÅÜ²`¡BÁT«KÅÜ¥Õ),Check with doctor if you notice any side effects.,(Signs of liver dysfunction: unusual fatigue¡Ajaundice¡A dark urine¡A or pale stool,¨Ö¥Î¨ä¥LÃÄª«À³§iª¾Âå®v¡A¥HÁ×§K¤£·íªºÃÄª«¥æ¤¬§@¥Î¡C,Inform doctor if taking other drugs. Drug-drug interactions may occur.,2022Q3ÃÄ©e·|·s¶i¡A¯Ê³f2023Q4­«·s¶i¥Î,¤@¯ë,¤@¯ë,Äµ »y:ªø´Á§ë»PÀ³¯d·N¨xÅ¦¥\¯àÅÜ¤Æ¡A¤Å¶¼°s¡C,,,0,0,§_,1.0,,§_,¬O,§_,³æ¤è,,°±¥Î,°±¥Î,¤£¥i¿i,¬O,,1.00,1.00,1.00,1.00,56,56,7,7,2.00,2.00,0,0,,¦³¹Ï¤ù,,0,,0,,A02BC08,,,,,0,,0,,TAB,,¤£µ¹¥I¶·¦Û¥I,¤£µ¹¥I¶·¦Û¥I,,,,§_,SolidDrugForm,ORTAB,,,0,,0,,,,PH008,202401051046,0,75.00
OVOS,20220404,99999999,¥i¥Î,Vosevi 400/100/100mg,Vosevi 400/100/100mg,Sofosbuvir + Velpatasvir + Voxilaprevir,WM,QD,QANB,AI-03-04,¤fªA,TAB,Vosevi,«D²Õ®M,Á{±ÄÃÄ¡A½Ð³qª¾ÃÄ§½¥~ÁÊ,,­Ó®×Á{±Ä,¬O,¤£¥i¥ÎÃÄ¥]¾÷,±ø¥ó¤Uµ¹¥I,¤@¯ë,Á`¶q¶i¦ì,¾AÀ³¯g:C«¬¨xª¢,,Indication:Chronic hepatitis C virus infection in adults,,¥~ Æ[:²H¶À¦âÃÄ¿õ¡A¼Ð¥Ü¦³GSI¡A¥t¤@­±3,Appearance:Light yellow tablet¡A marked GSI¡A 3,ÀYµh¡B¯h­Â¡Bäú¤ß,Headache¡A tiredness¡A nausea,,¥u¥Î©óªù¶E¤Î¦í°|STAT,¨U¤hºû½¤¦ç¿õ,Vosevi 400/100/100mg,,,,¬O,,½Ð¿í«ü¥ÜªA§¹¾ã­ÓÀøµ{¡A ­Yµo¥Í¥ÎÃÄ¤£¨}¤ÏÀ³½Ð§iª¾Âå¥Í,,Follow doctor's advice. Check with doctor if you notice any side effects.,,¥»ÃÄ«ØÄ³ÀHÀ\¨Ï¥Î,Taken orally¡A with food.,2022.04­Ó®×Á{±Ä,¤@¯ë,¤@¯ë,Äµ »y:½Ð¿í«ü¥ÜªA§¹¾ã­ÓÀøµ{¡A­Yµo¥Í¥ÎÃÄ¤£¨}¤ÏÀ³½Ð§iª¾Âå¥Í¡C,,,0,0,§_,1.0,,§_,¬O,§_,½Æ¤è,§_,°±¥Î,°±¥Î,¥i¿i,§_,,1.00,1.00,1.00,1.00,84,84,14,14,1.00,1.00,0,0,,¦³¹Ï¤ù,,0,,0,,J05AP56,J05AP08,,,,0,,0,,TAB,,¤£µ¹¥I¶·¦Û¥I,¤£µ¹¥I¶·¦Û¥I,SOFOSBUVIR 400 MG + VELPATASVIR 100 MG + VOXILAPREVIR 100 MG,J05AP56,BC27915100,,SolidDrugForm,ORTAB,,,0,,0,,,,PH047,202403131625,0,2568.00
OVYT,20070401,99999999,°±¥Î,Vytorin 10/20mg,Vytorin 10/20mg,Ezetimibe + Simvastatin,PO,QPM,CAVS,CV-12-00,¤fªA,TAB,Vytorin,«D²Õ®M,°±¥Î¡A¥i¬dÃþ¦üÃÄ,,¤@¯ë¥i¥Î,¬O,¤£¥i¥ÎÃÄ¥]¾÷,±ø¥ó¤Uµ¹¥I,¤@¯ë,Á`¶q¶i¦ì,¾AÀ³¯g:­°¦å¯×,,Indication:Treatment of hyperlipidemia,,¥~ Æ[:¥Õ¦â¾ò¶ê§Î¿õ¾¯¡A¤@­±¦³312,Appearance:White round tablet,µÈ®ð¡A ¦Ùµh¡A ÀYµh¡A ¸¡µh¡A ¸¡Âm¡A ¯h­Â,Flatulence¡A myalgia¡A headache¡A abdominal pain¡A diarrhea¡A fatigue,,¬Ò¥i¥Î,ºû§´¤O,Vytorin 10/20mg,,,§_,¬O,½Ã±Ð³æ¤T,­Y¦³¤£©ú­ì¦]ªº¦Ù¦×µh¡A Ä²µh©ÎµL¤O¡A ¥B¨Ö¦³µo¿N®É¡A ½Ð¥ß¨è¦^¶E,¦³¨Ï¥ÎHIV§Ü¯f¬r¥ÎÃÄ½Ð¥D°Ê§iª¾Âå®v,Notify your doctor if you have any unexplained muscle pain or tenderness.,,­¹ª«¥æ¤¬§@¥Î: ªAÃÄ´Á¶¡Á×§K­¹¥Î¸²µå¬c¥Ä»P¬õÄT²£«~,Food interaction:Avoid grapefruit juice and red yeast rice.,,¤@¯ë,¤@¯ë,Äµ »y:­Y¦³¤£©ú­ì¦]ªº¦Ù¦×µh¡BÄ²µh©ÎµL¤O¡A¥B¨Ö¦³µo¿N®É¡A½Ð¥ß¨è¦^¶E,­¹ ­¹ª«¥æ¤¬,,,,§_,1.0,,§_,§_,§_,½Æ¤è,§_,¥i¥Î,¥i¥Î,¥i¿i,¬O,,1.00,1.00,2.00,2.00,999,999,1,1,2.00,2.00,0,0,,¦³¹Ï¤ù,,0,,0,,C10BA02,C10AA01,C10AX09,,,,,,,TAB,,°·«Oµ¹¥I,°·«Oµ¹¥I,SIMVASTATIN 20 MG + EZETIMIBE 10 MG,C10BA02,BC24250100,§_,SolidDrugForm,ORTAB,,,,,,,,,PH006,202304041453,10.30,13.00
OWEC,19960101,99999999,¥i¥Î,Wecoli 25mg,Wecoli 25mg,Bethanechol Chloride,AC,TID,SGU,UR-05-00,¤fªA,TAB,Urecholine,«D²Õ®M,¼t°Ó¯Ê³f,ODAM,¤@¯ë¥i¥Î,¬O,¥i¥ÎÃÄ¥]¾÷,¥i¥Î,¤@¯ë,Á`¶q¶i¦ì,¾AÀ³¯g:¤â³N«á¡B²£«á¤§«Dªý¶ë©Ê§¿º¢¯d¡A¯«¸g©Ê»H¯Ö¤§§¿º¢¯d¡C,,Non-obstructive or neurogenic bladder urinary retention.,,¥~ Æ[:²H¶À¦â¶ê§ÎÃÄ¿õ¡A ¤@­±¦L¦³Y.P¨è²ª¡A ¤@­±¦L121,Appearance:Light Yellow Round Tablet,¸¡³¡µjÅË¡Bäú¤ß¡B¸¡Âm¡BÀYµh¡BÀW§¿¡B¬y²C¡BÀû¤ÕÁY¤p¡B¥Ö½§¼é¬õ¡C,Abdominal cramps¡A diarrhea¡A frequent urination¡A lacrimation¡A miosis¡A flushing.,,¬Ò¥i¥Î,­G¥iÄR,Wecoli 25mg,,,§_,¬O,,¦]¥i¯à¤Þ°_ÀY·w¡A ªAÃÄ´Á¶¡¡A ¶}¨®©Î¾Þ§@¦MÀI¾÷±ñ½Ð¤p¤ß,¶º«áªAÃÄ©ö¥X²{äú¤ß¹Ã¦Rªº°Æ§@¥Î,Be careful driving or operating machinery while taking this medication.,,³Æµù: ­Yµo¥Í¥ô¦ó°Æ§@¥Î½Ð§iª¾Âå®v,If you have problems with side effects¡A talk to your doctor.,202302 [ODAM]¯Ê³f´À¥N,¤@¯ë,¤@¯ë,Äµ »y:¦]¥i¯à¤Þ°_ÀY·w¡AªAÃÄ´Á¶¡¡A¶}¨®©Î¾Þ§@¦MÀI¾÷±ñ½Ð¤p¤ß¡C,,,,,§_,1.0,,§_,¬O,§_,³æ¤è,§_,°±¥Î,¥i¥Î,¥i¿i,¬O,,1.00,1.00,2.00,2.00,999,999,1,1,8.00,8.00,0.03,0.03,,¦³¹Ï¤ù,,0,,0,,N07AB02,,,,,25.00,mg,45.00,mg,TAB,§_,°·«Oµ¹¥I,°·«Oµ¹¥I,BETHANECHOL,N07AB02,AC37225100,§_,SolidDrugForm,ORTAB,,,,,,,,,PH079,202308141940,1.63,3.00
OWEL,19960101,99999999,°±¥Î,Wellpin,Wellpin,Aluminum Hydroxide,PO,,ALIM,GI-01-01,¤fªA,TAB,Wellpin,«D²Õ®M,°±¥Î,OAMZ,¤@¯ë¥i¥Î,¬O,¥i¥ÎÃÄ¥]¾÷,,¤@¯ë,Á`¶q¶i¦ì,¾AÀ³¯g:¬°­GÃÄ,,Hyperacidity¡A flatulence¡A indigestion¡A abdominal pain,,¥~ Æ[:¥Õ¦â»P²Hºñ¦â¶ê§ÎÂù¼hÃÄ¿õ,Appearance:White/Light Green Round Tablet,,,,¥u¥Î©óªù¶E,,Wellpin,,,§_,¬O,,,,,,,,,¤@¯ë,¤@¯ë,Äµ »y:¥»«~¥iÄZ¸H«á§]ªA,,,,,§_,1.0,,§_,§_,§_,³æ¤è,§_,¥i¥Î,¥i¥Î,,¬O,,1.00,1.00,999.00,999.00,999,999,1,1,0,0,0,0,,µL¹Ï¤ù,,0,,0,,,,,,,,,,,TAB,§_,°·«Oµ¹¥I,°·«Oµ¹¥I,DIMETHICONE 25MG + ALUMINUM MAGNESIUM HYDROXIDE CARBONATE HYDRATE 282MG + MAGNESIUM HYDROXIDE 85MG,A02AF02,A010070100,§_,SolidDrugForm,ORTAB,,,,,,,,,PH047,202303141817,1.22,3.00
OWELL,20021218,99999999,°±¥Î,Wellbutrin SR 150mg (±Æ¸Ë),Wellbutrin SR 150mg,Bupropion,PO,QD,CNEU,CN-02-06,¤fªA,TAB,,«D²Õ®M,°±¥Î,OWELX,¤@¯ë¥i¥Î,¬O,¤£¥i¥ÎÃÄ¥]¾÷,±ø¥ó¤Uµ¹¥I,¤@¯ë,Á`¶q¶i¦ì,¾AÀ³¯g:ªvÀø¼~Æ{¯g,,Indication: Depressive disorder,,¥~ Æ[:µµ¦â¶ê§Î¿õ¾¯¡A¾Tºä¥]¸Ë,Appearance: Purple Round Tablet,,,,¬Ò¥i¥Î,«Â³Õ¹m,Wellbutrin SR 150mg,,,§_,¬O,,,,,,,,,¤@¯ë,¤@¯ë,Äµ »y:¥²¶·¨ÌÂå®v«ü¥Ü³v¦¸ªº´î¶q¡A¤Å¬ðµM°±ÃÄ,­¹ ­¹ª«¥æ¤¬,,,,§_,1.0,,§_,§_,§_,³æ¤è,§_,¥i¥Î,¥i¥Î,¤£¥i¿i,¬O,,1.00,1.00,2.00,2.00,99,99,1,1,0,0,0,0,,¦³¹Ï¤ù,,0,,0,,,,,,,,,,,TAB,§_,°·«Oµ¹¥I,°·«Oµ¹¥I,BUPROPION,N06AX12,BC23428100,§_,SolidDrugForm,ERTAB,,,,,,,,,PH047,202303141817,13.60,18.00
OWELX,20101216,99999999,¥i¥Î,Wellbutrin XL 150mg,Wellbutrin XL 150mg,Bupropion,PO,QD,CNEU,CN-02-06,¤fªA,TAB,Wellbutrin,«D²Õ®M,,,¤@¯ë¥i¥Î,¬O,¤£¥i¥ÎÃÄ¥]¾÷,±ø¥ó¤Uµ¹¥I,¤@¯ë,Á`¶q¶i¦ì,¾AÀ³¯g:ªvÀø¼~Æ{¯g,,Indication:Depressive disorder,,¥~ Æ[:¥Õ¦â¶ê§Î¿õ¾¯¡A ¦LGS5FV,Appearance:White round tablet¡A printed "GS5FV",¥¢¯v¡A ÀYµh¡A ¤f°®¡A äú¤ß¡A ¹Ã¦R,Insomnia¡A headache¡A dry mouth¡A nausea¡A vomiting.,,¬Ò¥i¥Î,«Â§J­Â«ùÄò©ÊÃÄ®Ä¿õ150²@§J,Wellbutrin XL 150mg,,,§_,§_,½Ã±Ð³æ¥|,¥²¶·¨ÌÂå®v«ü¥Ü³v¦¸ªº´î¶q¡A ¤Å¬ðµM°±ÃÄ¡C,ªAÃÄ´Á¶¡Á×§K¶¼°s¡C,Follow doctor's orders. Do not discontinue abruptly.,Avoid alcohol.,³Æµù: ¾ãÁû§]ªA¤Å©CÄZ. ©ö¨ü¼é¡A ½Ð©ñ°®Àê¾¯«O¦s¡A ¤Å§NÂÃ.,Swallow whole¡A do not chew/crush. Store in dry space not in refrigerator.,,¤@¯ë,¤@¯ë,Äµ »y:¥²¶·¨ÌÂå®v«ü¥Ü³v¦¸ªº´î¶q¡A¤Å¬ðµM°±ÃÄ,­¹ ­¹ª«¥æ¤¬,,,,§_,1.0,,§_,¬O,§_,³æ¤è,§_,¥i¥Î,¥i¥Î,¤£¥i¿i,¬O,,1.00,1.00,2.00,2.00,999,999,28,1,3.00,3.00,0,0,,¦³¹Ï¤ù,,0,,0,,N06AX12,,,,,,,,,TAB,,°·«Oµ¹¥I,°·«Oµ¹¥I,BUPROPION,N06AX12,BC25106100,§_,SolidDrugForm,ERTAB12,,,,,,,,,PH047,202402140705,9.90,14.00
OWIL,20080320,99999999,°±¥Î,Wilcon-U,Wilcon-U,Dicyclomine + Alumium Hydroxide + Magnesium Oxide,PO,,ALIM,GI-01-01,¤fªA,TAB,Wilcon U,«D²Õ®M,°±¥Î,OAMZ,¤@¯ë¥i¥Î,¬O,¥i¥ÎÃÄ¥]¾÷,¥i¥Î,¤@¯ë,Á`¶q¶i¦ì,¾AÀ³¯g:­G¼ìºÅ¡A ¤Q¤G«ü¸z¼ìºÅ¡A ­Gª¢¡A ­GµjÅË¡A ­Gµh¡A ¼ìºÅ©Ê,,Indication:Antacid,,¥~ Æ[:¶ê«ó«¬¶À¥Õ¦âÂù¼h¿õ¡A ¤@­±¦³¤¤¥¡¨è²ª¡A ¤@­±¦LUN489,Appearance:Yellow/White Round Tablet,¸¡Âm¡A «K¯µ,diarrhea¡A constipation,,¬Ò¥i¥Î,­Gº¸±d-Àu,Wilcon-U,,,§_,¬O,,½Ð¸m©ó«Äµ£µLªk¨ú±o¤§³B,,Keep medicine out of reach of children.,,,,,¤@¯ë,¤@¯ë,Äµ »y:½Ð¸m©ó«Äµ£µLªk¨ú±o¤§³B,,,,,§_,1.0,,§_,§_,§_,³æ¤è,§_,°±¥Î,¥i¥Î,¥i¿i,¬O,,1.00,1.00,2.00,2.00,99,99,1,1,0,0,0,0,,¦³¹Ï¤ù,,0,,0,,,,,,,,,,,TAB,,°·«Oµ¹¥I,°·«Oµ¹¥I,DICYCLOMINE 2.5MG + ALUMINUM HYDROXIDE 200MG + MAGNESIUM OXIDE 100MG + METHYLMETHIONINE 12.5MG,A02AG,A013800100,§_,SolidDrugForm,ORTAB,,,,,,,,,PH047,202303141817,1.51,3.00
OWIN,20061201,99999999,°±¥Î,Wincef 500mg,Wincef 500mg,Cefadroxil,PO,BID,QANB,AI-01-02,¤fªA,CAP,Ucefa,«D²Õ®M,°±¥Î,OCEFA,¤@¯ë¥i¥Î,¬O,¥i¥ÎÃÄ¥]¾÷,¥i¥Î,¤@¯ë,Á`¶q¶i¦ì,¾AÀ³¯g:²Óµß©Ê·P¬V,,Indication:Antimicrobial agent,,¥~ Æ[:ÂA¾í¦âªø¶ê¬W«¬µw½¦Ån¡A ¦L¦³winston 10126,Appearance:Orange cylinder hard capsule,¸¡Âm¡A äú¤ß¡A ­G³¡¤£¾A,Diarrhea¡A headache¡A stomach cramps,,¬Ò¥i¥Î,·ÅÄÀÅð¯À½¦Ån,Wincef 500mg,,,§_,¬O,,½Ð¿í«ü¥ÜªA§¹¾ã­ÓÀøµ{¡A ­Yµo¥Í¥ÎÃÄ¤£¨}¤ÏÀ³½Ð§iª¾Âå¥Í,,Follow doctor's advice. Check with doctor if you notice any side effects.,,,,,¤@¯ë,¤@¯ë,Äµ »y:½Ð¿í«ü¥ÜªA§¹¾ã­ÓÀøµ{¡A­Yµo¥Í¥ÎÃÄ¤£¨}¤ÏÀ³½Ð§iª¾Âå¥Í¡C,,,,,§_,1.0,,§_,§_,§_,³æ¤è,§_,¥i¥Î,¥i¥Î,¥i¿i,¬O,,1.00,1.00,4.00,4.00,14,14,0,1,8.00,8.00,0.16,0.16,,¦³¹Ï¤ù,,0,,0,,J01DB05,,,,,,,,,CAP,,°·«Oµ¹¥I,°·«Oµ¹¥I,CEFADROXIL,J01DB05,A026356100,§_,SolidDrugForm,ORCAP,,,,,,,,,PH047,202303141817,2.02,3.00
OWIN1,19960101,99999999,°±¥Î,Winsumin 12.5mg,Winsumin 12.5mg,Chlorpromazine,PO,TID,CNEU,CN-02-01,¤fªA,TAB,Wintermin,«D²Õ®M,°±¥Î,,¤@¯ë¥i¥Î,¬O,¥i¥ÎÃÄ¥]¾÷,,¤@¯ë,Á`¶q¶i¦ì,¾AÀ³¯g:Ä¼¯g¡A ºë¯«¯fª¬ºA¡A äú¤ß¡A ¹Ã¦R¡A §ðÀ»©Ê¦æ¬°»ÙÃª,,Indication:Treat psychotic symptoms¡A nause¡A vomiting,,¥~ Æ[:µµ¦â¶ê§ÎÃÄ¿õ,Appearance:Purple round tablet,­±µLªí±¡¡A §¤¥ß¤£¦w¡A ¤âµo§Ý¡A °Ê§@¿ð½w¡A ÀY·w¡A §C¦åÀ£,Tardive dyskinesia¡A lack of facial expression; restlessness; hands shaking.,,,Ã­µÎ¯v,Winsumin 12.5mg,,,¬O,¬O,,ªì¦¸¨Ï¥Î¥i¯àÀY·w¡A ¤Å¶¼°s,,May cause dizziness. Avoid alcohol.,,,,102¦~²Ä¥|¦¸ÃÄ©e·|¨MÄ³§R°£,¤@¯ë,¤@¯ë,Äµ »y¡Gªì¦¸¨Ï¥Î¥i¯àÀY·w¡A¤Å¶¼°s,,,,,§_,1.0,,¬O,§_,§_,³æ¤è,§_,°±¥Î,¥i¥Î,¥i¿i,¬O,,1.00,1.00,10.00,10.00,999,999,1,1,100.00,100.00,0,0,,¦³¹Ï¤ù,,0,,0,,N05AA01,,,,,,,,,TAB,§_,°·«Oµ¹¥I,°·«Oµ¹¥I,CHLORPROMAZINE,N05AA01,NC04385100,§_,SolidDrugForm,ORTAB,,,,,,,,,PH047,202303141817,1.50,3.00
OWIN5,20141127,99999999,¥i¥Î,Winsumin 50mg (­Ó®×Á{±Ä),Winsumin 50mg (­Ó®×Á{±Ä),Chlorpromazine,PO,,CNEU,CN-02-01,¤fªA,TAB,Wintermin,«D²Õ®M,Á{±ÄÃÄ¡A½Ð³qª¾ÃÄ§½¥~ÁÊ,,­Ó®×Á{±Ä,¬O,¤£¥i¥ÎÃÄ¥]¾÷,,¤@¯ë,Á`¶q¶i¦ì,¾AÀ³¯g:Ä¼¯g¡A ºë¯«¯fª¬ºA¡A äú¤ß¡A ¹Ã¦R¡A §ðÀ»©Ê¦æ¬°»ÙÃª,,Indication:Treat psychotic symptoms¡A nause¡A vomiting,,¥~ Æ[:¾ï¦â¶ê§ÎÃÄ¿õ,Appearance:Orange round tablet,µø¤O¼Ò½k¡A §¤¥ß¤£¦w¡A °Ê§@¿ð½w¡A ÀY·w¡A §C¦åÀ£,Blurred vision¡A tardive dyskinesia¡A restlessness¡A dizziness¡A hypotension,,¬Ò¥i¥Î,Ã­µÎ¯v½¤¦ç¿õ50²@§J,Winsumin 50mg,,,¬O,¬O,,ªì¦¸¨Ï¥Î¥i¯àÀY·w¡A ¤Å¶¼°s,,May cause dizziness. Avoid alcohol.,,«C¥ú²´¡B¨x¥\¯à»ÙÃª¤Î¤Úª÷´Ë¤ó¯g±wªÌ¶·ÂÔ·V§ë»P,Use with caution in patient with glaucoma¡Ahepatic impairment¡Aparkinson's disease,,¤@¯ë,¤@¯ë,Äµ »y¡Gªì¦¸¨Ï¥Î¥i¯àÀY·w¡A¤Å¶¼°s,,,0,0,§_,1.0,,§_,§_,§_,³æ¤è,§_,¥i¥Î,¥i¥Î,¥i¿i,¬O,,1.00,1.00,2.00,2.00,30,999,1,1,25.00,25.00,0,0,,¦³¹Ï¤ù,,0,,0,,N05AA01,,,,,0,,0,,TAB,§_,°·«Oµ¹¥I,°·«Oµ¹¥I,CHLORPROMAZINE,N05AA01,AC25191100,§_,SolidDrugForm,ORTAB,,,,,,,,,PH047,202308241756,1.50,3.00
OWIT1,20070608,99999999,¥i¥Î,Witgen 10mg,Witgen 10mg,Memantine,PO,BID,CNEU,CN-03-10,¤fªA,TAB,Ebixa,«D²Õ®M,,OEBI,¤@¯ë¥i¥Î,¬O,¤£¥i¥ÎÃÄ¥]¾÷,±ø¥ó¤Uµ¹¥I,¤@¯ë,Á`¶q¶i¦ì,¾AÀ³¯g: ªü¯÷®üÀq¯g,,Indication: Alzheimer's disease.,,¥~ Æ[:¥Õ¦â¤£³W«h¿õ¾¯¡A¤W¦³LO 10¼Ð°O.,Appearance:White irregular tablet¡A with LO 10 marked.,·w¯t¡A·P¬V¡A­¹¼¤´î°h,dizziness¡A infection¡A anorexia.,,¬Ò¥i¥Î,«Â´¼¿õ10²@§J,Witgen 10mg,,,§_,¬O,,¥i¯à·|³y¦¨¶ÝºÎ©Î·w¯t¡A ¶}¨®©Î¾Þ§@¦MÀI¾÷¾¹½Ð¤p¤ß,,May make you dizzy; use caution while driving or operating machinery,,³Æµù:ªAÃÄ´Á¶¡Á×§K¨Ï¥Î·|¼vÅT§¿²G»ÄÆP­È¤§ÃÄª«¡B­¹ª«¡C,Use caution with medications or diet which may alter urine pH.,2020/06 [OEBI] ¯Ê³f´À¥N¡A111-1ÃÄ©e·|§R°£,¤@¯ë,¤@¯ë,Äµ »y:¥i¯à·|³y¦¨¶ÝºÎ©Î·w¯t¡A ¶}¨®©Î¾Þ§@¦MÀI¾÷¾¹½Ð¤p¤ß,,,,,§_,1.0,,§_,¬O,§_,³æ¤è,§_,¥i¥Î,¥i¥Î,¥i¿i,¬O,,1.00,1.00,2.00,2.00,999,999,1,1,2.00,2.00,0,0,,¦³¹Ï¤ù,,0,,0,,N06DX01,,,,,,,,,TAB,,°·«Oµ¹¥I,°·«Oµ¹¥I,MEMANTINE,N06DX01,AC46612100,§_,SolidDrugForm,ORTAB,,,,,,,,,PH070,202312271018,6.60,9.00
OXAN,19960101,99999999,¥i¥Î,Xanax 0.5mg,Xanax 0.5mg,Alprazolam,PO,HS,CNEU,CN-02-02,¤fªA,TAB,Xanax,«D²Õ®M,,OALP,¤@¯ë¥i¥Î,¬O,¤£¥i¥ÎÃÄ¥]¾÷,,¤@¯ë,Á`¶q¶i¦ì,¾AÀ³¯g:µJ¼{ª¬ºA¤Î¨ä¥L,,Indication:Relieve anxious symptoms,,¥~ Æ[:¯»¬õ¦â¾ò¶ê«¬ÃÄ¿õ¡A¤@­±¦³¤¤¥¡¨è²ª¡A¤@­±¦³UPJOHN 55,Appearance:Pink elliptic tablet,¸}¨B²Â©å©Î¤£Ã­¡A ÀY·w¡A ©ü©ü±ýºÎ¡A ¤f¾¦¤£²M¡A ­¹¼¤§ïÅÜ,Clumsiness or unsteadiness; dizzy; sleepy; unclear speaking; appetite changes,,,ÃÙ¦w¿Õ,Xanax 0.5mg,,,¬O,¬O,½Ã±Ð³æ¥|,ªAÃÄ«á¡A ½Ð¤Å¶}¨®©Î¾Þ§@¦MÀI¾÷±ñ; ¤Å¶¼°s,,Be careful driving or operating machinery. Avoid alcohol.,,­¹ª«¥æ¤¬§@¥Î: ªAÃÄ´Á¶¡Á×§K­¹¥Î¸²µå¬c¥Ä»P¶¼°s,Food interaction: Avoid grapefruit juice and alcohol.,,¤@¯ë,¥|¯ÅºÞ¨î,Äµ »y:ªAÃÄ«á¡A½Ð¤Å¶}¨®©Î¾Þ§@¦MÀI¾÷±ñ¡F¤Å¶¼°s,­¹ ­¹ª«¥æ¤¬,,,,§_,1.0,,§_,¬O,§_,³æ¤è,§_,¥i¥Î,¥i¥Î,¤£¥i¿i,¬O,,1.00,1.00,4.00,4.00,30,30,1,1,8.00,8.00,0.01,0.01,,¦³¹Ï¤ù,,0,,0,,N05BA12,,,,,,,,,TAB,§_,°·«Oµ¹¥I,°·«Oµ¹¥I,ALPRAZOLAM,N05BA12,BC211401G0,§_,SolidDrugForm,ORTAB,,,,,,,,,PH047,202402121412,2.00,3.00
OXANT,19960101,99999999,¥i¥Î,Xanthium 200mg,Xanthium 200mg,Theophylline,PO,QD,ERSP,RE-01-00,¤fªA,CAP,Xanthium,«D²Õ®M,,,¤@¯ë¥i¥Î,¬O,¥i¥ÎÃÄ¥]¾÷,,¤@¯ë,Á`¶q¶i¦ì,¾AÀ³¯g:®ð³Ý¡A ¤ä®ðºÞµjÅËµ¥,,Indication:Bronchospasm in asthma & COPD,,¥~ Æ[:¥Õ¦â½¦Ån,Appearance:White capsule,¤ß¨`¼ö¡A ¤ß¸õ¹L§Ö¡A ÀYµh¡A ±Æ§¿¼W¥[¡A µo§Ý¡A ºÎ¯v»ÙÃª,Heartburn¡A fast heartbeat¡A headache¡A increased urination¡A trembling¡A trouble in,,,µ½¹ç «ùÄò©ÊÃÄ®Ä½¦Ån,Xanthium,,,§_,¬O,½Ã±Ð³æ¤­,½Ð¿í·ÓÂå®v«ü¥Ü¥ÎÃÄ¡A ¤Å¦Û¦æ§ó§ï¾¯¶q©Î¥ÎÃÄ®É¶¡,,Follow doctor's advice. Do not change your dose or schedule.,,­¹ª«¥æ¤¬§@¥Î: ªAÃÄ´Á¶¡Á×§K¶¼­¹§t©@°Ø¦]ªº¶¼®Æ©Î­¹ª«¡C,Food interaction: Avoid food or beverages containing caffeine.,,¤@¯ë,¤@¯ë,Äµ »y:½Ð¿í·ÓÂå®v«ü¥Ü¥ÎÃÄ¡A¤Å¦Û¦æ§ó§ï¾¯¶q©Î¥ÎÃÄ®É¶¡¡C,­¹ ­¹ª«¥æ¤¬,,,,§_,1.0,,§_,¬O,§_,³æ¤è,§_,¥i¥Î,¥i¥Î,¤£¥i¿i,¬O,,1.00,1.00,3.00,3.00,999,999,1,1,6.00,6.00,0.15,0.12,,¦³¹Ï¤ù,,0,,0,,R03DA04,,,,,,,,,CAP,§_,°·«Oµ¹¥I,°·«Oµ¹¥I,THEOPHYLLINE,R03DA04,BC196241G0,§_,SolidDrugForm,ERCAP12,,,,,,,,,PH047,202303141818,2.00,3.00
OXAR,20140407,99999999,¥i¥Î,XARELTO 15mg,XARELTO 15mg,Rivaroxaban,PO,QPM,HEMT,HE-02-00,¤fªA,TAB,Xarelto,«D²Õ®M,,,¤@¯ë¥i¥Î,¬O,¤£¥i¥ÎÃÄ¥]¾÷,±ø¥ó¤Uµ¹¥I,¤@¯ë,Á`¶q¶i¦ì,¾AÀ³¯g:ªvÀø¤Î¹w¨¾ÀR¯ß¦å®ê,,Indication:Treatment or prevention of venous thrombosis.,,¥~ Æ[:¬õ¦â¶ê§Î¿õ¾¯¡A ¤@­±¦³BAYER BAYER¡A¤@­±15,Appearance:Red round tablet; Markings : BAYER BAYER¡A 15,³h¦å¡AÀY·w¡AÀYµh¡A©ü³Ö,Anemia¡A dizziness¡A headache¡A syncope,,¬Ò¥i¥Î,«ô·ç§´½¤¦ç¿õ,XARELTO 15mg,,,,¬O,,¥X²{¥ô¦ó²§±`·ï«C©Î¥X¦å¡A¶Ë¤f¤£©ö¤î¦å¡A½Ð¾¨³t»PÂå®vÁpµ¸,,Report any signs of unusual bruising or bleeding to doctor immediately.,,¤£«ØÄ³¨Ï¥Î©ó¨Å¿}¤£­@¨ü¤§±wªÌ,contain lactose; use is not recommended in patient with lactose intolerance,2015¦~²Ä¤@¦¸ÃÄ©e·|³q¹L·s¶i,¤@¯ë,¤@¯ë,Äµ »y: ¥X²{¥ô¦ó²§±`·ï«C©Î¥X¦å¡A¶Ë¤f¤£©ö¤î¦å¡A½Ð¾¨³t»PÂå®vÁpµ¸,SA «÷­µ¬Û¦ü,,0,0,,1.0,,§_,¬O,§_,³æ¤è,§_,¥i¥Î,¥i¥Î,¥i¿i,¬O,,1.00,1.00,2.00,2.00,999,999,28,1,2.00,2.00,0,0,,¦³¹Ï¤ù,,0,,0,,B01AF01,,,,,,,,,TAB,,°·«Oµ¹¥I,°·«Oµ¹¥I,RIVAROXABAN,B01AF01,BC25648100,§_,SolidDrugForm,TAB,,,,,,,,,PH047,202303141818,54.00,68.00
OXAR1,20160615,99999999,°±¥Î,Xarelto 10mg,Xarelto 10mg,Rivaroxaban,PO,QPM,HEMT,HE-02-00,¤fªA,TAB,Xarelto,«D²Õ®M,°±¥Î,,¤@¯ë¥i¥Î,¬O,¤£¥i¥ÎÃÄ¥]¾÷,±ø¥ó¤Uµ¹¥I,¤@¯ë,Á`¶q¶i¦ì,¾AÀ³¯g:ªvÀø¤Î¹w¨¾ÀR¯ß¦å®ê,,Indication:Treatment or prevention of venous thrombosis.,,¥~ Æ[:²H¬õ¦â¶ê§Î¿õ¾¯¡A¤@­±¦³BAYER BAYER¡A¤@­±10,Appearance:Light red round tablet¡A markings: BAYER BAYER¡A 10,³h¦å¡AÀY·w¡AÀYµh¡A©ü³Ö,Anemia¡A dizziness¡A headache¡A syncope,,¬Ò¥i¥Î,«ô·ç§´½¤¦ç¿õ10²@§J,Xarelto 10mg,,,,¬O,,¥X²{¥ô¦ó²§±`·ï«C©Î¥X¦å¡A¶Ë¤f¤£©ö¤î¦å¡A½Ð¾¨³t»PÂå®vÁpµ¸,,Report any signs of unusual bruising or bleeding to doctor immediately.,,¤£«ØÄ³¨Ï¥Î©ó¨Å¿}¤£­@¨ü¤§±wªÌ,contain lactose; use is not recommended in patient with lactose intolerance,2016¦~²Ä¤G¦¸ÃÄ©e·|³q¹L·s¶i¡A2018-Q2 ÃÄ©e·|§R°£,¤@¯ë,¤@¯ë,Äµ »y: ¥X²{¥ô¦ó²§±`·ï«C©Î¥X¦å¡A¶Ë¤f¤£©ö¤î¦å¡A½Ð¾¨³t»PÂå®vÁpµ¸,SA «÷­µ¬Û¦ü,,0,0,§_,1.0,,§_,§_,§_,³æ¤è,§_,¥i¥Î,¥i¥Î,¥i¿i,¬O,,1.00,1.00,2.00,2.00,999,999,28,1,2.00,2.00,0,0,,¦³¹Ï¤ù,,0,,0,,B01AF01,,,,,0,,0,,TAB,,°·«Oµ¹¥I,°·«Oµ¹¥I,RIVAROXABAN,B01AF01,BC25129100,§_,SolidDrugForm,ORTAB,,,,,,,,,PH047,202303141818,54.00,68.00
OXAR25,20201215,99999999,¥i¥Î,Xarelto 2.5mg,Xarelto 2.5mg,Rivaroxaban,PO,BID,HEMT,HE-02-00,¤fªA,TAB,Xarelto,«D²Õ®M,,,¤@¯ë¥i¥Î,¬O,¤£¥i¥ÎÃÄ¥]¾÷,±ø¥ó¤Uµ¹¥I,¤@¯ë,Á`¶q¶i¦ì,¾AÀ³¯g:»Pªü´µ¤ÇÆF¨Ö¥Î¡A¹w¨¾°Ê¯ßµ°ª¬µw¤Æ¦å®ê§Î¦¨¨Æ¥ó,,Indication:Prevention of major cardiovascular events.,,¥~ Æ[:¶À¦â¶ê§Î¿õ¾¯¡A ¤@­±¦³BAYER BAYER¡A¤@­±2.5,Appearance:Yellow round tablet; Markings : BAYER BAYER¡A 2.5,³h¦å¡AÀY·w¡AÀYµh¡A©ü³Ö,Anemia¡A dizziness¡A headache¡A syncope,,¬Ò¥i¥Î,«ô·ç§´½¤¦ç¿õ 2.5 ²@§J,Xarelto 2.5mg,,,,¬O,,¥X²{¥ô¦ó²§±`·ï«C©Î¥X¦å¡A¶Ë¤f¤£©ö¤î¦å¡A½Ð¾¨³t»PÂå®vÁpµ¸,,Report any signs of unusual bruising or bleeding to doctor immediately.,,¤£«ØÄ³¨Ï¥Î©ó¨Å¿}¤£­@¨ü¤§±wªÌ,contain lactose; use is not recommended in patient with lactose intolerance,2020.12­Ó®×Á{±Ä 2021.Q3Âà¥¿¦¡«~¶µ,¤@¯ë,¤@¯ë,Äµ »y: ¥X²{¥ô¦ó²§±`·ï«C©Î¥X¦å¡A¶Ë¤f¤£©ö¤î¦å¡A½Ð¾¨³t»PÂå®vÁpµ¸,SA «÷­µ¬Û¦ü,,0,0,§_,1.0,,§_,¬O,§_,³æ¤è,§_,¥i¥Î,¥i¥Î,¥i¿i,¬O,,1.00,1.00,1.00,1.00,999,999,28,28,2.00,2.00,0,0,,¦³¹Ï¤ù,,0,,0,,B01AF01,,,,,0,,0,,TAB,,°·«Oµ¹¥I,°·«Oµ¹¥I,RIVAROXABAN,B01AF01,BC27750100,§_,SolidDrugForm,ORTAB,,,0,,0,,,,PH047,202301051143,16.60,22.00
OXAT1,19960101,99999999,°±¥Î,Xatral XL 10mg,Xatral XL 10mg,Alfuzosin,PO,QN,SGU,UR-04-00,¤fªA,TAB,Xatral,«D²Õ®M,°±¥Î,,¤@¯ë¥i¥Î,¬O,¤£¥i¥ÎÃÄ¥]¾÷,,¤@¯ë,Á`¶q¶i¦ì,¾AÀ³¯g:¨}©Ê«e¦C¸¢ªÎ¤j¡C,,Treatment of benign prostatic hypertrophy,,¥~ Æ[:¶À¥Õ¬Û¶¡¶ê¬W«¬¿õ¾¯,Appearance:Yellow/White Cylinder Tablet,,,,,¥¾¯S,Xatral XL 10mg,,,§_,¬O,,,,,,,,,¤@¯ë,¤@¯ë,Äµ »y:¥i¯à¦³®É·|Ä±±oÀY·w¡B©ü¯t¡A½ÐÁ×§K§Ö³tªº°Ê§@©Î«º¶ÕÅÜ¤Æ,,,,,§_,1.0,,§_,§_,§_,³æ¤è,§_,°±¥Î,¥i¥Î,¤£¥i¿i,¬O,,1.00,1.00,1.00,1.00,999,999,1,1,0,0,0,0,,µL¹Ï¤ù,,0,,0,,G04CA01,,,,,,,,,TAB,§_,°·«Oµ¹¥I,°·«Oµ¹¥I,ALFUZOSIN,G04CA01,B022917100,§_,SolidDrugForm,ERTAB,,,,,,,,,PH047,202303141818,11.10,14.00
OXEL,19960101,99999999,°±¥Î,Xeloda 500mg,Xeloda 500mg,Capecitabine,PO,BID,RACA,ON-02-01,¤fªA,TAB,Xeloda,«D²Õ®M,°±¥Î,OCAP5,¤@¯ë¥i¥Î,¬O,¤£¥i¥ÎÃÄ¥]¾÷,±ø¥ó¤Uµ¹¥I,¤@¯ë,Á`¶q¶i¦ì,¾AÀ³¯g:¬°§Ü¸~½FÃÄ¡AªvÀø¨ÅÀù¡BÂà²¾©Êµ²¸zª½¸zÀù¡B­GÀù,,Indication: Cancer therapy.,,¥~ Æ[: ¯»¬õ¦âªø¾ò¶ê§Î½¤¦ç¿õ,Appearance:Pink elliptic tablet,¸z­G¤£¾A¡A ¤â¨¬¯g¡A ¯h­Â¡A µL¤O¡A ¹½­¹,GI disturbances¡A hand-foot syndrome¡A fatigue¡A asthenia¡A anorexia.,,,ºI½F¹F,Xeloda 500mg,,,§_,¬O,,¥»«~¬°­«¯gªvÀøÃÄ¡A ½Ð¨Ì·ÓÂå®v«ü¥Ü¨Ï¥Î,,Take this medicine exactly as your doctor ordered.,,,,2018-1 ÃÄ©e·|§R°£,¤@¯ë,¤@¯ë,Äµ »y:¥»«~¬°­«¯gªvÀøÃÄª«¡A½Ð¨Ì·ÓÂå®v«ü¥Ü¨Ï¥Î¡C,Äµ °ªÄµ°T,,,,§_,1.0,,§_,§_,§_,³æ¤è,§_,¥i¥Î,¥i¥Î,¤£¥i¿i,¬O,,1.00,1.00,4.00,4.00,999,999,1,1,8.00,8.00,0,0,,¦³¹Ï¤ù,,0,,0,,L01BC06,,,,,,,,,TAB,§_,°·«Oµ¹¥I,°·«Oµ¹¥I,CAPECITABINE,L01BC06,BC22409100,§_,SolidDrugForm,ORTAB,,,,,,,,,PH047,202303141818,90.00,113.00
OXELJ,20150812,99999999,¥i¥Î,Xeljanz 5mg,Xeljanz 5mg,Tofacitinib,PO,BID,HIMM,IM-04-00,¤fªA,TAB,Xeljanz,«D²Õ®M,Á{±ÄÃÄ¡A½Ð³qª¾ÃÄ§½¥~ÁÊ,,±`³ÆÁ{±Ä(¤£§R),¬O,¤£¥i¥ÎÃÄ¥]¾÷,±ø¥ó¤Uµ¹¥I,¤@¯ë,Á`¶q¶i¦ì,¾AÀ³¯g:ªvÀø¦¨¤H±w¦³¤¤¦Ü­««×¬¡°Ê©ÊÃþ­·Àã©ÊÃö¸`ª¢,,Indication:Treatment of moderately- to severely-active RA.,,¥~ Æ[:¥Õ¦â¶ê«¬¿õ¾¯¡A ¨è¦³Pfizer¤ÎJKI 5¦r¼Ë,Appearance:White round tablet¡A marking: Pfizer¡A JKI 5,·P¬V¡AÀYµh¡A¸¡Âm¡A¤W©I§l¹D·P¬V¡A»ó«|ª¢,Infection¡A headache¡A diarrhea¡A upper respiratory tract infection¡A nasopharyngiti,,¬Ò¥i¥Î,±¶§íª¢ ½¤¦ç¿õ 5²@§J,Xeljanz 5mg,,,,¬O,,¨Ï¥Î¥»ÃÄ´Á¶¡¡AÄY­«·P¬V­·ÀI¥i¯à¼W¥[¡C,,Patients receiving tofacitinib are at increased risk for serious infections.,,,,¶R¨â¦¸¡A°h¨â¦¸¡A½Ð¶}¤èÂå®v¤T«ä,¤@¯ë,¤@¯ë,Äµ »y:¨Ï¥ÎÃÄ«~«e«á¤Î´Á¶¡¡A À³µû¦ô§K¬Ì§í¨î¤Î·P¬V¯f±wªº¦w¥þ©Ê»P¦³®Ä©Ê,,,0,0,¬O,1.0,,§_,§_,§_,³æ¤è,§_,¥i¥Î,¥i¥Î,¤£¥i¿i,¬O,,1.00,1.00,2.00,2.00,99,99,1,1,2.00,2.00,0,0,,¦³¹Ï¤ù,,0,,0,,L04AA29,,,,,5.00,mg,10.00,mg,TAB,¬O,°·«Oµ¹¥I,°·«Oµ¹¥I,TOFACITINIB,L04AA29,BC26219100,§_,SolidDrugForm,ORTAB,¦M®`¤G¯Å(¡I),,,,,,,,PH047,202305101252,401.00,481.00
OXEN,19960101,99999999,°±¥Î,Xenical 120mg (42 capsules/box),Xenical 120mg (42 capsules/box),Orlistat,WM,TID,META,ME-05-00,¤fªA,CAP,Xenical,«D²Õ®M,°±¥Î,,¤@¯ë¥i¥Î,¬O,¤£¥i¥ÎÃÄ¥]¾÷,°·«O¤£µ¹¥I,¤@¯ë,Á`¶q¶i¦ì,¾AÀ³¯g:Åé­«±±¨îÃÄ«~,,Indication:Obesity management.,,¥~ Æ[:ÂÅ¦â½¦Ån¡A ¤W¦³XENICAL 120¼Ð¥Ü.,Appearance:Blue capsule¡A with XENICAL 120 marked.,ªo«K¡A ±Æ®ð¡A «æ«K,Oily stool¡A flatus with discharge¡A fecal urgency,,¥u¥Î©óªù¶E¤Î¦í°|STAT,Ã¹ÂA¤l½¦Ån120²@§J,Xenical 120mg (42Áû/²°),,,§_,¬O,,Ãh¥¥¡A ±Â¨Åªº°ü¤k¤£¥i¨Ï¥Î¥»«~,­Y¤£¶i­¹©Î¦¹À\¤£§t¯×ªÕ®É«h¥i¬Ù²¤ªA¥Î¡C,Not recommended during pregnancy or breastfeeding.,If a meal is missed or contains no fat¡A the dose may be omitted.,«ØÄ³¦Ò¼{¸É¥Rºî¦Xºû¥Í¯À¡C,Supplementing with multivitamins is recommended.,2021.Q3ÃÄ©e­«·s¶iÃÄ,¤@¯ë,¤@¯ë,Äµ »y:«Äµ£¡B¥¥°ü¤Î±Â¨Å°üÀ³Á×§K¨Ï¥Î¥»«~,,,,,§_,42.0,,¬O,¬O,§_,³æ¤è,§_,°±¥Î,°±¥Î,¥i¿i,¬O,,1.00,1.00,1.00,1.00,999,999,14,1,6.00,6.00,0,0,,¦³¹Ï¤ù,,0,,0,,A08AB01,,,,,,,,,BOX,§_,¤£µ¹¥I¶·¦Û¥I,¤£µ¹¥I¶·¦Û¥I,,,,§_,SolidDrugForm,ORCAP,,,,,,,,,PH065,202401040836,0,1450.00
OXEN1,19960101,99999999,°±¥Î,Xenical 120mg,Xenical 120mg,Orlistat,PO,,META,ME-05-00,¤fªA,CAP,Xenical,«D²Õ®M,°±¥Î,,¤w°±¥Î,¬O,¤£¥i¥ÎÃÄ¥]¾÷,°·«O¤£µ¹¥I,¤@¯ë,Á`¶q¶i¦ì,¾AÀ³¯g:¬°Åé­«±±¨î¾¯¡B§í¨î¯×½è§l¦¬,,,,,,,,,,Ã¹¤óÂA,Xenical 120mg,,,§_,¬O,,,,,,,,,¤@¯ë,¤@¯ë,Äµ »y:Ãh¥¥¡B±Â¨Åªº°ü¤k¤£¥i¨Ï¥Î¥»«~,,,,,§_,1.0,,§_,§_,§_,³æ¤è,§_,¥i¥Î,¥i¥Î,,¬O,,1.00,1.00,999.00,999.00,999,999,1,1,0,0,0,0,,µL¹Ï¤ù,,0,,0,,,,,,,,,,,CAP,§_,¤£µ¹¥I¶·¦Û¥I,¤£µ¹¥I¶·¦Û¥I,,,,§_,SolidDrugForm,ORCAP,,,,,,,,,PH047,202303141818,0,40.00
OXEN2,19960101,99999999,°±¥Î,Xenical 120mg 21'S/BOX,Xenical 120mg 21'S/BOX,Orlistat,PO,,META,ME-05-00,¤fªA,CAP,Xenical,«D²Õ®M,°±¥Î,,¤w°±¥Î,¬O,¤£¥i¥ÎÃÄ¥]¾÷,°·«O¤£µ¹¥I,¤@¯ë,Á`¶q¶i¦ì,¾AÀ³¯g:¬°Åé­«±±¨î¾¯¡B§í¨î¯×½è§l¦¬,,,,¥~ Æ[:¾Tºä¥]¸Ë,,,,,,Ã¹¤óÂA,Xenical 120mg 21'S/BOX,,,§_,¬O,,,,,,,,,¤@¯ë,¤@¯ë,,,,,,§_,21.0,,§_,§_,§_,³æ¤è,§_,¥i¥Î,¥i¥Î,¥i¿i,¬O,,1.00,1.00,999.00,999.00,999,999,1,1,0,0,0,0,,µL¹Ï¤ù,,0,,0,,,,,,,,,,,BOX,§_,¤£µ¹¥I¶·¦Û¥I,¤£µ¹¥I¶·¦Û¥I,,,,§_,SolidDrugForm,ORCAP,,,,,,,,,PH047,202303141818,0,777.00
OXEN8,20231222,99999999,¥i¥Î,Xenical 120mg (84 capsules/box),Xenical 120mg (84 capsules/box),Orlistat,WM,TID,META,ME-05-00,¤fªA,CAP,Xenical,«D²Õ®M,,,¤@¯ë¥i¥Î,¬O,¤£¥i¥ÎÃÄ¥]¾÷,°·«O¤£µ¹¥I,¤@¯ë,Á`¶q¶i¦ì,¾AÀ³¯g:Åé­«±±¨î¡C,,Indication: Obesity management.,,¥~ Æ[:ÂÅ¦â½¦Ån¼Ð¥ÜXENICAL 120,Appearance: Blue capsule printed with XENICAL 120,¸¡µh¡B­GµÈ®ð¡Bªo«K¡B±Æ®ð¡B«æ«K¡C,Abdominal pain¡A bloating¡A oily stool¡A flatulence¡A defecation urgency.,,¥u¥Î©óªù¶E¤Î¦í°|STAT,Ã¹ÂA¤l½¦Ån120²@§J (84Áû/²°),Xenical 120mg (84 caps/box),,­­¦Û¶O,,,,Ãh¥¥¡B±Â¨Åªº°ü¤k¤£¥i¨Ï¥Î¥»«~¡C,­Y¤£¶i­¹©Î¦¹À\¤£§t¯×ªÕ®É«h¥i¬Ù²¤ªA¥Î¡C,Not recommended during pregnancy or breastfeeding.,Skip the dose if no fat in the meal or if not eating.,«ØÄ³¦Ò¼{¦bªA¥ÎXenicalR¦Ü¤Ö2¤p®É«á©ÎºÎ«eªA¥Î¸É¥Rºî¦Xºû¥Í¯À¡C,Consider taking multivitamins at least 2 hours before or after orlistat.,2023Q4 OXEN¯Ê³f¡AÃÄ©e¥Ó½Ð§ï¶R84Áû/²°¥]¸Ë,¤@¯ë,¤@¯ë,Äµ »y:Ãh¥¥¡B±Â¨Åªº°ü¤k¤£¥i¨Ï¥Î¥»«~,,,0,0,§_,84.0,,¬O,¬O,§_,³æ¤è,§_,°±¥Î,°±¥Î,¤£¥i¿i,§_,,1.00,1.00,1.00,1.00,999,999,28,28,3.00,3.00,0,0,,¦³¹Ï¤ù,,0,,0,,A08AB01,,,,,0.12,g,0.36,g,BOX,,¤£µ¹¥I¶·¦Û¥I,¤£µ¹¥I¶·¦Û¥I,,,,§_,SolidDrugForm,CAP,,,0,,0,,,,PH047,202401120856,0,2873.00
OXIG,20181212,99999999,¥i¥Î,Xigduo XR 10mg/1000mg Extended-Release,Xigduo XR 10mg/1000mg Extended-Release,Dapagliflozin + Metformin,PO,QDPC,META,ME-02-09,¤fªA,TAB,Xigduo,«D²Õ®M,,,¤@¯ë¥i¥Î,¬O,¤£¥i¥ÎÃÄ¥]¾÷,±ø¥ó¤Uµ¹¥I,¤@¯ë,Á`¶q¶i¦ì,¾AÀ³¯g:²Ä¤G«¬¿}§¿¯f¦å¿}±±¨î¤Î¹w¨¾¤ß¦åºÞ¨Æ¥ó,,Indication:Diabetes and prevention of cardiovascular disease,,¥~ Æ[:¶À¦â¾ò¶ê§Î¿õ¾¯¡A¦L¦³1073©M10/1000,Appearance:Yellow elliptic tablet.¡A marking: 1073¡A 10/1000,§C¦åÀ£¡A§C¦å¿}¡A¥Í´Þ¾¹·P¬V¡A­I³¡¯kµh¡A¦h§¿,Hypotension¡A hypoglycemia¡A genital tract infect¡A back pain¡A polyuria,,¬Ò¥i¥Î,ÄÀ¦h¿}«ùÄò©ÊÃÄ®Ä½¤¦ç¿õ10²@§J/1000²@§J,Xigduo XR 10mg/1000mg,,,,§_,,­Y¥Í´Þ¾¹ªþªñ¦³À£µh¡Bµo¬õ¡B¸~µÈ¥B¦ñÀHµo¿N©Î§¿¸ô·P¬V¯gª¬¡A½Ð¥ß§Y¦^¶E¡C,Á×§K°Æ§@¥Îµo¥Í¡A½Ð¾A¶q¸É¥R¤ô¤À¡C,Monitor for signs and symptoms of Urinary tract infection and treat as needed.,Drinking plenty of water can prevent side effects.,ªA¥ÎXigduo XRªº±wªÌ§¿²G¸²µå¿}´ú¸Õ·|§e¶§©Ê¡C,Taking Xigduo XR will test positive for glucose in their urine.,2018.12ÃÄ©e·s¶i,¤@¯ë,¤@¯ë,­Y¥Í´Þ¾¹ªþªñ¦³À£µh¡Bµo¬õ¡B¸~µÈ¥B¦ñÀHµo¿N©Î§¿¸ô·P¬V¯gª¬¡A½Ð¥ß§Y¦^¶E¡C,,,0,0,§_,1.0,,§_,¬O,§_,½Æ¤è,,¥i¥Î,¥i¥Î,¤£¥i¿i,¬O,,1.00,1.00,1.00,1.00,999,999,28,1,1.00,1.00,0,0,,¦³¹Ï¤ù,,0,,0,,A10BK01,A10BA02,A10BD15,,,0,,0,,TAB,,°·«Oµ¹¥I,°·«Oµ¹¥I,DAPAGLIFLOZIN 5-10 MG + METFORMIN 0-1000 MG,A10BD15,BC27117100,,SolidDrugForm,ERTAB24,,,0,,0,,,,PH034,202203030940,27.60,36.00
OXOFL,20200105,99999999,¥i¥Î,Xofluza 20mg,Xofluza 20mg,Baloxavir marboxil,PO,STAT,QANB,AI-03-01,¤fªA,TAB,Xofluza,«D²Õ®M,,,¤@¯ë¥i¥Î,¬O,¤£¥i¥ÎÃÄ¥]¾÷,°·«O¤£µ¹¥I,¤@¯ë,Á`¶q¶i¦ì,¾AÀ³¯g:ªvÀøA«¬¤ÎB«¬¬y¦æ©Ê·P«_¯f¬r«æ©Ê·P¬V,,Indication:Treatment of acute infections of type A and B,influenza viruses.,¥~ Æ[:¥Õ¦â¾ò¶ê§Î¿õ¾¯¡A¼Ð°O¦³772¤Î20,Appearance:White elliptic tablets¡A marked 772 and 20,äú¤ß¡A¸¡Âm¡AALT (GPT)¤W¤É,Nausea¡A diarrhea¡A elevated ALT (GPT),,¥u¥Î©óªù¶E¤Î¦í°|STAT,ÓV¥ñ®Ä½¤¦ç¿õ20²@§J,Xofluza 20mg,,,,¬O,,¤Å¨ÖªA¨Å»s«~¡A°ª¶t­¹ª«¡A¤Î§t¦h»ù¶§Â÷¤lªº¸É¥R¾¯.,,Don't take with dairy products¡A high calcium food¡A,and supplements containing polyvalent cations.,»P¶t¡B¾T¡BÁâ©ÎÅK¨ÖªA·|¨Ï§l¦¬²v­°§C.,The absorption rate of drugs is decreased in combination with calcium¡A aluminum¡A,2020.01Á{±Ä,¤@¯ë,¤@¯ë,¤Å¨ÖªA¨Å»s«~¡A°ª¶t­¹ª«¡A¤Î§t¦h»ù¶§Â÷¤lªº¸É¥R¾¯.,,,0,0,§_,1.0,,§_,¬O,¬O,³æ¤è,§_,°±¥Î,°±¥Î,¥i¿i,§_,,2.00,2.00,4.00,4.00,1,1,1,1,4.00,4.00,0.10,0.10,,¦³¹Ï¤ù,,0,,0,,J05AX25,,,,,20.00,mg,40.00,mg,TAB,§_,¤£µ¹¥I¶·¦Û¥I,¤£µ¹¥I¶·¦Û¥I,,,B027693100,§_,SolidDrugForm,ORTAB,,,0,,0,,,,PH047,202402140424,0,720.00
OXTA,20180315,99999999,¥i¥Î,Xtandi 40mg,Xtandi 40mg,Enzalutamide,PO,QD,RACA,ON-05-04,¤fªA,CAP,Xtandi,«D²Õ®M,Á{±ÄÃÄ¡A½Ð³qª¾ÃÄ§½¥~ÁÊ,,ÃÄ©e·|Á{±Ä,¬O,¤£¥i¥ÎÃÄ¥]¾÷,±ø¥ó¤Uµ¹¥I,¤@¯ë,Á`¶q¶i¦ì,¾AÀ³¯g:¥Dªv«e¦C¸¢Àù,,Indication:Used in prostate cancer,,¥~ Æ[:¥Õ¦â¦Ü¦Ç¥Õ¦â¾ò¶ê§Î³n½¦Ån,Appearance:White to off-white elliptic soft capsule,°ª¦åÀ£¡A¯h³Ò¡AÀYµh¡A¼é¼ö¡Aµê®z¡A°©§é¡A¶^­Ë,Hypertension¡A fatigue¡A headache¡A hot flash¡A weakness¡A fracture¡A falls.,,¬Ò¥i¥Î,¦w¥i©Z³n½¦Ån40²@§J,Xtandi 40mg,,,,§_,,À³¾ã²É§]ªA¡A ¤Å©CÄZ¡B·»¸Ñ©Î¥´¶},,Swallow whole¡A do not chew/dissolve/open,,,,2018-1 ÃÄ©e·|³q¹LÁ{±Ä«~¶µ,¤@¯ë,¤@¯ë,À³¾ã²É§]ªA¡A ¤Á¤Å«rÄZ©ÎÀ£¸H,,,0,0,§_,1.0,,§_,¬O,§_,³æ¤è,§_,¥i¥Î,¥i¥Î,¤£¥i¿i,¬O,,4.00,4.00,4.00,4.00,999,999,1,1,4.00,4.00,0.01,0.01,,¦³¹Ï¤ù,,0,,0,,L02BB04,,,,,0,,0,,CAP,¬O,°·«Oµ¹¥I,°·«Oµ¹¥I,ENZALUTAMIDE,L02BB04,BC26634100,§_,SolidDrugForm,ORCAP,¦M®`¤G¯Å(¡I),,0,,0,mL,,³æ¦¸¿éª`,PH034,202204131734,471.00,565.00
OXYZ,20040401,99999999,¥i¥Î,Xyzal 5mg,Xyzal 5mg,Levocetirizine,PO,QD,HIMM,IM-01-00,¤fªA,TAB,Xyzal,«D²Õ®M,¼t°Ó¯Ê³f,,¤@¯ë¥i¥Î,¬O,¤£¥i¥ÎÃÄ¥]¾÷,¥i¥Î,¤@¯ë,Á`¶q¶i¦ì,¾AÀ³¯g:¬°§Ü²ÕÂ´ÓiÃÄ¡A ¥Dªv»óª¢¡A ¹L±Ó©Ê»óª¢¡A ëC³Â¯l¡A »ó¶ëµ¥,,Indication:Treatment of symptoms of allergy.,,¥~ Æ[:¥Õ¦â¾ò¶ê§Î¿õ¾¯¡A ¤@­±¨èY,Appearance:White elliptic tablet,ÀYµh¡A §x­Â¡A ¤f°®¡A ¯h­Â,Headache¡A somnolence¡A dry mouth¡A fatigue.,,¬Ò¥i¥Î,ÅX²§¼Ö,Xyzal 5mg,,,§_,¬O,,¥ÎÃÄ´Á¶¡À³Á×§K¶¼¥Î§t°sºë¶¼®Æ,,Avoid alcohol while taking medication.,,,,,¤@¯ë,¤@¯ë,Äµ »y¡G¥ÎÃÄ´Á¶¡À³Á×§K¶¼¥Î§t°sºë¶¼®Æ,,,,,§_,1.0,,§_,¬O,§_,³æ¤è,§_,¥i¥Î,¥i¥Î,¥i¿i,¬O,,1.00,1.00,2.00,2.00,999,999,1,1,2.00,2.00,0,0,,¦³¹Ï¤ù,,0,,0,,R06AE09,,,,,,,,,TAB,,°·«Oµ¹¥I,°·«Oµ¹¥I,LEVOCETIRIZINE,R06AE09,BC23792100,§_,SolidDrugForm,ORTAB,,,,,,,,,PH006,202403130955,2.21,3.00
OYAS,20060620,99999999,°±¥Î,Yasmin 21's/box,Yasmin 21's/box,Drospirenone + Ethinylestradiol,PO,13,HM,CT-01-00,¤fªA,TAB,Yasmin,«D²Õ®M,°±¥Î,,¤@¯ë¥i¥Î,¬O,¤£¥i¥ÎÃÄ¥]¾÷,°·«O¤£µ¹¥I,¤@¯ë,Á`¶q¶i¦ì,¾AÀ³¯g:Á×¥¥ÃÄ,,Indication:Contraceptives,,¥~ Æ[:¾Tºä¤ù¸Ë¡A ¶À¦â¶ê§Î¿õ¾¯,Appearance:Yellow round tablet,¨Å©ÐµÈµh¦³¤Àªcª«¡A ÀYµh¡A §íÆ{,Breast tenderness and secretion¡A headache¡A depressive moods,,¬Ò¥i¥Î,®®¤v½¤¦ç¿õ,Yasmin 21's/box,,,§_,¬O,,ªA¥Îªì´Á¥i¯à·|¦³»´·L¥X¦å©Î¸z­G¤£¾Aªºª¬ªp,,You may have spotting or light bleeding or stomach upset during the,first 1-3 packs.,³Æµù:¥i¯à·|¼W¥[®ê¶ë¯e¯f­·ÀI,,2017Q4ÃÄ©e·|§R°£,¤@¯ë,¤@¯ë,Äµ »y:ªA¥Îªì´Á¥i¯à·|¦³»´·L¥X¦å©Î¸z­G¤£¾Aªºª¬ªp,,,,,§_,21.0,,§_,§_,§_,½Æ¤è,§_,¥i¥Î,¥i¥Î,¤£¥i¿i,§_,,1.00,1.00,1.00,1.00,999,999,21,21,1.00,1.00,0,0,,¦³¹Ï¤ù,,0,,0,,G03AA12,G03CA01,,,,,,,,BOX,,¤£µ¹¥I¶·¦Û¥I,¤£µ¹¥I¶·¦Û¥I,,,,§_,SolidDrugForm,ORTAB,,,,,,,,,PH047,202303141818,0,408.00
OYAZ,20091027,99999999,¥i¥Î,YAZ ®®«º¿õ (28 tablets/box),YAZ ®®«º¿õ (28 tablets/box),Drospirenone + Ethinylestradiol,PO,QD,HM,CT-01-00,¤fªA,TAB,,«D²Õ®M,,,¤@¯ë¥i¥Î,¬O,¥i¥ÎÃÄ¥]¾÷,¥i¥Î,¤@¯ë,Á`¶q¶i¦ì,¾AÀ³¯g:¥D­n¥Î©óÁ×¥¥¤Î°ü¤k¤¤«×¤§Úµ½H,,Indication:Contraceptives¡A Treat acne vulgaris in women,,¥~ Æ[:28Áû±Æ¸Ë¶ê§Î¿õ¾¯,Appearance:Calendar package with 28 round tablets,¨Å©ÐµÈµh¦³¤Àªcª«¡A ÀYµh¡A §íÆ{,Breast tenderness and secretion¡A headache¡A depressive moods,,¬Ò¥i¥Î,®®«º¿õ,YAZ (28 tablets/box),,,§_,¬O,,ªA¥Îªì´Á¥i¯à·|¦³»´·L¥X¦å©Î¸z­G¤£¾Aªºª¬ªp,,You may have spotting or light bleeding or stomach upset during the,first 1-3 packs.,³Æµù:¥i¯à·|¼W¥[®ê¶ë¯e¯f­·ÀI,,,¤@¯ë,¤@¯ë,Äµ »y:ªA¥Îªì´Á¥i¯à·|¦³»´·L¥X¦å©Î¸z­G¤£¾Aªºª¬ªp,,,,,§_,28.0,,§_,¬O,§_,½Æ¤è,§_,°±¥Î,°±¥Î,¤£¥i¿i,¬O,,1.00,1.00,1.00,1.00,999,999,28,28,1.00,1.00,0,0,,¦³¹Ï¤ù,,0,,0,,G03AA12,G03CA01,,,,,,,,BOX,§_,¤£µ¹¥I¶·¦Û¥I,¤£µ¹¥I¶·¦Û¥I,,,,§_,SolidDrugForm,ORTAB,¦M®`¤@¯Å(¡I¡I),,,,,,,,PH047,202303141818,0,600.00
OYUB,20111201,99999999,°±¥Î,Yubon 0.25mg¡A 100's/bot,Yubon 0.25mg¡A 100's/bot,Sodium Fluoride,PO,AS,TENT,EN-03-01,¤fªA,TAB,NaF,«D²Õ®M,°±¥Î,,¤@¯ë¥i¥Î,¬O,¤£¥i¥ÎÃÄ¥]¾÷,°·«O¤£µ¹¥I,¤@¯ë,Á`¶q¶i¦ì,¾AÀ³¯g:¹w¨¾³E¤ú,,Indication: Prophylaxis of dental caries.,,¥~ Æ[:²~¸Ë¡A ¨CÅø 100 Áû,Appearance:100 tablet / bottle,»´·L¨ë¿E¤ÏÀ³(¬õ¯l),Skin rash,,¬Ò¥i¥Î,¤úÄ_ §t¬t¿õ,Yubon 0.25mg¡A 100's/bot,,,§_,¬O,,½Ð¤Å»P¤û¥¤¤Î¨î»Ä¾¯¨ÖªA,,Avoid taking with milk or antacid.,,,,,¤@¯ë,¤@¯ë,Äµ »y:½Ð¤Å»P¤û¥¤¤Î¨î»Ä¾¯¨ÖªA,,,0,0,§_,100.0,,§_,§_,§_,³æ¤è,§_,¥i¥Î,¥i¥Î,¤£¥i¿i,¬O,,1.00,1.00,4.00,4.00,999,999,25,1,4.00,4.00,0,0,,¦³¹Ï¤ù,,0,,0,,A01AA01,,,,,,,,,BOT,,¤£µ¹¥I¶·¦Û¥I,¤£µ¹¥I¶·¦Û¥I,,,,§_,SolidDrugForm,ORTROCHE,,,,,,,,,PH047,202303141818,0,192.00
OYUT,19960101,99999999,°±¥Î,Yutopar 10mg,Yutopar 10mg,Ritodrine,PO,Q6H,SGU,UR-02-00,¤fªA,TAB,Anpo,«D²Õ®M,°±¥Î,OANP,¤@¯ë¥i¥Î,¬O,¥i¥ÎÃÄ¥]¾÷,,¤@¯ë,Á`¶q¶i¦ì,¾AÀ³¯g:¹w¨¾¦­²£¡A ¬y²£¤§¥Î,,Indication:Prevention of premature labour,,¥~ Æ[:²H¶À¾í¦â¶ê«ó§Î¿õ¾¯¡A¤@­±¦³177¡A¤@­±¦³S¥[¤T¨¤§Î,Appearance:Yellow round tablet,µø¤O¼Ò½k¡A ¶ÝºÎ¡A ¤f°®¡A ¥Ö½§¼é¬õ¡A ©I§l§xÃø¡A ÀW§¿,Blurred vision; sleepy; dry mouth; flushed skin; trouble breathing.,,,©p±oÄ_,Yutopar 10mg,,,§_,¬O,,­Y¦³®cÁY©Î¯}¤ô¡A ½Ð¥ß§Y§iª¾Âå®v,,Inform doctor immediately if contractions begin again or ruptured,membranes occur.,,,104-3 ÃÄ©e·|§ï¥HAnpo 10mg´À¥N,¤@¯ë,¤@¯ë,Äµ »y:­Y¦³®cÁY©Î¯}¤ô¡A½Ð¥ß§Y§iª¾Âå®v¡C,,,,,§_,1.0,,¬O,§_,§_,³æ¤è,§_,¥i¥Î,¥i¥Î,¥i¿i,¬O,,1.00,1.00,2.00,2.00,999,999,1,1,12.00,12.00,0,0,,¦³¹Ï¤ù,,0,,0,,G02CA01,,,,,,,,,TAB,§_,¤£µ¹¥I¶·¦Û¥I,¤£µ¹¥I¶·¦Û¥I,,,,§_,SolidDrugForm,ORTAB,,,,,,,,,PH047,202303141818,0,6.00
OZAD,19960101,99999999,°±¥Î,Zaditen 1mg,Zaditen 1mg,Ketotifen,PC,BID,HIMM,IM-01-00,¤fªA,TAB,Zaditen,«D²Õ®M,°±¥Î,,¤@¯ë¥i¥Î,¬O,¥i¥ÎÃÄ¥]¾÷,,¤@¯ë,Á`¶q¶i¦ì,¾AÀ³¯g:¬°§Ü²ÕÂ´ÓiÃÄ¡A ¥Dªv»óª¢¡A ¹L±Ó©Ê»óª¢¡A ëC³Â¯lµ¥,,Indication:Management of allergic asthma & allergic rhinitis,,¥~ Æ[:¥Õ¦â¶ê«ó§Î¿õ¾¯¡A¤@­±¦³ZADITEN 1¡A¤@­±¦³S¥[¤T¨¤§Î,Appearance:White round tablet,Åé­«¼W¥[,weight gain,,,³ÝªÌ©w,Zaditen 1mg,,,§_,¬O,,¥ÎÃÄ´Á¶¡À³Á×§K¶¼¥Î§t°sºë¶¼®Æ,,Avoid alcohol while taking medication.,,³Æµù: ¥i¯à·|¼vÅT¾r¾p©Î¾Þ§@¾÷±ñ¯à¤O,May impair ability to drive or operate machinery.,,¤@¯ë,¤@¯ë,Äµ »y¡G¥ÎÃÄ´Á¶¡À³Á×§K¶¼¥Î§t°sºë¶¼®Æ,,¤fªAÃÄ,,,§_,1.0,,§_,§_,§_,³æ¤è,§_,¥i¥Î,¥i¥Î,¥i¿i,¬O,,1.00,1.00,1.00,1.00,999,999,1,1,2.00,2.00,0,0,,¦³¹Ï¤ù,,0,,0,,R06AX17,,,,,,,,,TAB,§_,¤£µ¹¥I¶·¦Û¥I,¤£µ¹¥I¶·¦Û¥I,KETOTIFEN,R06AX17,AC30881100,§_,SolidDrugForm,ORTAB,,,,,,,,,PH047,202303141819,0,3.00
OZAN,20090622,99999999,¥i¥Î,Zanidip 10mg,Zanidip 10mg,Lercanidipine,PO,QDAC,CAVS,CV-05-00,¤fªA,TAB,Zanidip,«D²Õ®M,,,¤@¯ë¥i¥Î,¬O,¤£¥i¥ÎÃÄ¥]¾÷,¥i¥Î,¤@¯ë,Á`¶q¶i¦ì,¾AÀ³¯g:°ª¦åÀ£,,Indication:Treatment of hypertension,,¥~ Æ[:¶À¦â¶ê§ÎÂù¥Y½¤¦ç¿õ¡A ¤@­±¦³¨è²ª,Appearance:Yellow round tablet,¤ß±ª¡A Áy¼é¬õ¡A ÀYµh¡A ©PÃä¤ô¸~¡A ÀY·w,Palpitations¡A flushing¡A headache¡A peripheral edema¡A dizziness,,¬Ò¥i¥Î,§QÀ£½¤¦ç¿õ,ZaniDIP 10mg,,,¬O,¬O,½Ã±Ð³æ¤T,¥i¯à·|¥X²{¤ß±ª¡A Áy¼é¬õ¡A ÀYµh¡A ©PÃä¤ô¸~µ¥¯gª¬,,May experience palpitations¡A flushing¡A headache¡A peripheral edema.,,­¹ª«¥æ¤¬§@¥Î: ªAÃÄ´Á¶¡Á×§K­¹¥Î¸²µå¬c¥Ä,Food interaction:Avoid grapefruit juice,,¤@¯ë,¤@¯ë,Äµ »y:¥i¯à·|¥X²{¤ß±ª¡BÁy¼é¬õ¡BÀYµh¡B©PÃä¤ô¸~µ¥¯gª¬,,,,,§_,1.0,,§_,¬O,§_,³æ¤è,§_,¥i¥Î,¥i¥Î,¥i¿i,¬O,,1.00,1.00,2.00,2.00,999,999,1,1,4.00,4.00,0,0,,¦³¹Ï¤ù,,0,,0,,C08CA13,,,,,,,,,TAB,§_,°·«Oµ¹¥I,°·«Oµ¹¥I,LERCANIDIPINE,C08CA13,BC23293100,§_,SolidDrugForm,ORTAB,,,,,,,,,PH047,202303131723,4.98,7.00
OZCO,20141215,99999999,¥i¥Î,Zcough 100mg,Zcough 100mg,Benzonatate,PO,TID,ERSP,RE-05-02,¤fªA,CAP,,«D²Õ®M,,,¤@¯ë¥i¥Î,¬O,¥i¥ÎÃÄ¥]¾÷,¥i¥Î,¤@¯ë,Á`¶q¶i¦ì,¾AÀ³¯g:¤î«y§@¥Î,,Indication:Cough suppressant,,¥~ Æ[:²H¶À¦â³z©ú²y«¬³n½¦Ån,Appearance:Light yellow capsule,²´·ú¨`¼ö·P¡A «K¯µ¡A ÀY·w¡A ¶ÝºÎ¡A ÀYµh¡A ¥Ö½§Äo,Burning sensation in the eyes¡A constipation¡A dizzy¡A sleepy¡A headache¡A itching,,¬Ò¥i¥Î,«yªv±o³n½¦Ån100²@§J,Zcough,,,,§_,,À³¾ã²É§]ªA¡A ¤Á¤Å«rÄZ©ÎÀ£¸H,,Swallow the tablet whole. Do not crush¡A break or chew.,,,,,¤@¯ë,¤@¯ë,Äµ »y:À³¾ã²É§]ªA¡A¤Á¤Å«rÄZ©ÎÀ£¸H,,,0,0,§_,1.0,,§_,¬O,§_,³æ¤è,§_,¥i¥Î,¥i¥Î,¤£¥i¿i,¬O,,1.00,1.00,2.00,2.00,999,999,1,1,6.00,6.00,0,0,,¦³¹Ï¤ù,,0,,0,,R05DB01,,,,,0,,0,,CAP,,°·«Oµ¹¥I,°·«Oµ¹¥I,BENZONATATE,R05DB01,AC58202100,§_,SolidDrugForm,ORCAP,,,,,,,,,PH047,202303141819,1.82,3.00
OZEF,19960101,99999999,°±¥Î,Zeffix 100mg,Zeffix 100mg,Lamivudine,PO,,QANB,AI-03-03,¤fªA,TAB,Zeffix,«D²Õ®M,°±¥Î,,¤w°±¥Î,¬O,¤£¥i¥ÎÃÄ¥]¾÷,±ø¥ó¤Uµ¹¥I,¤@¯ë,Á`¶q¶i¦ì,¾AÀ³¯g:B«¬¨xª¢,,Treatment of hepatitis B infection,,¥~ Æ[:¶À¾í¦âªø¶ê¬W§Î¿õ¾¯,Appearance:Yellow Cylinder Tablet,,,,,¤z¦w¯à,Zeffix 100mg,,,§_,¬O,,,,,,,,,¤@¯ë,¤@¯ë,Äµ »y:¥»ÃÄµLªk­°§C¨xª¢¯f¬r¶Ç¬Vµ¹¨ä¥L¤Hªº¾÷·|,,,,,§_,1.0,,§_,§_,§_,³æ¤è,§_,°±¥Î,¥i¥Î,¥i¿i,¬O,,1.00,1.00,1.00,1.00,999,999,1,1,0,0,0,0,,µL¹Ï¤ù,,0,,0,,J05AF05,,,,,,,,,TAB,§_,°·«Oµ¹¥I,°·«Oµ¹¥I,LAMIVUDINE,J05AF05,A043302100,§_,SolidDrugForm,ORTAB,,,,,,,,,PH047,202303141819,83.00,100.00
OZEL,20050317,99999999,°±¥Î,Zelmac 6mg,Zelmac 6mg,Tegaserod,PO,BIDAC,ALIM,GI-09-00,¤fªA,TAB,Zelmac,«D²Õ®M,°±¥Î,,¤@¯ë¥i¥Î,¬O,¤£¥i¥ÎÃÄ¥]¾÷,¥i¥Î,,,¾AÀ³¯g: «K¯µ«¬¸zÄ¼¯g¤§µu´ÁªvÀø,,,,¥~ Æ[:¥Õ¦â¶ê«ó§Î¿õ¾¯¡A ¤@­±¦LEH¡A ¤@­±¦LNVR,Appearance:White Round Tablet,,,,¬Ò¥i¥Î,ºZ¯à,Zelmac 6mg,,,§_,¬O,,,,,,,,,¤@¯ë,¤@¯ë,Äµ »y:¥»ÃÄµLªk­°§C¨xª¢¯f¬r¶Ç¬Vµ¹¨ä¥L¤Hªº¾÷·|,,,,,§_,1.0,,§_,§_,§_,³æ¤è,§_,¥i¥Î,¥i¥Î,¤£¥i¿i,¬O,,1.00,1.00,1.00,1.00,99,99,1,1,0,0,0,0,,µL¹Ï¤ù,,0,,0,,,,,,,,,,,TAB,§_,¤£µ¹¥I¶·¦Û¥I,¤£µ¹¥I¶·¦Û¥I,,,,§_,SolidDrugForm,ORTAB,,,,,,,,,PH047,202303141819,0,60.00
OZES,19960101,99999999,°±¥Î,Zestril 10mg,Zestril 10mg,Lisinopril,PO,QD,CAVS,CV-07-00,¤fªA,TAB,Zestril,«D²Õ®M,°±¥Î,,¤@¯ë¥i¥Î,¬O,¥i¥ÎÃÄ¥]¾÷,,¤@¯ë,Á`¶q¶i¦ì,¾AÀ³¯g:¥Dªv°ª¦åÀ£¡A ¥R¦å©Ê¤ß°IºÜ©Î¥i­°§C§¿³J¥Õµ¥,,Indication:Hypertension¡A congestive heart failure,,¥~ Æ[:²H¬õ¦â¶ê«ó§Î¿õ¾¯¡A ¤@­±¦L 10 ZESTRIL,Appearance:Light red round tablet,«ùÄò°®«y¡A ÀY·w¡A ¥Ö½§¬õ¯l©ÎÄo¡A µo¿N¡A ¸¡Âm¡A äú¤ß,Cough (dry¡A persistent)¡A Dizziness¡A skin rash (with or without itching)¡A fever.,,,±¶½ç·ç,Zestril 10mg,,,¬O,¬O,½Ã±Ð³æ¤T,­Y¨Ï¥Î¥»ÃÄµo¥Í¤[«y¤£Â¡À³½Ð±ÐÂå®v,,Inform your doctor if you experience cough (dry¡A persistent).,,­¹ª«¥æ¤¬§@¥Î: ªAÃÄ´Á¶¡À³Á×§K¹L¶qÄá¨ú¹[ÆQ(¦p:¥NÆQ),Food interaction:Avoid over take potassium salt.,2018.12 ÃÄ©e·|§R°£,¤@¯ë,¤@¯ë,Äµ »y:­Y¨Ï¥Î¥»ÃÄµo¥Í¤[«y¤£Â¡À³½Ð±ÐÂå®v,SA/­¹ «÷­µ/­¹ª«,,,,§_,1.0,,§_,§_,§_,³æ¤è,§_,¥i¥Î,¥i¥Î,¥i¿i,¬O,,1.00,1.00,4.00,4.00,999,999,1,1,8.00,8.00,0,0,,¦³¹Ï¤ù,,0,,0,,C09AA03,,,,,,,,,TAB,§_,°·«Oµ¹¥I,°·«Oµ¹¥I,LISINOPRIL,C09AA03,BC22152100,§_,SolidDrugForm,ORTAB,,,,,,,,,PH047,202303141819,2.29,3.00
OZIE,20091220,99999999,¥i¥Î,Ziefmycin 250mg,Ziefmycin 250mg,Dicloxacillin,AC,Q6H,QANB,AI-01-01,¤fªA,CAP,Dicloxacillin,«D²Õ®M,,,¤@¯ë¥i¥Î,¬O,¥i¥ÎÃÄ¥]¾÷,¥i¥Î,¤@¯ë,Á`¶q¶i¦ì,¾AÀ³¯g:²Óµß©Ê·P¬V,,Indication:Treatment of infection,,¥~ Æ[:ÂÅ/¥Õ¦âªø¶ê¬Wµw½¦Ån¡A ¦L¦³YSP ZFC¦r¼Ë,Appearance:Blue/white cylinder hard capsule,»´·L¸¡Âm¡A ÀYµh,Diarrhea (mild)¡A hedache,,¬Ò¥i¥Î,©_ºÖÅð¯À,Ziefmycin 250mg,,,§_,¬O,,½Ð¿í·ÓÂå®v«ü¥Ü¨Ï¥Î¡A ­Yµo¥Í¹L±Ó²{¶H½Ð»PÂå®vÁpµ¸,,Follow doctor's advice. Check with doctor if you notice any allergic symptoms.,,,,,¤@¯ë,¤@¯ë,Äµ »y:½Ð¿í·ÓÂå®v«ü¥Ü¨Ï¥Î¡A­Yµo¥Í¹L±Ó²{¶H½Ð»PÂå®vÁpµ¸,,,,,§_,1.0,,§_,¬O,§_,³æ¤è,§_,°±¥Î,°±¥Î,¥i¿i,¬O,,1.00,1.00,5.00,5.00,14,14,3,1,20.00,20.00,0.40,0.10,,¦³¹Ï¤ù,,0,,0,,J01CF01,,,,,0.25,g,2.00,g,CAP,,°·«Oµ¹¥I,°·«Oµ¹¥I,DICLOXACILLIN,J01CF01,AC29079100,§_,SolidDrugForm,ORCAP,,,,,,,,,PH006,202402270852,1.50,3.00
OZIN,20051031,99999999,°±¥Î,Zinca 50 mg,Zinca 50 mg,Zinc Acetate,PO,,META,ME-07-00,¤fªA,CAP,,«D²Õ®M,°±¥Î,OZIN2,¤w°±¥Î,¬O,¤£¥i¥ÎÃÄ¥]¾÷,±ø¥ó¤Uµ¹¥I,¤@¯ë,Á`¶q¶i¦ì,¾AÀ³¯g¡GªvÀø«Âº¸´Ë¤ó¯g(Wilson's disease)¥ÎÃÄ,,Treatment of Wilson's disease,,¥~ Æ[: ªø¶ê¬W§Î¾ï¦â½¦Ån,,¸z­G¨ë¿E,Gastric irritation.,,¬Ò¥i¥Î,¾N¥d,Zinca 50 mg,,,§_,¬O,,,,,,,,,¤@¯ë,¤@¯ë,Äµ »y: ½Ð©ó¶º«e¤@¤p®É©Î¶º«á¨â¤p®ÉªA¥Î¡A¤Å»P¤@¯ë­GÃÄ¦PªA¡C,,,,,§_,1.0,,§_,§_,§_,³æ¤è,§_,¥i¥Î,¥i¥Î,¥i¿i,¬O,,1.00,1.00,2.00,2.00,99,99,1,1,0,0,0,0,,µL¹Ï¤ù,,0,,0,,,,,,,,,,,CAP,§_,°·«Oµ¹¥I,°·«Oµ¹¥I,ZINC ACETATE,A16AX05,W000007100,§_,SolidDrugForm,ORCAP,,,,,,,,,PH047,202303141819,54.00,65.00
OZIN2,20060502,99999999,¥i¥Î,Zinca 25mg,Zinca 25mg,Zinc Acetate,AC,TID,META,ME-07-00,¤fªA,CAP,Zinca,«D²Õ®M,,,¤@¯ë¥i¥Î,¬O,¤£¥i¥ÎÃÄ¥]¾÷,±ø¥ó¤Uµ¹¥I,¤@¯ë,Á`¶q¶i¦ì,¾AÀ³¯g:ªvÀø«Âº¸´Ë¤ó¯g(Wilson's disease)¥ÎÃÄ,,Indication:Treatment of Wilson's disease,,¥~ Æ[:ªø¶ê¬W§ÎÂÅ¦âµw½¦Ån,Appearance:Blue capsule,¸z­G¨ë¿E,Gastric irritation.,,¬Ò¥i¥Î,¾N¥d½¦Ån,Zinca 25mg,,,§_,¬O,,½Ð©ó¶º«e¤@¤p®É©Î¶º«á¨â¤p®ÉªA¥Î¡A ¤Å»P¤@¯ë­GÃÄ¦PªA,,Take this medication 1 hour before or 2 hours after food.,Do not combination with antacid.,,,¨u¨£¯e¯f¥ÎÃÄ,¤@¯ë,¤@¯ë,Äµ »y: ½Ð©ó¶º«e¤@¤p®É©Î¶º«á¨â¤p®ÉªA¥Î¡A¤Å»P¤@¯ë­GÃÄ¦PªA¡C,,,,,§_,1.0,,¬O,¬O,§_,³æ¤è,§_,¥i¥Î,¥i¥Î,¥i¿i,¬O,,1.00,1.00,4.00,4.00,999,999,1,1,6.00,6.00,0,0,,¦³¹Ï¤ù,,0,,0,,A16AX05,,,,,,,,,CAP,,°·«Oµ¹¥I,°·«Oµ¹¥I,ZINC ACETATE,A16AX05,WC00010100,§_,SolidDrugForm,ORCAP,,,,,,,,,PH006,202401091410,30.00,39.00
OZIT,19960101,99999999,¥i¥Î,Zithromax 250mg,Zithromax 250mg,Azithromycin,PO,QD,QANB,AI-01-06,¤fªA,TAB,Zithromax,«D²Õ®M,¼t°Ó¯Ê³f,OAZI,¤@¯ë¥i¥Î,¬O,¤£¥i¥ÎÃÄ¥]¾÷,±ø¥ó¤Uµ¹¥I,¤@¯ë,Á`¶q¶i¦ì,¾AÀ³¯g:²Óµß©Ê·P¬V,,Indication:Antibiotic for infection,,¥~ Æ[:¥Õ¦âªø¾ò¶ê¬W§Î¿õ¾¯¡A ¤@­±¦LZTM 250¡A ¤@­±¦LPfizer,Appearance:White elliptic tablet,äú¤ß¡A ¸¡³¡¤£¾A¡A ¹Ã¦R¡A µÈ®ð¡A ¸¡Âm¡A ¤ô«K,Nausea¡A abdominal discomfort¡A vomiting¡A flatulence¡A diarrhea & loose stools.,,,¤éµÎ,Zithromax 250mg,,,§_,¬O,,½Ð¿í«ü¥ÜªA§¹¾ã­ÓÀøµ{¡A ­Yµo¥Í¥ÎÃÄ¤£¨}¤ÏÀ³½Ð§iª¾Âå¥Í,,Follow doctor's advice. Check with doctor if you notice any side effects.,,ª`·N¨Æ¶µ:¤£À³¾Õ¦Û°±ÃÄ¡A ¦p¥X²{¤ß±ª¡B¯Ýµhµ¥¤£¾A¯gª¬¡A ½Ð¦^¶E­ì³B¤èÂå®v¡C,Cautions: Call your doctor if you feel chest pain or a fast heartbeat.,,¤@¯ë,¤@¯ë,Äµ »y:½Ð¿í«ü¥ÜªA§¹¾ã­ÓÀøµ{¡A­Yµo¥Í¥ÎÃÄ¤£¨}¤ÏÀ³½Ð§iª¾Âå¥Í¡C,,¤fªAÃÄ,,,§_,1.0,,§_,¬O,§_,³æ¤è,§_,°±¥Î,°±¥Î,¥i¿i,¬O,,2.00,2.00,4.00,4.00,3,3,3,1,8.00,8.00,0.05,0.05,,¦³¹Ï¤ù,,0,,0,,J01FA10,,,,,0.25,g,0.30,g,TAB,§_,°·«Oµ¹¥I,°·«Oµ¹¥I,AZITHROMYCIN,J01FA10,BC23257100,§_,SolidDrugForm,ORTAB,,,,,,,,,PH047,202402140423,17.50,23.00
OZOC2,19960101,99999999,°±¥Î,Zocor 20mg,Zocor 20mg,Simvastatin,PO,QPMP,CAVS,CV-12-00,¤fªA,TAB,Zocor,«D²Õ®M,°±¥Î,,¤@¯ë¥i¥Î,¬O,¤£¥i¥ÎÃÄ¥]¾÷,±ø¥ó¤Uµ¹¥I,¤@¯ë,Á`¶q¶i¦ì,¾AÀ³¯g:°ª¦å¯×,,Treatment of hyperlipidemia,,¥~ Æ[:²H¬õ¾í¦â¾ò¶ê§Î¿õ¾¯,,,,,,¯ÀªG,Zocor 20mg,,,§_,¬O,,,,,,,,,¤@¯ë,¤@¯ë,Äµ »y:­Y¦³¤£©ú­ì¦]ªº¦Ù¦×µh¡BÄ²µh©ÎµL¤O¡A¥B¨Ö¦³µo¿N®É¡A½Ð¥ß¨è¦^¶E,,,,,,1.0,,§_,§_,§_,³æ¤è,§_,¥i¥Î,¥i¥Î,¥i¿i,¬O,,1.00,1.00,2.00,2.00,999,999,1,1,0,0,0,0,,µL¹Ï¤ù,,0,,0,,C10AA01,,,,,,,,,TAB,§_,°·«Oµ¹¥I,°·«Oµ¹¥I,SIMVASTATIN,C10AA01,B020037100,§_,SolidDrugForm,ORTAB,,,,,,,,,PH047,202303141819,17.40,22.00
OZOL,19960101,99999999,¥i¥Î,Zoloft 50mg,Zoloft 50mg,Sertraline,PO,QD,CNEU,CN-02-04,¤fªA,TAB,Zoloft,«D²Õ®M,,,¤@¯ë¥i¥Î,¬O,¤£¥i¥ÎÃÄ¥]¾÷,±ø¥ó¤Uµ¹¥I,¤@¯ë,Á`¶q¶i¦ì,¾AÀ³¯g:Æ{¯g¡A ±j­¢¯g¡A ®£·W¯g¡A ¸g«e¤£®®¯g¡A ³Ð¶Ë«áÀ£¤O¯g­Ô¸s,,Indication:Treat mental depressive¡A relieve fearful feeling,,¥~ Æ[:¥Õ¦âªø¶ê¬W§Î¿õ¾¯¤@­±¦³¤¤¥¡¨è²ª¥[ZLT 50¡A¤@­±¦³Pfizer,Appearance:White cylinder tablet,¥¢¯v¡AÀYµh¡AÀY·w¡A¯h­Â¡A¶ÝºÎ,Insomnia¡A headache¡A dizziness¡A fatigue¡A drowsiness,,,¼Ö´_±o,Zoloft 50mg,,,¬O,¬O,½Ã±Ð³æ¥|,ªAÃÄ«á¡A ¥i¯àµo¥Íµu¼È©Ê·w¯t; ¤Å¶¼°s,,May cause temporary dizziness. Avoid taking with alcohol.,,­¹ª«¥æ¤¬§@¥Î: ªAÃÄ´Á¶¡Á×§K¶¼°s,Food interaction:Avoid alcohol.,,¤@¯ë,¤@¯ë,Äµ »y¡GªAÃÄ«á¡A¥i¯àµo¥Íµu¼È©Ê·w¯t¡F¤Å¶¼°s,­¹ ­¹ª«¥æ¤¬,,,,§_,1.0,,§_,¬O,§_,³æ¤è,§_,¥i¥Î,¥i¥Î,¥i¿i,¬O,,1.00,1.00,4.00,4.00,999,999,1,1,8.00,8.00,0,0,,¦³¹Ï¤ù,,0,,0,,N06AB06,,,,,,,,,TAB,§_,°·«Oµ¹¥I,°·«Oµ¹¥I,SERTRALINE,N06AB06,BC21780100,§_,SolidDrugForm,ORTAB,,,,,,,,,PH047,202311061652,5.30,7.00
OZON,20190731,99999999,¥i¥Î,Zonin 50mg,Zonin 50mg,Zotepine,PO,,CNEU,CN-02-01,¤fªA,TAB,Lodopin,«D²Õ®M,Á{±ÄÃÄ¡A½Ð³qª¾ÃÄ§½¥~ÁÊ,,¥»°|Á{±Ä²M³æ,¬O,¤£¥i¥ÎÃÄ¥]¾÷,¥i¥Î,¤@¯ë,Á`¶q¶i¦ì,¾AÀ³¯g:«äÄ±¥¢½Õ¯g,,Indication:Schizophrenia,,¥~ Æ[:¥Õ¦â¶ê¥Y«¬¿õ¾¯¡A¤W¦³50¼Ð¥Ü,Appearance:White round table¡A marking: 50,¶ÝºÎ¡AµL¤O­Â«å¡A¥¢¯v¡A¤f´÷¡A¯t·w¡A«K¯µ,Drowsiness¡A fatigue¡A insomnia¡A thirst¡A dizziness¡A constipation,,¬Ò¥i¥Î,¬XÆF¥­¿}¦ç¿õ,Zonin 50mg,,,¬O,¬O,,³¡¤À¤H¨Ï¥Î«á¥i¯à¤Þ°_¯h­Â¡BµtºÎªº²{¶H,,May cause fatigue¡A sleepiness.,,,,2019Q2 Á{®É·|Á{±Ä²M³æ,¤@¯ë,¤@¯ë,Äµ »y:³¡¤À¤H¨Ï¥Î«á¥i¯à¤Þ°_¯h­Â¡BµtºÎªº²{¶H,,,0,0,§_,1.0,,§_,¬O,§_,³æ¤è,,¥i¥Î,¥i¥Î,¥i¿i,¬O,,1.00,1.00,9.00,9.00,999,999,28,28,9.00,9.00,0,0,,¦³¹Ï¤ù,,0,,0,,N05AX11,,,,,50.00,mg,200.00,mg,TAB,,°·«Oµ¹¥I,°·«Oµ¹¥I,ZOTEPINE,N05AX11,AC49345100,§_,SolidDrugForm,ORTAB,,,0,,0,,,,PH047,202310161338,8.80,12.00
OZON1,20130419,99999999,¥i¥Î,Zonegran 100mg,Zonegran 100mg,Zonisamide,PO,,CNEU,CN-03-01,¤fªA,TAB,Zonegran,«D²Õ®M,Á{±ÄÃÄ¡A½Ð³qª¾ÃÄ§½¥~ÁÊ,,¥»°|Á{±Ä²M³æ,¬O,¤£¥i¥ÎÃÄ¥]¾÷,¥i¥Î,¤@¯ë,Á`¶q¶i¦ì,¾AÀ³¯g:ªvÀø¦¨¤HÅöíwµo§@,,Indication:Treatment of seizures,,¥~ Æ[:¥Õ¦â¶ê§Î¿õ¾¯¡A ¤@­±¼Ð¥ÜP 132,Appearance: White round tablet,¶ÝºÎ¡BÀY·w¡B­¹¼¤´î°h¡B¥Ö¯l,Somnolence¡A dizziness¡A anorexia¡A skin rash,,¬Ò¥i¥Î,¦õ¯à¦w½¤¦ç¿õ100²@§J,Zonegran 100mg,,,¬O,¬O,,¹ïÁDÓiÃÄ¹L±ÓªÌ¸T¥Î,¼W¥[²GÅéÄá¨ú¡AÁ×§KµÇµ²¥Ûµo¥Í¡C,Notify your doctor if you are allergic to sulfa drugs.,Maintain adequate hydration to help prevent kidney stones.,ªAÃÄ«á¡A ½Ð¤Å¶}¨®©Î¾Þ§@¦MÀI¾÷±ñ,Be careful of driving or operating machinery.,,¤@¯ë,¤@¯ë,Äµ »y:¹ïÁDÓiÃÄ¹L±ÓªÌ¸T¥Î,,,0,0,§_,1.0,,§_,§_,§_,³æ¤è,§_,¥i¥Î,¥i¥Î,¥i¿i,¬O,,1.00,1.00,2.00,2.00,30,999,1,1,5.00,5.00,0,0,,¦³¹Ï¤ù,,0,,0,,N03AX15,,,,,,,,,TAB,,°·«Oµ¹¥I,°·«Oµ¹¥I,ZONISAMIDE,N03AX15,AC57199100,§_,SolidDrugForm,ORTAB,¦M®`¤G¯Å(¡I),,,,,,,,PH047,202303141819,13.10,17.00
OZOP7,20230214,99999999,°±¥Î,Zolon 7.5mg,Zolon 7.5mg,Zopiclone,PO,HS,CNEU,CN-02-07,¤fªA,TAB,Imovane,«D²Õ®M,°±¥Î,OIMOV,¤@¯ë¥i¥Î,¬O,¤£¥i¥ÎÃÄ¥]¾÷,±ø¥ó¤Uµ¹¥I,¤@¯ë,Á`¶q¶i¦ì,¾AÀ³¯g:¥¢¯v¯g,,Indication:Insomnia.,,¥~ Æ[:¥Õ¦â¾ò¶ê§Î¿õ¾¯¡A¨è²ª¤@­±404¡A¤@­±ST¡C,Appearance:White¡A elliptic tablet debossed with 404 and ST,¨ýÄ±»ÙÃª(­W¨ý)¡B¶ÝºÎ¡B¤f°®¡B·w¯t¡BÀYµh¡Bäú¤ß¡B¯h­Â¡BÄ¼°Ê¡B¹ÚÆL¡C,Bitter taste¡A drowsiness¡A dry mouth¡A dizziness¡A headache¡A nausea¡A fatigue.,,¬Ò¥i¥Î,¼Ö¤ñ§J7.5²@§J,Zolon 7.5mg,,,¬O,¬O,½Ã±Ð³æ¥|,¥²¶·¦b±N­n¤JºÎ«eªA¥Î¡A Á×§K¶¼°s,,Take this drug immediately prior to going to bed¡A and do not drink alcohol.,,­¹ª«¥æ¤¬§@¥Î: ªAÃÄ´Á¶¡Á×§K­¹¥Î¸²µå¬c¥Ä»P¶¼°s,Food interaction: Avoid grapefruit juice and alcohol.,2023.02 [OIMOV] ¯Ê³f´À¥N,¤@¯ë,¥|¯ÅºÞ¨î,­Y¥X²{½ÆÂø©ÊºÎ¯v¦æ¬°¡A¦p¹Ú¹C¡BºÎ¹Ú¤¤¶}¨®µ¥¡AÀ³°±ÃÄ¨Ã¾¨³t¦^¶E¡C,­¹ ­¹ª«¥æ¤¬,,0,0,§_,1.0,,§_,¬O,¬O,³æ¤è,§_,¥i¥Î,¥i¥Î,¤£¥i¿i,¬O,,1.00,1.00,2.00,2.00,30,30,1,1,2.00,2.00,0.01,0.01,,¦³¹Ï¤ù,,0,,0,,N05CF01,,,,,7.50,mg,7.50,mg,TAB,,°·«Oµ¹¥I,°·«Oµ¹¥I,ZOPICLONE/ESZOPICLONE,N05CF01,AC460131G0,§_,SolidDrugForm,ORTAB,,,0,,0,,,,PH006,202310271450,2.00,3.00
OZOV,19960101,99999999,°±¥Î,Zovirax 200mg,Zovirax 200mg,Acyclovir,PO,,QANB,AI-03-02,¤fªA,TAB,Zovirax,«D²Õ®M,°±¥Î,,¤@¯ë¥i¥Î,¬O,¤£¥i¥ÎÃÄ¥]¾÷,°·«O¤£µ¹¥I,¤@¯ë,Á`¶q¶i¦ì,¾AÀ³¯g:¯f¬r·P¬V,,Treatment of viral infection(eg. herpes simplex virus),,¥~ Æ[:²HÂÅ¦â¤£³W«h¤»Ãä§Î¿õ¾¯,,,,,,¼ö«Â¼Ö¯À¿õ,Zovirax 200mg,,,§_,¬O,,,,,,,,,¤@¯ë,¤@¯ë,Äµ »y:½Ð¿í·ÓÂå®v«ü¥Ü¨Ï¥Î¡A­Yµo¥ÍºÃ¦üÃÄª«¤£¨}¤ÏÀ³½Ð§iª¾Âå¥Í¡C,,,,,§_,1.0,,§_,§_,§_,³æ¤è,§_,°±¥Î,¥i¥Î,¥i¿i,¬O,,1.00,1.00,4.00,4.00,999,999,1,1,0,0,0,0,,µL¹Ï¤ù,,0,,0,,J05AB01,,,,,,,,,TAB,§_,¤£µ¹¥I¶·¦Û¥I,¤£µ¹¥I¶·¦Û¥I,,,,§_,SolidDrugForm,ORTAB,,,,,,,,,PH047,202303141819,0,37.00
OZUL,20191215,99999999,¥i¥Î,Zulitor 4mg,Zulitor 4mg,Pitavastatin,PO,QD,CAVS,CV-12-00,¤fªA,TAB,Livalo,«D²Õ®M,,,¤@¯ë¥i¥Î,¬O,¤£¥i¥ÎÃÄ¥]¾÷,¥i¥Î,¤@¯ë,Á`¶q¶i¦ì,¾AÀ³¯g:­ìµo©Ê°ªÁx©T¾J¦å¯g¤Î²V¦X«¬¦å¯×²§±`,,Indication:Primary hypercholesterolemia,and mixed dyslipidemia,¥~ Æ[:¥Õ¦â¶ê§Î¿õ¾¯¡A¤W¦³59¼Ð¥Ü,Appearance:White round tablet¡A marked with 59.,ÀYµh¡A ¦Ù¦×¯kµh¡A ­Â«å¡A ¸z­G¤£¾A,Headache¡A muscle pain¡A fatigue¡A gastrointestinal upset,,¬Ò¥i¥Î,¥­¯×½¤¦ç¿õ4²@§J,Zulitor 4mg,,,,¬O,,­Y¦³¤£©ú­ì¦]ªº¦Ù¦×µh¡A Ä²µh©Îµê®zµL¤O®É¡A ¤×¨ä¨Ö¦³µo¿N©Î¥F¤OªÌ¡A ½Ð¥ß,´NÂå,Notify your doctor if you have any unexplained muscle pain or tenderness.,,­¹ª«¥æ¤¬§@¥Î: ªAÃÄ´Á¶¡Á×§K­¹¥Î¸²µå¬c¥Ä»P¬õÄT²£«~¡C,Food interaction: Avoid grapefruit juice and red yeast rice products during use.,2020Q2ÃÄ©e·s¶i,¤@¯ë,¤@¯ë,Äµ »y:­Y¦³¤£©ú­ì¦]ªº¦Ù¦×µh¡BÄ²µh©ÎµL¤O¡A¥B¨Ö¦³µo¿N®É¡A½Ð¥ß¨è¦^¶E,­¹ ­¹ª«¥æ¤¬,,0,0,§_,1.0,,§_,¬O,¬O,³æ¤è,,¥i¥Î,¥i¥Î,¥i¿i,¬O,,1.00,1.00,1.00,1.00,999,999,1,1,1.00,1.00,0,0,,¦³¹Ï¤ù,,0,,0,,C10AA08,,,,,0,,0,,TAB,,°·«Oµ¹¥I,°·«Oµ¹¥I,PITAVASTATIN,C10AA08,AC58639100,§_,SolidDrugForm,ORTAB,,,0,,0,,,,PH047,202312220943,13.80,18.00
OZYB,20050117,99999999,°±¥Î,Zyban SR 150 mg,Zyban SR 150 mg,Bupropion,PO,,ZADT,AD-02-00,¤fªA,TAB,,«D²Õ®M,°±¥Î,,¤@¯ë¥i¥Î,¬O,¤£¥i¥ÎÃÄ¥]¾÷,°·«O¤£µ¹¥I,¤@¯ë,Á`¶q¶i¦ì,¾AÀ³¯g:·ÏÅ}»²§U§Ùªv¾¯,,Smoking cessation agent,,,,,,,¬Ò¥i¥Î,­@·Ï¬ß,Zyban SR 150 mg,,,§_,¬O,,,,,,,,,¤@¯ë,¤@¯ë,Äµ »y:¥»«~¥i¯à·|­°§C±zªºª`·N¤O¡BÄµÄ±©Ê¤Î°Ê§@¨ó½Õ¯à¤O,,,,,§_,1.0,,§_,§_,§_,³æ¤è,§_,°±¥Î,¥i¥Î,¤£¥i¿i,¬O,,1.00,1.00,1.00,1.00,99,99,1,1,0,0,0,0,,µL¹Ï¤ù,,0,,0,,,,,,,,,,,TAB,,¤£µ¹¥I¶·¦Û¥I,¤£µ¹¥I¶·¦Û¥I,,,B023941100,§_,SolidDrugForm,ERTAB,,,,,,,,,PH047,202303141819,0,50.00
OZYD,20141215,99999999,°±¥Î,Zydus Aripiprazole 10mg,Zydus Aripiprazole 10mg,Aripiprazole,PO,QD,CNEU,CN-02-01,¤fªA,TAB,Abilify,«D²Õ®M,°±¥Î,,¤@¯ë¥i¥Î,¬O,¤£¥i¥ÎÃÄ¥]¾÷,±ø¥ó¤Uµ¹¥I,¤@¯ë,Á`¶q¶i¦ì,¾AÀ³¯g:«äÄ±¥¢½Õ¯g¡A Âù·¥©Ê¯e±w¤§Ä¼´Áµo§@¡A ­«Æ{¯g¤§»²§UªvÀø,,Indication:Treatment of psychotic symptoms¡A adjunctive,treatment of major depressive disorders.,¥~ Æ[:¥Õ¦â²¤¾ò¶ê§Î¿õ¾¯,Appearance:White color elliptic tablet,«K¯µ¡A ·w¯t¡A ÀR§¤¤£¯à¡A µJ¼{¡A ¥¢¯v,Constipation¡A dizziness¡A akathisia¡A anxiety¡A insomnia¡A extrapyramidal disorder.,,¬Ò¥i¥Î,¦w­Y¹ç¿õ,Zydus Aripiprazole 10mg,,,¬O,¬O,,¥ÎÃÄ«á¥i¯àµo¥ÍÀY·w¡A ¤Å¶¼°s,,May induce dizziness or drowsiness.,Avoid drinking alcohol while taking medication.,,,,¤@¯ë,¤@¯ë,Äµ »y¡G¥ÎÃÄ«á¥i¯àµo¥ÍÀY·w¡A¤Å¶¼°s,SA «÷­µ¬Û¦ü,,0,0,§_,1.0,,§_,§_,§_,³æ¤è,§_,¥i¥Î,¥i¥Î,¥i¿i,¬O,,1.00,1.00,3.00,3.00,999,999,1,1,6.00,6.00,0,0,,¦³¹Ï¤ù,,0,,0,,N05AX12,,,,,0,,0,,TAB,,°·«Oµ¹¥I,°·«Oµ¹¥I,ARIPIPRAZOLE,N05AX12,BA25218100,§_,SolidDrugForm,ORTAB,,,,,,,,,PH047,202303141819,47.30,61.00
OZYP,20020523,99999999,°±¥Î,Zyprexa 5mg,Zyprexa 5mg,Olanzapine,PO,,CNEU,CN-02-01,¤fªA,TAB,Zypreza,«D²Õ®M,°±¥Î,,¤@¯ë¥i¥Î,¬O,¤£¥i¥ÎÃÄ¥]¾÷,±ø¥ó¤Uµ¹¥I,¤@¯ë,Á`¶q¶i¦ì,¾AÀ³¯g:ºë¯«²§±`¤Þ°_¤§¬ÛÃö¯gª¬¡A Âù·¥©Ê¯e±w¤§Ä¼¯gµo§@,,Indication:Treatment of psychotic symptoms,,¥~ Æ[:¥Õ¦â¶ê«ó§Î¿õ¾¯¡A ¤@­±¦LLILLY 4115,Appearance:White round tablet,§x­Â¡A Åé­«¼W¥[¡A ·w¯t¡A ÀR§¤¤£¯à¡A ­¹¼¤¼W¥[,Somnolence¡A weight gain¡A dizziness¡A akathisia¡A increased appetite,,¬Ò¥i¥Î,ª÷´¶ÂÄ,Zyprexa 5mg,,,§_,¬O,,¥ÎÃÄ«á¥i¯àµo¥ÍÀY·w¡A ¤Å¶¼°s,,May induce dizziness or drowsiness.,Avoid drinking alcohol while taking medication.,,,,¤@¯ë,¤@¯ë,Äµ »y¡G¥ÎÃÄ«á¥i¯àµo¥ÍÀY·w¡A¤Å¶¼°s,,,,,§_,1.0,,§_,§_,§_,³æ¤è,§_,¥i¥Î,¥i¥Î,¥i¿i,¬O,,1.00,1.00,4.00,4.00,99,99,1,1,0,0,0,0,,¦³¹Ï¤ù,,0,,0,,,,,,,,,,,TAB,,°·«Oµ¹¥I,°·«Oµ¹¥I,OLANZAPINE,N05AH03,B022324100,§_,SolidDrugForm,ORTAB,,,,,,,,,PH047,202303141820,82.00,98.00
OZYPZ,20110530,99999999,°±¥Î,ZYPREXA Zydis 5mg,ZYPREXA Zydis 5mg,Olanzapine,PO,QD,CNEU,CN-02-01,¤fªA,TAB,Zyprexa,«D²Õ®M,°±¥Î,OOKP,¤@¯ë¥i¥Î,¬O,¤£¥i¥ÎÃÄ¥]¾÷,±ø¥ó¤Uµ¹¥I,¤@¯ë,Á`¶q¶i¦ì,¾AÀ³¯g:«äÄ±¥¢½Õ¯g¡A Âù·¥©Ê¯e±w¤§Ä¼¯gµo§@,,Indication:Treatment of psychotic symptoms,,¥~ Æ[:¶À¦â¶ê«ó§Î¿õ¾¯,Appearance:Yellow round tablet,µt­Â¡A Åé­«¼W¥[¡A ·w¯t¡A ÀR§¤¤£¯à¡A ­¹¼¤¼W¥[,Somnolence¡A weight gain¡A dizziness¡A akathisia¡A increased appetite,,¬Ò¥i¥Î,¬z´¶³t,Zyprexa Zydis 5mg,,,¬O,¬O,,¨úÃÄ®É¥Ñ¾Tºä«á¤è¼¹¶}¡A¤Å¥Î¤OÀ½À£¡A¥H§KÃÄ¿õ¯}¸H,,Peel back the foil from the tablet blister. Do not push a tablet,through the foil or you may damage the tablet.,³Æµù:¥ÎÃÄ«á¥i¯àµo¥ÍÀY·w¡A¤Å¶¼°s,May induce dizziness or drowsiness. Avoid drinking alcohol.,105-2ÃÄ©e·|§R°£,¤@¯ë,¤@¯ë,Äµ»y:¨úÃÄ®É¥Ñ¾Tºä«á¤è¼¹¶}¡A¤Å¥Î¤OÀ½À£¡A¥H§KÃÄ¿õ¯}¸H,SA «÷­µ¬Û¦ü,,,,§_,1.0,,§_,§_,§_,³æ¤è,§_,¥i¥Î,¥i¥Î,¤£¥i¿i,¬O,,1.00,1.00,5.00,5.00,999,999,1,1,10.00,10.00,0,0,,¦³¹Ï¤ù,,0,,0,,N05AH03,,,,,,,,,TAB,,°·«Oµ¹¥I,°·«Oµ¹¥I,OLANZAPINE,N05AH03,BC23913100,§_,SolidDrugForm,DISINTAB,,,,,,,,,PH047,202303141820,39.50,51.00
OZYR,19960101,99999999,°±¥Î,Zyrtec 10mg,Zyrtec 10mg,Cetirizine,PO,QD,HIMM,IM-01-00,¤fªA,TAB,Zyrtec,«D²Õ®M,°±¥Î,OXYZ,¤@¯ë¥i¥Î,¬O,¥i¥ÎÃÄ¥]¾÷,,¤@¯ë,Á`¶q¶i¦ì,¾AÀ³¯g:¬°§Ü²ÕÂ´ÓiÃÄ¡A¥Dªv»óª¢ ¡B¹L±Ó©Ê»óª¢¡BëC³Â¯l;»ó¶ëµ¥,,It's an antihistamine,,¥~ Æ[:¥Õ¦âªø¶ê¬W§Î¿õ¾¯,,,,,,ÅX¯S²§½¤¦ç¿õ,Zyrtec 10mg,,,§_,¬O,,,,,,,,,¤@¯ë,¤@¯ë,Äµ »y:³¡¤À¤H¨Ï¥Î«á¥i¯à¤Þ°_¯h­Â¡BµtºÎªº²{¶H,,,,,§_,1.0,,§_,§_,§_,³æ¤è,§_,°±¥Î,¥i¥Î,¥i¿i,¬O,,1.00,1.00,999.00,999.00,999,999,1,1,0,0,0,0,,µL¹Ï¤ù,,0,,0,,,,,,,,,,,TAB,§_,°·«Oµ¹¥I,°·«Oµ¹¥I,CETIRIZINE,R06AE07,B020329100,§_,SolidDrugForm,ORTAB,,,,,,,,,PH047,202303141820,11.80,15.00
OZYT,20171215,99999999,¥i¥Î,Zytiga 250mg,Zytiga 250mg,Abiraterone,AC,QD,RACA,ON-05-04,¤fªA,TAB,Zytiga,«D²Õ®M,Á{±ÄÃÄ¡A½Ð³qª¾ÃÄ§½¥~ÁÊ,,±`³ÆÁ{±Ä(¤£§R),¬O,¤£¥i¥ÎÃÄ¥]¾÷,±ø¥ó¤Uµ¹¥I,¤@¯ë,Á`¶q¶i¦ì,¾AÀ³¯g:¥Dªv«e¦C¸¢Àù,,Indication:Treatment of prostate cancer.,,¥~ Æ[:¥Õ¦â¾ò¶ê§Î¿õ¾¯¡A¦L¦³AA250,Appearance:White elliptic tablet¡A marking:AA250,¤ô¸~¡A°ª¦åÀ£¡A°ª¤T»Ä¥Ìªo¯×¦å¯g¡A°ª¦å¶u¯g¡A§C¹[¦å¯g,Edema¡A hypertension¡A hypertriglyceridemia¡A hypernatremia¡A hypokalemia,,¬Ò¥i¥Î,¿AÏÈ¿õ 250²@§J,Zytiga 250mg,,,,§_,,¥»ÃÄÀ³¾ã¿õ¥H¤ô§]ªA¡A¤£¥i«r¸H©Î¼·¥b¡C,¥»«~½Ð¤Å¥Î©ó¤k©Ê¤Î¨àµ£,Swallow whole with water¡A do not chew/crush.,Do not administer to women or children.,¥»ÃÄ»ÝªÅ¸¡ªA¥Î¡AªA¥Î«e2¤p®É©M«á1¤p®É¤£­n¶i­¹¡C,Must be taken on an empty stomach. Do not eat food 2 hours before & 1 hour after,,¤@¯ë,¤@¯ë,À³¾ã²É§]ªA¡A ¤Á¤Å«rÄZ©ÎÀ£¸H,,,0,0,§_,1.0,,§_,§_,§_,³æ¤è,§_,¥i¥Î,¥i¥Î,¤£¥i¿i,¬O,,0,0,4.00,4.00,999,999,1,1,4.00,4.00,0,0,,¦³¹Ï¤ù,,0,,0,,L02BX03,,,,,0,,0,,TAB,¬O,°·«Oµ¹¥I,°·«Oµ¹¥I,ABIRATERONE,L02BX03,BC26139100,,SolidDrugForm,ORTAB,¦M®`¤G¯Å(¡I),,,,,,,,PH047,202402121328,472.00,566.00
OZYV,20040701,99999999,¥i¥Î,Zyvox 600mg,Zyvox 600mg,Linezolid,PO,BID,QANB,AI-01-13,¤fªA,TAB,ZYVOX,«D²Õ®M,Á{±ÄÃÄ¡A½Ð³qª¾ÃÄ§½¥~ÁÊ,,­Ó®×Á{±Ä,¬O,¤£¥i¥ÎÃÄ¥]¾÷,¥i¥Î,¤@¯ë,Á`¶q¶i¦ì,¾AÀ³¯g:²Óµß©Ê·P¬V,,Indication:Antimicrobial agent,,¥~ Æ[:¥Õ¦â¾ò¶ê§Î¿õ¾¯¡A ¦L¦³ZYVOX 600mg¦r¼Ë,Appearance:White elliptic tablet¡Awith ZYVOX 600mg marked.,¸¡Âm¡A ÀYµh¡A äú¤ß,Diarrhea¡A headache¡A nausea.,,¬Ò¥i¥Î,ªöºÖ¾A,Zyvox 600mg,,,§_,¬O,½Ã±Ð³æ¤­,ªvÀø¶W¹L¨â¬P´Á¥H¤W¡A À³ºÊ´ú¦å¤pªO¼Æ¥Ø,,Monitor platelet function in those require more than 2 weeks therapy,,­¹ª«¥æ¤¬§@¥Î:ªAÃÄ´Á¶¡Á×§K­¹¥Î§t¤j¶q¹TÓi»Äªº­¹ª«¡C,Food interaction: Avoid tyramine-containing foods,,¤@¯ë,¤@¯ë,Äµ »y:ªvÀø¶W¹L¨â¬P´Á¥H¤W¡A À³ºÊ´ú¦å¤pªO¼Æ¥Ø,­¹ ­¹ª«¥æ¤¬,¤fªAÃÄ,,,,1.0,,§_,§_,§_,³æ¤è,§_,°±¥Î,°±¥Î,¥i¿i,¬O,,1.00,1.00,2.00,2.00,14,14,1,1,4.00,4.00,0.05,0.02,,¦³¹Ï¤ù,,0,,0,,J01XX08,,,,,0.60,g,1.20,g,TAB,,°·«Oµ¹¥I,°·«Oµ¹¥I,LINEZOLID,J01XX08,BC23181100,§_,SolidDrugForm,ORTAB,,,,,,,,,PH047,202403131626,575.00,690.00
RENP888,20170622,99999999,°±¥Î,¸ÕNP-000888-100535 (270mcg/g or Placebo),¸ÕNP-000888-100535 (270mcg/g or Placebo),NP-000888/Placebo,EXT,2,TDER,DE-09-00,¥~¥Î,¾A¶q,100535,«D²Õ®M,°±¥Î,,Á{§É¸ÕÅçÃÄ«~,¬O,¤£¥i¥ÎÃÄ¥]¾÷,°·«O¤£µ¹¥I,¦C¦Lªù¶EÃÄÅÒ,Á`¶q¶i¦ì,¾AÀ³¯g:»´¦Ü¤¤«×´³¶ô«¬°®Å~,,Indication: Mild to moderate plaque psoriasis,,¥~ Æ[: ¯È²°¸Ë¡A¤º¦³2±øÃÄ»I,Appearance: 2 tubes of ointments in a box,½Ð¸Ô¾\¨ü¸ÕªÌ¦P·N®Ñ¡A¦p¦³ºÃ°Ý¡A½ÐÁpµ¸Âå®v¡C,Please read informed consent¡A contact your doctor for more,,¬Ò¥i¥Î,Á{§É¸ÕÅç¥ÎÃÄ,¸ÕNP-000888-100535,,,,¬O,,¶î©Ù¸ÕÅçÃÄª««e«á¨â¤p®É¤£¥i¨Ï¥Î«OÀã¾¯,,Moisturizer should not be applied within 2 hours before and after study drug.,,¨Ï¥Îªº¬~¾vºë¤£¥i§tºû¥Í¯ÀD,Don't use shampoo with vitamin D.,,¤@¯ë,¤@¯ë,¶î©Ù¸ÕÅçÃÄª««e«á¨â¤p®É¤£¥i¨Ï¥Î«OÀã¾¯,,,0,0,§_,999.0,,§_,¬O,¬O,½Æ¤è,§_,°±¥Î,¥i¥Î,¤£¥i¿i,§_,,1.00,1.00,99.00,99.00,28,28,28,28,99.00,99.00,0,0,,µL¹Ï¤ù,,0,,0,,,,,,,0,,0,,²°,,°·«O¤£¥Ó³ø¤£­p»ù,°·«O¤£¥Ó³ø¤£­p»ù,,,,§_,LiquidLiquidEmulsion,TOPOINT,,,,,,,,,PH047,202303141820,0,0
RIAB066,20170622,99999999,°±¥Î,¸ÕABBV-066-M15-997 (Risankizumab 75mg),¸ÕABBV-066-M15-997 (Risankizumab 75mg),Risankizumab,SC,STAT,HIMM,IM-04-00,°w¾¯,¤ä,M15-997,«D²Õ®M,°±¥Î,,Á{§É¸ÕÅçÃÄ«~,¬O,¥i¥ÎÃÄ¥]¾÷,°·«O¤£µ¹¥I,¦C¦Lªù¶EÃÄÅÒ,¦¸­p¶q¶i¦ì,¾AÀ³¯g: ¤¤¦Ü­««×´³¶ô«¬°®Å~,,Indication: Moderate to severe plaque psoriasis,,¥~ Æ[: ¯È²°¤º¦³¶ñ¥RÃÄ«~¤§ª`®g°wµ©,Appearance:Prefilled syringe,½Ð¸Ô¾\¨ü¸ÕªÌ¦P·N®Ñ¡A¦p¦³ºÃ°Ý¡A½ÐÁpµ¸Âå®v¡C,Please read informed consent¡A contact your doctor for more information,,¬Ò¥i¥Î,Á{§É¸ÕÅç¥ÎÃÄ,¸ÕABBV-066-M15-997,,,,¬O,,½Ð¸m©óÄá¤ó 2-8 «×¦B½c§NÂÃ¡Aµ´¹ï¤£¥i§N­á¡I,,Store in a refrigerator (2-8¢XC). Do Not Freeze!,,ÃÄ«~±q¦B½c¨ú¥Xªº®É¶¡¡G,ÃÄ«~±q¦B½c¨ú¥Xªº®É¶¡¡G,[Rx_x]Á{§É¸ÕÅçÃÄ«~½X¡A³B¤è¶°¤£Åã¥Ü,¤@¯ë,ª`®g,½Ð¸m©óÄá¤ó 2-8 «×¦B½c§NÂÃ¡Aµ´¹ï¤£¥i§N­á¡I,,,0,0,§_,1.0,,§_,¬O,§_,³æ¤è,§_,°±¥Î,°±¥Î,¤£¥i¿i,§_,Á{§É¸ÕÅç¥ÎÃÄ¦B½c,2.00,2.00,2.00,2.00,1,1,1,1,2.00,2.00,0,0,,µL¹Ï¤ù,,0,,0,,,,,,,0,,0,,¤ä,§_,°·«O¤£¥Ó³ø¤£­p»ù,°·«O¤£¥Ó³ø¤£­p»ù,,,,§_,Liquid,SOL,,,75.00,mg,,,,,PH047,202303141820,0,0
RIBI655,20160815,99999999,°±¥Î,¸ÕBI-655066-1311.30 (75mg Risankizumab/Placebo),¸ÕBI-655066-1311.30 (75mg Risankizumab/Placebo),Risankizumab/Placebo,SC,Q1M,HIMM,IM-04-00,°w¾¯,¤ä,BI-655066-1311.30,«D²Õ®M,°±¥Î,,Á{§É¸ÕÅçÃÄ«~,¬O,¥i¥ÎÃÄ¥]¾÷,°·«O¤£µ¹¥I,¦C¦Lªù¶EÃÄÅÒ,¦¸­p¶q¶i¦ì,¾AÀ³¯g: ¤¤¦Ü­««×´³¶ô«¬°®Å~,,Indication: Moderate to severe plaque psoriasis,,¥~ Æ[: ¥Õ¦â¼ÐÅÒ¥~²°¡A¤º¦³¶ñ¥RÃÄ«~¤§ª`®g°wµ©,Appearance:Prefilled syringe,½Ð¸Ô¾\¨ü¸ÕªÌ¦P·N®Ñ¡A¦p¦³ºÃ°Ý¡A½ÐÁpµ¸Âå®v¡C,Please read informed consent¡A contact your doctor for more information,,¥u¥Î©óªù¶E,Á{§É¸ÕÅç¥ÎÃÄ,¸ÕBI-655066-1311.30,,,,¬O,,½Ð¸m©óÄá¤ó 2-8 «×¦B½c§NÂÃ¡Aµ´¹ï¤£¥i§N­á¡I,,Store in a refrigerator (2-8¢XC). Do Not Freeze!,,ÃÄ«~±q¦B½c¨ú¥Xªº®É¶¡¡G,ÃÄ«~±q¦B½c¨ú¥Xªº®É¶¡¡G,,¤@¯ë,ª`®g,½Ð¸m©óÄá¤ó 2-8 «×¦B½c§NÂÃ¡Aµ´¹ï¤£¥i§N­á¡I,,,0,0,§_,1.0,,§_,¬O,§_,³æ¤è,§_,°±¥Î,¥i¥Î,¤£¥i¿i,§_,,2.00,2.00,2.00,2.00,28,28,28,28,2.00,2.00,0,0,,µL¹Ï¤ù,,0,,0,,,,,,,0,,0,,¤ä,§_,°·«O¤£¥Ó³ø¤£­p»ù,°·«O¤£¥Ó³ø¤£­p»ù,,,,§_,Liquid,SOL,,,75.00,mg,,,,,PH047,202303141820,0,0
RIBISSM,20191113,99999999,°±¥Î,¸ÕBI-655130-1368-0016 (150mg Spesolimab/Placebo),¸ÕBI-655130-1368-0016 (150mg Spesolimab/Placebo),Spesolimab/Placebo,SC,,HIMM,IM-04-00,°w¾¯,¤ä,BI-655130-1368-0016,«D²Õ®M,°±¥Î,,Á{§É¸ÕÅçÃÄ«~,¬O,¥i¥ÎÃÄ¥]¾÷,°·«O¤£µ¹¥I,¤@¯ë,Á`¶q¶i¦ì,¾AÀ³¯g:¤¤¡B­««×´xðùÁwž\¯g,,Indication:Palmoplantar Pustulosis,,¥~ Æ[: ¥Õ¦â¼ÐÅÒ¥~²°¡A¤º¦³¶ñ¥RÃÄ«~¤§ª`®g°wµ©,Appearance:Prefilled syringe,½Ð¸Ô¾\¨ü¸ÕªÌ¦P·N®Ñ¡A¦p¦³ºÃ°Ý¡A½ÐÁpµ¸Âå®v¡C,Please read informed consent¡A contact your doctor for more information,,¥u¥Î©óªù¶E,Á{§É¸ÕÅç¥ÎÃÄ,¸ÕBI-655130-1368-0016,,,,¬O,,½Ð¸m©óÄá¤ó 2-8 «×¦B½c§NÂÃ¡Aµ´¹ï¤£¥i§N­á¡I,,Store in a refrigerator (2-8¢XC). Do Not Freeze!,,ÃÄ«~±q¦B½c¨ú¥Xªº®É¶¡¡G,ÃÄ«~±q¦B½c¨ú¥Xªº®É¶¡¡G,[Rx_x]Á{§É¸ÕÅçÃÄ«~½X¡A³B¤è¶°¤£Åã¥Ü,¤@¯ë,¤@¯ë,,,,0,0,§_,1.0,,§_,,§_,³æ¤è,,°±¥Î,,¤£¥i¿i,§_,,4.00,4.00,4.00,4.00,1,1,1,1,4.00,4.00,0,0,,µL¹Ï¤ù,,0,,0,,,,,,,0,,0,,¤ä,,°·«O¤£¥Ó³ø¤£­p»ù,°·«O¤£¥Ó³ø¤£­p»ù,,,,,,,,,150.00,mg,0,mL,,,PH006,202208031316,0,0
RIBMK,20190930,99999999,°±¥Î,¸ÕPS0014-Bimekizumab 160mg/Pre-filled Syringe,¸ÕPS0014-Bimekizumab 160mg/Pre-filled Syringe,Bimekizumab,SC,STAT,HIMM,IM-04-00,°w¾¯,¤ä,PS0014,«D²Õ®M,°±¥Î,,Á{§É¸ÕÅçÃÄ«~,¬O,¤£¥i¥ÎÃÄ¥]¾÷,°·«O¤£µ¹¥I,¦C¦Lªù¶EÃÄÅÒ,¦¸­p¶q¶i¦ì,¾AÀ³¯g: ¤¤¦Ü­««×´³¶ô«¬°®Å~,,Indication: Moderate to severe plaque psoriasis,,¥~ Æ[: ¯È²°¤º¦³¶ñ¥RÃÄ«~¤§ª`®g°wµ©,Appearance:Prefilled syringe,½Ð¸Ô¾\¨ü¸ÕªÌ¦P·N®Ñ¡A¦p¦³ºÃ°Ý¡A½ÐÁpµ¸Âå®v¡C,Please read informed consent¡A contact your doctor for more information,,¥u¥Î©óªù¶E,Á{§É¸ÕÅç¥ÎÃÄ,¸ÕPS0014,,,,¬O,,½Ð¸m©óÄá¤ó 2-8 «×¦B½c§NÂÃ¡Aµ´¹ï¤£¥i§N­á¡I,,Store in a refrigerator (2-8¢XC). Do Not Freeze!,,ÃÄ«~±q¦B½c¨ú¥Xªº®É¶¡¡G,ÃÄ«~±q¦B½c¨ú¥Xªº®É¶¡¡G,[Rx_x]Á{§É¸ÕÅçÃÄ«~½X¡A³B¤è¶°¤£Åã¥Ü,¤@¯ë,ª`®g,½Ð¸m©óÄá¤ó 2-8 «×¦B½c§NÂÃ¡Aµ´¹ï¤£¥i§N­á¡I,,,0,0,§_,1.0,,§_,¬O,§_,³æ¤è,§_,°±¥Î,°±¥Î,¤£¥i¿i,§_,Á{§É¸ÕÅç¥ÎÃÄ¦B½c,0,0,2.00,2.00,1,1,1,1,2.00,2.00,0,0,,µL¹Ï¤ù,,0,,0,,,,,,,0,,0,,VIAL,,°·«O¤£¥Ó³ø¤£­p»ù,°·«O¤£¥Ó³ø¤£­p»ù,,,,,,,,,0,,0,mL,,,PH008,202303091002,0,0
RIHUM,20160815,99999999,°±¥Î,¸ÕHumira-1311.30 (40 mg Adalimumab/Placebo),¸ÕHumira-1311.30 (40 mg Adalimumab/Placebo),Adalimumab/Placebo,SC,Q2W,HIMM,IM-04-00,°w¾¯,¤ä,BI-655066-1311.30,«D²Õ®M,°±¥Î,,Á{§É¸ÕÅçÃÄ«~,¬O,¤£¥i¥ÎÃÄ¥]¾÷,°·«O¤£µ¹¥I,¦C¦Lªù¶EÃÄÅÒ,¦¸­p¶q¶i¦ì,¾AÀ³¯g: ¤¤¦Ü­««×´³¶ô«¬°®Å~,,Indication: Moderate to severe plaque psoriasis,,¥~ Æ[: ºñ¦â¼ÐÅÒ¥~²°¡A¤º¦³¶ñ¥RÃÄ«~¤§ª`®g°wµ©,Appearance:Prefilled syringe,½Ð¸Ô¾\¨ü¸ÕªÌ¦P·N®Ñ¡A¦p¦³ºÃ°Ý¡A½ÐÁpµ¸Âå®v¡C,Please read informed consent¡A contact your doctor for more information,,¥u¥Î©óªù¶E,Á{§É¸ÕÅç¥ÎÃÄ,¸ÕHumira-1311.30,,,,¬O,,½Ð¸m©óÄá¤ó 2-8 «×¦B½c§NÂÃ¡Aµ´¹ï¤£¥i§N­á¡I,,Store in a refrigerator (2-8¢XC). Do Not Freeze!,,ÃÄ«~±q¦B½c¨ú¥Xªº®É¶¡¡G,ÃÄ«~±q¦B½c¨ú¥Xªº®É¶¡¡G,[Rx_x]Á{§É¸ÕÅçÃÄ«~½X¡A³B¤è¶°¤£Åã¥Ü,¤@¯ë,ª`®g,½Ð¸m©óÄá¤ó 2-8 «×¦B½c§NÂÃ¡Aµ´¹ï¤£¥i§N­á¡I,,,0,0,§_,1.0,,§_,¬O,§_,³æ¤è,§_,°±¥Î,¥i¥Î,¤£¥i¿i,§_,,1.00,1.00,2.00,2.00,28,28,14,14,2.00,2.00,0,0,,µL¹Ï¤ù,,0,,0,,,,,,,0,,0,,¤ä,,°·«O¤£¥Ó³ø¤£­p»ù,°·«O¤£¥Ó³ø¤£­p»ù,,,,,Liquid,SOL,,,40.00,mg,,,,,PH047,202303141820,0,0
RIMEN,20090831,99999999,°±¥Î,¸£½¤ª¢¬Ì­](Á{§É¸ÕÅç),¸£½¤ª¢¬Ì­](Á{§É¸ÕÅç),Meningococcal vaccine,IM,ST,HIMM,IM-02-01,°w¾¯,VAL,,«D²Õ®M,°±¥Î,,Á{§É¸ÕÅçÃÄ«~,§_,¤£¥i¥ÎÃÄ¥]¾÷,°·«O¤£µ¹¥I,¤£¦LÃÄÅÒ,Á`¶q¶i¦ì,¾AÀ³¯g:¬y¦æ©Ê¸£¯áÅè½¤ª¢,,,,,,,,,¥u¥Î©óªù¶E¤Î¦í°|STAT,,¸£½¤ª¢¬Ì­](Á{§É¸ÕÅç),MENV,,§_,¬O,,,,,,,,,¤@¯ë,ª`®g,Äµ »y:»â¨ú¬Ì­]«á¡A½Ð¥ß§Y¦Üª`®g«Ç¨Ì«ü¥Ü¨Ï¥Î¡C,,,,,§_,1.0,,§_,§_,§_,³æ¤è,§_,°±¥Î,¥i¥Î,¤£¥i¿i,§_,,1.00,1.00,1.00,1.00,1,1,1,1,1.00,1.00,0,0,,µL¹Ï¤ù,,0,,0,,,,,,,,,,,VIAL,,°·«O¤£¥Ó³ø¤£­p»ù,°·«O¤£¥Ó³ø¤£­p»ù,,,,§_,Liquid,SOL,,,,,,,,,PH047,202303141820,0,0
RIMMR,20090812,99999999,°±¥Î,Priorix-Tetra (Á{§É¸ÕÅçÃÄ),Priorix-Tetra (Á{§É¸ÕÅçÃÄ),Measles & Mumps & Rubella & Varicella,SC,ST,HIMM,IM-02-02,°w¾¯,VAL,MMRV,«D²Õ®M,°±¥Î,,Á{§É¸ÕÅçÃÄ«~,§_,¤£¥i¥ÎÃÄ¥]¾÷,°·«O¤£µ¹¥I,¤£¦LÃÄÅÒ,Á`¶q¶i¦ì,¾AÀ³¯g:¬°³Â¯l¡B¼w°ê³Â¯l¡B¸|¸¢ª¢¡B¤ôµk¬Ì­],,,,,,,,,,,Priorix-Tetra (Á{§É¸ÕÅçÃÄ),MMRV,,§_,¬O,,,,,,,,,¤@¯ë,ª`®g,Äµ »y:»â¨ú¬Ì­]«á¡A½Ð¥ß§Y¦Üª`®g«Ç¨Ì«ü¥Ü¨Ï¥Î¡C,,,,,¬O,1.0,,§_,§_,§_,½Æ¤è,§_,°±¥Î,¥i¥Î,¤£¥i¿i,§_,,1.00,1.00,1.00,1.00,1,1,1,1,1.00,1.00,0,0,,µL¹Ï¤ù,,0,,0,,,,,,,,,,,VIAL,§_,°·«O¤£¥Ó³ø¤£­p»ù,°·«O¤£¥Ó³ø¤£­p»ù,,,,§_,Liquid,SOL,,,,,,,,,PH047,202303141820,0,0
RIPED,20090831,99999999,°±¥Î,¤­¦X¤@¬Ì­](Á{§É¸ÕÅç),¤­¦X¤@¬Ì­](Á{§É¸ÕÅç),DTaP5-IPV-HIB,IM,ST,HIMM,IM-02-03,°w¾¯,VAL,,«D²Õ®M,°±¥Î,,Á{§É¸ÕÅçÃÄ«~,¬O,¤£¥i¥ÎÃÄ¥]¾÷,°·«O¤£µ¹¥I,¤£¦LÃÄÅÒ,Á`¶q¶i¦ì,¾AÀ³¯g:¬°¥Õ³ï/«D²Ó­M«¬¦Ê¤é«y/¯}¶Ë­·/¥h¬¡©Ê¤p¨à³Â·ô/HIB¬Ì­],,Combined DPT¡A inactivated polio & Hib vaccine,,,,,,,¬Ò¥i¥Î,,¤­¦X¤@¬Ì­](Á{§É¸ÕÅç),5IN1,,§_,¬O,,,,,,,,,¤@¯ë,ª`®g,Äµ »y:»â¨ú¬Ì­]«á¡A½Ð¥ß§Y¦Üª`®g«Ç¨Ì«ü¥Ü¨Ï¥Î¡C,,,,,§_,1.0,,§_,§_,§_,³æ¤è,§_,¥i¥Î,¥i¥Î,¥i¿i,¬O,,1.00,1.00,1.00,1.00,1,1,1,1,1.00,1.00,0,0,,µL¹Ï¤ù,,0,,0,,,,,,,,,,,VIAL,§_,°·«O¤£¥Ó³ø¤£­p»ù,°·«O¤£¥Ó³ø¤£­p»ù,,,,§_,Liquid,SOL,,,,,,,,,PH047,202303141820,0,0
RIPRE,20090831,99999999,°±¥Î,ªÍª¢Ãì²yµß¬Ì­](Á{§É¸ÕÅç),ªÍª¢Ãì²yµß¬Ì­](Á{§É¸ÕÅç),Pneumococcal vaccine,IM,ST,HIMM,IM-02-02,°w¾¯,VAL,,«D²Õ®M,°±¥Î,,Á{§É¸ÕÅçÃÄ«~,¬O,¤£¥i¥ÎÃÄ¥]¾÷,°·«O¤£µ¹¥I,¤£¦LÃÄÅÒ,Á`¶q¶i¦ì,¾AÀ³¯g¡G¦h»ù©ÊªÍª¢Ãì²yµß¬Ì­],,,,,,,,,¬Ò¥i¥Î,,ªÍª¢Ãì²yµß¬Ì­](Á{§É¸ÕÅç),PCV,,§_,¬O,,,,,,,,,¤@¯ë,ª`®g,Äµ »y:»â¨ú¬Ì­]«á¡A½Ð¥ß§Y¦Üª`®g«Ç¨Ì«ü¥Ü¨Ï¥Î¡C,,,,,§_,1.0,,§_,§_,§_,³æ¤è,§_,°±¥Î,¥i¥Î,¤£¥i¿i,¬O,,1.00,1.00,1.00,1.00,1,1,1,1,1.00,1.00,0,0,,µL¹Ï¤ù,,0,,0,,,,,,,,,,,VIAL,,°·«O¤£¥Ó³ø¤£­p»ù,°·«O¤£¥Ó³ø¤£­p»ù,,,,§_,Liquid,SOL,,,,,,,,,PH047,202303141820,0,0
RIUCB,20180914,99999999,°±¥Î,¸ÕPS0008(Bimekizumab 160mg/Adalimumab 40mg/Placebo,¸ÕPS0008(Bimekizumab 160mg/Adalimumab 40mg/Placebo,Bimekizumab/Adalimumab/Placebo,SC,ST,HIMM,IM-04-00,°w¾¯,¤ä,PS0008,«D²Õ®M,°±¥Î,,Á{§É¸ÕÅçÃÄ«~,¬O,¥i¥ÎÃÄ¥]¾÷,°·«O¤£µ¹¥I,¦C¦Lªù¶EÃÄÅÒ,¦¸­p¶q¶i¦ì,¾AÀ³¯g: ¤¤¦Ü­««×´³¶ô«¬°®Å~,,Indication: Moderate to severe plaque psoriasis,,¥~ Æ[: ¯È²°¤º¦³¶ñ¥RÃÄ«~¤§ª`®g°wµ©,Appearance:Prefilled syringe,½Ð¸Ô¾\¨ü¸ÕªÌ¦P·N®Ñ¡A¦p¦³ºÃ°Ý¡A½ÐÁpµ¸Âå®v¡C,Please read informed consent¡A contact your doctor for more information,,¥u¥Î©óªù¶E,Á{§É¸ÕÅç¥ÎÃÄ,,,,,¬O,,½Ð¸m©óÄá¤ó 2-8 «×¦B½c§NÂÃ¡Aµ´¹ï¤£¥i§N­á¡I,,Store in a refrigerator (2-8¢XC). Do Not Freeze!,,ÃÄ«~±q¦B½c¨ú¥Xªº®É¶¡¡G,ÃÄ«~±q¦B½c¨ú¥Xªº®É¶¡¡G,,¤@¯ë,ª`®g,½Ð¸m©óÄá¤ó 2-8 «×¦B½c§NÂÃ¡Aµ´¹ï¤£¥i§N­á¡I,,,0,0,§_,1.0,,§_,¬O,¬O,³æ¤è,§_,°±¥Î,°±¥Î,¤£¥i¿i,§_,Á{§É¸ÕÅç¥ÎÃÄ¦B½c,0,0,2.00,2.00,1,1,1,1,2.00,2.00,0,0,,µL¹Ï¤ù,,0,,0,,,,,,,0,,0,,VIAL,,°·«O¤£¥Ó³ø¤£­p»ù,°·«O¤£¥Ó³ø¤£­p»ù,,,,§_,,,,,0,,0,mL,,,PH008,201911130828,0,0
ROFER,20091011,99999999,°±¥Î,Ferrous sulfate 324mg(Á{§É¸ÕÅç),Ferrous sulfate 324mg(Á{§É¸ÕÅç),Ferrous sulfate,PO,,NUTR,NU-01-00,¤fªA,TAB,Ferrous sulfate,«D²Õ®M,°±¥Î,,Á{§É¸ÕÅçÃÄ«~,§_,¤£¥i¥ÎÃÄ¥]¾÷,°·«O¤£µ¹¥I,¤£¦LÃÄÅÒ,Á`¶q¶i¦ì,¾AÀ³¯g:¯ÊÅK©Ê³h¦å,,,,,,,,,¬Ò¥i¥Î,,Ferrous sulfate 324mg(Á{§É¸ÕÅç),,,§_,¬O,,,,,,,,,,¤@¯ë,Äµ »y:½Ð¤Å»P¤û¥¤¤Î¨î»Ä¾¯¨ÖªA,,,,,§_,1.0,,§_,§_,§_,³æ¤è,§_,°±¥Î,¥i¥Î,¤£¥i¿i,¬O,,1.00,1.00,2.00,2.00,30,30,1,1,0,0,0,0,,µL¹Ï¤ù,,0,,0,,,,,,,,,,,TAB,,°·«O¤£¥Ó³ø¤£­p»ù,°·«O¤£¥Ó³ø¤£­p»ù,,,,§_,SolidDrugForm,ORTAB,,,,,,,,,PH047,202303141821,0,0
ROHER,20091011,99999999,°±¥Î,Herbiron 50ml/bot(Á{§É¸ÕÅç),Herbiron 50ml/bot(Á{§É¸ÕÅç),·íÂk/¤tË|/¨¢ÃÄ/¼ô¦a¶À/¥ÌÓi»Ä¨ÈÅK,PO,BIDAC,NUTR,,¤fªA,BOT,Herbiron,«D²Õ®M,°±¥Î,,Á{§É¸ÕÅçÃÄ«~,§_,¤£¥i¥ÎÃÄ¥]¾÷,°·«O¤£µ¹¥I,¤£¦LÃÄÅÒ,Á`¶q¶i¦ì,¾AÀ³¯g:§ïµ½°±¸g«e°ü¤k¤§¯ÊÅK©Ê³h¦å,,,,,,,,,¥u¥Î©óªù¶E,,Herbiron 50ml/bot(Á{§É¸ÕÅç),,,§_,¬O,,,,,,,,,,¤@¯ë,Äµ »y:½Ð¿í·ÓÂå®v«ü¥Ü¨Ï¥Î¡A­Yµo¥ÍºÃ¦üÃÄª«¤£¨}¤ÏÀ³½Ð§iª¾Âå¥Í¡C,,,,,§_,1.0,,§_,§_,§_,½Æ¤è,§_,°±¥Î,¥i¥Î,¤£¥i¿i,§_,,1.00,1.00,1.00,1.00,30,30,1,1,0,0,0,0,,µL¹Ï¤ù,,0,,0,,,,,,,,,,,BOT,,°·«O¤£¥Ó³ø¤£­p»ù,°·«O¤£¥Ó³ø¤£­p»ù,,,,§_,Liquid,ORALSOL,,,,,,,,,PH047,202303141821,0,0
ROVEM,20181205,99999999,¥i¥Î,¸ÕVemlidy 25mg (Á{§É¸ÕÅç),¸ÕVemlidy 25mg (Á{§É¸ÕÅç),Tenofovir alafenamide,WM,QD,QANB,AI-03-03,¤fªA,TAB,Vemlidy 25mg (Á{§É¸ÕÅç),«D²Õ®M,°±¥Î,,Á{§É¸ÕÅçÃÄ«~,¬O,¤£¥i¥ÎÃÄ¥]¾÷,°·«O¤£µ¹¥I,¤@¯ë,Á`¶q¶i¦ì,¾AÀ³¯g:ºC©ÊB«¬¨xª¢,,Indication:Chronic hepatitis B,,¥~ Æ[:¶À¦â¶ê§Î½¤¦ç¿õ¡A ¤@­±¦L¦³"GSI"¤Î"25"¦r¼Ë,Appearance:Yellow round tablet¡A marking: GSI and 25.,ÀYµh¡A ¸¡µh¡A ¯h­Â¡A «y¹Â¡A äú¤ß¡A ­Iµh,Headache¡A abdominal pain¡A fatigue¡A cough¡A nausea¡A back pain.,,¥u¥Î©óªù¶E¤Î¦í°|STAT,­³¥ß±o½¤¦ç¿õ,¸ÕVemlidy 25mg (Á{§É¸ÕÅç),,,,,,­Y¦³¤£©ú­ì¦]ªº¦Ù¦×µh¡A ¯h­Â¡A ¸Ñ¦Ç«K¡A ¯ù¦â§¿¡A ²´·ú©Î¥Ö½§ÅÜ¶Àµ¥¡A,½Ð¦^¶E§iª¾Âå®v,Notify your doctor if you have any unexplained muscle pain¡A feeling tired¡A,light-colored stools¡A dark urine or yellow skin or eyes.,½Ð¸Ô¾\¨ü¸ÕªÌ¦P·N®Ñ¡A¦p¦³ºÃ°Ý¡A½ÐÁpµ¸Âå®v¡C,Please read informed consent¡A contact your doctor for more information,[Rx_x]Á{§É¸ÕÅçÃÄ«~½X¡A³B¤è¶°¤£Åã¥Ü,¤@¯ë,¤@¯ë,,,,0,0,§_,1.0,,§_,,§_,³æ¤è,,°±¥Î,,¤£¥i¿i,§_,Á{§É¸ÕÅçÃÄ«~±M°Ï,1.00,1.00,1.00,1.00,99,99,37,37,1.00,1.00,0,0,,µL¹Ï¤ù,,0,,0,,J05AF13,,,,,0,,0,,TAB,,°·«O¤£¥Ó³ø¤£­p»ù,°·«O¤£¥Ó³ø¤£­p»ù,,,,,,,,,0,,0,,,,PH008,202208311620,0,0
ROVIR,20110516,99999999,¥i¥Î,Viread 300mg(Á{§É¸ÕÅç),Viread 300mg(Á{§É¸ÕÅç),Tenofovir,PO,QD,QANB,AI-03-03,¤fªA,TAB,Viread,«D²Õ®M,°±¥Î,,Á{§É¸ÕÅçÃÄ«~,¬O,¤£¥i¥ÎÃÄ¥]¾÷,,¤@¯ë,Á`¶q¶i¦ì,¾AÀ³¯g:ºC©ÊB«¬¨xª¢©Î¦X¨Ö¨Ï¥ÎHIV·P¬VªvÀø,,Indication:treatment of chronic HBV or combination with,,¥~ Æ[: ²HÂÅ¦â§ö¤¯ª¬¿õ¾¯,Appearance:Light blue elliptic tablet,¥Ö¯l¡A ¸¡Âm¡A ÀYµh¡A Æ{´e¡A µL¤O¡A äú¤ß·P¡C,rash¡A diarrhea¡A headache¡A depression¡A asthenia¡A and nausea,,¥u¥Î©óªù¶E¤Î¦í°|STAT,´f¥ß§´,Viread 300mg(Á{§É¸ÕÅç),,,§_,¬O,,¥i¯à¥X²{¨Å»Ä©Ê»Ä¤¤¬r,,May appear lactic acidosis,,,,[Rx_x]Á{§É¸ÕÅçÃÄ«~½X¡A³B¤è¶°¤£Åã¥Ü,¤@¯ë,¤@¯ë,Äµ»y¡G¥i¯à¥X²{¨Å»Ä©Ê»Ä¤¤¬r,,,,,§_,1.0,,§_,§_,§_,³æ¤è,§_,¥i¥Î,¥i¥Î,¥i¿i,¬O,,1.00,1.00,1.00,1.00,999,999,37,37,1.00,1.00,0,0,,µL¹Ï¤ù,,0,,0,,J05AF07,,,,,300.00,mg,245.00,mg,TAB,,°·«O¤£¥Ó³ø¤£­p»ù,°·«O¤£¥Ó³ø¤£­p»ù,,,,§_,SolidDrugForm,ORTAB,,,,,,,,,PH047,202303141821,0,0
SK1001,19960101,99999999,°±¥Î,§³®W²Ó¯¾Âù®ÄÁ÷,§³®W²Ó¯¾Âù®ÄÁ÷,,EXT,,TDER,DE-11-00,¥~¥Î,¾A¶q,,«D²Õ®M,°±¥Î,,OTC,¬O,¤£¥i¥ÎÃÄ¥]¾÷,°·«O¤£µ¹¥I,¤@¯ë,Á`¶q¶i¦ì,¾AÀ³¯g:®ø°h§³®W¯¾,,,,,,,,,,,§³®W²Ó¯¾Âù®ÄÁ÷,,,§_,¬O,,,,,,,,,¤@¯ë,¤@¯ë,,,,,,§_,99.0,,§_,§_,§_,³æ¤è,§_,¥i¥Î,¥i¥Î,¤£¥i¿i,¬O,,1.00,1.00,999.00,999.00,999,999,1,1,0,0,0,0,,µL¹Ï¤ù,,0,,0,,,,,,,,,,,TUB,§_,¤£µ¹¥I¶·¦Û¥I,¤£µ¹¥I¶·¦Û¥I,,,,§_,LiquidLiquidEmulsion,TOPCRM,,,,,,,,,PH047,202303141821,0,980.00
SK1002,19960101,99999999,°±¥Î,§³®W²Ó¯¾×¶°£Á÷,§³®W²Ó¯¾×¶°£Á÷,,EXT,,TDER,DE-11-00,¥~¥Î,¾A¶q,,«D²Õ®M,°±¥Î,,OTC,¬O,¤£¥i¥ÎÃÄ¥]¾÷,°·«O¤£µ¹¥I,¤@¯ë,Á`¶q¶i¦ì,¾AÀ³¯g:®ø°h§³®W¯¾,,,,,,,,,,,§³®W²Ó¯¾×¶°£Á÷,,,§_,¬O,,,,,,,,,¤@¯ë,¤@¯ë,,,,,,§_,99.0,,§_,§_,§_,³æ¤è,§_,¥i¥Î,¥i¥Î,¤£¥i¿i,¬O,,1.00,1.00,999.00,999.00,999,999,1,1,0,0,0,0,,µL¹Ï¤ù,,0,,0,,,,,,,,,,,TUB,§_,¤£µ¹¥I¶·¦Û¥I,¤£µ¹¥I¶·¦Û¥I,,,,§_,LiquidLiquidEmulsion,TOPCRM,,,,,,,,,PH047,202303141821,0,1280.00
SK1004,19960101,99999999,°±¥Î,¯Ý³¡¯S§OÅ@«ùÁ÷,¯Ý³¡¯S§OÅ@«ùÁ÷,,EXT,,TDER,DE-11-00,¥~¥Î,¾A¶q,,«D²Õ®M,°±¥Î,,OTC,¬O,¤£¥i¥ÎÃÄ¥]¾÷,°·«O¤£µ¹¥I,¤@¯ë,Á`¶q¶i¦ì,¾AÀ³¯g:¥Ö½§«O¾i¥Î«~,,,,,,,,,,,¯Ý³¡¯S§OÅ@«ùÁ÷,,,§_,¬O,,,,,,,,,¤@¯ë,¤@¯ë,,,,,,§_,99.0,,§_,§_,§_,³æ¤è,§_,¥i¥Î,¥i¥Î,¤£¥i¿i,¬O,,1.00,1.00,999.00,999.00,999,999,1,1,0,0,0,0,,µL¹Ï¤ù,,0,,0,,,,,,,,,,,TUB,§_,¤£µ¹¥I¶·¦Û¥I,¤£µ¹¥I¶·¦Û¥I,,,,§_,LiquidLiquidEmulsion,TOPCRM,,,,,,,,,PH047,202303141821,0,980.00
SK1006,19960101,99999999,°±¥Î,»L³¡¯h³Ò³t¸ÑÁ÷,»L³¡¯h³Ò³t¸ÑÁ÷,,EXT,,TDER,DE-11-00,¥~¥Î,¾A¶q,,«D²Õ®M,°±¥Î,,OTC,¬O,¤£¥i¥ÎÃÄ¥]¾÷,°·«O¤£µ¹¥I,¤@¯ë,Á`¶q¶i¦ì,¾AÀ³¯g:¥Ö½§«O¾i¥Î«~,,,,,,,,,,,»L³¡¯h³Ò³t¸ÑÁ÷,,,§_,¬O,,,,,,,,,¤@¯ë,¤@¯ë,,,,,,§_,99.0,,§_,§_,§_,³æ¤è,§_,¥i¥Î,¥i¥Î,¤£¥i¿i,¬O,,1.00,1.00,999.00,999.00,999,999,1,1,0,0,0,0,,µL¹Ï¤ù,,0,,0,,,,,,,,,,,TUB,§_,¤£µ¹¥I¶·¦Û¥I,¤£µ¹¥I¶·¦Û¥I,,,,§_,LiquidLiquidEmulsion,TOPCRM,,,,,,,,,PH047,202303141821,0,800.00
TEST,20010801,99999999,¥i¥Î,test,test,TEST_PHR_NAME,PO,12,TEST,AD-01-00,°w¾¯,mg,TEST_BUSINESS_NAME,«D²Õ®M,°±¥Î¡A¥i¬dÃþ¦üÃÄ,,¤@¯ë¥i¥Î,¬O,¥i¥ÎÃÄ¥]¾÷,¥i¥Î,¤@¯ë,¤£¶i¦ì,TEST1,,TEST1,,OUT CHINSE,OUT ENGLISH,,,¤@¯ëÃþ§Ü¥Í¯À,¥u¥Î©óªù¶E¤Î¦í°|UDD,¤¤¤å°Ó«~¦W,test,HIB,­­¦Û¶O,§_,¬O,,AA,,,,,,[Rx_x]³B¤è¶°¤£Åã¥Ü,¤@¯ë,¤@¯ë,Äµ »y:½Ð¿í·ÓÂå®v«ü¥Ü¨Ï¥Î¡A­Yµo¥ÍºÃ¦üÃÄª«¤£¨}¤ÏÀ³½Ð§iª¾Âå¥Í¡C,,,,,¬O,1.0,,§_,§_,§_,³æ¤è,§_,¥i¥Î,¥i¥Î,¥i¿i,¬O,,781.00,782.00,783.00,784.00,785,786,787,788,789.00,790.00,791.00,792.00,793.00,µL¹Ï¤ù,,0,,0,,,,,,,,,,,,,,,,,,§_,,,,,,,,,,,PH047,202401261210,0,0
YALDA,20031111,99999999,¥i¥Î,Aldara cream 5%,Aldara cream 5%,Imiquimod,TOPI,QON,TDER,DE-04-00,¥~¥Î,PK,,«D²Õ®M,,,OTC,§_,¥i¥ÎÃÄ¥]¾÷,°·«O¤£µ¹¥I,¤@¯ë,Á`¶q¶i¦ì,¾AÀ³¯g:Àã©Ê¦y¬Ð,,Indication:Treatment of external genital & perianal warts,,¥~ Æ[:¥Õ¦â¾Tºä¥~¥]¸Ë¡A¦³ºñ¦â¤T¨¤§Î¡A²`ÂÅ¦â¦r¼Ë,Appearance:Single-use Sachet,,,,¬Ò¥i¥Î,¼Ö±o¬ü¨Å»I,Aldara cream 5%,,,§_,¬O,,½Ð¿í·ÓÂå®v«ü¥Ü¨Ï¥Î¡A­Yµo¥Í¹L±Ó²{¶H½Ð»PÂå®vÁpµ¸,,Follow doctor's advice. Check with doctor if you notice any allergic symptoms.,,,,,¤@¯ë,¤@¯ë,Äµ »y:½Ð¿í·ÓÂå®v«ü¥Ü¨Ï¥Î¡A­Yµo¥Í¹L±Ó²{¶H½Ð»PÂå®vÁpµ¸,,,,,§_,1.0,,§_,¬O,§_,³æ¤è,§_,°±¥Î,°±¥Î,¤£¥i¿i,¬O,,1.00,1.00,1.00,1.00,99,99,1,1,1.00,1.00,0,0,,¦³¹Ï¤ù,,0,,0,,D06BB10,,,,,,,,,PK,,¤£µ¹¥I¶·¦Û¥I,¤£µ¹¥I¶·¦Û¥I,,,,§_,LiquidLiquidEmulsion,TOPCRM,,,,,,,,,PH047,202303141821,0,340.00
YAMO,20121028,99999999,¥i¥Î,¬ü¥Ò²Õ for Amocoat,¬ü¥Ò²Õ for Amocoat,¬ü¥Ò²Õ for Amocoat,TOPI,ASORDER,ZOTH,MEDD,¥~¥Î,¾A¶q,,«D²Õ®M,°±¥Î,,¤@¯ë¥i¥Î,¬O,¥i¥ÎÃÄ¥]¾÷,°·«O¤£µ¹¥I,¤@¯ë,Á`¶q¶i¦ì,¥Î³~:½Ð·f°tAMOCOAT Nail Lacquer¨Ï¥Î,,Disposable plates used with AMOCOAT Nail Lacquer,,¥~ Æ[: ¨C²°¤ºªþ©ß±ó¦¡«ü¥Ò¾V¤M¡Aµ¹ÃÄªO¤Î°sºë´Ö,Appaerance: Disposable plates,¦³·¥¤Ö¼Æªº¯f¤H¶î¼Å¦¹ªo¾¯«á¡A«ü¥Ò³B¦³µu¼È¨`¼ö·P¡C,,,¬Ò¥i¥Î,¬ü¥Ò²Õ,¬ü¥Ò²Õ for Amocoat,,­­¦Û¶O,§_,¬O,,¥Î©óÅ~³¡ªº«ü¥Ò¾V¤M¡A¤£¥i¦A¥Î©ó°·±d«ü¥Ò¡C,,Avoid use on healthy nail,,ªvÀø´Á¶¡Á×§K¨Ï¥Î¤Æ§©«~«ü¥Òªo¤Î¤H¤u«ü¥Ò,Avoid nail polish during therapy.,[Rx_x]ÃÄ«~±M¥Î½Ã§÷¡A³B¤è¶°¤£Åã¥Ü,¤@¯ë,¤@¯ë,Äµ »y:½Ð¸m©ó«Äµ£µLªk¨ú±o¤§³B,,,0,0,§_,1.0,,§_,¬O,§_,³æ¤è,§_,°±¥Î,°±¥Î,¤£¥i¿i,§_,,1.00,1.00,1.00,1.00,1,1,1,1,1.00,1.00,0,0,,¦³¹Ï¤ù,,0,,0,,,,,,,,,,,SET,,¤£µ¹¥I¶·¦Û¥I,¤£µ¹¥I¶·¦Û¥I,,,,§_,,,,,,,,,,,PH047,202303141821,0,200.00
YAMS,20071008,99999999,°±¥Î,Amsun nasal spray,Amsun nasal spray,N-acetyl-D-glucosamine,NA,AS,ZOTH,MEDD,¥~¥Î,PFF,Amsun,«D²Õ®M,°±¥Î,,OTC,¬O,¤£¥i¥ÎÃÄ¥]¾÷,,,,¾AÀ³¯g: »óµÄ²M¼ä¥Î,,Indication: For clean the nasal cavity.,,¥~ Æ[:¥Õ¦â²~¸Ë¡A¥Õ¦â¥~»\,Appearance: White Plastic Bottle,,,,¬Ò¥i¥Î,¦w±Ó³Ó»óµÄ¼QÃú¾¯,Amsun nasal spray,,,§_,¬O,,,,,,,,,¤@¯ë,¤@¯ë,Äµ »y:½Ð¸m©ó«Äµ£µLªk¨ú±o¤§³B,,,,,§_,99.0,,§_,§_,§_,³æ¤è,§_,°±¥Î,¥i¥Î,¤£¥i¿i,¬O,,1.00,1.00,2.00,2.00,99,99,1,1,6.00,6.00,0,0,,¦³¹Ï¤ù,,0,,0,,,,,,,,,,,BOT,,¤£µ¹¥I¶·¦Û¥I,¤£µ¹¥I¶·¦Û¥I,,,,§_,GasLiquidMixture,NASSPRY,,,,,,,,,PH047,202303141821,0,450.00
YATT,20020315,99999999,°±¥Î,Saugella attiva 250mL,Saugella attiva 250mL,,LA,,SGU,UR-01-00,¥~¥Î,¾A¶q,,«D²Õ®M,°±¥Î,,OTC,¬O,¤£¥i¥ÎÃÄ¥]¾÷,°·«O¤£µ¹¥I,¤@¯ë,Á`¶q¶i¦ì,¥[±j«¬µ×µÑ¼ä¯D¾®ÅS,,,,,,,,,¬Ò¥i¥Î,,Saugella attiva 250mL,,,§_,¬O,,,,,,,,,¤@¯ë,¤@¯ë,,,,,,§_,99.0,,§_,§_,§_,³æ¤è,§_,¥i¥Î,¥i¥Î,¥i¿i,¬O,,1.00,1.00,99.00,99.00,99,99,1,1,0,0,0,0,,µL¹Ï¤ù,,0,,0,,,,,,,,,,,BOT,§_,¤£µ¹¥I¶·¦Û¥I,¤£µ¹¥I¶·¦Û¥I,,,,§_,,,,,,,,,,,PH047,202303141821,0,420.00
YCAL,20020807,99999999,°±¥Î,¾¾¥ß³ß¼Ö 90'S/²~,¾¾¥ß³ß¼Ö 90'S/²~,,PO,,NUTR,,¤fªA,TAB,,«D²Õ®M,°±¥Î,,OTC,¬O,¥i¥ÎÃÄ¥]¾÷,°·«O¤£µ¹¥I,¤@¯ë,Á`¶q¶i¦ì,¾AÀ³¯g¡G¸É¥R¶t¡Bºû¥Í¯ÀD¡B¸­»Ä,,,,,,,,,¬Ò¥i¥Î,,¾¾¥ß³ß¼Ö 90'S/²~,,,§_,¬O,,,,,,,,,¤@¯ë,¤@¯ë,,,,,,§_,90.0,,§_,§_,§_,³æ¤è,§_,¥i¥Î,¥i¥Î,¥i¿i,¬O,,1.00,1.00,99.00,99.00,99,99,1,1,0,0,0,0,,µL¹Ï¤ù,,0,,0,,,,,,,,,,,BOT,,¤£µ¹¥I¶·¦Û¥I,¤£µ¹¥I¶·¦Û¥I,,,,§_,SolidDrugForm,ORTAB,,,,,,,,,PH047,202303141821,0,700.00
YCIM,20051212,99999999,°±¥Î,Cimeosil scar gel 14gm,Cimeosil scar gel 14gm,polysiloxanes,TOPI,,TDER,DE-11-00,¥~¥Î,¾A¶q,Cimeosil,«D²Õ®M,°±¥Î,,OTC,¬O,¥i¥ÎÃÄ¥]¾÷,¥i¥Î,¤@¯ë,Á`¶q¶i¦ì,¾AÀ³¯g:¥Ö½§¬Í²ª©Î¥~¶Ë¶Ë¬Í,,,,¥~ Æ[: ²°¸Ë³n»I,,,,,¬Ò¥i¥Î,³ß¬ü¦Ó§Ü¬Í¾®½¦,Cimeosil scar gel 14gm,,,§_,¬O,,,,,,,,,¤@¯ë,¤@¯ë,Äµ »y:­Yµo¥ÍÄY­«©Î«ùÄò¤§¸¡Âm¡Bäú¤ß©Î¹Ã¦R¡AÀ³¨D±ÐÂå®v,,,,,§_,99.0,,§_,§_,§_,³æ¤è,§_,°±¥Î,¥i¥Î,¤£¥i¿i,¬O,,1.00,1.00,999.00,999.00,999,999,1,1,0,0,0,0,,µL¹Ï¤ù,,0,,0,,,,,,,,,,,TUB,§_,¤£µ¹¥I¶·¦Û¥I,¤£µ¹¥I¶·¦Û¥I,,,,§_,LiquidSolidSuspension,TOPGEL,,,,,,,,,PH047,202303141822,0,1440.00
YCON,20010806,99999999,°±¥Î,Contractubex gel 20gm,Contractubex gel 20gm,Heparin Na¡A allantoin,TOPI,,TDER,DE-11-00,¥~¥Î,¾A¶q,,«D²Õ®M,°±¥Î,,OTC,¬O,¤£¥i¥ÎÃÄ¥]¾÷,°·«O¤£µ¹¥I,¤@¯ë,Á`¶q¶i¦ì,¾AÀ³¯g:¾ã¥­²H¤Æ¬Í²ª,,,,¥~ Æ[: 20 gm ÃÄ»I,,,,,¬Ò¥i¥Î,±d¬ü¾®½¦,Contractubex gel 20gm,,,§_,¬O,,,,,,,,,¤@¯ë,¤@¯ë,Äµ »y:½Ð¸m©ó«Äµ£µLªk¨ú±o¤§³B,,,,,§_,99.0,,§_,§_,§_,³æ¤è,§_,°±¥Î,¥i¥Î,¤£¥i¿i,¬O,,1.00,1.00,99.00,99.00,99,99,1,1,0,0,0,0,,µL¹Ï¤ù,,0,,0,,,,,,,,,,,TUB,§_,¤£µ¹¥I¶·¦Û¥I,¤£µ¹¥I¶·¦Û¥I,,,,§_,LiquidSolidSuspension,TOPGEL,,,,,,,,,PH047,202303141822,0,850.00
YCYS,20101216,99999999,¥i¥Î,Cystistat 40mg/50mL,Cystistat 40mg/50mL,Hyaluronate,IRR,STAT,MEDD,UR-04-00,¥~¥Î,VAL,Cystistat,«D²Õ®M,,,¤@¯ë¥i¥Î,¬O,¥i¥ÎÃÄ¥]¾÷,±ø¥ó¤Uµ¹¥I,¤@¯ë,Á`¶q¶i¦ì,¾AÀ³¯g: ¸É¥R»H¯Ö¤º¾À¤§¸²µå¿}®ò¦h¿}¼h,,Indication:Bladder irrigation for glycosaminoglycan layer,,¥~ Æ[:50 mLµL¦â³z©ú¶ì½¦²~,Appearance: 50mL plastic bottle,,,,¬Ò¥i¥Î,³ß¥K»H¯ÖÄé¬~²G,Cystistat 40mg/50mL,,,§_,¬O,,,,,,,,,¤@¯ë,¤@¯ë,Äµ »y:½Ð¸m©ó«Äµ£µLªk¨ú±o¤§³B,,,,,§_,1.0,,§_,¬O,§_,³æ¤è,§_,¥i¥Î,¥i¥Î,¤£¥i¿i,¬O,,1.00,1.00,1.00,1.00,99,99,1,1,1.00,1.00,0,0,,¦³¹Ï¤ù,,0,,0,,,,,,,,,,,VIAL,¬O,°·«Oµ¹¥I,°·«Oµ¹¥I,,,FUT01CYST12L,§_,Liquid,IRSOL,,,,,,,,,PH047,202303141822,5059.95,5500.00
YDER,20080320,99999999,°±¥Î,Dermatix gel 15gm,Dermatix gel 15gm,Polysiloxane,EXT,BID,TDER,DE-11-00,¥~¥Î,¾A¶q,Dermatix,«D²Õ®M,°±¥Î,,¤@¯ë¥i¥Î,¬O,¤£¥i¥ÎÃÄ¥]¾÷,°·«O¤£µ¹¥I,¤@¯ë,Á`¶q¶i¦ì,¾AÀ³¯g: ¬Í²ª³B²z,,Indication: treatment and prevention of keloids and scars,,¥~ Æ[: 15g ³n»I,,,,,¥u¥Î©óªù¶E¤Î¦í°|STAT,µÎ²ª¾®½¦,Dermatix gel 15gm,,,§_,¬O,,,,,,,,,¤@¯ë,¤@¯ë,Äµ »y: ¥»«~¬°¥~¥ÎÃÄ«~¡A½Ð§½³¡¨Ï¥Î¡A¤Å±µÄ²²´·ú©Î»~ªA¡C,,,,,§_,99.0,,§_,§_,§_,³æ¤è,§_,¥i¥Î,¥i¥Î,¤£¥i¿i,¬O,,1.00,1.00,99.00,1.00,99,1,7,1,0,0,0,0,,µL¹Ï¤ù,,0,,0,,,,,,,,,,,TUB,,¤£µ¹¥I¶·¦Û¥I,¤£µ¹¥I¶·¦Û¥I,,,,§_,LiquidSolidSuspension,TOPGEL,,,,,,,,,PH047,202303141822,0,1740.00
YEUR,20120625,99999999,¥i¥Î,Eurogel Plus 20gm,Eurogel Plus 20gm,Silicone Gel,EXT,BID,TDER,DE-11-00,¥~¥Î,¾A¶q,,«D²Õ®M,,,¤@¯ë¥i¥Î,¬O,¥i¥ÎÃÄ¥]¾÷,°·«O¤£µ¹¥I,¤@¯ë,Á`¶q¶i¦ì,¾AÀ³¯g:¬Í²ª³B²z,,Indication:Treatment and prevention of keloids and scars.,,¥~ Æ[:20gm ³n»I,Appearance:20gm / tube,¥¼ª¾,Unknown.,,¬Ò¥i¥Î,®¦¯S¬ì Àu¼ä¬Í²ªÅ@²z¾®½¦,Eurogel Plus 20gm,,,§_,¬O,,¤£¥i±N¾®½¦¶î©Ù©ó¶Ë¤f©Î¨ü¶Ëªº¥Ö½§,,Avoid use on broken skin or mucous membranes.,,ª½±µ¶î©ó¬Í²ª³¡¦ì¦ÛµM°®Àê¡A ¤£­n«ö¼¯,Allow to dry for a few seconds. Do not massage.,[Rx_x]½Ã§÷¡A³B¤è¶°¤£Åã¥Ü,¤@¯ë,¤@¯ë,Äµ »y:¤£¥i±N¾®½¦¶î©Ù©ó¶Ë¤f©Î¨ü¶Ëªº¥Ö½§,,,0,0,§_,99.0,,§_,¬O,§_,³æ¤è,§_,°±¥Î,°±¥Î,¤£¥i¿i,§_,,1.00,1.00,9.00,9.00,99,99,28,28,99.00,99.00,0,0,,¦³¹Ï¤ù,,0,,0,,,,,,,,,,,TUB,,¤£µ¹¥I¶·¦Û¥I,¤£µ¹¥I¶·¦Û¥I,,,,§_,LiquidSolidSuspension,TOPGEL,,,,,,,,,PH009,202310171442,0,2400.00
YGLU,20021115,99999999,°±¥Î,¾¾¥ß³ß¼Ö¸²Ói300'S,¾¾¥ß³ß¼Ö¸²Ói300'S,Glucosamine 150m,PO,,NUTR,,¤fªA,TAB,,«D²Õ®M,°±¥Î,,OTC,¬O,¤£¥i¥ÎÃÄ¥]¾÷,°·«O¤£µ¹¥I,¤@¯ë,Á`¶q¶i¦ì,,,,,,,,,,¬Ò¥i¥Î,,¾¾¥ß³ß¼Ö¸²Ói300'S,,,§_,¬O,,,,,,,,,¤@¯ë,¤@¯ë,,,,,,§_,300.0,,§_,§_,§_,³æ¤è,§_,¥i¥Î,¥i¥Î,¥i¿i,¬O,,1.00,1.00,99.00,99.00,99,99,1,1,0,0,0,0,,µL¹Ï¤ù,,0,,0,,,,,,,,,,,BOT,,¤£µ¹¥I¶·¦Û¥I,¤£µ¹¥I¶·¦Û¥I,,,,§_,SolidDrugForm,ORTAB,,,,,,,,,PH047,202303141822,0,1950.00
YHYA,20101001,99999999,¥i¥Î,Hyalofemme Lubricant 30gm,Hyalofemme Lubricant 30gm,Hyaluronic acid,VAG,BIW,MSGO,,¥~¥Î,¾A¶q,Hyaluronic acid,«D²Õ®M,°±¥Î,,OTC,¬O,¥i¥ÎÃÄ¥]¾÷,°·«O¤£µ¹¥I,¤@¯ë,Á`¶q¶i¦ì,¾AÀ³¯g:¥Dªv³±¹DµäÁY¯g,,Indication: Vaginal atrophy,,¥~Æ[:30§J³nºÞ»P¤@¤ä³±¹D¶îÃÄ¾¹,Appearance: 30 g tube and one vaginal applicator,¹L±Ó,Allergic reaction,,¬Ò¥i¥Î,¶®­Y®¦¼í·Æ¾¯,Hyalofemme Lubricant 30gm,,,§_,¬O,,­Y¦³³±¹D·P¬V±¡§Î¡A¨Ï¥Î«e½Ð¸ß°ÝÂå®v,,In case of vaginal infection¡A stop use and consult docor,,,,[Rx_x]½Ã§÷¡A³B¤è¶°¤£Åã¥Ü,¤@¯ë,¤@¯ë,Äµ »y:¬°³±¹D³n»I¡A§½³¡¨Ï¥Î,,,,,§_,99.0,,§_,¬O,§_,³æ¤è,§_,°±¥Î,°±¥Î,¤£¥i¿i,§_,,1.00,1.00,9.00,9.00,99,99,28,28,99.00,99.00,0,0,,¦³¹Ï¤ù,,0,,0,,,,,,,,,,,TUB,,¤£µ¹¥I¶·¦Û¥I,¤£µ¹¥I¶·¦Û¥I,,,,§_,LiquidLiquidEmulsion,VAGOINT,,,,,,,,,PH006,202310231620,0,2450.00
YINT,20020315,99999999,°±¥Î,Saugella intilac 7¤ä/box,Saugella intilac 7¤ä/box,,VAG,,SGU,UR-01-00,¥~¥Î,¤ä,,«D²Õ®M,°±¥Î,,OTC,¬O,¤£¥i¥ÎÃÄ¥]¾÷,°·«O¤£µ¹¥I,¤@¯ë,Á`¶q¶i¦ì,³±¹D¥Îªø®Ä¼ä¼í¾®½¦,,,,,,,,,¬Ò¥i¥Î,,Saugella intilac 7¤ä/box,,,§_,¬O,,,,,,,,,¤@¯ë,¤@¯ë,,,,,,§_,7.0,,§_,§_,§_,³æ¤è,§_,¥i¥Î,¥i¥Î,¥i¿i,¬O,,1.00,1.00,99.00,99.00,99,99,7,1,0,0,0,0,,µL¹Ï¤ù,,0,,0,,,,,,,,,,,BOX,§_,¤£µ¹¥I¶·¦Û¥I,¤£µ¹¥I¶·¦Û¥I,,,,§_,LiquidSolidSuspension,VAGGEL,,,,,,,,,PH047,202303141822,0,1100.00
YISO,20020916,99999999,°±¥Î,Isoflavone 30's/box,Isoflavone 30's/box,Isoflavones,PO,,NUTR,,¤fªA,CAP,,«D²Õ®M,°±¥Î,,OTC,¬O,¤£¥i¥ÎÃÄ¥]¾÷,°·«O¤£µ¹¥I,¤@¯ë,Á`¶q¶i¦ì,¾AÀ³¯g:´Óª«©Ê²üº¸»X¸É¥R,,Indication: Relieves menopause symptoms.,,¥~ Æ[:¤T¨¤§Î¿j¬õ¦â¿õ¾¯,Appearance:Brick red Triangle Tablet,,,,¬Ò¥i¥Î,²§¶Àà¬¯À,Isoflavone 30's/box,,,§_,¬O,,,,,,,,,¤@¯ë,¤@¯ë,Äµ »y:½Ð¸m©ó«Äµ£µLªk¨ú±o¤§³B,,,,,§_,30.0,,§_,§_,§_,³æ¤è,§_,¥i¥Î,¥i¥Î,¥i¿i,¬O,,1.00,1.00,99.00,99.00,99,99,1,1,0,0,0,0,,¦³¹Ï¤ù,,0,,0,,,,,,,,,,,BOX,§_,¤£µ¹¥I¶·¦Û¥I,¤£µ¹¥I¶·¦Û¥I,,,,§_,SolidDrugForm,ORCAP,,,,,,,,,PH047,202303141822,0,600.00
YMEP,20041101,99999999,¥i¥Î,MEPIFORM 4x30cm,MEPIFORM 4x30cm,Mepiform,EXT,ASORDER,ZOTH,MEDD,¥~¥Î,¤ù,MEPIFORM 4*30cm,«D²Õ®M,,,OTC,¬O,¥i¥ÎÃÄ¥]¾÷,°·«O¤£µ¹¥I,¤@¯ë,Á`¶q¶i¦ì,¾AÀ³¯g:¾ã¥­²H¤Æ¬Í²ª,,Indication: Scar Dressing .,,¥~ Æ[:ªø¤è§Î¤ù¸Ë¡Aºñ¦â¦r¼Ë,Appearance: 4*30cm Patch,,,,¥u¥Î©óªù¶E¤Î¦í°|STAT,¬ü¥ÖÂ×,MEPIFORM 4x30cm,,,§_,¬O,,,,,,,,[Rx_x]½Ã§÷¡A³B¤è¶°¤£Åã¥Ü,¤@¯ë,¤@¯ë,Äµ »y:½Ð¸m©ó«Äµ£µLªk¨ú±o¤§³B,SA «÷­µ¬Û¦ü,,,,§_,1.0,,§_,¬O,§_,³æ¤è,§_,°±¥Î,°±¥Î,¤£¥i¿i,§_,,1.00,1.00,9.00,9.00,999,999,1,1,99.00,99.00,0,0,,¦³¹Ï¤ù,,0,,0,,,,,,,,,,,PC,,¤£µ¹¥I¶·¦Û¥I,¤£µ¹¥I¶·¦Û¥I,,,,§_,SolidDrugForm,PATCH,,,,,,,,,PH047,202303141822,0,1800.00
YMEP5,20060919,99999999,¥i¥Î,Mepiform 5x7.5cm,Mepiform 5x7.5cm,Mepiform,EXT,,ZOTH,MEDD,¥~¥Î,¤ù,,«D²Õ®M,,,OTC,¬O,¥i¥ÎÃÄ¥]¾÷,°·«O¤£µ¹¥I,¤@¯ë,Á`¶q¶i¦ì,¾AÀ³¯g:¬Í²ªÅ@²z¶K¤ù,,Indication:Scar Dressing .,,¥~ Æ[:ªø¤è§Î¤ù¸Ë¡Aºñ¦â¦r¼Ë,Appearance: 5x7.5cm Patch,,,,¥u¥Î©óªù¶E¤Î¦í°|STAT,¬ü¥ÖÂ×¬Í²ªÅ@²zª¿½¦,Mepiform 5x7.5cm,,,§_,¬O,,,,,,,,[Rx_x]½Ã§÷¡A³B¤è¶°¤£Åã¥Ü,¤@¯ë,¤@¯ë,Äµ »y:½Ð¸m©ó«Äµ£µLªk¨ú±o¤§³B,SA «÷­µ¬Û¦ü,,,,§_,1.0,,§_,¬O,§_,³æ¤è,§_,°±¥Î,°±¥Î,¤£¥i¿i,§_,,1.00,1.00,9.00,9.00,7,7,1,1,9.00,9.00,0,0,,¦³¹Ï¤ù,,0,,0,,,,,,,,,,,¤ù,,¤£µ¹¥I¶·¦Û¥I,¤£µ¹¥I¶·¦Û¥I,,,,§_,SolidDrugForm,PATCH,,,,,,,,,PH047,202303141822,0,540.00
YORI,20021029,99999999,°±¥Î,¾¾¥ß³ß¼Ö¸Á½¦240'S,¾¾¥ß³ß¼Ö¸Á½¦240'S,¾¾¥ß³ß¼Ö¸Á½¦,PO,,NUTR,,¤fªA,TAB,,«D²Õ®M,°±¥Î,,OTC,¬O,¤£¥i¥ÎÃÄ¥]¾÷,°·«O¤£µ¹¥I,¤@¯ë,Á`¶q¶i¦ì,¾AÀ³ªÌ¡G©è§Ü¤O¤£¨¬¡A©ö·P«_©Î©ö·P¬VªÌ,,,,,,,,,¬Ò¥i¥Î,,¾¾¥ß³ß¼Ö¸Á½¦240'S,,,§_,¬O,,,,,,,,,¤@¯ë,¤@¯ë,,,,,,§_,240.0,,§_,§_,§_,³æ¤è,§_,¥i¥Î,¥i¥Î,¤£¥i¿i,¬O,,1.00,1.00,99.00,99.00,99,99,1,1,0,0,0,0,,µL¹Ï¤ù,,0,,0,,,,,,,,,,,BOT,,¤£µ¹¥I¶·¦Û¥I,¤£µ¹¥I¶·¦Û¥I,,,,§_,SolidDrugForm,ORTAB,,,,,,,,,PH047,202303141822,0,1100.00
YPAR,20040108,99999999,°±¥Î,Paragon 30's(³tÄR±d),Paragon 30's(³tÄR±d),Multivitamin,PO,QD,NUTR,NU-02-00,¤fªA,TAB,,«D²Õ®M,°±¥Î,,OTC,§_,¤£¥i¥ÎÃÄ¥]¾÷,°·«O¤£µ¹¥I,¤@¯ë,Á`¶q¶i¦ì,¾AÀ³¯g:ºû¥Í¯À¤ÎÄqª«½è¤§¸É¥R,,,,,,,,,¥u¥Î©óªù¶E¤Î¦í°|STAT,,Paragon 30's(³tÄR±d),,,§_,¬O,,,,,,,,,¤@¯ë,¤@¯ë,,,,,,§_,30.0,,§_,§_,§_,³æ¤è,§_,¥i¥Î,¥i¥Î,¤£¥i¿i,§_,,1.00,1.00,2.00,2.00,60,60,30,30,0,0,0,0,,µL¹Ï¤ù,,0,,0,,,,,,,,,,,BOT,,¤£µ¹¥I¶·¦Û¥I,¤£µ¹¥I¶·¦Û¥I,,,,§_,SolidDrugForm,ORTAB,,,,,,,,,PH047,202303141822,0,650.00
YPHY,20020917,99999999,°±¥Î,Phyto Soya 60's/box,Phyto Soya 60's/box,Isoflavones,PO,,NUTR,,¤fªA,CAP,,«D²Õ®M,°±¥Î,,OTC,¬O,¤£¥i¥ÎÃÄ¥]¾÷,°·«O¤£µ¹¥I,¤@¯ë,Á`¶q¶i¦ì,¾AÀ³¯g:´Óª«©Ê²üº¸»X,,Indication:Relieves menopause symptoms.,,¥~ Æ[:ªø¶ê¬W§Îµw½¦Ån,Appearance: Hard Capsule,,,,,×^¯d¤¥µØ½¦Ån,Phyto Soya 60's/box,,,§_,¬O,,,,,,,,,¤@¯ë,¤@¯ë,Äµ »y:½Ð¸m©ó«Äµ£µLªk¨ú±o¤§³B,,,,,§_,60.0,,§_,§_,§_,³æ¤è,§_,¥i¥Î,¥i¥Î,¥i¿i,¬O,,1.00,1.00,99.00,99.00,99,99,1,1,99.00,99.00,0,0,,¦³¹Ï¤ù,,0,,0,,,,,,,,,,,BOX,,¤£µ¹¥I¶·¦Û¥I,¤£µ¹¥I¶·¦Û¥I,,,,§_,SolidDrugForm,ORCAP,,,,,,,,,PH047,202303141822,0,1360.00
YPOL,20020315,99999999,°±¥Î,Saugella poligyn 250mL,Saugella poligyn 250mL,,LA,,SGU,UR-01-00,¥~¥Î,¾A¶q,,«D²Õ®M,°±¥Î,,OTC,¬O,¤£¥i¥ÎÃÄ¥]¾÷,°·«O¤£µ¹¥I,¤@¯ë,Á`¶q¶i¦ì,µ×µÑ°ü¼ä¾®ÅS,,,,,,,,,¬Ò¥i¥Î,,Saugella poligyn 250mL,,,§_,¬O,,,,,,,,,¤@¯ë,¤@¯ë,,,,,,§_,99.0,,§_,§_,§_,³æ¤è,§_,¥i¥Î,¥i¥Î,¤£¥i¿i,¬O,,1.00,1.00,99.00,99.00,99,99,1,1,0,0,0,0,,µL¹Ï¤ù,,0,,0,,,,,,,,,,,BOT,§_,¤£µ¹¥I¶·¦Û¥I,¤£µ¹¥I¶·¦Û¥I,,,,§_,,,,,,,,,,,PH047,202303141823,0,450.00
YPOLY,20101001,99999999,¥i¥Î,Polyxal silicone gel 15gm,Polyxal silicone gel 15gm,Polysiloxane,EXT,,TDER,DE-11-00,¥~¥Î,¾A¶q,Polysiloxane,«D²Õ®M,,,¤@¯ë¥i¥Î,¬O,¥i¥ÎÃÄ¥]¾÷,°·«O¤£µ¹¥I,¤@¯ë,Á`¶q¶i¦ì,¾AÀ³¯g: ¬Í²ª³B²z,,indication: treatment and prevention of keloids and scars,,¥~ Æ[: 15g ³n»I,Appearance: 15g/tube,,,,¬Ò¥i¥Î,¬ÁÄRµÎ¬Í²ªÅ@²z¾®½¦,Polyxal silicone gel 15gm,,,§_,¬O,,¬°¥~¥ÎÃÄ«~¡A ½Ð§½³¡¨Ï¥Î¡A ¤Å±µÄ²²´·ú©Î»~ªA,,For external use. Avoid contact with the eyes or oral consumption.,,,,[Rx_x]½Ã§÷¡A³B¤è¶°¤£Åã¥Ü,¤@¯ë,¤@¯ë,Äµ »y: ¥»«~¬°¥~¥ÎÃÄ«~¡A½Ð§½³¡¨Ï¥Î¡A¤Å±µÄ²²´·ú©Î»~ªA¡C,,,,,,99.0,,§_,¬O,§_,³æ¤è,§_,°±¥Î,°±¥Î,¤£¥i¿i,§_,,1.00,1.00,9.00,9.00,99,99,7,1,99.00,99.00,0,0,,¦³¹Ï¤ù,,0,,0,,,,,,,,,,,TUB,,¤£µ¹¥I¶·¦Û¥I,¤£µ¹¥I¶·¦Û¥I,,,,§_,LiquidSolidSuspension,TOPGEL,,,,,,,,,PH047,202303141823,0,1800.00
YSDE,20020710,99999999,°±¥Î,µÎ¼¯¨à¾L»ÄÄé¬~²G133mL/twin,µÎ¼¯¨à¾L»ÄÄé¬~²G133mL/twin,µÎ¼¯¨à¾L»ÄÄé¬~²G133mL/twin,VAG,,MSGO,,¥~¥Î,BOT,,«D²Õ®M,°±¥Î,,OTC,¬O,¤£¥i¥ÎÃÄ¥]¾÷,°·«O¤£µ¹¥I,¤@¯ë,Á`¶q¶i¦ì,µÎ¼¯¨à¾L»ÄÄé¬~²G,,Indication: Extra cleansing solution.,,¥~ Æ[:²HÂÅµµ¦â¥~²°,Appearance: Box,,,,¬Ò¥i¥Î,,µÎ¼¯¨à¾L»ÄÄé¬~²G133mL/twin,,,§_,¬O,,,,,,,,,¤@¯ë,¤@¯ë,Äµ »y:½Ð¸m©ó«Äµ£µLªk¨ú±o¤§³B,,,,,§_,1.0,,§_,§_,§_,³æ¤è,§_,¥i¥Î,¥i¥Î,¤£¥i¿i,¬O,,1.00,1.00,99.00,99.00,99,99,1,1,0,0,0,0,,¦³¹Ï¤ù,,0,,0,,,,,,,,,,,²°,§_,¤£µ¹¥I¶·¦Û¥I,¤£µ¹¥I¶·¦Û¥I,,,,§_,Liquid,IRSOL,,,,,,,,,PH047,202303141823,0,150.00
YSFB,20020618,99999999,°±¥Î,µÎ¼¯¨à¨N¯D¾®½¦ 340mL,µÎ¼¯¨à¨N¯D¾®½¦ 340mL,''µÎ¼¯¨à''¨N¯D¾®½¦ 340mL,EXT,,MSGO,,¥~¥Î,¾A¶q,,«D²Õ®M,°±¥Î,,OTC,¬O,¤£¥i¥ÎÃÄ¥]¾÷,°·«O¤£µ¹¥I,¤@¯ë,Á`¶q¶i¦ì,¾AÀ³¯g¡G±Ó·P¦Ù½§¥Î¨N¯D¾®½¦,,,,,,,,,¬Ò¥i¥Î,,µÎ¼¯¨à¨N¯D¾®½¦ 340mL,,,§_,¬O,,,,,,,,,¤@¯ë,¤@¯ë,,,,,,§_,99.0,,§_,§_,§_,³æ¤è,§_,¥i¥Î,¥i¥Î,¥i¿i,¬O,,1.00,1.00,99.00,99.00,99,99,1,1,0,0,0,0,,µL¹Ï¤ù,,0,,0,,,,,,,,,,,BOT,,¤£µ¹¥I¶·¦Û¥I,¤£µ¹¥I¶·¦Û¥I,,,,§_,LiquidSolidSuspension,TOPGEL,,,,,,,,,PH047,202303141823,0,220.00
YSFM,20020618,99999999,°±¥Î,µÎ¼¯¨à½Ã¥Í²M¼ä¼Q¾¯ 118mL,µÎ¼¯¨à½Ã¥Í²M¼ä¼Q¾¯ 118mL,''µÎ¼¯¨à''½Ã¥Í²M¼ä¼Q¾¯ 118mL,EXT,,MSGO,,¥~¥Î,¾A¶q,,«D²Õ®M,°±¥Î,,OTC,¬O,¤£¥i¥ÎÃÄ¥]¾÷,°·«O¤£µ¹¥I,¤@¯ë,Á`¶q¶i¦ì,¾AÀ³¯g¡G¥~³±³¡±M¥Î²M¼ä¼Q¾¯,,,,,,,,,¬Ò¥i¥Î,,µÎ¼¯¨à½Ã¥Í²M¼ä¼Q¾¯ 118mL,,,§_,¬O,,,,,,,,,¤@¯ë,¤@¯ë,,,,,,§_,99.0,,§_,§_,§_,³æ¤è,§_,¥i¥Î,¥i¥Î,¥i¿i,¬O,,1.00,1.00,99.00,99.00,99,99,1,1,0,0,0,0,,µL¹Ï¤ù,,0,,0,,,,,,,,,,,BOT,,¤£µ¹¥I¶·¦Û¥I,¤£µ¹¥I¶·¦Û¥I,,,,§_,GasLiquidMixture,VAGSPRY,,,,,,,,,PH047,202303141823,0,250.00
YSIC,20050912,99999999,°±¥Î,SiccOral spray 50mL,SiccOral spray 50mL,Sea salt,OD,PRN,ZOTH,,¤fªA,¾A¶q,SiccOral,«D²Õ®M,°±¥Î,,OTC,¬O,¤£¥i¥ÎÃÄ¥]¾÷,°·«O¤£µ¹¥I,¤@¯ë,Á`¶q¶i¦ì,¾AÀ³¯g:¤fµÄ«OÀã²G,,,,¥~ Æ[:50 ml ²~¸Ë,,,,,¥u¥Î©óªù¶E¤Î¦í°|STAT,³ß¤f¼Ö¤fµÄ«OÀã²G,SiccOral spray 50mL,,,§_,¬O,,,,,,,,,¤@¯ë,¤@¯ë,Äµ »y:½Ð¸m©ó«Äµ£µLªk¨ú±o¤§³B,,,,,§_,99.0,,§_,§_,§_,½Æ¤è,§_,¥i¥Î,¥i¥Î,¤£¥i¿i,¬O,,1.00,1.00,1.00,1.00,1,1,1,1,0,0,0,0,,µL¹Ï¤ù,,0,,0,,,,,,,,,,,BOT,,¤£µ¹¥I¶·¦Û¥I,¤£µ¹¥I¶·¦Û¥I,,,,§_,AdministrableDrugForm,SPRY,,,,,,,,,PH047,202303141823,0,480.00
YSLJ,20020619,99999999,°±¥Î,µÎ¼¯¨à³±¹D¼í¿A¾®½¦ 113gm,µÎ¼¯¨à³±¹D¼í¿A¾®½¦ 113gm,water¡A propylene glycol¡A methycelluose,EXT,,MSGO,,¥~¥Î,¾A¶q,lubricating jelly,«D²Õ®M,°±¥Î,,OTC,¬O,¤£¥i¥ÎÃÄ¥]¾÷,°·«O¤£µ¹¥I,¤@¯ë,Á`¶q¶i¦ì,¾AÀ³¯g¡G³±¹D¼í·Æ¾®½¦,,,,,,,,,¬Ò¥i¥Î,'µÎ¼¯¨à'' ³±¹D¼í·Æ¾®½¦,µÎ¼¯¨à³±¹D¼í¿A¾®½¦ 113gm,,,§_,¬O,,,,,,,,,¤@¯ë,¤@¯ë,Äµ »y:½Ð¸m©ó«Äµ£µLªk¨ú±o¤§³B,,,,,§_,99.0,,§_,§_,§_,½Æ¤è,§_,¥i¥Î,¥i¥Î,¤£¥i¿i,¬O,,1.00,1.00,99.00,99.00,99,99,1,1,0,0,0,0,,µL¹Ï¤ù,,0,,0,,,,,,,,,,,TUB,,¤£µ¹¥I¶·¦Û¥I,¤£µ¹¥I¶·¦Û¥I,,,,§_,LiquidSolidSuspension,VAGGEL,,,,,,,,,PH047,202303141823,0,350.00
YSLJ2,20080122,99999999,°±¥Î,µÎ¼¯¨à¼í¿A¾®ÅS 2 Oz (57gm),µÎ¼¯¨à¼í¿A¾®ÅS 2 Oz (57gm),water¡A propylene glycol¡A methycelluose,EXT,,MSGO,,¥~¥Î,¾A¶q,lubricating jelly,«D²Õ®M,°±¥Î,,OTC,¬O,¤£¥i¥ÎÃÄ¥]¾÷,°·«O¤£µ¹¥I,¤@¯ë,Á`¶q¶i¦ì,¾AÀ³¯g: ³±¹D¼í·Æ¾®½¦,,Indication: Vaginal lubrication gel.,,¥~ Æ[:²HÂÅµµ¦â¥~²°,,,,,¬Ò¥i¥Î,µÎ¼¯¨à¼í¿A¾®ÅS,µÎ¼¯¨à¼í¿A¾®ÅS 2 Oz (57gm),,,§_,¬O,,,,,,,,,¤@¯ë,¤@¯ë,Äµ »y:½Ð¸m©ó«Äµ£µLªk¨ú±o¤§³B,,,,,§_,99.0,,§_,§_,§_,½Æ¤è,§_,¥i¥Î,¥i¥Î,¤£¥i¿i,¬O,,1.00,1.00,99.00,99.00,99,99,1,1,0,0,0,0,,¦³¹Ï¤ù,,0,,0,,,,,,,,,,,TUB,,¤£µ¹¥I¶·¦Û¥I,¤£µ¹¥I¶·¦Û¥I,,,,§_,LiquidSolidSuspension,VAGGEL,,,,,,,,,PH047,202303141823,0,190.00
YSMP,20020618,99999999,°±¥Î,µÎ¼¯¨à²n¨­¯» 198gm,µÎ¼¯¨à²n¨­¯» 198gm,"µÎ¼¯¨à"²n¨­¯» 198G,EXT,,MSGO,,¥~¥Î,¾A¶q,,«D²Õ®M,°±¥Î,,OTC,¬O,¤£¥i¥ÎÃÄ¥]¾÷,°·«O¤£µ¹¥I,¤@¯ë,Á`¶q¶i¦ì,¾AÀ³¯g¡GÂåÅ@«¬²n¨­¯»,,,,,,,,,¬Ò¥i¥Î,,µÎ¼¯¨à²n¨­¯» 198gm,,,§_,¬O,,,,,,,,,¤@¯ë,¤@¯ë,,,,,,§_,99.0,,§_,§_,§_,³æ¤è,§_,¥i¥Î,¥i¥Î,¥i¿i,¬O,,1.00,1.00,99.00,99.00,99,99,1,1,0,0,0,0,,µL¹Ï¤ù,,0,,0,,,,,,,,,,,BOT,,¤£µ¹¥I¶·¦Û¥I,¤£µ¹¥I¶·¦Û¥I,,,,§_,SolidDrugForm,POWD,,,,,,,,,PH047,202303141823,0,300.00
YSOY,20020917,99999999,°±¥Î,SOYGERM C,SOYGERM C,Isoflavones,PO,,NUTR,,¤fªA,PK,,«D²Õ®M,°±¥Î,,OTC,¬O,¤£¥i¥ÎÃÄ¥]¾÷,°·«O¤£µ¹¥I,¤@¯ë,Á`¶q¶i¦ì,¾AÀ³¯g:´Óª«©Ê²üº¸»X¡A½ÐªÅ¸¡¥H§N¶}¤ô©Î¥ô¦ó¶¼®ÆªA¥Î,,,,¥~ Æ[:¥Õ¦â¥~²°¡A·t¶Àºñ¦â¾î±ø¦r¼Ë¡A¦³¤@­Ó¨§¤l,,,,,¬Ò¥i¥Î,µÎ°·,SOYGERM C,,,§_,¬O,,,,,,,,,¤@¯ë,¤@¯ë,Äµ »y:½Ð¸m©ó«Äµ£µLªk¨ú±o¤§³B,,,,,§_,30.0,,§_,§_,§_,³æ¤è,§_,°±¥Î,¥i¥Î,¥i¿i,¬O,,1.00,1.00,99.00,99.00,99,99,1,1,0,0,0,0,,µL¹Ï¤ù,,0,,0,,,,,,,,,,,BOX,,¤£µ¹¥I¶·¦Û¥I,¤£µ¹¥I¶·¦Û¥I,,,,§_,SolidDrugForm,POWD,,,,,,,,,PH047,202303141823,0,1300.00
YSTR,20100222,99999999,°±¥Î,Strataderm gel 10gm,Strataderm gel 10gm,Polydimethylsiloxanes¡A siloxanes,EXT,BID,TDER,DE-11-00,¥~¥Î,¾A¶q,,«D²Õ®M,°±¥Î,,¤@¯ë¥i¥Î,¬O,¤£¥i¥ÎÃÄ¥]¾÷,°·«O¤£µ¹¥I,¤@¯ë,Á`¶q¶i¦ì,¾AÀ³¯g: ¬Í²ª³B²z,,Indication: Treatment and prevention of keloids and scars,,¥~ Æ[: 10g ¾®½¦,Appearance: 10 g Gel / Tube,,,,¬Ò¥i¥Î,¾A²ª¾®½¦,Strataderm gel 10gm,,,§_,¬O,,,,,,,,,¤@¯ë,¤@¯ë,Äµ »y: ¥»«~¬°¥~¥ÎÃÄ«~¡A½Ð§½³¡¨Ï¥Î¡A¤Å±µÄ²²´·ú©Î»~ªA¡C,,,,,§_,99.0,,§_,§_,§_,³æ¤è,§_,°±¥Î,¥i¥Î,¤£¥i¿i,¬O,,1.00,1.00,99.00,99.00,99,99,7,1,0,0,0,0,,¦³¹Ï¤ù,,0,,0,,,,,,,,,,,TUB,,¤£µ¹¥I¶·¦Û¥I,¤£µ¹¥I¶·¦Û¥I,,,,§_,LiquidSolidSuspension,TOPGEL,,,,,,,,,PH047,202303141823,0,1600.00
YSWS,20020618,99999999,°±¥Î,µÎ¼¯¨à¯D¼äÅS 237mL,µÎ¼¯¨à¯D¼äÅS 237mL,''µÎ¼¯¨à''¯D¼äÅS 237mL,EXT,,MSGO,,¥~¥Î,¾A¶q,,«D²Õ®M,°±¥Î,,OTC,¬O,¤£¥i¥ÎÃÄ¥]¾÷,°·«O¤£µ¹¥I,¤@¯ë,Á`¶q¶i¦ì,¾AÀ³¯g¡G¥~³±³¡±M¥Î¨N¯D¨Å,,,,,,,,,¬Ò¥i¥Î,,µÎ¼¯¨à¯D¼äÅS 237mL,,,§_,¬O,,,,,,,,,¤@¯ë,¤@¯ë,,,,,,§_,99.0,,§_,§_,§_,³æ¤è,§_,¥i¥Î,¥i¥Î,¥i¿i,¬O,,1.00,1.00,99.00,99.00,99,99,1,1,0,0,0,0,,µL¹Ï¤ù,,0,,0,,,,,,,,,,,BOT,,¤£µ¹¥I¶·¦Û¥I,¤£µ¹¥I¶·¦Û¥I,,,,§_,Liquid,TOPSOL,,,,,,,,,PH047,202303141823,0,360.00
´º¦¬ÁY,19960101,99999999,°±¥Î,Ipradol inj 5mcg/2mL,Ipradol inj 5mcg/2mL,Hexoprenaline,IV,,ERSP,RE-01-00,°w¾¯,AMP,Ipradol,«D²Õ®M,°±¥Î,,¤@¯ë¥i¥Î,¬O,¤£¥i¥ÎÃÄ¥]¾÷,,¤@¯ë,Á`¶q¶i¦ì,¾AÀ³¯g:¹w¨¾¤ä®ðºÞµjÅË,,,,,,,,,,,Ipradol inj 5mcg/2mL,,,§_,¬O,,,,,,,,,¤@¯ë,ª`®g,,,,,,¬O,1.0,,§_,§_,§_,³æ¤è,§_,¥i¥Î,¥i¥Î,¤£¥i¿i,¬O,,1.00,1.00,999.00,999.00,999,999,1,1,0,0,0,0,,µL¹Ï¤ù,,0,,0,,,,,,,,,,,,,,,,,,§_,Liquid,IVSOL,,,,,,,,,PH047,202303141823,0,0

